\\ machines
25
\\ max power
250
\\ Jobs in machine 1
11
J1	15	11	76	27	0.8501248378345062
J2	15	8	58	41	0.8239951390522885
J3	13	10	44	21	1.4714246657912666
J4	14	1	79	29	2.148012857501167
J5	17	9	36	45	1.467715857135791
J6	15	3	43	42	1.3732515143959383
J7	15	13	107	50	1.016333191623714
J8	13	7	90	51	1.028382581182444
J9	15	10	8	54	1.4264969531546556
J10	15	6	23	34	1.410645363419281
J11	12	10	35	21	0.7230296995693368
\\ Jobs in machine 2
12
J12	16	14	65	26	1.0976826835744102
J13	15	2	109	42	1.247626696829087
J14	14	14	67	57	0.8109955482036251
J15	16	14	30	53	0.45200991766794174
J16	13	13	96	18	1.9184789236541602
J17	15	7	65	30	1.4382125349508967
J18	15	1	53	44	0.5488390178836796
J19	13	11	78	11	1.2143231198369842
J20	14	8	99	14	1.0257688308968482
J21	15	13	8	15	2.171727811690518
J22	14	5	53	51	0.7526602907707598
J23	15	3	56	27	1.1357955318241513
\\ Jobs in machine 3
12
J24	16	3	29	25	1.1958397590638103
J25	15	12	11	13	1.1735715711625427
J26	15	10	104	39	0.22594997010367246
J27	15	1	3	12	0.5716868418538238
J28	14	8	23	38	1.0139106679695218
J29	14	1	101	15	1.8235410809622628
J30	15	4	88	15	2.005864089040166
J31	15	2	55	13	1.7639211941410535
J32	15	8	12	23	1.4203265723756606
J33	15	13	43	52	1.411412915046871
J34	14	13	110	29	1.3594940764113959
J35	14	9	48	19	1.0039889796289838
\\ Jobs in machine 4
10
J36	13	1	11	40	1.1733956523580165
J37	15	9	67	5	1.3593255939553885
J38	14	3	51	17	1.0725817539382199
J39	14	9	58	26	1.287694535687032
J40	17	8	81	22	0.7911068361700948
J41	15	13	15	24	0.3898125472694247
J42	15	1	38	2	1.1471870743560515
J43	16	13	84	28	0.9476996103227533
J44	15	5	89	12	1.1700836847471225
J45	17	11	32	9	1.7700751175332972
\\ Jobs in machine 5
11
J46	16	13	45	14	0.9817672884595845
J47	14	4	31	52	1.4742382854622782
J48	16	3	104	1	0.6725694156399519
J49	13	10	90	33	2.4124958886129044
J50	13	2	21	26	1.628708255524193
J51	16	12	41	57	1.0929929375817224
J52	14	13	47	50	1.0988072386405487
J53	16	8	74	21	0.39819535631605785
J54	15	5	94	44	1.0914776545152987
J55	13	11	90	7	1.1228999820930616
J56	15	10	63	53	0.9948221684789893
\\ Jobs in machine 6
10
J57	15	6	34	32	1.168728459580355
J58	16	4	17	42	0.3307923652750091
J59	14	14	99	63	0.40915148108698907
J60	15	7	95	10	1.387486763651631
J61	14	1	20	1	2.1697232437332215
J62	13	1	75	58	1.1992899418180285
J63	13	2	7	40	1.4957049006756757
J64	15	4	87	5	1.4181586923263236
J65	16	3	91	14	0.4788886051932264
J66	14	9	68	28	0.7254258621115758
\\ Jobs in machine 7
12
J67	15	1	53	13	0.5559118178094171
J68	15	13	95	58	0.8144660874626799
J69	17	11	89	29	1.7088715619072876
J70	14	9	71	5	1.3402464065916284
J71	13	9	106	41	1.6195245109711378
J72	15	12	37	17	1.868985279175139
J73	14	2	2	55	1.0116821601079806
J74	14	11	44	23	1.826963833543187
J75	14	6	19	14	2.0726187335472206
J76	14	9	71	25	0.27146346588623227
J77	16	14	94	40	1.5346480127736433
J78	15	11	11	23	0.40642128425304713
\\ Jobs in machine 8
11
J79	16	6	25	14	1.3866466868976266
J80	15	1	109	62	1.4580081014449902
J81	16	4	30	19	1.166387689980595
J82	15	6	6	26	1.472896944671938
J83	15	4	69	27	0.5867012796086397
J84	13	8	54	39	1.3131655239129028
J85	15	3	12	5	0.4751122253502963
J86	11	9	104	6	1.9112627869175491
J87	14	9	109	13	1.2149325504234996
J88	16	9	79	23	1.345030771311907
J89	14	3	34	22	0.1
\\ Jobs in machine 9
11
J90	14	12	45	61	1.3598087367981375
J91	14	10	105	51	1.0576697170993894
J92	15	3	8	32	0.7658093601940961
J93	16	10	96	58	1.7056813949214256
J94	15	6	84	49	1.3320186140214492
J95	12	11	71	34	1.5280907189033996
J96	17	3	106	32	1.5901992424640543
J97	14	13	54	52	1.4263140058160446
J98	15	10	97	12	1.552940170848776
J99	14	7	95	41	1.751809193170991
J100	15	11	12	47	0.5770660142015428
\\ Jobs in machine 10
14
J101	14	8	10	41	1.9023251425955658
J102	16	13	41	10	1.277365860669261
J103	16	2	17	6	0.9682090202394555
J104	16	13	20	10	1.4892704622050559
J105	15	4	45	30	1.2794123006894487
J106	13	14	26	29	1.0683258450702806
J107	14	14	6	38	0.669201527093157
J108	15	9	74	44	0.5599185336692195
J109	15	11	48	26	1.4157968794363478
J110	15	5	63	21	1.2754639594330206
J111	14	4	24	40	1.5374373646607862
J112	14	7	71	35	0.8093267496072081
J113	15	9	70	36	0.9780415281401761
J114	14	4	47	12	1.8195815843674592
\\ Jobs in machine 11
12
J115	15	9	39	13	1.3389130590010498
J116	15	11	73	30	0.8150332089103121
J117	13	3	15	40	2.025992903051163
J118	14	1	103	8	0.7476892656027911
J119	15	2	91	2	1.4223016186440534
J120	15	11	25	3	0.7052068037146647
J121	15	3	24	39	0.8119752501486361
J122	14	7	45	54	2.137520959775084
J123	16	11	103	35	1.534995074843036
J124	14	3	10	5	0.10266053414000376
J125	14	14	29	59	1.32605141084652
J126	13	5	3	27	1.0296857038848108
\\ Jobs in machine 12
12
J127	15	6	56	34	1.3337837090011628
J128	12	3	6	10	1.6982421160497445
J129	15	2	105	25	1.4694572426309433
J130	16	12	90	56	1.5227412475211684
J131	15	11	17	8	0.780811968759705
J132	14	13	102	30	1.8756733186964925
J133	16	11	85	23	0.4496649463713708
J134	15	7	64	6	1.620746921712615
J135	13	3	102	29	1.333122148613978
J136	13	10	60	58	1.3880491667777488
J137	14	10	77	58	0.44248587406803386
J138	12	8	86	27	1.0376463663441866
\\ Jobs in machine 13
11
J139	15	8	70	22	2.122613205287056
J140	13	6	24	10	0.8573715191352784
J141	14	1	60	12	1.5244855852629824
J142	14	13	11	11	1.3677537644918922
J143	14	6	20	20	1.780957122895878
J144	16	7	19	3	1.8869038266573153
J145	14	6	52	28	1.1160044098158037
J146	14	7	83	21	1.1485950427988463
J147	16	13	28	23	1.1112460526523726
J148	14	13	12	16	1.0510238800861855
J149	15	1	44	8	0.8352783841935758
\\ Jobs in machine 14
9
J150	15	9	98	55	1.5622998815920452
J151	14	10	77	56	0.1
J152	15	10	39	35	0.5021711552916595
J153	15	13	102	5	1.395904756133959
J154	15	11	8	47	1.0564811237013225
J155	15	7	6	35	1.3338013005976141
J156	12	13	70	29	1.7759996774672313
J157	15	7	2	11	1.2494757688472995
J158	17	12	52	30	1.195547744618709
\\ Jobs in machine 15
11
J159	17	11	61	6	2.1116311986079612
J160	13	7	92	17	0.9687089203970709
J161	14	5	55	46	0.4734075618893647
J162	16	13	52	29	1.5971823703232086
J163	15	3	83	9	0.9320876779374396
J164	12	1	72	9	2.062775272854544
J165	17	9	3	54	1.6492212246986877
J166	15	12	30	14	0.7235651150149733
J167	14	5	54	50	1.6636868451038798
J168	14	13	32	37	1.0861505812862122
J169	15	10	87	23	0.9381676719843337
\\ Jobs in machine 16
11
J170	14	6	12	44	1.0828449157377185
J171	15	14	2	38	0.8152110952635965
J172	13	11	64	30	1.782459607571142
J173	14	1	95	50	1.9073677878615896
J174	13	6	88	4	0.7028992378262897
J175	15	9	77	29	0.9132914675002908
J176	14	3	5	56	1.9463433565985306
J177	16	12	46	6	1.190072130055003
J178	16	1	23	38	1.1906425640120033
J179	15	1	30	60	1.221567878767217
J180	14	6	32	24	1.205720160551514
\\ Jobs in machine 17
11
J181	14	10	11	15	1.3819603008062125
J182	15	2	27	4	1.8175838190022189
J183	16	12	110	18	1.4918240541838108
J184	14	9	70	53	0.7792944474269257
J185	15	13	5	35	1.0060444684846916
J186	14	5	95	53	1.5713616144283753
J187	15	6	29	50	0.6342322375849542
J188	13	13	101	40	1.0251525765234861
J189	16	10	74	49	2.225906419554115
J190	14	13	97	18	1.2471620259035248
J191	16	9	68	31	1.5594961211566736
\\ Jobs in machine 18
11
J192	14	7	52	14	2.0769996447616523
J193	13	3	101	7	1.299995487104449
J194	16	3	73	62	0.9581370723885567
J195	15	5	93	15	1.2760403340131956
J196	15	7	86	22	0.3391985382834881
J197	13	12	43	49	1.1087115264329697
J198	13	7	77	36	2.2974489207404902
J199	15	3	74	2	0.969420687807294
J200	11	2	40	10	1.2715437246328194
J201	14	10	98	8	1.8460079874434687
J202	14	14	34	36	0.8462667034656557
\\ Jobs in machine 19
12
J203	16	9	60	7	1.5041439841599156
J204	16	11	41	24	0.8728471051943041
J205	15	14	110	60	1.6853928827389661
J206	14	8	84	18	1.6278233616247142
J207	15	3	7	32	1.0372316950736273
J208	14	14	33	56	1.1044721479786268
J209	14	11	102	50	1.4920580784513793
J210	13	4	8	4	0.24743792078449067
J211	15	4	23	14	0.8976888839652921
J212	15	1	30	55	1.2799601348606127
J213	14	7	27	36	1.5198590948991466
J214	13	9	60	48	1.7762967283698066
\\ Jobs in machine 20
12
J215	14	6	97	61	0.8639014017008197
J216	14	3	97	32	1.8232563026178346
J217	13	9	105	49	0.8748702320897191
J218	14	14	19	15	1.3507312461729222
J219	14	11	29	48	1.4367619052754124
J220	14	1	61	41	1.6788741133219647
J221	13	1	67	29	1.4759668892305626
J222	15	5	37	35	1.3538296496694575
J223	13	3	10	48	1.1629899055558413
J224	13	8	5	27	1.223325808468851
J225	13	14	24	31	0.9736869149545713
J226	15	11	55	6	0.2017875339462203
\\ Jobs in machine 21
10
J227	14	11	11	11	0.637130514235853
J228	16	6	88	59	1.3621070209135746
J229	15	10	80	38	1.7698660109827353
J230	16	9	6	51	0.26366527966007125
J231	14	5	108	46	1.8036885611742002
J232	15	9	102	15	2.213019050394867
J233	13	11	102	51	0.6691317147881065
J234	15	10	62	39	1.35289322637161
J235	12	11	100	60	1.1763448050984182
J236	15	13	80	1	1.090681876212131
\\ Jobs in machine 22
11
J237	14	7	67	18	0.7217175162025592
J238	14	5	37	37	2.371507828124076
J239	14	8	98	62	0.800410457302877
J240	15	8	98	21	0.9473292531158881
J241	13	10	19	7	1.5218726859534326
J242	15	11	88	40	1.0853892517653276
J243	16	8	76	2	1.3754349843358638
J244	14	2	61	59	1.8636246445163658
J245	14	14	85	26	1.7505806838102256
J246	14	12	60	10	1.713354524101127
J247	14	3	26	41	1.5161509335057484
\\ Jobs in machine 23
11
J248	14	2	72	60	2.053722102482187
J249	17	6	72	56	1.7867069748610076
J250	14	5	53	22	2.1851554454265143
J251	16	6	76	27	1.153309307258121
J252	13	9	31	39	1.0952087826498895
J253	14	3	64	19	1.129949234883491
J254	13	2	6	41	0.7713435342910032
J255	14	12	5	23	1.2160266677091252
J256	15	8	40	4	1.4085549059906077
J257	17	5	75	22	1.3631325743188212
J258	15	8	108	1	1.051145716158446
\\ Jobs in machine 24
12
J259	16	8	48	30	1.3824822927878242
J260	16	7	79	45	2.195071346760089
J261	15	3	110	51	1.8649306536033912
J262	17	2	31	20	0.9232274504761495
J263	14	6	79	12	1.5624627245716691
J264	14	5	102	45	1.6092092337140953
J265	15	5	51	49	1.114989260960168
J266	15	9	56	58	1.7182256908284619
J267	14	6	34	18	2.1295920946674487
J268	15	8	77	54	0.5058346067943538
J269	16	11	101	53	0.8774862065683211
J270	14	12	33	60	2.169988775409789
\\ Jobs in machine 25
10
J271	16	12	41	54	1.7739257311614618
J272	14	12	30	26	1.5992694632312436
J273	15	8	57	36	1.1748867314946325
J274	15	2	17	1	0.8949154411463053
J275	15	12	84	32	1.9083132630644204
J276	16	10	65	49	0.7853120353281751
J277	15	1	95	15	1.1713615707367957
J278	15	10	106	56	1.593389777851593
J279	16	7	8	19	0.1
J280	14	14	51	59	1.335238507723019
\\ Dependencies 
980
1	2
1	3
1	4
1	5
1	6
1	7
1	10
2	4
2	5
2	6
2	8
2	9
2	10
3	4
3	5
3	7
3	10
3	11
4	5
4	6
4	7
4	10
4	11
5	7
5	8
5	9
5	10
5	11
6	7
6	9
6	11
7	8
7	11
8	9
8	10
8	11
9	11
12	14
12	15
12	16
12	17
12	18
12	20
12	21
13	15
13	16
13	21
13	22
14	16
14	18
14	19
14	20
14	21
15	16
15	17
15	18
15	19
15	20
15	21
15	22
16	18
16	21
16	22
16	23
17	19
17	20
17	21
17	22
17	23
18	19
18	21
18	23
19	20
19	21
19	22
20	21
21	22
22	23
24	25
24	26
24	27
24	31
24	32
24	34
24	35
25	26
25	27
25	29
25	30
25	31
25	33
26	27
26	28
26	29
26	30
26	32
26	33
27	29
27	30
27	31
27	33
27	34
27	35
28	30
28	31
28	32
28	33
28	34
28	35
29	30
29	32
29	33
30	31
30	32
30	34
30	35
32	34
33	35
34	35
36	37
36	38
36	39
36	41
36	43
36	44
36	45
37	38
37	40
37	41
37	43
37	44
38	39
38	40
38	41
38	43
38	44
38	45
39	41
39	43
39	44
40	41
40	42
40	44
41	43
41	44
41	45
42	44
42	45
44	45
46	47
46	48
46	50
46	51
46	52
46	54
47	48
47	51
47	52
47	54
47	55
47	56
48	49
48	51
48	53
48	54
48	56
49	50
49	51
49	53
49	55
49	56
50	51
50	52
50	53
50	54
50	56
51	52
51	54
51	55
52	54
52	55
53	54
53	56
54	55
55	56
57	58
57	59
57	61
57	63
57	64
58	59
58	60
58	63
58	64
58	65
58	66
59	60
59	61
59	63
59	65
59	66
60	61
60	63
60	64
60	65
60	66
61	65
61	66
62	63
62	64
62	65
62	66
63	64
64	66
65	66
67	68
67	69
67	72
67	74
67	75
67	76
67	77
67	78
68	69
68	70
68	71
68	72
69	71
69	72
69	73
69	74
69	76
69	77
69	78
70	71
70	73
70	74
70	75
70	76
70	77
71	72
71	73
71	74
71	76
71	77
71	78
72	74
72	75
72	76
72	77
73	74
73	75
73	76
73	78
74	75
74	77
74	78
75	77
75	78
76	77
76	78
77	78
79	81
79	82
79	83
79	84
79	86
79	88
79	89
80	81
80	82
80	84
80	86
80	87
80	88
80	89
81	82
81	83
81	84
81	85
81	86
81	88
82	85
82	89
83	84
83	85
83	86
83	87
83	89
84	85
84	87
84	88
84	89
85	87
85	89
86	87
87	88
87	89
88	89
90	93
90	94
90	95
90	96
90	97
90	98
90	100
91	93
91	96
91	97
91	98
91	99
92	94
92	95
92	96
92	97
92	99
92	100
93	94
93	95
93	96
93	97
93	98
93	100
94	95
94	97
94	100
95	97
95	98
95	99
95	100
96	97
96	98
96	99
96	100
97	98
97	99
97	100
98	100
101	102
101	103
101	106
101	107
101	108
101	111
101	112
101	113
101	114
102	103
102	104
102	105
102	106
102	107
102	108
102	109
102	111
102	113
103	104
103	106
103	107
103	108
103	111
103	112
103	113
103	114
104	105
104	107
104	108
104	110
104	112
104	113
104	114
105	106
105	107
105	108
105	109
105	110
105	111
105	113
105	114
106	107
106	108
106	111
106	112
106	114
107	111
107	112
107	113
108	109
108	110
108	111
108	113
108	114
109	110
109	111
109	112
109	114
110	113
111	112
111	113
111	114
113	114
115	116
115	117
115	118
115	119
115	120
115	121
115	123
115	124
115	126
116	117
116	121
116	122
116	123
116	124
116	125
116	126
117	118
117	119
117	121
117	122
117	124
117	125
117	126
118	119
118	121
118	122
118	123
118	124
118	126
119	120
119	121
119	122
119	123
119	124
119	126
120	121
120	122
120	123
120	124
120	126
121	123
121	125
122	124
122	125
123	124
123	126
124	125
127	128
127	129
127	131
127	132
127	133
127	134
127	136
127	137
128	129
128	131
128	133
128	134
128	136
128	138
129	130
129	131
129	132
129	134
129	136
129	138
130	131
130	132
130	133
130	136
130	137
130	138
131	133
131	134
131	136
131	137
131	138
132	133
132	134
132	135
132	136
132	137
133	135
133	136
133	138
134	136
134	137
134	138
135	136
136	137
137	138
139	141
139	143
139	144
139	146
139	147
140	141
140	145
140	146
140	147
140	148
141	142
141	144
141	145
141	146
141	147
141	149
142	143
142	144
142	145
142	146
142	147
142	148
143	145
143	146
143	147
143	148
143	149
144	146
144	147
144	148
144	149
145	146
145	147
145	148
146	147
146	148
147	148
147	149
148	149
150	151
150	152
150	153
150	155
150	156
150	158
151	153
151	154
151	155
151	156
152	153
152	155
152	158
153	157
154	156
155	156
155	157
156	157
156	158
157	158
159	160
159	163
159	164
159	165
159	167
159	168
159	169
160	161
160	163
160	164
160	165
160	166
160	168
160	169
161	162
161	164
161	165
161	166
161	167
161	168
162	163
162	164
162	165
162	166
162	168
163	165
163	166
163	167
163	168
164	165
164	166
164	167
164	168
164	169
165	166
165	167
165	169
166	167
166	168
166	169
167	169
168	169
170	171
170	174
170	175
170	177
170	178
171	172
171	173
171	174
171	175
171	177
171	178
171	179
171	180
172	173
172	174
172	176
172	177
172	178
172	179
172	180
173	174
173	175
173	176
173	178
173	179
173	180
174	176
174	177
174	178
174	179
175	177
175	178
176	177
176	179
177	179
178	179
178	180
179	180
181	184
181	186
181	187
181	188
181	190
181	191
182	183
182	184
182	185
182	186
182	187
182	188
182	190
183	184
183	187
183	189
183	190
183	191
184	185
184	186
184	189
184	190
185	186
185	189
185	190
186	189
186	191
187	188
187	189
187	190
188	190
188	191
189	190
190	191
192	193
192	194
192	195
192	196
192	198
192	199
192	200
192	201
193	196
193	197
193	199
193	200
193	202
194	195
194	197
194	198
194	199
194	201
194	202
195	199
195	200
195	201
196	198
196	199
196	200
197	198
197	199
197	200
197	201
197	202
198	199
198	200
198	202
199	200
199	201
200	202
201	202
203	204
203	205
203	206
203	207
203	208
203	209
203	210
203	211
203	212
203	213
203	214
204	205
204	206
204	207
204	208
204	210
204	213
205	206
205	207
205	209
205	211
205	214
206	208
206	209
206	210
206	211
206	213
207	208
207	209
208	211
209	210
209	211
209	212
209	214
210	211
210	212
210	213
210	214
211	212
211	213
213	214
215	216
215	218
215	221
215	223
215	224
216	217
216	219
216	220
216	222
216	223
216	224
216	225
216	226
217	218
217	220
217	221
217	223
217	224
217	226
218	219
218	221
218	222
218	223
218	224
218	226
219	220
219	222
219	223
219	225
220	221
220	223
220	225
221	222
221	223
221	224
221	226
222	223
222	224
222	226
223	225
224	225
224	226
225	226
227	228
227	229
227	231
227	233
227	235
227	236
228	229
228	230
228	232
228	234
228	235
229	230
229	232
229	234
229	235
230	231
230	233
230	234
231	232
231	233
231	234
231	235
231	236
232	233
232	235
232	236
233	234
233	235
233	236
234	235
234	236
235	236
237	239
237	240
237	242
237	244
237	245
237	246
237	247
238	239
238	240
238	242
238	243
238	244
238	246
238	247
239	240
239	241
239	246
239	247
240	241
240	243
240	244
240	247
241	242
241	245
241	246
242	244
242	245
242	246
242	247
243	244
243	245
243	247
244	245
244	247
245	246
245	247
246	247
248	249
248	250
248	251
248	252
248	253
248	254
248	256
248	257
248	258
249	250
249	252
249	253
249	254
249	255
249	257
250	253
250	255
250	256
250	257
250	258
251	252
251	253
251	254
251	255
251	258
252	253
252	254
252	255
252	257
252	258
253	254
253	255
253	256
253	257
254	255
254	256
255	256
255	257
256	258
259	260
259	261
259	262
259	263
259	265
259	266
259	267
259	269
259	270
260	261
260	262
260	263
260	264
260	265
260	266
260	268
260	269
260	270
261	263
261	264
261	265
261	266
261	268
261	269
261	270
262	263
262	264
262	265
262	267
262	268
262	269
263	264
263	266
263	267
264	265
264	266
264	267
264	268
264	269
264	270
265	266
265	267
265	269
265	270
266	267
266	268
266	269
266	270
267	269
268	270
269	270
271	272
271	274
271	275
271	276
271	277
271	280
272	273
272	274
272	275
272	276
272	277
272	278
272	279
273	275
273	276
273	277
273	278
273	279
273	280
274	275
274	276
274	278
274	279
274	280
275	276
275	278
275	279
276	278
276	279
276	280
277	278
277	279
278	279
278	280
