\\ machines
6
\\ max power
60
\\ Jobs in machine 1
11
J1	13	6	48	23	1.7692164162504036
J2	16	9	93	7	1.3592578326848042
J3	14	14	71	11	1.1640811110579854
J4	14	6	106	2	0.6093239151756845
J5	15	12	37	40	1.180684251038508
J6	13	11	87	2	0.7177280075654437
J7	15	8	101	9	0.9785467529606159
J8	16	8	4	26	1.8366835983422862
J9	14	7	28	19	0.3829017635706782
J10	14	8	95	23	0.9229512662421406
J11	16	4	51	44	1.2666034387338612
\\ Jobs in machine 2
12
J12	14	6	55	43	0.45094917379642085
J13	14	8	16	36	0.8779094813490826
J14	15	5	24	38	1.3574203135312761
J15	16	4	105	24	1.312443304753515
J16	15	13	37	28	0.7483649991721446
J17	15	13	17	32	1.076330840287285
J18	16	8	21	35	0.8759478454075978
J19	15	7	53	40	0.5468062225915996
J20	14	6	37	26	1.246605921371571
J21	14	3	47	19	1.3265102701383293
J22	15	12	2	41	0.7954395731698293
J23	16	4	82	18	0.7682973885572263
\\ Jobs in machine 3
12
J24	15	9	16	29	1.9086326937753806
J25	16	1	40	16	1.1773804310194027
J26	15	14	2	15	0.5980035460700188
J27	14	1	33	3	1.2300742832926077
J28	16	12	10	26	1.233311565642593
J29	13	10	13	44	0.7375276597324889
J30	14	7	3	7	0.9826504449050856
J31	15	9	63	4	1.3840464447256813
J32	13	5	46	3	0.82484397578529
J33	16	11	87	8	1.7995691459608985
J34	16	6	66	28	1.4741636680353416
J35	15	12	39	40	1.299341745409735
\\ Jobs in machine 4
10
J36	15	10	18	22	1.9163197431970516
J37	15	14	104	17	1.3240929506137793
J38	15	10	11	11	1.5063954523357441
J39	14	9	15	6	1.2639407834359953
J40	13	4	90	22	1.4477642648180284
J41	13	8	9	25	0.1
J42	16	13	71	34	1.2726259334150969
J43	13	5	14	20	1.279274793808696
J44	15	9	57	38	0.4189383309580632
J45	14	12	103	35	0.575312265380654
\\ Jobs in machine 5
11
J46	14	12	95	32	0.9889054619770686
J47	16	2	54	18	1.2427890317557144
J48	12	1	32	38	1.4263022962847396
J49	12	7	84	10	0.8236865860458966
J50	15	5	68	29	0.8417387053439594
J51	13	13	20	2	1.4314086226545033
J52	15	8	60	26	1.5481886256717756
J53	15	9	89	15	0.32840444408743275
J54	14	13	63	45	2.092838382284664
J55	13	1	72	31	0.6836492381771694
J56	15	9	19	27	1.1925178060833208
\\ Jobs in machine 6
12
J57	14	3	106	35	1.451233258106158
J58	14	7	34	14	1.3250333761827
J59	13	9	76	41	0.6624401957908181
J60	14	9	57	31	0.2548653716726408
J61	15	13	5	7	2.206612953500738
J62	13	4	7	10	1.0029910582368784
J63	14	10	96	20	0.38042636350875914
J64	15	9	15	20	1.392297149750467
J65	15	9	8	14	0.8836087640009108
J66	14	3	43	20	0.10822824097285011
J67	14	2	106	27	1.4588472580492973
J68	13	2	73	22	2.131409405046603
\\ Dependencies 
102
1	8
2	3
2	9
2	11
3	6
4	6
5	6
5	7
5	10
6	7
6	9
6	10
7	8
7	9
8	10
8	11
9	11
12	19
12	20
13	17
14	16
14	21
15	18
15	20
16	17
16	18
16	23
17	23
18	20
18	21
18	23
19	22
20	23
21	23
24	34
25	29
25	31
25	34
25	35
26	30
26	31
26	33
27	28
27	29
27	30
27	33
27	34
28	30
28	34
28	35
29	30
29	32
29	33
31	32
31	34
32	34
34	35
36	40
36	42
37	38
37	40
37	43
38	40
38	41
39	41
40	43
42	43
42	44
42	45
46	53
46	55
47	53
47	56
48	53
49	54
50	56
51	53
51	54
52	53
52	54
52	56
53	54
57	60
57	61
57	62
58	64
58	65
58	66
59	60
59	63
59	64
59	65
60	62
60	65
60	68
61	62
62	66
62	67
63	64
63	67
65	67
66	67
