\\ machines
5
\\ max power
50
\\ Jobs in machine 1
13
J1	15	12	72	18	1.4445573480247078
J2	14	3	105	10	2.300133439037144
J3	13	6	72	17	0.6287586103304257
J4	15	10	38	12	1.7827722269650401
J5	14	5	4	23	0.8412518750242783
J6	15	6	64	1	1.545810984277521
J7	13	1	9	10	2.267256584535697
J8	15	4	39	12	1.5144788487752798
J9	13	5	107	13	0.7156868322278881
J10	14	7	46	13	1.0674138817095025
J11	14	10	60	24	1.080650780785468
J12	16	8	67	10	0.9938891505120662
J13	15	14	37	6	0.6665709281196485
\\ Jobs in machine 2
10
J14	15	13	65	22	1.020815542713462
J15	15	7	86	7	2.258898982228674
J16	14	1	75	4	1.1231285405987639
J17	15	8	93	25	0.6813154030235854
J18	14	11	7	21	0.9382606315438686
J19	16	10	78	16	1.0671605426227448
J20	14	9	42	15	1.3290909414435645
J21	17	10	90	11	0.5452485546766899
J22	12	12	25	18	1.0523510316743885
J23	13	1	58	23	1.1286061461122454
\\ Jobs in machine 3
11
J24	14	1	79	25	1.0569933267327525
J25	15	13	9	6	1.5542433704394494
J26	14	3	106	18	0.47343669286281753
J27	15	10	38	4	0.6796750484767566
J28	14	4	35	6	2.2068809709170436
J29	14	8	83	1	1.2501120532987626
J30	13	1	58	11	1.155046915805954
J31	13	1	10	7	0.3701534249165104
J32	14	13	31	10	0.8727470455750919
J33	15	11	29	19	1.1325909917226034
J34	15	12	44	24	1.0584293708295478
\\ Jobs in machine 4
11
J35	15	4	3	17	0.10207872765589565
J36	16	14	30	5	1.1617899878448135
J37	15	3	60	17	0.8520960771247963
J38	15	13	17	13	0.8244996294790836
J39	16	11	45	13	1.381860858642866
J40	16	6	107	8	0.5037999269180766
J41	16	11	95	7	1.3459520607732434
J42	14	6	29	10	1.5726272078761936
J43	16	3	102	24	1.5057212715556905
J44	16	8	14	9	0.1
J45	15	13	98	20	1.325823598506945
\\ Jobs in machine 5
11
J46	14	5	70	12	0.4500244869463301
J47	16	7	25	21	1.0395914111753963
J48	14	7	5	3	1.373894609819047
J49	13	7	42	4	1.504154645893478
J50	14	12	37	7	0.9680395559812639
J51	15	5	42	22	1.0716150584733133
J52	16	2	67	4	0.7929916300177138
J53	14	6	74	25	1.9632315828500104
J54	15	4	45	1	1.398619488326179
J55	15	7	13	11	1.519323719574742
J56	14	7	71	12	0.9334329126702348
\\ Dependencies 
53
1	2
1	3
1	5
1	10
2	5
2	11
2	12
3	6
3	8
3	13
4	11
4	12
5	8
5	13
6	7
6	9
7	10
8	11
10	12
15	19
16	22
17	22
18	22
18	23
20	22
24	25
24	29
24	30
25	28
25	32
27	30
29	33
29	34
35	44
37	43
38	41
38	45
39	45
40	45
41	43
41	44
42	43
44	45
46	48
46	50
46	54
47	48
49	56
50	51
50	53
51	53
53	55
54	56
