\\ machines
25
\\ max power
250
\\ Jobs in machine 1
12
J1	14	9	9	147	1.4353804269731134
J2	13	10	87	1	1.3703619326209078
J3	15	6	26	91	1.3068647139501381
J4	15	7	14	111	1.1950200429253282
J5	14	10	39	134	1.2743692678130627
J6	14	10	56	19	1.4808543465081183
J7	14	9	90	27	1.7943886972585728
J8	14	11	56	178	1.2676653388063674
J9	15	9	46	155	1.8082631005783443
J10	15	12	41	109	1.676771416930117
J11	14	4	76	19	1.6668124710509173
J12	16	5	77	38	0.4301877993047487
\\ Jobs in machine 2
10
J13	16	11	101	1	1.5352018949336423
J14	15	7	63	152	0.1
J15	13	2	39	99	0.8201682964142709
J16	14	5	54	33	1.218370161377944
J17	13	13	28	45	1.4470090618899847
J18	15	4	15	134	0.667023128478386
J19	16	11	78	10	1.187918144600858
J20	15	8	108	85	2.1710267532671432
J21	14	5	72	49	0.953995230202292
J22	14	2	77	171	1.0618707710722035
\\ Jobs in machine 3
10
J23	15	4	110	3	2.2682417421126155
J24	15	2	12	9	1.1177843200109756
J25	15	3	94	41	0.4188984871406912
J26	13	6	26	71	1.687410171407119
J27	14	8	11	8	1.4874400145935351
J28	13	6	82	129	1.1444587832994781
J29	13	14	99	157	2.0242629668931147
J30	16	2	59	133	1.6997618922011966
J31	17	5	57	51	1.0357053615375367
J32	14	1	51	55	0.46099978948637144
\\ Jobs in machine 4
11
J33	16	11	43	103	1.0261076907367328
J34	15	5	46	10	1.6633309784818102
J35	14	9	41	158	1.94468791852315
J36	16	8	11	97	0.8367883879769642
J37	13	4	57	118	0.6597403632514861
J38	16	9	94	52	0.9846359217301929
J39	15	6	48	83	1.659843755639697
J40	16	8	35	111	1.3606603300313345
J41	14	3	60	119	1.121254463578901
J42	15	9	3	17	0.38090809941014425
J43	13	1	80	7	2.015434767409152
\\ Jobs in machine 5
11
J44	13	4	98	106	1.6172019501488397
J45	12	3	30	28	0.886757458633584
J46	14	4	51	86	1.1224556710301274
J47	17	1	31	115	0.6859515903012403
J48	14	11	97	176	1.186852460714141
J49	13	14	33	105	1.212728752994754
J50	15	11	3	50	1.8485035119844198
J51	16	3	26	141	1.188163396998027
J52	14	4	97	77	1.3235000720414407
J53	15	8	44	40	2.828445155259575
J54	15	10	91	76	2.009875645662442
\\ Jobs in machine 6
10
J55	13	9	81	89	0.6041926565179536
J56	15	11	2	83	0.6737740466073973
J57	14	5	71	146	1.7519193203099197
J58	13	9	63	123	0.7954847297910239
J59	16	5	31	167	1.7213455805583209
J60	14	6	14	183	1.105115046025141
J61	14	10	85	165	0.539855074954328
J62	14	6	32	182	0.456887343003738
J63	13	7	56	110	1.2113197859206246
J64	15	10	33	63	0.43695874819848923
\\ Jobs in machine 7
9
J65	14	10	36	105	1.4391533963217367
J66	15	14	59	69	1.6405635156933092
J67	15	6	35	2	0.5876143591411476
J68	15	8	17	169	2.506695402737801
J69	14	14	6	16	1.8278616573748674
J70	14	10	108	33	1.348657231810964
J71	14	9	81	48	0.8708059785119389
J72	15	3	59	63	1.0270152445728697
J73	16	10	32	73	1.1298538263357223
\\ Jobs in machine 8
12
J74	14	2	31	39	1.5009860527084147
J75	13	5	14	93	0.8406955840292398
J76	14	2	71	141	2.0571378313097384
J77	13	6	36	55	1.2257511762526787
J78	13	8	17	11	1.3310467826756336
J79	16	2	63	55	1.2973992250243205
J80	15	10	53	99	1.2640305603863498
J81	14	3	59	142	1.0065754427042737
J82	14	12	43	141	1.061654577883253
J83	14	14	13	53	0.15308389353838847
J84	14	4	49	177	1.4842237470490667
J85	14	3	76	107	1.4392102447397743
\\ Jobs in machine 9
12
J86	14	6	109	91	0.49610187748622614
J87	13	6	34	164	0.6922270206890372
J88	15	9	2	129	2.0434604226742024
J89	16	5	84	111	1.0997515642772302
J90	14	2	19	104	1.6441463964617773
J91	14	2	16	131	1.909702451231417
J92	15	4	75	74	1.6802256427328077
J93	17	4	64	107	0.4186750347112064
J94	15	9	65	90	1.366156774098143
J95	14	6	34	159	0.8290675606363347
J96	16	1	79	143	1.1808563649898562
J97	15	7	25	65	2.0370541440740544
\\ Jobs in machine 10
10
J98	16	2	28	114	1.3522913877089133
J99	14	12	102	167	1.6831758563103838
J100	14	9	63	6	0.644334696650257
J101	14	9	73	101	0.6638365075096931
J102	15	6	60	11	1.1796554031676056
J103	15	2	67	98	1.0990259395121083
J104	14	12	6	171	0.1
J105	14	7	72	185	1.8868667998994495
J106	13	7	37	147	1.766237650385944
J107	15	7	17	72	1.0800640604574223
\\ Jobs in machine 11
13
J108	14	13	15	106	1.3351944943178002
J109	13	12	97	177	1.4593215094933307
J110	16	13	21	62	1.2993111883424797
J111	15	5	26	93	0.9825698126317223
J112	15	13	83	78	0.8951874084370884
J113	16	13	16	114	1.4000028842740098
J114	16	9	101	179	1.0416950424495022
J115	14	6	17	56	2.2255981339434583
J116	15	10	24	62	1.3019539111643248
J117	15	7	21	23	0.9966868895209425
J118	17	13	78	2	0.6025683134087801
J119	15	4	101	49	0.5711215344062065
J120	16	2	40	136	0.7940748369345839
\\ Jobs in machine 12
11
J121	15	1	65	44	0.1
J122	14	13	25	75	2.4681007929362258
J123	13	12	63	26	1.0407002908211522
J124	16	13	65	125	0.9308955113095904
J125	16	2	7	15	0.44238736998346184
J126	15	1	52	182	1.4252013994827475
J127	14	14	97	128	0.7770655473273094
J128	13	1	68	142	1.29270811659641
J129	14	6	73	181	1.8422601050290432
J130	15	9	96	82	1.7799430821783615
J131	15	4	16	42	1.4862327846152932
\\ Jobs in machine 13
10
J132	13	13	93	57	0.5948354771390393
J133	15	14	92	145	1.3279567989941776
J134	15	4	39	168	1.8318631889639707
J135	14	11	53	8	1.8792291333526383
J136	15	1	47	153	1.505019209578396
J137	14	10	101	40	2.090104369049996
J138	15	6	30	35	0.9582874614992863
J139	15	12	37	141	1.350311471120539
J140	15	8	64	144	0.4455394127692158
J141	15	4	90	35	1.1437408570137837
\\ Jobs in machine 14
11
J142	15	1	58	64	0.6060687493705328
J143	15	2	25	101	1.0774041416472684
J144	15	13	4	31	1.8053726162962884
J145	14	1	22	55	0.5225105741114004
J146	15	9	76	37	1.1139912512077021
J147	13	2	28	34	1.018021382162225
J148	17	2	91	135	0.9925463795655474
J149	14	14	97	155	2.0561383015604413
J150	14	13	101	102	0.6203492722457956
J151	15	11	46	28	1.004951414209869
J152	14	2	32	48	1.3019075571377774
\\ Jobs in machine 15
11
J153	15	14	25	184	0.7270680942817527
J154	14	9	106	133	1.2802048664435568
J155	14	2	105	53	1.851346285609082
J156	15	3	46	46	0.8551389448323685
J157	15	11	79	36	1.3769535766351009
J158	15	13	80	72	1.1348550557929469
J159	14	9	12	46	0.8472886446094932
J160	13	5	106	42	2.0697404712055723
J161	16	7	11	144	1.2460092830786353
J162	14	5	18	159	1.883096817870225
J163	14	3	7	155	0.649479468542415
\\ Jobs in machine 16
11
J164	14	2	35	35	1.046609936514162
J165	15	9	88	129	1.3211240346541304
J166	13	12	104	91	0.540166625728879
J167	17	2	11	163	1.0741594292038625
J168	14	1	26	149	1.446160386528341
J169	13	7	5	19	1.21284180967054
J170	13	5	109	129	1.4072439516950064
J171	15	12	82	153	1.138137777286919
J172	14	2	50	4	0.48999013457571716
J173	13	9	86	70	1.280032505376745
J174	14	10	50	3	1.6298047226138166
\\ Jobs in machine 17
11
J175	14	8	62	135	0.9879457354762282
J176	15	4	9	99	1.4804917793398145
J177	13	13	78	137	1.6226212305102625
J178	14	11	92	3	1.5816509787259188
J179	14	4	52	73	1.7542633526627758
J180	14	6	21	178	0.6051529165493349
J181	16	9	46	74	1.6594517743224124
J182	15	14	109	163	1.7888410748321846
J183	14	12	102	68	0.8734646209104242
J184	15	6	20	165	0.7924851215100147
J185	14	4	48	143	1.4867683896586734
\\ Jobs in machine 18
11
J186	13	11	97	142	1.573095245865896
J187	14	10	5	150	1.7667060447778118
J188	15	5	71	188	1.3309310992547376
J189	16	11	33	98	1.2082309969578064
J190	15	1	78	79	1.2556245084412099
J191	15	12	62	126	0.7543921881834454
J192	12	2	82	162	0.9316886083656486
J193	16	3	70	123	0.8114567968705135
J194	14	2	56	163	1.2013859916749976
J195	14	10	91	3	1.713561718697174
J196	14	7	63	180	1.1962450912574993
\\ Jobs in machine 19
11
J197	14	4	59	147	1.7242165863181254
J198	14	11	49	17	0.4450200287848328
J199	14	12	36	145	0.5839088947815518
J200	14	9	28	107	0.9279688379643856
J201	16	10	8	102	1.019231709265379
J202	15	9	45	55	1.1947157431242046
J203	15	4	106	187	0.9106903392693408
J204	15	6	74	89	0.43483540507307894
J205	15	4	95	86	1.4834862060413923
J206	14	9	15	184	0.5903373891197086
J207	14	7	87	111	1.4118889384375837
\\ Jobs in machine 20
11
J208	13	7	54	22	1.8804041325407614
J209	14	6	5	102	1.507361045950845
J210	15	6	103	182	1.5599485001743003
J211	16	1	105	151	1.0708864005774403
J212	16	8	24	146	1.628457052636178
J213	14	6	64	127	0.8018799996426267
J214	12	7	90	6	0.8531081499789973
J215	15	2	101	16	0.7868250703326369
J216	15	13	105	173	1.0565956866621176
J217	13	4	9	117	1.8599112844060497
J218	15	6	90	118	1.4703051696868181
\\ Jobs in machine 21
12
J219	15	11	22	148	0.1
J220	14	6	99	8	1.5340851031826024
J221	14	6	75	92	0.5850344798224538
J222	14	11	46	102	0.5810668557035377
J223	15	1	4	158	0.17347552920542175
J224	14	11	29	81	0.8019426621092167
J225	13	10	56	124	0.1
J226	13	3	8	48	1.2840414324234888
J227	14	11	105	8	1.1017356446088618
J228	14	7	52	125	1.3481798409531713
J229	14	1	46	167	0.6176116504327742
J230	15	2	104	12	0.7705367948374309
\\ Jobs in machine 22
12
J231	15	8	40	93	1.2585747061686348
J232	15	14	24	46	1.2395777737680063
J233	15	3	90	63	1.3622412686817338
J234	13	13	6	166	0.8891990061423801
J235	14	1	82	88	1.009569481857576
J236	15	2	20	12	2.589642554303344
J237	14	14	10	38	1.7994213255288556
J238	14	13	11	67	0.7987539487151132
J239	15	8	36	119	1.464231283449534
J240	15	12	96	41	1.5952775565981634
J241	14	6	59	31	0.9958719584922588
J242	14	4	50	145	1.0342838951550393
\\ Jobs in machine 23
12
J243	16	2	20	62	0.3180692158664842
J244	14	14	31	90	0.6503546204388135
J245	14	12	17	48	1.5264391300659312
J246	15	7	21	175	0.698653178967356
J247	14	11	77	142	1.558111951713818
J248	15	10	24	28	1.3877293150957366
J249	12	6	25	177	2.069463123593064
J250	16	11	28	147	0.9594002082099459
J251	15	10	45	179	1.3973831708785016
J252	15	6	55	95	1.134644092925581
J253	15	10	80	159	1.3713254439055194
J254	14	3	64	88	0.8384490990970348
\\ Jobs in machine 24
12
J255	14	8	12	35	1.1286890132420977
J256	15	7	60	12	0.7804151869580533
J257	16	11	73	109	0.374940050147194
J258	14	12	15	101	0.5483688413479905
J259	15	8	14	22	2.267521083876561
J260	14	7	30	172	0.9324624835511974
J261	15	2	41	178	1.6637603889131227
J262	14	2	30	10	0.3331545538094449
J263	16	10	84	106	0.3629631628240395
J264	15	5	26	153	1.3235500252305197
J265	15	4	51	111	1.3236501861743613
J266	14	5	23	9	1.315160452656984
\\ Jobs in machine 25
10
J267	14	6	26	111	0.70614995160036
J268	14	4	6	98	2.45648001346346
J269	17	11	49	183	0.889563021899541
J270	15	5	24	179	1.448308033497914
J271	14	1	26	187	0.9145132767921853
J272	16	8	26	47	0.3794147584006181
J273	15	13	105	91	2.0194899183250996
J274	14	14	19	106	1.6104696551363427
J275	15	3	110	117	0.5773823817810568
J276	15	8	69	88	1.1301149510855157
\\ Dependencies 
1126
1	2
1	3
1	5
1	6
1	7
1	8
1	9
1	10
1	11
2	3
2	4
2	5
2	8
2	9
2	10
2	11
2	12
3	6
3	7
3	9
3	10
3	11
3	12
4	5
4	6
4	7
4	8
4	9
4	10
4	11
4	12
5	6
5	7
5	8
5	9
5	10
5	11
6	7
6	8
6	9
6	10
6	11
6	12
7	9
7	11
7	12
8	10
8	11
8	12
9	10
9	11
9	12
10	11
10	12
11	12
13	14
13	15
13	16
13	17
13	18
13	19
13	20
13	21
13	22
14	15
14	20
14	21
14	22
15	16
15	17
15	18
15	20
15	22
16	17
16	18
16	19
16	22
17	18
17	19
17	20
17	22
18	19
18	21
18	22
19	20
19	21
19	22
20	21
20	22
21	22
23	24
23	25
23	26
23	27
23	28
23	29
23	30
23	31
23	32
24	25
24	26
24	27
24	28
24	29
24	30
24	31
25	26
25	27
25	28
25	29
25	30
25	31
25	32
26	27
26	28
26	31
26	32
27	28
27	29
27	30
27	31
27	32
28	29
28	30
28	32
29	30
29	32
30	32
31	32
33	34
33	36
33	37
33	38
33	40
33	41
33	42
33	43
34	35
34	36
34	37
34	38
34	39
34	40
34	41
34	43
35	36
35	37
35	39
35	41
35	42
36	38
36	39
36	40
36	41
36	43
37	39
37	41
37	42
37	43
38	39
38	40
38	41
38	42
38	43
39	40
39	41
39	42
39	43
40	42
40	43
41	42
41	43
42	43
44	45
44	46
44	47
44	48
44	49
44	50
44	51
44	52
44	53
44	54
45	47
45	49
45	51
45	52
45	53
45	54
46	47
46	48
46	49
46	50
46	51
46	52
46	53
46	54
47	48
47	49
47	50
47	51
47	52
47	53
47	54
48	51
48	52
48	53
48	54
49	50
49	51
49	52
49	53
49	54
50	51
50	52
50	53
50	54
51	52
51	53
51	54
52	53
52	54
53	54
55	56
55	57
55	58
55	59
55	60
55	62
55	63
55	64
56	58
56	59
56	63
56	64
57	58
57	60
57	61
57	62
57	63
57	64
58	59
58	60
58	64
59	60
59	61
59	62
59	64
60	61
60	63
60	64
61	63
61	64
62	63
63	64
65	66
65	67
65	68
65	70
65	71
65	72
65	73
66	67
66	68
66	70
66	71
66	72
67	68
67	69
67	70
67	71
67	72
68	70
68	71
68	72
68	73
69	70
69	71
69	72
69	73
70	71
71	72
71	73
72	73
74	75
74	76
74	77
74	79
74	80
74	81
74	82
74	83
74	84
74	85
75	76
75	77
75	78
75	79
75	80
75	81
75	82
75	83
75	84
75	85
76	77
76	78
76	79
76	81
76	82
76	83
77	78
77	81
77	82
77	83
77	84
77	85
78	79
78	80
78	81
78	83
78	84
78	85
79	80
79	81
79	82
79	83
79	84
79	85
80	81
80	82
80	83
80	85
81	82
81	83
81	84
81	85
82	84
82	85
83	84
83	85
84	85
86	87
86	88
86	91
86	92
86	93
86	95
86	96
86	97
87	88
87	89
87	90
87	91
87	92
87	94
87	95
87	97
88	90
88	91
88	92
88	94
88	95
88	96
88	97
89	90
89	91
89	92
89	93
89	94
89	95
90	91
90	92
90	94
90	95
90	96
90	97
91	92
91	93
91	95
91	96
91	97
92	94
92	95
92	97
93	94
93	95
93	96
93	97
94	95
94	97
95	96
96	97
98	99
98	101
98	102
98	103
98	104
98	106
98	107
99	100
99	101
99	103
99	104
99	105
99	106
100	101
100	102
100	103
100	104
100	105
100	106
100	107
101	103
101	104
101	105
101	106
102	103
102	104
102	106
102	107
103	104
103	105
103	106
103	107
104	105
104	106
105	106
106	107
108	109
108	111
108	113
108	114
108	115
108	117
108	118
108	119
108	120
109	110
109	111
109	112
109	113
109	114
109	116
109	117
109	119
109	120
110	112
110	113
110	114
110	116
110	117
110	119
110	120
111	113
111	114
111	115
111	117
111	118
111	120
112	113
112	114
112	115
112	116
112	118
112	119
112	120
113	114
113	115
113	116
113	117
113	119
113	120
114	115
114	116
114	117
114	118
114	120
115	117
115	118
115	119
115	120
116	118
116	119
117	119
117	120
118	120
119	120
121	122
121	125
121	126
121	128
121	129
121	131
122	123
122	127
122	128
122	129
122	130
122	131
123	124
123	125
123	126
123	128
123	129
123	130
123	131
124	126
124	127
124	128
124	129
124	130
124	131
125	126
125	128
125	130
125	131
126	127
126	129
126	130
126	131
127	128
127	130
128	129
128	130
129	130
129	131
132	133
132	134
132	135
132	136
132	137
132	138
132	139
132	141
133	134
133	135
133	136
133	137
133	138
133	139
133	140
133	141
134	135
134	136
134	137
134	138
134	139
134	141
135	136
135	138
135	140
135	141
136	137
136	138
136	140
136	141
137	138
137	139
137	140
138	140
138	141
139	140
140	141
142	143
142	145
142	146
142	148
142	149
142	152
143	144
143	145
143	146
143	147
143	148
143	150
143	151
143	152
144	145
144	147
144	148
144	150
144	152
145	146
145	147
145	148
145	149
145	151
145	152
146	147
146	148
146	149
146	150
146	151
147	148
147	149
147	150
147	151
147	152
148	149
148	150
148	151
149	150
149	152
150	151
150	152
151	152
153	154
153	156
153	157
153	158
153	159
153	160
153	161
153	162
153	163
154	155
154	157
154	158
154	160
154	161
154	162
154	163
155	156
155	158
155	160
155	161
155	162
155	163
156	159
156	160
156	162
156	163
157	158
157	159
157	160
157	161
158	159
158	161
158	162
158	163
159	160
159	161
159	162
160	161
160	162
160	163
161	162
161	163
162	163
164	165
164	166
164	167
164	168
164	170
164	172
164	173
164	174
165	166
165	169
165	170
165	171
165	172
165	173
166	167
166	168
166	169
166	170
166	171
166	172
166	173
166	174
167	168
167	169
167	170
167	171
167	172
168	169
168	170
168	171
168	172
168	174
169	170
169	173
170	171
170	173
170	174
171	173
171	174
172	174
173	174
175	176
175	177
175	178
175	179
175	180
175	181
175	182
175	183
175	184
175	185
176	177
176	178
176	179
176	180
176	181
176	185
177	178
177	179
177	180
177	181
177	182
177	183
177	185
178	179
178	180
178	181
178	182
178	183
178	184
179	180
179	181
179	182
179	184
180	181
180	182
180	184
180	185
181	182
181	183
182	183
182	184
182	185
183	184
183	185
184	185
186	187
186	188
186	189
186	190
186	191
186	192
186	193
186	195
186	196
187	188
187	189
187	190
187	191
187	192
187	193
188	189
188	190
188	191
188	192
188	193
189	190
189	191
189	192
189	194
189	196
190	191
190	193
190	194
190	195
190	196
191	192
191	193
191	194
191	195
191	196
192	193
192	194
192	195
192	196
193	194
193	196
194	195
194	196
195	196
197	198
197	199
197	200
197	201
197	202
197	204
197	205
197	206
198	199
198	200
198	201
198	202
198	203
198	205
198	206
198	207
199	200
199	201
199	204
199	205
199	206
199	207
200	201
200	202
200	203
200	204
200	205
200	206
200	207
201	202
201	204
201	205
201	206
201	207
202	205
202	206
202	207
203	204
203	205
203	207
204	205
204	206
204	207
205	206
205	207
208	209
208	210
208	211
208	212
208	213
208	214
208	215
208	216
208	217
208	218
209	211
209	213
209	214
209	215
209	216
209	217
210	211
210	212
210	213
210	214
210	215
210	216
210	217
210	218
211	214
211	215
211	216
211	217
211	218
212	214
212	215
212	216
212	218
213	214
213	215
213	216
214	215
214	216
214	217
215	216
215	217
215	218
216	217
216	218
217	218
219	220
219	221
219	224
219	225
219	228
219	230
220	221
220	222
220	223
220	224
220	225
220	226
220	227
220	228
220	229
220	230
221	222
221	223
221	226
221	227
221	228
221	229
222	223
222	224
222	225
222	226
222	227
222	228
222	229
222	230
223	224
223	225
223	226
223	228
223	230
224	226
224	227
224	228
224	229
225	227
225	228
226	228
226	230
227	228
227	229
227	230
228	229
228	230
229	230
231	232
231	233
231	236
231	237
231	238
231	239
231	240
231	241
231	242
232	233
232	234
232	235
232	236
232	237
232	238
232	239
232	242
233	235
233	236
233	238
233	240
233	242
234	235
234	238
234	239
234	240
234	241
234	242
235	236
235	238
235	239
235	240
235	241
235	242
236	237
236	238
236	239
236	240
236	241
236	242
237	240
237	241
238	239
238	240
238	241
238	242
239	240
239	241
239	242
240	241
240	242
243	244
243	245
243	246
243	248
243	249
243	250
243	251
243	252
243	254
244	245
244	247
244	248
244	249
244	250
244	251
244	252
244	253
244	254
245	246
245	248
245	249
245	250
245	251
245	252
245	253
245	254
246	248
246	249
246	250
246	251
246	252
246	253
246	254
247	248
247	249
247	250
247	251
247	252
247	253
247	254
248	249
248	250
248	252
248	253
248	254
249	250
249	251
249	252
249	253
249	254
250	251
250	252
250	253
250	254
251	252
251	253
251	254
252	253
252	254
253	254
255	256
255	257
255	258
255	260
255	261
255	262
255	263
255	264
255	265
255	266
256	257
256	258
256	260
256	261
256	263
256	265
256	266
257	258
257	259
257	260
257	261
257	262
257	263
257	264
258	259
258	260
258	261
258	262
258	264
258	265
259	260
259	261
259	262
259	263
259	264
259	265
259	266
260	261
260	262
260	263
260	264
260	266
261	262
261	263
261	265
261	266
262	263
262	264
262	265
262	266
263	264
263	265
263	266
264	265
264	266
265	266
267	268
267	269
267	270
267	271
267	272
267	273
267	274
267	275
267	276
268	269
268	270
268	271
268	272
268	274
268	275
268	276
269	270
269	271
269	272
269	273
269	274
269	275
270	271
270	272
270	273
270	274
270	275
270	276
271	272
271	274
271	275
271	276
272	273
272	274
272	275
272	276
273	274
273	275
273	276
274	276
275	276
