\\ machines
12
\\ max power
120
\\ Jobs in machine 1
10
J1	15	1	103	35	1.3172002615904805
J2	15	7	5	19	1.545208470843752
J3	12	8	50	54	1.197516660788052
J4	16	8	41	53	0.8210831327532921
J5	13	12	58	47	1.1339844452664096
J6	14	2	28	86	2.1408092642411813
J7	14	10	78	67	1.1500578516642166
J8	16	3	64	72	1.2469916219095565
J9	15	13	71	13	0.7830352723006605
J10	14	2	108	12	1.5433768215237946
\\ Jobs in machine 2
11
J11	14	2	98	16	1.5207700984132548
J12	16	12	37	57	0.6088996599182821
J13	14	1	3	19	0.38811957631847593
J14	14	13	80	57	1.3324925347073366
J15	15	9	38	56	0.8580351109557585
J16	16	6	82	10	1.2197952387257054
J17	14	12	46	50	1.1262980777442233
J18	15	2	34	45	1.1134038001729711
J19	14	14	93	34	1.3063616760195884
J20	14	4	65	39	1.7359608180587394
J21	15	13	99	14	1.4723469829423148
\\ Jobs in machine 3
11
J22	16	14	9	14	1.5484591291214593
J23	13	3	18	11	0.19448026412876462
J24	16	2	97	32	1.1595240079170825
J25	13	11	58	45	1.0437186435148236
J26	15	13	34	60	1.9833022777891536
J27	16	2	92	12	0.5272042771148419
J28	15	2	17	55	1.9025335175884412
J29	15	9	109	89	0.9882351885789128
J30	13	9	34	67	1.67757560693917
J31	14	14	36	36	1.5292830599772265
J32	13	4	7	65	1.967374794712296
\\ Jobs in machine 4
10
J33	15	4	31	41	1.1512935789798453
J34	13	4	106	20	2.2239625487896846
J35	13	11	96	61	2.0035161171793265
J36	15	12	90	17	1.245572366184782
J37	12	1	34	62	0.49919221268709046
J38	14	3	65	11	1.3103223185079966
J39	13	1	11	30	1.8722412341711347
J40	14	8	102	42	1.241534212217924
J41	16	10	52	72	2.1598532857811445
J42	15	10	17	19	1.0263063954195146
\\ Jobs in machine 5
12
J43	17	11	24	83	1.4737563003125878
J44	13	9	109	13	0.598810667565586
J45	14	1	2	49	1.950386682192402
J46	15	5	30	34	1.0678737535899678
J47	15	3	55	21	2.3497527772286557
J48	15	5	69	3	1.6792267329305128
J49	13	4	36	31	0.29244375382917365
J50	14	7	56	81	1.0134235318346905
J51	13	8	63	49	1.4643009739937913
J52	14	11	60	90	0.878197520035011
J53	15	4	74	63	1.6373587180448186
J54	14	7	36	75	0.6898829516295413
\\ Jobs in machine 6
9
J55	15	3	80	2	0.8374652093898945
J56	15	1	35	26	1.3224801348823847
J57	15	9	84	29	1.1527407697747565
J58	15	8	14	2	1.7910905313538885
J59	14	8	86	18	0.8382940481234702
J60	14	12	93	25	1.0957176096086045
J61	14	10	101	64	1.449111595219549
J62	14	11	41	15	1.6422152409044637
J63	15	9	76	13	1.254264492554317
\\ Jobs in machine 7
12
J64	15	7	104	62	0.6854578716501646
J65	14	6	22	69	1.0723711872803896
J66	16	7	34	79	0.3929450505356815
J67	15	10	98	23	1.587617135868097
J68	15	11	55	90	1.604183432963022
J69	15	14	38	6	0.9370078021677931
J70	16	2	82	35	0.9454750460580288
J71	14	7	100	37	1.372367440545935
J72	14	1	46	78	0.44935973324690004
J73	15	6	4	32	0.6757571739367284
J74	15	9	106	65	0.6651646154716813
J75	15	9	18	8	1.0191393773508817
\\ Jobs in machine 8
10
J76	16	7	50	82	1.2515220675865073
J77	14	3	47	59	2.127742664109376
J78	14	4	2	14	1.104289319388256
J79	16	5	4	87	1.2945420719276126
J80	15	9	98	54	1.497849065123175
J81	13	11	36	26	1.0765649820523233
J82	14	6	48	14	1.2905444258603382
J83	15	7	68	37	1.4151697069114977
J84	13	1	83	35	1.3538994751247524
J85	16	13	29	80	1.7161014722385102
\\ Jobs in machine 9
10
J86	14	10	40	44	1.1200121360780748
J87	15	8	81	72	0.9662827233127762
J88	14	9	98	71	0.5283998580498512
J89	15	12	69	6	0.8486802859801224
J90	14	2	12	6	1.7706594994721918
J91	13	10	78	4	1.128426562735915
J92	15	14	87	46	1.4276928069256247
J93	15	1	44	74	1.8410231876874974
J94	12	5	44	52	1.6169166932331434
J95	15	9	7	88	0.9718284945312674
\\ Jobs in machine 10
13
J96	14	10	12	61	1.0150403980751854
J97	15	6	88	79	0.5998084555610439
J98	14	2	43	86	1.3195789476327393
J99	15	14	81	23	1.7611829616779162
J100	15	14	14	18	0.8100596130695525
J101	15	1	45	23	1.08463973372474
J102	13	7	101	61	1.090524739987481
J103	14	12	62	7	0.9347115256493828
J104	15	10	65	82	1.723423555186459
J105	15	1	41	4	1.4490922286854495
J106	14	1	58	70	0.3732035669168313
J107	14	4	25	56	0.6104826831526381
J108	14	1	32	35	0.34400782351356873
\\ Jobs in machine 11
8
J109	14	2	10	20	0.8586430280518127
J110	15	2	74	15	1.1331970426817823
J111	15	12	82	18	1.3459175699131614
J112	15	9	11	56	1.0330447675296233
J113	15	10	79	65	0.5653105549690459
J114	14	6	85	36	2.217016121958178
J115	13	4	26	19	1.2208409044251418
J116	15	14	102	37	0.7627947407349311
\\ Jobs in machine 12
10
J117	14	3	18	16	1.4721004967539053
J118	15	9	41	69	1.418484149676749
J119	15	14	36	73	1.5427121780072626
J120	16	12	57	34	1.1333931205366816
J121	14	4	60	48	1.2915485212731932
J122	14	13	46	88	0.4867885159742332
J123	13	5	110	20	0.2915331655785367
J124	15	10	34	43	1.0244477822881406
J125	16	12	61	80	0.9421694388032655
J126	14	14	26	17	1.4421584263343499
\\ Dependencies 
246
1	4
1	10
2	6
2	7
2	9
2	10
3	4
3	6
3	8
3	9
3	10
4	5
4	6
5	6
5	8
8	9
11	12
11	14
11	17
11	19
12	15
12	16
12	17
12	20
13	14
13	17
13	21
14	17
14	18
15	16
15	18
17	18
17	21
18	19
18	21
22	23
22	25
22	28
22	29
22	31
23	24
23	25
23	28
24	25
24	29
24	30
24	31
24	32
25	28
25	29
25	30
26	31
27	29
27	30
27	31
28	32
29	30
29	31
33	38
33	40
33	41
34	37
34	39
34	41
34	42
35	38
35	39
35	42
36	37
36	42
37	40
38	41
40	41
40	42
43	44
43	45
43	48
43	50
44	45
44	49
44	50
45	46
45	47
46	49
46	50
46	51
46	53
46	54
47	49
47	51
47	52
48	49
48	53
48	54
49	52
49	54
51	53
55	56
55	58
55	59
55	60
55	61
55	63
56	59
56	60
56	61
56	63
57	60
58	59
58	60
58	62
58	63
59	60
59	63
64	65
64	69
64	71
64	75
65	66
65	68
65	70
65	71
65	73
65	74
65	75
66	67
66	68
66	69
66	72
66	74
67	68
67	69
67	70
67	71
67	73
67	74
67	75
68	71
68	75
69	71
69	73
70	74
70	75
71	73
72	74
73	74
74	75
76	82
76	85
77	78
77	79
77	80
78	79
78	80
78	82
78	83
78	85
79	82
79	85
81	83
81	84
82	84
82	85
83	84
86	87
86	89
86	92
87	88
87	89
87	90
87	91
87	92
87	95
88	90
88	91
88	95
90	95
91	92
91	93
93	94
93	95
94	95
96	98
96	100
96	101
96	106
96	107
96	108
97	100
97	102
97	104
97	108
98	101
98	102
98	105
98	106
99	101
99	107
100	104
100	105
100	107
101	103
101	104
102	103
102	104
102	105
103	106
103	107
103	108
104	105
104	107
107	108
109	110
109	111
109	115
110	111
110	113
110	116
111	113
111	114
111	115
111	116
112	113
112	114
112	116
113	114
113	116
114	115
117	122
117	123
117	124
118	121
118	122
118	125
118	126
119	123
119	124
119	126
120	125
120	126
121	122
121	123
122	123
122	126
123	126
124	126
