\\ machines
25
\\ max power
250
\\ Jobs in machine 1
11
J1	15	1	37	16	1.8464978786469857
J2	14	5	16	34	1.2227887642765833
J3	14	13	25	61	0.8335210521409788
J4	14	12	11	36	1.9320489688291815
J5	15	12	35	33	1.2099609952919663
J6	15	7	101	42	1.0836518678994087
J7	13	1	16	47	1.8997004060428575
J8	14	7	101	26	1.2957038581074758
J9	14	9	91	6	0.5053027103292401
J10	16	2	58	53	0.5888974324885287
J11	14	3	20	39	1.1577707150192607
\\ Jobs in machine 2
10
J12	15	7	14	18	1.9161030542460538
J13	13	12	106	24	1.26944931661721
J14	17	8	66	10	1.2397837700027112
J15	13	13	78	5	1.4006581622781016
J16	15	5	16	11	0.1
J17	16	13	29	62	0.8898194009086132
J18	15	12	79	33	1.5006016687770836
J19	15	10	61	56	1.3540730365293032
J20	15	4	41	9	1.7687210568229872
J21	14	12	66	25	1.145491472674082
\\ Jobs in machine 3
11
J22	16	9	62	57	1.0444203152913833
J23	14	1	57	27	1.4306061389112177
J24	16	11	74	30	2.033316973856332
J25	15	4	14	58	1.6899653325957862
J26	15	14	35	7	0.7317579001379942
J27	16	2	40	15	0.931696735027189
J28	15	13	109	37	0.6312818695187814
J29	15	8	12	21	0.38557653861979635
J30	13	9	60	18	1.0347513076356811
J31	15	2	80	36	1.7907832972553117
J32	14	14	40	50	0.858204595656801
\\ Jobs in machine 4
10
J33	13	9	104	36	1.6257026259326446
J34	15	7	109	20	1.2307789064583867
J35	13	7	65	20	0.9568477804614028
J36	15	11	23	26	0.970550842243347
J37	12	10	2	35	1.704802659287089
J38	14	1	47	61	1.4894129667825684
J39	14	2	2	4	1.2989933941500158
J40	17	10	43	59	1.647327173535795
J41	13	14	28	6	0.9639987313395251
J42	13	9	83	46	1.8110657554655298
\\ Jobs in machine 5
11
J43	15	6	42	26	0.33136274028159163
J44	16	11	71	56	1.9726084155174708
J45	14	14	28	5	1.0610912053359698
J46	17	11	54	54	1.6862289986372043
J47	16	14	57	24	0.548998648388413
J48	13	5	49	20	1.231652389194376
J49	15	7	62	27	0.7506441420133642
J50	15	4	52	41	0.7137050475722451
J51	14	8	53	50	0.4627070076440819
J52	16	5	67	33	1.2596114887348595
J53	14	4	88	55	1.2327190868457494
\\ Jobs in machine 6
11
J54	15	4	52	53	1.5188649137783599
J55	13	5	17	39	1.461897821812927
J56	15	8	97	17	2.568506092341926
J57	13	14	80	6	1.0147844799615409
J58	14	8	78	2	1.3830576290856365
J59	13	6	27	27	2.0337160303219424
J60	13	4	62	44	1.97149853456823
J61	13	11	29	32	2.1883965406253125
J62	14	1	47	57	2.0886965098048456
J63	14	6	46	54	0.706680536363325
J64	14	1	21	18	1.0784188065613614
\\ Jobs in machine 7
11
J65	14	11	57	10	1.6017870286281597
J66	15	3	91	42	0.3529943372543435
J67	16	8	58	35	1.7153362328564783
J68	15	4	74	42	1.4867921801134523
J69	14	1	35	30	1.3882677984999057
J70	12	5	7	41	1.603254335822596
J71	16	8	17	51	1.1246856957050193
J72	14	9	96	52	1.734036268111975
J73	13	12	31	49	2.097562055884076
J74	15	7	81	44	2.074062053285279
J75	14	14	26	1	1.0894931666364804
\\ Jobs in machine 8
11
J76	16	10	26	47	1.1450244417490443
J77	14	2	38	28	1.0104220771532324
J78	16	7	28	25	1.7769554332771131
J79	16	11	25	27	2.0189927080684216
J80	15	2	95	41	1.646294715505701
J81	16	8	51	62	1.2018354415181822
J82	14	10	45	37	1.2012059498472851
J83	15	5	87	60	1.7823111442014699
J84	16	6	10	58	0.9535933180002725
J85	15	11	34	29	1.0747022142212046
J86	15	1	60	52	0.637300773615176
\\ Jobs in machine 9
11
J87	15	6	99	24	2.701682466295564
J88	16	2	43	34	1.5787864391350694
J89	16	13	73	50	0.854816865297521
J90	15	3	57	44	0.6479882957470529
J91	14	14	100	19	1.7280155976224907
J92	15	12	69	12	0.7933120023252089
J93	17	11	11	1	0.9134759308338924
J94	15	2	11	52	0.993704153506625
J95	14	9	51	43	1.1123419640282879
J96	16	6	97	23	0.9550068299893587
J97	14	13	98	22	1.5577082677588923
\\ Jobs in machine 10
9
J98	14	4	52	52	1.0074470951712535
J99	14	6	67	48	1.2603449828016464
J100	14	14	79	59	1.1148272393716896
J101	15	1	86	21	0.3710314653949237
J102	14	11	108	28	1.1651493163327522
J103	15	3	102	55	1.3952060388259753
J104	15	3	55	27	1.1461830655366647
J105	14	6	33	57	0.7263210908571387
J106	13	13	24	10	1.971379525699343
\\ Jobs in machine 11
10
J107	16	3	77	12	1.7088372188795382
J108	15	10	48	44	1.1058947599953128
J109	14	6	68	10	0.4357162783867311
J110	15	11	4	11	1.2965583975281563
J111	15	5	98	6	1.3138663553463379
J112	16	4	70	11	1.584493225644437
J113	15	8	31	21	0.6857443679075469
J114	12	6	31	40	1.8144108376044492
J115	15	4	101	11	2.2419309093780244
J116	14	2	15	49	0.213848539838425
\\ Jobs in machine 12
10
J117	16	6	60	9	1.0391726596084743
J118	14	9	10	28	0.8871995969892625
J119	15	12	20	9	1.0132936693646188
J120	15	4	38	29	0.854660846760705
J121	14	10	4	17	1.8402089807985786
J122	13	10	73	51	0.5445498760960505
J123	14	10	53	44	1.472289270825361
J124	16	13	47	58	1.2501174850558672
J125	15	1	88	52	1.2021209489545077
J126	15	4	21	53	1.2262389602215693
\\ Jobs in machine 13
10
J127	14	10	17	54	1.533013817260295
J128	14	13	54	17	1.1527607354569283
J129	15	14	92	59	2.1375469957743602
J130	16	10	5	30	0.5703064862204268
J131	12	4	70	46	0.636176190720079
J132	14	4	107	58	1.6190003159609931
J133	14	6	4	49	0.9411206269094952
J134	15	2	101	19	1.9299039101846138
J135	15	6	52	50	1.1409466603331062
J136	14	14	58	58	0.6912804635511455
\\ Jobs in machine 14
10
J137	15	7	29	49	1.3809077836236636
J138	15	6	88	19	0.9061406291034234
J139	13	7	64	32	1.3320127928468564
J140	15	5	27	34	1.3508313210224006
J141	14	13	55	5	0.8477497090265803
J142	14	1	88	52	0.6322616433514174
J143	14	7	64	58	1.9424694081860578
J144	16	6	56	8	0.6869278946364605
J145	15	3	109	62	1.5591240724772828
J146	14	11	33	63	1.3263403133427634
\\ Jobs in machine 15
10
J147	13	3	2	44	0.1
J148	15	1	58	42	0.8029415902104764
J149	14	9	54	32	1.3806679746251502
J150	14	10	95	9	1.1918264656892394
J151	13	4	48	19	1.9871916454416478
J152	13	11	72	53	1.4697162144500926
J153	15	14	90	2	0.6872731389357705
J154	14	12	68	2	1.6702803469231022
J155	12	12	83	44	1.2718452178636386
J156	15	11	6	62	1.212832404750863
\\ Jobs in machine 16
10
J157	15	8	70	37	0.9383252291314208
J158	15	2	49	57	1.4889194750536503
J159	16	5	2	23	2.4012727792821615
J160	16	14	7	9	1.8533633109921803
J161	13	5	20	38	1.3421259724752546
J162	14	7	26	26	1.165594078220674
J163	15	8	48	61	1.4806212273399524
J164	15	13	67	30	1.5097271946559463
J165	14	10	19	54	1.2127033423068971
J166	16	10	9	60	2.070060329558776
\\ Jobs in machine 17
11
J167	17	8	109	61	1.3296215657256518
J168	14	12	96	5	1.7539727712178013
J169	16	8	5	22	2.539024010571116
J170	13	8	36	21	2.3455430295357225
J171	14	4	73	32	1.0965067298275974
J172	14	7	74	58	1.3708837754507206
J173	14	14	15	23	0.9435626041169431
J174	13	13	57	41	0.7753105350337789
J175	15	13	51	33	0.810009278317313
J176	14	10	38	33	1.298888184087824
J177	14	11	48	35	1.2184517952399572
\\ Jobs in machine 18
11
J178	15	4	77	1	1.6563888453031324
J179	17	13	29	42	1.3432507650684191
J180	14	4	65	18	0.7520002215063752
J181	16	10	43	46	1.240033530870646
J182	15	7	97	24	1.6159107374767525
J183	15	10	53	58	1.3004482853676125
J184	16	2	44	35	1.36186238651527
J185	14	13	103	21	1.3944819516799842
J186	14	10	58	8	0.6689348534398607
J187	15	1	43	38	1.6563717371836923
J188	14	5	79	3	1.0638474073550737
\\ Jobs in machine 19
12
J189	15	12	70	47	1.3940986449512327
J190	16	11	85	56	1.0154513492575856
J191	15	12	5	12	0.947112708017579
J192	15	11	86	15	1.428940372422029
J193	13	9	45	24	1.8412236257864403
J194	15	14	33	23	1.735539417293424
J195	14	1	102	2	1.5567101559350145
J196	13	3	102	8	0.7031482722861446
J197	13	2	18	1	0.8229642648751458
J198	13	9	12	48	1.4002299298274807
J199	14	13	79	27	1.3882542702109393
J200	13	7	18	44	1.2867815017767086
\\ Jobs in machine 20
9
J201	15	6	101	44	1.5132183909605814
J202	15	14	35	58	0.8643366957658094
J203	15	10	99	45	0.9748940358377911
J204	15	10	54	60	1.5149572889822012
J205	14	11	56	61	1.022462110673172
J206	15	13	84	8	1.6633132712349248
J207	14	10	25	20	1.0664569031454576
J208	14	5	66	56	1.7860923071957202
J209	15	12	74	12	0.40996625745137594
\\ Jobs in machine 21
13
J210	14	10	54	46	1.6368721492211722
J211	13	9	3	5	1.2100936253088608
J212	14	12	54	5	2.0868719823843835
J213	14	4	38	7	0.9533324224940547
J214	15	4	2	43	1.9906446648852607
J215	15	13	6	14	1.173530194691721
J216	14	4	6	24	0.892788766616315
J217	15	8	53	9	1.2992022124606581
J218	16	4	68	14	2.2150088484643877
J219	14	10	19	56	0.8056180921148175
J220	15	7	69	4	0.9561762189333451
J221	14	13	107	13	1.145135527474454
J222	15	11	63	28	1.147994363365999
\\ Jobs in machine 22
12
J223	15	11	33	18	1.4070662246761179
J224	14	11	53	13	1.7282366372525946
J225	15	8	31	12	1.7228232709641809
J226	15	6	93	36	1.1839610716644893
J227	14	10	52	19	1.3402586921508457
J228	15	3	52	20	0.2849683588715395
J229	15	6	79	45	0.935488521867577
J230	15	10	40	46	0.9636759723214536
J231	14	2	96	18	0.9013595601978825
J232	16	12	69	34	2.5134559471416145
J233	15	11	39	27	1.0868842202509574
J234	15	8	47	56	0.5173007136066164
\\ Jobs in machine 23
11
J235	14	3	101	11	1.1593739794667761
J236	15	2	76	44	0.5872180568440973
J237	14	13	88	57	0.7918031772857688
J238	15	8	97	63	1.3101983148338188
J239	17	13	27	35	1.1383948351179076
J240	13	5	109	2	1.381390970916922
J241	16	6	53	57	0.5757171802303777
J242	14	2	69	2	1.8091965646848358
J243	14	10	53	11	0.8940860572193033
J244	15	2	63	15	1.5386023436116463
J245	15	12	57	63	2.0214703002977883
\\ Jobs in machine 24
12
J246	12	6	17	38	2.465514572743337
J247	15	4	76	33	0.6811413763837868
J248	14	8	35	39	1.0533595699014384
J249	14	4	80	56	2.0581577809316003
J250	16	6	75	62	1.8617971323364957
J251	16	14	46	53	1.631914748190306
J252	15	11	54	19	0.5823090071099444
J253	15	11	46	40	1.4988514787458178
J254	13	11	16	1	1.518604119646906
J255	15	6	37	11	1.9718888828652024
J256	15	9	65	36	0.2678508844723009
J257	15	10	10	56	0.6955547303923266
\\ Jobs in machine 25
11
J258	13	9	66	22	1.4065091051085066
J259	14	8	72	54	1.7222347837699665
J260	15	4	59	30	1.2137458265619565
J261	16	10	18	18	1.5314571894328797
J262	17	9	46	12	1.996297897511412
J263	15	10	97	2	1.505662388059307
J264	14	10	59	28	1.0085976522649749
J265	15	9	18	57	1.9991588671486027
J266	14	10	59	18	0.623721248359402
J267	14	8	30	8	2.0909322216541115
J268	15	1	68	30	1.3114615726559413
\\ Dependencies 
389
1	2
1	3
1	7
1	11
2	6
2	11
3	4
4	7
5	10
6	9
6	10
7	10
8	10
9	10
12	13
12	14
12	21
13	14
13	15
13	19
13	20
14	15
14	16
14	21
15	17
15	18
15	20
17	18
17	21
22	32
23	28
24	29
24	31
25	28
25	30
25	32
26	29
26	31
27	28
27	29
29	30
30	31
33	34
34	36
34	40
35	36
35	39
36	37
36	38
36	39
37	42
38	40
39	41
43	46
43	47
43	49
43	52
44	49
45	46
45	47
45	49
45	50
46	47
46	52
46	53
47	49
48	49
48	51
49	51
50	51
54	56
54	59
54	64
55	56
55	59
56	58
56	59
56	62
56	64
57	60
57	64
58	63
59	60
59	61
59	62
61	62
61	63
63	64
65	68
65	69
66	68
66	70
66	72
66	74
66	75
67	70
68	69
68	73
69	74
70	71
70	72
71	72
71	73
71	74
71	75
72	73
73	74
76	79
76	80
76	81
76	85
77	78
77	79
77	85
78	82
78	83
78	84
79	84
79	86
80	81
81	83
82	83
82	86
85	86
87	89
87	92
87	93
87	96
88	89
88	90
88	92
88	96
88	97
89	92
89	94
89	96
90	91
90	95
91	96
92	93
93	95
93	96
94	97
98	102
99	100
99	105
101	104
102	106
107	111
107	115
108	110
108	113
109	113
109	115
110	111
110	112
110	114
111	112
112	114
112	115
113	114
113	115
117	119
117	124
117	125
118	120
118	121
118	126
119	120
119	122
119	123
120	122
120	123
120	125
121	126
122	126
123	125
124	126
127	129
127	131
127	132
127	136
128	131
128	135
128	136
129	136
130	132
130	133
131	133
131	134
132	136
137	140
138	143
138	145
139	143
140	144
143	145
143	146
147	151
147	154
148	149
148	154
148	156
149	151
150	153
150	154
151	153
151	155
152	153
153	154
154	155
154	156
155	156
157	165
158	162
160	162
161	163
161	164
161	166
162	165
162	166
163	165
164	165
167	168
167	172
167	176
168	170
168	176
168	177
170	171
170	173
170	175
170	176
171	173
171	175
171	177
172	175
172	176
172	177
174	176
178	180
178	181
178	184
178	185
178	186
178	187
179	180
179	182
179	185
180	181
180	183
181	183
181	184
181	186
181	188
182	183
182	187
183	185
184	186
184	188
187	188
189	193
189	195
189	196
189	200
190	192
190	193
190	197
191	194
191	198
191	199
191	200
192	194
192	195
192	196
192	197
192	198
193	195
194	198
194	200
195	199
196	198
198	200
201	205
201	208
202	203
202	207
202	209
203	209
204	205
204	206
205	208
206	207
206	209
210	214
210	215
210	219
211	214
211	215
211	221
212	213
212	218
213	214
213	215
213	222
214	217
214	220
214	221
214	222
215	222
216	222
217	220
218	222
223	224
223	228
223	230
223	232
223	233
223	234
224	226
224	227
224	228
224	229
225	227
226	229
226	234
227	233
228	230
229	233
230	232
231	233
232	234
233	234
235	239
235	240
235	243
235	244
236	242
236	243
236	244
237	238
237	239
237	241
237	245
238	239
238	244
239	241
239	243
239	244
239	245
240	242
240	245
241	242
241	243
241	244
244	245
246	247
246	250
246	252
246	254
246	256
247	254
248	249
248	255
249	251
250	255
251	254
251	255
252	254
254	256
255	256
258	259
258	260
258	261
258	264
259	261
260	261
260	264
261	263
261	266
261	267
262	266
262	268
263	264
263	265
263	268
264	265
265	266
266	268
