\\ machines
25
\\ max power
250
\\ Jobs in machine 1
11
J1	15	2	13	94	1.1531168702610708
J2	15	7	37	69	1.3192368799290193
J3	13	13	60	54	1.7230281715884637
J4	13	2	41	46	2.006330157321438
J5	15	8	64	34	0.8235215620724463
J6	15	6	78	172	2.0236218729195676
J7	13	8	50	174	1.4315788696346647
J8	17	3	100	47	1.1387197387704147
J9	14	13	10	55	1.261666094557956
J10	13	9	100	9	1.8403269096596397
J11	15	9	20	20	1.0343731861440106
\\ Jobs in machine 2
12
J12	15	2	54	91	0.8358632343578092
J13	12	12	89	67	1.279168438118091
J14	15	4	86	23	1.3329812772276823
J15	15	5	73	97	1.1873561294764694
J16	13	13	47	102	1.8510629410876858
J17	15	10	103	109	1.0907250492030651
J18	15	13	67	68	1.1774569275492444
J19	15	12	42	69	1.5963610387413036
J20	13	13	77	177	1.518764309904228
J21	13	3	24	168	1.3651800742419669
J22	13	13	24	97	1.1024421524150307
J23	14	4	110	5	0.5955697332645653
\\ Jobs in machine 3
12
J24	14	1	10	144	0.7936828415632479
J25	14	8	106	3	0.8090746182603831
J26	15	11	92	36	0.8036400088234589
J27	17	9	55	58	0.9168472200312408
J28	13	2	84	112	0.42958949162683446
J29	15	6	70	93	1.291013083856348
J30	15	10	80	140	1.1255677076523471
J31	12	6	58	98	1.1828931412281822
J32	13	10	74	154	1.4625110235983627
J33	13	11	58	70	1.358412343521074
J34	15	11	74	10	1.3170833663135055
J35	13	13	35	36	2.161536958341909
\\ Jobs in machine 4
10
J36	14	8	27	23	1.1848249598383633
J37	15	1	23	95	1.9317439877576414
J38	14	10	99	29	1.390623036684075
J39	15	14	43	162	1.4649562787502894
J40	14	13	77	71	1.0846087541977991
J41	15	7	70	145	1.028054557316673
J42	16	6	29	20	1.9426925045308288
J43	14	14	2	60	1.4543816567776189
J44	13	14	20	98	0.8938239686741503
J45	13	2	26	183	1.0074479831299943
\\ Jobs in machine 5
10
J46	15	12	9	78	0.7713676429276153
J47	13	5	14	9	1.4166931705262944
J48	17	9	21	122	1.5620696566570105
J49	14	1	59	86	1.2976409316808812
J50	16	4	15	91	1.8793087581908368
J51	14	3	6	175	0.6543464711189134
J52	16	2	67	36	0.49045021129512534
J53	16	5	30	173	1.943243287753498
J54	14	9	17	96	0.6009376844517867
J55	14	6	29	59	0.34165819464397473
\\ Jobs in machine 6
11
J56	14	4	31	2	0.6763231832798249
J57	14	6	98	7	0.9090735583192451
J58	15	11	53	171	1.101885833844767
J59	13	4	106	46	0.7712636083028872
J60	14	10	27	107	0.4531356167971168
J61	16	4	52	21	1.3925224479077973
J62	14	11	13	29	1.0318996124131186
J63	16	8	107	184	0.721720233274354
J64	14	12	54	144	1.498304857909068
J65	16	12	41	70	1.1505671847452872
J66	13	9	59	65	1.9128530269548094
\\ Jobs in machine 7
13
J67	15	5	21	171	0.5608090312654612
J68	13	5	9	54	1.7215240451827092
J69	13	11	99	157	1.779128479781723
J70	14	1	17	165	0.829193498088272
J71	13	3	18	55	1.2828030072893113
J72	15	3	2	149	0.6573904508029091
J73	14	14	48	181	1.8075526790020509
J74	15	14	44	103	1.1732840263299853
J75	14	2	86	184	0.9915304261169255
J76	16	10	25	136	1.7690167238673542
J77	13	10	52	162	1.420421226906816
J78	14	12	78	45	0.4120797242515425
J79	15	1	97	68	1.3307836139339673
\\ Jobs in machine 8
10
J80	13	1	69	28	1.0999215504201654
J81	16	2	6	62	0.22774105592435956
J82	15	14	77	99	0.46877393147854507
J83	14	13	20	124	0.8235795790413852
J84	14	9	25	162	1.1772618295091648
J85	15	7	74	131	0.919876139641862
J86	15	3	16	186	2.308481776464622
J87	14	8	47	80	1.4999430535027494
J88	17	8	76	26	0.6887122526501279
J89	14	5	13	96	1.0659854276638951
\\ Jobs in machine 9
13
J90	15	7	65	86	0.4673219960542989
J91	14	8	76	179	1.3735229327418772
J92	13	14	81	92	1.3233467600459405
J93	15	11	86	66	1.764249179804627
J94	15	11	12	20	1.556327023298009
J95	15	7	13	151	1.5218051830923534
J96	13	2	63	32	0.9038679193794408
J97	15	10	79	129	1.1693030239617173
J98	15	2	33	174	0.1
J99	16	2	93	46	1.2163786422667824
J100	14	2	24	180	0.11921767003660722
J101	13	1	20	117	1.099092963693905
J102	12	6	28	100	0.9801477617202683
\\ Jobs in machine 10
9
J103	15	6	36	130	0.5574929515922799
J104	16	8	13	14	1.1316761900586996
J105	16	3	103	110	1.423678557836972
J106	16	14	61	80	0.8513569184020957
J107	13	5	39	148	1.3905390684077588
J108	14	8	59	5	1.3443388941916807
J109	14	12	89	83	1.7212332381301099
J110	15	9	59	175	1.6127082198570393
J111	15	13	17	99	1.8135472108396433
\\ Jobs in machine 11
9
J112	14	6	38	142	1.8327183336550414
J113	15	11	93	23	1.1025485506523292
J114	14	12	97	78	1.564084388259832
J115	15	12	110	74	1.1289734143671284
J116	14	8	11	164	1.3444250168794953
J117	14	5	32	156	0.7289231612934144
J118	15	10	5	126	0.8036950662291973
J119	15	9	105	51	1.2457761941217296
J120	13	13	91	58	0.2564923521938778
\\ Jobs in machine 12
9
J121	15	2	22	54	0.2998458025902232
J122	15	7	84	133	0.810775487206338
J123	14	11	23	160	0.6004230496175996
J124	15	6	13	46	1.752747515386269
J125	15	10	73	181	1.3241943567095844
J126	15	3	18	42	1.4934032924083862
J127	14	11	88	33	1.419715148231792
J128	15	1	18	133	0.6788016269455899
J129	15	12	24	67	0.3857832640388881
\\ Jobs in machine 13
12
J130	16	8	71	128	0.7944407575332371
J131	14	9	51	172	1.9258711087281968
J132	14	5	66	122	1.0755125374676349
J133	14	13	75	49	1.989835853178069
J134	15	4	63	59	0.36072721720405976
J135	13	14	99	151	0.2770454473762105
J136	12	1	37	112	2.012279520860678
J137	15	5	28	96	0.6374307824966315
J138	14	12	89	80	1.0808542598666862
J139	14	6	102	38	2.6801533414570935
J140	15	2	89	4	1.040301721370586
J141	14	8	98	37	0.3810823199618977
\\ Jobs in machine 14
11
J142	17	3	82	115	0.8496449013300413
J143	15	3	34	185	1.2877350424935579
J144	12	10	33	147	1.6948641171452286
J145	15	11	5	24	1.100120529679241
J146	13	10	87	41	1.4575318731405869
J147	13	14	64	188	1.8249691868628974
J148	13	13	98	144	1.2692824605775137
J149	15	12	21	138	1.344984839876894
J150	14	10	56	150	1.601008858999637
J151	13	2	93	55	1.2866064707449356
J152	16	13	110	86	1.439017693866883
\\ Jobs in machine 15
12
J153	16	12	7	174	1.1835509073006842
J154	16	7	81	45	0.9626132719304401
J155	15	11	37	96	1.12341369106413
J156	14	4	75	30	1.264636301479187
J157	15	12	26	149	1.1670729793841013
J158	15	8	26	98	1.6825371774780702
J159	15	2	34	100	1.4514298823112355
J160	15	10	101	18	1.906261336016998
J161	15	3	80	130	1.2710271987320476
J162	14	14	95	28	0.4401037300461851
J163	15	8	63	161	1.3537272815901542
J164	14	11	100	138	1.3535430893161702
\\ Jobs in machine 16
12
J165	15	1	107	63	1.9036728165880739
J166	15	12	102	114	0.3271197753433265
J167	16	6	36	171	1.5071332079487612
J168	13	12	59	54	1.134885527369723
J169	14	13	57	122	1.7402914018007023
J170	13	6	106	89	1.5135934705491891
J171	15	7	9	108	1.8506958490102292
J172	13	12	60	116	2.6956363500020455
J173	17	7	56	138	1.3699499243053586
J174	14	9	90	3	1.4039102472331837
J175	13	3	85	166	1.3819063895228052
J176	14	10	51	93	1.2484123687578799
\\ Jobs in machine 17
10
J177	16	14	75	166	1.6404689392323717
J178	15	12	90	19	1.0740427428205905
J179	14	4	23	171	0.11915479985290389
J180	16	13	34	42	1.3086300927338996
J181	14	10	29	152	1.6415189276639075
J182	15	9	62	12	1.515056125049323
J183	15	11	20	94	1.3740852446082994
J184	15	1	80	134	0.9005587379514209
J185	14	13	47	67	0.5619624117971753
J186	14	10	70	179	1.0336305902556846
\\ Jobs in machine 18
12
J187	13	7	44	42	1.1775489305954607
J188	14	13	18	66	1.7621089039872215
J189	14	11	68	126	0.7101472797162942
J190	14	1	82	85	1.782377728079383
J191	15	1	57	60	1.6847336786864695
J192	15	6	2	53	1.7630772802248256
J193	16	13	25	136	1.5485311810659468
J194	14	14	26	84	1.2064094299446024
J195	14	4	57	154	1.4448734972109707
J196	14	13	11	124	1.7014666256131439
J197	15	11	85	150	1.2188567348653343
J198	14	6	47	131	0.8691181525252352
\\ Jobs in machine 19
12
J199	14	6	70	70	0.31002310618370943
J200	14	11	77	28	1.3463399271262204
J201	15	10	24	158	1.399629134332923
J202	14	5	72	79	1.1368755358752947
J203	16	2	7	14	1.720279697992956
J204	15	1	62	181	0.9508828487739399
J205	14	5	66	1	0.6629135405298792
J206	15	13	5	69	1.3771379503662744
J207	16	13	40	41	1.3963493490644965
J208	14	2	6	93	1.2410472331385636
J209	16	5	16	138	1.844388526268181
J210	14	6	13	163	1.5319452546344097
\\ Jobs in machine 20
10
J211	15	5	38	164	0.4044240779886432
J212	14	6	8	139	1.6286031527097893
J213	15	12	4	42	0.9862828972954588
J214	17	10	21	147	1.7887671378686263
J215	15	3	10	127	1.449367556519832
J216	14	9	85	162	0.1
J217	16	8	58	69	1.1951795950966164
J218	14	8	32	12	1.6621323294057495
J219	16	11	58	154	0.8517912968393769
J220	13	9	36	12	0.9670074371692526
\\ Jobs in machine 21
10
J221	14	6	98	141	1.5434381609964853
J222	15	13	86	135	1.1625820106968785
J223	16	10	63	2	1.1775001101919553
J224	13	6	77	174	1.2560272191776487
J225	13	9	50	115	1.3558236224716302
J226	12	11	79	73	1.854267447139003
J227	15	9	13	104	0.7339727644805703
J228	15	11	32	38	1.8357420706578529
J229	14	8	40	159	0.5907381335369034
J230	16	5	5	182	1.101879213400902
\\ Jobs in machine 22
10
J231	13	9	60	141	1.3965523685345915
J232	15	11	47	31	0.9919619388786788
J233	15	13	19	146	1.0569330083808068
J234	15	5	49	186	1.7288658448769638
J235	15	4	10	90	0.9985092123285519
J236	12	3	55	169	1.029632133764973
J237	15	2	3	3	1.1726936314140235
J238	14	8	87	51	1.3351267937261018
J239	14	14	20	112	1.0157885504207067
J240	16	11	28	179	0.9760897690627591
\\ Jobs in machine 23
12
J241	14	13	7	45	1.299111088847406
J242	14	14	22	121	0.5989693320319801
J243	15	13	78	132	1.2192788485762411
J244	14	7	6	185	1.6483612558523626
J245	16	11	102	5	2.11348964584575
J246	14	13	21	168	1.8325993610732683
J247	14	7	98	104	0.20517559781498873
J248	15	13	64	52	0.31949734291681176
J249	15	14	99	172	1.9953140268980445
J250	12	14	45	146	1.7686475945172093
J251	13	4	93	145	1.1671453717402913
J252	15	4	68	12	1.8013806888215154
\\ Jobs in machine 24
12
J253	15	12	37	161	0.624523467503742
J254	16	9	76	12	1.0125374509262794
J255	15	8	84	187	1.6213939509354716
J256	15	11	11	145	1.605482413032822
J257	15	6	45	152	0.5951674207545185
J258	14	8	40	181	1.1094913229510746
J259	13	13	64	38	1.3073813327910606
J260	15	3	20	139	0.8582879018804914
J261	15	10	34	114	1.0356184128015073
J262	15	4	97	32	1.1635309615396345
J263	13	9	108	122	1.1222663510302637
J264	14	7	39	122	1.3489691694320791
\\ Jobs in machine 25
11
J265	15	10	40	110	0.8768157209304225
J266	14	14	96	106	1.8828457158120893
J267	14	4	19	61	1.660578806746198
J268	16	11	85	8	1.2085592425345928
J269	15	9	9	188	1.1827276101668855
J270	16	3	61	45	0.8113523547749516
J271	14	9	71	117	1.5348096459822136
J272	15	12	6	120	1.349920095291997
J273	14	14	74	174	1.6399479408494266
J274	14	12	74	181	1.9429785070512742
J275	14	5	96	142	1.0530441401226107
\\ Dependencies 
836
1	2
1	4
1	5
1	6
1	7
1	8
1	9
1	10
2	3
2	5
2	6
2	10
2	11
3	4
3	9
3	10
4	7
4	11
5	6
5	7
5	8
5	9
5	10
6	7
6	9
6	10
7	8
7	9
8	9
8	10
8	11
9	10
10	11
12	13
12	14
12	15
12	16
12	17
12	18
12	19
12	20
12	21
12	22
12	23
13	14
13	16
13	17
13	19
13	20
13	21
13	22
13	23
14	15
14	16
14	17
14	19
14	20
14	23
15	16
15	17
15	19
15	20
15	21
15	22
15	23
16	17
16	20
16	21
17	18
17	19
17	23
18	19
18	20
18	21
18	22
19	20
19	21
19	22
20	22
20	23
21	23
22	23
24	25
24	28
24	29
24	30
24	31
24	32
24	33
24	35
25	26
25	28
25	31
25	33
25	34
25	35
26	28
26	29
26	30
26	33
26	34
26	35
27	28
27	31
27	32
28	29
28	30
28	32
28	35
29	31
29	33
29	35
30	31
30	32
30	33
30	34
30	35
31	34
31	35
32	33
32	35
33	34
33	35
34	35
36	37
36	38
36	39
36	42
36	43
36	44
36	45
37	38
37	39
37	40
37	41
37	43
37	45
38	39
38	41
38	43
38	44
38	45
39	41
39	42
39	43
39	44
40	41
40	42
40	44
41	43
41	45
42	44
42	45
43	44
43	45
46	48
46	49
46	50
47	49
47	52
47	53
47	54
47	55
48	49
48	51
49	50
49	51
49	52
50	51
50	52
50	53
50	55
51	53
51	54
52	54
53	54
53	55
56	57
56	58
56	59
56	62
56	63
56	64
56	66
57	58
57	60
57	65
57	66
58	59
58	60
58	63
58	66
59	60
59	61
59	62
59	64
59	65
59	66
60	64
60	65
60	66
61	64
62	64
64	65
67	68
67	71
67	72
67	75
67	76
67	77
67	78
68	69
68	71
68	72
68	73
68	74
68	77
68	78
68	79
69	70
69	72
69	74
69	75
69	76
69	77
69	79
70	71
70	72
70	73
70	76
70	78
71	73
71	75
71	76
71	78
72	73
72	75
72	76
72	77
72	78
72	79
73	75
73	78
74	76
74	77
74	78
75	77
75	78
76	77
76	79
77	79
78	79
80	81
80	85
80	86
80	88
80	89
81	83
81	84
81	85
82	83
82	84
82	88
83	84
83	89
84	85
85	86
85	88
86	87
86	88
86	89
87	89
90	91
90	92
90	93
90	94
90	96
90	97
90	99
90	100
91	92
91	94
91	95
91	99
91	101
91	102
92	93
92	94
92	97
92	101
92	102
93	95
93	96
93	98
93	101
93	102
94	95
94	96
94	98
94	101
95	96
95	97
95	98
95	100
95	101
95	102
96	97
96	99
96	101
97	98
97	99
97	101
97	102
98	99
98	100
98	102
99	102
100	101
103	104
103	105
103	106
103	108
103	109
103	111
104	106
104	107
104	108
104	111
105	106
105	110
106	107
106	109
106	110
106	111
107	108
107	109
107	111
108	109
108	110
109	110
110	111
112	114
112	115
112	116
112	117
112	119
112	120
113	117
113	118
113	119
113	120
114	117
114	118
114	119
114	120
115	116
115	118
115	119
116	117
116	118
116	119
117	118
117	120
118	119
121	123
121	125
121	126
121	127
122	123
122	125
122	126
122	127
123	124
123	125
123	127
123	129
124	128
125	126
125	128
125	129
126	127
126	128
126	129
127	128
128	129
130	133
130	135
130	136
130	141
131	133
131	134
131	135
131	136
131	137
131	138
132	133
132	135
132	136
132	137
132	139
132	140
133	134
133	136
133	138
133	140
133	141
134	135
134	136
134	137
134	138
134	140
134	141
135	137
135	138
135	139
135	140
135	141
136	139
136	140
136	141
137	140
138	139
138	141
140	141
142	144
142	145
142	148
142	151
142	152
143	144
143	145
143	146
143	148
144	145
144	146
144	147
144	149
144	150
144	152
145	146
145	150
145	151
145	152
146	148
146	149
146	150
146	151
146	152
147	150
147	152
148	149
148	152
149	151
150	152
153	154
153	155
153	156
153	158
153	160
153	162
153	163
153	164
154	155
154	156
154	158
154	159
154	160
154	161
154	162
154	164
155	159
155	162
155	163
155	164
156	160
156	161
157	158
157	161
157	162
157	163
157	164
158	162
158	163
159	160
159	161
159	164
160	161
161	162
161	163
161	164
162	163
162	164
165	166
165	171
165	173
166	171
166	172
166	173
166	175
166	176
167	168
167	169
167	171
167	172
167	173
167	174
167	175
168	172
168	175
169	171
169	172
169	173
169	174
170	171
170	173
170	174
170	176
171	173
171	175
171	176
172	173
172	174
172	176
173	174
174	175
174	176
175	176
177	179
177	182
177	183
177	184
177	185
177	186
178	183
178	184
178	186
179	180
179	181
179	182
179	184
179	185
179	186
180	182
180	184
180	185
180	186
181	183
181	186
182	185
182	186
183	184
183	185
183	186
184	185
184	186
185	186
187	188
187	190
187	193
187	195
187	196
187	198
188	189
188	190
188	191
188	194
188	195
188	197
188	198
189	191
189	192
189	193
189	196
190	191
190	193
190	194
190	196
190	198
191	192
191	193
191	194
191	195
191	196
191	197
191	198
192	193
192	194
192	195
192	197
192	198
193	196
193	197
194	196
194	197
194	198
195	197
195	198
196	197
197	198
199	200
199	202
199	203
199	207
199	209
200	201
200	206
200	207
200	208
200	210
201	202
201	203
201	204
201	206
201	207
201	208
201	210
202	204
202	205
202	206
202	207
202	208
202	210
203	204
203	206
203	207
203	208
203	210
204	207
204	209
204	210
205	207
205	208
205	209
206	207
206	208
207	208
207	209
207	210
208	209
208	210
209	210
211	212
211	213
211	215
211	218
211	219
212	213
212	214
212	218
212	219
212	220
213	217
213	219
213	220
214	215
214	216
215	216
216	217
216	220
217	218
217	219
217	220
218	219
219	220
221	223
221	224
221	225
221	226
221	230
222	223
222	224
222	225
222	227
222	228
222	229
223	224
223	225
223	226
223	229
223	230
224	225
224	226
224	227
224	228
224	230
225	226
225	227
225	228
225	229
226	228
226	229
226	230
227	229
227	230
228	230
229	230
231	232
231	233
231	235
231	237
231	239
232	234
232	238
232	240
233	234
233	235
233	237
233	239
234	235
234	237
234	238
234	239
234	240
235	236
235	237
235	238
235	239
236	237
236	238
236	240
237	239
238	240
239	240
241	242
241	243
241	246
241	247
241	249
242	245
242	247
242	248
242	249
243	244
243	245
243	246
243	247
243	248
243	249
243	250
244	245
244	247
244	248
244	250
244	251
245	246
245	247
245	250
245	252
246	247
246	248
246	249
246	252
247	248
247	251
248	249
248	250
248	251
248	252
249	250
249	251
249	252
250	251
250	252
251	252
253	255
253	256
253	257
253	258
253	260
253	262
253	263
254	259
254	262
254	263
254	264
255	256
255	257
255	258
255	259
255	260
255	261
255	263
255	264
256	258
256	259
256	260
256	261
256	263
257	259
257	260
257	262
257	263
257	264
258	260
258	261
259	260
259	261
259	262
259	264
260	261
260	262
260	263
260	264
261	262
262	264
263	264
265	266
265	267
265	268
265	272
265	273
265	274
266	268
266	270
266	273
267	268
267	270
267	272
267	273
267	274
267	275
268	271
268	273
268	274
269	272
270	271
270	272
270	275
271	273
271	274
271	275
272	273
272	274
272	275
273	274
273	275
