\\ machines
9
\\ max power
90
\\ Jobs in machine 1
11
J1	14	7	22	21	1.6541953437233814
J2	15	14	17	35	1.3284538012274687
J3	13	4	107	11	1.6568743789605085
J4	15	5	46	33	1.4015721243287838
J5	14	8	55	45	2.600004741117923
J6	15	9	37	11	0.8000844011765125
J7	13	3	78	45	1.593852989305524
J8	14	6	88	9	0.9392317314814669
J9	13	6	59	30	1.153520413819206
J10	14	4	6	5	1.898901964763224
J11	13	3	63	30	0.7493051760491246
\\ Jobs in machine 2
11
J12	14	1	67	34	1.1798160705247704
J13	15	1	78	12	1.154045486238842
J14	16	3	50	25	1.8558117135910233
J15	14	5	36	20	0.9688006991294795
J16	13	10	69	37	0.3736937793716608
J17	14	3	11	44	0.4868714866989
J18	16	5	8	7	0.7869572372141056
J19	13	8	45	30	1.4045193328783485
J20	14	7	91	14	1.1275090721582492
J21	16	5	43	6	0.1
J22	15	12	91	32	1.3047738401827185
\\ Jobs in machine 3
11
J23	15	11	88	27	1.3407401004360093
J24	15	13	24	16	0.935033540618782
J25	14	14	30	44	1.3271394869542714
J26	15	12	30	20	0.5548180078816917
J27	14	10	109	41	1.3221546749947528
J28	15	12	30	9	0.3190610749216122
J29	15	5	58	7	0.8183055115212577
J30	16	12	83	29	1.8668266299871097
J31	15	13	58	8	1.019777422527246
J32	16	10	14	22	0.696406156755597
J33	14	10	46	26	0.1
\\ Jobs in machine 4
11
J34	14	7	36	32	0.9853206669822152
J35	14	1	17	22	0.9528118207367867
J36	15	11	85	44	0.8490143143871458
J37	15	13	34	38	1.357766724235742
J38	14	2	17	24	1.5466944522985706
J39	15	8	107	6	0.6585124280683844
J40	15	12	14	17	1.236585898247429
J41	14	2	35	32	1.3575190545246345
J42	14	2	2	41	1.2699886419133106
J43	14	2	24	45	1.864011423022998
J44	14	1	26	1	1.99996468552437
\\ Jobs in machine 5
12
J45	15	8	78	9	1.5810171105048418
J46	15	3	26	4	1.3140901971305894
J47	14	4	57	30	0.8758504112250298
J48	13	8	45	43	0.9749761833087777
J49	14	1	83	13	1.4698822657563932
J50	15	12	84	22	1.4777480976359012
J51	16	14	77	45	1.557282175937103
J52	15	11	74	42	0.9193075109742814
J53	13	6	54	33	1.6780142139880074
J54	14	13	42	37	1.5472736306935042
J55	15	9	99	12	1.2716284364820767
J56	15	8	4	38	1.7260001140415018
\\ Jobs in machine 6
12
J57	14	4	64	21	2.384893603382932
J58	13	13	34	4	0.9649397663089876
J59	14	13	61	19	0.4127913822934205
J60	13	14	52	42	0.31697115717011926
J61	15	8	87	29	0.7335545019133767
J62	14	2	34	6	0.7384793591821924
J63	14	2	57	20	1.6413316439997927
J64	14	3	16	4	1.365495163014775
J65	14	11	75	44	0.6970651222929967
J66	16	3	94	45	0.930825649309665
J67	15	12	64	41	1.9136374846727011
J68	15	14	61	39	1.4917305463059476
\\ Jobs in machine 7
13
J69	14	10	59	6	0.9012452763393601
J70	13	7	40	20	1.1783956700529978
J71	15	2	60	43	1.3063004235122337
J72	13	4	44	4	0.8753257598982689
J73	15	3	13	31	0.6179743460811381
J74	14	8	30	11	1.7879733016700534
J75	15	1	108	25	1.8864813578271882
J76	13	14	49	11	0.9506048862257451
J77	14	12	104	25	1.130680684710058
J78	16	6	12	16	0.4467391167424468
J79	16	8	11	7	1.3508151250860725
J80	14	13	17	5	1.455198796959531
J81	16	3	83	36	1.0541000022305171
\\ Jobs in machine 8
10
J82	14	10	26	33	2.288726150250657
J83	13	2	51	29	1.136368794625672
J84	15	10	71	31	1.4514568600426196
J85	15	2	53	44	1.3404192312154364
J86	16	3	6	42	0.30018453839179193
J87	16	4	40	6	1.4989055659874957
J88	14	4	22	6	1.2213363481154047
J89	15	8	69	15	1.751052379548491
J90	15	5	21	33	0.7594978596737159
J91	15	2	18	26	1.1462820993043366
\\ Jobs in machine 9
11
J92	15	14	67	42	1.0201705945219133
J93	13	2	79	8	1.1666409633179484
J94	14	6	68	29	1.6854103395547095
J95	13	7	54	7	1.2707072076183568
J96	15	7	33	36	1.7917551566115248
J97	14	6	75	45	1.7978274549054882
J98	14	2	80	18	0.8541400448435863
J99	15	13	84	37	1.1187489549665934
J100	14	12	35	11	0.9225262296424173
J101	14	12	14	45	1.6700581430152537
J102	14	8	32	7	1.855330572031383
\\ Dependencies 
486
1	2
1	3
1	4
1	6
1	7
1	8
1	9
1	10
1	11
2	3
2	4
2	5
2	6
2	7
2	8
2	9
2	10
2	11
3	4
3	5
3	6
3	7
3	8
3	9
3	10
3	11
4	5
4	6
4	7
4	9
4	10
4	11
5	6
5	7
5	8
5	9
5	10
5	11
6	7
6	8
6	9
6	10
6	11
7	8
7	9
7	10
7	11
8	9
8	10
8	11
9	10
9	11
10	11
12	13
12	15
12	16
12	17
12	18
12	19
12	20
12	21
12	22
13	14
13	15
13	16
13	17
13	18
13	20
13	21
14	15
14	16
14	17
14	18
14	19
14	20
14	22
15	16
15	17
15	18
15	19
15	21
15	22
16	17
16	18
16	19
16	20
16	21
16	22
17	18
17	19
17	20
17	21
17	22
18	19
18	20
18	21
18	22
19	20
19	21
19	22
20	21
20	22
21	22
23	24
23	25
23	28
23	29
23	30
23	31
23	32
23	33
24	25
24	26
24	27
24	28
24	29
24	30
24	31
24	32
25	26
25	27
25	28
25	29
25	30
25	31
25	32
25	33
26	27
26	28
26	29
26	30
26	31
26	32
26	33
27	28
27	29
27	30
27	31
27	32
27	33
28	29
28	30
28	31
28	32
28	33
29	30
29	31
29	32
29	33
30	31
30	32
30	33
31	32
31	33
32	33
34	35
34	36
34	37
34	38
34	39
34	40
34	41
34	42
34	43
34	44
35	36
35	37
35	39
35	41
35	42
35	43
35	44
36	37
36	38
36	39
36	40
36	41
36	42
36	43
36	44
37	38
37	39
37	41
37	42
37	43
37	44
38	39
38	40
38	42
38	43
39	40
39	41
39	42
39	43
39	44
40	41
40	42
40	43
41	42
41	43
41	44
42	43
42	44
43	44
45	46
45	47
45	48
45	49
45	50
45	51
45	52
45	54
45	55
45	56
46	47
46	48
46	49
46	50
46	51
46	52
46	54
46	55
46	56
47	49
47	50
47	51
47	52
47	53
47	54
47	55
47	56
48	49
48	50
48	51
48	52
48	53
48	54
48	55
48	56
49	50
49	51
49	52
49	53
49	54
49	55
49	56
50	51
50	52
50	53
50	55
50	56
51	52
51	53
51	54
51	55
51	56
52	53
52	54
52	55
52	56
53	54
53	55
53	56
54	55
54	56
55	56
57	58
57	59
57	60
57	61
57	62
57	63
57	64
57	65
57	66
57	67
58	59
58	60
58	61
58	62
58	63
58	64
58	65
58	66
58	67
58	68
59	60
59	61
59	62
59	63
59	64
59	66
59	67
59	68
60	61
60	62
60	63
60	64
60	65
60	67
60	68
61	64
61	65
61	66
61	67
61	68
62	63
62	64
62	65
62	66
62	67
62	68
63	65
63	67
63	68
64	65
64	66
64	67
64	68
65	66
65	67
65	68
66	67
66	68
67	68
69	70
69	72
69	73
69	74
69	75
69	76
69	77
69	78
69	79
69	81
70	71
70	72
70	73
70	74
70	75
70	76
70	77
70	78
70	79
70	80
70	81
71	72
71	73
71	74
71	75
71	76
71	77
71	78
71	79
71	80
71	81
72	73
72	74
72	75
72	76
72	77
72	78
72	79
72	80
72	81
73	74
73	75
73	76
73	78
73	79
73	80
73	81
74	75
74	76
74	78
74	79
74	80
74	81
75	76
75	77
75	79
75	80
75	81
76	77
76	78
76	79
76	80
76	81
77	78
77	79
77	80
77	81
78	79
78	80
78	81
79	80
79	81
80	81
82	83
82	85
82	86
82	87
82	88
82	90
82	91
83	84
83	85
83	86
83	87
83	88
83	90
83	91
84	85
84	86
84	87
84	88
84	89
84	90
84	91
85	87
85	88
85	89
85	90
85	91
86	87
86	88
86	89
86	90
87	89
87	90
87	91
88	89
88	91
89	90
89	91
92	93
92	94
92	95
92	96
92	97
92	98
92	99
92	100
92	101
92	102
93	94
93	95
93	97
93	98
93	99
93	100
93	101
93	102
94	95
94	96
94	97
94	99
94	100
94	101
94	102
95	96
95	97
95	98
95	99
95	100
95	101
95	102
96	97
96	98
96	99
96	100
96	101
96	102
97	98
97	99
97	100
97	101
97	102
98	99
98	100
98	101
98	102
99	100
99	101
99	102
101	102
