\\ machines
20
\\ max power
200
\\ Jobs in machine 1
13
J1	14	6	12	73	0.9889779458870065
J2	15	3	60	140	1.9578495434274568
J3	13	1	86	100	0.9194917727050579
J4	15	12	11	55	0.5306594335729905
J5	14	10	73	138	1.2595829208195533
J6	16	6	93	94	1.207997152522082
J7	14	14	58	144	1.3611910044912248
J8	14	10	67	134	1.7434490586344902
J9	16	11	57	26	1.1514051709326156
J10	15	9	110	32	1.9294591220395327
J11	14	14	63	58	2.1679166603548827
J12	16	9	16	33	2.2087672022631573
J13	15	2	19	145	1.319260518451681
\\ Jobs in machine 2
10
J14	14	5	61	11	0.7286589424693516
J15	16	11	73	32	0.769154768967395
J16	17	8	105	148	1.16488084180264
J17	16	8	2	5	1.9388118485349195
J18	15	1	52	71	2.5606026220785463
J19	13	5	25	57	0.9848545083279031
J20	15	8	50	25	0.9949445305621019
J21	15	7	72	81	1.8615271406648748
J22	14	8	108	70	0.2698427824008366
J23	15	8	43	66	2.035014599319318
\\ Jobs in machine 3
11
J24	14	1	70	3	0.9136797435712862
J25	16	3	26	114	1.0529065000370414
J26	14	12	81	2	0.37931548935169457
J27	15	12	66	118	1.0057380062161076
J28	15	9	46	108	1.9036418633727759
J29	14	5	38	30	1.0297706155779418
J30	14	8	65	140	0.21940546693306506
J31	15	10	71	149	1.0065441088537888
J32	14	5	41	86	1.518326004984782
J33	14	2	104	125	1.760140845132884
J34	16	12	62	131	1.7397206925436848
\\ Jobs in machine 4
12
J35	13	7	74	4	0.9579894206636922
J36	16	11	23	11	1.2459088209341354
J37	15	14	42	117	0.6042736792968396
J38	15	9	58	147	1.6633691284082572
J39	15	3	6	111	1.5172826494057985
J40	15	10	11	67	0.9589822259640555
J41	15	14	25	97	1.5377005183285617
J42	14	11	18	35	1.4635787725201397
J43	15	13	42	13	0.8244220288327966
J44	14	2	61	130	1.08675711667213
J45	16	1	53	97	0.814719914557043
J46	14	3	42	81	0.595667732021262
\\ Jobs in machine 5
11
J47	17	10	103	59	0.8945285514726191
J48	14	2	97	106	1.506905093046885
J49	14	14	43	120	1.1237195139582186
J50	15	10	89	46	1.3541884080576791
J51	15	14	48	31	1.2331861191353226
J52	16	9	71	6	0.9639600285350324
J53	16	10	37	111	1.198111078129298
J54	14	8	36	68	1.6138424421265605
J55	15	10	73	117	0.5896585024647906
J56	15	13	28	8	1.0698382190176978
J57	14	14	106	44	1.1224514473121805
\\ Jobs in machine 6
12
J58	13	9	16	29	1.487470711737277
J59	14	9	3	143	1.2855771016876116
J60	14	2	63	76	2.0740358936789915
J61	15	5	50	49	1.4042259783022049
J62	15	1	99	53	0.8591321546683531
J63	14	12	66	150	0.9975840160836563
J64	13	13	53	95	1.2918445414943738
J65	14	11	71	114	1.4307287363928198
J66	14	4	75	70	1.4022468689420795
J67	13	12	28	134	1.1958654054552982
J68	16	11	17	135	1.4571130445132654
J69	15	6	101	16	0.7343130777144947
\\ Jobs in machine 7
10
J70	13	14	38	26	1.973315403011095
J71	15	10	4	29	0.8655885425150722
J72	13	6	51	132	0.6633101813216998
J73	16	8	105	76	0.7717612267548191
J74	15	8	62	125	1.1807282161944346
J75	14	3	86	71	1.0899170632013666
J76	17	13	18	61	1.2277879417484234
J77	14	12	79	42	2.0178510429695122
J78	16	14	15	69	0.7764056309555588
J79	15	8	21	96	0.8954729898096503
\\ Jobs in machine 8
11
J80	14	6	91	132	1.3868538491173288
J81	15	6	38	136	1.561628285154872
J82	15	11	86	70	1.1746987386047423
J83	14	4	4	127	1.2016284774860528
J84	16	13	88	74	0.1
J85	15	13	27	8	1.762059623423576
J86	13	9	106	29	0.7328798598648422
J87	15	10	62	11	0.6744109077060342
J88	14	7	95	75	1.4821372572477611
J89	13	2	26	62	0.38513792235855804
J90	15	7	62	50	1.24248971544455
\\ Jobs in machine 9
12
J91	15	1	10	101	1.1540650470162166
J92	16	12	39	96	1.8247168264993303
J93	14	6	51	8	1.6221759529844861
J94	14	4	36	23	0.9000796767941871
J95	16	5	103	12	1.330068988709381
J96	14	2	6	66	1.5167479047778163
J97	15	14	9	42	2.1938931192158817
J98	11	14	89	142	0.704724458591727
J99	15	4	90	58	0.925685574741212
J100	14	9	91	2	1.3661763957949087
J101	14	11	101	127	0.8043627392746793
J102	13	10	51	147	0.9665586775989442
\\ Jobs in machine 10
9
J103	15	6	83	49	0.5417599880554753
J104	15	7	81	25	0.49167598529417555
J105	14	8	94	24	0.3273310452696997
J106	14	8	16	130	1.9390963810395223
J107	16	5	101	127	1.3749018526620242
J108	16	3	87	97	2.016371410747301
J109	15	7	30	108	1.3007841474000372
J110	15	11	93	143	1.538768829865764
J111	15	4	108	68	1.2695973587278644
\\ Jobs in machine 11
11
J112	15	12	46	33	1.3210147080442443
J113	15	13	55	14	1.3953756918516564
J114	15	13	31	126	0.697525986821304
J115	16	1	81	34	1.2410818683544325
J116	15	13	82	27	1.366835110272601
J117	14	8	59	14	0.33276616201380116
J118	13	7	15	15	1.7471870170488986
J119	14	11	99	137	0.5457156020162984
J120	14	10	12	74	1.880164458024609
J121	13	1	75	82	1.682039860644081
J122	16	3	82	119	0.9524939626729032
\\ Jobs in machine 12
10
J123	14	5	2	68	1.5891831068605529
J124	14	5	40	128	1.1857965754433546
J125	17	14	40	104	1.5753821649740871
J126	15	8	20	131	0.7523611323653316
J127	15	3	61	48	1.2674536858576528
J128	14	3	57	15	0.3637746068478571
J129	14	13	83	89	1.5145189390139184
J130	13	12	47	109	0.16385430495153885
J131	16	13	61	91	1.4463976664240432
J132	15	2	62	78	0.5295402931535015
\\ Jobs in machine 13
12
J133	13	1	33	39	0.9894276483329765
J134	15	11	73	115	1.0624575852113438
J135	14	1	36	20	1.5761050150545786
J136	14	3	101	138	1.274081566898635
J137	15	13	33	23	0.6993120229640476
J138	13	7	94	126	1.2578132450980772
J139	13	8	93	16	1.333929890019297
J140	14	12	83	131	1.3230293493328404
J141	14	2	86	10	1.174268069108787
J142	14	13	38	31	1.627594230150776
J143	13	10	64	149	1.5354200103489637
J144	16	12	25	138	0.8286864168437174
\\ Jobs in machine 14
10
J145	15	13	92	144	0.869347865069908
J146	15	7	88	43	0.7273021123182222
J147	15	4	28	50	1.2296319778684146
J148	14	13	66	76	1.4150884638853034
J149	16	13	85	92	0.9464420638359867
J150	16	12	42	63	0.9987795853721753
J151	14	2	91	67	0.8362500029626466
J152	14	6	23	42	0.711099843945262
J153	12	2	83	93	0.7566470455244905
J154	16	4	59	27	1.650139662296494
\\ Jobs in machine 15
11
J155	13	4	8	40	1.1996621895892412
J156	15	12	69	138	1.5310006015628848
J157	17	5	26	59	1.6304091155313905
J158	15	2	44	41	1.100729044396101
J159	12	9	15	63	0.8346579322804171
J160	15	6	50	125	1.6011741785667288
J161	15	2	90	146	1.1801558050775207
J162	15	13	81	55	1.7838883703478596
J163	14	8	30	34	1.0162140159265713
J164	15	7	104	142	2.1477694124254594
J165	13	11	38	68	1.7268893581894993
\\ Jobs in machine 16
10
J166	16	4	65	41	1.9216008562111302
J167	15	2	99	126	1.8506780350299876
J168	13	5	22	117	0.46652550146543337
J169	15	7	19	34	0.9999696897314299
J170	15	11	66	60	1.1732621177089313
J171	16	2	35	25	1.2539858267895538
J172	13	9	52	109	1.1558027465813636
J173	15	12	12	122	1.2242324311294097
J174	15	8	25	105	1.7871993879839128
J175	15	11	59	117	1.1433457093265682
\\ Jobs in machine 17
12
J176	15	8	21	68	1.0385783854749158
J177	16	10	103	70	1.9573361941001974
J178	14	8	61	123	1.7741825512764104
J179	15	1	96	94	1.6465879734801472
J180	15	14	83	94	0.7788023002201727
J181	14	4	84	49	0.7855978228134668
J182	15	10	67	77	1.3092864072395456
J183	13	8	9	35	1.1501934305882335
J184	12	4	98	148	2.0161525959436943
J185	13	9	96	80	0.9303479541494588
J186	15	14	21	26	1.3337386039296961
J187	15	1	108	97	0.5935975735008394
\\ Jobs in machine 18
9
J188	15	7	57	44	1.4818996251739402
J189	13	9	99	68	1.352145625680644
J190	12	1	91	95	0.963961191846862
J191	14	2	27	92	1.095923354178663
J192	15	14	82	37	0.9117054640757825
J193	14	12	87	17	0.8985585632323878
J194	15	2	103	80	1.2147170532959768
J195	15	1	78	115	0.9724795233175711
J196	14	1	5	117	1.5338812973261122
\\ Jobs in machine 19
11
J197	13	10	75	72	1.3793842238970822
J198	16	11	18	1	1.1539148520364741
J199	16	5	65	74	1.275407177374256
J200	16	12	78	120	1.0465795122913393
J201	14	9	58	96	1.2016589142671232
J202	15	7	89	89	0.5224275348722648
J203	15	12	36	87	0.9163823258905027
J204	15	4	62	78	0.5924686243409725
J205	16	11	104	120	1.275419618073592
J206	15	9	103	123	1.9436894580204584
J207	15	13	55	59	1.812161816494826
\\ Jobs in machine 20
12
J208	15	12	50	85	0.6085822441435916
J209	15	3	51	139	1.4655412898523734
J210	14	4	2	127	0.6060189022166225
J211	15	6	4	9	0.725187528636595
J212	15	13	32	103	1.3826874659721977
J213	15	3	52	134	1.0198867792129243
J214	13	14	31	34	1.7115236017760775
J215	14	3	4	10	0.813289002540394
J216	14	3	64	111	1.6659428432004029
J217	15	8	94	63	1.2257006018942438
J218	15	2	81	138	1.1351869047400949
J219	14	10	32	114	1.398678194333849
\\ Dependencies 
887
1	2
1	3
1	5
1	6
1	7
1	9
1	10
1	11
1	12
1	13
2	3
2	4
2	6
2	7
2	9
2	10
2	11
2	13
3	4
3	5
3	6
3	7
3	8
3	9
3	11
3	13
4	5
4	6
4	7
4	8
4	9
4	10
4	12
4	13
5	6
5	8
5	9
5	10
5	12
6	8
6	9
6	10
6	11
6	13
7	8
7	9
7	10
7	11
7	12
7	13
8	9
8	10
8	11
8	13
9	10
9	11
9	12
9	13
11	13
12	13
14	15
14	16
14	17
14	18
14	19
14	21
14	23
15	16
15	17
15	19
15	20
15	21
15	22
15	23
16	17
16	18
16	19
16	20
16	21
16	22
16	23
17	18
17	19
17	20
17	21
17	22
17	23
18	19
18	20
18	21
18	23
19	20
19	22
20	22
20	23
21	22
21	23
22	23
24	25
24	26
24	27
24	28
24	30
24	32
25	26
25	28
25	29
25	30
25	31
25	32
25	33
25	34
26	27
26	29
26	30
26	32
26	33
26	34
27	29
27	30
27	31
27	32
27	34
28	29
28	30
28	31
28	32
28	33
28	34
29	30
29	31
29	34
30	31
30	32
30	33
30	34
31	32
31	33
32	33
32	34
33	34
35	36
35	38
35	39
35	40
35	41
35	42
35	43
35	44
35	45
35	46
36	37
36	38
36	39
36	40
36	41
36	42
36	43
36	45
36	46
37	39
37	41
37	42
37	43
37	44
37	45
37	46
38	39
38	40
38	41
38	42
38	43
38	44
38	45
38	46
39	41
39	42
39	43
39	44
39	45
39	46
40	41
40	44
40	45
40	46
41	42
41	44
41	45
41	46
42	43
42	44
42	45
42	46
43	44
43	45
43	46
44	45
45	46
47	48
47	49
47	50
47	51
47	52
47	53
47	56
47	57
48	51
48	52
48	53
48	56
48	57
49	51
49	52
49	53
49	54
49	56
49	57
50	51
50	52
50	53
50	55
50	56
50	57
51	52
51	53
51	55
51	56
51	57
52	53
52	54
52	55
52	56
52	57
53	55
53	56
54	55
54	56
54	57
55	56
55	57
56	57
58	59
58	60
58	61
58	62
58	63
58	64
58	65
58	66
58	67
58	68
58	69
59	60
59	61
59	62
59	63
59	65
59	67
59	68
60	61
60	62
60	63
60	64
60	65
60	66
60	67
60	68
60	69
61	62
61	63
61	64
61	66
61	67
61	69
62	64
62	65
62	66
62	68
62	69
63	64
63	65
63	66
63	67
63	68
63	69
64	68
64	69
65	67
65	68
65	69
66	67
66	68
66	69
67	68
67	69
68	69
70	71
70	73
70	74
70	75
70	77
70	78
70	79
71	72
71	74
71	76
71	78
71	79
72	73
72	74
72	75
72	76
72	78
72	79
73	74
73	75
73	76
73	77
73	78
73	79
74	75
74	76
74	77
74	78
74	79
75	76
75	77
75	78
75	79
76	77
76	78
76	79
77	78
80	81
80	82
80	83
80	84
80	85
80	87
80	88
80	89
80	90
81	82
81	83
81	84
81	85
81	88
81	89
81	90
82	83
82	84
82	85
82	86
82	87
82	88
82	90
83	84
83	86
83	87
83	88
83	89
84	87
84	89
84	90
85	86
85	87
85	88
85	89
85	90
86	87
86	88
86	89
86	90
87	88
87	89
87	90
88	89
88	90
89	90
91	92
91	93
91	94
91	95
91	96
91	97
91	99
91	100
91	102
92	93
92	94
92	95
92	96
92	97
92	98
92	99
92	100
92	101
92	102
93	95
93	96
93	97
93	98
93	99
93	100
93	101
94	95
94	96
94	97
94	98
94	99
94	100
94	101
94	102
95	96
95	97
95	98
95	101
95	102
96	97
96	98
96	99
96	100
96	101
96	102
97	99
97	100
97	101
97	102
98	99
98	100
98	101
98	102
99	100
99	101
99	102
100	101
100	102
101	102
103	104
103	108
103	109
103	110
103	111
104	105
104	106
104	107
104	108
104	109
104	110
104	111
105	106
105	107
105	109
105	110
105	111
106	107
106	109
106	110
106	111
107	108
107	109
107	110
107	111
108	109
108	110
108	111
109	111
110	111
112	113
112	116
112	117
112	118
112	119
112	120
112	121
112	122
113	114
113	115
113	116
113	117
113	118
113	119
113	120
113	121
113	122
114	115
114	116
114	117
114	118
114	121
114	122
115	116
115	117
115	119
115	121
115	122
116	117
116	118
116	119
116	120
116	121
116	122
117	118
117	120
117	121
117	122
118	119
118	120
118	121
118	122
119	120
119	122
120	121
120	122
121	122
123	124
123	125
123	127
123	128
123	130
123	132
124	125
124	126
124	127
124	128
124	130
124	131
124	132
125	126
125	127
125	128
125	129
125	130
125	131
125	132
126	127
126	128
126	129
126	131
126	132
127	128
127	130
128	129
128	131
128	132
129	130
129	132
130	131
133	134
133	135
133	136
133	137
133	139
133	140
133	141
133	144
134	135
134	137
134	139
134	140
134	141
134	142
134	143
135	136
135	137
135	138
135	139
135	140
135	141
135	143
135	144
136	137
136	138
136	139
136	140
136	142
136	143
136	144
137	139
137	140
137	143
137	144
138	139
138	140
138	141
138	142
139	140
139	144
140	141
140	142
140	143
140	144
141	142
141	144
142	143
142	144
143	144
145	146
145	147
145	148
145	149
145	150
145	151
145	152
145	153
145	154
146	147
146	151
146	152
146	153
146	154
147	148
147	149
147	150
147	151
147	152
147	153
147	154
148	150
148	151
148	153
148	154
149	150
149	151
149	154
150	151
150	152
150	153
150	154
151	152
151	153
152	153
152	154
153	154
155	156
155	157
155	159
155	161
155	162
155	163
155	164
155	165
156	157
156	158
156	160
156	162
156	163
156	164
156	165
157	158
157	159
157	160
157	162
157	163
157	165
158	160
158	161
158	162
158	163
158	164
158	165
159	160
159	162
159	163
159	164
159	165
160	161
161	162
161	163
161	164
162	163
162	164
163	165
164	165
166	167
166	169
166	170
166	171
166	172
166	173
166	174
167	169
167	170
167	171
167	172
167	174
167	175
168	170
168	171
168	172
168	173
168	175
169	170
169	171
169	172
169	173
169	174
170	171
170	172
170	173
170	175
171	172
171	173
171	174
172	174
172	175
173	174
173	175
174	175
176	177
176	178
176	179
176	180
176	181
176	183
176	184
176	186
176	187
177	178
177	179
177	180
177	181
177	182
177	183
177	184
177	185
177	186
177	187
178	180
178	181
178	182
178	184
178	186
178	187
179	180
179	181
179	182
179	183
179	185
180	181
180	182
180	183
180	184
180	187
181	182
181	184
181	185
181	186
182	183
182	184
182	185
182	186
182	187
183	184
183	185
183	186
183	187
184	185
184	186
184	187
185	186
185	187
186	187
188	190
188	191
188	192
188	194
188	195
188	196
189	191
189	192
189	193
189	195
189	196
190	192
190	193
190	195
190	196
191	192
191	194
191	196
192	193
192	194
192	195
192	196
193	194
194	196
197	198
197	199
197	200
197	202
197	205
197	206
197	207
198	200
198	202
198	203
198	204
198	205
198	206
198	207
199	200
199	201
199	202
199	203
199	204
199	205
199	207
200	201
200	203
200	206
201	202
201	203
201	204
201	205
201	206
202	203
202	204
202	206
202	207
203	204
203	205
203	207
204	205
204	206
204	207
205	206
205	207
206	207
208	209
208	210
208	211
208	212
208	213
208	214
208	215
208	216
208	218
208	219
209	210
209	212
209	213
209	214
209	215
209	216
209	217
209	218
209	219
210	211
210	212
210	214
210	215
210	216
210	217
210	218
210	219
211	212
211	213
211	214
211	215
211	217
211	219
212	214
212	215
212	216
212	217
212	218
212	219
213	214
213	215
213	217
213	218
213	219
214	215
214	216
214	217
214	218
214	219
215	216
215	217
215	219
216	217
216	218
216	219
217	218
217	219
218	219
