\\ machines
12
\\ max power
120
\\ Jobs in machine 1
10
J1	15	4	22	9	1.0899298280141172
J2	13	14	41	28	1.3865641365210233
J3	12	11	44	21	1.2652943289046568
J4	15	14	11	24	1.2428920206665852
J5	14	8	31	1	0.9101472929575267
J6	14	5	92	11	1.7036988977901468
J7	16	3	9	4	0.9713708826579867
J8	15	5	4	28	1.2611021025990994
J9	14	11	21	26	0.46822445097467613
J10	14	5	36	28	1.0883006841192535
\\ Jobs in machine 2
11
J11	14	7	22	19	1.4206984273025107
J12	15	13	35	4	1.3562677820459066
J13	13	3	109	22	2.114172271741799
J14	13	12	57	3	0.5618750567694518
J15	17	10	38	23	0.6452692214067772
J16	13	13	49	30	1.5496872616527684
J17	14	9	94	26	1.4068775344329685
J18	14	5	70	26	1.5246875211377782
J19	15	4	58	4	1.597955651698434
J20	13	2	104	19	0.48974633886342867
J21	14	14	104	11	0.5750346672784044
\\ Jobs in machine 3
11
J22	12	5	33	14	0.9975152425959111
J23	15	3	10	23	1.0690864028918714
J24	17	2	27	15	1.4581091174156713
J25	15	13	50	27	1.4293310569781676
J26	13	13	2	5	1.5977933977836245
J27	14	2	52	28	0.8523601796105726
J28	13	13	17	9	0.6126548068193024
J29	16	6	35	30	1.5366308552122547
J30	14	6	62	23	1.7695499691102698
J31	14	2	93	27	0.3871228645649061
J32	15	11	92	19	1.3646204412606693
\\ Jobs in machine 4
10
J33	14	6	82	7	0.7339633118901461
J34	16	10	14	4	1.5794941884403084
J35	15	11	17	8	1.4571542392526233
J36	14	11	26	22	0.5770270795513002
J37	14	2	73	6	1.0784271190642876
J38	15	8	101	12	1.0994348288917268
J39	14	5	23	7	0.6382215235606397
J40	14	9	21	9	0.37593566934326716
J41	14	3	34	8	1.787350693136454
J42	15	10	3	19	0.9129831653169329
\\ Jobs in machine 5
11
J43	14	4	9	16	1.4349574463192158
J44	12	4	18	8	0.7668816981500759
J45	15	7	81	14	1.1393739499812587
J46	15	9	63	11	1.8748865455285766
J47	15	2	91	7	2.0786222039933757
J48	14	7	51	4	1.2307041384746467
J49	15	13	5	1	1.4865778731622463
J50	14	1	66	11	1.6209333165927777
J51	14	2	45	9	0.9000466916878568
J52	14	14	54	16	1.5174002932743467
J53	13	1	103	16	1.1384006676259062
\\ Jobs in machine 6
11
J54	16	3	18	8	1.9296455013730318
J55	15	11	42	15	1.6839010267987051
J56	15	3	55	23	1.502429651211619
J57	13	6	77	14	0.8823855802058983
J58	15	6	89	22	0.29607576595180374
J59	13	9	30	23	0.1
J60	15	9	83	30	1.353621994934381
J61	15	8	66	28	1.2689493251979924
J62	16	6	73	29	1.8451416816229824
J63	16	2	105	27	1.9256733130426786
J64	14	4	37	23	1.2786195937210858
\\ Jobs in machine 7
10
J65	16	7	66	27	1.717976734174008
J66	15	6	101	6	0.9295470002817803
J67	13	5	32	11	1.1037438586437873
J68	16	13	77	28	0.5598008854396767
J69	14	2	41	21	0.9484254101122144
J70	16	3	69	7	2.216761431433522
J71	16	5	29	4	1.8743542401607642
J72	15	6	23	9	0.48553376607653453
J73	15	14	13	16	1.143264349565073
J74	15	13	60	12	1.3792851775647137
\\ Jobs in machine 8
10
J75	15	3	23	28	1.1307220208134054
J76	12	11	102	28	0.9484946978451667
J77	14	4	56	30	0.9285184111192178
J78	13	13	30	19	1.2600877261700967
J79	15	6	10	5	0.4118895659049433
J80	14	6	47	4	1.8321465207998677
J81	16	2	107	6	1.5760757156553526
J82	15	7	77	4	1.0733740503369362
J83	14	10	76	24	1.8224661084610334
J84	13	6	65	28	0.9503564571040852
\\ Jobs in machine 9
12
J85	13	12	65	8	1.2856909567764825
J86	13	8	57	22	1.5651747772385982
J87	14	6	54	16	0.3744900650357057
J88	15	14	101	28	0.8155815630195683
J89	13	6	13	29	1.2328891357023326
J90	17	11	20	7	1.4457803029654344
J91	15	8	7	16	0.28496145621574964
J92	15	4	14	6	1.4973334474174058
J93	15	2	21	24	1.356217422856351
J94	12	10	83	15	1.3284230140408833
J95	16	7	22	5	1.4858858907212558
J96	14	11	59	11	1.3496209335234142
\\ Jobs in machine 10
11
J97	16	8	84	28	1.1477811931347537
J98	13	9	109	12	1.3855164492490288
J99	14	10	30	6	1.4445582327427178
J100	15	8	24	26	1.225086615055154
J101	15	11	72	20	1.7090899999865385
J102	15	1	100	17	1.6674930826374281
J103	15	8	32	15	1.113567326926093
J104	14	8	99	9	0.1
J105	14	10	86	13	0.49540732058447556
J106	15	9	91	2	0.36450499675706827
J107	13	4	107	27	0.8356049499650695
\\ Jobs in machine 11
9
J108	14	10	110	28	0.7618562307077221
J109	15	7	15	24	1.0876596765464899
J110	15	13	50	26	0.9740269799413646
J111	15	11	72	25	1.9412259253962183
J112	14	8	25	14	0.9675194381268979
J113	15	5	89	5	1.646346490712704
J114	15	1	48	8	0.9534103437768967
J115	16	4	90	25	1.1124656973512972
J116	15	8	22	20	0.6093028772778512
\\ Jobs in machine 12
11
J117	14	6	73	29	1.7889482056576727
J118	15	11	36	15	1.1555482627694964
J119	14	10	83	30	1.2474248138352177
J120	15	8	27	27	2.0439455563310345
J121	15	7	83	8	1.4841268225657183
J122	14	4	58	27	0.6649603177278504
J123	18	4	91	13	1.3321622129298922
J124	15	13	85	1	1.5383831752269297
J125	15	2	80	12	0.5553942084859876
J126	16	4	109	14	1.6928371256415895
J127	14	10	87	8	1.6549134395397174
\\ Dependencies 
484
1	2
1	4
1	8
1	9
1	10
2	3
2	4
2	5
2	6
2	7
2	8
2	9
2	10
3	5
3	8
3	9
3	10
4	5
4	6
4	7
4	8
4	9
4	10
5	6
5	7
5	8
6	7
6	8
6	9
7	8
7	10
8	9
8	10
11	12
11	13
11	14
11	16
11	17
11	18
11	19
11	20
11	21
12	16
12	18
12	20
12	21
13	14
13	15
13	16
13	17
13	18
13	20
13	21
14	15
14	16
14	17
14	18
14	19
14	20
14	21
15	16
15	18
15	19
15	20
16	17
16	19
16	21
17	18
17	19
17	20
17	21
18	19
18	20
18	21
19	20
20	21
22	23
22	25
22	26
22	28
22	29
22	31
22	32
23	24
23	25
23	27
23	28
23	29
23	30
23	31
23	32
24	25
24	26
24	27
24	28
24	29
24	30
24	31
24	32
25	26
25	27
25	31
26	27
26	28
26	29
26	32
27	28
27	29
27	30
27	32
28	29
28	30
28	32
29	30
29	31
29	32
30	31
30	32
31	32
33	34
33	35
33	37
33	38
33	39
33	40
33	42
34	35
34	37
34	40
34	41
35	36
35	38
35	39
35	40
35	41
36	37
36	38
36	39
36	40
36	42
37	38
37	39
37	40
37	41
38	39
38	40
38	41
38	42
39	40
39	42
40	41
40	42
41	42
43	47
43	49
43	51
43	52
43	53
44	45
44	46
44	47
44	49
44	50
44	51
44	52
44	53
45	46
45	47
45	48
45	49
45	50
45	51
45	52
45	53
46	47
46	49
46	51
46	52
46	53
47	48
47	49
47	50
47	52
47	53
48	49
48	50
48	51
48	52
48	53
49	50
49	51
49	52
49	53
50	52
50	53
51	52
51	53
52	53
54	55
54	56
54	58
54	59
54	60
54	61
54	63
55	56
55	57
55	58
55	59
55	60
55	61
55	62
55	64
56	57
56	58
56	59
56	60
56	61
57	58
57	59
57	60
57	61
57	62
57	63
57	64
58	59
58	60
58	61
58	62
58	63
58	64
59	60
59	61
59	62
59	63
59	64
60	61
60	63
60	64
61	62
62	63
62	64
63	64
65	66
65	67
65	68
65	69
65	70
65	71
65	72
65	73
65	74
66	67
66	68
66	69
66	71
66	72
66	73
66	74
67	68
67	69
67	70
67	71
67	72
67	73
67	74
68	69
68	70
68	71
68	72
68	73
69	71
69	72
69	73
69	74
70	73
71	72
71	73
71	74
72	73
72	74
73	74
75	76
75	79
75	81
75	83
75	84
76	77
76	78
76	80
76	81
76	82
76	84
77	78
77	79
77	80
77	81
77	82
77	83
77	84
78	79
78	80
78	81
78	82
78	83
79	80
79	81
79	82
79	83
79	84
80	81
80	82
80	84
81	82
81	83
82	83
82	84
83	84
85	86
85	87
85	88
85	89
85	90
85	91
85	92
85	93
85	94
85	96
86	87
86	88
86	89
86	91
86	92
86	93
86	94
86	95
86	96
87	91
87	92
87	94
87	95
87	96
88	89
88	90
88	91
88	92
88	94
88	95
88	96
89	90
89	91
89	92
89	93
89	94
89	95
89	96
90	91
90	92
90	93
90	95
90	96
91	92
91	93
91	96
92	93
92	94
92	95
92	96
93	94
93	96
94	96
97	98
97	99
97	100
97	101
97	102
97	103
97	104
97	107
98	100
98	101
98	102
98	103
98	105
98	107
99	100
99	103
99	104
99	105
99	106
99	107
100	101
100	102
100	103
100	104
100	105
100	106
100	107
101	102
101	103
101	106
101	107
102	103
102	104
102	105
102	106
103	104
103	105
103	106
104	106
104	107
105	106
105	107
108	109
108	110
108	111
108	112
108	115
108	116
109	113
109	115
110	111
110	112
110	113
110	115
110	116
111	112
111	113
111	114
111	115
111	116
112	113
112	114
112	116
113	114
113	115
113	116
114	116
117	118
117	119
117	120
117	122
117	123
117	124
117	126
118	119
118	120
118	121
118	122
118	123
118	124
118	125
118	127
119	121
119	122
119	123
119	124
119	125
119	127
120	121
120	122
120	123
120	124
120	125
120	126
120	127
121	122
121	123
121	124
121	125
121	126
121	127
122	123
122	124
122	125
122	126
122	127
123	124
123	125
123	126
124	125
124	126
125	126
125	127
