\\ machines
8
\\ max power
80
\\ Jobs in machine 1
10
J1	15	6	62	17	1.2928073617863198
J2	15	9	33	32	1.1805461915809037
J3	14	8	93	49	1.1535661201712577
J4	15	9	53	54	0.41149434589202494
J5	12	7	77	45	0.94069652258175
J6	16	13	43	50	0.9447832820064059
J7	14	1	17	46	1.1328350744009466
J8	15	3	87	47	0.9331137713530877
J9	16	13	13	11	2.204875244678762
J10	16	9	87	4	0.6602111198913122
\\ Jobs in machine 2
12
J11	16	5	65	3	0.6327282774099064
J12	16	5	20	6	1.1351962398084827
J13	15	6	41	22	0.471620294152981
J14	14	7	37	43	1.190805940150363
J15	15	7	47	58	0.6840926994674947
J16	14	5	73	58	0.7948510573535028
J17	14	10	71	29	1.9826639311316567
J18	14	7	84	3	0.5873424642735724
J19	15	9	52	37	0.735523187954135
J20	15	12	91	60	0.7901887382576138
J21	15	11	94	35	1.3178664171635073
J22	14	9	29	50	1.7282227141597595
\\ Jobs in machine 3
10
J23	13	3	29	32	1.15810737825851
J24	15	1	104	18	0.8010375241112231
J25	15	1	99	4	0.36575612649452816
J26	17	6	6	37	1.1399705348733629
J27	14	6	106	13	0.13555690970606693
J28	15	13	54	52	1.0791177660459925
J29	14	3	67	32	0.38138532583795526
J30	16	13	42	51	0.6113784353811649
J31	13	14	95	2	1.4997196438360871
J32	16	2	69	49	1.9440207849175688
\\ Jobs in machine 4
10
J33	15	9	98	5	0.536418695661098
J34	15	8	66	8	1.4450122593339891
J35	16	6	34	7	1.3526593377159155
J36	17	2	56	10	1.2050652138943632
J37	16	13	58	24	1.1001482965788916
J38	14	11	85	17	1.223554080705993
J39	14	14	46	36	1.0455596068315187
J40	14	13	49	58	0.913758193336057
J41	16	14	93	46	0.8906832093825253
J42	14	10	55	10	1.1256914039036425
\\ Jobs in machine 5
10
J43	14	10	35	39	1.015145313150076
J44	14	2	23	31	1.042987544002226
J45	16	8	91	13	0.7633501125871249
J46	15	4	37	33	1.1877874844572904
J47	16	10	7	20	1.2199802248400757
J48	16	13	92	27	2.0549747151108244
J49	14	9	34	32	1.912859800006331
J50	14	5	107	28	1.151031089181657
J51	16	14	81	6	1.0997053364671432
J52	15	8	37	41	1.3147796265858998
\\ Jobs in machine 6
10
J53	14	4	98	45	0.9076247596360824
J54	14	2	66	37	1.4169192828535027
J55	15	4	46	33	2.0146572791667388
J56	18	1	79	26	1.9438715990881623
J57	14	14	11	25	0.5950573676926416
J58	16	10	71	43	1.0487651627654402
J59	12	12	22	58	0.8356574299918825
J60	14	12	37	29	0.8145907428946952
J61	14	4	62	55	0.5947784776615583
J62	15	3	90	50	0.7676279987134965
\\ Jobs in machine 7
10
J63	13	12	53	28	0.7305767674049937
J64	14	1	109	13	1.3736118119186604
J65	16	13	87	14	1.6096250458310957
J66	14	4	14	25	1.0965623111336666
J67	14	11	10	30	0.8183976255286116
J68	15	4	30	57	1.91037382802944
J69	13	8	106	30	1.4323011544428614
J70	16	12	23	27	0.6938467530949852
J71	14	13	74	25	1.1321700435357427
J72	15	1	94	33	1.2713220383170851
\\ Jobs in machine 8
11
J73	15	12	57	47	1.4250361773250684
J74	14	12	71	30	1.0881257825648576
J75	16	1	53	59	1.58701091467465
J76	15	7	26	9	1.5198587838655493
J77	16	14	81	46	1.1636097083883998
J78	13	10	27	38	0.35024197520245803
J79	14	9	11	10	1.1607636597419488
J80	14	11	109	30	1.7288110840400135
J81	14	2	96	50	1.7215818398470366
J82	13	4	50	52	1.2846609220104517
J83	14	9	93	42	0.7440327233826484
\\ Dependencies 
154
1	4
1	9
2	3
2	6
2	9
3	4
3	5
4	5
4	9
5	6
5	9
5	10
6	7
7	9
8	9
8	10
11	12
11	13
11	15
11	17
12	13
12	14
13	14
13	16
13	17
13	18
13	21
14	16
14	18
15	16
15	17
15	19
15	22
16	20
16	21
18	19
18	21
18	22
19	22
20	22
23	24
23	25
23	26
23	27
23	29
24	25
24	32
25	31
25	32
26	28
26	29
26	30
26	31
27	31
27	32
28	29
28	30
28	31
28	32
29	31
31	32
33	34
33	37
33	40
33	42
34	35
34	37
34	40
35	36
37	42
38	40
39	40
41	42
43	44
43	51
44	45
44	51
44	52
45	49
45	50
45	51
45	52
46	50
46	51
47	48
47	50
47	51
48	49
48	51
49	50
49	52
50	52
53	57
53	60
53	61
53	62
54	58
54	59
54	60
54	61
55	61
56	57
56	62
57	58
57	59
57	60
57	62
58	60
59	60
59	62
61	62
63	66
63	70
64	65
64	66
64	67
64	68
65	67
65	71
65	72
66	68
66	69
67	68
67	69
67	70
67	71
68	69
68	70
69	71
69	72
70	72
73	74
73	77
73	78
73	79
73	81
74	77
74	79
75	78
75	79
75	80
75	82
75	83
76	79
76	81
76	83
77	78
77	79
77	82
77	83
78	79
79	83
80	81
81	83
