\\ machines
6
\\ max power
60
\\ Jobs in machine 1
12
J1	16	2	103	21	0.48538253739412884
J2	14	2	9	7	0.782738359652936
J3	15	14	63	7	1.0959676525251763
J4	14	8	80	15	2.1981501409214372
J5	15	13	66	17	0.5973457176537228
J6	16	12	59	8	1.354123529296941
J7	16	6	78	30	0.1
J8	15	10	5	11	1.9436183316710645
J9	14	5	85	22	1.9560681942495624
J10	12	6	106	23	1.4744707617406756
J11	13	11	12	6	1.3934035303824792
J12	13	6	32	25	0.8512891852384519
\\ Jobs in machine 2
12
J13	14	13	89	6	1.790365096759027
J14	15	4	85	2	1.5214198052452481
J15	15	10	49	20	0.6027392116646169
J16	14	3	57	29	0.6180058687935271
J17	13	8	66	6	1.4891157332856266
J18	14	10	81	10	1.5883168260805727
J19	14	4	51	30	1.6344990252308966
J20	16	10	60	16	1.7665305367767226
J21	14	1	53	28	2.254730110064074
J22	14	7	20	18	1.3421829564869487
J23	13	6	68	24	1.2257726637416517
J24	15	14	74	21	1.1955784907289777
\\ Jobs in machine 3
11
J25	16	6	42	24	1.1054424475416
J26	14	6	16	4	1.0490655057639207
J27	15	12	48	20	1.6070127984897489
J28	14	14	60	29	1.7613134667564676
J29	16	11	82	14	1.6715915814299445
J30	14	4	93	25	0.19401664452074097
J31	13	9	12	8	0.4968614624385741
J32	16	2	9	25	0.804865040273999
J33	15	12	39	2	1.5106421106084247
J34	15	8	99	20	1.266647509934884
J35	15	7	98	10	0.1
\\ Jobs in machine 4
12
J36	14	13	91	13	1.285572008430879
J37	14	1	20	13	1.5069841384157643
J38	14	11	75	7	1.0165937228155035
J39	15	12	73	1	1.8039062026987567
J40	15	7	27	17	2.275254204086313
J41	16	4	98	2	1.4651881076423745
J42	14	13	42	30	0.7354665318948439
J43	14	8	105	2	0.8745938186510003
J44	15	9	18	16	1.9412608544763814
J45	13	6	88	8	0.9303667940300833
J46	15	12	107	13	1.4374041948416072
J47	13	1	21	23	0.7388481529997355
\\ Jobs in machine 5
10
J48	14	5	2	21	1.4180173664699507
J49	13	3	19	21	1.4626060247185921
J50	15	12	10	18	0.8199799601448678
J51	13	12	4	6	0.10289279450065592
J52	15	12	5	16	1.4368757263122698
J53	16	7	15	9	0.41219626891085437
J54	16	1	85	6	0.8873691863749122
J55	16	1	87	9	1.4080135793549167
J56	14	12	100	9	1.2262623370876278
J57	15	7	89	1	1.6700418950973381
\\ Jobs in machine 6
10
J58	13	3	10	8	2.1186373749660947
J59	13	1	32	22	0.9658438164459293
J60	17	4	10	20	0.8477483099003729
J61	14	9	65	14	2.1932773306460818
J62	13	14	14	12	1.6468765842873176
J63	15	5	81	24	0.7995433882210974
J64	15	12	53	21	2.1957954277232146
J65	14	8	22	7	1.5239144242042195
J66	13	3	42	20	0.5370223307033496
J67	14	9	92	15	1.7538651429501453
\\ Dependencies 
205
1	2
1	7
1	8
1	9
1	12
2	3
2	4
2	5
2	7
2	8
2	9
2	10
2	11
2	12
3	5
3	6
3	7
4	6
4	7
4	9
4	10
4	11
4	12
5	6
5	8
5	9
5	10
5	11
6	7
6	8
6	9
6	11
6	12
7	8
7	12
8	10
8	12
10	12
11	12
13	14
13	17
13	18
13	23
13	24
14	19
14	20
14	21
14	23
14	24
15	16
15	17
15	18
15	19
15	20
15	22
15	23
15	24
16	18
16	19
16	21
16	24
17	21
17	23
17	24
18	19
18	20
18	21
18	23
18	24
19	20
19	24
20	21
20	22
20	23
21	23
22	23
22	24
25	28
25	29
25	31
25	33
26	27
26	29
26	31
27	29
27	31
27	32
27	33
27	35
28	29
28	30
28	31
28	32
28	33
28	34
28	35
29	30
29	32
29	34
30	31
30	32
31	32
31	35
32	34
32	35
34	35
36	37
36	39
36	40
36	41
36	42
36	43
36	44
36	45
36	47
37	39
37	41
37	42
37	43
37	44
37	45
37	46
38	39
38	42
38	43
38	44
38	45
38	47
39	41
39	44
39	46
39	47
40	41
40	42
40	44
40	46
41	42
41	43
41	47
42	44
42	47
43	44
43	45
43	46
43	47
44	45
44	47
45	46
48	49
48	50
48	51
48	52
48	53
48	54
48	55
48	56
49	51
49	52
49	54
49	55
49	56
49	57
50	52
50	53
50	57
51	52
51	54
51	56
51	57
52	53
52	55
52	56
52	57
53	55
53	56
54	55
55	57
58	59
58	60
58	62
58	64
58	67
59	60
59	61
59	62
59	65
59	67
60	62
60	65
60	66
60	67
61	62
61	63
61	64
61	65
61	66
61	67
62	64
63	64
63	67
64	65
64	66
65	66
65	67
66	67
