\\ machines
12
\\ max power
120
\\ Jobs in machine 1
10
J1	14	7	46	47	1.0836924928919478
J2	15	1	29	24	0.7954278900213338
J3	12	9	69	9	1.164115698584576
J4	13	4	48	76	0.5881844372111729
J5	14	12	58	51	1.1477880558376552
J6	15	1	93	82	1.355626281230866
J7	15	4	52	69	1.2836393740507548
J8	14	3	88	19	0.5911482121303242
J9	13	2	88	28	1.7060049918519629
J10	16	6	9	4	1.592841432953974
\\ Jobs in machine 2
11
J11	13	12	15	84	1.39092747734107
J12	15	7	101	5	0.1
J13	15	2	80	49	1.5000038151177513
J14	15	3	107	69	0.201222539315828
J15	14	9	17	86	1.8173187083607463
J16	14	11	8	53	0.8434542404247143
J17	15	2	99	11	2.218621103895285
J18	14	13	38	5	0.48351439188944145
J19	16	10	53	31	0.6068380920414436
J20	16	5	68	72	2.3058540612120066
J21	15	1	84	62	1.263412752665378
\\ Jobs in machine 3
11
J22	12	1	110	22	1.3521039423187138
J23	14	14	107	7	1.449583348731511
J24	14	13	89	2	0.8556743668993276
J25	16	10	90	39	0.8606287513328287
J26	14	11	55	77	1.2802609944215941
J27	14	7	66	40	1.7671297672399078
J28	14	4	20	1	0.9202728845568189
J29	14	6	96	22	1.732563940500519
J30	14	14	73	7	0.8028863638003654
J31	14	1	107	49	1.4773913270431887
J32	15	1	66	27	0.949818049336333
\\ Jobs in machine 4
11
J33	16	14	14	81	1.2246708547435263
J34	16	14	76	76	0.621571870139933
J35	15	3	79	48	1.14129947174267
J36	16	1	31	41	0.6384502836725962
J37	14	3	7	3	0.8413336081612307
J38	13	1	101	57	0.7754075255125841
J39	16	11	72	47	2.257626056512279
J40	14	8	80	15	0.9569989786181962
J41	14	1	57	36	1.0768427567733674
J42	15	14	84	24	1.7782930704772086
J43	14	5	98	17	0.7812628402948909
\\ Jobs in machine 5
12
J44	14	11	101	79	1.5022212405797917
J45	16	3	98	22	1.5386069963263074
J46	15	5	96	26	1.2314629267102053
J47	15	11	44	80	1.4787068974188644
J48	15	3	3	68	0.1883910142373677
J49	14	9	108	76	1.0031170047948212
J50	17	11	49	57	1.0366232693628559
J51	15	14	70	34	1.995653440611072
J52	15	5	106	26	0.8659934177294066
J53	15	4	53	28	0.5482226521380126
J54	16	12	110	78	1.3090648269472076
J55	17	10	3	87	0.36941492568960277
\\ Jobs in machine 6
11
J56	15	4	27	24	1.6556106452157366
J57	14	3	14	53	0.6850784309709723
J58	14	9	85	57	1.0275273589892933
J59	15	4	56	50	0.1
J60	15	3	66	58	2.1110975559433385
J61	17	1	20	40	1.6307447029582063
J62	13	6	102	51	0.8460717030057311
J63	16	14	53	84	1.8381425810797154
J64	14	4	13	73	1.1969125323881182
J65	14	4	77	73	1.4038224652449958
J66	14	1	103	22	1.3122300083088725
\\ Jobs in machine 7
11
J67	13	9	63	21	0.8632431035815318
J68	14	6	30	15	0.6465818812819794
J69	15	12	40	87	1.2475002434120896
J70	14	6	103	79	1.2076113232092693
J71	15	7	6	7	0.32658188999754767
J72	14	8	82	55	0.9613874866966382
J73	15	1	17	52	0.945771311728538
J74	14	10	104	85	1.88296463059269
J75	15	2	15	11	1.3977287447249507
J76	13	1	72	66	1.1372430857398705
J77	15	2	3	45	0.9061788231845247
\\ Jobs in machine 8
12
J78	14	14	75	46	0.1
J79	14	2	68	81	1.7267120882053772
J80	16	7	106	3	1.0383210782261731
J81	15	12	42	22	1.5311822286487389
J82	14	14	26	47	1.2234470414726233
J83	13	14	73	65	2.558992619774573
J84	15	14	94	65	0.9445870550269904
J85	13	2	3	71	0.9791068267759722
J86	14	9	57	9	0.33024746315174014
J87	15	8	101	54	1.1493298661359839
J88	14	13	70	17	0.937833382747308
J89	15	3	101	73	1.2654067503389517
\\ Jobs in machine 9
10
J90	15	7	66	52	1.647748606256897
J91	14	2	24	56	1.4769642919911254
J92	14	11	38	24	0.2341175423509393
J93	14	7	85	83	1.6533923869996454
J94	14	8	57	24	0.973466548202364
J95	15	14	84	2	1.3169676184914836
J96	15	2	74	66	0.5889812141857256
J97	16	7	110	82	0.772416388080539
J98	14	10	86	46	1.308099163931758
J99	15	9	89	44	1.2101449390343924
\\ Jobs in machine 10
12
J100	15	4	58	25	1.712873358312399
J101	12	7	58	42	2.052758011590819
J102	14	12	43	6	1.4417779269591824
J103	16	4	20	27	1.1096238787409427
J104	15	6	60	83	1.3651812042235005
J105	13	10	7	70	1.6570825332376753
J106	16	6	88	40	1.6766158691417554
J107	16	3	110	49	1.7004866574360782
J108	14	4	18	3	0.4191553226413177
J109	13	14	75	82	1.5232557847140544
J110	15	11	9	7	1.6811343973972488
J111	14	3	104	10	1.130249095291412
\\ Jobs in machine 11
12
J112	13	1	110	66	1.124522757971707
J113	13	11	110	7	0.9980375090871443
J114	14	2	4	20	0.8728448690593901
J115	13	7	11	82	1.2728894528826287
J116	15	6	94	24	1.4005947765636322
J117	16	1	103	12	0.8952866704334883
J118	14	4	87	20	0.6222543099973514
J119	16	4	109	48	0.5903597765927527
J120	14	1	7	62	0.18239627327177743
J121	15	5	31	8	0.7174077121274118
J122	15	4	51	8	0.6943213939188114
J123	14	5	93	51	0.4655834031903989
\\ Jobs in machine 12
9
J124	13	4	17	62	0.9486364529526641
J125	15	11	55	29	0.9565824118302155
J126	15	9	42	23	1.3894406591178627
J127	14	12	29	58	1.1283388385217064
J128	16	7	24	59	0.7967745273436211
J129	15	8	87	12	1.3202217400002862
J130	16	2	47	55	1.2423301975537147
J131	16	11	89	2	1.3380840602545039
J132	13	7	56	13	1.117126652177695
\\ Dependencies 
54
2	4
3	5
4	6
4	7
6	7
6	9
7	8
11	13
12	17
19	20
23	27
24	26
24	29
25	30
25	32
26	31
33	34
33	43
34	35
34	40
38	43
40	41
44	45
44	46
45	48
45	50
46	49
46	54
47	53
49	50
51	53
52	55
56	61
56	65
59	65
62	64
68	75
69	70
69	71
70	72
72	76
74	77
75	76
78	82
81	88
100	108
102	110
113	123
114	123
116	117
116	123
120	122
122	123
125	127
