\\ machines
6
\\ max power
60
\\ Jobs in machine 1
12
J1	17	3	45	12	1.587687994920704
J2	15	7	36	9	1.0675274767671237
J3	15	14	4	4	1.600471192871949
J4	14	7	105	14	1.873786652853819
J5	17	11	110	1	2.3746449824733253
J6	14	9	5	2	0.7026342754455126
J7	15	13	13	15	1.0538387187348903
J8	15	8	68	10	0.5477487457514548
J9	13	11	80	15	1.1550239215389615
J10	16	2	36	4	1.1390838268307315
J11	15	9	38	8	1.2851438745747137
J12	16	10	107	7	1.109221241154958
\\ Jobs in machine 2
11
J13	15	5	49	3	1.0867659748197045
J14	14	1	8	15	1.0338939512568261
J15	13	3	65	9	1.700487961177455
J16	14	7	64	4	0.768412118488541
J17	15	13	75	13	1.5934669819213365
J18	14	8	61	7	1.9040825685697564
J19	16	13	70	5	1.6664578710021687
J20	15	13	81	7	0.9193895218557042
J21	15	9	23	4	0.8519408177309993
J22	12	2	70	4	0.8064160273981495
J23	14	6	72	5	1.6628550194138991
\\ Jobs in machine 3
10
J24	14	1	23	15	1.1628792161857262
J25	14	8	27	15	1.158390600221265
J26	16	10	71	15	0.1
J27	13	2	110	7	1.4457272465836803
J28	14	7	67	5	0.5681402471186145
J29	15	4	32	6	0.8509587963985911
J30	15	14	13	9	2.236602498135102
J31	13	7	25	9	1.40660015669546
J32	14	9	28	6	0.47203330625446527
J33	12	1	8	14	0.8809935813915084
\\ Jobs in machine 4
10
J34	13	4	22	2	2.164689304438257
J35	16	10	48	9	1.4993471594559578
J36	13	10	26	6	1.732225166741934
J37	14	11	30	1	0.5919336863682495
J38	15	4	99	10	2.7747199282053225
J39	14	8	67	11	1.167826092449937
J40	15	12	94	9	1.7048554564584633
J41	14	13	78	8	1.719244340964718
J42	15	1	69	14	1.518083661905267
J43	14	9	32	1	1.795036172693869
\\ Jobs in machine 5
10
J44	13	9	35	14	1.417982324862601
J45	15	13	90	15	0.9216192020421519
J46	15	11	12	3	1.267034789693629
J47	13	5	23	8	1.535641874826082
J48	12	3	109	13	1.5120327649090535
J49	13	11	17	15	0.2518908897796962
J50	13	4	12	12	1.2140710598310853
J51	14	12	65	13	0.10688790330598752
J52	15	11	89	2	0.9912518031852935
J53	15	8	91	10	2.2968987801391485
\\ Jobs in machine 6
12
J54	15	11	54	5	0.8789062162639165
J55	14	12	63	15	1.0175217762040505
J56	16	3	69	3	0.8149017298468634
J57	14	2	15	9	0.1
J58	14	4	77	3	1.8710009284621993
J59	16	14	108	14	1.1600375375240546
J60	13	6	76	5	1.5301871527886644
J61	13	3	48	4	1.7355862167173899
J62	12	9	78	1	1.1410818931569933
J63	14	5	28	1	1.454698048912741
J64	13	4	67	7	1.496781774675853
J65	16	7	83	8	0.7162495104166264
\\ Dependencies 
64
2	5
2	8
2	10
3	4
3	8
3	9
3	10
4	5
6	7
6	11
7	9
8	9
8	12
13	17
13	22
14	15
15	23
16	20
16	23
17	19
17	20
18	19
20	22
20	23
21	22
24	26
24	33
25	28
25	29
26	28
26	32
28	31
30	32
34	35
34	36
34	37
34	43
35	41
36	37
36	42
37	39
37	40
38	43
40	41
44	45
44	48
44	50
45	46
45	47
45	52
47	52
49	50
49	52
49	53
54	62
54	63
54	64
55	58
55	65
56	57
56	63
59	61
60	62
60	65
