\\ machines
10
\\ max power
100
\\ Jobs in machine 1
10
J1	15	10	55	20	1.792878144228559
J2	14	8	74	74	1.6090718704692357
J3	13	2	83	46	1.7653561619382687
J4	17	14	60	33	1.7203740667862002
J5	14	13	109	66	1.3837167796118233
J6	16	7	45	57	0.6020311837373195
J7	14	11	14	19	0.8092673880062116
J8	13	9	59	34	1.076239385237378
J9	17	11	106	69	1.4125606847227408
J10	14	1	42	6	1.4703275039102546
\\ Jobs in machine 2
11
J11	16	3	49	64	0.1
J12	15	12	104	50	1.4257860121122585
J13	14	3	67	54	0.7456952027493455
J14	13	10	58	49	1.1637380326592548
J15	13	13	88	6	0.6220779649573125
J16	12	9	2	27	0.15734020574270624
J17	16	8	72	29	0.9297001484317473
J18	15	14	107	72	1.633971241617007
J19	14	6	63	61	1.7499401953336717
J20	14	9	64	38	0.6107569054132646
J21	17	6	38	75	0.8408657939310467
\\ Jobs in machine 3
11
J22	17	10	38	30	1.3213829197590405
J23	13	6	21	2	0.9152506840188939
J24	13	14	81	51	1.5468885460869763
J25	14	14	40	34	0.18896147739844493
J26	14	7	84	68	1.2067357769879226
J27	14	14	18	32	0.612328172589191
J28	14	1	17	27	1.2987303924097258
J29	17	9	16	7	1.8925254977751527
J30	15	8	16	24	0.1
J31	13	14	49	74	1.4200831063519892
J32	14	9	92	16	0.39269660590985067
\\ Jobs in machine 4
11
J33	14	10	30	35	0.9273646670151736
J34	16	7	83	37	1.910496277301762
J35	14	14	56	57	1.54873540389741
J36	13	10	58	11	1.1548126266682817
J37	15	8	15	43	0.9338731172854396
J38	14	4	46	33	0.48810739895370836
J39	12	3	104	48	0.8058005561713186
J40	14	13	49	15	1.3517256771461899
J41	14	6	34	19	0.1
J42	16	14	50	40	1.474188311829733
J43	14	1	73	47	1.7604818897083152
\\ Jobs in machine 5
11
J44	15	9	60	35	1.004951580218992
J45	15	1	52	17	1.3040434926335591
J46	16	3	68	39	0.6082172168429998
J47	14	2	47	33	1.6015971508509448
J48	14	4	102	26	1.9324811263526187
J49	13	5	53	37	0.7509201303085965
J50	15	13	45	39	0.5738485480276722
J51	15	6	34	4	1.5366126644689988
J52	14	12	85	71	1.1049850214310586
J53	13	14	36	38	1.1027284761664975
J54	16	5	73	10	1.5020967881840188
\\ Jobs in machine 6
12
J55	15	11	108	54	2.1899010000107095
J56	15	13	60	30	0.5067637880004217
J57	14	4	20	47	1.8587427961729768
J58	14	12	66	66	1.8811971863876562
J59	15	14	63	62	1.0448503972256138
J60	13	9	77	55	1.1381075134178533
J61	15	3	35	12	1.425722296855448
J62	17	13	12	58	0.7112220850291227
J63	15	5	10	33	1.3904515275587537
J64	14	4	18	65	0.6445656359943656
J65	13	7	45	28	1.3962779625607995
J66	14	11	80	59	1.2819476534954366
\\ Jobs in machine 7
9
J67	15	14	34	74	2.529364648308941
J68	14	14	102	20	0.45469506274954463
J69	15	10	90	42	1.5558933684270946
J70	16	14	78	36	2.1242121754677177
J71	15	8	54	4	0.5215342414145014
J72	15	4	99	59	1.047766744249993
J73	12	13	55	35	1.4743785211161686
J74	14	9	7	69	2.059190238976153
J75	14	2	55	17	0.9206330996787434
\\ Jobs in machine 8
8
J76	16	12	56	47	0.8912625569127666
J77	12	13	41	9	0.6363650207656754
J78	14	12	58	39	0.4366304024075508
J79	13	2	6	72	1.7535388788730888
J80	14	11	64	67	1.196164098356393
J81	15	13	54	3	0.4308107196452374
J82	15	4	34	6	1.2043869155803035
J83	15	5	110	25	1.266437938888298
\\ Jobs in machine 9
9
J84	14	7	68	50	1.9104179090348756
J85	14	1	41	47	1.4400311563285364
J86	14	11	92	65	2.3036335477022414
J87	13	9	67	31	1.5870092222293195
J88	14	7	32	6	1.2271895660049061
J89	14	6	52	50	1.7079396928124435
J90	16	14	92	38	1.2766869081132701
J91	15	12	69	44	0.4217185202886179
J92	14	2	26	60	2.390520750761479
\\ Jobs in machine 10
12
J93	15	10	24	7	0.5806652744148196
J94	16	2	110	42	1.4319621082200298
J95	14	12	13	71	0.5468732595572429
J96	14	11	107	35	2.035083978195778
J97	14	12	88	39	1.035765969807814
J98	14	14	76	28	1.5328582731807807
J99	14	1	65	16	0.6849362406030826
J100	15	11	29	42	1.2028382527710901
J101	16	2	36	15	0.6804816234401743
J102	14	14	48	44	0.6689141780030832
J103	14	8	64	39	2.180944559602804
J104	15	10	99	2	2.0974775288063756
\\ Dependencies 
54
1	3
1	10
2	9
2	10
3	4
4	10
5	7
5	10
6	7
12	18
12	21
17	21
23	30
29	32
33	34
34	42
35	42
36	39
37	40
38	41
39	41
40	42
44	45
44	47
44	50
45	46
46	50
47	49
47	54
48	54
49	50
55	61
56	64
57	63
59	63
59	65
62	64
67	70
67	72
68	75
76	83
78	83
84	85
84	88
84	89
85	92
86	90
90	92
93	95
93	101
95	100
97	101
97	103
99	104
