\\ machines
15
\\ max power
150
\\ Jobs in machine 1
10
J1	14	7	45	4	1.7392033744019226
J2	13	10	47	2	2.073062021835893
J3	14	13	32	18	1.1066544225729917
J4	14	1	39	32	0.6021052378226472
J5	15	7	110	14	1.5707732066195559
J6	15	6	79	25	2.5736541459569544
J7	15	3	103	9	0.618742456427299
J8	14	9	16	10	1.772519302968985
J9	15	14	79	31	0.9858143083911738
J10	13	7	77	22	0.9859139392324804
\\ Jobs in machine 2
11
J11	14	3	95	24	0.6504711581090283
J12	14	4	106	2	2.488935547635864
J13	14	11	39	30	1.7715388819125857
J14	14	10	84	23	1.646712152691594
J15	14	1	14	13	1.1192795780849396
J16	16	13	16	24	0.7187536222918496
J17	16	2	69	25	1.0622487056366172
J18	16	13	15	8	1.0916919322443759
J19	14	4	32	34	0.4175321971272252
J20	16	2	82	16	0.41913612872825035
J21	14	8	59	17	2.1420117130168745
\\ Jobs in machine 3
13
J22	14	11	27	11	1.0183680502865489
J23	16	11	105	26	1.2954890027816743
J24	14	1	105	15	1.6072908024081127
J25	15	3	5	13	1.4729144378935992
J26	12	11	3	32	0.68293998923891
J27	13	14	50	27	0.8508310419191827
J28	15	1	29	2	1.3613011056397415
J29	14	13	7	13	1.2327420165164904
J30	14	7	82	28	1.3634008140386848
J31	14	6	71	9	0.6341089718042862
J32	15	4	100	26	2.327503226133963
J33	13	3	29	23	1.2618600946366894
J34	15	4	84	15	1.5654464916480797
\\ Jobs in machine 4
10
J35	14	13	42	28	1.9845712074614772
J36	15	11	79	25	1.826985536168942
J37	15	7	109	28	1.4095067263338708
J38	14	9	5	21	1.2666660377133039
J39	15	1	40	20	1.1856019265243265
J40	14	6	47	36	0.6817214572105206
J41	12	13	21	19	1.608427213151424
J42	13	14	71	30	0.783636200934553
J43	15	9	89	2	0.402986242325445
J44	13	4	71	10	0.866553577540436
\\ Jobs in machine 5
10
J45	14	6	65	28	0.8526957378807131
J46	16	1	63	10	1.4622373779107265
J47	14	9	47	36	0.8781133291001477
J48	15	8	98	36	0.2636155878741261
J49	13	12	11	3	1.9733590609605818
J50	15	9	23	3	1.2438104170234687
J51	15	1	10	8	1.16594467000008
J52	14	7	108	34	1.4806921777659827
J53	14	4	86	34	1.8573587290560973
J54	15	12	59	2	0.4635982997011845
\\ Jobs in machine 6
10
J55	14	12	10	10	1.1381809842540522
J56	14	14	27	27	0.1
J57	15	9	37	23	1.4539283524869488
J58	13	9	62	1	0.9363166630496388
J59	16	2	45	16	1.369129451723546
J60	13	7	35	32	1.9494573050378414
J61	14	8	31	8	1.8536656837233063
J62	15	9	7	16	2.075313174950647
J63	13	14	37	14	0.9278554498117793
J64	15	8	72	32	1.6694419763186803
\\ Jobs in machine 7
11
J65	15	12	51	27	1.4390023625738038
J66	14	11	29	4	1.240216158129306
J67	14	10	9	4	0.6881068229264065
J68	14	9	76	33	0.44181135829602713
J69	14	2	99	24	0.798447033005941
J70	15	4	97	3	1.4415225463655972
J71	14	6	75	16	1.1434496167316694
J72	16	5	36	31	0.5032114592160456
J73	16	3	10	19	1.4945738141913432
J74	13	3	23	1	0.9171707071650523
J75	15	8	68	18	0.5735950498682293
\\ Jobs in machine 8
11
J76	14	7	69	12	1.3590988241079343
J77	14	3	61	4	1.0716073235637478
J78	14	11	100	24	2.202663855453138
J79	15	13	76	22	1.6805259882280206
J80	14	10	6	26	0.9681392377255089
J81	15	3	2	25	1.281638941858551
J82	16	8	94	30	1.4642867244386704
J83	15	2	58	16	0.3153264722464917
J84	15	8	93	6	1.9735808639215588
J85	13	10	29	6	1.2722071840916027
J86	14	11	71	31	1.0600058702722137
\\ Jobs in machine 9
11
J87	14	5	34	16	1.5883611023917437
J88	14	2	41	21	1.134349063719566
J89	14	14	29	3	0.8036405373419617
J90	17	7	104	19	1.2391837922437103
J91	14	2	71	18	1.261168998184432
J92	15	3	108	34	1.2362556829803506
J93	15	7	20	8	0.32143386639839244
J94	16	9	64	22	1.3045865726842174
J95	16	2	4	28	1.40026774280416
J96	15	8	61	19	0.8148808252670978
J97	15	1	97	24	1.6701849938889288
\\ Jobs in machine 10
9
J98	13	12	27	27	1.4297670041618111
J99	15	1	38	30	1.9018764262330954
J100	13	2	25	29	1.141632143987115
J101	15	14	33	6	0.1
J102	12	7	102	37	1.5216194672819814
J103	14	9	88	2	1.2950771059837582
J104	15	14	106	11	0.7638990346282415
J105	15	11	88	3	1.6405399446174376
J106	13	12	37	6	1.8216269301159822
\\ Jobs in machine 11
10
J107	14	6	42	24	1.053768977088524
J108	15	13	36	24	0.8065774619090925
J109	15	4	107	17	2.023658943152372
J110	14	12	107	37	1.4616128309971472
J111	14	4	47	10	0.5747105905971763
J112	12	2	104	28	0.9654106526131948
J113	14	6	29	32	1.4917751955516987
J114	14	7	60	25	1.4731661469021193
J115	16	1	53	16	1.6379637730842502
J116	14	5	110	7	2.3645593456331353
\\ Jobs in machine 12
11
J117	14	12	89	36	1.4311360380750024
J118	15	5	103	17	1.4923264477482217
J119	14	13	28	1	1.8908528761887933
J120	15	8	106	15	2.114930972584305
J121	16	11	74	6	1.0273648788455672
J122	15	12	72	15	0.6984022927978323
J123	16	8	54	5	1.2776163335337605
J124	14	7	62	13	1.8228892215103198
J125	14	4	66	32	1.3334952884708133
J126	15	8	93	18	1.1778960509219252
J127	14	11	14	13	1.1654538229160587
\\ Jobs in machine 13
13
J128	15	3	59	35	0.9119437035208882
J129	14	11	59	37	1.4218686738097568
J130	14	8	52	1	1.6792686534038146
J131	15	2	9	10	1.3925683128337303
J132	14	10	105	2	0.39891842091783836
J133	16	1	13	19	0.8214443209518784
J134	15	13	96	23	1.376321148134756
J135	14	2	32	27	0.838498398901552
J136	13	9	11	11	1.7409796260345343
J137	16	8	23	1	1.496801063636718
J138	15	4	51	1	1.015140357742832
J139	14	2	36	17	1.3532311908633985
J140	15	3	75	28	0.8313094792989719
\\ Jobs in machine 14
10
J141	16	11	67	2	1.3465365553179582
J142	16	12	67	5	1.405770441467698
J143	16	8	69	2	0.4760717604286252
J144	14	6	58	18	1.6686409569951635
J145	15	10	18	35	2.3953256529781846
J146	13	8	47	13	1.345712173502086
J147	14	1	36	4	2.0425081059517205
J148	17	13	103	3	1.788689740262658
J149	15	11	72	25	1.585053697902719
J150	13	3	92	26	0.1
\\ Jobs in machine 15
13
J151	14	13	39	11	2.0028146439789727
J152	16	9	84	22	0.4859910553287443
J153	15	6	52	24	1.1468412392973086
J154	15	6	72	4	0.8468812335224298
J155	14	12	20	21	1.509449666782279
J156	15	11	55	31	1.7660990268800083
J157	14	5	108	1	1.402113480108442
J158	14	2	22	20	0.6109468927762964
J159	16	6	64	34	1.1839029294930927
J160	13	11	17	9	1.4341560497591361
J161	15	10	87	24	1.1190051687905722
J162	13	8	97	18	0.7036069695133438
J163	14	4	95	23	1.5460732614941302
\\ Dependencies 
662
1	2
1	3
1	4
1	5
1	6
1	7
1	8
1	9
1	10
2	3
2	5
2	6
2	7
2	8
2	9
2	10
3	5
3	6
3	7
3	9
3	10
4	5
4	6
4	7
4	9
4	10
5	6
5	7
5	8
5	9
6	7
6	8
6	9
7	8
7	9
7	10
8	9
8	10
9	10
11	12
11	13
11	14
11	15
11	16
11	17
11	18
11	19
11	21
12	13
12	14
12	15
12	17
12	18
12	19
12	21
13	14
13	15
13	16
13	17
13	18
13	19
14	15
14	16
14	18
14	21
15	16
15	18
15	19
15	20
15	21
16	17
16	18
16	20
16	21
17	18
17	19
17	20
17	21
18	19
18	20
18	21
20	21
22	23
22	24
22	25
22	26
22	27
22	28
22	29
22	31
22	33
22	34
23	25
23	26
23	27
23	29
23	32
23	33
23	34
24	25
24	26
24	27
24	29
24	31
24	32
24	33
24	34
25	26
25	27
25	28
25	29
25	31
25	32
25	33
26	29
26	30
26	31
26	32
26	33
26	34
27	29
27	30
27	31
27	32
28	29
28	30
28	32
28	34
29	30
29	31
29	32
29	33
29	34
30	31
30	32
30	33
30	34
31	32
31	33
31	34
32	33
32	34
33	34
35	36
35	37
35	38
35	39
35	40
35	41
35	42
35	43
35	44
36	37
36	38
36	39
36	40
36	41
36	42
36	43
37	38
37	39
37	40
37	42
37	43
38	39
38	40
38	41
38	42
38	43
39	41
39	42
39	44
40	41
40	42
40	43
40	44
41	44
42	43
42	44
43	44
45	47
45	48
45	49
45	50
45	51
45	52
45	53
45	54
46	48
46	49
46	50
46	51
46	52
46	53
46	54
47	49
47	50
47	51
47	52
47	53
47	54
48	49
48	51
48	52
48	53
48	54
49	50
49	52
49	53
49	54
50	51
50	52
50	53
50	54
51	52
51	53
51	54
52	53
55	56
55	57
55	59
55	60
55	61
55	62
55	63
55	64
56	57
56	58
56	59
56	60
56	61
56	63
56	64
57	58
57	60
57	61
57	64
58	59
58	60
58	62
58	63
58	64
59	61
59	62
59	63
59	64
60	61
60	62
60	63
61	62
61	63
61	64
62	63
62	64
63	64
65	66
65	67
65	69
65	70
65	71
65	72
65	73
65	74
65	75
66	67
66	68
66	69
66	70
66	72
66	74
67	68
67	69
67	70
67	71
67	72
67	73
67	74
68	69
68	70
68	72
68	73
68	74
69	70
69	71
69	72
69	74
70	71
70	72
70	74
70	75
71	72
71	73
71	75
72	73
72	74
72	75
73	74
73	75
74	75
76	77
76	78
76	79
76	80
76	81
76	82
76	83
76	84
76	85
76	86
77	78
77	79
77	80
77	81
77	82
77	83
77	84
77	85
77	86
78	79
78	80
78	81
78	82
78	83
78	84
78	85
79	80
79	82
79	83
79	84
79	85
79	86
80	81
80	82
80	83
80	84
80	85
80	86
81	82
81	84
81	85
81	86
82	83
82	84
82	85
82	86
83	84
83	85
83	86
84	85
84	86
85	86
87	88
87	89
87	90
87	91
87	92
87	93
87	94
87	95
87	96
87	97
88	89
88	91
88	92
88	93
88	94
88	95
88	96
88	97
89	90
89	91
89	92
89	93
89	95
90	91
90	92
90	93
90	94
90	95
90	96
90	97
91	92
91	93
91	94
91	96
92	93
92	94
92	95
92	96
92	97
93	94
93	96
93	97
94	95
94	96
94	97
95	96
95	97
96	97
98	101
98	102
98	103
98	106
99	100
99	101
99	102
99	103
99	104
99	105
100	101
100	102
100	104
100	106
101	102
101	103
101	104
101	105
101	106
102	103
102	105
102	106
103	104
103	105
103	106
104	105
105	106
107	108
107	109
107	110
107	111
107	112
107	113
107	114
107	115
107	116
108	109
108	110
108	111
108	112
108	113
108	115
108	116
109	110
109	113
109	114
109	115
109	116
110	111
110	112
110	113
110	114
110	115
110	116
111	112
111	114
111	115
112	113
112	115
112	116
113	114
113	116
114	115
114	116
115	116
117	118
117	119
117	120
117	121
117	122
117	123
117	124
117	125
117	126
118	119
118	120
118	121
118	122
118	123
118	124
118	125
118	126
118	127
119	120
119	121
119	123
119	124
119	125
119	126
119	127
120	121
120	122
120	123
120	126
120	127
121	124
121	125
121	126
121	127
122	123
122	124
122	125
122	126
122	127
123	124
123	125
123	126
123	127
124	125
124	126
124	127
125	127
128	129
128	130
128	131
128	132
128	133
128	134
128	135
128	136
128	138
128	139
128	140
129	130
129	131
129	133
129	134
129	135
129	136
129	137
129	138
129	140
130	133
130	136
130	137
130	139
130	140
131	132
131	133
131	137
131	138
131	139
131	140
132	133
132	134
132	135
132	136
132	137
132	139
132	140
133	134
133	136
133	137
133	138
133	139
133	140
134	136
134	137
134	138
134	139
135	136
135	137
135	138
135	139
135	140
136	138
136	139
136	140
137	138
137	139
137	140
138	139
139	140
141	142
141	143
141	144
141	145
141	146
141	147
141	148
141	149
141	150
142	143
142	144
142	145
142	146
142	148
142	149
143	145
143	146
143	148
143	149
143	150
144	145
144	147
144	148
145	146
145	148
145	149
145	150
146	147
146	148
146	149
146	150
147	148
147	149
147	150
148	149
148	150
149	150
151	152
151	153
151	156
151	157
151	159
151	161
151	163
152	153
152	154
152	155
152	157
152	158
152	159
152	160
152	161
152	162
152	163
153	155
153	156
153	157
153	158
153	160
153	163
154	155
154	156
154	157
154	158
154	159
154	160
154	163
155	158
155	160
155	161
155	162
156	158
156	160
156	161
156	163
157	158
157	159
157	163
158	159
158	160
158	161
158	162
158	163
159	160
159	161
159	163
160	161
161	162
161	163
162	163
