\\ machines
4
\\ max power
40
\\ Jobs in machine 1
10
J1	15	12	10	12	2.3102557081684476
J2	13	7	100	16	1.351315884155428
J3	13	5	54	4	0.25942925773489056
J4	14	13	33	4	1.7103429738553941
J5	16	7	28	20	0.9145017404761416
J6	14	4	106	1	0.7471005459148661
J7	14	14	54	14	1.0624526201555646
J8	14	2	80	5	1.1102998124552477
J9	13	12	64	4	1.2527704059000446
J10	16	12	51	19	1.0944357503402742
\\ Jobs in machine 2
12
J11	15	1	68	12	0.6945699885397807
J12	15	12	90	11	1.5680844374367457
J13	12	6	11	16	1.8766748447385115
J14	15	10	39	7	0.5826676129644347
J15	13	9	22	8	0.905407076992421
J16	14	11	98	6	1.3171778196188182
J17	13	13	66	10	1.7151321028445592
J18	15	9	60	11	0.957558938934224
J19	14	1	9	1	1.317104408312064
J20	13	9	93	3	1.668511833985212
J21	13	13	52	6	2.033339728043714
J22	14	14	48	10	0.9317198685168027
\\ Jobs in machine 3
10
J23	13	12	54	19	2.1725691711137345
J24	16	2	93	17	0.4499431082427431
J25	14	6	61	1	0.3949450038436193
J26	15	7	44	10	0.8702310056917639
J27	14	3	59	13	1.5160825557207764
J28	15	7	18	13	1.53243713766516
J29	15	12	38	17	1.059029365132017
J30	17	14	91	4	2.2456015755057814
J31	15	14	7	18	1.0096689963337644
J32	13	14	6	3	0.5504153813152798
\\ Jobs in machine 4
9
J33	13	5	106	8	1.6005349630024328
J34	14	13	30	17	1.3784057016326132
J35	15	12	23	19	1.0496473787886706
J36	15	10	92	6	1.1127755368712797
J37	13	3	53	14	0.6112494385892173
J38	14	3	57	20	1.510028015099178
J39	14	6	88	15	0.9597595055307093
J40	16	14	99	4	1.4209734464464592
J41	16	3	100	9	0.73157212054022
\\ Dependencies 
40
2	4
2	5
2	7
2	8
2	9
2	10
3	4
3	7
7	8
11	12
11	15
12	15
12	20
12	21
13	16
13	18
13	19
14	19
14	22
16	17
16	18
17	18
17	19
17	20
18	20
18	21
18	22
19	21
23	24
25	29
26	27
27	28
29	31
30	31
33	37
33	41
34	37
34	38
34	40
39	41
