\\ machines
7
\\ max power
70
\\ Jobs in machine 1
12
J1	14	8	58	4	0.7908736391624009
J2	16	13	50	11	1.6647829470099538
J3	14	2	46	5	0.9241035009673652
J4	14	12	79	9	0.8266991430874358
J5	14	4	32	15	2.064463719288682
J6	14	9	103	18	1.1085937900009823
J7	16	11	106	17	1.1653994335377633
J8	14	5	58	2	0.1254118633612873
J9	15	14	53	3	1.1838069035469299
J10	17	11	27	13	1.385348516720037
J11	15	13	38	12	0.4125565279142449
J12	15	6	93	5	1.8798753759205398
\\ Jobs in machine 2
10
J13	14	13	20	6	0.8589081368250369
J14	12	12	93	1	0.45537846497760215
J15	13	2	51	17	1.2167701552017303
J16	15	5	7	4	2.353522481480201
J17	16	3	69	11	0.8682082537528488
J18	15	11	49	4	1.227175056213123
J19	14	9	92	10	0.8205660003175577
J20	13	4	91	10	0.24567121013496385
J21	13	12	106	2	1.361635781624923
J22	15	4	97	15	1.7405446987894273
\\ Jobs in machine 3
10
J23	14	14	16	9	1.2861784421906548
J24	15	5	93	12	0.7877802300591147
J25	14	2	103	6	1.5474529280776552
J26	14	7	28	13	1.7480586758517043
J27	14	14	106	4	1.522099159345643
J28	14	11	54	5	0.9971352881145286
J29	14	9	10	10	1.4832668346501259
J30	15	14	94	8	1.7051232250918928
J31	14	8	91	11	1.5115837084364452
J32	14	11	99	5	1.2596054663891851
\\ Jobs in machine 4
11
J33	14	5	56	6	1.5129746978505547
J34	14	1	66	9	1.5529607644200916
J35	15	9	81	18	1.7772386734391192
J36	14	3	30	15	1.4634183050521279
J37	13	1	79	4	1.7638478433048383
J38	14	5	2	16	1.3865898992061156
J39	14	11	95	9	2.0881273272015495
J40	15	12	84	13	0.8853871220510059
J41	16	10	16	5	0.8621184823715581
J42	13	4	51	13	1.1098966009936666
J43	13	3	8	11	1.7048252120433176
\\ Jobs in machine 5
12
J44	14	10	98	8	2.160558193520134
J45	14	3	12	9	1.436568668958242
J46	14	12	38	5	1.3588847085056939
J47	15	10	21	9	1.0262931887540483
J48	14	14	74	9	1.0477528705114767
J49	15	2	88	18	1.1565137781525476
J50	15	13	77	16	1.6639390646361905
J51	16	14	59	2	1.122793722400202
J52	17	10	90	17	1.6676717473809348
J53	16	14	44	8	1.128025676698417
J54	14	3	36	13	0.6816330630189188
J55	15	5	86	5	1.3491147364766034
\\ Jobs in machine 6
13
J56	16	3	44	3	1.282838430983527
J57	16	5	5	11	1.8962746510111868
J58	15	1	3	4	1.1222606216208322
J59	14	1	26	3	1.4383670708844116
J60	14	6	86	15	0.8308336895542757
J61	13	1	46	6	1.8618066609487522
J62	15	8	81	15	1.7289157693128223
J63	14	13	10	17	0.49718566747360027
J64	16	14	9	9	1.2740203833331294
J65	15	9	48	15	1.5626005122766176
J66	13	4	9	6	0.8364313478367097
J67	14	13	20	2	0.7155349662536563
J68	12	5	53	14	1.4357520711513097
\\ Jobs in machine 7
13
J69	15	4	51	13	1.1108750840218984
J70	13	1	63	15	1.6743230227784118
J71	13	12	54	11	1.3689724641336896
J72	14	9	70	10	0.5102076665241101
J73	14	3	10	18	1.2055657489587364
J74	15	11	55	9	0.7893067723483009
J75	17	3	109	15	0.8640162041515229
J76	15	12	47	17	0.1
J77	16	3	44	17	0.7632819275107561
J78	16	14	28	6	1.0605740422243426
J79	14	1	40	13	1.1160755847747632
J80	15	14	71	7	0.1
J81	15	4	50	17	1.187411083758958
\\ Dependencies 
349
1	3
1	4
1	5
1	6
1	7
1	8
1	9
1	11
1	12
2	3
2	4
2	5
2	6
2	7
2	8
2	12
3	4
3	5
3	6
3	7
3	8
3	9
3	10
3	11
4	7
4	8
4	9
4	11
4	12
5	6
5	7
5	8
5	10
5	11
5	12
6	8
6	9
6	10
6	11
7	8
7	9
7	10
7	11
7	12
8	9
8	10
8	11
8	12
9	12
10	11
10	12
11	12
13	15
13	16
13	18
13	20
13	21
13	22
14	15
14	16
14	17
14	18
14	19
14	20
14	21
14	22
15	16
15	18
15	19
15	20
15	21
15	22
16	17
16	18
16	20
16	21
16	22
17	18
17	19
17	20
17	22
18	19
18	20
18	21
19	20
19	21
19	22
20	21
20	22
23	24
23	25
23	27
23	28
23	29
23	30
23	32
24	25
24	26
24	27
24	28
24	30
24	31
24	32
25	26
25	27
25	29
25	30
25	31
25	32
26	27
26	29
26	32
27	28
27	29
27	30
27	31
27	32
28	29
28	30
28	31
28	32
29	30
29	31
29	32
30	31
30	32
31	32
33	34
33	35
33	36
33	38
33	39
33	40
33	41
33	43
34	35
34	36
34	37
34	38
34	39
34	40
34	41
34	42
34	43
35	36
35	37
35	38
35	39
35	40
35	41
35	43
36	37
36	38
36	39
36	40
36	42
36	43
37	39
37	40
37	41
37	42
37	43
38	40
38	41
38	42
38	43
39	40
39	41
39	42
39	43
40	41
40	42
41	43
42	43
44	46
44	47
44	48
44	49
44	50
44	52
44	53
44	54
44	55
45	46
45	47
45	48
45	49
45	50
45	51
45	52
45	53
45	54
45	55
46	47
46	48
46	49
46	50
46	52
46	54
47	48
47	49
47	50
47	51
47	52
47	53
47	54
47	55
48	49
48	50
48	51
48	52
49	51
49	52
49	53
49	54
49	55
50	51
50	54
50	55
51	52
51	53
51	54
51	55
52	53
52	55
53	54
56	57
56	58
56	59
56	61
56	62
56	63
56	64
56	66
57	59
57	60
57	61
57	62
57	63
57	64
57	65
57	66
57	67
57	68
58	59
58	60
58	62
58	63
58	65
58	66
58	67
58	68
59	60
59	61
59	62
59	63
59	64
59	65
59	66
59	67
59	68
60	61
60	63
60	64
60	65
60	67
60	68
61	62
61	63
61	65
61	66
61	68
62	63
62	64
62	66
62	68
63	64
63	65
63	66
63	67
63	68
64	65
64	66
64	68
65	66
65	67
65	68
66	67
66	68
69	70
69	71
69	72
69	73
69	74
69	75
69	77
69	78
69	79
69	80
70	71
70	72
70	73
70	74
70	75
70	78
70	80
70	81
71	74
71	75
71	76
71	77
71	78
71	79
71	80
71	81
72	73
72	74
72	75
72	76
72	79
72	81
73	74
73	76
73	77
73	78
73	79
73	80
73	81
74	75
74	78
74	79
74	81
75	76
75	77
75	78
75	79
75	81
76	77
76	78
76	80
76	81
77	78
77	79
77	80
77	81
78	79
78	81
79	81
80	81
