\\ machines
15
\\ max power
150
\\ Jobs in machine 1
11
J1	15	14	107	55	2.041527271103298
J2	17	8	43	18	2.078329321079537
J3	14	7	12	23	1.3854506504535826
J4	14	10	28	17	0.39511604271303147
J5	13	7	101	44	0.9816329502665612
J6	13	7	59	19	1.0242823939428858
J7	15	12	39	14	0.9244395332028277
J8	14	12	44	29	0.9280921981910136
J9	17	2	47	54	1.2956652709257173
J10	15	10	54	17	1.4356752501585954
J11	15	2	72	70	0.4815442992318477
\\ Jobs in machine 2
12
J12	13	1	22	52	1.6179154716493969
J13	14	2	96	13	0.8065278990615579
J14	15	12	92	35	0.3237860018670813
J15	14	4	42	23	0.4816141636543704
J16	17	5	94	36	1.3967449523915962
J17	14	12	12	67	0.6973097815363257
J18	13	6	66	16	1.0815826344586883
J19	14	10	19	15	0.7027126517336779
J20	16	12	109	40	0.7865052102563621
J21	16	14	10	69	1.3288379142585967
J22	14	7	42	52	0.5109011826192191
J23	15	3	69	2	1.5056905094808941
\\ Jobs in machine 3
11
J24	14	11	54	51	0.9144989702076781
J25	15	12	96	20	1.3051786450472083
J26	14	13	96	50	2.1439619336530678
J27	17	3	24	65	1.3170862380690316
J28	14	10	36	19	1.0052290305186111
J29	14	11	103	26	0.360377238916758
J30	15	4	52	12	1.3385196636960208
J31	15	13	58	41	0.9064573041458308
J32	15	3	29	68	1.5686128989752945
J33	15	12	71	37	1.6278258973376252
J34	13	2	29	61	1.0233704912620385
\\ Jobs in machine 4
13
J35	15	14	69	57	1.152130932274889
J36	15	13	110	59	1.0109684496575515
J37	15	1	21	33	1.3208956342390432
J38	14	8	51	33	1.538240495055986
J39	14	13	28	27	1.3194604416367035
J40	16	9	76	49	1.5646056846615135
J41	14	11	20	71	0.6963527622267363
J42	14	10	63	68	1.3030579544395373
J43	14	2	79	62	1.0128118179853525
J44	14	12	14	61	1.4514175196692227
J45	15	14	85	11	1.3584154774854833
J46	16	11	11	55	1.394438688427483
J47	12	11	108	74	0.8731697893437718
\\ Jobs in machine 5
11
J48	14	1	36	38	1.2822716043561206
J49	15	5	100	47	1.6482905509540502
J50	15	5	32	20	0.5961623485678486
J51	14	11	67	69	0.9502654597264372
J52	14	1	2	14	1.6059093227641528
J53	14	7	14	67	0.3496179913219075
J54	14	12	55	58	1.625950084898586
J55	14	12	34	53	0.9256413738333487
J56	14	7	95	7	1.5869155791583704
J57	16	14	27	28	0.6186215363318177
J58	14	11	34	9	0.5764621246118208
\\ Jobs in machine 6
10
J59	14	10	36	25	1.154189588158638
J60	14	7	106	38	0.7227465291115968
J61	12	9	96	75	0.879460366218095
J62	15	14	54	2	2.207885765675406
J63	14	5	9	63	2.049244283752514
J64	15	14	62	13	1.5618998473609058
J65	14	10	75	29	1.1746774367689277
J66	14	6	52	17	0.9603219226717182
J67	13	13	34	43	1.167145017993668
J68	13	7	89	16	0.7219463820429219
\\ Jobs in machine 7
13
J69	12	1	49	28	2.190443284772782
J70	17	3	91	37	1.5448383509077566
J71	16	1	11	17	1.1506444058394185
J72	13	11	85	16	1.576051856825152
J73	15	5	26	51	1.7480931119789438
J74	14	5	52	26	1.381814128435151
J75	15	6	12	14	0.42189402491628114
J76	15	13	88	69	1.1676636948490444
J77	14	4	43	53	1.0140315868434284
J78	14	2	15	47	0.5859575110860703
J79	15	7	9	3	1.1029948652521468
J80	15	1	9	24	0.9490475865125607
J81	14	10	49	55	1.733521451766486
\\ Jobs in machine 8
9
J82	14	1	95	45	0.8144413318668173
J83	13	6	83	72	0.23977827993065592
J84	15	9	6	52	0.30717825715835123
J85	12	12	76	25	1.8258895835567879
J86	13	1	15	36	0.886678380662224
J87	16	7	99	75	0.7552381552054619
J88	13	13	74	17	1.9739288407521753
J89	14	11	68	2	2.4961749365794743
J90	14	8	96	66	0.7905759132030277
\\ Jobs in machine 9
11
J91	16	14	43	22	1.0131262478869374
J92	14	7	34	53	1.1201394621171756
J93	13	13	28	48	1.226407167523348
J94	16	10	99	62	0.6989040219256077
J95	15	1	86	66	0.23997855597067086
J96	14	14	42	10	0.2989926621857294
J97	14	9	108	74	0.9059676303368702
J98	14	6	110	19	1.1679398764288311
J99	17	5	18	39	1.8387697141511672
J100	15	7	38	74	1.7305609599221907
J101	15	9	20	17	0.8697039540807097
\\ Jobs in machine 10
11
J102	15	8	101	53	1.47877233166121
J103	15	1	13	60	1.7663547905888173
J104	13	4	6	15	1.0698148359841027
J105	13	1	36	38	0.9876859207492713
J106	15	4	13	74	1.2284521506325943
J107	16	2	16	50	1.9881404993704679
J108	15	6	41	12	1.630121001263873
J109	18	7	73	54	0.7019798320245398
J110	15	14	67	48	1.1518025432381447
J111	16	13	16	71	0.5405529966984496
J112	14	1	109	28	0.6862224064478902
\\ Jobs in machine 11
10
J113	14	8	49	20	0.37629064838810167
J114	15	14	59	63	0.9301014947190384
J115	14	4	28	8	1.5022731357847885
J116	15	11	99	25	0.35395780769977314
J117	14	2	13	32	1.0398171145817672
J118	16	6	93	21	1.3703463496530965
J119	11	12	31	51	1.3115648715752242
J120	14	7	4	61	1.0948165905995106
J121	16	6	15	54	0.9798414061555364
J122	15	3	100	15	1.089816125075371
\\ Jobs in machine 12
11
J123	15	14	46	1	0.49472292509164795
J124	14	11	28	64	0.6330134853687066
J125	15	2	30	51	0.1
J126	15	9	36	66	1.398830235610303
J127	12	13	39	32	0.7689565334775068
J128	15	11	63	69	0.9030378671709356
J129	13	7	29	49	1.5594858439545027
J130	14	13	39	75	1.0334541161437107
J131	14	7	99	31	0.8159931330877106
J132	15	13	95	30	1.0487540988757493
J133	13	1	36	47	1.396775426315552
\\ Jobs in machine 13
11
J134	15	9	17	27	0.8830916472343706
J135	14	9	54	30	0.5624601660397194
J136	16	9	94	19	1.0856704306734508
J137	12	9	105	46	0.772635408065913
J138	15	9	16	21	0.43894870283726795
J139	13	11	41	75	1.657293954553326
J140	13	10	22	21	1.374713263910816
J141	16	9	77	21	0.6328668884575419
J142	15	2	14	70	0.9886960868546029
J143	16	7	109	2	1.1183793403331999
J144	14	12	105	47	1.4719990209977836
\\ Jobs in machine 14
11
J145	14	14	71	57	1.1485232211382004
J146	16	8	98	9	0.9414965735923349
J147	14	4	14	43	0.9685074404852797
J148	14	9	87	57	1.6777203219678942
J149	15	9	28	71	1.2674322356058347
J150	16	13	105	27	0.5027500809772136
J151	16	13	26	8	0.1
J152	16	8	48	7	0.3909474857303815
J153	16	10	82	13	0.23980206844161978
J154	14	13	39	14	1.7675369086514356
J155	15	2	29	42	0.606868712892852
\\ Jobs in machine 15
11
J156	15	1	15	29	1.2373009446928047
J157	15	14	67	23	1.556034792589575
J158	12	8	25	53	1.2265529189344702
J159	16	12	23	51	0.1
J160	14	12	43	37	0.12473487334482436
J161	14	2	82	22	1.3791287368440166
J162	14	7	4	59	1.3105556660930153
J163	13	2	85	25	0.5936145954149151
J164	16	10	18	4	1.6185901362322697
J165	15	8	102	72	1.1207804835364192
J166	15	3	54	52	1.2442534454584488
\\ Dependencies 
614
1	2
1	5
1	6
1	7
1	8
1	10
1	11
2	3
2	4
2	5
2	6
2	8
2	10
3	4
3	5
3	7
3	10
3	11
4	6
4	7
4	8
4	9
4	11
5	6
5	7
5	8
5	9
5	10
5	11
6	7
6	8
6	9
6	10
6	11
7	8
7	10
7	11
8	11
9	10
9	11
10	11
12	15
12	17
12	18
12	19
12	20
12	21
12	22
13	14
13	15
13	17
13	18
13	19
13	20
13	22
14	15
14	17
14	18
14	19
14	20
14	21
14	22
15	20
15	21
15	22
16	18
16	19
16	20
16	21
16	22
16	23
17	18
17	19
17	20
17	21
17	22
18	19
18	20
18	21
18	22
18	23
19	22
19	23
20	23
21	23
22	23
24	25
24	26
24	27
24	28
24	30
24	32
24	33
24	34
25	26
25	27
25	28
25	29
25	30
25	31
25	32
25	33
26	27
26	28
26	29
26	30
26	31
26	32
26	33
26	34
27	29
27	30
27	32
27	33
28	29
28	30
28	32
28	34
29	30
29	31
29	32
30	31
31	32
31	33
31	34
32	33
35	36
35	37
35	39
35	40
35	41
35	42
35	44
35	45
35	46
35	47
36	37
36	38
36	39
36	40
36	43
36	44
36	45
36	46
37	38
37	39
37	40
37	41
37	42
37	43
37	44
37	46
37	47
38	39
38	40
38	41
38	42
38	43
38	45
38	46
38	47
39	41
39	42
39	43
39	44
39	45
39	46
39	47
40	41
40	43
40	44
40	45
40	46
40	47
41	43
41	44
41	46
42	44
42	45
43	45
43	47
44	47
45	46
48	49
48	50
48	51
48	52
48	53
48	54
48	56
48	57
49	50
49	51
49	52
49	53
49	55
49	57
49	58
50	52
50	53
50	55
50	56
50	57
50	58
51	52
51	53
51	55
51	56
51	57
51	58
52	53
52	54
52	56
52	58
53	55
53	56
53	57
53	58
54	55
54	58
55	57
55	58
56	57
56	58
59	62
59	63
59	64
59	65
59	66
59	68
60	61
60	62
60	63
60	64
60	66
60	68
61	62
61	63
61	64
61	65
61	66
61	67
62	63
62	64
62	65
63	64
63	66
63	68
64	65
64	66
64	67
65	66
65	68
66	68
69	72
69	73
69	74
69	76
69	78
69	80
69	81
70	71
70	72
70	73
70	74
70	76
70	77
70	78
70	79
71	72
71	73
71	74
71	75
71	76
71	77
71	78
71	81
72	73
72	74
72	76
72	77
72	78
72	79
72	80
72	81
73	75
73	77
73	78
73	79
73	80
73	81
74	76
74	77
74	78
74	79
74	80
74	81
75	76
75	77
75	78
75	80
76	77
76	78
76	80
76	81
77	79
77	80
78	79
78	80
79	81
80	81
82	84
82	85
82	86
82	87
82	88
83	84
83	86
83	87
83	88
83	89
84	86
84	88
84	89
84	90
85	87
85	89
85	90
86	87
86	88
86	89
87	88
87	89
88	89
88	90
89	90
91	92
91	93
91	94
91	96
91	97
91	99
91	100
91	101
92	93
92	94
92	95
92	96
92	97
92	99
92	100
93	94
93	95
93	96
93	97
93	101
94	95
94	96
94	98
94	99
94	100
94	101
95	96
95	98
95	100
96	98
96	99
96	100
96	101
97	98
97	99
97	100
97	101
98	99
98	100
98	101
99	101
100	101
102	103
102	104
102	105
102	106
102	107
102	109
102	111
102	112
103	104
103	105
103	106
103	107
103	108
103	109
103	111
104	105
104	107
104	108
104	109
104	110
104	111
104	112
105	106
105	107
105	108
105	109
105	110
105	112
106	107
106	108
106	109
106	111
106	112
107	108
107	109
107	110
107	112
108	109
108	110
108	111
109	110
109	111
109	112
110	111
110	112
111	112
113	114
113	115
113	116
113	117
113	118
113	119
113	120
113	121
113	122
114	115
114	116
114	118
114	119
114	120
114	121
114	122
115	116
115	117
115	119
115	120
115	121
116	118
116	119
116	120
116	122
117	118
117	119
117	120
117	121
117	122
118	119
118	120
118	121
118	122
119	121
120	121
120	122
121	122
123	126
123	127
123	128
123	129
123	130
123	131
123	132
123	133
124	126
124	127
124	128
124	129
124	130
124	132
124	133
125	127
125	129
125	130
125	131
125	132
126	128
126	130
126	131
126	132
126	133
127	128
127	130
127	131
127	132
127	133
128	129
128	131
128	132
128	133
129	130
129	131
129	133
130	132
131	132
131	133
132	133
134	136
134	137
134	138
134	140
134	141
134	142
135	138
135	140
135	141
135	143
136	137
136	138
136	139
136	142
136	143
136	144
137	138
137	139
137	141
137	142
137	144
138	139
138	141
138	142
138	144
139	140
139	141
139	142
139	143
139	144
140	141
140	142
140	143
140	144
141	142
142	143
143	144
145	148
145	149
145	150
145	152
145	153
145	154
145	155
146	148
146	149
146	151
146	153
146	155
147	148
147	151
147	152
147	153
147	155
148	151
148	152
148	154
148	155
149	150
149	152
149	153
149	155
150	151
150	152
150	153
150	154
150	155
151	155
152	153
152	155
153	154
153	155
154	155
156	158
156	160
156	161
156	162
156	164
156	165
157	158
157	160
157	162
157	163
157	165
158	160
158	161
158	162
158	163
158	165
158	166
159	160
159	161
159	163
159	165
159	166
160	161
160	162
160	163
160	164
160	165
160	166
161	162
161	163
161	164
161	166
162	163
162	164
162	165
163	165
163	166
164	165
