\\ machines
15
\\ max power
150
\\ Jobs in machine 1
12
J1	12	11	105	17	1.053285384000665
J2	15	6	43	18	1.754705147355165
J3	15	9	39	10	2.0827280512591266
J4	14	12	78	3	0.9748586871088303
J5	16	11	20	23	1.182110992831086
J6	13	2	86	22	1.3504659733229807
J7	14	11	105	31	1.2460686158211423
J8	16	14	64	18	0.7473581107339844
J9	15	2	42	34	1.4054790061929243
J10	14	10	100	8	0.892844073857669
J11	16	4	75	30	0.4986561903731733
J12	16	14	24	26	1.790515759836151
\\ Jobs in machine 2
12
J13	12	11	26	20	2.307980542847168
J14	16	9	33	22	1.3930927541153353
J15	15	7	35	32	0.9852748907951173
J16	15	10	110	10	2.4706723464312463
J17	14	11	11	4	1.491100547564918
J18	16	13	70	10	0.4443300155027452
J19	14	3	25	31	2.113527428495957
J20	15	3	107	9	0.9050561441072139
J21	13	2	20	21	0.18323666970626085
J22	15	7	102	27	2.6681445800817065
J23	14	8	51	36	1.5641890785528578
J24	14	5	84	27	1.6288329280922254
\\ Jobs in machine 3
11
J25	14	1	97	7	0.7900513765109146
J26	14	7	28	24	1.5575280313793574
J27	15	12	80	22	1.1964622852528326
J28	15	2	105	37	0.7205417190040311
J29	16	7	92	16	1.283906478575801
J30	14	11	43	37	1.2690668991112766
J31	15	9	54	7	1.4917233946153274
J32	15	11	63	26	1.4558240822181008
J33	16	1	2	2	1.9738677148269241
J34	16	14	61	12	0.550955630711026
J35	16	9	53	25	0.1
\\ Jobs in machine 4
11
J36	14	14	31	32	0.6327601132789192
J37	15	1	79	36	1.3093362918513947
J38	14	2	26	13	1.5268638215129178
J39	15	6	9	27	1.6969657187025826
J40	14	13	35	31	1.4191258281958685
J41	16	2	96	38	2.1437442186353035
J42	14	9	93	11	1.7322403516546059
J43	14	1	76	35	0.698666664324299
J44	14	8	108	24	1.3563914837016533
J45	15	1	72	37	0.4013038276954203
J46	14	8	108	16	0.932716242688507
\\ Jobs in machine 5
13
J47	13	6	102	24	1.8935392642712792
J48	14	10	83	18	0.9132577807663949
J49	12	3	68	23	0.6964983214806006
J50	13	6	8	12	1.9655185912762252
J51	14	14	65	35	0.7402852262080463
J52	15	11	41	7	1.5720945202986258
J53	16	4	44	34	1.2533580729239227
J54	14	8	57	10	1.2733483525591887
J55	15	11	101	17	1.485946022924094
J56	14	1	94	15	0.8854808856469578
J57	15	14	20	4	0.34494545803122545
J58	14	1	56	36	0.8895950109001692
J59	15	5	87	16	0.8154877847585653
\\ Jobs in machine 6
11
J60	16	1	89	2	1.3847828824004662
J61	15	2	54	3	0.1491762771028775
J62	15	6	18	19	1.408613232805906
J63	15	14	90	35	0.5842457835050686
J64	14	12	110	34	1.9551915132420017
J65	13	8	94	3	2.1260957674443763
J66	13	14	80	13	0.777777664311784
J67	13	2	37	38	1.3636934065155826
J68	15	1	27	4	2.0025194396494284
J69	14	1	104	14	1.3701305576660912
J70	15	3	37	18	1.4680876451178715
\\ Jobs in machine 7
12
J71	15	5	15	29	0.8489679066509808
J72	14	13	58	23	0.34871330169739245
J73	14	14	20	20	0.8683455503546507
J74	13	12	7	6	1.3571253723418728
J75	14	13	58	20	1.1218061861415263
J76	15	6	70	7	1.1983212954221825
J77	16	9	69	6	1.3375651228184842
J78	13	14	18	2	1.731813024932323
J79	12	4	48	24	0.6432323868754801
J80	14	14	109	1	1.717327015413809
J81	15	5	21	20	0.34660272129911485
J82	17	14	101	15	1.5441598789328852
\\ Jobs in machine 8
10
J83	14	13	73	25	0.7187292834365926
J84	14	9	99	8	0.9773268132358106
J85	14	8	43	15	0.4506214701572696
J86	14	2	17	26	2.309301649524787
J87	15	5	98	36	1.0435767388920074
J88	14	7	91	37	0.6976992725039349
J89	13	12	91	17	1.039221015854203
J90	17	7	76	24	1.584582671584725
J91	15	7	102	22	1.2880547167385337
J92	15	8	89	12	0.8064868768095165
\\ Jobs in machine 9
10
J93	16	5	52	36	1.5510326517583102
J94	13	11	36	24	1.374546109168519
J95	14	6	58	8	2.075720985381217
J96	14	1	50	19	2.1188424670888564
J97	15	6	26	12	1.596400534037457
J98	16	14	51	3	1.7288304961092118
J99	13	7	76	8	1.712321205344204
J100	12	3	45	13	1.3648527282547662
J101	15	5	2	22	1.4035157765073725
J102	16	14	87	8	1.856853157809141
\\ Jobs in machine 10
12
J103	17	12	70	15	0.6639098637587495
J104	15	2	71	10	1.1300582976116593
J105	15	11	94	21	1.4096017078539294
J106	16	11	40	7	1.407468075499817
J107	14	3	105	29	1.5429711845150162
J108	14	2	63	14	1.226407738734883
J109	14	7	59	23	0.9207787326906959
J110	14	12	76	21	1.5970044404898236
J111	14	14	11	19	1.1203052156935542
J112	15	11	63	14	1.2381079239917445
J113	15	5	107	31	1.093891740109131
J114	13	14	43	4	1.1726889322792786
\\ Jobs in machine 11
10
J115	14	9	15	23	1.6547473744572438
J116	12	8	28	28	1.648658693013724
J117	14	5	21	13	1.2618162556669315
J118	13	3	25	7	1.034403485964675
J119	14	4	44	30	1.5995730051184274
J120	14	12	23	10	0.7193535317033426
J121	15	10	82	9	1.4525201822530354
J122	15	3	66	35	1.668790150123186
J123	13	8	29	35	0.17176146438138074
J124	12	9	21	7	1.401934144783011
\\ Jobs in machine 12
11
J125	15	4	5	12	0.19150585522605978
J126	15	14	10	16	1.7225872069167187
J127	15	12	62	33	1.401810886503568
J128	14	2	57	4	1.9100897280612166
J129	14	8	71	20	0.6453563084595685
J130	15	13	73	23	1.473933387069914
J131	16	4	74	32	0.7541812180850055
J132	15	3	106	11	1.566010187929363
J133	15	1	81	8	1.021176322195397
J134	13	4	68	4	1.342493328197531
J135	15	10	79	18	1.3072854739969784
\\ Jobs in machine 13
11
J136	12	6	71	17	0.8289225467667579
J137	14	6	89	11	1.7721467987182096
J138	14	4	37	7	1.1420896866280004
J139	14	2	45	31	1.159862467101258
J140	15	6	59	27	1.257524293723411
J141	15	7	76	38	0.9295511400095162
J142	14	7	8	20	1.0688825332199927
J143	14	5	67	4	0.9007447986542141
J144	15	11	73	1	0.667108436566434
J145	15	7	36	17	1.7893776325294501
J146	14	13	37	17	1.2003760625490487
\\ Jobs in machine 14
10
J147	15	6	82	38	1.7438479161363962
J148	15	4	64	31	1.2932281195796238
J149	16	6	71	15	0.9956497705074699
J150	15	7	69	27	1.2629688611802605
J151	14	4	18	18	1.0344490024013773
J152	15	8	10	16	0.4633207178358072
J153	14	7	47	11	0.9410301646835126
J154	13	13	93	19	1.4869890536049153
J155	16	10	68	35	0.859162641607863
J156	14	11	55	14	1.1145875203297098
\\ Jobs in machine 15
11
J157	17	11	94	12	1.9188493450482804
J158	15	1	25	10	1.3755264858128713
J159	15	11	40	30	0.7585761957027578
J160	15	7	65	35	1.2637859617220057
J161	15	11	110	36	1.6418100702953191
J162	15	1	37	9	1.1977971503660123
J163	15	4	109	26	1.0645744811058704
J164	14	5	94	35	0.9777844264931829
J165	15	7	75	29	1.692475397979507
J166	12	2	102	18	0.633196566439335
J167	14	9	49	31	0.9692263003730301
\\ Dependencies 
75
1	2
2	11
3	5
5	11
5	12
6	7
6	10
13	22
15	19
18	22
25	28
26	30
27	30
33	35
36	42
37	42
38	46
39	46
40	41
40	46
42	44
47	53
48	53
50	54
50	57
52	57
53	54
53	57
55	56
55	57
60	61
61	67
65	68
71	72
76	79
76	80
84	91
85	89
85	91
86	90
87	88
91	92
93	94
94	100
95	98
97	99
101	102
103	109
104	106
104	107
105	111
107	113
109	111
120	124
129	130
130	131
136	141
137	141
137	143
137	145
139	144
141	142
147	150
147	155
149	151
150	153
150	155
150	156
152	156
155	156
159	165
160	161
160	165
164	165
165	167
