\\ machines
25
\\ max power
250
\\ Jobs in machine 1
11
J1	14	12	59	6	0.7969879310942266
J2	15	12	19	6	2.568752908212396
J3	13	3	71	34	0.5650394083077401
J4	15	2	71	56	0.3791956939464234
J5	13	11	44	6	1.4652366214074446
J6	14	6	99	31	0.730632053692882
J7	16	12	109	10	0.743210764496999
J8	14	6	3	43	1.3310290906056408
J9	15	9	71	53	1.6119996316348326
J10	15	7	4	24	0.9292113775395325
J11	14	11	85	38	0.5956686973598563
\\ Jobs in machine 2
10
J12	16	9	73	8	1.823822777235742
J13	14	4	81	40	1.0819726386823896
J14	15	2	63	33	1.8542999714558341
J15	15	3	91	28	1.143973039187391
J16	15	10	106	35	1.4719535297363717
J17	16	3	17	18	0.6084654641353134
J18	13	3	73	9	1.3838840000064911
J19	14	1	44	34	1.6881415938515576
J20	15	1	39	41	0.45374213494931803
J21	15	9	80	2	1.3568041036490794
\\ Jobs in machine 3
11
J22	15	7	76	30	0.885136868286426
J23	16	9	109	30	0.34848207077648274
J24	15	12	50	35	1.407406847642049
J25	14	6	31	20	1.1463167458841061
J26	16	5	92	59	0.8169926244191976
J27	16	1	8	7	0.6454869722640095
J28	15	1	79	60	0.9503884353201648
J29	14	14	17	24	0.9956344059128541
J30	15	8	52	25	1.587335054212278
J31	15	8	30	45	0.4327954095790433
J32	12	7	4	46	0.9124941776097276
\\ Jobs in machine 4
11
J33	15	12	25	30	1.0068433531529732
J34	14	10	97	9	0.9964922885183122
J35	14	3	52	58	0.270501571058691
J36	13	13	83	7	1.8231370821003658
J37	15	13	110	47	0.5789125160436723
J38	15	10	98	15	1.495525754144644
J39	14	8	57	32	1.1375841336464545
J40	15	3	39	35	0.49997310812450624
J41	16	14	13	45	0.437425830745075
J42	15	11	83	41	1.016105402575332
J43	16	10	21	14	2.0783796114962017
\\ Jobs in machine 5
11
J44	15	4	82	54	0.8273908770691256
J45	15	14	25	5	1.0006632949905303
J46	15	3	49	20	1.0526972513026018
J47	14	7	103	52	1.658466446101278
J48	13	13	52	45	1.5506090869569358
J49	15	4	37	22	1.2491076845868738
J50	17	5	56	30	0.7107411126897374
J51	14	10	62	59	2.0041997330169483
J52	16	9	37	60	0.48710405516040145
J53	16	1	65	13	1.160285696050794
J54	16	4	94	49	1.8994618373415288
\\ Jobs in machine 6
11
J55	14	13	61	45	1.262194096152334
J56	15	9	84	21	1.1987194240543653
J57	16	3	30	57	1.7917691849187083
J58	14	3	50	29	1.3234020866134253
J59	14	12	31	63	2.0124698426835943
J60	13	14	90	41	2.0240295696364186
J61	14	2	62	30	1.8169127092044415
J62	14	2	104	25	0.9046033898674675
J63	14	9	55	48	1.0795279803159041
J64	15	4	56	16	1.4726896606031628
J65	14	4	28	8	1.5473096958326218
\\ Jobs in machine 7
10
J66	16	1	19	10	0.7139286138467662
J67	15	4	65	22	1.7298577615892474
J68	14	2	52	36	1.1574282963754914
J69	13	12	18	29	0.5712907566038297
J70	14	6	80	26	1.4106978244078168
J71	16	2	29	54	0.909090684506134
J72	15	4	58	20	0.9765795301009621
J73	16	9	21	1	0.6396762426026067
J74	14	10	72	60	0.8766331089407071
J75	14	10	23	30	0.7028882360509692
\\ Jobs in machine 8
12
J76	14	6	51	27	1.2554182562539034
J77	16	7	69	53	0.9944052366710554
J78	13	13	24	17	0.1
J79	15	4	59	57	1.6945920864206923
J80	15	5	83	3	1.6260638515395107
J81	15	6	68	60	1.43076220047598
J82	13	11	108	22	1.0992217733467962
J83	14	13	60	46	1.3575843621016839
J84	16	10	93	33	0.6169097305596928
J85	15	1	103	1	0.5886600535730141
J86	15	2	19	44	0.2048850683146568
J87	15	14	43	39	1.5396820985526298
\\ Jobs in machine 9
12
J88	15	8	78	31	1.2877799106305294
J89	14	4	66	13	1.31276339764434
J90	13	11	61	40	0.7654762404578441
J91	14	6	73	23	1.049219139769838
J92	16	14	103	46	1.396341817287121
J93	15	9	69	5	1.0264771471145082
J94	17	8	97	49	0.9974425331132083
J95	13	11	71	52	0.40394325321525903
J96	14	12	92	27	1.2991296233197187
J97	15	1	92	28	0.9857811824595861
J98	15	8	15	27	0.25331966136737416
J99	15	12	84	44	1.8680575131081416
\\ Jobs in machine 10
12
J100	15	11	63	14	0.9529613252548019
J101	15	14	103	54	0.7519256179114779
J102	15	9	56	19	1.2273572653068618
J103	14	13	89	47	1.2010387657653587
J104	15	10	42	34	0.6750730009607644
J105	14	14	65	54	1.7876552553077762
J106	13	5	49	40	0.3630173930139068
J107	17	9	107	4	0.8832734511820812
J108	15	8	35	52	0.6248719898376782
J109	14	7	21	18	1.6159174246997905
J110	13	8	77	51	0.3290649625896298
J111	15	5	24	28	1.6169143938644996
\\ Jobs in machine 11
11
J112	15	3	88	32	1.8794404592099418
J113	16	3	56	55	1.9612906737978792
J114	16	1	67	47	0.8559127345897837
J115	14	12	32	21	0.9280824318637024
J116	16	10	82	47	0.9370186815123065
J117	15	4	37	32	0.4832723407484647
J118	14	5	109	18	1.3558308935302483
J119	16	13	23	62	1.4154284078596386
J120	13	2	70	19	1.1888940446466714
J121	14	9	3	8	0.8016740528486667
J122	14	8	28	57	0.681840651721005
\\ Jobs in machine 12
10
J123	15	13	98	34	0.816325588868772
J124	16	1	78	25	0.36045784036238726
J125	14	11	15	12	2.0946031712494917
J126	14	8	73	3	1.352298786610674
J127	15	10	4	9	1.0916840917514619
J128	14	4	36	8	1.8582905149166467
J129	16	5	73	29	1.7202020941504013
J130	13	14	99	39	1.1202980629434238
J131	17	11	26	44	1.0266294709402783
J132	12	11	35	48	0.1
\\ Jobs in machine 13
10
J133	13	12	28	14	1.3117097723692246
J134	14	7	78	42	1.0489541652024945
J135	15	14	109	2	0.4945810992374635
J136	15	9	102	14	1.0130941315128423
J137	15	6	15	9	0.8778348280418665
J138	14	8	12	22	0.7840833442232048
J139	13	4	51	36	0.9089437266040894
J140	17	3	16	61	1.7677086592038935
J141	15	14	52	28	1.024333744706802
J142	15	2	79	26	0.9577839137786217
\\ Jobs in machine 14
13
J143	15	9	48	2	1.0377563656167776
J144	14	10	2	13	1.3002161123903875
J145	15	8	25	51	0.20902545520226723
J146	14	12	21	57	1.2365010231016749
J147	14	13	108	8	0.880195037142941
J148	13	11	25	3	0.40133246564792147
J149	15	9	72	42	1.6732149601950792
J150	13	13	39	7	1.0132218490400366
J151	14	6	67	17	0.769538285316027
J152	13	12	92	50	1.2833834411497231
J153	15	1	64	30	1.594533056988019
J154	13	1	9	46	1.293556654067562
J155	14	5	3	26	0.8215076728074746
\\ Jobs in machine 15
11
J156	15	12	63	61	1.4704000908031678
J157	16	12	101	48	1.50208075867214
J158	15	14	58	26	1.1442451091140873
J159	14	7	55	5	0.9836114567815322
J160	17	14	98	26	1.555806791396441
J161	13	13	101	3	1.9353856045933262
J162	15	12	41	10	1.1530138651972914
J163	15	3	67	33	1.677131677379548
J164	15	9	102	54	0.8805416773032084
J165	15	14	98	18	1.1336530343798112
J166	15	6	89	47	1.4052956835608594
\\ Jobs in machine 16
10
J167	16	7	93	40	1.7784781065676025
J168	14	7	70	60	0.8974706750697528
J169	14	6	53	6	2.128576208798018
J170	15	10	74	18	0.5460822388896789
J171	15	7	92	31	1.537659117544963
J172	14	3	47	1	1.7643288819830762
J173	14	1	37	53	0.30845549346250933
J174	15	6	89	55	2.136205135222032
J175	15	1	33	30	1.3409093370303349
J176	15	3	89	41	1.5571994765386474
\\ Jobs in machine 17
11
J177	13	2	12	47	0.7455667668168857
J178	16	7	10	26	1.599426647352089
J179	13	5	67	53	1.0037933034950342
J180	17	11	86	7	1.1123853971353712
J181	16	11	55	40	1.5896541274243172
J182	14	12	3	57	1.6629043930265486
J183	14	8	49	23	1.0418860727848496
J184	14	9	12	5	1.388794308610192
J185	14	2	72	23	1.735422419701254
J186	14	3	89	51	0.964590854541793
J187	13	7	110	59	1.8113110906024468
\\ Jobs in machine 18
10
J188	17	13	19	19	0.7753365962766386
J189	14	12	91	35	0.5218988023459484
J190	16	2	27	63	0.47473845510622203
J191	13	7	56	50	0.779576700723025
J192	15	9	85	26	0.8060369763648247
J193	16	5	95	8	1.9374622783133402
J194	14	4	51	49	1.0425997275650951
J195	15	1	87	13	1.9319813226386948
J196	15	8	90	15	1.822915484507988
J197	15	9	41	12	0.75593076439108
\\ Jobs in machine 19
11
J198	13	6	27	20	1.7648381800942625
J199	13	1	39	44	0.5861173810804929
J200	15	7	47	12	1.457709201174809
J201	15	2	73	58	0.682850314341665
J202	15	14	86	27	0.6662694762418737
J203	17	14	84	58	0.5236103890589882
J204	14	13	103	1	1.8018624422944627
J205	14	13	7	54	1.0637731676241344
J206	15	7	105	32	0.8689837046040991
J207	13	3	105	10	1.1805835192543959
J208	15	2	102	2	2.1640560223819545
\\ Jobs in machine 20
11
J209	17	11	65	24	0.9443595127307978
J210	15	2	65	52	0.45948279153210736
J211	13	13	58	17	1.928819098382443
J212	16	7	18	57	0.7435890507958238
J213	14	9	100	55	1.4575740736716556
J214	14	8	94	48	1.550584734756183
J215	16	6	34	2	0.7144880836299472
J216	14	3	51	3	0.9419380607229357
J217	14	4	60	36	0.8808272902055156
J218	14	7	62	53	1.109450154479521
J219	15	3	25	1	1.7362454494098287
\\ Jobs in machine 21
13
J220	16	2	27	60	1.5189762289885183
J221	15	13	5	2	1.1865726403597063
J222	15	6	100	9	1.881755845051905
J223	15	10	49	33	0.9080748748349687
J224	13	11	70	63	1.6342673887244377
J225	13	1	42	58	0.8160890525417135
J226	15	9	71	24	1.350172382390181
J227	14	8	101	13	1.0345401168126827
J228	15	8	56	17	1.3355047136754172
J229	14	2	92	14	0.1
J230	15	13	62	26	0.9996664279180318
J231	14	12	94	58	1.1694445785066
J232	15	9	15	21	0.5704397509005217
\\ Jobs in machine 22
11
J233	13	5	54	32	1.4027674360786802
J234	15	6	13	25	0.1
J235	16	8	51	54	1.5457806621119508
J236	12	7	83	19	0.9458597143565541
J237	14	1	45	54	1.2013001318068521
J238	15	11	81	9	1.3213437963991634
J239	15	9	26	37	0.6516058714369897
J240	14	4	104	52	1.0866353428388715
J241	14	3	28	26	1.0698464567198536
J242	13	10	6	13	1.5704450333780464
J243	15	7	100	60	1.5827918340103495
\\ Jobs in machine 23
11
J244	14	14	26	50	1.1594238622310444
J245	15	7	19	49	1.7405091768278822
J246	15	7	44	21	0.4415518059345075
J247	15	10	93	49	1.394605171388793
J248	13	14	80	60	1.659644282059513
J249	15	9	98	42	0.7158670412354968
J250	16	1	27	17	0.712560445846624
J251	15	1	48	19	0.17127822715340635
J252	15	3	99	62	0.6655267232841067
J253	13	3	9	30	1.9024778975164174
J254	15	12	53	29	0.8720351486949136
\\ Jobs in machine 24
12
J255	15	14	84	47	1.3405905558681903
J256	15	4	29	49	1.4037837220181304
J257	15	9	5	16	1.5680210959720196
J258	13	1	90	62	1.884126063702423
J259	15	3	110	51	0.7554655696163992
J260	16	12	93	62	2.069087350559069
J261	15	7	76	23	1.2722038665474562
J262	15	13	108	36	0.19802176500169333
J263	15	7	104	49	0.8764448901230388
J264	14	5	45	45	1.0492674914438425
J265	15	11	44	50	1.5198673825174374
J266	13	5	82	48	0.6126271415660852
\\ Jobs in machine 25
10
J267	13	12	48	10	1.173596704270673
J268	15	8	69	21	1.1676978973789096
J269	14	8	85	57	1.361403497207728
J270	13	1	64	56	1.2908264556333178
J271	14	9	16	57	0.44218538501114557
J272	15	5	101	62	0.8702697866821874
J273	15	11	26	26	1.984815378405489
J274	14	3	31	33	1.8515972876161133
J275	14	3	50	58	1.480937124955061
J276	14	10	49	47	1.4078654238000474
\\ Dependencies 
421
1	7
2	6
3	5
4	7
4	9
4	10
5	10
6	7
6	9
6	11
10	11
12	13
12	17
13	15
13	19
13	20
14	15
14	20
15	19
16	17
16	21
17	19
18	20
20	21
22	24
22	28
22	30
23	28
23	29
23	30
24	27
24	31
24	32
25	31
26	27
26	29
27	28
28	29
28	30
29	30
29	32
30	31
34	43
35	38
35	39
35	42
36	37
36	38
36	41
36	42
37	39
37	41
38	43
39	40
41	42
41	43
44	45
44	46
44	49
44	50
44	52
44	53
45	47
45	49
45	50
45	51
45	52
46	52
47	48
47	54
48	49
50	51
51	54
52	53
53	54
55	61
55	64
55	65
56	61
56	63
56	65
57	61
57	62
57	64
58	60
58	62
58	64
60	61
66	68
66	70
66	73
66	74
66	75
68	70
68	71
69	70
69	73
69	74
69	75
70	72
71	74
72	75
76	77
76	80
76	83
76	86
76	87
77	86
77	87
78	82
78	83
78	85
78	86
79	81
79	85
82	83
82	87
83	84
83	86
84	85
85	87
88	91
88	93
88	96
88	98
89	91
91	93
91	94
91	95
91	97
92	93
92	99
93	97
94	98
94	99
96	97
96	98
100	101
100	110
101	105
101	107
101	108
101	110
102	108
102	109
102	111
103	104
103	105
103	107
103	110
104	111
105	109
105	111
106	109
106	111
107	108
107	110
107	111
108	110
112	113
112	119
113	115
113	117
113	122
114	117
115	118
115	121
115	122
116	121
117	118
117	119
117	121
119	120
123	124
123	127
124	130
124	132
126	130
127	128
127	130
129	130
129	132
131	132
133	134
133	135
133	136
133	142
134	136
134	137
134	140
135	137
135	141
136	142
137	138
137	139
137	140
138	140
138	142
140	142
143	146
143	147
143	150
144	148
144	151
144	153
144	154
145	147
145	148
145	150
146	148
146	154
148	152
150	153
150	154
150	155
151	152
151	154
151	155
152	155
153	154
153	155
154	155
156	157
156	158
156	159
157	159
157	160
157	161
157	162
157	163
157	164
158	159
158	160
158	163
158	164
158	165
159	160
160	161
160	164
161	162
161	164
161	165
162	163
162	165
163	164
163	166
164	165
167	168
167	169
167	170
167	171
167	174
168	171
169	170
170	171
170	176
171	176
173	176
174	175
177	179
177	181
177	185
177	186
178	180
180	181
180	186
181	185
181	186
181	187
182	183
182	185
183	184
183	185
183	186
184	185
184	187
185	187
188	191
188	192
188	193
188	196
189	195
189	196
190	192
192	194
192	195
198	201
198	202
199	200
199	202
199	205
199	206
199	207
200	205
201	202
201	204
201	208
202	203
202	206
202	207
202	208
203	204
203	206
206	208
207	208
209	211
210	213
210	216
211	212
211	213
211	214
211	215
211	217
212	213
213	216
214	219
215	217
216	217
217	218
218	219
220	221
220	223
220	224
220	226
220	229
221	223
221	228
221	229
221	230
221	231
222	224
222	225
222	230
225	227
225	228
225	230
227	228
227	230
227	231
227	232
228	229
231	232
233	234
233	235
233	236
233	239
233	240
233	241
234	236
234	237
234	241
234	243
235	237
235	242
235	243
237	238
237	242
238	239
239	242
239	243
240	243
244	245
244	248
244	250
245	247
245	249
245	250
245	252
246	247
246	249
246	251
247	252
247	253
247	254
248	250
248	254
249	250
249	253
249	254
250	252
252	253
255	257
255	264
256	257
256	262
256	263
256	264
256	265
257	262
257	266
258	259
258	260
258	262
259	261
259	265
260	261
260	263
260	265
262	263
263	265
265	266
267	270
267	274
267	275
268	269
268	273
268	274
268	275
269	270
269	273
269	275
269	276
270	272
270	275
271	273
271	274
272	273
272	275
273	275
274	275
275	276
