\\ machines
25
\\ max power
250
\\ Jobs in machine 1
10
J1	14	4	101	89	2.0439587440009985
J2	15	1	36	43	0.8161022752027007
J3	13	12	35	67	0.20710501660469016
J4	13	14	103	18	1.3401677161243866
J5	16	5	38	96	0.748741734065454
J6	17	1	22	49	0.81574432035626
J7	13	10	42	17	0.803134426028072
J8	14	5	67	29	1.3777359850300654
J9	15	11	15	120	0.7859228699481184
J10	16	8	92	79	0.318121326780047
\\ Jobs in machine 2
10
J11	15	10	71	124	1.2343860743567252
J12	15	14	84	76	1.5060676765867143
J13	14	6	8	61	1.1556924468834207
J14	14	5	62	99	1.906239916366621
J15	15	1	13	53	0.9155774594373361
J16	14	9	30	53	1.8457284542338388
J17	16	12	98	33	1.646419236037384
J18	15	8	85	25	0.983502181831893
J19	14	9	25	103	1.73475865931678
J20	15	10	97	97	1.0340440112203324
\\ Jobs in machine 3
12
J21	15	14	89	93	1.0906652838622932
J22	14	2	78	74	1.1809897685769806
J23	15	11	65	27	1.642841446611179
J24	13	9	5	76	1.4898094138630307
J25	15	3	77	20	0.7182241674209364
J26	14	11	8	33	1.2148535411133052
J27	14	7	107	35	1.9171907072587375
J28	18	4	17	45	1.6369385105327159
J29	13	6	16	97	1.4189555832190597
J30	15	5	14	68	2.2663955086101537
J31	14	9	18	74	0.3082539034213866
J32	14	6	55	28	0.2930874166887545
\\ Jobs in machine 4
11
J33	13	7	92	95	1.4261651826439103
J34	14	13	79	124	0.7948056675318973
J35	14	3	23	43	1.4116947107022983
J36	13	6	35	114	1.0871286051657243
J37	14	10	70	25	1.7223751147539808
J38	13	5	90	8	2.179784154699771
J39	15	4	8	122	1.306269046620474
J40	14	3	92	90	1.19711240922225
J41	15	3	67	118	1.0903169787771239
J42	13	9	72	111	1.6758398043874068
J43	15	12	14	8	0.5156554842040455
\\ Jobs in machine 5
9
J44	15	7	47	68	1.0220475964858284
J45	14	14	85	81	1.6011356072497276
J46	13	6	3	88	1.4058996601320162
J47	14	14	57	13	1.9951845643607022
J48	13	12	55	14	1.3516562489122208
J49	16	6	93	46	2.582795344225162
J50	15	11	103	102	1.9201146856098719
J51	14	13	71	114	1.3761194659264784
J52	13	9	54	14	1.0418099963920924
\\ Jobs in machine 6
11
J53	14	2	104	102	0.5197853511530433
J54	14	2	94	20	0.9534905201106522
J55	13	9	8	59	0.7478021260655887
J56	16	6	19	99	1.7103308812619802
J57	14	7	17	47	0.7672121010942403
J58	16	1	94	59	1.2974486726205567
J59	14	8	96	124	0.7078001911709856
J60	15	1	84	119	0.6220967499280784
J61	14	1	10	4	2.0885526930720966
J62	14	11	98	63	1.1930314606844183
J63	15	13	54	28	0.35837963079293567
\\ Jobs in machine 7
12
J64	16	13	69	124	0.9406341680121008
J65	13	13	33	113	1.2401926175779563
J66	13	7	35	20	1.3612582504053101
J67	14	8	55	91	1.2907811596945762
J68	14	8	90	33	1.6086598245689756
J69	13	6	109	85	1.1367828450014652
J70	16	8	101	26	0.9019531860883265
J71	14	5	22	58	2.0233238072141515
J72	15	10	54	7	0.5940929589519173
J73	15	8	44	122	0.7540003347014721
J74	15	7	68	109	1.0031930103903566
J75	14	12	66	17	2.1450099898873405
\\ Jobs in machine 8
12
J76	14	7	74	47	1.6126986232493972
J77	15	13	45	75	1.6894622088751226
J78	16	6	98	110	1.791184067985705
J79	15	9	99	28	1.4237705378256813
J80	14	4	81	121	0.764335872155994
J81	13	11	36	84	2.0755453281599303
J82	15	14	83	15	2.0071442011898633
J83	15	2	44	107	1.0986876996549189
J84	14	13	93	83	1.9149213744873723
J85	14	11	89	51	1.851149463648299
J86	15	13	33	24	0.45266782326045296
J87	16	10	5	41	1.5032224442951905
\\ Jobs in machine 9
11
J88	17	11	6	44	1.1725141399060175
J89	15	11	109	10	0.45005544511804896
J90	17	11	106	108	1.4298599254200166
J91	16	9	66	119	1.032771463148689
J92	16	1	68	87	1.2664358511867806
J93	16	4	78	69	0.8967725163140867
J94	14	9	22	111	1.0342126241124967
J95	15	3	29	60	1.2068584232143396
J96	13	2	12	30	1.0218746779996424
J97	16	2	5	43	1.246438447920713
J98	16	6	68	59	0.7030717026616446
\\ Jobs in machine 10
12
J99	14	3	28	86	1.5056827081978525
J100	15	1	75	30	1.022817273772676
J101	15	3	47	51	1.5485486912262316
J102	14	3	69	108	0.8430425086180618
J103	15	5	99	84	0.8856552292958999
J104	15	4	43	63	0.46632648597636295
J105	14	12	22	53	2.2560816754371618
J106	15	7	102	38	0.5339443914315786
J107	14	9	20	20	1.3411402313266323
J108	13	5	97	64	1.535913663985667
J109	14	2	6	2	1.7970823696806202
J110	15	14	85	121	1.3163043606835685
\\ Jobs in machine 11
11
J111	15	9	78	118	0.466197401664047
J112	15	7	48	35	1.207142989659325
J113	16	14	9	67	2.039648108220068
J114	16	7	76	57	0.9934743205287784
J115	15	13	67	87	1.3222505565670848
J116	15	5	64	108	0.6506871331789589
J117	14	14	89	79	0.6268356425315682
J118	16	5	24	122	2.0901829340596314
J119	16	2	74	91	1.0179346660106066
J120	14	5	14	26	1.9142981026066472
J121	16	8	29	70	0.7230991037402379
\\ Jobs in machine 12
12
J122	14	11	109	85	1.2622407439168841
J123	14	9	67	61	1.086954397575934
J124	16	6	44	15	1.5905901158009668
J125	15	11	16	5	0.7121498228309244
J126	15	4	48	3	1.235170912195811
J127	15	6	34	92	0.7387623346820407
J128	13	14	36	112	1.3523764582078202
J129	15	5	99	92	0.2883913117156879
J130	14	13	69	113	0.9119652908611795
J131	14	10	75	97	2.255594376763288
J132	13	14	43	108	0.9630968269865315
J133	14	6	73	15	1.091107674708775
\\ Jobs in machine 13
10
J134	15	2	60	101	0.7043020723145649
J135	16	8	30	53	1.3433282398124107
J136	15	6	26	4	1.6825536764480955
J137	14	2	87	4	1.8087355924649104
J138	13	14	75	38	0.9865627728842069
J139	14	10	33	108	0.7823816902859762
J140	16	6	81	38	0.6659211347239952
J141	14	7	60	107	0.9916543463433496
J142	15	1	40	35	0.1
J143	14	9	76	34	1.2208145151376448
\\ Jobs in machine 14
11
J144	15	6	25	95	0.5607069947391965
J145	14	5	95	99	1.418673359289746
J146	15	14	66	6	0.5337739470387309
J147	15	5	61	82	0.7884005393077507
J148	14	8	13	64	0.1
J149	14	9	83	31	0.48655257458019463
J150	14	5	8	43	1.5794012662713206
J151	16	10	52	68	0.8668032244538117
J152	16	3	71	31	1.773581416768882
J153	13	2	102	55	1.2806210475071573
J154	14	13	58	31	0.5288407158433489
\\ Jobs in machine 15
9
J155	14	11	87	39	1.7808731883029465
J156	12	5	94	99	0.5662078343259134
J157	14	4	79	91	1.4243075344946416
J158	14	9	110	54	0.40049441428344545
J159	13	1	27	58	0.6304788505192663
J160	16	12	53	27	0.8338428272426069
J161	15	1	34	24	1.8739457056707334
J162	14	8	40	63	1.0615603550497081
J163	14	9	98	29	1.1141668961628195
\\ Jobs in machine 16
10
J164	15	14	58	60	0.6290366597551705
J165	12	7	15	83	1.4235658707584389
J166	14	5	33	41	1.0845710779834223
J167	13	2	80	89	1.4798257516828066
J168	15	10	93	69	0.7339463640434593
J169	14	7	60	107	1.3554408678888705
J170	15	7	51	19	0.2247901384471226
J171	14	7	99	9	0.47740296424390705
J172	15	4	107	116	1.2227295382323415
J173	15	7	40	124	0.6133761561706796
\\ Jobs in machine 17
11
J174	14	7	60	25	0.1
J175	14	3	42	58	2.3185984588124615
J176	15	6	49	78	1.9854250172893158
J177	15	12	67	81	1.723634694488414
J178	16	4	87	84	1.0991454970502468
J179	15	6	88	95	1.225851787944575
J180	15	5	50	39	1.7168728527011092
J181	15	1	6	48	0.8929496779155909
J182	15	1	4	53	0.9444741692976101
J183	16	8	70	25	1.0211619453714005
J184	14	1	63	52	1.0458658988573497
\\ Jobs in machine 18
11
J185	14	13	72	105	2.0966578948922585
J186	16	8	83	5	0.5659571325460282
J187	15	1	15	41	0.5857526222290752
J188	15	6	56	109	1.805043790400953
J189	14	12	103	96	1.061468991498215
J190	14	8	49	102	0.9682740109122194
J191	14	8	71	27	1.109772065685588
J192	14	10	73	122	0.5584907382148381
J193	15	4	74	118	1.5502873767643575
J194	12	6	73	84	1.9143520976602308
J195	15	10	10	3	0.1343889636630231
\\ Jobs in machine 19
11
J196	15	13	94	9	1.3468452145642231
J197	15	5	38	48	0.9248923350182673
J198	15	11	77	6	1.7711729610933644
J199	13	9	73	86	1.0445889504484858
J200	14	8	92	101	0.6318461606980658
J201	14	12	86	59	1.0886670684128352
J202	15	11	61	14	1.0450079487039836
J203	15	5	79	97	1.1557560336585424
J204	13	7	75	38	1.7824920914711395
J205	12	14	59	32	0.6986385348925593
J206	16	3	42	119	0.351213951776259
\\ Jobs in machine 20
11
J207	13	13	45	83	0.7125518571194019
J208	16	2	8	72	1.026586692249119
J209	15	5	102	86	1.9084771917436014
J210	14	13	107	71	1.2075797892352462
J211	14	13	34	7	1.2312752046569373
J212	12	11	25	99	1.6918124173095939
J213	15	6	36	4	1.609972710044034
J214	14	13	4	52	1.1696248132273157
J215	15	3	91	43	0.1
J216	13	4	74	124	1.5885294787195352
J217	15	5	88	105	1.7658583109311246
\\ Jobs in machine 21
11
J218	14	6	46	13	1.6679406746911747
J219	15	1	47	117	1.4526270239782162
J220	15	8	95	77	1.1092482970260642
J221	16	8	63	62	0.8598558970984216
J222	15	6	59	28	1.190661244102711
J223	16	13	77	69	1.4892080837481654
J224	15	6	87	20	1.5190858364492024
J225	13	14	109	97	0.6520696628122887
J226	14	12	52	5	1.852014630283652
J227	14	5	101	74	0.7833309967914275
J228	13	12	66	107	0.6180751130954586
\\ Jobs in machine 22
9
J229	13	6	12	75	1.6302815326359035
J230	14	3	72	4	2.2643008883027314
J231	15	10	33	38	1.7128808896229009
J232	14	14	78	38	2.0453480790418954
J233	13	4	109	6	2.0691077006986265
J234	14	12	100	88	1.2443992898176117
J235	15	12	6	7	0.5066625327557417
J236	15	8	5	94	1.3305294669335168
J237	14	14	91	88	1.3479466052592302
\\ Jobs in machine 23
12
J238	15	1	16	74	0.862018069244046
J239	15	10	49	106	1.3288710006489213
J240	15	5	21	2	2.0424374238404055
J241	14	8	33	124	1.2493650407498906
J242	14	4	71	10	1.301353356622778
J243	15	7	39	32	1.5132994665483563
J244	14	6	72	107	0.9869707065455899
J245	13	6	36	71	0.7070689864962918
J246	15	6	12	73	1.6251233096780675
J247	16	7	36	23	1.5262782086252842
J248	16	13	59	37	1.4639567297536942
J249	17	7	46	102	1.3306784468982178
\\ Jobs in machine 24
8
J250	15	6	34	110	0.5233230207693962
J251	14	5	74	34	0.8626827808789115
J252	14	2	9	43	1.3259762364497591
J253	14	9	109	59	1.7554726534371459
J254	15	12	104	113	1.0773651559147317
J255	14	2	85	113	1.0790471235829304
J256	14	14	17	84	1.7994338931652603
J257	15	1	44	98	1.5761703624062722
\\ Jobs in machine 25
11
J258	13	10	5	85	1.8203010033117863
J259	15	12	63	94	1.7612184381257978
J260	14	6	75	125	0.8273256535723803
J261	15	1	36	74	2.220861096339614
J262	14	6	90	67	1.7925051532252465
J263	15	2	48	30	1.7026296962653853
J264	15	9	84	39	1.3929231050751074
J265	13	8	60	78	0.19629849197315297
J266	13	11	45	54	1.161215689865453
J267	15	7	56	125	1.1507078673497566
J268	14	1	62	68	0.808834773255086
\\ Dependencies 
262
1	2
1	5
1	6
1	7
1	10
2	3
2	9
2	10
3	10
4	10
5	7
6	8
7	10
11	12
11	16
11	19
12	15
13	17
13	20
14	20
18	19
18	20
21	22
23	27
23	28
24	27
24	32
25	28
25	29
26	29
27	30
28	31
29	30
33	37
33	38
33	40
34	38
35	36
35	41
36	40
37	43
38	41
39	40
45	46
45	50
45	51
46	48
47	48
47	49
49	52
53	57
54	61
54	62
54	63
55	57
57	58
57	60
59	61
59	62
60	62
61	63
65	67
65	73
67	73
67	74
69	72
69	74
70	71
70	74
70	75
73	75
76	83
76	84
77	78
77	85
78	81
78	84
78	85
79	80
80	87
81	84
82	84
82	86
82	87
88	93
88	94
89	95
89	97
90	91
91	97
92	95
93	94
93	95
93	96
97	98
99	102
99	108
99	110
101	109
103	107
104	106
111	117
112	113
113	120
114	117
115	116
116	117
116	121
119	120
122	126
122	128
122	133
123	127
124	125
124	131
125	129
125	131
128	133
130	132
134	137
134	139
136	141
137	138
140	142
141	142
141	143
144	148
144	150
144	154
145	148
145	152
146	151
147	148
150	151
150	152
150	153
151	152
153	154
155	158
155	160
156	159
156	160
156	162
157	160
157	163
158	163
159	163
161	162
164	165
164	168
164	171
165	166
165	170
165	171
166	168
166	172
167	171
167	173
171	172
174	175
174	178
174	179
174	180
175	177
175	179
176	177
176	181
176	182
176	183
177	179
178	184
181	184
183	184
185	187
185	194
186	191
186	195
187	189
188	189
188	191
189	190
189	195
190	191
190	192
193	194
196	197
196	198
196	200
196	204
196	205
200	206
201	202
201	205
201	206
202	203
202	204
202	205
203	205
204	205
205	206
208	210
208	211
208	212
208	213
209	215
211	216
212	215
213	217
214	216
218	219
218	220
218	224
219	226
220	224
221	223
221	226
222	227
223	228
227	228
231	232
232	235
233	235
235	236
238	240
238	242
238	243
238	248
239	240
239	245
239	249
240	244
240	245
240	247
240	248
241	246
242	245
242	246
242	247
242	249
243	244
244	245
244	246
244	249
245	248
246	248
247	249
250	257
251	257
252	255
253	256
255	256
255	257
260	261
260	262
261	263
261	265
261	267
262	265
262	266
263	264
263	266
264	265
