\\ machines
5
\\ max power
50
\\ Jobs in machine 1
10
J1	14	1	109	15	1.697923622259073
J2	15	10	102	14	0.7117680347803157
J3	14	13	102	19	0.41485955712273814
J4	15	14	45	25	0.9214056716450809
J5	15	11	21	12	2.0810514082504903
J6	14	6	102	17	1.3106890195701129
J7	12	7	57	19	1.1722870287831413
J8	14	9	55	1	1.6651308734087955
J9	14	4	20	5	1.378813300372413
J10	13	7	86	19	0.9664684952580382
\\ Jobs in machine 2
11
J11	13	4	31	15	1.0383083454686968
J12	16	12	82	4	1.502430083387703
J13	14	6	49	1	1.8671697119749817
J14	14	3	51	3	1.3815771087607487
J15	15	7	39	20	2.019080984841516
J16	14	2	48	6	1.2605266819453809
J17	14	14	67	13	1.4999570181861985
J18	14	7	15	3	2.0975708872719343
J19	15	14	17	3	1.2038262121733694
J20	14	4	68	19	1.4011150160786656
J21	14	9	56	10	0.775408986305594
\\ Jobs in machine 3
10
J22	13	1	26	22	1.126190675735686
J23	15	12	97	6	1.622293490368671
J24	16	10	4	16	1.784857520917116
J25	14	13	109	9	0.3024319722716782
J26	14	12	34	18	1.1344587694892554
J27	15	12	31	15	1.942914203163475
J28	15	5	9	22	1.89668902376028
J29	15	11	58	6	1.2633423089305227
J30	15	14	102	19	0.7997733964491138
J31	15	3	19	10	1.5093516481381257
\\ Jobs in machine 4
10
J32	15	8	68	1	1.8254860297778688
J33	15	10	49	15	1.1291096998559025
J34	15	2	21	18	0.9852368344930637
J35	14	1	32	24	2.303565454310008
J36	16	10	33	6	1.679221771061491
J37	16	5	95	23	1.0242859307490446
J38	15	14	24	2	0.6837055887640837
J39	16	4	36	22	1.0648463702257067
J40	15	2	55	12	2.613951520388639
J41	14	2	26	14	0.1
\\ Jobs in machine 5
11
J42	15	8	80	8	1.645905369987007
J43	14	7	39	19	1.4464747475055988
J44	14	1	17	4	1.1947090826154605
J45	14	9	19	17	1.8075739426735518
J46	14	14	79	21	1.036978218875853
J47	14	11	25	16	1.6804923761781652
J48	16	1	47	9	0.7478982395624725
J49	14	8	20	17	0.6712321932243838
J50	15	6	5	9	0.862623629982631
J51	16	8	19	9	1.0145669561543564
J52	16	10	34	25	1.7286591134099067
\\ Dependencies 
26
1	6
2	4
2	6
3	6
5	9
6	7
6	8
11	18
12	20
14	19
22	23
23	26
24	29
26	30
27	28
32	38
33	38
34	39
36	38
37	39
37	41
38	39
42	48
47	51
47	52
50	51
