\\ machines
20
\\ max power
200
\\ Jobs in machine 1
12
J1	14	12	64	28	0.8183084179789398
J2	15	4	106	25	1.5348376444073668
J3	16	9	54	42	0.6960844071358041
J4	16	4	70	5	0.597805672757415
J5	15	10	6	36	1.157560883060288
J6	14	14	6	9	1.755172781451039
J7	15	12	75	48	1.4441108181024147
J8	13	7	107	4	1.364790370320193
J9	15	1	9	2	1.1008735362768827
J10	13	12	44	36	0.8118574140339567
J11	15	8	50	15	0.9906634635626732
J12	14	6	85	3	0.7354906198556843
\\ Jobs in machine 2
11
J13	14	9	74	15	0.9931121194439325
J14	15	14	61	6	1.8100880160419068
J15	14	2	13	48	1.1962380364396639
J16	15	7	46	32	1.7690363057896965
J17	14	7	64	47	1.0747678838637422
J18	15	12	25	42	0.7094759598004952
J19	14	6	100	39	1.4374149383972132
J20	13	13	42	34	0.4423402371827351
J21	14	7	10	40	1.21608170055778
J22	14	3	62	43	0.1
J23	14	10	59	20	0.1
\\ Jobs in machine 3
11
J24	14	12	64	30	1.168549004246512
J25	16	3	76	38	1.1736649803265147
J26	15	8	97	13	0.6175797963668174
J27	14	4	61	9	2.1240174568668913
J28	12	3	33	23	1.0695090587591698
J29	16	13	104	19	1.5268437487924742
J30	15	3	61	9	1.8481969678011028
J31	15	3	54	14	1.2218932834125174
J32	14	9	7	1	1.8482781441630807
J33	15	12	32	9	1.5499788746417544
J34	14	4	83	37	0.6545372534662803
\\ Jobs in machine 4
9
J35	14	13	10	9	1.1077754836515947
J36	15	9	22	33	1.3992638679419163
J37	15	1	100	34	2.0392853117093916
J38	14	10	48	2	1.1662189861309382
J39	14	8	58	21	0.8891792370416444
J40	15	5	62	18	1.0995604142026771
J41	15	9	58	7	1.2751673478240604
J42	16	13	73	27	1.64806044666756
J43	12	1	45	12	0.9894444406481955
\\ Jobs in machine 5
12
J44	15	6	100	7	1.1530523136662663
J45	15	1	75	18	0.6260845008793343
J46	14	6	52	30	0.572556950398555
J47	13	3	60	27	2.2363168937489926
J48	14	9	108	19	2.0146795756983464
J49	14	12	79	45	1.7470979769230484
J50	13	12	48	36	1.2035210625163113
J51	13	2	13	16	2.510086435895936
J52	15	9	3	27	1.5489003219563588
J53	14	11	40	14	0.6140552774994146
J54	13	4	71	17	0.34388354262564225
J55	14	10	21	39	0.9183866658948139
\\ Jobs in machine 6
14
J56	14	5	53	20	0.7122859642008594
J57	16	2	59	13	1.7477859624762773
J58	15	10	96	46	0.9045839380537202
J59	15	14	12	27	0.46757518975176005
J60	15	10	44	16	2.0084060647403454
J61	15	6	76	10	1.1593626090734483
J62	16	14	8	40	1.9880412460716874
J63	14	13	76	39	0.7724936018162687
J64	16	2	66	47	0.9098225564747366
J65	13	9	38	37	0.8603171705430281
J66	14	10	104	22	0.8886660572377199
J67	16	9	24	34	0.9185163518606057
J68	14	12	20	2	1.0659094826679518
J69	15	7	29	35	0.13273372754953416
\\ Jobs in machine 7
10
J70	13	5	22	27	0.43748893713779247
J71	15	12	98	5	0.9040173628547628
J72	15	10	102	15	0.8692785251731183
J73	14	3	35	45	1.0241674375936243
J74	13	13	82	19	1.9930117618166925
J75	12	10	59	40	0.4360008696933443
J76	14	10	14	22	2.096819348621963
J77	13	8	16	47	0.894190003896504
J78	13	8	35	18	2.273501860827797
J79	15	11	80	11	1.3835515666735416
\\ Jobs in machine 8
11
J80	14	10	84	3	1.4375535714038574
J81	14	9	41	16	1.5808647251380685
J82	13	8	109	25	1.1961373872203043
J83	13	12	51	15	1.2698642125867232
J84	12	7	10	40	0.3776792130100558
J85	12	13	31	44	0.6090260725533039
J86	14	6	44	30	0.1714311365816823
J87	12	10	73	44	2.187026808303348
J88	14	2	85	6	0.8054345140695132
J89	15	8	62	2	1.2056309914471905
J90	15	1	41	17	1.505342279329512
\\ Jobs in machine 9
11
J91	16	9	71	21	0.8228455789637729
J92	15	5	14	45	0.1
J93	16	3	38	9	1.1773886459093639
J94	13	7	93	34	1.7075545901200027
J95	15	12	32	5	1.3463632365878622
J96	14	12	20	24	1.8734324616871625
J97	14	6	88	17	1.8604404854865628
J98	14	3	47	25	1.5717015884256105
J99	14	10	42	36	0.9561200556975054
J100	14	4	70	39	1.5523680237237412
J101	16	6	32	9	1.2896055950034557
\\ Jobs in machine 10
10
J102	16	7	85	9	0.1
J103	15	8	13	19	1.5215006458824534
J104	14	6	60	22	2.1257368783917787
J105	15	8	95	2	2.2011445149646143
J106	14	12	64	48	1.6727264869006042
J107	14	3	71	28	0.9225694379430427
J108	15	5	66	43	1.0599911583887878
J109	14	8	68	45	1.6280748381153924
J110	14	13	107	7	1.4725936595305866
J111	13	1	13	42	0.8579524170901391
\\ Jobs in machine 11
10
J112	15	14	17	45	1.4584894495530518
J113	15	7	93	21	0.12725416641480858
J114	16	3	17	14	1.3849080854747713
J115	15	14	53	17	1.192174057470826
J116	14	6	87	43	0.8685143772221546
J117	13	13	81	48	1.4272604086507932
J118	15	4	76	48	0.6419965547312579
J119	15	13	104	45	1.3957465783936365
J120	14	14	63	44	0.5120075387736684
J121	15	12	6	17	0.6099712826468182
\\ Jobs in machine 12
10
J122	14	13	17	23	1.5133191661062169
J123	13	6	57	22	1.4541953339173053
J124	15	11	98	9	0.6548317918050773
J125	12	9	10	18	0.7700345324678819
J126	14	12	18	17	0.795533751193165
J127	13	7	64	20	0.5210867370650827
J128	15	9	19	3	0.6837686057116323
J129	15	11	4	3	2.1011534422834512
J130	16	5	21	39	1.105054974973235
J131	16	4	101	40	1.215160010340256
\\ Jobs in machine 13
11
J132	15	6	27	29	1.2921619637338264
J133	13	7	48	11	1.2977217753851318
J134	16	8	29	29	1.5449300296116504
J135	16	11	60	22	1.6174414062010571
J136	15	6	102	49	1.613847202511652
J137	13	13	100	4	0.8702925131696215
J138	14	11	101	32	0.9750247474526401
J139	16	12	86	43	1.6177159466701365
J140	15	8	3	9	0.5676852175625123
J141	13	2	51	6	0.8928967458338504
J142	14	5	35	35	1.814096448522268
\\ Jobs in machine 14
12
J143	12	13	12	8	1.2646666408046263
J144	16	12	105	49	0.5934551569772617
J145	15	2	42	45	1.5611845611980797
J146	14	3	66	45	0.6322758240610786
J147	14	6	49	27	1.3422042908823897
J148	13	10	55	44	1.1353086728864508
J149	16	12	53	40	0.3844343768539671
J150	14	7	3	45	1.2055532774741344
J151	15	13	28	9	1.2933456930031075
J152	14	9	50	5	0.9003908874742301
J153	16	4	104	25	0.8746245502062433
J154	13	14	90	10	0.5996286378561161
\\ Jobs in machine 15
10
J155	13	7	48	25	1.2579796661023326
J156	13	1	61	12	1.5560035615920447
J157	14	1	40	43	1.6666431183507369
J158	16	3	63	30	1.2472112050568853
J159	13	14	77	50	1.7881989412624701
J160	15	11	84	9	0.7964309299035595
J161	15	11	20	33	0.9790971095613538
J162	14	3	13	11	0.9125841279980138
J163	13	9	64	3	1.419925328716414
J164	16	8	47	19	1.9771511639745514
\\ Jobs in machine 16
10
J165	15	10	10	14	1.4647067165535537
J166	14	12	70	14	1.0533364449951854
J167	14	2	89	13	1.0428294070636976
J168	15	1	92	10	2.0889745483874256
J169	15	6	48	39	1.299168695018714
J170	16	5	11	17	0.532450275389884
J171	12	10	105	2	1.5249025053486827
J172	14	1	38	27	1.6632900966886677
J173	16	11	79	12	1.575636955854805
J174	16	13	87	15	0.6475210779693703
\\ Jobs in machine 17
12
J175	15	5	95	36	1.53020000754634
J176	14	10	83	42	1.0897057992766161
J177	15	3	105	32	0.3570634111423864
J178	15	5	3	50	1.3826797612181458
J179	14	10	67	50	0.9570276390484497
J180	17	9	16	50	2.164240927399508
J181	14	12	76	33	1.034681258391663
J182	14	2	93	17	1.3428971950340682
J183	15	14	57	27	1.2609823696899658
J184	15	6	87	22	1.5896201501688334
J185	16	5	4	22	1.5888947423762452
J186	14	10	55	48	0.17863642168742322
\\ Jobs in machine 18
9
J187	14	1	9	15	1.245131228205131
J188	15	4	31	25	1.0143060613491561
J189	14	6	5	26	1.1345503625563986
J190	14	1	99	4	0.580841488349915
J191	16	4	109	34	0.7460329603853628
J192	15	1	36	34	1.1062394344243027
J193	17	12	47	15	0.9696709260531633
J194	14	2	36	36	1.362456368189201
J195	15	13	67	24	1.9180066085937497
\\ Jobs in machine 19
10
J196	13	14	43	50	0.9061955448543144
J197	13	12	82	26	0.4136531020274906
J198	15	6	95	15	1.6270897482394322
J199	16	13	79	12	1.7144263065049672
J200	14	10	100	50	0.27311550646581273
J201	15	7	29	32	0.45652589473558547
J202	13	10	103	23	0.8358050467287994
J203	15	2	60	6	1.5864989981707573
J204	15	3	16	45	1.3208747782571602
J205	15	9	82	31	1.6830822751538395
\\ Jobs in machine 20
13
J206	13	4	87	14	0.9651575111351818
J207	14	1	37	2	0.1
J208	15	3	32	11	0.8813038057563858
J209	14	7	18	3	1.3362097964359927
J210	14	5	109	43	1.2175761156851397
J211	16	4	96	20	1.1261583030171256
J212	15	2	3	12	1.7685159919946638
J213	15	14	91	47	0.8005209413352132
J214	16	11	73	17	1.7985014845469114
J215	15	5	28	32	0.620819662255667
J216	13	10	36	25	1.6178855951706095
J217	15	9	28	37	1.5238482875804857
J218	13	3	6	11	1.4675851463903835
\\ Dependencies 
997
1	2
1	3
1	4
1	5
1	6
1	7
1	8
1	9
1	10
1	12
2	3
2	4
2	5
2	6
2	7
2	8
2	9
2	10
2	11
2	12
3	4
3	5
3	6
3	7
3	9
3	10
3	11
3	12
4	5
4	6
4	7
4	8
4	10
4	12
5	6
5	7
5	8
5	9
5	10
5	12
6	7
6	9
6	10
6	12
7	8
7	10
7	11
7	12
8	9
8	10
8	11
8	12
9	10
9	11
9	12
10	11
10	12
11	12
13	14
13	15
13	16
13	18
13	20
13	21
13	22
14	15
14	16
14	18
14	19
14	20
14	21
14	22
14	23
15	16
15	17
15	18
15	19
15	20
15	21
15	23
16	17
16	18
16	19
16	20
16	21
16	22
16	23
17	18
17	19
17	20
17	21
17	22
17	23
18	19
18	20
18	21
18	22
18	23
19	20
19	21
19	22
19	23
20	22
20	23
21	22
21	23
22	23
24	25
24	27
24	28
24	29
24	30
24	31
24	32
24	33
24	34
25	26
25	27
25	29
25	30
25	31
25	32
25	33
25	34
26	27
26	29
26	30
26	31
26	32
26	33
26	34
27	28
27	29
27	30
27	31
27	32
27	33
27	34
28	29
28	30
28	31
28	32
28	33
29	31
29	32
29	33
29	34
30	31
30	32
30	33
30	34
31	32
31	33
31	34
32	33
32	34
35	36
35	37
35	38
35	39
35	40
35	41
35	42
35	43
36	37
36	38
36	39
36	40
36	41
36	42
36	43
37	38
37	39
37	40
37	41
37	42
37	43
38	39
38	40
38	41
38	42
38	43
39	40
39	41
39	42
39	43
40	41
40	42
40	43
41	42
41	43
42	43
44	46
44	47
44	48
44	49
44	50
44	51
44	52
44	54
44	55
45	46
45	47
45	48
45	49
45	51
45	52
45	53
45	54
46	47
46	49
46	51
46	52
46	54
46	55
47	48
47	50
47	51
47	52
47	53
47	54
47	55
48	49
48	50
48	51
48	52
48	53
48	54
48	55
49	50
49	51
49	52
49	53
49	54
49	55
50	51
50	52
50	53
50	54
50	55
51	52
51	53
51	54
51	55
52	53
52	54
52	55
53	54
53	55
54	55
56	57
56	58
56	59
56	60
56	61
56	62
56	63
56	64
56	66
56	67
56	68
56	69
57	59
57	60
57	61
57	62
57	64
57	65
57	66
57	67
57	68
57	69
58	59
58	60
58	61
58	62
58	63
58	64
58	65
58	66
58	67
58	68
58	69
59	60
59	61
59	62
59	63
59	64
59	65
59	66
59	67
59	68
59	69
60	61
60	62
60	63
60	64
60	65
60	66
60	67
60	69
61	62
61	63
61	64
61	65
61	66
61	67
61	68
61	69
62	63
62	64
62	65
62	66
62	67
62	68
63	64
63	65
63	66
63	67
63	68
63	69
64	65
64	66
64	67
64	68
65	66
65	67
65	68
65	69
66	67
66	68
66	69
67	68
67	69
68	69
70	71
70	72
70	73
70	74
70	75
70	76
70	77
70	78
70	79
71	72
71	73
71	74
71	75
71	76
71	77
71	78
71	79
72	73
72	75
72	77
72	78
72	79
73	74
73	75
73	76
73	77
73	78
73	79
74	75
74	76
74	77
74	79
75	76
75	77
75	78
76	77
76	78
76	79
77	78
77	79
78	79
80	81
80	82
80	83
80	84
80	85
80	86
80	87
80	88
80	89
81	82
81	83
81	84
81	85
81	87
81	88
81	89
81	90
82	83
82	84
82	85
82	86
82	87
82	88
82	89
82	90
83	84
83	85
83	86
83	87
83	89
83	90
84	85
84	86
84	87
84	88
84	89
85	86
85	87
85	88
85	89
85	90
86	87
86	88
86	89
86	90
87	88
87	89
87	90
88	89
88	90
91	92
91	93
91	94
91	95
91	96
91	97
91	98
91	99
91	100
91	101
92	93
92	94
92	95
92	96
92	97
92	98
92	99
92	100
92	101
93	94
93	95
93	97
93	98
93	99
93	100
93	101
94	95
94	96
94	97
94	98
94	99
94	100
94	101
95	96
95	97
95	99
95	100
95	101
96	97
96	98
96	99
96	100
96	101
97	98
97	100
97	101
98	99
98	100
98	101
99	100
99	101
100	101
102	103
102	104
102	105
102	106
102	107
102	108
102	109
102	110
102	111
103	104
103	105
103	106
103	107
103	108
103	109
103	110
103	111
104	105
104	106
104	107
104	108
104	109
104	110
104	111
105	106
105	107
105	108
105	109
105	110
105	111
106	107
106	108
106	110
107	108
107	109
107	110
107	111
108	109
108	111
109	110
109	111
110	111
112	114
112	115
112	116
112	117
112	118
112	119
112	120
112	121
113	114
113	115
113	116
113	117
113	118
113	119
113	120
113	121
114	115
114	116
114	117
114	118
114	119
114	120
114	121
115	117
115	118
115	119
115	120
115	121
116	117
116	118
116	119
116	120
116	121
117	118
117	119
117	120
117	121
118	119
118	120
118	121
119	120
119	121
120	121
122	124
122	125
122	126
122	127
122	128
122	129
122	131
123	124
123	125
123	127
123	128
123	129
123	130
123	131
124	125
124	126
124	127
124	128
124	129
124	130
124	131
125	126
125	127
125	128
125	129
125	130
125	131
126	127
126	128
126	129
127	128
127	129
127	130
127	131
128	129
128	130
128	131
129	131
130	131
132	133
132	134
132	135
132	136
132	137
132	138
132	140
132	141
132	142
133	134
133	135
133	136
133	137
133	138
133	139
133	141
133	142
134	135
134	136
134	137
134	138
134	140
134	141
134	142
135	136
135	137
135	138
135	139
135	141
135	142
136	138
136	139
136	140
136	141
136	142
137	139
137	140
137	141
137	142
138	139
138	140
138	141
138	142
139	140
139	141
139	142
140	141
140	142
141	142
143	144
143	145
143	146
143	147
143	148
143	149
143	150
143	151
143	152
143	153
143	154
144	146
144	147
144	148
144	149
144	150
144	152
144	153
145	146
145	147
145	148
145	149
145	150
145	151
145	152
145	153
145	154
146	147
146	149
146	150
146	151
146	152
146	153
146	154
147	148
147	149
147	150
147	151
147	152
147	153
147	154
148	149
148	150
148	151
148	152
148	153
148	154
149	150
149	151
149	152
149	153
149	154
150	151
150	152
150	153
150	154
151	152
151	153
151	154
152	153
152	154
153	154
155	156
155	157
155	158
155	159
155	160
155	161
155	163
156	157
156	158
156	159
156	160
156	161
156	162
156	163
156	164
157	158
157	159
157	160
157	161
157	162
157	163
157	164
158	159
158	161
158	162
158	163
159	160
159	161
159	162
159	163
159	164
160	161
160	162
160	164
161	162
161	163
161	164
162	163
162	164
163	164
165	166
165	167
165	168
165	169
165	170
165	171
165	172
165	173
165	174
166	167
166	168
166	169
166	170
166	171
166	172
166	173
166	174
167	168
167	169
167	170
167	171
167	172
167	173
167	174
168	169
168	171
168	173
168	174
169	170
169	171
169	172
169	173
169	174
170	171
170	172
170	173
170	174
171	172
171	173
171	174
172	173
172	174
173	174
175	176
175	177
175	178
175	179
175	180
175	181
175	182
175	184
175	185
175	186
176	177
176	178
176	179
176	180
176	181
176	182
176	183
176	184
176	185
176	186
177	178
177	179
177	181
177	182
177	183
177	184
177	185
177	186
178	179
178	180
178	181
178	182
178	183
178	185
178	186
179	180
179	181
179	182
179	183
179	185
179	186
180	181
180	182
180	184
180	185
180	186
181	182
181	184
181	185
181	186
182	183
182	184
182	185
182	186
183	185
183	186
184	185
184	186
185	186
187	188
187	189
187	190
187	191
187	192
187	193
187	194
187	195
188	189
188	190
188	191
188	192
188	193
188	195
189	190
189	191
189	192
189	193
189	195
190	191
190	192
190	193
190	194
190	195
191	192
191	193
191	194
191	195
192	193
192	194
192	195
193	194
193	195
194	195
196	197
196	198
196	199
196	200
196	201
196	202
196	203
196	204
196	205
197	198
197	200
197	201
197	202
197	203
197	204
197	205
198	199
198	200
198	201
198	202
198	203
198	204
198	205
199	200
199	201
199	203
199	204
199	205
200	201
200	202
200	203
200	204
200	205
201	202
201	203
201	205
202	203
202	204
202	205
203	205
204	205
206	207
206	208
206	209
206	211
206	212
206	213
206	214
206	215
206	216
206	217
206	218
207	208
207	211
207	212
207	213
207	215
207	216
207	217
207	218
208	209
208	210
208	211
208	212
208	213
208	214
208	216
208	217
208	218
209	211
209	212
209	213
209	214
209	215
209	216
209	217
209	218
210	211
210	212
210	213
210	214
210	215
210	216
210	217
211	212
211	213
211	214
211	217
211	218
212	213
212	214
212	215
212	216
212	217
212	218
213	215
213	216
213	217
214	215
214	216
214	217
214	218
215	216
215	217
215	218
216	217
216	218
217	218
