\\ machines
6
\\ max power
60
\\ Jobs in machine 1
12
J1	14	10	18	13	1.4339299815662052
J2	15	9	3	8	2.0609112773538896
J3	13	8	2	19	2.0144277901125536
J4	15	8	44	4	1.6406092630969273
J5	14	3	110	29	1.6450283809490485
J6	13	6	10	17	1.7451395906637175
J7	16	1	49	30	1.4633198851498328
J8	14	14	18	20	1.5636347422211658
J9	15	8	3	25	1.6459938982349323
J10	15	4	43	4	1.0237846977905591
J11	14	9	20	9	1.1223345649590295
J12	13	9	107	9	1.0042392860920006
\\ Jobs in machine 2
11
J13	14	5	5	1	1.4318594831514706
J14	14	11	16	2	1.508869512027928
J15	17	10	29	21	0.5312136802773793
J16	16	10	18	3	1.1915416587956997
J17	13	7	85	16	1.6612483044254762
J18	15	3	105	25	1.560149160781333
J19	14	12	28	23	0.5926751902063587
J20	13	5	11	19	1.5482273349176363
J21	14	11	31	10	1.1991705649676565
J22	13	6	19	23	1.733978309376022
J23	15	6	96	23	0.9260366794435277
\\ Jobs in machine 3
12
J24	14	8	12	17	0.7376016392763496
J25	14	14	14	1	0.955209296002919
J26	14	10	76	8	0.8400404532419061
J27	14	5	47	27	1.0114038121688123
J28	14	2	71	24	0.48415415710412846
J29	15	6	81	24	1.17972926808775
J30	14	13	94	18	1.1353923881974322
J31	16	8	3	18	1.22525622837583
J32	16	2	91	22	1.6882166560965384
J33	15	2	12	10	1.6826856083601043
J34	15	6	59	27	2.3292525221328324
J35	16	9	51	25	1.763019468209969
\\ Jobs in machine 4
10
J36	15	1	34	7	1.643366033238161
J37	16	10	48	23	1.6850536676109786
J38	14	5	35	25	0.974246762309326
J39	15	1	56	25	2.093305517912804
J40	15	2	71	21	0.7047921079216278
J41	14	13	9	8	1.9149489902334296
J42	13	5	89	4	1.9111898189878658
J43	14	14	34	26	1.405253807271106
J44	13	9	12	8	1.3704250915661644
J45	14	12	46	23	1.463859530170341
\\ Jobs in machine 5
12
J46	14	3	94	30	1.0839950656057546
J47	14	4	20	14	0.5118846957639634
J48	14	13	68	2	1.5592912259396332
J49	14	7	73	13	0.28024001485318695
J50	16	1	90	24	2.2770763714876088
J51	14	12	13	8	0.8288182460874067
J52	14	6	4	27	0.5449755362580055
J53	16	14	16	24	1.2306362096445902
J54	13	2	71	10	0.9220374659741328
J55	15	10	85	25	1.0205102446160295
J56	13	3	4	13	0.5516041800671521
J57	12	1	44	18	0.42405853163655194
\\ Jobs in machine 6
12
J58	14	12	81	12	1.1738409548029716
J59	15	11	5	1	0.9704956077585577
J60	14	9	14	30	1.2907652213030565
J61	15	14	88	12	1.3021159546070271
J62	13	4	11	29	1.1047616097943238
J63	15	3	72	3	1.3878074923190415
J64	16	5	104	5	1.418607846567099
J65	14	3	11	1	1.5916922093561916
J66	16	9	13	17	1.2068843294745055
J67	15	3	37	23	1.2584535547473878
J68	14	11	98	2	0.7941821165793849
J69	16	5	46	4	1.4378306734554078
\\ Dependencies 
164
1	2
1	3
1	4
1	5
1	7
1	8
1	9
1	12
2	5
2	7
2	8
2	9
2	10
2	11
3	6
3	8
3	9
3	12
4	6
4	9
5	6
5	9
5	10
5	11
6	8
6	12
7	9
8	9
9	11
9	12
10	11
11	12
13	20
13	22
13	23
14	15
14	20
14	21
15	21
15	23
16	17
16	19
16	21
16	22
17	20
17	21
18	19
18	20
18	22
18	23
19	23
20	22
21	23
22	23
24	26
24	31
24	32
24	33
24	34
25	26
25	27
25	29
25	31
25	32
25	35
26	27
26	28
26	29
26	31
26	34
27	30
27	34
28	29
28	30
28	31
28	33
28	34
28	35
29	33
29	34
30	31
30	34
31	33
31	34
32	33
33	34
34	35
36	38
36	39
36	40
36	42
36	45
37	38
37	40
37	41
37	44
38	43
38	44
39	40
39	41
39	44
39	45
40	41
41	42
41	43
41	45
42	43
42	44
46	47
46	48
46	54
47	48
47	51
47	52
47	53
47	55
47	56
47	57
48	49
48	50
48	56
49	53
50	52
50	53
50	54
50	57
51	53
51	54
51	55
51	57
52	54
52	55
53	54
53	55
53	56
53	57
55	57
59	60
59	61
59	62
59	63
59	67
59	68
60	61
60	65
60	68
61	62
61	63
61	68
61	69
62	63
62	64
62	66
62	67
63	64
63	65
63	68
63	69
64	65
64	68
65	68
66	69
67	69
68	69
