\\ machines
18
\\ max power
180
\\ Jobs in machine 1
9
J1	14	14	79	89	2.3554076999479703
J2	15	8	66	43	1.723724870447953
J3	15	8	11	50	0.38594092078050557
J4	14	8	66	56	0.9296281116050802
J5	15	10	90	29	1.5313533526546528
J6	14	2	89	83	0.7393198686636446
J7	14	2	37	30	0.6322145988802077
J8	14	14	101	34	0.5160616063596357
J9	13	5	77	60	1.54325796955632
\\ Jobs in machine 2
12
J10	15	14	46	75	2.240550386582474
J11	14	12	29	67	0.9135104496169936
J12	13	5	99	61	0.9254638824982138
J13	15	5	8	50	1.204112806362287
J14	14	7	63	83	0.812894012554854
J15	13	11	91	39	1.0375616132280476
J16	15	1	89	32	2.392170223102716
J17	15	1	104	25	0.7246667200034062
J18	15	11	76	3	1.3696377661048142
J19	14	1	35	87	1.5972132440667077
J20	14	7	85	44	1.0458950111356893
J21	14	14	76	2	0.7438327850076489
\\ Jobs in machine 3
10
J22	15	13	100	23	0.8091670613986232
J23	15	11	55	6	1.0901860499501623
J24	14	8	90	19	1.134404092808193
J25	14	14	23	35	0.8481669836251813
J26	16	11	42	44	1.0987304242077225
J27	15	5	78	15	1.4697622599972058
J28	14	1	88	73	1.049016918667768
J29	14	7	28	83	1.4185747419712573
J30	15	9	70	12	0.7980111430071201
J31	14	10	24	33	0.1
\\ Jobs in machine 4
11
J32	14	8	87	47	1.5301486503777861
J33	14	3	66	9	1.1399104241311375
J34	15	7	36	10	0.9689114918799766
J35	13	1	10	80	1.3781094975943309
J36	14	8	84	65	1.5121440612662356
J37	13	9	6	52	1.5667243682828502
J38	17	13	48	22	1.1623652359198728
J39	14	12	93	69	0.4422139543660242
J40	13	14	104	14	1.4915709468497065
J41	14	14	13	40	0.16679223747594674
J42	16	2	35	52	1.6058368677312675
\\ Jobs in machine 5
10
J43	15	3	87	64	1.030715723014001
J44	12	11	25	72	0.7797000962259548
J45	16	4	17	84	1.1124092564493226
J46	15	5	49	21	2.070304758302088
J47	16	1	71	49	1.19654781296664
J48	15	11	104	16	0.22715502437862378
J49	15	12	5	40	1.3766480311836902
J50	14	10	30	65	1.3142519901999008
J51	17	10	90	57	0.7890645065676583
J52	15	4	62	65	0.7489398533862077
\\ Jobs in machine 6
11
J53	14	4	59	89	1.4273177941062514
J54	15	9	90	37	1.7973589436298947
J55	15	4	100	86	1.0012011563845582
J56	14	10	7	15	1.7856117233354858
J57	16	7	100	36	1.2719288964267816
J58	14	5	38	73	1.5706990648270187
J59	14	13	83	70	0.9050482956366638
J60	14	8	65	32	1.453064237313071
J61	15	7	6	52	1.2920393853694383
J62	14	7	62	26	1.544315210284345
J63	14	6	61	5	1.7349269519617727
\\ Jobs in machine 7
13
J64	14	12	19	30	1.461679574965755
J65	15	13	48	37	0.7964305847846389
J66	14	6	28	20	1.840947907798205
J67	15	14	14	72	0.6186585562136808
J68	15	1	105	36	1.1945788204160872
J69	15	12	78	55	1.5207867084781923
J70	13	5	59	1	1.1968373642077268
J71	15	3	58	4	1.3699525620735575
J72	14	6	97	17	1.929242339632921
J73	14	1	109	58	1.1623129031601844
J74	14	14	24	57	1.4262193793949178
J75	13	11	14	5	1.3412258535181796
J76	13	14	90	33	1.6092267999173837
\\ Jobs in machine 8
10
J77	14	14	17	40	1.6650556819848972
J78	14	13	26	87	0.1
J79	14	4	94	23	1.2669681641655113
J80	14	7	23	41	0.17349026180182792
J81	14	13	100	4	2.5737806210171095
J82	16	14	70	43	0.44260589679239515
J83	15	6	4	1	0.7637037978829496
J84	14	5	56	24	2.0008988087416784
J85	16	14	37	57	1.6466934343019175
J86	16	10	29	4	1.3895692422801755
\\ Jobs in machine 9
12
J87	14	7	76	31	2.0709863594532094
J88	15	5	15	56	1.292418490205624
J89	14	10	59	68	1.0129461658716776
J90	16	9	31	65	1.150765604808549
J91	14	6	29	81	1.5184020041984425
J92	15	8	34	42	0.70214920730002
J93	14	12	101	27	0.28937655394083994
J94	14	10	7	21	1.444985223782781
J95	16	7	81	25	1.7728471442092983
J96	15	10	66	43	1.1639660760090853
J97	14	9	77	24	1.1907261522528592
J98	15	11	97	24	1.337945954369021
\\ Jobs in machine 10
10
J99	14	12	61	72	1.765710849822744
J100	13	6	44	5	1.4171892539926052
J101	14	5	62	33	0.8028566001584226
J102	16	9	75	47	0.34051771150802146
J103	15	5	38	2	1.863165988910989
J104	14	6	64	59	0.9040182625506268
J105	14	14	19	54	1.181052280713588
J106	15	4	9	87	1.43413752123544
J107	15	1	11	81	1.2668957768888462
J108	17	2	102	72	1.2797924135968568
\\ Jobs in machine 11
11
J109	16	11	19	46	1.9849648525273422
J110	14	9	109	48	0.1
J111	13	13	97	42	1.0879280802734252
J112	16	12	46	48	0.2890027385705384
J113	14	4	77	12	1.1584548429389454
J114	14	1	15	4	1.2163547763277134
J115	15	5	39	35	0.9338719592406384
J116	15	5	34	25	1.528302470734846
J117	13	11	78	7	1.8954910005408574
J118	15	2	11	46	1.1143602412178886
J119	14	2	47	46	0.4742847245079356
\\ Jobs in machine 12
11
J120	16	13	8	77	1.1441570694103207
J121	15	10	37	15	1.5631576114597392
J122	15	9	48	46	1.4283948302383982
J123	15	10	53	43	0.893991719682388
J124	14	11	85	47	1.0815721213476022
J125	14	8	17	28	1.5010973401773495
J126	14	7	62	50	1.3858595900213255
J127	14	10	45	70	0.5775351944049846
J128	14	1	68	40	1.3343266496746224
J129	15	1	102	66	1.0912085481607876
J130	14	4	36	82	0.7856083152929931
\\ Jobs in machine 13
12
J131	15	4	19	45	1.1936044921299427
J132	13	11	45	28	1.0811953109121788
J133	15	3	32	73	0.9867004761100798
J134	16	6	18	87	1.4077551710348415
J135	15	12	110	86	1.6329965300531102
J136	14	10	51	10	1.740937230656217
J137	15	6	27	51	1.4632365739633293
J138	14	14	31	34	0.3843192376093192
J139	14	13	89	84	0.28331944341031934
J140	15	9	99	10	1.3640741723728975
J141	15	11	3	61	1.2262908532850465
J142	16	10	10	1	1.2273440435255254
\\ Jobs in machine 14
11
J143	13	3	62	41	1.9144560869366858
J144	14	8	51	16	0.10426464217426346
J145	16	4	46	70	1.6520872357389247
J146	14	9	80	17	1.0306221734841448
J147	14	9	44	70	0.18118888017112988
J148	13	10	103	41	1.0902043003311443
J149	15	10	83	80	0.2535119536757442
J150	15	11	98	45	1.4941640568448584
J151	16	14	7	28	0.182685339730023
J152	13	7	27	88	0.9155868638997535
J153	16	10	42	66	1.6123503902711114
\\ Jobs in machine 15
11
J154	15	8	5	5	0.7271173972689586
J155	15	12	54	37	0.6588546057553462
J156	17	4	60	89	1.0508181647755785
J157	14	1	30	82	1.529495075653222
J158	14	14	69	37	0.4682010515440479
J159	14	3	5	5	0.9730552918457661
J160	16	11	93	32	1.3018016213496035
J161	15	8	60	31	0.9655799681485892
J162	17	12	51	78	1.2339610022793623
J163	13	1	27	86	1.4880748632165386
J164	14	14	67	61	0.5252024391583505
\\ Jobs in machine 16
10
J165	14	3	29	84	2.2370216312466584
J166	15	3	29	41	1.7290894655251239
J167	14	10	87	12	1.0763099201673978
J168	17	4	104	43	1.6679055225497006
J169	16	11	105	9	2.180878294674659
J170	14	4	37	39	1.3230747826157265
J171	13	1	9	20	0.6698713903383648
J172	15	2	59	42	1.5783294810157185
J173	14	5	63	88	1.6355148173489917
J174	12	9	5	39	1.5421195172010789
\\ Jobs in machine 17
12
J175	14	13	62	72	1.392045200000512
J176	15	2	77	64	0.7573534101891851
J177	13	10	62	7	0.4175736635819062
J178	14	11	24	52	1.213988654105345
J179	14	4	8	25	1.5272531404893477
J180	14	4	59	14	2.3739358186614985
J181	14	13	98	76	0.8140296523438781
J182	16	5	11	67	1.1707381652728746
J183	16	11	32	6	1.4480572441348694
J184	16	1	31	16	0.1
J185	15	12	102	11	1.0442145134185243
J186	13	11	98	24	1.2857681801013552
\\ Jobs in machine 18
12
J187	14	13	100	61	0.612891436940866
J188	14	6	21	17	1.0178114265127194
J189	14	2	105	6	1.9798670538948828
J190	16	9	93	74	0.7677220433573857
J191	15	2	18	58	0.5973873168350652
J192	13	5	96	46	0.8878066790365231
J193	15	6	37	60	1.4248397230680927
J194	14	1	66	58	1.645349641806396
J195	16	13	103	79	0.6692028175974
J196	12	13	86	1	0.6374707967283032
J197	15	2	88	85	1.0521632107112049
J198	14	6	45	73	2.421756479763253
\\ Dependencies 
696
1	2
1	4
1	6
1	7
1	8
1	9
2	3
2	4
2	6
2	7
2	8
3	4
3	5
3	7
3	8
3	9
4	5
4	6
4	9
5	7
5	8
6	7
6	8
6	9
7	8
8	9
10	11
10	12
10	14
10	15
10	16
10	18
10	19
10	20
11	12
11	13
11	14
11	15
11	16
11	17
11	19
11	20
11	21
12	14
12	17
12	19
12	21
13	14
13	15
13	16
13	20
14	15
14	16
14	17
14	18
14	19
15	16
15	17
15	18
15	19
15	20
16	17
16	19
16	20
16	21
17	19
17	20
17	21
18	20
18	21
19	21
20	21
22	23
22	25
22	28
22	29
22	31
23	24
23	25
23	28
23	30
23	31
24	26
24	27
24	29
24	30
24	31
25	28
25	29
25	30
25	31
26	27
26	29
26	30
27	28
27	30
28	29
28	30
29	30
29	31
30	31
32	33
32	34
32	37
32	38
32	39
32	41
32	42
33	34
33	37
33	38
33	40
33	41
33	42
34	35
34	36
34	37
34	38
34	39
34	40
34	41
34	42
35	38
35	39
35	40
35	42
36	38
36	39
36	42
37	38
37	39
37	40
37	41
37	42
38	39
38	40
38	41
38	42
39	41
39	42
40	42
41	42
43	45
43	47
43	48
43	49
43	50
43	52
44	45
44	46
44	47
44	49
44	50
44	52
45	46
45	47
45	48
45	49
45	50
45	51
46	48
46	49
46	50
46	52
47	48
47	49
47	50
47	51
47	52
48	50
48	51
48	52
49	50
49	51
51	52
53	54
53	55
53	57
53	58
53	59
53	62
54	55
54	56
54	57
54	62
54	63
55	58
55	59
55	60
56	57
56	59
56	63
57	59
57	61
57	62
57	63
58	60
58	61
58	62
58	63
59	60
59	61
59	63
60	61
60	62
60	63
61	63
62	63
64	65
64	66
64	67
64	68
64	69
64	70
64	72
64	73
64	74
64	76
65	67
65	68
65	69
65	70
65	71
65	72
65	75
66	67
66	71
66	73
66	74
66	75
66	76
67	68
67	69
67	71
67	72
67	73
67	74
67	76
68	69
68	71
68	72
68	73
68	74
68	76
69	70
69	71
69	74
69	75
70	71
70	72
70	73
70	74
70	76
71	73
71	74
71	76
72	73
72	74
72	75
72	76
73	74
74	75
75	76
77	78
77	79
77	80
77	83
77	84
78	79
78	81
78	82
78	83
78	84
78	85
78	86
79	80
79	81
79	82
79	83
79	84
79	86
80	83
80	86
81	84
81	85
81	86
82	84
82	85
82	86
83	84
83	85
83	86
84	86
85	86
87	88
87	90
87	91
87	94
87	95
87	96
87	97
87	98
88	90
88	91
88	92
88	93
88	95
88	96
88	97
89	90
89	91
89	93
89	94
89	95
89	96
89	98
90	91
90	94
90	96
90	97
91	92
91	93
91	94
91	95
91	96
91	97
91	98
92	93
92	94
92	96
92	98
93	94
93	95
93	96
93	98
94	96
94	97
94	98
95	97
96	98
97	98
99	103
99	104
99	106
99	107
99	108
100	101
100	103
100	104
100	105
100	106
101	102
101	103
101	104
101	105
101	106
101	107
101	108
102	103
102	105
102	107
103	106
103	107
103	108
104	106
104	107
105	106
105	107
106	108
109	110
109	114
109	115
109	116
109	117
109	118
110	111
110	112
110	113
110	114
110	115
110	117
110	118
110	119
111	113
111	115
111	116
111	117
111	118
112	113
112	114
112	115
112	117
112	119
113	115
113	116
113	117
114	115
114	116
114	117
114	118
114	119
115	118
115	119
116	119
117	118
118	119
120	121
120	123
120	125
120	126
120	127
120	128
120	130
121	122
121	123
121	124
121	125
121	126
121	127
121	128
121	129
121	130
122	124
122	127
122	128
122	129
122	130
123	124
123	125
123	126
123	127
123	129
123	130
124	125
124	126
124	127
124	128
124	129
124	130
125	126
125	127
125	128
125	129
125	130
126	127
126	129
126	130
127	130
128	130
131	132
131	135
131	137
131	140
131	141
132	133
132	134
132	135
132	136
132	137
132	138
132	141
132	142
133	134
133	138
133	139
133	141
133	142
134	135
134	136
134	137
134	138
134	140
134	141
135	136
135	137
135	138
135	139
135	140
135	141
136	138
136	139
136	141
137	138
137	139
137	141
137	142
138	140
138	141
139	140
140	142
141	142
143	144
143	145
143	146
143	149
143	150
143	152
143	153
144	145
144	146
144	147
144	149
144	150
144	152
144	153
145	147
145	148
145	149
145	150
145	152
146	148
146	149
146	151
146	152
146	153
147	148
147	149
147	150
147	152
147	153
148	149
148	150
148	151
148	152
149	151
149	152
149	153
150	151
150	152
150	153
151	152
151	153
152	153
154	156
154	158
154	159
154	160
154	162
154	163
154	164
155	156
155	157
155	160
155	162
155	163
156	157
156	159
156	160
156	162
156	164
157	158
157	159
157	160
157	161
157	163
158	159
158	160
158	161
158	162
158	163
158	164
159	160
159	164
160	162
160	163
160	164
161	163
162	163
162	164
163	164
165	167
165	168
165	169
165	171
165	172
165	173
166	171
166	172
166	174
167	168
167	169
167	170
167	171
167	172
167	173
168	169
168	170
168	171
168	174
169	170
169	172
169	173
169	174
170	171
170	172
170	173
170	174
171	172
171	173
171	174
172	173
173	174
175	176
175	177
175	178
175	179
175	180
175	181
175	182
175	183
175	184
175	186
176	177
176	178
176	179
176	180
176	181
176	182
176	183
176	185
176	186
177	178
177	179
177	180
177	181
177	182
177	183
177	186
178	181
178	182
178	183
178	184
178	185
178	186
179	180
179	181
179	182
179	184
179	185
179	186
180	181
180	182
180	183
180	184
180	185
181	182
181	183
181	185
182	184
182	186
183	184
184	186
185	186
187	190
187	191
187	192
187	193
187	194
187	196
187	198
188	191
188	192
188	193
188	194
188	195
188	196
188	197
188	198
189	190
189	192
189	194
189	195
189	196
189	197
189	198
190	191
190	192
190	193
190	198
191	192
191	193
191	194
191	195
191	196
191	198
192	194
193	194
193	195
193	198
194	195
194	197
194	198
195	196
196	197
196	198
197	198
