\\ machines
6
\\ max power
60
\\ Jobs in machine 1
11
J1	16	9	63	28	1.1280543660090845
J2	15	13	57	10	0.8864076182152946
J3	16	11	81	14	1.399684631366383
J4	15	8	23	26	1.7249118753348966
J5	16	3	53	4	0.4556688896240947
J6	14	8	46	23	0.41746781193110283
J7	14	5	88	30	1.7397638196147671
J8	14	10	11	20	1.2812236391076584
J9	15	2	21	11	0.3705328802941662
J10	16	14	61	23	1.8899453057371824
J11	15	5	101	29	1.5712219970601282
\\ Jobs in machine 2
12
J12	14	14	11	8	1.8236157229521173
J13	14	4	24	10	0.6489906348044959
J14	12	12	6	22	1.8235770743651782
J15	17	5	27	20	2.3046398118053357
J16	16	6	43	29	0.7933389696815966
J17	13	4	6	3	1.1955432047924353
J18	16	11	90	27	1.0772187708435863
J19	14	8	89	29	1.7775012374419548
J20	14	4	73	17	1.5878260542945846
J21	14	3	91	28	1.2931622766994468
J22	14	11	49	14	1.2070938054765086
J23	13	3	3	30	1.0783327434546017
\\ Jobs in machine 3
12
J24	15	4	72	18	1.178193695845248
J25	14	9	43	22	1.0901296674560068
J26	14	9	42	1	0.9177229220901179
J27	13	12	34	15	1.4713874344123303
J28	12	7	10	6	0.973817558455766
J29	15	6	106	2	1.318749407437418
J30	14	5	36	15	2.1339528684024467
J31	14	4	44	30	1.007963861407322
J32	13	5	40	26	1.4050490011057315
J33	14	8	30	25	1.3104080153665756
J34	13	6	29	23	0.7188686782796424
J35	16	12	58	20	0.8795191432447056
\\ Jobs in machine 4
11
J36	14	10	52	30	1.7463486657089784
J37	15	14	46	3	0.5711919573438203
J38	15	5	67	27	1.8162654298707035
J39	12	1	3	20	1.1048649278718454
J40	13	9	109	12	0.6295363698902465
J41	15	7	55	30	0.840320047219841
J42	13	6	31	16	1.0508000475873456
J43	15	12	39	18	1.2795540763311903
J44	16	6	70	16	1.5529577559162728
J45	16	5	21	23	0.995307328208634
J46	15	14	109	30	1.2379133411253376
\\ Jobs in machine 5
11
J47	15	5	47	24	1.5307972841914685
J48	14	10	34	9	0.8437510948135816
J49	14	4	64	13	0.5185655856821281
J50	14	8	53	6	1.2262149180683064
J51	15	14	3	24	0.9389225289891703
J52	14	13	59	19	2.261264575019781
J53	14	11	27	5	1.5428920808958637
J54	15	3	74	10	0.6573566151934217
J55	16	3	9	18	1.261773095685019
J56	13	2	54	25	1.0506928285834327
J57	14	11	100	7	1.0454696089336728
\\ Jobs in machine 6
9
J58	16	1	14	5	1.471187836286301
J59	15	3	11	24	1.6468603090924665
J60	15	1	56	6	0.8602176578758325
J61	15	4	11	6	1.510739289955169
J62	15	11	31	8	0.9664219772798394
J63	14	3	58	13	0.9465003424764713
J64	14	12	32	29	1.5571085952949866
J65	15	4	58	7	0.8817730135875513
J66	13	1	86	11	0.5919363636341406
\\ Dependencies 
229
1	2
1	3
1	4
1	5
1	6
1	7
1	8
1	9
1	10
1	11
2	3
2	4
2	5
2	7
2	9
2	10
2	11
3	5
3	6
3	8
3	10
3	11
4	5
4	7
4	8
4	9
4	11
5	7
5	8
5	9
5	10
5	11
6	8
6	9
6	11
7	8
7	9
7	10
7	11
8	9
8	10
9	11
10	11
12	13
12	16
12	17
12	19
12	22
12	23
13	15
13	18
13	22
14	17
14	18
14	20
14	21
14	22
14	23
15	16
15	17
15	18
15	19
15	20
15	21
15	22
15	23
16	17
16	19
16	20
16	21
16	22
16	23
17	18
17	19
17	20
17	21
17	23
18	19
18	20
18	21
18	22
18	23
19	22
19	23
20	21
20	22
21	22
21	23
22	23
24	25
24	26
24	27
24	32
24	33
24	35
25	26
25	27
25	28
25	29
25	30
25	31
25	32
25	33
26	27
26	30
26	31
26	33
26	34
26	35
27	29
27	31
27	32
27	33
28	29
28	30
28	31
28	33
28	34
28	35
29	30
29	32
29	33
29	34
29	35
30	31
30	32
30	33
30	34
31	32
31	33
31	34
31	35
32	33
32	34
32	35
33	35
36	37
36	38
36	40
36	43
36	44
36	45
36	46
37	38
37	40
37	42
37	44
37	46
38	43
38	44
38	45
38	46
39	42
39	43
39	44
39	46
40	41
40	42
40	43
40	44
40	46
41	42
41	43
41	44
42	43
42	46
43	44
43	45
43	46
44	45
44	46
45	46
47	48
47	50
47	52
47	56
48	49
48	50
48	51
48	54
48	55
49	50
49	51
49	52
49	53
49	54
49	55
50	51
50	52
50	53
50	57
51	52
51	53
51	54
51	55
52	53
52	55
52	56
52	57
53	56
54	56
54	57
55	56
55	57
56	57
58	59
58	60
58	62
58	63
58	64
59	60
59	61
59	63
59	64
59	65
60	61
60	65
61	63
61	64
61	65
61	66
62	63
62	64
62	66
63	64
63	65
63	66
64	65
64	66
