\\ machines
10
\\ max power
100
\\ Jobs in machine 1
14
J1	14	10	45	7	1.1815970979212032
J2	15	13	58	41	1.0972771727478532
J3	15	3	17	45	0.5986981946033122
J4	14	3	67	19	1.5612711267043369
J5	16	5	62	23	0.9521968850054896
J6	16	12	28	15	1.8050518797281487
J7	14	8	26	30	1.8558774499997677
J8	12	3	95	34	0.9730400335304463
J9	13	5	66	42	1.5766347399279288
J10	15	11	85	45	0.5854011849979966
J11	13	5	97	39	1.8416922724236229
J12	15	3	75	36	1.0608080916374831
J13	14	14	44	37	1.1295997231737842
J14	14	4	64	13	0.9852378923749527
\\ Jobs in machine 2
11
J15	13	6	92	14	1.2270924579284415
J16	14	2	94	25	1.3182379402275433
J17	16	6	46	18	0.1
J18	15	4	100	38	0.9537536827870798
J19	14	9	83	47	1.1730385959106102
J20	13	13	27	15	1.580926756111039
J21	15	1	60	27	0.12552362257898841
J22	14	2	77	5	2.4445065499296756
J23	14	7	80	48	0.6837112874264576
J24	15	1	45	46	1.6895755517170894
J25	15	13	46	6	0.8827697633094713
\\ Jobs in machine 3
11
J26	14	8	7	23	2.0738324714751895
J27	15	3	24	15	1.5198173587924668
J28	13	12	78	19	1.1162435418298529
J29	15	14	25	1	1.2921432632959164
J30	17	11	28	6	0.6307707675488771
J31	16	6	76	44	0.7695523996979573
J32	16	1	54	3	0.8103316216226899
J33	13	1	34	14	0.44346678201464895
J34	13	10	22	28	0.4465090226426399
J35	14	7	84	46	0.11143059354489515
J36	11	11	15	34	1.2875125862812375
\\ Jobs in machine 4
11
J37	16	2	17	9	1.2018230555496663
J38	15	12	97	8	1.6114448376541983
J39	16	4	95	33	0.6936996394118339
J40	13	4	39	46	0.6686465228854324
J41	15	11	73	26	1.7655857764070981
J42	14	1	64	3	1.735363711827785
J43	14	6	98	6	1.1163050607611333
J44	15	4	29	19	1.5157583010192228
J45	12	4	95	34	0.9181427170229824
J46	14	8	26	36	1.2343944802804698
J47	15	3	102	3	1.3278133847114206
\\ Jobs in machine 5
11
J48	15	10	31	46	1.0422703400955697
J49	15	4	70	1	1.9936983721880042
J50	16	5	40	7	0.3998672065910224
J51	14	6	56	13	0.6441675341998562
J52	17	5	69	28	1.863779237732278
J53	14	3	33	31	1.3826957592885933
J54	15	13	108	2	0.6926358293853098
J55	15	4	68	36	1.4666723004347464
J56	14	10	93	3	1.1203226545738627
J57	14	11	58	30	1.3455255978106946
J58	14	4	16	38	0.8176428868070429
\\ Jobs in machine 6
11
J59	14	1	90	38	0.9837963487752059
J60	16	12	64	50	0.2535427464378044
J61	14	12	36	38	1.5145038205650585
J62	13	8	78	2	1.7740706253582559
J63	15	6	89	1	1.8126661714227947
J64	15	6	64	46	0.9385282996222266
J65	14	7	47	30	1.1097707704686817
J66	15	9	43	47	1.26099317541724
J67	13	13	93	5	0.888785721254533
J68	15	13	54	26	0.4451938486261914
J69	16	6	28	40	0.7572576819279437
\\ Jobs in machine 7
12
J70	13	6	45	36	0.41771661596655363
J71	14	6	74	30	1.1408776098473632
J72	14	5	76	33	1.6415534635798097
J73	17	6	92	23	0.9547361066511875
J74	14	14	73	34	1.0472517465435622
J75	14	7	10	48	1.4304914015365529
J76	15	11	9	48	1.338397073596305
J77	15	8	107	45	1.3453480554235466
J78	14	3	12	17	1.858501944996041
J79	13	7	83	49	0.7890871665975332
J80	15	4	60	29	1.723244233976811
J81	13	4	55	23	0.7328506191099471
\\ Jobs in machine 8
11
J82	14	14	105	26	1.1716328983939697
J83	15	4	38	17	1.5978331858520614
J84	14	6	26	11	1.4580151458636776
J85	13	10	81	41	0.9281528970218971
J86	13	14	88	7	1.9177546659443738
J87	13	2	96	9	2.325487679212855
J88	16	12	61	5	0.9175211683277389
J89	14	5	90	28	2.095655362656066
J90	14	8	103	45	0.4563403153937182
J91	15	12	7	30	0.8676592595678113
J92	14	5	96	14	1.5281826282499742
\\ Jobs in machine 9
12
J93	15	5	29	37	1.7600536234124138
J94	16	1	54	15	1.4207263585471321
J95	13	4	38	12	1.6325815422808525
J96	13	12	93	38	0.8240071164192042
J97	15	2	22	6	0.34757389320009124
J98	14	3	23	19	1.3569121244668083
J99	13	13	36	49	2.0426097302561446
J100	15	2	22	20	0.8256991426226896
J101	15	6	14	49	2.211137020311331
J102	15	11	55	10	1.2256490783027216
J103	13	10	109	16	1.1298830097842028
J104	15	5	39	22	1.3989847726206572
\\ Jobs in machine 10
11
J105	13	1	45	6	1.6584118691518563
J106	15	6	98	4	0.9969131429930168
J107	16	8	5	42	1.1665938361183528
J108	14	13	105	5	1.4886046523791774
J109	14	1	20	27	1.485080346692878
J110	14	10	91	6	1.062294878981053
J111	14	9	67	27	0.7614268735680125
J112	15	8	21	11	1.0820939208255127
J113	13	1	4	26	0.17474514729740775
J114	14	11	19	1	1.3593084636173183
J115	15	9	68	13	0.8633720981927748
\\ Dependencies 
116
1	7
1	10
2	4
2	10
3	6
4	7
4	8
4	9
5	6
5	12
6	11
8	10
8	11
10	12
11	12
13	14
15	16
15	19
15	21
15	23
16	22
16	24
16	25
18	25
19	20
19	21
20	21
22	23
23	25
26	31
27	36
28	30
29	34
29	35
30	31
30	34
30	36
31	33
31	34
34	36
38	40
38	45
39	41
39	47
40	43
43	45
46	47
48	50
49	52
49	53
49	54
51	53
51	54
52	54
53	54
54	55
59	63
60	61
60	63
60	66
60	67
60	69
61	63
62	63
63	69
64	66
70	77
71	72
71	73
71	75
71	76
72	76
72	77
72	79
73	81
75	76
76	78
77	79
78	80
82	88
82	92
83	87
85	90
85	91
86	87
87	90
88	89
89	91
90	91
91	92
93	102
94	97
94	104
95	96
95	100
95	104
96	99
96	100
96	102
96	103
97	99
98	100
98	104
99	103
100	104
105	108
105	111
106	108
106	113
107	109
107	110
107	112
107	113
110	113
111	113
111	114
