\\ machines
20
\\ max power
200
\\ Jobs in machine 1
9
J1	16	9	41	46	1.5165883568794374
J2	14	12	46	95	1.3603329830134965
J3	14	1	76	97	1.7938092171796165
J4	15	5	41	30	1.8601196976256877
J5	13	3	26	47	1.196189603396652
J6	14	7	101	8	1.3246427622486125
J7	14	2	62	6	2.0453569926629345
J8	15	7	17	60	1.1041580584104966
J9	15	14	11	30	1.3456861522301824
\\ Jobs in machine 2
11
J10	14	1	61	43	1.4857125227222496
J11	16	2	57	64	0.7417598648966521
J12	15	2	42	54	1.128724979538436
J13	14	5	93	65	1.3411756959628984
J14	14	3	9	50	1.2015844056180378
J15	15	6	58	31	1.059850523036942
J16	15	2	71	22	1.3581320879333416
J17	15	4	10	20	0.1
J18	14	1	102	69	2.061195937127709
J19	13	10	90	75	0.788928402749727
J20	14	7	40	43	0.5707592503115009
\\ Jobs in machine 3
12
J21	15	11	23	98	0.9463808239642678
J22	14	8	65	47	1.1357874005981587
J23	15	14	92	38	0.9876683985167104
J24	14	6	36	25	1.6783649537918404
J25	16	4	78	36	1.5453407780911084
J26	15	4	37	95	0.1
J27	14	4	52	26	0.8322913863161829
J28	13	1	62	81	1.1266424698807982
J29	14	14	73	51	1.3146192493401991
J30	14	1	5	26	1.6678917977760122
J31	13	2	96	38	0.3489633530793874
J32	14	11	44	53	1.5761524870880854
\\ Jobs in machine 4
11
J33	15	4	55	27	2.0336899258254246
J34	16	1	62	2	2.0499271022663774
J35	13	11	16	7	1.0400996104168159
J36	15	13	90	76	0.34973989442933384
J37	16	13	2	67	1.1395875519264562
J38	15	13	33	41	1.2950348578812616
J39	14	8	13	57	1.1779217803815847
J40	14	12	108	77	2.037210900054684
J41	16	8	84	44	1.2664624660885107
J42	16	14	5	56	1.7707621325082088
J43	15	14	104	13	1.5776811026815434
\\ Jobs in machine 5
10
J44	16	13	51	4	1.2690010577203419
J45	15	11	59	38	1.8790537656138233
J46	15	8	54	4	1.6152844729654237
J47	14	2	93	95	0.6827522600771254
J48	16	6	10	94	1.5299962131798892
J49	14	7	77	31	1.7289824753581213
J50	15	4	41	77	1.9817005541297208
J51	14	14	34	30	1.1621511262321702
J52	15	4	62	34	0.1
J53	15	1	106	77	1.8111124980629207
\\ Jobs in machine 6
11
J54	16	5	17	9	1.1928330488454246
J55	12	5	39	62	1.604540738501726
J56	14	6	22	85	0.7619366752721682
J57	14	13	47	45	1.890346651709065
J58	14	8	46	34	0.7997796880635506
J59	14	6	10	13	1.4231476442530813
J60	16	6	61	78	0.7560800181552727
J61	14	2	73	71	1.1483558980602713
J62	13	5	62	36	1.0015881208003519
J63	16	9	108	84	1.9762484399807483
J64	14	6	39	90	1.1592241498566078
\\ Jobs in machine 7
13
J65	14	5	67	32	1.5332645720482105
J66	15	7	15	72	1.4822230082659393
J67	15	13	9	61	0.26606513261585585
J68	15	8	88	72	1.1893786684125391
J69	16	3	28	67	0.1
J70	14	10	54	61	1.075323937163711
J71	13	9	58	85	0.6286437636209088
J72	13	9	71	1	1.7422429275998654
J73	15	13	73	62	1.0312317184920612
J74	15	13	17	100	1.2782476893898433
J75	15	10	78	87	1.0086850461651453
J76	15	12	32	46	1.1330609474153663
J77	13	8	78	34	1.3691370522429491
\\ Jobs in machine 8
10
J78	15	3	86	50	2.0324572373689054
J79	14	2	17	11	1.3875109852632699
J80	15	6	103	34	1.1171052317324326
J81	15	9	55	29	1.8459498684227102
J82	16	6	91	97	0.3084075908709123
J83	13	1	6	20	1.4309432647446911
J84	15	6	35	48	0.912768433702823
J85	14	9	53	7	1.3354380907466026
J86	14	11	51	9	0.1
J87	14	13	35	75	0.8684002808207981
\\ Jobs in machine 9
11
J88	13	13	83	87	0.5703121443701348
J89	13	8	91	93	2.049855402784736
J90	14	2	5	44	0.7980214886556612
J91	16	9	26	31	1.6493845194326529
J92	14	2	20	11	1.069403182579132
J93	14	4	42	72	1.4206648771956203
J94	15	4	79	42	1.4040211795338333
J95	14	1	28	22	0.5052779037351087
J96	16	8	6	22	1.2120595496249182
J97	14	4	80	76	1.214773720448779
J98	14	3	6	1	1.334703180660198
\\ Jobs in machine 10
10
J99	15	8	2	87	0.5113783028586705
J100	12	14	98	87	2.2314535052362836
J101	15	2	21	95	2.416253884095301
J102	14	8	90	91	0.9843539824517206
J103	15	1	59	64	1.5345671614581222
J104	15	12	101	80	0.20748236282349597
J105	14	13	27	40	1.7248633520678296
J106	14	3	49	89	1.6721358742952703
J107	13	14	7	77	1.24638667972565
J108	15	7	16	51	1.2025515836051688
\\ Jobs in machine 11
11
J109	15	1	95	41	1.3484351908099952
J110	15	2	91	43	1.4520167120745398
J111	14	6	56	66	1.456536462474597
J112	13	1	72	98	1.141931962663277
J113	15	7	93	34	1.0757508990113764
J114	15	10	85	79	1.952270308622683
J115	15	8	10	35	1.1893057253644435
J116	14	12	41	22	1.2480101604971097
J117	16	6	35	87	0.5608619085456443
J118	14	2	56	43	1.0967551143720633
J119	17	2	33	17	1.4203161485257554
\\ Jobs in machine 12
12
J120	15	14	29	34	2.0846541988882277
J121	14	12	102	16	1.295245345293871
J122	15	13	49	96	1.6047380959099882
J123	16	11	22	90	0.8267146147404709
J124	15	12	39	52	1.2406785766836563
J125	15	7	90	53	1.3515467197880713
J126	14	1	8	24	0.9052962202641478
J127	15	14	50	79	1.4045795323967427
J128	15	3	11	86	1.0136155051423328
J129	14	8	82	50	0.9056587240181407
J130	14	14	110	94	0.7658460055345901
J131	14	14	97	61	1.2392982154264331
\\ Jobs in machine 13
10
J132	14	7	9	82	1.3838816581484987
J133	12	6	62	2	1.366016437847481
J134	16	11	29	15	0.17860015569996013
J135	15	14	45	99	0.7420048708536369
J136	14	9	18	98	1.4495151169752898
J137	15	13	13	39	1.30055038653054
J138	14	6	99	15	1.0460917959545288
J139	15	2	68	72	1.3927872706804953
J140	17	3	25	59	1.1448256624502164
J141	17	1	19	22	1.4037818325993887
\\ Jobs in machine 14
12
J142	14	8	18	72	1.1195683431761234
J143	15	1	104	80	1.5534722484027588
J144	16	9	103	32	0.9112390269905112
J145	17	1	26	60	1.0865943240298106
J146	14	5	57	81	0.9747939140478548
J147	14	11	72	20	1.0526010781924064
J148	16	14	73	74	0.3221352943044875
J149	14	1	29	76	1.3482316928303277
J150	15	5	76	22	1.8011557535890863
J151	14	5	69	28	0.6564377895309038
J152	15	13	69	14	1.8714300546044904
J153	14	10	64	57	1.2143406713437608
\\ Jobs in machine 15
12
J154	14	4	27	34	1.8532093375150869
J155	15	12	42	1	0.1
J156	14	7	104	70	0.9370104894956499
J157	14	3	100	12	1.8936127544432262
J158	14	14	20	15	1.773283896420545
J159	15	7	5	7	0.9253071039241421
J160	14	13	30	28	0.8621225595660669
J161	13	14	12	44	0.5852576093548558
J162	13	5	85	64	1.4054455107167736
J163	14	2	66	80	0.5010254217053164
J164	15	11	25	10	0.6676636470958104
J165	16	13	44	16	1.8261731720995902
\\ Jobs in machine 16
11
J166	15	3	60	46	0.29271706073233217
J167	13	10	10	21	1.1100751740514447
J168	17	14	65	26	1.7183419458575382
J169	14	10	24	92	1.6962210169393985
J170	16	5	55	29	1.2393702836099216
J171	17	4	62	29	0.8138368774164686
J172	15	5	74	75	1.4117037859068813
J173	16	8	63	83	1.3741345193576782
J174	14	2	23	85	1.4481332653032162
J175	15	8	96	54	0.7476842452624854
J176	12	4	6	66	0.8638865050875718
\\ Jobs in machine 17
11
J177	15	1	49	100	0.786965317447273
J178	13	13	60	35	0.5317630347610313
J179	12	8	18	80	1.7952581063177124
J180	13	1	69	56	1.2889766134838703
J181	16	5	14	20	1.2231865094546013
J182	14	11	46	59	0.9783929714020114
J183	16	3	33	3	1.2319172637607512
J184	13	4	7	51	0.8940054191564635
J185	16	7	42	93	1.9085026327130712
J186	14	6	94	36	1.0072016265286272
J187	15	2	59	60	1.072025909732614
\\ Jobs in machine 18
11
J188	14	4	19	100	1.591253638456879
J189	14	3	86	8	1.4282047007177499
J190	17	8	16	64	0.1
J191	14	12	44	19	1.5756849374478747
J192	15	8	65	4	1.1260898585286288
J193	16	11	6	48	1.188796875372033
J194	15	11	47	98	1.29121285055726
J195	15	14	9	44	1.1518975684869182
J196	16	1	45	61	0.5261590880478257
J197	14	7	27	40	1.4960422350596754
J198	15	4	73	45	2.0004160011103007
\\ Jobs in machine 19
12
J199	16	1	13	77	1.8328336518553296
J200	16	7	74	76	1.3957017347891876
J201	15	1	84	22	1.0729441515288953
J202	16	5	61	18	0.9122670519589773
J203	13	5	13	47	1.770272462642521
J204	15	14	17	32	0.8635052047156898
J205	16	4	72	65	1.1684629912548918
J206	16	8	15	81	1.6347957575717513
J207	14	4	9	38	1.9934357107066205
J208	15	8	65	13	1.9428427183434915
J209	13	10	75	1	1.5130048674522407
J210	16	4	76	62	1.0563556101529963
\\ Jobs in machine 20
11
J211	15	5	21	42	0.7684034096560766
J212	15	6	93	55	2.148653554645784
J213	14	2	76	2	1.3081271524948375
J214	16	12	79	97	0.6640954185171319
J215	14	6	106	44	1.8510490773655364
J216	15	7	10	93	1.9367534576087921
J217	14	9	55	5	1.5364443016612293
J218	15	8	106	11	0.9568236693956618
J219	15	8	32	19	0.6933104837700595
J220	13	3	8	49	1.2870701787165753
J221	14	11	6	47	1.3488927348945414
\\ Dependencies 
793
1	2
1	3
1	4
1	6
1	7
1	9
2	3
2	5
2	6
2	7
2	9
3	4
3	5
3	6
3	8
4	5
4	6
4	7
4	8
4	9
5	9
6	7
6	8
6	9
7	8
7	9
8	9
10	11
10	12
10	13
10	14
10	15
10	17
10	18
11	12
11	13
11	16
11	17
11	18
11	20
12	13
12	15
12	16
12	17
12	18
12	19
12	20
13	14
13	16
13	17
13	18
13	19
13	20
14	16
14	17
14	18
14	19
14	20
15	16
15	17
15	18
15	19
15	20
16	18
16	19
17	18
17	19
17	20
18	19
18	20
19	20
21	22
21	25
21	26
21	27
21	28
21	30
21	31
21	32
22	23
22	26
22	27
22	29
22	30
22	31
22	32
23	24
23	25
23	28
23	31
23	32
24	26
24	27
24	28
24	29
24	30
24	31
24	32
25	26
25	27
25	28
25	29
25	30
25	31
25	32
26	27
26	28
26	29
26	31
27	28
27	29
27	31
27	32
28	30
28	31
29	32
30	32
31	32
33	35
33	36
33	37
33	38
33	39
33	40
33	41
33	42
34	35
34	37
34	39
34	41
34	42
35	37
35	38
35	39
35	40
35	41
35	42
35	43
36	37
36	38
36	39
36	43
37	38
37	39
37	41
37	42
37	43
38	39
38	41
38	42
38	43
39	41
39	42
40	41
40	42
40	43
41	42
41	43
42	43
44	45
44	47
44	48
44	49
44	50
44	51
44	52
44	53
45	47
45	48
45	50
45	53
46	47
46	48
46	49
46	51
46	52
46	53
47	50
47	52
47	53
48	50
48	51
48	52
49	50
49	51
49	52
50	51
50	52
50	53
51	52
51	53
52	53
54	55
54	57
54	58
54	60
54	61
54	62
54	63
54	64
55	56
55	57
55	58
55	59
55	60
55	62
55	63
55	64
56	57
56	58
56	59
56	60
56	61
56	63
57	58
57	59
57	60
57	63
58	59
58	60
58	61
58	63
59	60
59	62
59	63
59	64
60	61
60	62
60	64
61	62
61	64
62	63
62	64
63	64
65	66
65	67
65	68
65	70
65	73
65	75
65	77
66	67
66	68
66	69
66	70
66	71
66	72
66	73
66	74
66	75
66	77
67	69
67	73
67	75
67	76
67	77
68	69
68	70
68	71
68	72
68	73
68	74
68	75
68	76
69	72
69	74
69	76
69	77
70	71
70	72
70	73
70	74
70	77
71	73
71	74
71	75
71	76
71	77
72	73
72	74
72	75
72	77
73	74
73	75
73	77
74	77
75	76
75	77
76	77
78	79
78	80
78	81
78	82
78	84
78	85
78	87
79	81
79	83
79	84
79	85
79	86
79	87
80	81
80	82
80	84
80	85
80	86
80	87
81	82
81	83
81	85
81	87
82	83
82	84
82	85
82	86
82	87
83	84
83	85
83	87
84	85
84	86
84	87
85	86
85	87
86	87
88	89
88	90
88	91
88	92
88	93
88	94
88	96
88	97
89	90
89	92
89	93
89	94
89	95
89	96
89	97
89	98
90	92
90	96
90	97
90	98
91	92
91	94
91	97
92	93
92	94
92	95
92	96
92	97
92	98
93	94
93	95
93	96
93	97
93	98
94	96
94	97
94	98
96	97
96	98
97	98
99	100
99	101
99	102
99	105
99	106
99	107
100	102
100	103
100	105
100	106
100	107
100	108
101	102
101	106
101	107
102	104
102	105
102	107
102	108
103	105
103	107
103	108
104	107
104	108
105	108
106	107
109	110
109	111
109	112
109	114
109	115
109	116
110	111
110	112
110	113
110	114
110	115
110	116
110	117
110	118
110	119
111	113
111	114
111	115
111	116
111	117
111	118
111	119
112	114
112	116
112	117
113	114
113	115
113	116
114	116
114	118
114	119
115	116
115	117
115	118
116	117
116	118
117	118
117	119
118	119
120	121
120	122
120	123
120	126
120	127
120	130
120	131
121	122
121	123
121	126
121	127
121	128
121	129
121	130
121	131
122	124
122	125
122	126
122	127
122	128
122	129
122	130
122	131
123	124
123	125
123	127
123	128
123	131
124	125
124	127
124	128
124	129
124	130
124	131
125	126
125	127
125	129
125	131
126	127
126	129
126	131
127	128
127	129
127	130
127	131
128	130
128	131
129	130
130	131
132	134
132	139
133	134
133	136
133	137
133	138
133	139
133	140
133	141
134	135
134	136
134	138
134	140
134	141
135	136
135	139
135	140
136	137
136	138
136	140
136	141
137	139
137	140
137	141
138	139
138	140
142	145
142	146
142	147
142	148
142	149
142	151
142	152
143	144
143	145
143	146
143	147
143	149
143	150
143	152
144	145
144	147
144	148
144	151
144	152
144	153
145	146
145	150
145	151
145	152
145	153
146	148
146	149
146	150
146	151
146	152
147	148
147	149
147	150
147	151
147	153
148	149
148	151
148	152
149	150
149	151
149	152
149	153
150	151
150	153
151	152
151	153
152	153
154	155
154	157
154	158
154	159
154	162
154	163
155	159
155	160
155	161
155	163
155	164
155	165
156	157
156	159
156	161
156	163
156	164
157	159
157	161
157	162
157	164
157	165
158	159
158	160
158	161
158	162
158	164
158	165
159	160
159	161
159	164
160	162
160	163
160	164
161	162
161	163
161	164
161	165
162	164
162	165
163	164
163	165
164	165
166	167
166	168
166	169
166	170
166	172
166	173
166	175
166	176
167	168
167	173
167	175
167	176
168	169
168	170
168	171
168	172
168	173
168	174
168	175
168	176
169	170
169	171
169	173
169	174
169	175
170	171
170	172
170	173
170	174
170	175
170	176
171	172
171	173
171	174
171	176
172	173
172	174
172	175
172	176
173	174
173	175
174	175
177	178
177	179
177	180
177	181
177	182
177	183
177	186
178	179
178	180
178	181
178	182
178	184
178	185
178	187
179	180
179	181
179	182
179	184
179	185
180	181
180	182
180	184
180	185
180	186
180	187
181	183
181	185
182	183
182	184
182	185
182	187
183	184
183	186
183	187
184	187
186	187
188	189
188	190
188	191
188	192
188	193
188	194
188	196
189	191
189	192
189	194
190	191
190	192
190	193
190	194
190	198
191	193
191	195
191	197
192	193
192	195
192	196
192	197
192	198
193	195
193	196
193	197
193	198
194	195
194	196
194	197
195	196
195	197
195	198
196	197
196	198
197	198
199	201
199	202
199	203
199	204
199	205
199	208
199	209
199	210
200	201
200	202
200	204
200	205
200	206
200	207
200	208
200	209
200	210
201	203
201	204
201	205
201	206
201	207
201	210
202	203
202	205
202	207
202	208
202	209
202	210
203	204
203	205
203	206
203	207
203	208
203	210
204	205
204	206
204	209
204	210
205	207
205	208
206	207
206	208
206	209
207	209
207	210
208	209
209	210
211	213
211	214
211	215
211	216
212	214
212	215
212	216
212	217
212	218
212	219
212	220
213	214
213	215
213	216
213	217
213	218
213	219
213	221
214	215
214	216
214	219
214	220
215	216
215	217
215	218
215	220
215	221
216	217
216	219
216	220
217	218
217	219
218	220
219	220
220	221
