\\ machines
18
\\ max power
180
\\ Jobs in machine 1
10
J1	13	14	28	31	1.2189200930587532
J2	13	5	27	38	1.7954816450736817
J3	15	11	18	55	0.6381753487800467
J4	15	2	85	78	0.9008137213104528
J5	14	4	61	30	1.2732029764112225
J6	16	9	99	19	0.8841174454591043
J7	15	7	84	17	1.1072837758671512
J8	13	14	93	120	1.5184157071162725
J9	14	13	21	15	1.8811373353974616
J10	14	10	14	17	2.10361407153249
\\ Jobs in machine 2
11
J11	14	6	72	86	1.3870289132354994
J12	16	7	25	47	1.3449584009609061
J13	15	8	66	13	1.4439826272253895
J14	15	8	41	54	1.7749346791973744
J15	14	2	28	131	1.387065654765982
J16	13	9	84	60	1.7981715014962605
J17	14	8	57	99	1.566462253373814
J18	16	2	59	113	2.2916505382465346
J19	16	10	76	85	1.7727837067749241
J20	14	11	68	120	1.6510009801297576
J21	14	4	48	40	2.2647940377690112
\\ Jobs in machine 3
11
J22	15	4	50	45	0.5190412853091464
J23	15	3	4	86	1.161025908732004
J24	14	11	67	88	1.15218109794141
J25	15	8	66	105	0.23467228447554145
J26	14	1	61	119	0.797668661799672
J27	14	10	84	75	1.3251105061042985
J28	15	3	101	125	0.4341974156103202
J29	13	5	48	113	1.7100733905070276
J30	14	10	32	120	0.9110995079446023
J31	13	9	43	70	1.015286486277517
J32	12	5	23	24	0.9671628079040009
\\ Jobs in machine 4
9
J33	15	2	52	106	1.46230420267619
J34	14	3	46	43	1.3419892271231026
J35	15	4	35	41	1.6384694586114708
J36	15	10	101	112	1.1516513155852903
J37	13	5	3	99	0.44615022619731437
J38	15	7	76	21	0.5654193277957823
J39	15	9	46	135	1.248425605006196
J40	16	1	3	96	1.3557709416719048
J41	15	6	30	18	1.6067716632040328
\\ Jobs in machine 5
11
J42	16	6	54	2	1.4409306329467766
J43	14	1	68	108	1.6501461024297002
J44	14	4	92	10	1.52800966913133
J45	14	9	62	128	1.5015667676210624
J46	13	13	6	76	0.8538412036427645
J47	15	6	45	108	1.3025773377888703
J48	15	11	82	117	1.3059579170758848
J49	12	11	81	89	0.6497697154062588
J50	14	7	86	118	1.6060640125404355
J51	15	1	6	81	1.393388706253784
J52	14	11	109	30	1.2638146268595378
\\ Jobs in machine 6
11
J53	15	10	52	116	1.1971182908737554
J54	15	8	11	52	1.3149483708351368
J55	15	2	32	75	0.682267841339473
J56	16	1	59	62	0.7726495139932055
J57	15	12	84	40	0.9921127980372223
J58	14	8	23	98	1.5182280755759094
J59	14	13	100	31	1.6918166218699062
J60	14	4	82	100	1.830405939586497
J61	15	12	79	58	0.9252880971729025
J62	14	12	26	106	0.8567000663288094
J63	15	13	95	111	1.4839354105418878
\\ Jobs in machine 7
10
J64	15	3	74	20	0.12170792749119963
J65	15	2	6	124	0.1
J66	15	11	58	70	0.8194651146475095
J67	16	11	107	66	1.0526841504822304
J68	14	8	81	42	1.129254157317766
J69	15	1	105	126	1.1553357450422816
J70	14	14	3	52	0.6144699202700811
J71	15	11	44	102	1.639860664720642
J72	13	4	67	130	0.6539374270020519
J73	15	14	85	35	1.7239802129187374
\\ Jobs in machine 8
11
J74	14	13	107	109	1.923575928262222
J75	17	14	38	73	1.328317544016903
J76	15	9	88	113	1.6074369558368684
J77	15	10	47	107	1.8390352158391043
J78	13	5	56	130	1.6150143964422035
J79	14	13	75	26	1.278796277016303
J80	15	8	88	93	1.5975880944178513
J81	15	5	57	111	0.8939721230257107
J82	13	12	29	12	1.8671891213880798
J83	14	7	64	64	0.4649535388762327
J84	14	10	88	101	1.2913123400149822
\\ Jobs in machine 9
11
J85	14	2	12	79	1.9447969484455998
J86	15	2	90	24	1.5570338324604909
J87	15	5	107	82	1.6408614475193308
J88	13	2	23	67	1.2696335760078754
J89	17	13	108	68	1.5086405879423455
J90	15	10	7	79	1.6232898696234601
J91	13	6	77	55	1.3655641517403687
J92	15	7	60	55	0.9855500843485774
J93	15	13	33	52	0.6974465089816483
J94	14	14	13	86	1.3886942470783588
J95	14	13	30	22	1.122895421077367
\\ Jobs in machine 10
12
J96	15	12	58	134	0.23052299202521442
J97	17	10	69	4	1.5391753723001735
J98	15	5	5	46	1.018155044286212
J99	15	12	43	121	2.6786969982722226
J100	12	12	97	131	1.5368858494604618
J101	14	12	16	112	1.9237857652128056
J102	14	14	16	114	1.9486799584017633
J103	14	7	48	76	1.5169472300201319
J104	14	12	108	103	1.6820904348581958
J105	14	12	101	11	0.892398453314647
J106	13	2	39	126	0.9452076483264853
J107	15	4	67	103	1.7854362848779393
\\ Jobs in machine 11
12
J108	17	1	69	25	2.133536195715596
J109	13	2	30	111	0.7690941887332142
J110	15	7	24	85	1.5973789148106934
J111	15	10	83	113	1.5544635018952477
J112	17	3	57	11	1.569934717085895
J113	13	6	33	20	1.9537445650483658
J114	13	9	19	134	1.3752251350583569
J115	15	13	92	15	1.2744578366024375
J116	14	13	33	34	0.594646619493488
J117	14	9	48	50	0.8958808641526309
J118	14	9	12	7	1.5231372191880799
J119	15	7	62	121	0.8112703487716283
\\ Jobs in machine 12
10
J120	15	3	78	82	1.5550187945744436
J121	16	6	15	43	0.5318377622205607
J122	15	8	53	118	2.1235316453718465
J123	14	3	33	47	2.2077250644030313
J124	15	4	54	99	1.5759538438896905
J125	14	11	54	58	1.1087230388597025
J126	15	11	73	63	0.5759859468649516
J127	15	11	43	92	1.1641553562512805
J128	16	3	13	39	0.4084626239744349
J129	15	7	31	120	0.8728596441142842
\\ Jobs in machine 13
12
J130	14	7	52	72	0.912415296790483
J131	13	6	41	6	1.053740339298645
J132	16	2	57	115	0.9792026150789406
J133	13	3	51	125	0.7859270625213097
J134	14	11	44	46	1.2806530741405078
J135	15	11	97	117	1.5234566908261693
J136	16	14	96	98	0.9647004670545746
J137	15	10	107	60	0.49411940408553434
J138	13	14	18	64	0.908010963484317
J139	15	6	10	91	1.367401608958136
J140	15	6	89	111	1.264976146566159
J141	15	6	6	78	1.2348132097010218
\\ Jobs in machine 14
11
J142	15	12	102	88	2.079557410008749
J143	15	1	87	58	1.754808466100435
J144	15	13	11	115	1.7207556027595778
J145	15	7	25	76	1.8590496371131797
J146	14	9	81	118	1.253285321450994
J147	16	11	23	38	1.5535318230647115
J148	16	8	97	85	1.1533485243675028
J149	14	12	66	64	0.7738865508507089
J150	14	14	23	34	1.4825428808282837
J151	14	14	48	49	1.3113831894877699
J152	15	11	8	64	0.7896930439008323
\\ Jobs in machine 15
12
J153	14	14	63	61	0.908104445442034
J154	15	4	4	107	1.1375034095048218
J155	13	8	34	126	1.846154287427634
J156	12	8	61	125	1.6566977972235162
J157	14	3	37	38	0.7173387359088951
J158	14	12	102	79	1.4489345756594516
J159	15	9	17	20	0.4900999781558021
J160	15	9	24	19	0.43060918395005354
J161	16	13	32	30	1.3417306543319547
J162	14	9	24	80	1.0613505196362327
J163	14	8	14	42	1.0694801784722712
J164	15	13	34	124	1.3907337141766534
\\ Jobs in machine 16
10
J165	14	12	24	98	0.565095966445937
J166	14	8	2	3	0.7004540794606369
J167	13	14	66	116	1.1379646297945734
J168	14	13	101	67	1.4898555495614445
J169	13	8	40	58	1.8702000033238648
J170	12	8	74	40	0.7190903389700471
J171	14	2	76	125	0.8086231839026108
J172	15	12	45	79	0.9954097180499369
J173	17	11	42	88	1.677635530774418
J174	15	12	103	48	0.7608657841089432
\\ Jobs in machine 17
10
J175	14	11	101	132	1.3484032141934967
J176	15	1	14	55	1.3010155595727384
J177	14	11	51	129	0.5832957730353214
J178	15	8	29	101	1.8277836798275415
J179	15	11	95	80	1.188331357915556
J180	16	1	19	55	1.875292745390278
J181	14	4	81	35	2.0338482461803657
J182	15	2	74	26	0.8400777949439495
J183	13	9	103	122	2.003862299550943
J184	14	6	104	16	0.7475354668017931
\\ Jobs in machine 18
13
J185	15	4	10	127	1.527893302363074
J186	15	7	77	51	1.406294103444262
J187	13	8	92	59	0.5854897755768385
J188	15	1	60	49	1.219513234236545
J189	14	3	72	46	1.5727551054022064
J190	13	7	61	42	0.9081411228595742
J191	14	8	25	115	1.7722350325229606
J192	16	11	89	45	0.8712507439213011
J193	15	11	97	121	1.152565199263588
J194	16	10	87	92	1.538701389739484
J195	15	12	86	100	1.2984004926765857
J196	14	4	76	61	1.5396117161464526
J197	16	9	108	67	1.9016718687875902
\\ Dependencies 
182
1	9
3	5
3	6
4	6
5	8
6	7
6	9
7	8
8	9
8	10
11	17
11	19
12	14
12	15
12	17
12	18
13	14
14	18
16	17
17	20
18	21
19	21
22	28
23	26
23	29
24	27
24	30
26	29
26	32
27	30
28	29
28	32
30	31
33	39
34	35
34	38
35	41
36	41
40	41
43	44
43	46
43	49
43	50
44	46
44	48
44	50
44	51
45	46
45	48
45	49
45	52
46	50
46	51
47	50
47	52
49	50
53	59
53	61
54	61
55	58
55	63
57	63
58	63
59	60
66	67
66	68
66	73
68	69
68	71
68	73
69	70
70	71
70	72
74	79
74	81
75	79
75	83
75	84
76	77
77	83
79	83
80	83
85	93
86	88
86	89
89	93
90	91
90	94
96	105
96	107
97	107
98	104
98	107
99	100
99	105
99	107
101	104
102	104
103	105
104	105
108	118
108	119
109	111
109	114
111	113
112	113
112	116
112	118
113	116
113	119
120	122
120	127
121	125
121	126
121	127
121	129
123	128
123	129
124	128
125	126
125	129
128	129
131	132
132	133
132	138
132	139
132	140
133	140
137	138
137	139
137	141
139	141
142	147
143	144
143	146
144	147
144	150
145	149
147	148
147	150
147	151
149	152
153	154
153	156
154	158
154	159
154	162
158	159
159	160
159	162
160	164
163	164
165	166
165	172
166	172
166	173
167	171
168	169
168	170
168	174
169	172
172	173
175	178
175	184
177	182
178	184
180	181
182	184
183	184
185	191
185	192
186	188
186	192
186	196
187	190
187	192
188	190
189	194
190	197
191	192
191	195
192	197
