\\ machines
20
\\ max power
200
\\ Jobs in machine 1
11
J1	14	11	51	110	1.5004612391032908
J2	14	12	57	124	0.2618057298626846
J3	14	10	24	123	0.8066535041350857
J4	14	4	68	48	1.6333988283020073
J5	14	3	87	50	0.5121851913673028
J6	15	3	15	127	1.034869207414412
J7	15	4	96	31	0.7821801416443299
J8	13	12	110	39	1.1298928671372905
J9	15	6	77	85	1.0421633387875278
J10	15	1	15	92	1.5269775008499924
J11	15	10	68	78	0.6882222722645918
\\ Jobs in machine 2
11
J12	16	14	58	3	0.864793070307408
J13	15	2	7	31	1.3322047998653883
J14	16	8	57	121	2.0565838509654903
J15	16	4	78	123	1.0148784935142905
J16	14	14	69	80	0.4804581470684879
J17	15	8	4	75	1.2217364958772357
J18	16	8	34	34	0.6563947862646061
J19	15	5	88	24	0.29536037124562486
J20	14	2	52	109	1.5532693098789871
J21	16	12	76	137	0.6067030004499352
J22	16	12	102	85	1.1961962740719583
\\ Jobs in machine 3
11
J23	14	2	94	5	1.2387838789717927
J24	15	1	61	70	1.3221661902570097
J25	16	2	79	115	2.253531280695716
J26	14	12	74	99	1.0434205344316163
J27	16	4	75	50	1.6760940832463076
J28	14	10	55	79	0.8649749025643397
J29	15	10	70	94	0.6235221176294181
J30	14	5	77	96	0.6501875554867514
J31	17	3	77	22	0.1875495869239927
J32	14	8	47	10	0.8111622124826225
J33	15	12	15	105	1.7413692257070656
\\ Jobs in machine 4
11
J34	14	2	34	116	1.8179930343232407
J35	13	5	4	71	1.9577007548853054
J36	13	13	62	69	1.5670240365097354
J37	14	1	31	23	0.4564938707957895
J38	15	10	5	48	1.5604967361499986
J39	15	1	61	112	1.0812473284409296
J40	16	5	92	102	0.9019809470865332
J41	15	14	47	97	0.9256926731069024
J42	12	3	24	28	1.8705913658457525
J43	15	6	34	21	0.9772650904423561
J44	15	10	88	144	0.8560230599195373
\\ Jobs in machine 5
10
J45	15	9	59	123	1.5498264874068286
J46	15	4	9	59	1.3002245979342355
J47	14	12	73	124	1.5181075663421557
J48	13	10	7	52	1.330094154896215
J49	16	1	90	142	1.3847417105842401
J50	14	8	79	14	0.7695039264556307
J51	15	6	61	130	1.7420604520725385
J52	15	5	14	7	0.597246994389814
J53	15	14	81	11	1.2827862317098027
J54	14	9	26	82	1.3292817093673008
\\ Jobs in machine 6
11
J55	15	5	45	127	0.8972758094001028
J56	14	10	63	101	0.6672546143033053
J57	16	4	99	93	2.0688062631347988
J58	15	11	38	14	1.684453263384487
J59	13	13	80	33	1.8693415997389404
J60	16	9	101	143	0.9557438595479115
J61	15	10	27	131	1.6064820179038592
J62	14	12	52	134	1.4492561378694793
J63	15	3	40	53	1.3571919526099745
J64	14	13	108	107	1.030172601309744
J65	13	11	71	5	1.8285885052624247
\\ Jobs in machine 7
11
J66	15	14	90	139	1.379693982734085
J67	16	12	97	129	0.7818415373496199
J68	14	12	74	44	1.786422040046615
J69	14	4	16	46	0.4449775608330625
J70	15	10	61	149	0.6645043046313825
J71	17	4	12	100	1.8174381885711992
J72	15	6	102	114	1.1356861874368462
J73	14	2	74	49	1.4575266306920147
J74	16	12	107	58	0.5673069895752446
J75	14	2	20	10	1.0832160587716633
J76	15	12	15	71	1.6417467354153366
\\ Jobs in machine 8
12
J77	15	12	110	72	1.6366518379758528
J78	15	2	54	3	0.9144509610611171
J79	16	5	49	40	2.0217544805968726
J80	14	9	32	119	1.328497049266051
J81	15	9	9	98	1.0750927458586625
J82	15	11	20	74	1.3525340579837009
J83	14	12	109	6	0.7418800383052293
J84	14	7	54	45	0.6921140976755952
J85	13	6	59	18	1.3556754819103247
J86	14	14	15	1	1.0743175255438473
J87	14	5	56	45	1.047517364519287
J88	15	12	103	11	1.1090927198189244
\\ Jobs in machine 9
12
J89	16	6	91	134	0.9754192067704885
J90	15	10	93	9	0.6639899803431392
J91	15	9	59	126	1.9745398014011188
J92	14	7	94	80	1.8937482645612573
J93	15	5	29	74	0.6194844543732776
J94	12	5	96	30	0.342332608636174
J95	14	2	16	102	2.063185662766574
J96	15	6	92	96	0.83584486733095
J97	16	10	20	136	1.3580501049778426
J98	14	8	38	16	0.8312911762976221
J99	14	4	75	20	1.4167304288260933
J100	15	3	48	17	0.1
\\ Jobs in machine 10
10
J101	15	14	98	99	0.9085247873862796
J102	13	3	101	59	0.7375967281520805
J103	15	10	77	80	1.782120521002601
J104	15	11	70	81	1.4546682047816824
J105	14	3	9	138	0.7845807425317086
J106	16	13	49	131	0.4424825648048357
J107	14	9	13	5	2.1130733203828895
J108	14	12	20	90	1.86710091271205
J109	16	3	93	101	1.0312940182759076
J110	13	4	13	128	1.9481741381658835
\\ Jobs in machine 11
11
J111	13	8	14	4	1.2788149273604021
J112	16	9	43	6	1.7428369026944193
J113	14	10	72	36	1.1375511485665009
J114	14	4	95	149	1.3802500027200786
J115	15	9	58	39	1.051958783284844
J116	16	1	76	129	1.4293441027295122
J117	14	5	86	95	1.0433946630851607
J118	12	1	103	49	1.4542147615853884
J119	15	3	29	71	1.85814413845524
J120	15	3	53	19	1.1336579255173937
J121	13	6	16	120	0.6400801962925694
\\ Jobs in machine 12
11
J122	14	12	3	121	0.6470717452048319
J123	14	7	103	106	1.620173774992954
J124	14	4	98	128	1.9289048301463223
J125	14	13	31	19	0.845244460556436
J126	15	10	12	140	1.3423501785360015
J127	14	8	89	95	1.4101891234556425
J128	13	10	20	78	1.37436808678108
J129	15	14	94	38	0.7945932409912497
J130	15	7	50	23	1.6497886941261664
J131	14	6	89	129	1.1875740845361065
J132	14	5	97	132	1.1457837095857482
\\ Jobs in machine 13
11
J133	14	3	105	77	1.6206977611517654
J134	13	7	4	73	1.1915156563164366
J135	16	1	105	118	1.1378111856239654
J136	18	6	10	13	0.8765611222393892
J137	16	11	54	112	1.2618748966202133
J138	12	3	72	72	1.597133284782231
J139	16	5	61	84	1.8476105261471578
J140	13	14	36	110	1.7491091352113246
J141	15	3	109	10	0.9607420276967351
J142	16	4	50	3	1.258648672058361
J143	14	6	81	142	0.6271023184005603
\\ Jobs in machine 14
10
J144	14	9	31	89	1.2224939659891456
J145	14	14	13	114	1.251989803763546
J146	15	12	10	115	0.7821519024644119
J147	14	12	62	8	1.161859886651826
J148	13	6	47	42	1.5886675960042038
J149	14	1	68	25	0.9115543192296666
J150	15	12	45	69	1.1087499070747078
J151	15	11	45	115	1.057366250729571
J152	14	4	16	26	0.9959170470884396
J153	13	5	24	19	1.080653919417491
\\ Jobs in machine 15
11
J154	15	8	58	43	1.585569749333688
J155	16	6	10	8	0.8903326931259916
J156	15	1	17	111	1.6486115411168143
J157	14	5	34	149	1.5078350997329677
J158	14	11	103	99	1.3710600269237512
J159	15	6	16	91	0.9325119579637888
J160	15	13	27	73	0.8329080325980801
J161	13	8	4	1	0.91590176782844
J162	14	3	78	108	1.3996480395527022
J163	14	12	38	72	0.21422394501938002
J164	15	7	90	144	1.3692411555429178
\\ Jobs in machine 16
11
J165	13	3	102	97	1.11306841511592
J166	15	1	71	146	0.8850898231993634
J167	16	7	92	99	1.2103250582457818
J168	16	7	45	55	0.3941053458328475
J169	15	3	5	97	1.1356228679499372
J170	16	6	79	115	1.1781785970812302
J171	13	1	98	34	1.2606455018518472
J172	16	14	77	121	1.7360831144348858
J173	17	9	109	67	1.4416241457528498
J174	15	14	9	150	1.7154460462164227
J175	15	7	57	116	0.9824486875807412
\\ Jobs in machine 17
10
J176	14	2	58	147	1.481221242578796
J177	17	5	22	39	1.1643406447757065
J178	16	4	12	63	0.8840485418821171
J179	16	8	70	100	0.7648560676288201
J180	14	6	57	134	0.9637351713114295
J181	13	14	28	47	1.3564700304174646
J182	16	11	67	26	1.810201516998021
J183	14	4	40	82	1.3410974735737464
J184	15	14	25	103	1.442526586132881
J185	14	6	91	136	1.022087651102772
\\ Jobs in machine 18
11
J186	15	7	5	25	0.7390727960875227
J187	16	3	46	99	1.4634229514259764
J188	13	1	85	104	1.174198458672987
J189	13	3	72	136	1.8550203283265936
J190	14	7	98	19	1.1477818414660115
J191	15	8	13	18	0.8179612987300735
J192	12	7	103	137	0.5659925980989814
J193	15	5	94	106	0.8452706749297286
J194	14	3	103	116	0.9692258357055934
J195	16	5	79	121	1.1260906739645855
J196	15	11	60	134	1.257118227858814
\\ Jobs in machine 19
12
J197	14	1	105	133	1.801438538346506
J198	15	3	97	110	1.740854162292596
J199	14	8	109	30	1.2077951597343617
J200	13	10	6	72	1.1279745620736532
J201	13	4	7	129	0.8691764236626998
J202	15	4	24	136	0.9573119603684601
J203	13	12	76	70	0.49374314798027397
J204	15	1	92	18	0.8561047954431404
J205	15	8	106	62	0.10324610049170935
J206	15	3	24	3	1.3733570176316687
J207	15	4	67	101	1.790406844442501
J208	14	2	66	71	0.9918953168706235
\\ Jobs in machine 20
11
J209	16	7	102	83	1.2176837179236844
J210	16	2	20	90	0.7133763784659435
J211	15	10	76	129	1.579845240213194
J212	16	11	90	101	2.4344259322548893
J213	14	4	6	117	0.9244793935938057
J214	15	13	78	34	1.0408607595943615
J215	16	5	86	57	1.2238146431015884
J216	15	8	103	27	1.797136945311482
J217	17	6	33	86	1.419393879105775
J218	15	10	32	66	1.1668588825453337
J219	13	8	77	80	1.5562144561761275
\\ Dependencies 
655
1	4
1	5
1	6
1	7
1	8
1	9
1	11
2	3
2	7
2	8
2	9
2	10
2	11
3	4
3	5
3	6
3	7
3	8
3	9
4	5
4	6
4	7
4	10
5	7
5	9
5	11
6	7
6	8
6	9
6	10
7	8
7	10
7	11
9	11
12	13
12	14
12	15
12	16
12	17
12	19
12	20
13	14
13	15
13	17
13	20
13	22
14	16
14	18
14	20
14	22
15	17
15	19
15	20
15	22
16	18
16	19
16	21
16	22
17	19
17	21
17	22
18	19
18	21
18	22
19	21
19	22
20	22
23	26
23	27
23	29
23	30
23	32
23	33
24	30
24	31
25	26
25	29
25	30
25	31
25	32
26	27
26	28
26	29
26	31
27	28
27	30
27	31
28	32
29	30
29	31
29	33
30	31
30	32
30	33
31	33
32	33
34	35
34	36
34	37
34	38
34	40
34	41
34	43
34	44
35	40
35	41
35	42
35	43
35	44
36	37
36	39
36	40
36	41
36	42
36	43
36	44
37	38
37	40
37	41
37	43
38	39
38	41
38	42
38	43
39	43
39	44
40	41
40	42
41	42
41	44
42	43
42	44
43	44
45	46
45	47
45	50
45	51
45	52
45	53
46	48
46	51
46	52
46	53
46	54
47	50
47	52
47	54
48	49
48	50
48	53
48	54
49	53
49	54
50	52
50	53
50	54
51	52
51	53
51	54
52	53
53	54
55	56
55	58
55	59
55	60
55	62
55	64
56	57
56	58
56	60
56	61
56	63
57	58
57	59
57	61
57	64
57	65
58	60
58	61
58	62
58	65
59	60
59	62
59	64
60	61
60	63
60	65
61	63
61	65
62	64
63	64
63	65
66	69
66	70
66	71
66	74
66	75
66	76
67	68
67	69
67	70
67	71
67	74
68	69
68	70
68	72
68	76
69	71
69	72
69	73
69	75
69	76
70	72
70	76
71	72
71	73
71	75
71	76
72	73
72	74
72	75
72	76
73	74
73	75
74	76
77	80
77	82
77	83
77	84
77	85
77	87
78	79
78	80
78	83
78	84
78	86
78	87
78	88
79	80
79	81
79	82
79	83
79	84
79	85
79	86
79	87
79	88
80	81
80	82
80	86
80	87
81	82
81	86
81	87
82	83
82	84
82	86
82	88
83	86
83	87
83	88
84	86
84	87
84	88
85	86
85	87
86	88
87	88
89	90
89	91
89	92
89	93
89	94
89	95
89	98
89	99
90	92
90	96
90	98
90	99
90	100
91	94
91	95
91	96
91	97
91	98
91	100
92	94
92	95
92	96
92	97
92	98
92	99
92	100
93	94
93	95
93	96
93	98
93	100
94	95
94	97
94	99
94	100
95	96
95	97
95	98
95	99
95	100
96	98
96	99
96	100
97	98
98	100
99	100
101	104
101	107
101	109
102	105
102	106
102	108
102	110
103	106
103	107
103	108
104	105
104	107
105	106
105	108
105	109
107	108
107	110
108	110
111	114
111	115
111	116
111	117
111	118
112	113
112	114
112	115
112	116
112	119
112	120
112	121
113	115
113	118
113	119
113	121
114	117
114	118
114	119
114	120
115	116
115	117
115	118
115	119
115	121
116	117
116	118
116	120
117	118
117	120
117	121
118	119
118	121
120	121
122	123
122	124
122	125
122	126
122	130
123	125
123	127
123	128
124	128
125	126
125	131
125	132
126	127
126	130
126	131
126	132
127	128
127	129
127	130
128	130
129	131
129	132
130	131
130	132
131	132
133	137
133	139
133	140
133	141
133	142
134	135
134	136
134	137
134	138
134	140
134	142
134	143
135	137
135	140
135	142
136	137
136	139
136	140
136	141
137	140
137	141
137	142
138	139
138	140
138	141
138	142
138	143
139	140
140	142
140	143
141	142
141	143
144	145
144	147
144	149
144	150
144	151
144	152
145	146
145	147
145	148
145	150
145	152
146	147
146	149
146	152
147	148
147	150
147	151
147	152
147	153
148	149
148	150
148	153
149	150
149	152
149	153
150	151
150	152
151	152
151	153
154	156
154	157
154	159
154	160
154	162
154	163
154	164
155	156
155	157
155	159
155	161
155	162
155	163
156	157
156	158
156	159
156	161
156	162
156	164
157	158
157	160
157	163
158	159
158	160
158	161
158	162
158	163
158	164
159	161
159	163
159	164
160	162
160	163
160	164
161	164
162	163
162	164
163	164
165	171
165	173
165	175
166	168
166	170
166	171
166	174
166	175
167	168
167	169
167	172
167	175
168	171
168	172
168	173
168	174
169	170
169	172
169	173
169	174
169	175
170	172
170	174
171	173
172	173
172	174
173	175
174	175
176	177
176	179
176	180
176	182
176	183
176	184
177	178
177	181
177	182
177	183
177	185
178	179
178	180
178	182
178	183
178	185
179	180
179	184
179	185
180	181
180	182
180	183
181	182
181	183
181	184
182	183
184	185
186	187
186	188
186	192
186	193
186	194
187	188
187	189
187	192
187	193
187	195
188	190
188	191
188	194
188	195
189	191
189	192
189	194
189	195
189	196
190	193
190	194
190	195
191	194
191	195
191	196
192	195
192	196
194	195
197	200
197	202
197	204
197	205
197	206
197	207
197	208
198	199
198	200
198	201
198	202
198	203
198	206
198	207
198	208
199	200
199	201
199	202
199	203
199	204
199	205
199	206
199	207
199	208
200	201
200	204
200	206
200	208
201	202
201	203
201	204
201	205
201	206
201	207
201	208
202	203
202	207
202	208
203	205
203	206
204	205
204	206
204	207
205	206
205	207
205	208
209	212
209	213
209	214
209	215
209	216
209	217
209	219
210	213
210	214
210	215
210	218
210	219
211	214
211	215
211	218
211	219
212	213
212	214
212	215
212	216
212	218
213	214
213	215
213	219
214	215
214	218
214	219
215	217
215	218
215	219
216	217
216	218
216	219
217	218
217	219
218	219
