\\ machines
6
\\ max power
60
\\ Jobs in machine 1
10
J1	14	12	57	2	1.7919500417668313
J2	14	3	54	12	0.1
J3	16	11	43	30	0.9181832913881764
J4	13	10	54	16	1.1946743295731757
J5	15	12	103	45	0.9395910122273797
J6	13	10	88	34	1.8661674916746902
J7	13	5	23	35	0.7864040593053943
J8	15	14	35	41	1.2772549792980916
J9	15	2	9	40	2.068309899380007
J10	14	8	6	7	1.6928811414974898
\\ Jobs in machine 2
12
J11	17	9	68	14	1.5781042447062812
J12	14	14	24	28	1.7758181781877531
J13	15	2	95	12	1.1536717044082665
J14	15	3	98	45	1.2986845741658526
J15	13	10	95	31	1.27211686449962
J16	15	8	83	28	1.6903290850194037
J17	14	12	38	28	1.778619148945093
J18	14	4	79	21	1.177724906623872
J19	16	6	106	19	1.5396503466169702
J20	14	9	15	18	1.6223643560804413
J21	14	6	43	11	1.69296974629302
J22	13	11	68	29	0.35950009546741024
\\ Jobs in machine 3
10
J23	15	6	37	39	0.853721652122255
J24	14	12	67	27	1.1997262304371101
J25	16	8	68	6	0.9233077145279813
J26	13	9	58	2	0.7574523530542986
J27	15	11	44	25	1.7209962215840067
J28	13	10	40	12	1.8064032281802223
J29	15	14	100	13	0.5278742867509285
J30	16	6	55	5	1.650284009461981
J31	14	6	88	17	2.117639693354762
J32	15	14	29	8	0.1
\\ Jobs in machine 4
11
J33	13	14	11	5	1.0407428170612327
J34	14	13	67	30	0.35705459933213435
J35	15	1	7	25	0.8562181844226602
J36	16	7	25	39	2.172634451874873
J37	17	7	42	14	1.3781703179651419
J38	15	6	96	16	0.8003207654517286
J39	14	12	24	30	1.4086165302876772
J40	13	6	49	25	0.1
J41	14	8	88	17	0.6679554047870793
J42	14	5	94	16	0.8470074231353169
J43	16	13	106	42	1.083654976006176
\\ Jobs in machine 5
11
J44	15	3	81	8	0.8553731521682082
J45	14	8	51	40	1.917587816130589
J46	15	8	13	32	1.5949944036529669
J47	14	7	90	17	0.7895405447337833
J48	15	13	56	34	1.353280888864486
J49	15	11	44	17	1.4544210236898922
J50	15	3	26	21	0.1
J51	15	7	89	42	1.2023666051268942
J52	14	12	80	20	0.750500764679024
J53	14	4	73	30	1.6507313494592892
J54	14	12	21	5	1.4874716115859488
\\ Jobs in machine 6
10
J55	13	11	94	28	1.8094130793360235
J56	15	5	15	29	1.2642115845726787
J57	15	6	97	36	1.6120413094992854
J58	14	10	49	14	0.510176342434595
J59	15	9	93	4	1.655940418608977
J60	13	1	5	16	1.813153475796779
J61	13	5	40	20	1.2058804462726744
J62	14	8	101	42	1.1187980694314543
J63	15	14	46	32	2.0708974132147238
J64	13	7	61	32	0.9471784956261693
\\ Dependencies 
144
1	2
1	3
1	9
2	3
2	5
2	7
2	9
2	10
3	4
3	6
3	7
3	8
4	7
4	8
4	9
5	8
5	9
6	7
6	8
8	9
9	10
11	16
11	19
11	20
11	21
12	14
12	15
12	16
12	18
12	21
13	16
13	18
13	22
14	18
14	20
15	17
15	18
15	19
15	22
16	17
16	20
17	18
17	19
18	19
20	21
20	22
21	22
23	24
23	26
23	28
23	29
23	31
24	25
24	26
24	29
24	30
24	31
25	27
25	28
25	32
26	30
27	28
27	29
28	30
29	31
29	32
30	32
31	32
33	34
33	36
33	40
33	41
33	42
34	35
34	36
34	37
34	40
35	37
35	41
35	42
36	38
36	39
36	41
36	42
36	43
37	38
37	39
37	41
37	42
37	43
38	40
38	41
39	41
40	41
44	46
44	54
45	47
45	48
45	49
45	50
45	51
45	53
45	54
46	47
46	52
47	48
47	49
47	54
48	50
48	51
48	53
48	54
49	50
49	52
49	54
50	51
51	53
52	53
53	54
55	56
55	61
55	64
56	57
56	58
56	61
56	63
57	59
57	60
57	62
58	61
58	63
58	64
59	60
59	62
59	63
59	64
60	61
60	62
60	64
61	62
61	63
62	63
62	64
63	64
