\\ machines
8
\\ max power
80
\\ Jobs in machine 1
11
J1	15	9	64	18	1.8401427239137123
J2	15	11	89	16	0.5971626909752344
J3	13	3	55	13	0.3925801478426474
J4	14	9	18	12	0.6648877672504968
J5	15	4	35	8	0.6140625185168248
J6	14	8	67	2	1.5760923509731022
J7	16	14	38	11	0.539899943474182
J8	15	2	56	13	1.2881800172445221
J9	12	10	23	4	1.7568952058600469
J10	15	12	84	2	0.9519943436116624
J11	14	13	42	6	0.7623198375001037
\\ Jobs in machine 2
11
J12	13	8	91	7	1.3272534882136882
J13	15	14	45	2	0.3292550446217226
J14	14	14	78	7	1.2013537600583033
J15	14	4	49	2	1.1796578884334237
J16	13	1	22	15	1.2768723903647892
J17	16	14	43	16	0.2890113237980966
J18	15	5	62	2	1.3266340572559943
J19	15	13	29	6	1.2180257074357845
J20	16	14	101	10	1.0422534596867061
J21	16	10	21	5	0.3601748321909839
J22	14	8	20	5	1.2253972757661211
\\ Jobs in machine 3
10
J23	17	1	2	7	1.6603548566604733
J24	17	6	99	6	1.0210345770835483
J25	15	5	87	12	1.8938738151458794
J26	15	3	52	7	1.3011191219631817
J27	15	2	26	10	0.9919461316223797
J28	14	14	3	6	0.7469176362065403
J29	14	10	61	3	1.6552685123444482
J30	15	12	27	14	1.1178093397261142
J31	13	4	10	5	1.7788658275684401
J32	15	10	32	6	0.7038689878319931
\\ Jobs in machine 4
11
J33	15	2	70	12	1.2162941862321788
J34	16	9	81	5	1.0500625722647254
J35	15	7	102	18	1.1247792458503043
J36	16	7	57	20	1.072460686773032
J37	15	3	20	11	1.152248266387389
J38	15	7	4	11	1.1968736390927373
J39	13	6	97	17	1.3730239249229015
J40	12	1	37	7	0.9612955033177077
J41	13	2	10	10	1.3751477381961077
J42	16	9	17	8	1.536877495411284
J43	13	8	5	4	0.7857459285468849
\\ Jobs in machine 5
11
J44	16	9	13	15	0.5940593883969583
J45	15	4	77	14	1.0600059937387831
J46	17	3	106	12	1.2958485824723172
J47	16	4	70	11	0.4295897055968322
J48	14	3	39	7	2.3478781967394244
J49	15	13	107	3	0.8131007796042704
J50	12	12	84	20	1.1191384313152177
J51	16	10	29	9	1.0769050477703594
J52	16	3	45	3	1.5022474271240776
J53	14	7	66	11	1.3762645996091176
J54	15	3	37	18	2.162883716161383
\\ Jobs in machine 6
11
J55	13	4	92	6	0.3489684818704688
J56	16	13	67	5	0.8110502329320051
J57	13	1	81	7	1.2228214464041687
J58	13	12	75	2	1.0843487073231335
J59	16	9	70	17	0.8087834698971468
J60	14	13	102	16	0.24932550800622888
J61	12	14	66	13	0.6836479555511106
J62	16	1	107	20	1.1235039732941468
J63	13	9	108	15	1.1097048163152454
J64	13	5	21	4	0.6782812319606353
J65	14	1	91	8	1.3849824181884298
\\ Jobs in machine 7
11
J66	15	5	49	10	0.8771223448742482
J67	15	1	60	6	1.1912061213648943
J68	15	12	99	18	1.5345159615818758
J69	14	1	3	14	1.729369943247442
J70	16	2	13	5	2.3270676718120233
J71	14	2	90	12	0.8955817107597657
J72	14	11	62	9	1.3415274366167032
J73	14	10	39	18	1.93649827105277
J74	15	12	32	3	0.5574094904084212
J75	15	10	93	18	1.3752986380992684
J76	13	10	7	13	1.4996808105953472
\\ Jobs in machine 8
11
J77	14	2	3	4	1.8732058673794807
J78	15	3	69	3	0.8357237956246824
J79	14	13	94	16	0.9492067141820576
J80	15	6	37	7	1.2651188079415794
J81	16	13	33	8	1.174706107505919
J82	14	3	29	4	0.8358753598313073
J83	15	4	79	14	1.1494787816089875
J84	14	6	102	4	1.6160914877453445
J85	15	14	87	4	0.9873131175030536
J86	13	4	96	20	1.3595546092712578
J87	13	11	71	16	1.0205216593999544
\\ Dependencies 
180
1	5
1	8
1	9
2	3
2	7
2	8
2	11
3	8
3	10
4	5
4	6
4	8
4	9
5	6
5	10
5	11
6	7
6	10
6	11
7	9
8	10
8	11
9	10
10	11
12	14
12	16
12	17
12	20
12	21
13	15
13	16
13	17
13	19
13	21
14	15
14	16
14	20
14	21
14	22
15	16
15	17
15	21
16	17
16	18
16	21
17	18
17	22
18	22
19	21
20	21
23	25
23	29
23	30
24	25
24	28
24	29
25	26
25	27
26	32
27	31
28	29
28	31
28	32
29	30
30	31
30	32
33	34
33	37
33	40
33	41
33	42
34	36
34	37
34	38
34	39
34	40
34	41
34	43
35	36
35	37
35	38
35	43
36	38
36	40
36	41
36	42
37	42
38	39
39	40
39	42
41	43
44	47
44	48
44	52
44	54
45	46
45	47
45	49
45	52
45	53
45	54
46	47
46	48
46	50
46	51
46	54
47	51
47	54
48	53
49	50
49	51
49	54
50	51
52	53
52	54
53	54
55	62
55	63
55	65
56	57
57	62
57	63
58	59
58	60
58	62
59	61
59	62
60	62
60	64
61	63
61	64
61	65
62	63
62	64
63	64
63	65
66	67
66	68
66	69
66	72
66	73
66	74
66	75
66	76
67	69
67	70
67	73
68	69
68	71
68	72
68	73
69	70
69	73
69	74
69	75
70	71
71	73
71	75
71	76
72	73
72	75
73	74
77	79
77	82
77	85
78	79
78	81
78	85
78	86
79	82
79	86
79	87
80	83
80	85
80	86
80	87
81	84
81	86
82	83
82	86
