\\ machines
18
\\ max power
180
\\ Jobs in machine 1
11
J1	13	8	91	42	1.3179309448331213
J2	16	8	33	30	1.4256592862512474
J3	16	10	73	31	0.21756780588522262
J4	14	1	13	17	1.3423729804405293
J5	15	8	36	2	1.1718227363299691
J6	14	4	49	26	1.232453011695266
J7	14	3	72	33	0.8865874813882226
J8	16	13	58	14	1.742542939381007
J9	14	5	50	43	1.6586457000695443
J10	14	8	45	45	0.35565706759427806
J11	14	14	50	3	0.14865855134894113
\\ Jobs in machine 2
11
J12	15	14	98	38	0.8909025063364132
J13	14	3	78	42	0.6664531695358309
J14	15	13	59	39	1.4316146821479747
J15	16	4	20	32	1.5932989969755411
J16	14	3	35	20	1.38442155861771
J17	14	14	63	16	0.8243745110821883
J18	16	6	84	27	1.7080247300574158
J19	15	14	86	41	1.0488779447699343
J20	15	2	110	11	2.136011689557903
J21	15	11	11	27	0.5785294973953088
J22	16	5	6	21	1.2058863701579434
\\ Jobs in machine 3
10
J23	17	14	30	34	1.4503970749119834
J24	15	7	106	21	1.4410991416651129
J25	16	10	54	15	1.6327015296987266
J26	14	3	97	30	1.0540767917719256
J27	15	6	72	26	0.74510769035402
J28	15	4	7	32	0.7658713650283586
J29	14	12	17	41	0.1
J30	15	12	38	25	1.3162010335696144
J31	15	3	82	35	1.5114397400867035
J32	14	8	2	14	1.3487406600861966
\\ Jobs in machine 4
11
J33	15	7	76	44	1.9059619727097434
J34	16	13	105	40	1.5881786782255616
J35	14	5	81	5	0.8057703613959996
J36	14	13	40	20	1.5527953544347264
J37	15	1	7	27	1.1350050730373105
J38	15	3	110	20	0.8947736699817587
J39	13	14	91	7	0.6451623753539548
J40	14	12	68	32	1.7201044591120729
J41	13	5	94	28	0.7476061098893219
J42	14	3	19	25	1.5206094163680217
J43	13	3	40	29	0.4824462850968536
\\ Jobs in machine 5
12
J44	16	6	77	41	1.1044498887081562
J45	13	2	62	26	1.0116707315984819
J46	14	3	83	32	1.8761013943160154
J47	16	4	72	17	1.0101875495129893
J48	14	3	48	25	0.9535830991416651
J49	14	6	106	20	1.1496899335799042
J50	13	4	59	10	0.5257367674443997
J51	14	12	101	7	1.5431873223177948
J52	16	6	67	22	1.5146915959499894
J53	15	8	31	1	1.4033399522496763
J54	14	6	75	14	0.9752801476697739
J55	15	4	42	16	2.339696870503948
\\ Jobs in machine 6
11
J56	15	2	49	37	1.2319137421923858
J57	12	8	27	6	1.8938545444282497
J58	14	2	31	35	0.6546488191251454
J59	15	1	44	33	1.1154345577449258
J60	14	2	76	28	1.413626964540083
J61	14	9	18	42	0.6263803003279118
J62	14	4	40	21	1.0480033152839712
J63	16	13	85	43	1.1533586332020958
J64	15	1	106	23	1.5136755843835819
J65	15	4	20	7	1.289648333452147
J66	16	6	36	39	0.32492910149603393
\\ Jobs in machine 7
9
J67	15	3	108	29	0.8079708613324033
J68	16	5	22	45	0.9997458290600074
J69	14	1	20	24	0.32752580763704053
J70	15	9	105	9	1.3716432169408994
J71	15	4	46	40	0.22129287641534467
J72	15	10	46	12	1.804742324921881
J73	17	8	23	26	1.1053308042157388
J74	15	8	89	18	1.3018120835491855
J75	12	6	64	29	0.8001084004276525
\\ Jobs in machine 8
11
J76	14	3	33	17	1.0384674075785019
J77	15	6	80	31	1.8520146629546372
J78	16	9	75	25	1.1996409831674102
J79	16	3	7	17	1.0361216721355975
J80	15	8	87	23	0.7447857152335144
J81	14	14	80	24	0.1
J82	17	10	30	28	0.11561124125658995
J83	14	8	14	31	0.7393092187559143
J84	14	14	33	19	0.7797643988791751
J85	14	8	68	5	0.7322011844873719
J86	15	13	80	17	1.4326670378303112
\\ Jobs in machine 9
10
J87	14	5	93	1	1.0053721518069971
J88	15	1	108	22	0.10212819701128906
J89	14	5	66	21	1.2514275354192348
J90	14	8	101	31	1.340688715156787
J91	14	8	63	43	1.1476841552675556
J92	13	3	97	45	1.1484233289768
J93	17	6	19	8	0.5456586508348317
J94	15	5	62	45	0.9140450350828548
J95	16	14	79	22	1.0268709081212448
J96	14	7	71	31	0.5001959285825925
\\ Jobs in machine 10
10
J97	15	8	89	44	1.134475478673758
J98	14	13	76	3	0.8108346657308981
J99	14	1	85	11	1.1941003648215058
J100	14	9	53	38	0.7812784862103459
J101	15	12	18	22	1.328806969664786
J102	15	14	49	33	1.7802177536376758
J103	12	8	91	20	0.5396551994990331
J104	15	13	16	17	0.9559514498339039
J105	14	11	44	43	1.0065821951489187
J106	16	8	97	18	0.6972140370733708
\\ Jobs in machine 11
10
J107	13	11	79	15	2.090972493953131
J108	12	9	87	32	1.6124687551974834
J109	13	14	36	40	0.9360038158945367
J110	16	1	22	45	1.0893914706919425
J111	15	13	80	4	1.4258473150034605
J112	14	13	53	43	0.24263841233252448
J113	16	14	39	23	1.1322265383036474
J114	16	10	90	22	1.2007970916098927
J115	15	6	37	27	0.5814410642080854
J116	14	12	24	42	1.5952591470971795
\\ Jobs in machine 12
11
J117	15	14	21	39	1.180325525989527
J118	14	8	99	1	1.1473030205060548
J119	14	4	93	17	1.5156907809256235
J120	15	12	14	20	0.1
J121	12	6	58	7	1.4284755918013108
J122	14	4	103	11	1.9347995526111519
J123	13	14	110	10	1.4210774080936552
J124	17	1	40	25	0.910366129624135
J125	14	8	18	23	0.9526049073953149
J126	15	7	82	15	1.146901579136348
J127	14	4	110	22	0.7199632911338376
\\ Jobs in machine 13
12
J128	15	11	9	7	1.27060017230529
J129	16	2	4	22	1.456112514286982
J130	12	14	6	42	1.2753347900920478
J131	14	11	2	29	1.25654109970082
J132	14	11	104	40	1.836648386914863
J133	16	2	54	44	0.9313096945788544
J134	15	2	96	18	0.8385096015153677
J135	14	12	82	2	2.370345385532592
J136	15	12	11	26	1.5175916097840965
J137	15	6	10	25	1.8351822763943666
J138	15	7	73	20	1.7507796972251142
J139	16	13	28	9	0.46091593682535437
\\ Jobs in machine 14
10
J140	13	9	48	39	1.6534784505046338
J141	14	9	92	7	1.2299885599980906
J142	14	10	2	33	0.6882405802366275
J143	14	5	15	15	1.495371108166289
J144	16	12	20	10	2.0955773789612935
J145	14	6	73	31	0.6875405142576799
J146	16	8	69	38	1.1214620706542031
J147	15	6	5	34	1.1498621576680275
J148	14	4	69	35	1.2708614323881413
J149	11	12	97	40	0.878341268254351
\\ Jobs in machine 15
11
J150	13	14	65	35	1.9260624801488313
J151	14	10	41	17	0.8884800810480735
J152	16	13	2	40	0.9178000121178352
J153	15	11	41	37	1.2188630246505674
J154	15	5	15	14	1.1438874482982508
J155	14	12	55	12	1.3594873174691262
J156	14	12	74	27	1.8076904362520707
J157	13	5	71	22	1.7655015281525919
J158	15	6	104	16	1.6635717499650422
J159	15	14	61	3	0.9653690338029461
J160	13	14	80	22	0.3052391010855179
\\ Jobs in machine 16
11
J161	14	1	69	31	1.2294017567837403
J162	16	5	90	41	0.1
J163	15	12	63	41	1.4747489644105438
J164	15	7	110	35	1.7175083396177795
J165	15	10	86	10	1.7967510698393658
J166	16	3	70	39	0.6835455250845173
J167	13	1	26	25	1.194125443149812
J168	16	9	99	18	1.332223278125465
J169	15	12	89	4	2.3828849982881604
J170	16	1	102	28	1.247727265534565
J171	15	12	67	4	1.8959228129497068
\\ Jobs in machine 17
12
J172	15	4	5	31	1.5336521230935214
J173	14	12	6	21	2.0262135057964623
J174	14	6	55	11	1.0408421447798717
J175	16	1	40	35	1.1698306537618635
J176	14	14	97	42	1.404464131312942
J177	15	7	110	32	0.9970467025045456
J178	13	1	83	27	1.533018537945778
J179	13	14	58	39	1.1709117290665223
J180	15	2	13	27	1.2722096101844482
J181	15	10	35	20	0.7116713413532347
J182	15	7	61	29	0.5924747496772022
J183	13	4	50	27	1.0863226593823299
\\ Jobs in machine 18
12
J184	15	6	4	12	1.29155219222763
J185	14	7	29	21	0.5885682065759712
J186	14	9	95	41	1.8069143667866734
J187	12	9	77	11	1.658864789832153
J188	14	14	39	12	1.204257366715138
J189	15	12	78	25	0.8178795569109265
J190	14	10	56	45	0.40797180529932253
J191	13	8	37	39	0.944904462643104
J192	15	6	18	33	1.0034757900456797
J193	14	13	87	1	1.1712642887858598
J194	13	11	9	25	0.9871512289347608
J195	17	13	105	30	1.1583258651250368
\\ Dependencies 
878
1	2
1	3
1	4
1	5
1	7
1	8
1	9
1	11
2	3
2	4
2	5
2	6
2	7
2	8
2	9
2	10
3	4
3	5
3	6
3	7
3	8
3	9
3	11
4	5
4	6
4	7
4	8
4	10
4	11
5	6
5	7
5	9
5	10
5	11
6	8
6	10
6	11
7	8
7	9
7	10
7	11
8	9
8	10
8	11
9	10
9	11
10	11
12	13
12	14
12	15
12	17
12	19
12	20
12	21
12	22
13	14
13	15
13	16
13	17
13	18
13	19
13	20
13	21
13	22
14	15
14	16
14	17
14	18
14	20
14	21
14	22
15	16
15	17
15	18
15	19
15	20
15	21
15	22
16	17
16	18
16	19
16	20
16	21
16	22
17	18
17	19
17	20
17	21
17	22
18	19
18	20
18	22
19	20
19	21
19	22
20	21
20	22
23	24
23	25
23	26
23	27
23	28
23	29
23	30
23	31
23	32
24	25
24	26
24	27
24	28
24	29
24	30
24	31
24	32
25	27
25	30
25	31
25	32
26	27
26	28
26	29
26	30
26	31
26	32
27	28
27	30
27	31
27	32
28	29
28	30
28	31
28	32
29	30
29	31
29	32
30	31
30	32
31	32
33	34
33	35
33	36
33	37
33	38
33	39
33	40
33	41
33	42
33	43
34	35
34	36
34	37
34	38
34	39
34	40
34	41
34	42
34	43
35	36
35	37
35	38
35	39
35	40
35	41
35	42
35	43
36	37
36	39
36	40
36	41
36	42
36	43
37	38
37	39
37	40
37	41
37	42
37	43
38	39
38	40
38	41
38	42
38	43
39	40
39	41
39	42
39	43
40	41
40	42
40	43
41	43
42	43
44	45
44	46
44	47
44	48
44	49
44	51
44	52
44	54
44	55
45	46
45	48
45	49
45	50
45	51
45	52
45	53
45	54
45	55
46	47
46	48
46	49
46	50
46	51
46	52
46	53
46	54
46	55
47	48
47	49
47	50
47	51
47	52
47	53
47	55
48	49
48	50
48	51
48	52
48	53
48	54
48	55
49	50
49	51
49	52
49	53
49	54
50	51
50	52
50	53
50	54
50	55
51	52
51	53
51	54
51	55
52	53
52	54
52	55
53	54
53	55
54	55
56	58
56	59
56	60
56	61
56	62
56	63
56	64
56	65
56	66
57	58
57	59
57	60
57	61
57	62
57	63
57	64
57	65
57	66
58	59
58	61
58	62
58	63
58	64
58	65
58	66
59	60
59	61
59	62
59	63
59	64
59	66
60	61
60	62
60	63
60	64
60	65
60	66
61	62
61	63
61	64
61	65
61	66
62	63
62	65
62	66
63	65
63	66
64	65
64	66
65	66
67	68
67	69
67	70
67	71
67	72
67	73
67	74
67	75
68	69
68	70
68	71
68	72
68	74
69	70
69	71
69	72
69	73
69	74
69	75
70	71
70	72
70	73
70	74
70	75
71	73
71	74
72	73
72	74
73	74
73	75
74	75
76	77
76	78
76	79
76	80
76	81
76	83
76	84
76	85
76	86
77	78
77	79
77	80
77	81
77	82
77	83
77	84
77	85
78	79
78	80
78	81
78	82
78	83
78	84
78	85
78	86
79	80
79	81
79	82
79	83
79	84
79	85
79	86
80	81
80	82
80	83
80	84
80	85
80	86
81	82
81	83
81	84
81	85
81	86
82	83
82	84
82	85
82	86
83	84
83	85
83	86
84	85
84	86
85	86
87	88
87	89
87	90
87	91
87	93
87	94
87	95
87	96
88	89
88	90
88	91
88	92
88	93
88	94
88	95
88	96
89	90
89	91
89	92
89	93
89	94
89	95
89	96
90	91
90	92
90	93
90	94
90	95
90	96
91	92
91	93
91	94
91	95
91	96
92	93
92	94
92	95
92	96
93	94
93	95
93	96
94	95
94	96
97	98
97	99
97	100
97	101
97	102
97	103
97	104
97	105
97	106
98	99
98	100
98	101
98	102
98	103
98	104
98	105
98	106
99	100
99	101
99	102
99	103
99	104
99	105
99	106
100	102
100	103
100	104
100	105
100	106
101	102
101	103
101	104
101	105
102	103
102	104
102	105
102	106
103	104
103	105
103	106
104	105
104	106
105	106
107	108
107	109
107	110
107	111
107	112
107	113
107	114
107	115
107	116
108	109
108	110
108	111
108	112
108	113
108	114
108	115
108	116
109	110
109	111
109	112
109	113
109	114
109	116
110	111
110	112
110	113
110	114
110	115
110	116
111	112
111	113
111	114
111	116
112	113
112	114
112	115
112	116
113	114
113	115
113	116
114	115
114	116
115	116
117	118
117	119
117	120
117	121
117	122
117	123
117	125
117	127
118	120
118	122
118	123
118	124
118	126
119	120
119	121
119	122
119	123
119	124
119	125
119	126
120	121
120	122
120	123
120	125
120	126
120	127
121	123
121	124
121	125
121	126
121	127
122	123
122	124
122	126
122	127
123	125
123	126
123	127
124	125
124	126
124	127
125	126
125	127
126	127
128	129
128	130
128	132
128	133
128	136
128	138
128	139
129	130
129	131
129	132
129	133
129	134
129	135
129	136
129	137
129	138
129	139
130	131
130	132
130	133
130	134
130	136
130	137
130	138
130	139
131	132
131	133
131	134
131	135
131	136
131	137
131	138
131	139
132	133
132	134
132	135
132	136
132	137
132	138
132	139
133	134
133	135
133	136
133	137
133	138
133	139
134	135
134	136
134	137
134	139
135	136
135	137
135	139
136	137
136	139
137	138
137	139
138	139
140	141
140	142
140	143
140	144
140	145
140	147
140	148
140	149
141	142
141	143
141	144
141	145
141	146
141	147
141	148
141	149
142	143
142	144
142	145
142	146
142	147
142	148
142	149
143	144
143	145
143	146
143	147
143	148
143	149
144	145
144	146
144	147
144	148
144	149
145	146
145	147
145	148
145	149
146	147
146	148
146	149
147	148
147	149
148	149
150	152
150	153
150	154
150	155
150	156
150	157
150	158
150	159
151	152
151	153
151	154
151	155
151	156
151	157
151	158
151	159
151	160
152	153
152	155
152	157
152	158
152	159
152	160
153	154
153	155
153	157
153	158
153	159
153	160
154	155
154	156
154	157
154	158
154	159
154	160
155	156
155	157
155	158
155	159
155	160
156	158
156	159
156	160
157	158
157	159
157	160
158	159
158	160
159	160
161	162
161	163
161	164
161	165
161	166
161	167
161	168
161	169
161	170
161	171
162	163
162	164
162	165
162	166
162	167
162	168
162	169
162	170
162	171
163	164
163	165
163	166
163	167
163	168
163	169
163	170
164	165
164	166
164	167
164	168
164	169
164	170
164	171
165	166
165	167
165	168
165	169
165	170
165	171
166	167
166	168
166	170
166	171
167	168
167	169
167	170
167	171
168	169
168	170
168	171
169	170
169	171
170	171
172	173
172	174
172	175
172	176
172	177
172	178
172	179
172	180
172	181
172	182
172	183
173	174
173	175
173	177
173	178
173	179
173	181
173	182
173	183
174	175
174	176
174	177
174	178
174	179
174	180
174	181
174	182
174	183
175	176
175	177
175	178
175	179
175	180
175	181
175	182
175	183
176	177
176	178
176	179
176	180
176	181
176	183
177	178
177	179
177	180
177	182
177	183
178	180
178	181
178	182
179	180
179	181
179	182
179	183
180	182
180	183
181	182
181	183
182	183
184	185
184	186
184	188
184	189
184	190
184	191
184	194
184	195
185	187
185	188
185	189
185	190
185	191
185	194
185	195
186	187
186	188
186	189
186	190
186	191
186	193
186	194
186	195
187	188
187	189
187	190
187	191
187	192
187	193
187	194
188	189
188	190
188	191
188	192
188	193
188	194
188	195
189	190
189	191
189	192
189	193
189	194
189	195
190	191
190	192
190	194
190	195
191	192
191	193
191	194
192	193
192	194
192	195
193	194
193	195
194	195
