\\ machines
10
\\ max power
100
\\ Jobs in machine 1
12
J1	16	2	49	37	0.8603399755551364
J2	16	3	106	33	2.0469220735773908
J3	15	4	45	14	1.31767323410834
J4	14	3	48	23	1.5225317058131436
J5	15	14	8	49	1.5851653574714841
J6	13	9	49	9	1.5581240439386632
J7	14	14	51	33	0.37836005462937916
J8	14	14	49	41	1.1920207646907497
J9	15	8	72	6	1.26067624594884
J10	14	1	88	5	0.6625745390057919
J11	16	5	108	2	1.5917360382614463
J12	13	1	105	13	0.816042903612178
\\ Jobs in machine 2
10
J13	14	13	77	4	1.2068596063063572
J14	14	7	78	39	1.0415747475903232
J15	14	12	15	33	1.1196914172982442
J16	14	12	64	37	0.33465808675884423
J17	14	11	99	2	1.5227593241912583
J18	15	9	38	34	0.9495478691707727
J19	15	10	86	6	1.1606040762090168
J20	14	3	94	34	1.6380822955586927
J21	16	7	53	11	1.6115805486354096
J22	14	1	64	4	0.5179932496948376
\\ Jobs in machine 3
12
J23	15	3	33	50	2.118464431762144
J24	15	6	8	42	0.9237842221254404
J25	14	9	89	40	1.2452384701041412
J26	16	14	72	3	1.6404001069647085
J27	13	13	92	32	2.3209287226109407
J28	13	12	2	31	0.548632629862376
J29	15	14	32	21	1.9534609932245828
J30	15	5	95	37	0.24554099497178528
J31	15	9	28	8	1.3820158999157013
J32	16	9	81	24	1.3802874668273182
J33	14	9	81	33	0.5704092542666332
J34	16	14	47	21	1.6123897571730554
\\ Jobs in machine 4
9
J35	15	14	38	7	1.382211843417273
J36	17	8	48	26	0.9837876956834551
J37	13	1	104	31	1.3181444299971419
J38	14	11	63	18	0.3904181163110395
J39	14	9	13	13	1.6536326556793937
J40	16	11	13	23	0.49199237503857396
J41	15	1	24	42	1.9960994309474338
J42	16	11	31	37	0.34810628308708125
J43	15	6	23	5	1.7831875384561298
\\ Jobs in machine 5
11
J44	14	11	81	27	1.423476204466614
J45	14	7	21	47	1.4062660560833582
J46	14	9	17	30	1.204958791122209
J47	14	1	34	19	0.68262096933166
J48	15	6	109	29	1.1447352099272625
J49	14	6	51	30	1.6440267015600907
J50	15	13	4	1	1.023916452474147
J51	13	12	107	49	1.4722592395910175
J52	15	13	59	49	1.4329584309402033
J53	14	9	28	10	1.128968098513651
J54	14	14	46	33	0.9958924937152966
\\ Jobs in machine 6
9
J55	13	6	58	1	1.6856051531751763
J56	15	11	71	26	1.474328150916783
J57	15	1	90	44	1.6713025525815328
J58	14	1	8	20	1.2318023559117692
J59	15	4	38	21	0.8022017191520383
J60	15	11	101	17	0.6697504964300928
J61	15	8	15	38	0.7749438538829505
J62	16	6	110	50	0.8778812212183187
J63	15	9	105	27	0.604125323294033
\\ Jobs in machine 7
11
J64	14	12	59	25	0.5577670243642311
J65	14	13	26	42	0.8014412062673286
J66	14	12	23	29	2.156527147944287
J67	14	14	42	49	2.6425124894722654
J68	17	3	37	15	0.7516974822415394
J69	13	1	87	30	1.1665610298622318
J70	13	1	13	32	0.6265948398790635
J71	13	2	2	4	1.2731375635034632
J72	16	13	18	24	1.5713171685141256
J73	12	1	3	13	0.8836382375767622
J74	13	1	13	48	1.8709556112061243
\\ Jobs in machine 8
12
J75	15	14	105	9	1.5799671669392836
J76	14	3	66	41	1.4266994845826995
J77	14	9	105	30	0.5994034688000488
J78	15	2	35	24	1.5305813572838325
J79	14	7	95	2	1.8683362683208218
J80	14	3	97	22	1.7411041987331881
J81	14	9	66	24	2.2088067778085367
J82	13	5	67	17	1.5398398800575388
J83	15	5	58	36	0.121124521294393
J84	15	10	13	20	1.2225031964360695
J85	13	2	78	18	0.7520175595286946
J86	14	13	21	28	1.5869375083816486
\\ Jobs in machine 9
12
J87	14	3	58	44	1.4940498907972608
J88	13	9	72	28	0.6900762981701825
J89	15	1	70	12	1.3950637224810094
J90	16	11	12	46	0.952405083882147
J91	15	6	52	24	1.012643135918208
J92	13	8	54	24	1.1710972155645178
J93	16	11	86	13	1.339519992454689
J94	16	1	24	15	1.195250654541194
J95	14	8	21	33	1.2201880930224143
J96	16	13	90	33	1.5573060104547833
J97	11	4	51	43	1.4309912747259979
J98	16	1	104	12	0.7064735495999548
\\ Jobs in machine 10
12
J99	12	6	40	42	0.8294406468821739
J100	14	10	5	31	1.5230510967223412
J101	14	11	51	38	0.44142507285327537
J102	15	12	40	19	0.6803138227138606
J103	14	10	86	32	1.4113231897669467
J104	16	9	72	19	0.6438442556480927
J105	14	14	76	22	1.0068723311053582
J106	15	2	4	34	0.7302897063645097
J107	16	13	89	12	1.1626398939087825
J108	14	6	34	28	1.0128121483286614
J109	15	6	44	4	0.8336545058617779
J110	15	11	54	12	1.154705955089631
\\ Dependencies 
160
1	4
1	6
1	7
1	8
1	10
2	5
2	8
3	8
3	11
4	5
5	7
6	12
7	8
7	12
9	10
9	11
13	20
14	16
14	21
15	21
16	21
17	20
17	21
21	22
23	29
23	30
23	31
24	25
24	26
24	27
24	28
24	30
24	31
25	26
25	27
25	31
26	33
26	34
27	30
27	33
28	31
28	32
29	32
29	34
35	37
35	38
35	39
35	40
35	41
36	41
36	43
37	38
39	41
39	43
40	41
40	42
40	43
44	47
45	46
45	52
46	53
47	48
47	51
47	53
48	49
48	52
49	53
50	52
51	52
51	54
55	60
56	59
56	62
57	62
58	59
58	62
59	60
59	62
59	63
61	63
64	68
64	70
64	71
64	72
64	74
65	66
65	70
66	67
66	68
66	71
66	72
66	74
67	68
67	71
67	74
68	69
68	74
70	71
70	73
72	73
72	74
75	80
75	84
76	77
76	80
76	84
76	85
77	78
77	84
78	79
78	81
78	84
78	85
78	86
79	80
79	82
79	83
79	84
80	82
80	86
81	84
84	86
87	92
87	93
87	96
87	97
88	95
89	91
89	93
89	96
89	97
90	93
90	98
91	96
92	93
92	95
92	96
92	97
93	95
93	96
94	96
94	98
96	97
99	100
99	105
100	105
100	106
101	105
101	106
102	105
102	108
103	106
103	108
103	110
104	105
104	106
106	108
107	109
107	110
108	110
