\\ machines
18
\\ max power
180
\\ Jobs in machine 1
12
J1	12	11	93	91	1.39039581743123
J2	14	9	27	111	1.543392849386988
J3	14	7	42	69	0.5174702620838538
J4	14	9	75	39	1.3698135892159524
J5	15	12	41	122	1.8378561552797699
J6	14	14	82	91	1.3551557704097876
J7	14	13	110	38	1.827031854793062
J8	15	1	42	25	1.4309809883907094
J9	13	11	9	27	2.0303157406822505
J10	12	5	16	30	1.1892752587040671
J11	13	14	36	88	0.1
J12	14	1	64	70	0.878252703272352
\\ Jobs in machine 2
11
J13	15	3	95	69	2.245568332720717
J14	15	13	68	97	2.0273106054107917
J15	16	9	14	20	1.0620714804533737
J16	16	13	4	57	2.173904529599543
J17	14	14	57	1	0.1
J18	13	1	55	64	0.8751325060964823
J19	14	6	62	21	0.9096923630188203
J20	15	9	72	132	0.2086439652376244
J21	14	5	104	86	0.7190383226312851
J22	13	7	51	38	0.6266320977622504
J23	15	14	18	102	0.42258592720098476
\\ Jobs in machine 3
11
J24	16	14	73	72	1.1400333514580898
J25	15	8	76	78	2.578573826935845
J26	14	2	108	51	1.3519748073343079
J27	15	3	55	76	1.5654102941072816
J28	14	3	10	10	1.1384329306032734
J29	14	10	27	132	0.8813969912472693
J30	15	11	89	17	0.1
J31	13	10	48	100	2.0263746417670236
J32	14	7	61	100	1.5398669464188457
J33	14	2	108	126	1.0500682164748198
J34	14	8	72	95	0.573085300342509
\\ Jobs in machine 4
11
J35	15	7	8	20	1.0790932613035868
J36	14	13	43	8	1.1137888293976101
J37	15	11	7	71	0.9533549801262057
J38	15	9	39	39	0.8035269392247593
J39	15	9	7	19	1.4927879171955027
J40	14	9	16	14	0.45659938426627467
J41	15	6	40	26	1.3065927540351807
J42	15	2	5	8	1.7514515961292874
J43	14	11	40	40	1.3248931763007108
J44	13	5	104	129	1.6846290276121563
J45	15	13	21	79	1.1552526036931756
\\ Jobs in machine 5
11
J46	13	5	108	112	1.7981867411385406
J47	14	9	15	3	1.4505838634571488
J48	15	8	7	98	1.3400371549404915
J49	15	11	16	104	1.2824362087956913
J50	15	11	10	9	1.4790886504932153
J51	16	4	72	85	1.9550945110944848
J52	15	11	91	31	1.4931847991834095
J53	14	2	106	63	1.5089299860537457
J54	13	14	47	87	1.731424610384867
J55	15	6	2	113	0.7711833360913867
J56	14	1	8	107	0.3963893888482902
\\ Jobs in machine 6
11
J57	13	11	25	129	1.0521760213767652
J58	16	2	66	56	0.5824926653400054
J59	15	13	43	10	1.4647889611483047
J60	15	12	15	66	0.16423388112798953
J61	15	12	48	10	0.6136749328955968
J62	14	5	23	76	0.4885867396511301
J63	13	11	22	114	1.6180224296117731
J64	15	1	109	89	0.5374286532085523
J65	15	6	52	55	1.0108582525353063
J66	12	7	51	78	0.8464846652245969
J67	15	6	43	92	1.9132218999207513
\\ Jobs in machine 7
13
J68	14	12	87	14	1.8817787598554578
J69	14	11	98	3	1.5998574742073166
J70	14	10	72	71	1.5228636011927092
J71	14	11	77	89	1.500714091129617
J72	14	1	79	45	0.2676479918335706
J73	14	3	103	57	1.028456284130746
J74	15	12	96	119	1.1787114050185008
J75	14	5	63	15	1.5340466090903828
J76	15	5	91	102	1.8621695186615836
J77	15	7	38	10	1.6906108004702538
J78	15	11	49	66	1.497366566873538
J79	15	3	44	13	2.170230551979351
J80	12	13	108	71	1.5843913917856247
\\ Jobs in machine 8
11
J81	14	3	97	58	1.6239300310087739
J82	13	3	98	92	1.0981628390934695
J83	13	2	4	57	1.6546280766020867
J84	16	1	62	67	0.9587018951581517
J85	14	10	89	23	0.637279947169086
J86	17	1	76	88	1.553028282939969
J87	14	8	81	37	0.5148829785935982
J88	15	5	82	94	1.1642115105392439
J89	15	3	105	104	1.1739687634425617
J90	14	1	109	45	1.3670189340686092
J91	14	9	25	66	0.5095541216167759
\\ Jobs in machine 9
12
J92	14	4	85	51	1.3422195041317042
J93	14	6	78	60	1.4203316305426936
J94	15	4	103	87	0.8299602765396632
J95	15	12	20	67	0.1
J96	16	7	35	121	2.1490662643582725
J97	14	1	10	36	1.620583409849826
J98	15	14	94	35	0.1892165386704181
J99	14	7	86	42	1.1062242639676256
J100	15	2	70	55	0.4649898945664984
J101	14	5	44	73	0.44466455134251637
J102	13	5	79	135	0.8070905761449902
J103	16	11	57	49	0.9604535905989244
\\ Jobs in machine 10
13
J104	15	11	78	15	1.9324459596477412
J105	14	8	67	18	1.5955956137847411
J106	15	14	20	59	1.2899704142536577
J107	14	11	14	92	1.2850041935786436
J108	14	2	28	102	1.8529186287932973
J109	14	7	90	47	2.3567292136871894
J110	14	1	108	43	0.7773597554299057
J111	15	14	77	29	1.3976471672617565
J112	14	14	69	58	1.1404071215351288
J113	15	7	27	81	1.5301493680885332
J114	16	10	34	80	1.9017064365776428
J115	14	7	63	67	2.0969848419765817
J116	16	3	64	116	1.5492998349216571
\\ Jobs in machine 11
12
J117	15	1	44	42	1.1750978122763087
J118	12	12	42	84	0.9852622770386497
J119	16	10	38	69	1.0899566394545532
J120	16	14	77	34	1.4070799442629742
J121	13	14	28	68	1.832657714102212
J122	13	8	21	64	0.8067761499038093
J123	14	2	71	2	0.9702980732640782
J124	14	13	32	31	1.9608068642404337
J125	14	5	39	14	1.3834829227647334
J126	15	4	78	100	1.5205577866712017
J127	13	6	31	6	1.76335349518988
J128	13	11	23	19	1.723768586729678
\\ Jobs in machine 12
11
J129	15	8	4	22	1.3999231353913686
J130	14	1	33	11	1.5220588968956072
J131	15	4	40	47	0.3084746559648611
J132	15	8	9	25	1.8836046288736628
J133	13	6	91	5	0.32412350864277284
J134	16	7	88	9	1.8137215265088122
J135	14	9	61	38	1.444134203393794
J136	16	12	5	1	1.798006955529134
J137	15	9	67	95	0.2650650797509323
J138	14	3	2	88	0.4761166535506258
J139	13	9	9	120	1.3710195933182068
\\ Jobs in machine 13
9
J140	16	3	36	129	1.0337857582517633
J141	15	10	108	68	1.0464550527534795
J142	13	3	83	81	1.5259356223610516
J143	15	1	97	13	0.910458227536501
J144	13	6	60	23	1.35656037949241
J145	16	6	49	61	1.504908045091112
J146	16	7	55	105	0.4787854494302173
J147	15	1	11	66	1.5876851946926727
J148	16	6	103	54	0.9540955142999419
\\ Jobs in machine 14
8
J149	13	4	104	92	0.9559437896185365
J150	16	10	76	114	1.5755857778224789
J151	15	1	60	23	0.8899390545501795
J152	15	1	49	131	1.9750664903935293
J153	14	8	9	47	0.1
J154	13	8	2	97	1.5078238945609117
J155	13	9	49	69	1.8310093299106147
J156	13	12	86	50	1.4032217162396161
\\ Jobs in machine 15
11
J157	16	1	67	21	0.8556636345945894
J158	15	11	8	68	1.5290694218081256
J159	15	3	85	106	0.5813921644424865
J160	14	14	5	4	0.9632376988606999
J161	15	6	65	30	0.8707980256223956
J162	15	7	43	73	0.45925812659823295
J163	15	1	106	32	2.0209397071880586
J164	16	11	102	41	0.1
J165	15	14	95	30	0.8529368639938251
J166	14	2	39	38	1.720093217740747
J167	14	3	47	18	1.7757727543541548
\\ Jobs in machine 16
12
J168	15	2	71	65	1.631207010701903
J169	15	14	14	87	0.7899569867182068
J170	15	2	94	53	1.0549598300617715
J171	13	6	66	68	1.2640763816171399
J172	15	10	35	81	1.468255928682044
J173	14	12	33	101	0.3121239959117049
J174	15	5	12	45	1.1522308497036022
J175	13	2	84	72	1.4439462378888734
J176	14	4	70	124	1.4966875355114024
J177	14	6	16	4	1.0611531660417755
J178	14	1	52	79	1.0970795292528144
J179	13	6	38	52	1.9582184718932292
\\ Jobs in machine 17
11
J180	16	3	23	91	1.035736258239747
J181	14	8	50	24	1.3894699796751853
J182	16	13	62	101	1.1619218206271154
J183	13	10	83	39	1.144991132366276
J184	15	11	66	33	1.6574331626696572
J185	14	13	42	53	1.9324477601052998
J186	14	11	94	38	0.19127573161453704
J187	14	1	78	67	1.4541380933044405
J188	15	8	86	70	0.8308000223869265
J189	15	14	10	131	1.1718027382892926
J190	17	5	25	32	2.255585035250448
\\ Jobs in machine 18
11
J191	15	13	35	68	1.0455747193643568
J192	14	6	81	30	0.6207311166161502
J193	16	6	87	94	0.1
J194	17	4	28	59	1.7925468280736365
J195	14	5	2	61	0.7435806318674918
J196	16	12	76	46	0.8190599067209895
J197	15	7	87	10	0.7642912070551089
J198	13	6	65	68	0.7651547968096319
J199	14	10	91	36	1.9260192229001305
J200	15	11	49	104	1.0105942262079817
J201	13	10	85	70	1.0303665894189131
\\ Dependencies 
718
1	2
1	3
1	5
1	7
1	8
1	9
1	10
1	12
2	4
2	6
2	8
2	9
2	10
2	12
3	7
3	8
3	11
4	5
4	6
4	7
4	8
4	10
4	12
5	7
5	8
5	12
6	7
6	8
6	11
7	8
7	9
7	11
7	12
8	10
8	11
9	10
9	12
10	11
11	12
13	14
13	15
13	16
13	18
13	20
13	21
13	22
14	15
14	18
14	19
14	20
14	23
15	16
15	18
15	19
15	20
16	17
16	18
16	19
16	20
16	21
16	23
17	18
17	19
17	22
18	19
18	20
18	22
18	23
19	20
19	21
19	23
20	22
20	23
21	22
21	23
24	25
24	27
24	28
24	29
24	30
24	31
24	32
24	34
25	26
25	27
25	28
25	29
25	30
25	32
25	33
25	34
26	27
26	28
26	30
26	31
26	32
26	34
27	28
27	29
27	30
27	31
27	34
28	29
28	34
29	30
29	31
29	32
29	34
30	31
30	32
30	33
30	34
31	32
31	33
31	34
32	33
35	36
35	37
35	38
35	39
35	40
35	41
35	42
35	43
35	45
36	38
36	39
36	40
36	42
36	43
36	44
36	45
37	39
37	42
37	43
37	44
37	45
38	39
38	40
38	42
38	43
38	44
39	40
39	42
39	44
39	45
40	43
40	44
40	45
41	42
41	45
42	45
43	44
43	45
44	45
46	47
46	48
46	49
46	50
46	51
46	52
46	54
46	55
47	49
47	51
47	52
47	53
47	55
47	56
48	50
48	52
48	53
48	55
48	56
49	51
49	52
49	53
49	54
49	55
50	52
50	53
50	54
50	55
50	56
51	52
51	53
51	54
51	56
52	55
52	56
53	55
53	56
54	55
54	56
55	56
57	58
57	59
57	60
57	61
57	62
57	63
57	64
57	65
57	67
58	59
58	61
58	64
58	65
58	66
59	60
59	62
59	64
59	65
59	66
59	67
60	61
60	62
60	64
60	66
60	67
61	64
61	65
61	66
61	67
62	63
62	64
62	65
62	66
63	65
64	65
64	66
64	67
65	67
66	67
68	70
68	71
68	72
68	73
68	74
68	75
68	76
68	77
68	79
69	73
69	74
69	76
69	79
70	71
70	72
70	73
70	74
70	75
70	80
71	72
71	73
71	74
71	75
71	76
71	78
71	79
71	80
72	73
72	74
72	75
72	76
72	78
72	80
73	74
73	77
73	78
73	79
74	75
74	76
74	78
75	76
75	78
75	79
76	78
76	80
77	78
77	79
77	80
78	79
78	80
79	80
81	82
81	84
81	86
81	87
81	88
81	89
81	90
81	91
82	83
82	84
82	86
82	87
82	88
82	89
82	90
82	91
83	84
83	85
83	86
83	87
83	88
83	90
83	91
84	87
84	88
84	89
84	90
84	91
85	86
85	87
85	88
85	90
85	91
86	87
86	88
86	89
86	90
87	89
87	90
88	89
89	90
89	91
90	91
92	94
92	95
92	97
92	98
92	101
92	102
92	103
93	94
93	97
93	98
93	99
93	100
93	101
93	103
94	96
94	98
94	99
94	100
94	101
94	102
94	103
95	96
95	98
95	99
95	100
95	102
95	103
96	97
96	98
96	99
96	100
96	102
96	103
97	100
97	101
97	102
97	103
98	99
98	101
98	103
99	102
99	103
100	103
101	103
102	103
104	105
104	106
104	107
104	108
104	109
104	110
104	112
104	113
104	115
104	116
105	106
105	107
105	110
105	111
105	112
105	113
105	115
106	108
106	110
106	111
106	113
106	114
106	116
107	109
107	110
107	111
107	112
107	113
107	114
107	115
107	116
108	110
108	112
108	113
108	114
108	115
108	116
109	110
109	111
109	113
109	114
109	115
109	116
110	112
110	113
110	114
111	112
111	113
111	114
111	115
111	116
112	113
112	114
112	116
113	114
113	115
113	116
114	115
115	116
117	119
117	123
117	124
117	126
117	127
117	128
118	119
118	120
118	122
118	123
118	124
118	125
118	126
118	127
118	128
119	120
119	121
119	124
119	125
119	126
119	127
119	128
120	121
120	122
120	123
120	125
120	126
120	127
120	128
121	122
121	123
121	124
121	128
122	124
122	125
122	126
122	128
123	124
123	125
123	126
123	127
123	128
124	125
124	126
124	127
124	128
125	126
125	127
126	128
127	128
129	131
129	132
129	134
129	135
129	136
129	137
129	139
130	131
130	133
130	135
131	133
131	134
131	135
131	136
131	137
131	138
131	139
132	133
132	134
132	135
132	136
132	137
132	139
133	135
133	136
133	138
133	139
134	135
134	136
134	138
134	139
135	136
135	138
136	138
136	139
137	138
137	139
138	139
140	141
140	142
140	145
140	146
140	148
141	143
141	144
141	148
142	143
142	144
142	145
142	147
142	148
143	144
143	145
143	146
143	147
143	148
144	145
144	146
144	147
145	146
145	147
145	148
146	147
146	148
147	148
149	150
149	152
149	153
149	154
149	155
150	153
150	155
150	156
151	152
151	153
151	154
151	155
151	156
152	154
152	155
152	156
153	155
153	156
154	155
155	156
157	158
157	159
157	164
157	165
157	167
158	159
158	160
158	164
158	165
158	166
158	167
159	160
159	161
159	163
159	164
159	165
160	162
160	163
160	164
160	165
160	166
161	162
161	165
161	166
162	163
162	166
162	167
163	165
163	166
164	166
164	167
165	166
165	167
166	167
168	169
168	171
168	172
168	174
168	175
168	176
169	170
169	171
169	172
169	173
169	174
169	176
169	179
170	171
170	172
170	173
170	175
170	176
170	177
170	178
170	179
171	172
171	174
171	177
171	178
171	179
172	173
172	174
172	175
172	177
172	178
172	179
173	174
173	175
173	177
173	178
174	175
174	176
174	178
174	179
175	176
175	177
175	179
176	177
176	178
177	178
178	179
180	181
180	182
180	183
180	185
180	186
180	187
180	188
180	190
181	182
181	183
181	187
181	188
182	184
182	185
182	186
182	189
182	190
183	187
183	188
183	189
183	190
184	185
184	186
184	187
184	188
185	186
185	187
185	188
185	190
186	187
186	188
186	189
186	190
187	190
188	189
191	192
191	193
191	195
191	196
191	198
191	199
191	201
192	197
192	198
192	201
193	194
193	195
193	196
193	198
193	199
193	200
194	196
194	197
194	198
194	199
194	200
195	198
195	199
195	200
195	201
196	197
196	198
196	199
196	200
196	201
197	198
197	199
197	201
198	200
199	201
