\\ machines
10
\\ max power
100
\\ Jobs in machine 1
11
J1	13	5	75	12	0.5142556567777796
J2	15	2	56	25	1.0821571415383844
J3	14	6	82	24	1.2381027701554084
J4	15	12	56	16	1.4027644716860443
J5	15	9	54	1	0.6771455266364698
J6	14	5	91	23	1.302313003957883
J7	15	1	40	2	1.171556017410437
J8	15	8	13	23	0.8434463703677861
J9	15	5	40	6	0.8773278137869428
J10	15	4	14	21	0.871984100740162
J11	14	4	61	11	0.798808804414628
\\ Jobs in machine 2
11
J12	15	12	21	4	1.3193880043957427
J13	15	1	84	5	1.1623027198048241
J14	14	10	61	4	1.1926935899959619
J15	16	6	51	4	1.547484171900015
J16	17	8	58	14	0.2899367443022912
J17	15	9	68	14	1.1046695812625733
J18	13	2	18	4	1.5136092912042303
J19	15	11	77	1	1.9716766419830836
J20	15	7	62	7	1.487955252259394
J21	15	2	45	25	1.5824366791029854
J22	15	4	72	25	1.3777438969936748
\\ Jobs in machine 3
11
J23	14	1	25	1	0.8815787431931266
J24	15	14	64	21	0.8238137955234212
J25	14	7	73	24	1.0492772679544617
J26	15	11	2	9	1.3372825360522531
J27	14	9	50	13	0.1
J28	15	5	3	13	1.5453005763413485
J29	16	8	11	24	1.8710668159494972
J30	14	9	101	7	1.3250949418981897
J31	16	10	65	5	1.5456369375995356
J32	13	14	67	14	0.2779965374923604
J33	14	12	85	9	2.1738027705771907
\\ Jobs in machine 4
11
J34	14	7	17	5	1.5694635559108436
J35	15	3	62	14	1.0007323771679848
J36	14	12	60	6	1.1871582078446448
J37	14	2	87	24	1.1085928234390063
J38	15	10	66	11	1.4421870255132374
J39	13	8	110	2	0.5253529396980422
J40	12	14	85	10	0.613096194382232
J41	14	13	83	11	0.7315060705050032
J42	15	11	25	12	1.8222662667827771
J43	14	8	19	6	0.8102416830263215
J44	16	5	79	5	1.7016087565166857
\\ Jobs in machine 5
12
J45	15	8	106	11	0.9505342335012695
J46	15	8	76	7	1.3450206958849975
J47	15	4	53	18	0.3141868333185772
J48	15	10	12	15	1.2408587122048844
J49	16	9	71	23	1.3507777239589283
J50	15	9	80	1	1.5252957242625498
J51	15	8	23	10	1.177708655559321
J52	15	7	85	16	1.30566970303064
J53	14	14	45	2	0.7606143589562531
J54	15	9	94	23	0.6784967064905374
J55	15	5	73	16	0.5001680087846968
J56	16	11	103	25	1.2497695677503
\\ Jobs in machine 6
12
J57	16	1	76	22	1.1971432366885235
J58	15	10	16	17	1.1785156172217677
J59	13	7	60	8	1.5008419577642917
J60	15	12	26	9	1.105922184952291
J61	15	9	59	22	1.5019115314819307
J62	12	13	102	16	1.5408339951262366
J63	13	11	106	8	1.1707247130541716
J64	13	9	20	5	1.0913274620114635
J65	13	13	85	4	1.8107412236619649
J66	14	5	75	22	1.5279965597861132
J67	15	7	90	13	1.599422091238347
J68	17	2	77	13	1.0650982955264023
\\ Jobs in machine 7
9
J69	14	5	75	21	0.7853303000269624
J70	12	4	42	6	1.1843361443424392
J71	13	10	14	21	1.5927810142204863
J72	14	7	25	1	0.8868654805682821
J73	13	11	31	14	0.5914326619139149
J74	15	13	38	12	0.40632224976320375
J75	14	2	71	17	2.309143239882195
J76	14	10	57	16	1.0133019396919516
J77	17	10	77	4	1.1892641831020034
\\ Jobs in machine 8
11
J78	14	7	100	5	1.6941490455366808
J79	15	1	26	3	0.5070029278801504
J80	13	1	44	8	0.27185638956325586
J81	14	7	71	23	0.8804166098749098
J82	14	4	31	9	0.8742773123786285
J83	14	12	22	13	1.795100039077109
J84	15	6	73	21	1.60992773736158
J85	14	11	62	19	0.264792671560656
J86	15	11	34	17	1.3482544097730962
J87	16	12	104	20	1.047783782627984
J88	14	7	65	3	1.1812627057259435
\\ Jobs in machine 9
11
J89	14	5	84	17	1.3163961868495428
J90	16	7	80	11	1.7650793507081
J91	14	6	47	23	1.1321940146507472
J92	14	10	47	10	1.1612031568524297
J93	13	7	49	17	1.0676408187140576
J94	14	14	79	23	1.6717651685128243
J95	16	6	81	18	1.1219865407492984
J96	14	2	56	23	1.6686653795090636
J97	14	5	58	3	0.8386276114307855
J98	14	4	25	20	0.8997152853806544
J99	13	10	36	3	1.580949042257951
\\ Jobs in machine 10
11
J100	15	12	24	15	1.9808467363161397
J101	13	1	67	12	1.3532415326775804
J102	16	13	6	16	1.1921073905018669
J103	15	2	50	4	1.7645760400418509
J104	12	11	10	11	1.2395322705061849
J105	16	4	6	17	1.1776488884728509
J106	14	12	49	22	1.1793042532177322
J107	14	14	47	13	1.6054803928467094
J108	15	12	51	14	1.7496480018032354
J109	14	14	30	21	0.3974874759582294
J110	14	8	37	15	1.409972963752489
\\ Dependencies 
448
1	3
1	5
1	6
1	7
1	8
1	9
1	10
1	11
2	3
2	4
2	6
2	7
2	8
2	9
2	10
2	11
3	4
3	5
3	6
3	7
3	8
3	9
3	10
3	11
4	6
4	8
4	9
4	10
4	11
5	6
5	7
5	9
5	10
5	11
6	7
6	8
6	9
6	10
6	11
7	9
7	10
7	11
8	9
8	10
8	11
9	10
9	11
10	11
12	13
12	14
12	15
12	16
12	17
12	18
12	20
12	21
13	15
13	16
13	17
13	18
13	19
13	20
13	21
13	22
14	15
14	17
14	18
14	20
14	21
14	22
15	16
15	17
15	20
15	21
15	22
16	17
16	18
16	19
16	20
16	21
16	22
17	18
17	19
17	20
17	21
17	22
18	19
18	21
18	22
19	21
19	22
20	21
20	22
21	22
23	25
23	26
23	27
23	28
23	29
23	30
23	33
24	25
24	26
24	27
24	28
24	30
24	31
24	32
24	33
25	28
25	29
25	30
25	31
25	32
26	27
26	28
26	29
26	30
26	31
26	32
26	33
27	28
27	29
27	32
28	29
28	30
28	31
28	32
28	33
29	30
29	31
29	33
30	31
30	32
30	33
31	33
32	33
34	35
34	37
34	38
34	39
34	40
34	41
34	42
34	43
34	44
35	36
35	39
35	40
35	41
35	42
35	43
35	44
36	37
36	38
36	39
36	41
36	42
36	44
37	38
37	39
37	40
37	41
37	42
37	43
37	44
38	39
38	40
38	42
38	43
38	44
39	40
39	41
39	42
39	43
39	44
40	41
40	42
40	43
40	44
41	42
41	44
42	43
42	44
43	44
45	46
45	47
45	48
45	49
45	50
45	51
45	52
45	53
45	54
45	56
46	47
46	49
46	50
46	51
46	52
46	53
46	54
46	55
46	56
47	48
47	49
47	50
47	51
47	52
47	53
47	55
47	56
48	50
48	52
48	53
48	54
48	56
49	50
49	51
49	53
49	54
49	55
49	56
50	51
50	52
50	53
50	54
50	55
50	56
51	53
51	54
51	55
52	53
52	54
52	55
53	54
53	55
53	56
54	55
54	56
55	56
57	58
57	59
57	60
57	64
57	67
57	68
58	59
58	61
58	62
58	63
58	64
58	66
58	67
58	68
59	60
59	62
59	63
59	64
59	65
59	66
59	68
60	61
60	62
60	63
60	64
60	65
60	66
60	67
60	68
61	63
61	64
61	66
61	67
61	68
62	63
62	64
62	65
62	66
62	68
63	64
63	65
63	66
63	67
63	68
64	66
64	67
64	68
65	66
65	68
66	67
67	68
69	70
69	71
69	73
69	74
69	75
69	77
70	72
70	73
70	74
70	75
70	76
70	77
71	72
71	74
71	75
71	76
71	77
72	73
72	74
72	75
72	76
72	77
73	74
73	75
73	76
73	77
74	76
74	77
75	76
78	80
78	82
78	83
78	84
78	85
78	88
79	82
79	84
79	85
79	86
79	87
79	88
80	81
80	82
80	83
80	84
80	85
80	86
80	87
80	88
81	82
81	83
81	84
81	86
81	88
82	83
82	84
82	85
82	86
82	87
82	88
83	84
83	85
83	86
83	87
83	88
84	85
84	86
84	87
84	88
85	86
85	88
86	87
86	88
87	88
89	90
89	91
89	92
89	95
89	97
89	99
90	91
90	92
90	93
90	95
90	96
90	97
90	98
91	94
91	95
91	96
91	97
91	98
92	94
92	95
92	96
92	98
92	99
93	94
93	95
93	96
93	97
93	98
93	99
94	95
94	96
94	97
94	98
94	99
95	96
95	97
95	98
95	99
96	97
97	98
97	99
98	99
100	102
100	105
100	106
100	107
100	108
100	109
100	110
101	104
101	105
101	106
101	107
101	108
101	110
102	103
102	104
102	105
102	107
102	108
102	109
103	104
103	106
103	107
103	108
103	110
104	105
104	107
104	108
104	109
104	110
105	106
105	107
105	108
105	109
106	107
106	108
106	110
107	108
107	109
107	110
109	110
