\\ machines
9
\\ max power
90
\\ Jobs in machine 1
11
J1	14	13	21	17	0.4732496847098615
J2	14	2	95	14	0.8080127418288056
J3	14	6	77	19	0.6848559331916293
J4	15	5	6	9	0.666624136027198
J5	14	7	51	7	1.7780475429244578
J6	16	10	63	14	1.0198784581384877
J7	15	12	77	2	0.7042032252493466
J8	14	12	65	7	1.4748022345706846
J9	13	4	21	10	0.7722241130509151
J10	15	13	71	19	1.7631892146096981
J11	15	14	52	5	1.8000307000284739
\\ Jobs in machine 2
10
J12	16	1	106	10	1.6560670085301883
J13	16	7	69	5	1.4006392491970026
J14	14	4	38	15	1.2645481546813266
J15	15	2	23	22	1.7299265164858242
J16	15	14	35	17	0.8158606487376721
J17	16	1	41	18	1.539437729077524
J18	14	4	34	5	1.5667942231451668
J19	14	1	5	6	0.3769209932589218
J20	15	3	96	15	1.612131195551139
J21	15	14	51	13	0.6263334160218189
\\ Jobs in machine 3
12
J22	16	11	66	20	0.8236918833792747
J23	15	4	79	11	1.2131516565992406
J24	15	11	45	17	1.7118003653889398
J25	14	3	104	1	1.0862008579909466
J26	14	4	101	3	1.7606239709195042
J27	13	8	14	12	1.7333538785262361
J28	15	3	16	2	2.335452757596008
J29	14	1	30	10	0.6234687983403391
J30	15	10	63	19	1.0002830462534897
J31	14	12	100	20	0.5563712571196718
J32	14	6	78	15	1.5632532991428647
J33	15	3	108	18	1.2840639752286667
\\ Jobs in machine 4
12
J34	15	9	58	13	0.6149886757799858
J35	15	9	73	17	0.9125537869608682
J36	13	1	3	10	1.1747412096948917
J37	15	4	30	5	1.3615446617713798
J38	15	5	41	12	1.0812546247168866
J39	12	11	87	23	1.4581461967314608
J40	14	13	5	21	1.9687108827533266
J41	14	10	88	20	0.9001031265739492
J42	13	12	90	21	1.2665365449105
J43	14	7	97	20	1.7295151478146944
J44	13	10	4	2	1.6107269938935276
J45	13	3	48	12	0.9571526453527641
\\ Jobs in machine 5
11
J46	15	11	67	20	1.3308766543084007
J47	13	13	82	8	1.9174137378585816
J48	13	10	81	18	1.8873543799068286
J49	15	10	84	12	0.6065322775205034
J50	14	11	103	3	1.4267078271842784
J51	16	3	105	12	0.3513449608858482
J52	15	4	87	22	1.279153541586218
J53	15	4	15	18	0.7561528619176554
J54	14	4	102	5	1.7618351909956174
J55	15	4	61	9	0.8998236731813829
J56	14	5	80	20	0.9966411690331523
\\ Jobs in machine 6
11
J57	14	3	15	19	1.454174397481644
J58	16	1	27	2	1.4836733099328299
J59	14	14	43	5	0.8151956996961096
J60	15	1	27	2	0.9683078969419714
J61	14	10	24	20	1.4570951954517377
J62	15	6	2	15	1.2496893070427724
J63	13	5	73	18	0.8864473687633467
J64	15	12	107	3	1.7153961746224655
J65	14	7	48	18	1.6012619463087838
J66	13	5	96	4	2.008922730515539
J67	15	8	86	20	1.0416861778818536
\\ Jobs in machine 7
9
J68	15	8	3	9	0.9341105299816457
J69	14	9	44	10	0.7178050334391011
J70	14	10	110	10	1.832028154862679
J71	17	4	19	2	0.1
J72	14	12	65	3	0.4180117336390272
J73	14	9	34	17	1.2699939214000595
J74	14	3	75	6	1.3058576286281482
J75	14	13	52	4	1.3990679802564385
J76	13	13	48	3	0.9882538370922112
\\ Jobs in machine 8
11
J77	14	14	9	19	1.5341779890588496
J78	14	2	51	16	2.2146873758282117
J79	16	2	88	5	1.9867196199951769
J80	14	6	84	3	1.3091157203641406
J81	14	11	35	14	0.25426229923813026
J82	14	2	36	5	0.2972921001235197
J83	13	10	90	7	1.7572383367524422
J84	14	13	90	3	2.066091838703939
J85	16	7	89	6	1.2562635814076806
J86	16	13	25	20	1.6729460348685354
J87	14	11	21	7	1.3663467242593592
\\ Jobs in machine 9
11
J88	15	14	58	22	2.045712073643007
J89	12	1	81	16	1.7742293602801804
J90	16	3	11	19	0.613443019130122
J91	15	5	41	7	0.7854627281660771
J92	15	6	110	3	1.047133459482624
J93	15	13	33	10	0.11187713196454707
J94	14	5	15	22	1.5989884651705433
J95	14	2	98	8	1.406129904703867
J96	16	3	28	19	1.0907109372957828
J97	14	9	109	17	0.92547295060608
J98	17	4	9	14	1.5086592989584364
\\ Dependencies 
144
1	3
1	9
2	7
2	8
2	9
3	4
3	5
3	6
3	7
3	10
4	7
5	8
5	9
6	10
7	10
8	10
8	11
9	10
9	11
12	13
12	15
12	20
13	18
13	19
13	20
14	15
14	18
14	19
14	20
15	21
16	21
17	18
17	19
17	20
18	21
19	21
22	24
22	30
22	33
24	25
24	26
24	27
24	28
24	29
24	31
24	33
25	28
25	31
26	28
26	30
26	32
27	28
27	30
27	31
27	32
28	31
28	33
29	32
31	32
32	33
34	35
34	40
34	42
34	43
35	37
35	38
35	44
36	38
36	39
36	40
36	41
36	43
36	44
36	45
37	38
37	39
37	45
38	45
39	44
40	44
41	43
41	44
42	45
43	44
43	45
44	45
46	47
47	56
49	51
50	52
50	53
50	55
51	54
52	54
54	55
54	56
57	66
58	62
58	64
59	60
59	61
59	62
59	63
60	61
61	62
62	64
63	67
64	65
68	72
68	73
68	76
69	73
71	73
77	78
77	83
78	80
79	80
79	84
80	83
80	84
81	82
81	85
81	86
82	83
82	85
83	85
85	86
88	90
88	95
89	92
89	97
89	98
90	94
90	97
91	92
91	93
91	95
91	96
91	98
92	97
93	98
94	95
96	97
97	98
