\\ machines
18
\\ max power
180
\\ Jobs in machine 1
12
J1	15	10	9	125	0.6926636123237759
J2	14	7	38	29	2.1087603673227635
J3	14	4	109	9	1.1194110684020526
J4	15	6	31	35	1.7048116475001398
J5	13	2	24	53	0.1
J6	15	7	21	36	0.8818160485995421
J7	15	5	76	66	1.5481240381283543
J8	15	4	25	96	0.2282007132397985
J9	15	5	80	74	0.2650595372586051
J10	12	1	78	78	1.8041877946777944
J11	15	3	82	19	1.614172747947595
J12	13	9	85	69	0.6252584980660066
\\ Jobs in machine 2
12
J13	16	6	57	19	1.227566119146694
J14	14	11	14	59	0.6646808000881576
J15	15	3	42	48	0.8118051852517871
J16	15	10	80	85	1.4397612947960985
J17	16	3	102	67	1.3779915266108866
J18	14	1	84	17	1.7295025180796508
J19	15	1	55	83	1.3125624486534817
J20	15	8	24	77	1.2922876661989298
J21	15	9	92	63	1.7678111411751791
J22	15	14	39	114	1.237600372599837
J23	14	1	43	55	1.5952019101360395
J24	16	6	23	49	0.6410047235853601
\\ Jobs in machine 3
11
J25	15	6	66	47	1.5079455558826491
J26	15	7	62	34	1.2491265024342508
J27	15	12	19	43	2.2093454855070664
J28	17	9	39	71	1.4977219863692237
J29	14	13	98	124	0.6427237713157932
J30	15	10	69	46	1.8518324461622293
J31	16	4	60	117	0.5288150635685812
J32	13	10	7	114	1.2560201833326972
J33	15	6	34	11	1.3126811265092055
J34	15	7	95	1	1.2883951258905741
J35	15	13	41	100	1.6219823740943657
\\ Jobs in machine 4
11
J36	13	6	48	18	0.8749398656735785
J37	14	6	79	117	1.4801807874617228
J38	14	11	8	93	1.467260262139271
J39	15	7	36	64	0.9224076572602431
J40	13	2	92	54	0.9560885899124327
J41	15	13	83	71	1.145514783185449
J42	15	12	21	59	1.5297442773472985
J43	16	3	65	37	1.1382720515248381
J44	17	6	102	43	2.1799826860867686
J45	16	7	37	102	1.3407565203330725
J46	15	1	22	21	1.496047833267654
\\ Jobs in machine 5
9
J47	14	8	29	50	0.9571794742818548
J48	15	4	68	109	2.1858538474961273
J49	15	4	45	58	2.529748090249779
J50	16	2	30	108	1.2213626474312065
J51	14	2	42	64	1.528084321803953
J52	14	3	89	107	2.2708743860514216
J53	14	2	57	1	1.284618951895498
J54	16	9	31	100	1.149983467261665
J55	13	11	73	118	2.205566614789908
\\ Jobs in machine 6
11
J56	14	13	48	74	1.3993273338383396
J57	13	5	31	61	1.3801020287902448
J58	15	11	43	116	1.3644569230006434
J59	15	3	25	119	0.8287174913943597
J60	14	3	21	91	1.3220798983701807
J61	14	8	74	82	1.3988255161778802
J62	15	4	14	15	1.8207883937265013
J63	15	4	13	29	1.5282438145102106
J64	16	7	73	99	1.5625744765369518
J65	13	4	32	50	1.2028284288370472
J66	16	10	67	133	2.1897402654817624
\\ Jobs in machine 7
12
J67	16	4	56	107	1.1834681973820935
J68	13	14	100	24	1.4769458679711496
J69	15	1	32	48	0.9918656291563805
J70	15	14	65	42	2.0580959173396467
J71	13	5	56	1	1.2187451601352988
J72	16	7	55	105	1.5651353300468496
J73	15	3	16	80	1.2786261571935584
J74	14	12	99	65	1.597448875764896
J75	14	6	50	52	0.1
J76	12	2	6	17	1.809955318525081
J77	13	11	85	107	0.9342150768400374
J78	14	4	100	82	0.16261917197568754
\\ Jobs in machine 8
11
J79	13	2	16	108	1.314845024087876
J80	16	10	69	104	0.283807744164538
J81	14	7	57	24	1.001110256993498
J82	14	11	12	111	1.4994330975642225
J83	15	5	102	22	1.0985089293633297
J84	12	9	60	1	1.7511240731264763
J85	16	10	47	91	1.1953438426916971
J86	15	9	6	90	1.2004399566488733
J87	15	6	75	118	2.6130593399220374
J88	14	3	22	18	1.4543601506928265
J89	14	6	97	8	0.9283046512698723
\\ Jobs in machine 9
11
J90	15	1	110	49	0.966741490841585
J91	14	8	19	95	1.5320194225963553
J92	14	8	27	100	1.1261717241841462
J93	15	6	56	100	0.6712063516078821
J94	15	7	26	70	1.3555405845835071
J95	13	2	82	20	2.0873257870915545
J96	17	8	62	48	1.5835634849339946
J97	14	4	44	103	1.1479128708635908
J98	14	9	27	55	1.3267098612759873
J99	14	4	19	11	1.6577719886842763
J100	14	5	98	129	0.8641808674857708
\\ Jobs in machine 10
12
J101	14	14	104	46	1.587329561990917
J102	14	12	85	94	1.5411331992272417
J103	16	4	14	98	1.316482790438962
J104	14	14	16	134	0.1
J105	15	5	51	89	0.1
J106	14	1	22	31	1.7008751254454846
J107	14	4	86	29	1.991619858602986
J108	14	2	47	20	1.5580051311618273
J109	15	1	89	61	0.2830511428346275
J110	13	13	96	133	0.919407942597295
J111	15	1	64	48	1.6680171780487036
J112	15	14	10	15	1.831032755824011
\\ Jobs in machine 11
10
J113	14	6	74	91	1.8786420900948873
J114	12	7	87	102	1.4519632016522022
J115	14	6	85	88	0.5617114876225616
J116	14	7	82	21	1.095404005811908
J117	13	4	55	38	1.1337641521939756
J118	13	7	65	12	1.287215990224083
J119	15	13	35	94	0.5118915761204362
J120	13	1	98	31	1.253850621679342
J121	14	10	13	99	0.44745677327775357
J122	14	7	66	117	1.0113892992208935
\\ Jobs in machine 12
12
J123	13	2	21	23	1.295206946669557
J124	15	8	86	91	1.969978099798813
J125	14	8	13	131	1.452688056515901
J126	16	14	79	125	1.2812450621749236
J127	15	2	42	64	1.0083872323202672
J128	13	7	25	67	1.7878026854663254
J129	14	1	95	50	0.9479434726721043
J130	15	10	100	93	1.9726056306545976
J131	14	13	43	37	1.2778699777144018
J132	13	13	66	31	1.5050981344015169
J133	16	7	65	118	1.7728694412699404
J134	15	8	66	63	1.5132060514957808
\\ Jobs in machine 13
11
J135	16	8	70	80	1.6226240900893378
J136	16	7	69	79	1.555837796523168
J137	12	2	67	108	1.3646154879514847
J138	14	8	105	134	1.3726178864247285
J139	16	12	41	15	1.030233761248588
J140	15	14	17	121	1.1779971786527286
J141	15	13	59	54	0.8893167553790997
J142	14	14	22	99	1.1130440049587396
J143	15	8	93	53	1.0144063600988664
J144	15	8	72	45	0.7603335365043292
J145	14	5	55	123	1.8047892549186941
\\ Jobs in machine 14
11
J146	16	13	32	5	1.092606683785694
J147	14	10	55	28	0.8656703989003012
J148	15	6	53	54	1.3043016532135974
J149	15	11	12	112	1.0541040492447757
J150	13	12	5	26	0.9643918704806936
J151	16	10	3	125	0.8986963247680121
J152	14	4	18	93	0.5640053894952257
J153	16	8	25	26	0.8814187450751474
J154	15	5	89	57	1.2155121187128883
J155	15	11	9	72	1.73513683927813
J156	13	4	9	44	1.5112849895426428
\\ Jobs in machine 15
12
J157	15	9	67	71	0.9784235513390642
J158	14	4	66	91	1.1158194984482033
J159	13	10	78	97	1.3740671802868687
J160	14	5	4	29	0.3302515090119037
J161	12	11	18	98	1.2472025392241854
J162	14	8	72	34	0.4026851231334143
J163	15	7	29	109	1.885801140995587
J164	13	7	37	24	1.3618401667817503
J165	13	5	31	44	0.882133313120502
J166	14	11	17	112	1.1979945573606006
J167	13	7	80	116	0.9284748312678679
J168	15	12	60	89	1.5588323815606695
\\ Jobs in machine 16
11
J169	15	6	9	5	1.2638796108631114
J170	14	10	23	23	1.5350482760397675
J171	15	5	30	59	1.5361700130972853
J172	15	6	52	105	0.4570026593080344
J173	14	8	44	117	0.8501859611399462
J174	16	10	101	37	1.2595621344196297
J175	13	13	29	29	1.4006436527542392
J176	12	1	92	62	0.9095703716417012
J177	14	13	101	37	1.8905941287281967
J178	13	3	42	39	0.9162971798594468
J179	14	13	74	10	0.8828161542336159
\\ Jobs in machine 17
12
J180	14	12	55	58	0.5941281320206361
J181	15	2	57	75	1.2002402201984252
J182	15	13	45	58	0.6442141315730587
J183	14	13	94	32	0.9388885735941784
J184	14	4	55	25	1.5095420577137113
J185	14	13	11	133	1.0688234844861348
J186	15	7	74	72	0.9816269751980201
J187	13	8	32	41	0.6040662633896341
J188	14	14	73	85	1.8994490858184687
J189	14	14	98	91	1.9812662290680059
J190	15	9	67	20	1.2766859727339703
J191	14	1	29	118	0.6786335762458336
\\ Jobs in machine 18
11
J192	15	3	8	65	0.4096951109172483
J193	15	10	49	62	1.3125666932204976
J194	14	4	54	65	0.6383158126434394
J195	15	14	47	21	1.1274281531370822
J196	15	1	84	63	1.2757549493922566
J197	14	4	36	116	1.0020974145366361
J198	15	8	20	2	1.0660949046411432
J199	14	9	86	1	1.5841776727672572
J200	15	9	86	19	0.9965053969591192
J201	14	3	10	102	1.24514969012589
J202	15	3	74	91	1.5371607094744828
\\ Dependencies 
931
1	2
1	3
1	4
1	6
1	7
1	8
1	9
1	10
1	12
2	3
2	4
2	5
2	7
2	8
2	9
2	10
2	11
2	12
3	4
3	5
3	6
3	7
3	8
3	9
3	10
3	11
3	12
4	5
4	6
4	7
4	8
4	10
4	11
4	12
5	6
5	8
5	9
5	10
5	11
5	12
6	7
6	8
6	9
6	11
6	12
7	9
7	10
7	11
7	12
8	10
8	11
8	12
9	11
9	12
10	11
10	12
11	12
13	14
13	15
13	16
13	17
13	18
13	19
13	20
13	21
13	22
13	23
13	24
14	15
14	16
14	17
14	18
14	19
14	20
14	21
14	22
14	23
15	17
15	18
15	19
15	22
15	23
15	24
16	17
16	18
16	19
16	20
16	21
16	22
16	24
17	18
17	19
17	20
17	21
17	24
18	19
18	20
18	21
18	22
18	23
18	24
19	20
19	21
19	22
19	23
19	24
20	21
20	23
20	24
21	22
21	23
21	24
22	23
22	24
23	24
25	26
25	27
25	28
25	29
25	30
25	31
25	32
25	33
25	34
25	35
26	27
26	28
26	29
26	30
26	31
26	32
26	33
26	34
26	35
27	28
27	29
27	30
27	31
27	33
27	34
27	35
28	29
28	30
28	31
28	32
28	33
28	35
29	30
29	31
29	33
29	34
29	35
30	31
30	32
30	33
30	34
30	35
31	32
31	33
31	34
31	35
32	33
32	34
32	35
33	34
33	35
34	35
36	37
36	38
36	41
36	42
36	43
36	44
36	45
36	46
37	38
37	39
37	40
37	41
37	42
37	44
37	45
37	46
38	40
38	41
38	42
38	44
38	46
39	40
39	41
39	42
39	43
39	44
39	45
39	46
40	42
40	43
40	44
40	45
41	42
41	43
41	44
41	45
41	46
42	45
42	46
43	44
43	45
43	46
44	45
45	46
47	48
47	49
47	50
47	51
47	52
47	53
47	54
47	55
48	49
48	50
48	52
48	53
48	55
49	50
49	51
49	52
49	53
49	54
49	55
50	51
50	52
50	53
50	54
50	55
51	52
51	53
51	54
51	55
52	54
52	55
53	54
53	55
54	55
56	57
56	58
56	59
56	60
56	61
56	62
56	63
56	64
56	66
57	58
57	59
57	60
57	61
57	62
57	64
57	65
57	66
58	59
58	60
58	61
58	62
58	63
58	64
58	65
58	66
59	60
59	61
59	63
59	64
59	65
59	66
60	61
60	62
60	63
60	64
60	65
60	66
61	62
61	63
61	64
61	65
61	66
62	63
62	64
62	65
62	66
63	64
63	65
63	66
64	65
65	66
67	69
67	70
67	71
67	72
67	73
67	74
67	75
67	76
67	77
67	78
68	69
68	70
68	71
68	72
68	73
68	74
68	75
68	77
68	78
69	70
69	71
69	72
69	73
69	74
69	75
69	76
69	77
69	78
70	71
70	72
70	73
70	74
70	75
70	76
70	77
70	78
71	72
71	73
71	74
71	75
71	76
71	77
71	78
72	73
72	74
72	75
72	76
72	77
72	78
73	75
73	76
73	77
73	78
74	75
74	76
74	77
74	78
75	77
75	78
76	77
76	78
79	80
79	81
79	82
79	83
79	84
79	85
79	86
79	87
79	89
80	81
80	82
80	83
80	84
80	85
80	86
80	87
80	88
80	89
81	82
81	83
81	84
81	85
81	86
81	88
81	89
82	83
82	84
82	85
82	86
82	87
82	89
83	85
83	86
83	87
83	88
84	85
84	86
84	88
84	89
85	87
85	88
86	87
86	88
86	89
87	88
88	89
90	91
90	92
90	93
90	94
90	95
90	96
90	97
90	98
90	99
90	100
91	92
91	93
91	94
91	95
91	96
91	97
91	98
91	99
91	100
92	93
92	94
92	95
92	96
92	97
92	98
92	99
92	100
93	94
93	95
93	96
93	97
93	98
93	99
93	100
94	95
94	96
94	97
94	99
94	100
95	96
95	97
95	98
95	99
95	100
96	98
96	99
96	100
97	98
97	99
97	100
98	99
98	100
99	100
101	102
101	103
101	104
101	105
101	106
101	107
101	108
101	109
101	110
101	111
101	112
102	103
102	104
102	105
102	106
102	107
102	108
102	109
102	110
102	111
102	112
103	104
103	105
103	106
103	107
103	108
103	109
103	110
103	111
103	112
104	105
104	106
104	107
104	108
104	109
104	110
104	111
104	112
105	106
105	107
105	108
105	109
105	110
105	111
105	112
106	108
106	109
106	110
106	111
106	112
107	108
107	110
107	111
107	112
108	109
108	110
108	111
109	110
109	111
109	112
110	111
110	112
111	112
113	114
113	115
113	116
113	117
113	118
113	119
113	121
113	122
114	115
114	116
114	117
114	118
114	119
114	120
114	121
114	122
115	116
115	117
115	118
115	119
115	120
115	121
115	122
116	117
116	118
116	119
116	120
116	121
116	122
117	118
117	119
117	120
117	121
117	122
118	121
119	120
119	121
119	122
120	121
120	122
121	122
123	126
123	127
123	128
123	129
123	130
123	131
123	132
123	133
123	134
124	125
124	126
124	127
124	128
124	129
124	130
124	133
124	134
125	126
125	127
125	128
125	129
125	130
125	131
125	132
125	133
125	134
126	127
126	128
126	129
126	130
126	131
126	132
126	133
126	134
127	128
127	129
127	130
127	131
127	132
127	133
127	134
128	129
128	130
128	131
128	132
128	133
128	134
129	131
129	132
129	133
129	134
130	131
130	132
130	133
131	132
131	133
131	134
132	133
132	134
133	134
135	136
135	137
135	139
135	141
135	142
135	143
135	144
135	145
136	137
136	138
136	139
136	140
136	141
136	142
136	144
136	145
137	138
137	139
137	140
137	141
137	143
137	144
137	145
138	139
138	140
138	141
138	142
138	143
138	144
138	145
139	140
139	142
139	143
139	144
140	141
140	142
140	143
140	144
140	145
141	142
141	143
141	145
142	143
142	144
142	145
143	144
143	145
144	145
146	147
146	148
146	149
146	150
146	151
146	153
146	154
146	155
146	156
147	148
147	149
147	150
147	151
147	152
147	153
147	154
147	155
147	156
148	149
148	150
148	151
148	152
148	153
148	154
148	155
149	150
149	152
149	153
149	155
149	156
150	151
150	152
150	153
150	154
150	155
150	156
151	152
151	153
151	154
151	155
151	156
152	153
152	154
152	155
152	156
153	154
153	155
154	155
154	156
155	156
157	158
157	159
157	160
157	161
157	162
157	163
157	164
157	165
157	166
157	168
158	160
158	161
158	163
158	164
158	165
158	166
158	167
158	168
159	160
159	161
159	162
159	163
159	164
159	165
159	166
159	167
159	168
160	161
160	163
160	164
160	165
160	166
160	167
160	168
161	162
161	164
161	167
161	168
162	163
162	164
162	165
162	166
162	167
163	164
163	165
163	166
163	167
163	168
164	166
164	167
164	168
165	166
165	168
166	167
166	168
169	170
169	172
169	173
169	174
169	175
169	177
169	178
169	179
170	171
170	172
170	173
170	174
170	175
170	176
170	177
170	178
170	179
171	172
171	173
171	174
171	175
171	176
171	177
171	178
171	179
172	173
172	174
172	175
172	176
172	177
172	178
172	179
173	174
173	175
173	176
173	177
173	178
173	179
174	175
174	176
174	177
174	178
174	179
175	176
175	177
175	178
175	179
176	177
176	178
176	179
177	178
177	179
178	179
180	181
180	183
180	184
180	185
180	186
180	187
180	188
180	189
180	190
180	191
181	182
181	183
181	184
181	186
181	187
181	188
181	189
181	190
181	191
182	183
182	184
182	185
182	186
182	188
182	189
182	190
182	191
183	184
183	185
183	186
183	187
183	188
183	189
183	190
183	191
184	185
184	186
184	188
184	189
184	190
185	186
185	187
185	188
185	189
185	190
185	191
186	187
186	189
186	190
186	191
187	188
187	189
187	191
188	189
188	190
188	191
189	191
190	191
192	193
192	194
192	196
192	197
192	198
192	199
192	200
192	201
192	202
193	194
193	195
193	196
193	198
193	199
193	200
193	201
193	202
194	195
194	198
194	199
194	200
194	201
194	202
195	196
195	197
195	198
195	199
195	200
195	201
195	202
196	197
196	198
196	199
196	200
196	201
197	198
197	199
197	200
197	201
198	199
198	200
198	201
198	202
199	200
199	202
200	201
200	202
201	202
