\\ machines
18
\\ max power
180
\\ Jobs in machine 1
11
J1	16	11	83	12	1.3841271964292878
J2	14	13	34	28	1.1312350900975225
J3	14	3	66	20	1.0654745849610618
J4	14	1	67	4	1.3556707878824816
J5	15	10	55	36	1.691582607129566
J6	15	3	12	22	0.19793022126986504
J7	13	13	9	21	0.9780870128813766
J8	14	6	70	43	1.6142719946653856
J9	15	8	90	7	0.812823379668136
J10	14	1	35	14	0.8624295485486491
J11	13	14	36	14	1.3486443825291776
\\ Jobs in machine 2
11
J12	15	11	41	21	1.1677188628330946
J13	15	2	21	14	1.326322085113129
J14	15	7	25	41	1.6903095882906327
J15	14	10	42	36	1.063881780382198
J16	14	7	94	16	1.9237008761557124
J17	12	2	53	19	0.6802199812846442
J18	14	2	70	42	1.4730212331844612
J19	15	1	59	34	1.4505434487052802
J20	14	10	31	14	1.4823586211869204
J21	15	12	43	19	0.5248284292233262
J22	17	13	13	22	1.2841171103618427
\\ Jobs in machine 3
10
J23	14	9	10	9	1.0384177531008152
J24	15	11	47	33	1.8727579067345084
J25	15	3	96	33	0.7938128466091876
J26	13	2	37	11	1.4776637980487137
J27	13	11	61	32	1.3001764343147635
J28	15	13	12	24	0.8864174561194365
J29	14	4	63	14	1.163611344528931
J30	13	6	71	28	2.2425237456483007
J31	15	12	38	5	2.081164512173412
J32	14	2	32	25	0.541123664080173
\\ Jobs in machine 4
10
J33	15	5	37	24	1.5696482564218956
J34	15	5	44	43	1.9293449228415427
J35	16	8	12	26	1.3545521793053448
J36	16	10	51	4	1.4440681394031545
J37	15	8	38	36	0.18605682740810559
J38	13	13	89	11	1.812405641112349
J39	14	11	45	39	1.2957357579657272
J40	13	1	93	3	1.055409575641507
J41	13	4	87	40	1.2399980328015954
J42	16	3	21	3	1.0401090964740862
\\ Jobs in machine 5
9
J43	15	7	21	11	0.6290240435920939
J44	15	4	100	28	1.5320246458114815
J45	14	4	52	26	1.4485126460454918
J46	15	4	24	18	1.6016143140820613
J47	15	4	4	19	1.633271496794583
J48	17	3	110	24	1.6888659394953922
J49	14	3	77	16	1.0839619720296383
J50	15	9	45	22	1.2700280462989257
J51	14	6	95	18	1.585709371041981
\\ Jobs in machine 6
11
J52	16	13	93	18	0.4415880272801288
J53	16	10	35	24	1.8955861325028769
J54	14	10	108	1	2.0445860517031536
J55	14	6	36	13	1.4907898004373052
J56	16	12	33	40	1.0601385031614194
J57	15	7	9	44	1.7117140824485668
J58	17	10	58	21	0.2873934465847806
J59	14	5	85	40	1.1814491432078922
J60	14	6	102	40	1.0559667514653572
J61	14	6	98	23	0.8629614605363851
J62	14	5	93	17	1.6917451771293395
\\ Jobs in machine 7
10
J63	16	1	51	3	1.0089913221942552
J64	14	5	17	20	1.649684862644526
J65	14	11	77	23	1.2201379476109924
J66	15	6	110	27	0.5545221387478346
J67	14	13	29	39	1.1989812047740405
J68	15	11	19	42	1.6999424910075562
J69	15	8	21	26	0.6346603842897098
J70	16	14	75	11	1.3893534342482299
J71	15	14	14	36	1.3069790074724035
J72	14	9	106	7	1.3912103297652705
\\ Jobs in machine 8
12
J73	15	14	86	22	0.8269138721151386
J74	14	1	82	25	1.0369865747341869
J75	15	8	61	41	1.846380809012432
J76	15	9	28	18	1.8606657627470158
J77	16	6	98	5	1.1897013565985757
J78	14	2	89	5	1.73870087813054
J79	15	13	51	27	0.9975626340178907
J80	14	10	71	28	1.3382659072842358
J81	14	11	41	10	0.8559867728649936
J82	16	10	74	20	1.6727307909407787
J83	15	13	67	32	1.4183963892083238
J84	15	13	29	28	1.084378929446543
\\ Jobs in machine 9
10
J85	14	13	84	6	1.6350294900118532
J86	14	2	26	27	0.8756241178752542
J87	15	3	8	2	0.9945250142084051
J88	14	13	68	18	2.220040952121037
J89	13	14	55	6	0.46940934752054475
J90	15	8	25	7	1.076731122073909
J91	15	13	70	44	0.5583785969719194
J92	12	8	68	21	0.9582796879417221
J93	13	1	91	5	1.1107108501813645
J94	15	12	19	16	0.6856122005176845
\\ Jobs in machine 10
11
J95	15	5	20	10	1.787204120668674
J96	17	4	76	26	1.6717515310521254
J97	14	1	8	6	1.0108451986690348
J98	15	9	73	25	1.419922167464686
J99	15	11	8	43	0.19582694588885663
J100	14	12	77	4	1.2041516032147055
J101	13	9	88	3	0.4173623372704186
J102	13	12	30	3	1.7558834788702948
J103	14	14	105	11	1.2489722035960986
J104	17	11	18	6	1.8463688186201532
J105	15	12	31	31	0.5946645940028509
\\ Jobs in machine 11
9
J106	13	7	8	18	1.6179167085871327
J107	13	1	86	40	1.9360625289177464
J108	15	9	32	20	1.2696293591314691
J109	16	3	38	38	1.2380786733890023
J110	13	14	44	9	1.22426181470378
J111	16	1	109	9	1.5511433720051748
J112	15	6	109	6	2.184091037913812
J113	16	2	75	36	1.636415976851495
J114	14	4	19	40	1.1327043812442548
\\ Jobs in machine 12
13
J115	13	9	76	33	1.455159480863745
J116	15	12	40	30	0.9769092802885961
J117	15	1	22	1	1.0195388344538612
J118	15	2	55	12	1.1651637248798028
J119	14	3	41	36	0.7632895864135961
J120	14	14	2	7	1.0612351042390122
J121	15	12	31	19	1.4099758997412852
J122	16	6	37	14	0.8428830935109133
J123	15	1	5	42	1.2780780853964289
J124	15	6	65	44	1.6634130590028688
J125	15	10	98	11	1.0931213259137413
J126	14	14	110	30	0.8608070987950398
J127	13	11	68	5	1.2383986713399293
\\ Jobs in machine 13
12
J128	14	6	10	26	1.4518907761841997
J129	15	4	18	17	1.6792184159654902
J130	15	13	55	6	1.5436239120289266
J131	14	13	29	1	1.399166494308773
J132	13	5	35	17	1.309378289031961
J133	15	9	74	19	1.0724216657012335
J134	14	8	60	6	1.5017589142013246
J135	14	5	21	42	1.3354752556151017
J136	13	8	53	1	1.608300544053732
J137	13	3	90	35	1.1962051380113508
J138	16	14	47	36	0.7745599295766348
J139	14	7	52	3	0.39225098903737665
\\ Jobs in machine 14
10
J140	14	4	45	28	1.0460642630330586
J141	14	7	48	20	0.3984578331427254
J142	14	12	52	12	1.4399389914193976
J143	15	8	46	3	1.5921589770552842
J144	14	13	92	26	1.2818168083275145
J145	14	8	29	24	1.705883206091605
J146	14	3	30	42	0.5626217692138384
J147	13	1	10	17	0.731234252857042
J148	15	12	58	44	0.2080403766729435
J149	14	6	24	30	1.823725268356089
\\ Jobs in machine 15
10
J150	14	13	43	16	1.6705882759658415
J151	14	10	84	13	0.8994553027745517
J152	14	10	21	17	0.8650627456695261
J153	14	10	25	6	0.9726359089498913
J154	14	14	14	6	0.1
J155	16	8	88	23	0.7751779722050463
J156	14	3	107	29	1.078789148919594
J157	13	9	43	7	0.49325755252869175
J158	11	13	55	39	1.5645057150441555
J159	14	5	88	34	1.7153489029332363
\\ Jobs in machine 16
10
J160	15	9	97	30	1.5767449706599528
J161	15	14	24	19	1.5247644575681831
J162	14	8	35	39	0.3404811024608765
J163	15	8	108	25	1.3830075584983241
J164	15	1	59	27	0.8149072548089489
J165	15	7	56	3	0.8999173436395613
J166	14	5	45	34	1.99245559559464
J167	15	9	88	43	1.8696576538078413
J168	15	3	16	6	0.8889279860156747
J169	14	5	5	38	1.390013590687612
\\ Jobs in machine 17
9
J170	16	6	27	16	1.449355687420891
J171	15	2	52	19	0.9983925369257602
J172	15	13	9	26	1.6277621702738037
J173	14	11	45	15	1.0511683469715594
J174	13	10	47	45	1.289405725641221
J175	15	9	42	24	0.8131625250373911
J176	12	6	85	18	0.9440906357501819
J177	13	11	33	14	1.2571274315086363
J178	15	1	19	24	1.507616303055376
\\ Jobs in machine 18
11
J179	14	8	43	1	2.0159343554238967
J180	16	9	92	33	0.9848344636176143
J181	14	5	62	29	0.6189968114695483
J182	14	3	24	40	2.0046045080584376
J183	15	2	82	17	1.413306484380203
J184	16	12	88	28	1.359944243754439
J185	13	1	103	19	1.9204825317548173
J186	14	9	66	38	0.36824764895889317
J187	15	7	28	9	0.31471841434534586
J188	15	8	107	26	1.2471759596068361
J189	15	10	65	37	0.5462883435438012
\\ Dependencies 
171
1	4
1	6
1	11
2	5
3	4
3	5
3	8
4	5
4	6
5	8
8	11
12	16
12	19
13	19
14	19
14	21
15	19
15	22
19	20
19	22
21	22
24	25
24	28
24	32
25	28
27	30
30	32
33	38
33	40
33	42
34	37
34	38
34	42
35	39
35	40
38	39
38	40
39	41
39	42
41	42
45	47
46	48
46	51
47	48
47	49
48	51
52	53
52	54
53	60
54	60
54	62
56	59
57	58
58	61
59	60
63	66
64	67
66	68
66	69
66	71
66	72
67	70
68	70
69	72
73	74
73	75
73	78
74	75
74	82
74	84
75	82
75	83
76	78
76	80
76	83
77	83
78	79
78	82
78	83
79	81
80	84
81	82
85	87
87	89
88	90
88	91
90	92
95	99
95	100
96	98
96	101
96	103
99	101
99	102
99	104
101	103
106	108
106	109
106	111
106	113
107	108
108	113
109	110
109	111
109	112
109	113
109	114
111	112
115	116
115	122
115	124
115	126
116	118
116	123
117	126
118	121
118	122
118	123
118	126
119	123
119	124
120	123
120	127
121	122
130	134
130	136
131	132
131	139
132	134
133	134
135	137
135	138
136	139
140	147
140	149
141	143
141	146
142	144
144	147
145	146
145	149
146	148
150	151
150	153
150	154
151	158
154	156
156	158
158	159
160	166
160	167
161	165
162	168
162	169
164	166
165	166
170	174
171	174
171	176
172	174
172	175
179	184
180	185
180	188
181	183
181	188
182	183
182	184
182	186
187	189
188	189
