\\ machines
3
\\ max power
30
\\ Jobs in machine 1
10
J1	14	9	16	15	1.3694504764535647
J2	14	3	30	5	1.1036808210292834
J3	15	9	45	19	1.105413236381381
J4	14	6	51	21	1.7313734093558075
J5	15	10	25	19	1.3418570740430098
J6	14	8	53	6	1.866806125406875
J7	16	10	38	11	0.573238132966609
J8	16	11	68	3	1.661935107909841
J9	15	8	77	10	0.142391741761011
J10	15	5	83	11	1.8789460597675363
\\ Jobs in machine 2
12
J11	13	12	25	18	1.2285530112441085
J12	14	7	19	13	0.2269049996142828
J13	14	13	98	14	1.5626182832128306
J14	12	10	91	8	1.4484523297531349
J15	13	11	96	8	0.9390551146793327
J16	15	2	110	12	1.0927980054565565
J17	15	10	49	10	1.5425437631357646
J18	17	3	65	11	1.402624813959929
J19	15	4	92	4	1.4994607370568447
J20	15	2	40	14	0.3651621260743041
J21	14	10	83	21	1.3581527690843482
J22	16	2	108	11	1.4155399103737478
\\ Jobs in machine 3
12
J23	15	4	81	5	0.728102644680575
J24	13	6	83	6	1.8249851654984126
J25	13	2	39	15	0.8637910822490212
J26	15	6	86	6	1.0825665644633062
J27	16	11	110	9	1.4017726406420963
J28	15	9	71	2	2.3437805148150788
J29	15	14	47	10	1.9251709072237624
J30	16	8	54	17	0.1
J31	16	7	79	7	0.718128283070721
J32	15	3	106	4	1.1091970339958295
J33	14	2	13	10	1.6192485237420313
J34	15	10	13	21	1.7638312141668437
\\ Dependencies 
15
2	5
2	6
3	6
4	6
8	10
11	20
14	17
14	21
15	16
24	26
27	31
27	32
31	32
32	33
32	34
