\\ machines
25
\\ max power
250
\\ Jobs in machine 1
10
J1	16	7	8	42	1.1461699375158334
J2	15	13	76	20	1.416491917875732
J3	15	6	65	10	0.9497928661615795
J4	15	14	107	19	1.243397967143494
J5	16	10	69	29	2.5063854621531085
J6	14	2	49	4	0.297316631911406
J7	15	11	100	61	1.087889127605167
J8	16	14	79	3	1.43488676764132
J9	13	12	55	49	0.8222360452481057
J10	13	4	49	29	0.980229197781196
\\ Jobs in machine 2
11
J11	13	12	26	60	1.8144047126534102
J12	14	11	54	57	1.1364952761484057
J13	15	10	73	36	1.4003261228759978
J14	14	5	24	22	0.34634176355093393
J15	15	14	31	28	2.066543982299029
J16	13	11	106	3	1.0153084495121214
J17	15	8	60	40	1.7719090970158118
J18	14	7	69	35	1.8740462341577149
J19	15	2	27	18	2.341216177090043
J20	14	2	54	11	0.9802590553619881
J21	14	10	108	14	1.4240093278352741
\\ Jobs in machine 3
13
J22	17	7	93	53	1.6624413399723617
J23	14	11	70	39	1.7171580328155958
J24	13	7	29	31	1.3578398378927479
J25	13	6	98	59	0.6022034402658835
J26	14	14	4	39	0.7718909208982764
J27	14	8	82	47	2.091436132179129
J28	16	14	56	62	1.4216521702806901
J29	13	10	53	33	0.48530110722968267
J30	13	4	38	40	1.6801059460301342
J31	13	7	107	55	1.1702054303751825
J32	15	12	97	32	1.5686701842560757
J33	14	8	99	16	2.3344166013337535
J34	14	11	58	56	0.8161297724418007
\\ Jobs in machine 4
11
J35	13	7	32	1	0.40391108888271965
J36	16	6	92	49	0.1
J37	14	12	60	24	0.661121429929287
J38	15	6	22	44	1.3941653609045384
J39	15	1	7	49	0.8907851074748602
J40	15	5	102	52	0.9012284068077148
J41	15	1	107	16	1.40070139900043
J42	14	12	68	20	0.9634604532800322
J43	14	12	16	10	2.1837527360991666
J44	13	2	77	24	1.1594866165325717
J45	12	10	21	13	1.3164167871685863
\\ Jobs in machine 5
11
J46	13	14	32	59	1.1572715268082538
J47	13	11	83	51	1.4547658576519655
J48	15	7	101	2	1.8202651096115305
J49	14	10	77	52	1.0081943414770849
J50	15	6	92	15	1.1874667918383888
J51	15	6	37	31	1.7070962818056525
J52	15	3	77	43	1.0250986897472045
J53	14	2	23	26	0.9008028981015319
J54	14	5	40	1	1.6365580510790356
J55	14	5	85	27	1.3557328494178857
J56	16	14	8	43	1.274009207220181
\\ Jobs in machine 6
11
J57	16	9	53	45	1.432409508192901
J58	14	1	53	61	1.6214435119130832
J59	17	12	24	44	1.212668795303314
J60	15	4	97	10	0.556145330065619
J61	17	1	79	36	1.5216157669809445
J62	14	14	46	54	1.7886759373247756
J63	15	6	14	44	1.0764157714571363
J64	15	6	71	53	1.9419021414273785
J65	16	8	34	44	1.4998955180416185
J66	15	11	56	16	1.8972515588820387
J67	16	9	96	9	1.666280907600628
\\ Jobs in machine 7
11
J68	15	6	11	23	1.6623371224864893
J69	17	3	57	50	0.596661781845076
J70	13	7	16	28	1.3043777780561931
J71	15	11	98	52	1.6314503620261465
J72	14	6	16	63	0.9071298313368221
J73	17	2	42	52	1.4129534228308822
J74	14	1	10	30	0.5243645581645522
J75	15	6	92	2	0.1
J76	13	11	56	26	1.4893863803503469
J77	14	11	52	45	1.441764335400998
J78	17	4	2	20	1.0965682344385306
\\ Jobs in machine 8
9
J79	14	13	29	16	1.0597745981700304
J80	13	14	53	42	1.7046840481528838
J81	14	5	67	9	1.0867396328999472
J82	14	6	60	50	0.4989971848295468
J83	13	10	50	37	0.7916860347440171
J84	14	3	18	23	1.5965756787583718
J85	15	6	68	28	1.9979624452697857
J86	16	6	51	23	0.1
J87	14	6	2	27	1.7887720515962129
\\ Jobs in machine 9
12
J88	17	9	4	34	1.1103848749469922
J89	16	9	2	57	1.469204001285617
J90	14	1	75	39	0.7984320373358398
J91	13	11	83	17	1.4489198843392963
J92	12	10	36	3	1.1565767603718096
J93	14	1	100	33	1.3940330215587597
J94	13	8	90	3	0.880772038633951
J95	15	4	73	48	0.29048316746235137
J96	13	1	43	22	0.44469670613589873
J97	15	10	51	49	0.6285308061305015
J98	15	11	30	2	1.780863787196136
J99	15	14	63	53	0.9301872109791862
\\ Jobs in machine 10
11
J100	15	12	105	16	1.4240882974624074
J101	15	2	93	51	1.5223587335616202
J102	13	11	18	48	0.5101895088890264
J103	17	4	46	11	1.6266417345155462
J104	16	4	57	63	0.31552382201830453
J105	13	11	20	5	1.8737440654663766
J106	17	14	38	38	0.7727925530480275
J107	13	14	30	15	1.4573199252798406
J108	15	8	52	59	0.7072780126135895
J109	14	10	98	29	0.9333098770532705
J110	14	7	35	4	1.778723326778504
\\ Jobs in machine 11
11
J111	17	6	95	55	1.4758350031744647
J112	14	9	31	1	0.3604619938080288
J113	15	13	44	59	2.371420668842823
J114	15	12	101	53	1.0368169117537054
J115	16	2	46	30	1.5434455553599509
J116	14	10	74	14	1.0857978481396107
J117	15	6	83	14	1.663672655215024
J118	16	14	34	14	1.9205702054898297
J119	16	8	12	50	2.2935817277777626
J120	15	1	60	58	1.081250148978703
J121	14	6	47	13	0.4224423942287333
\\ Jobs in machine 12
11
J122	13	4	77	56	1.3287386194684392
J123	16	5	32	32	1.2966214839053785
J124	13	8	38	13	1.6710189631812136
J125	15	7	13	25	0.7754167776603658
J126	16	8	97	21	1.1658771567409763
J127	16	9	63	17	2.072934798925819
J128	16	2	110	32	1.3980171762416076
J129	15	2	20	4	1.051889387741305
J130	15	10	2	2	0.1
J131	15	2	91	53	0.4850899046255712
J132	14	4	7	38	1.0763682320510595
\\ Jobs in machine 13
11
J133	16	5	30	46	0.1
J134	15	11	66	30	0.6915308722534085
J135	15	9	97	15	0.788717356263285
J136	13	9	43	19	1.2113462184340982
J137	14	8	44	45	1.32967950173968
J138	14	6	72	32	1.470736230473701
J139	15	12	32	31	1.109959503336238
J140	15	12	35	28	1.0351910210681081
J141	14	12	13	9	2.1332177529889575
J142	15	3	26	18	1.6179182059121733
J143	15	8	11	1	0.8076667923836027
\\ Jobs in machine 14
12
J144	15	10	66	39	1.6383348346240985
J145	14	6	57	50	1.4623656719794185
J146	16	5	22	54	0.31448539185771984
J147	14	10	28	59	2.6707771600194734
J148	13	3	26	28	1.2115495727123597
J149	15	14	49	2	1.0296352239188025
J150	13	6	42	37	1.188473507005337
J151	16	11	59	22	1.079998539809708
J152	14	7	84	57	0.9158438454783773
J153	16	3	66	48	1.3785336252528568
J154	16	8	69	14	0.5455977664891521
J155	15	1	63	51	0.9209861431218757
\\ Jobs in machine 15
9
J156	16	1	53	9	2.3741243017816176
J157	14	13	19	14	1.741776545089075
J158	15	6	78	15	1.5306016666669826
J159	15	3	80	10	0.7501189584422173
J160	15	13	54	4	1.0395912380597563
J161	14	10	84	57	1.259474972005928
J162	13	1	14	29	2.029456771150758
J163	16	2	58	35	1.7921668063245408
J164	13	1	50	22	0.6071450637321913
\\ Jobs in machine 16
12
J165	15	7	14	24	1.5450407282142289
J166	14	11	78	22	0.9203781471660569
J167	13	10	93	14	0.9779746972288673
J168	13	14	31	52	1.3307138792655457
J169	15	11	9	54	0.9254864171818387
J170	16	13	53	31	0.8695087294553975
J171	13	6	6	38	1.489914535020468
J172	15	12	82	17	0.5252264143278859
J173	13	5	51	10	1.1427007303642147
J174	15	1	49	6	1.0453108528883999
J175	14	7	86	57	0.9830754592312388
J176	14	8	19	39	1.4545740563612255
\\ Jobs in machine 17
12
J177	14	2	51	19	1.268458321238821
J178	13	11	55	53	1.440391875942941
J179	14	9	55	7	1.0136811733745958
J180	15	12	6	36	1.5897612969924029
J181	15	4	20	10	0.2598208254714254
J182	14	14	20	12	1.531484469629416
J183	15	14	23	2	0.9915967935914394
J184	13	2	96	57	1.4189453102128111
J185	15	4	9	17	1.0854436304292245
J186	15	13	109	44	1.5000883106228233
J187	14	10	4	30	0.1
J188	15	11	57	9	0.8816888470445856
\\ Jobs in machine 18
11
J189	15	5	70	6	1.165989496680677
J190	14	13	73	16	1.989315895615504
J191	15	10	42	40	1.4203657430041536
J192	15	10	83	27	0.9309317997108282
J193	15	7	74	56	1.568544470066522
J194	13	11	93	24	0.6896069153003092
J195	14	14	26	33	0.8748081243216355
J196	14	3	30	58	1.4217708100698114
J197	15	4	36	46	1.553877880434029
J198	15	13	59	42	1.1360404133265731
J199	14	8	51	36	0.7290329568323786
\\ Jobs in machine 19
11
J200	17	11	22	31	0.6870331253190174
J201	14	7	11	9	2.2785270722018893
J202	13	10	54	52	2.193480676712686
J203	15	12	68	7	1.164520141211792
J204	14	11	57	13	0.37907313474845583
J205	15	4	21	29	1.2675720094481577
J206	16	9	24	11	2.024900230852456
J207	14	14	63	53	1.98324337229359
J208	14	4	107	13	1.960170595220316
J209	13	12	28	52	1.468792498661175
J210	15	10	53	49	0.9648291354174726
\\ Jobs in machine 20
12
J211	15	13	48	23	1.8201898349575942
J212	16	11	92	13	0.19737772334644066
J213	13	8	59	32	1.777603799173201
J214	14	13	13	36	1.7131172618643085
J215	12	4	13	30	0.44568398606044535
J216	16	11	77	28	1.3655954553567333
J217	16	4	47	26	1.5728516863924984
J218	16	13	43	13	1.9374044561847
J219	14	4	108	34	1.8038283227091725
J220	14	1	25	54	2.4303171657653477
J221	17	11	84	14	1.1596465274817034
J222	14	14	43	35	1.4693949490007625
\\ Jobs in machine 21
11
J223	14	10	107	17	0.5376091778634977
J224	14	9	76	8	0.5007652232611138
J225	15	7	20	37	1.6871706064105407
J226	14	3	35	60	0.4804002239407352
J227	12	9	48	44	0.31945034723967103
J228	16	5	89	55	1.5865405537784578
J229	13	12	48	38	0.3256662861310282
J230	14	12	35	61	2.1583723107896766
J231	15	2	11	10	1.5787216743744996
J232	14	2	25	40	0.9401413981595486
J233	14	11	16	57	1.580261024053287
\\ Jobs in machine 22
11
J234	14	2	49	55	1.1164019489551924
J235	15	10	74	52	0.9350174679416261
J236	15	12	25	51	0.3037398388063356
J237	14	1	93	31	1.6336181149124187
J238	16	9	90	15	1.6077324559055206
J239	15	2	37	13	1.37734574072161
J240	15	13	72	28	1.7235983381520386
J241	15	7	28	15	0.9440291195294521
J242	13	2	64	9	1.1035048864526495
J243	16	13	23	46	1.3651304872265044
J244	13	9	85	24	0.43979628510264634
\\ Jobs in machine 23
9
J245	16	4	17	15	2.358525137938364
J246	14	9	96	42	1.5859277020039229
J247	14	8	83	41	1.3769860437060408
J248	15	13	47	31	0.9375958059114847
J249	15	10	63	56	1.5813564475868354
J250	18	11	63	24	1.5914320398959125
J251	14	8	47	15	1.1061326584920055
J252	14	12	60	55	2.043376532359654
J253	14	12	76	8	1.229108458801194
\\ Jobs in machine 24
10
J254	15	7	59	20	1.2395555993742577
J255	14	6	34	59	0.8066423162591574
J256	14	6	85	4	0.5946249905708664
J257	14	3	90	20	1.4106839340985924
J258	15	5	74	18	0.9452067260477144
J259	15	4	31	11	1.3302886440674306
J260	14	3	36	32	1.159352961251246
J261	15	9	105	25	0.43758943767413205
J262	14	11	26	2	1.3277752071784015
J263	13	4	57	42	1.1318529580401744
\\ Jobs in machine 25
11
J264	13	13	36	6	0.40141362392721747
J265	14	13	35	61	1.061588910777499
J266	12	6	93	16	1.3823121983352968
J267	17	13	95	17	1.1518767957284328
J268	16	13	55	50	1.5530085044993647
J269	14	14	109	36	1.2322979924487336
J270	13	11	46	60	1.7438860010306079
J271	14	5	87	36	1.8124180249672763
J272	15	7	99	53	1.7468201797969176
J273	15	6	7	55	1.0791928723007567
J274	15	7	28	17	1.774813610730936
\\ Dependencies 
144
1	9
1	10
2	4
2	9
3	9
4	5
5	10
6	8
12	16
13	15
13	21
16	19
16	21
23	24
23	28
23	34
24	31
25	31
28	30
31	33
32	34
35	36
35	37
35	43
37	38
37	40
37	42
41	42
46	49
53	54
53	55
57	60
57	61
57	65
58	61
59	62
60	61
68	71
69	73
70	71
70	77
71	73
71	76
72	76
75	76
79	87
82	83
82	87
83	85
84	85
90	92
90	97
91	92
91	97
94	95
94	98
95	97
96	97
97	98
100	101
100	102
100	107
101	106
101	110
105	106
111	112
112	114
112	120
113	114
113	118
114	115
117	120
123	130
133	134
138	139
139	143
144	150
144	152
145	147
146	151
147	148
149	152
149	155
153	155
156	157
157	160
158	161
165	166
166	167
166	168
166	175
167	171
167	173
168	170
168	171
168	173
169	176
170	175
173	174
177	179
177	182
180	187
180	188
181	186
182	183
184	186
185	186
191	196
191	197
194	196
197	198
197	199
201	203
202	210
203	205
204	209
206	209
208	210
211	218
212	216
212	218
216	217
217	222
220	222
225	230
226	230
228	229
229	230
230	233
234	243
241	242
242	243
245	246
245	248
247	251
255	256
259	262
264	267
265	268
265	272
266	267
269	272
270	273
271	272
