\\ machines
18
\\ max power
180
\\ Jobs in machine 1
11
J1	16	8	14	32	2.096490407039081
J2	15	12	10	64	0.8429092539138462
J3	14	8	100	87	2.203910921582237
J4	15	11	101	20	1.2868289849938017
J5	14	11	110	56	0.3901145854284115
J6	16	11	66	88	1.049805388313477
J7	14	6	30	19	1.41820915269629
J8	15	9	105	78	1.0718987509790348
J9	14	2	84	89	0.2907910703197477
J10	15	13	25	28	1.1542562367554166
J11	15	13	14	35	1.2810015861363955
\\ Jobs in machine 2
11
J12	15	9	16	36	0.8569818363457526
J13	15	14	3	15	1.2619755363968448
J14	16	1	18	79	1.3827945727202948
J15	14	5	109	47	0.8403148816300406
J16	13	4	76	44	2.172435233031036
J17	16	3	56	81	1.633962200678741
J18	13	13	72	26	0.8745943664958435
J19	15	10	20	2	0.7073531839920408
J20	15	5	26	36	1.571672408507311
J21	15	10	72	85	1.347329089873478
J22	12	10	95	4	1.5520433800015565
\\ Jobs in machine 3
12
J23	15	2	81	48	2.148657619742318
J24	14	8	32	58	0.9334922163144823
J25	15	3	26	68	1.5150033759126744
J26	13	8	46	40	1.13094118731451
J27	16	1	98	68	1.1925484199661782
J28	14	1	92	9	1.2041149564683526
J29	16	11	2	11	1.1172124911728252
J30	14	14	23	55	1.1344431496376859
J31	14	8	102	13	1.94151108177064
J32	12	14	36	79	0.8631898122119244
J33	14	14	19	3	0.8595521661476808
J34	14	13	39	5	0.936838055157966
\\ Jobs in machine 4
12
J35	15	8	58	74	1.2463136742363243
J36	14	6	98	12	0.8085221492783251
J37	14	13	3	38	1.4862129468963658
J38	15	6	96	58	0.37599284179838877
J39	15	10	74	5	1.2608287037018973
J40	15	9	6	28	1.2718344952914116
J41	13	11	69	16	1.1185852995493535
J42	14	12	87	62	1.9234242833526958
J43	14	11	63	2	2.06222229910852
J44	15	9	96	56	1.2718186492190076
J45	14	8	84	77	1.8120117086702114
J46	13	4	13	27	2.369310584472484
\\ Jobs in machine 5
10
J47	14	7	69	31	0.8995327012917471
J48	16	6	18	42	0.7071644681532239
J49	15	7	92	10	0.1
J50	14	6	42	40	0.8812890603135655
J51	14	1	100	74	1.423691995080851
J52	15	13	94	38	0.6657220539044337
J53	16	1	71	2	0.8114385391781336
J54	13	2	61	45	1.6837550185356365
J55	14	10	102	29	1.5364530198108604
J56	14	5	35	51	0.886991030898042
\\ Jobs in machine 6
9
J57	13	1	109	26	0.1
J58	13	10	6	36	1.3885102574342703
J59	14	2	87	36	1.0751757080377806
J60	14	2	50	39	1.0544941745057914
J61	15	14	56	9	1.5277998321909085
J62	14	8	52	16	1.3318080466035767
J63	15	10	3	80	0.5178756596999666
J64	16	7	88	78	0.9114799913352758
J65	14	7	85	50	1.4990774345244993
\\ Jobs in machine 7
11
J66	16	6	102	65	1.4160429188339676
J67	15	7	72	69	1.6059789537730218
J68	14	13	41	54	1.937688108049672
J69	15	7	33	59	1.330025009284746
J70	14	1	73	59	0.764820726913941
J71	15	4	71	90	0.1
J72	12	5	109	55	1.3690286553076034
J73	15	5	45	51	1.402746592938823
J74	15	5	84	56	1.5239996694178357
J75	15	10	51	82	1.4732470409371774
J76	16	10	95	78	1.11899167748687
\\ Jobs in machine 8
11
J77	14	2	78	85	2.3366276256829654
J78	16	7	105	28	0.5447568518193924
J79	15	11	32	31	0.877866161805021
J80	14	3	89	43	0.8803079198541716
J81	13	11	32	4	0.5876240554645096
J82	14	2	90	77	1.5156852774603276
J83	13	10	42	68	2.8882055357787957
J84	14	10	25	88	0.8553369043075338
J85	11	1	34	5	1.2149711516032171
J86	16	12	92	48	1.4793082944589493
J87	14	8	70	31	1.4117797119098388
\\ Jobs in machine 9
13
J88	15	5	71	58	1.9555299141088653
J89	15	4	106	73	1.6961539258070553
J90	13	7	28	59	1.5914815199241348
J91	16	12	75	64	0.16251767718007737
J92	13	4	71	57	1.5148683008416985
J93	14	8	33	63	0.9336743072403126
J94	15	4	83	22	0.8099517332141825
J95	15	6	97	6	0.5717679383123215
J96	14	13	25	34	1.270183310880603
J97	16	10	93	65	1.2054405924996925
J98	14	11	110	20	1.3528929499213187
J99	14	8	106	41	0.586905180558821
J100	15	4	25	3	1.191604175584223
\\ Jobs in machine 10
11
J101	16	11	93	21	0.8035953802217197
J102	14	14	16	89	0.5190791644651549
J103	15	10	25	67	0.8371948243377061
J104	15	7	104	51	1.2486194591800162
J105	14	7	94	15	1.0554815975365308
J106	14	10	6	86	0.6616051416950813
J107	15	5	88	26	1.685849348268245
J108	14	11	53	76	1.323944687034452
J109	15	7	96	22	1.9664268453009435
J110	14	7	100	34	0.7846699404323817
J111	15	9	87	36	0.5381688115179772
\\ Jobs in machine 11
10
J112	13	12	67	68	0.6405203476760003
J113	14	11	37	3	1.097275861790625
J114	14	9	44	23	1.0590191108439497
J115	15	6	39	48	1.171934956715222
J116	14	10	39	57	1.3386074047326582
J117	16	5	68	22	0.9998606089793648
J118	14	14	80	32	0.8454249441096628
J119	14	1	4	74	1.7838926717698607
J120	16	6	96	11	1.0904227907765467
J121	15	7	79	41	1.438531114410468
\\ Jobs in machine 12
12
J122	15	7	38	70	1.2663622194204311
J123	14	1	103	61	0.3928460230806555
J124	14	9	66	72	0.9777720756301334
J125	14	13	3	8	1.6495671511051877
J126	12	5	92	48	0.48534328455186626
J127	15	5	68	27	1.1579537530765938
J128	15	2	74	15	1.385432262657348
J129	16	14	94	63	0.9818850481868803
J130	14	9	6	29	1.674428612335914
J131	16	8	44	40	1.4883284205206126
J132	15	1	84	6	1.0793343599216219
J133	15	3	77	21	0.5360908707645597
\\ Jobs in machine 13
11
J134	12	4	44	59	0.7432700951841973
J135	15	11	68	66	1.3416114827394376
J136	15	10	61	10	1.345448640800863
J137	16	11	17	6	0.9824403131217851
J138	15	8	72	87	1.3858805462508164
J139	14	13	78	7	1.4501184224880976
J140	15	1	57	40	1.2134299133198865
J141	14	8	21	25	1.1304512645687599
J142	15	12	23	46	1.0259035433851154
J143	13	14	100	18	1.5534474944421175
J144	16	1	37	70	0.4139801738122486
\\ Jobs in machine 14
12
J145	15	5	17	69	0.783776886234669
J146	14	4	20	55	0.5907970138229796
J147	13	6	69	34	1.062882774927778
J148	15	3	13	48	1.106346305108939
J149	16	11	29	34	1.140934429163924
J150	16	7	94	26	1.2777327836157355
J151	14	13	13	8	0.6699755370742548
J152	16	11	66	81	1.5983968300714577
J153	15	9	78	46	1.3556732724332963
J154	15	1	71	25	1.873106645003012
J155	16	13	94	40	2.051685061902318
J156	13	12	37	5	0.7247296636340199
\\ Jobs in machine 15
11
J157	15	9	47	22	1.283145184353149
J158	14	11	57	19	0.9724787721166905
J159	13	10	98	65	1.5575308937930348
J160	13	8	26	62	0.1636962491405347
J161	15	7	27	26	0.6474784966596852
J162	16	12	101	17	1.7231562224848687
J163	14	6	79	60	1.0321042874222268
J164	14	10	65	28	1.4259048856956251
J165	14	3	90	57	1.3477441838217352
J166	13	10	58	28	1.8499029468974901
J167	13	11	70	65	1.9129655311721394
\\ Jobs in machine 16
11
J168	13	12	91	69	0.8819717705099928
J169	14	3	40	61	2.2513397202075156
J170	15	1	4	62	1.1460943505972145
J171	15	1	102	77	1.6060537595721083
J172	15	8	85	62	1.2225282105991417
J173	16	8	51	69	0.5253600669614032
J174	14	6	74	34	0.7178489983241321
J175	13	11	26	18	0.8729228443323634
J176	16	14	33	14	0.9924621306955348
J177	14	9	14	11	2.410662232245901
J178	13	8	34	89	1.0083197480107025
\\ Jobs in machine 17
13
J179	14	9	60	9	1.9961139433073463
J180	14	5	74	42	2.450736821205445
J181	14	10	101	22	0.9926659932662292
J182	15	7	33	36	1.7893040944594534
J183	15	12	102	51	0.7664809255099794
J184	15	11	14	55	1.174283321209202
J185	15	2	81	46	1.1809010220061842
J186	12	4	85	56	0.5393102830458603
J187	14	5	94	65	1.6893459645924098
J188	14	11	37	31	0.8063110502801439
J189	13	13	45	35	1.0479721847834844
J190	13	13	106	62	1.8768709084570667
J191	16	11	14	12	0.8445598888858971
\\ Jobs in machine 18
12
J192	15	9	45	13	1.8450479285478307
J193	15	3	45	16	1.2829756010012177
J194	14	2	96	8	1.602792676182299
J195	14	6	72	48	0.876009755418321
J196	15	6	71	66	1.0709175496723211
J197	14	11	82	68	0.6260575733395076
J198	14	8	22	29	1.4175534067886657
J199	12	3	75	60	1.393178104941943
J200	14	2	17	52	0.8652282482358358
J201	15	9	52	76	1.4941833626803218
J202	13	14	65	57	1.6723504943442502
J203	15	5	104	28	1.2621873907794612
\\ Dependencies 
749
1	4
1	5
1	6
1	7
1	8
1	10
1	11
2	3
2	4
2	5
2	6
2	8
2	11
3	4
3	7
3	9
3	10
3	11
4	5
4	6
4	7
4	8
4	9
4	10
4	11
5	6
5	7
5	8
5	10
5	11
6	7
6	8
6	10
6	11
7	8
7	9
7	10
7	11
8	9
8	10
8	11
9	11
10	11
12	13
12	14
12	15
12	16
12	18
12	19
12	20
12	21
12	22
13	14
13	15
13	17
13	19
13	21
13	22
14	15
14	16
14	17
14	18
14	19
14	21
14	22
15	17
15	18
15	19
15	21
15	22
16	17
16	18
16	19
16	20
16	21
16	22
17	20
17	21
18	19
18	20
18	21
18	22
19	20
19	21
19	22
20	21
20	22
21	22
23	24
23	25
23	26
23	27
23	28
23	29
23	30
23	31
23	32
24	25
24	26
24	27
24	29
24	31
24	32
24	33
25	26
25	27
25	28
25	32
25	33
25	34
26	27
26	28
26	29
26	30
26	31
26	32
27	28
27	29
27	31
27	33
27	34
28	30
28	31
28	32
28	33
28	34
29	31
29	33
29	34
30	31
30	33
31	32
31	33
35	38
35	40
35	41
35	42
35	43
35	46
36	38
36	40
36	41
36	42
36	44
36	45
36	46
37	38
37	39
37	41
37	43
37	46
38	40
38	41
38	44
38	45
38	46
39	40
39	42
39	44
39	45
39	46
40	41
40	43
40	44
40	46
41	42
41	45
41	46
42	46
43	45
43	46
44	46
47	50
47	52
47	55
47	56
48	49
48	50
48	53
48	54
48	55
48	56
49	50
49	51
49	53
49	54
49	55
49	56
50	51
50	52
50	54
50	55
50	56
51	53
51	54
51	56
52	53
52	54
52	55
52	56
53	55
53	56
54	55
54	56
55	56
57	58
57	59
57	62
57	63
58	59
58	60
58	61
58	63
58	65
59	60
59	61
59	62
59	63
59	65
60	62
60	63
60	64
61	62
61	64
61	65
62	63
62	64
62	65
64	65
66	68
66	69
66	70
66	72
66	73
66	74
66	75
66	76
67	69
67	70
67	71
67	73
67	74
67	75
68	69
68	71
68	72
68	73
68	74
68	76
69	70
69	71
69	72
69	73
69	74
69	75
69	76
70	73
70	74
70	76
71	72
71	73
71	74
71	75
72	74
72	75
72	76
73	74
73	76
75	76
77	79
77	80
77	81
77	82
77	83
77	85
77	87
78	79
78	80
78	82
78	83
78	84
78	87
79	80
79	81
79	82
79	83
79	86
79	87
80	82
80	84
80	85
80	86
80	87
81	82
81	85
81	86
82	83
82	84
82	85
82	86
83	84
83	86
83	87
84	86
84	87
85	86
86	87
88	89
88	91
88	93
88	95
88	96
88	97
88	98
88	99
89	90
89	91
89	92
89	93
89	94
89	95
89	96
89	97
89	98
89	99
89	100
90	91
90	92
90	93
90	94
90	95
90	96
90	97
90	99
90	100
91	92
91	93
91	95
91	96
91	97
92	93
92	94
92	95
92	97
92	98
92	99
93	94
93	96
93	97
93	99
94	95
94	97
94	98
94	99
94	100
95	96
95	97
95	99
95	100
96	97
96	99
96	100
97	98
97	99
97	100
98	99
98	100
99	100
101	102
101	103
101	104
101	105
101	106
101	107
101	110
101	111
102	105
102	106
102	107
102	108
102	109
102	110
103	104
103	105
103	107
103	109
103	110
103	111
104	105
104	108
105	106
105	107
105	108
105	109
106	107
106	109
106	111
107	108
107	109
107	110
107	111
108	109
108	110
108	111
109	110
109	111
110	111
112	113
112	114
112	115
112	116
112	117
112	118
112	119
112	120
113	115
113	116
113	117
113	118
113	119
113	120
114	115
114	117
114	118
114	119
114	120
115	117
115	118
115	120
115	121
116	117
116	118
116	119
116	120
116	121
117	119
117	120
117	121
118	119
118	120
119	120
119	121
122	123
122	125
122	126
122	127
122	128
122	130
122	131
122	133
123	124
123	125
123	126
123	128
123	129
123	131
123	132
124	127
124	130
124	131
124	132
125	127
125	128
125	130
125	131
125	132
125	133
126	127
126	132
126	133
127	130
127	131
127	132
128	129
128	130
128	132
128	133
129	130
129	131
129	132
129	133
130	131
130	132
131	132
131	133
134	135
134	136
134	137
134	139
134	140
134	141
134	142
134	143
134	144
135	136
135	137
135	139
135	140
135	141
135	142
135	143
135	144
136	138
136	140
136	141
136	142
136	144
137	140
137	141
137	142
137	143
137	144
138	139
138	143
138	144
139	140
139	143
139	144
140	141
140	142
140	143
140	144
141	143
141	144
142	144
143	144
145	146
145	147
145	149
145	150
145	151
145	152
145	153
146	147
146	149
146	150
146	151
146	153
146	154
146	155
146	156
147	148
147	149
147	150
147	151
147	152
147	153
147	154
147	155
147	156
148	150
148	152
148	154
148	156
149	150
149	151
149	152
149	154
149	155
149	156
150	151
150	152
150	154
150	155
150	156
151	152
151	153
151	154
151	155
151	156
152	153
152	154
152	155
152	156
153	154
153	155
154	155
155	156
157	158
157	160
157	161
157	162
157	164
157	165
157	166
158	159
158	161
158	163
158	164
158	165
158	166
158	167
159	160
159	161
159	162
159	163
159	164
159	165
159	166
159	167
160	162
160	163
160	165
160	166
160	167
161	162
161	164
161	165
162	164
162	165
162	166
163	164
163	167
164	166
165	167
168	169
168	170
168	171
168	172
168	176
168	177
168	178
169	170
169	172
169	173
169	176
169	177
169	178
170	174
170	175
170	176
170	177
171	172
171	173
171	174
171	175
171	176
171	178
172	173
172	175
172	177
173	174
173	175
173	176
174	176
174	178
175	176
175	177
176	177
177	178
179	180
179	181
179	183
179	184
179	185
179	187
179	188
179	190
179	191
180	181
180	182
180	183
180	186
180	187
180	188
180	189
180	191
181	182
181	185
181	187
181	189
181	190
182	183
182	184
182	185
182	186
182	188
182	189
182	190
182	191
183	184
183	185
183	188
183	189
183	190
183	191
184	186
184	187
184	188
184	189
185	186
185	187
185	188
185	189
185	191
186	187
186	188
186	189
187	188
187	190
188	189
188	190
188	191
189	190
189	191
192	194
192	195
192	196
192	197
192	198
192	199
192	201
192	202
192	203
193	195
193	198
193	199
193	201
193	202
193	203
194	195
194	197
194	199
194	200
194	203
195	196
195	197
195	198
195	202
195	203
196	199
196	200
196	201
197	198
197	199
197	201
197	203
198	199
198	200
198	201
198	202
198	203
199	201
199	203
200	201
200	203
201	202
201	203
202	203
