\\ machines
20
\\ max power
200
\\ Jobs in machine 1
9
J1	15	5	83	36	1.3511510710827257
J2	16	9	7	83	0.4079852514343544
J3	15	14	45	44	1.6252189153842473
J4	14	4	41	2	1.7200117599278126
J5	16	8	23	75	1.0415431437403437
J6	15	4	65	54	1.3971427496953597
J7	13	2	107	23	1.4460636576862775
J8	14	11	9	99	0.4407948319060211
J9	14	10	70	14	1.3291408737300183
\\ Jobs in machine 2
12
J10	15	3	100	53	1.6741423709201195
J11	15	2	3	47	1.4031769532109233
J12	14	3	100	45	1.2826559838658917
J13	14	14	109	69	1.0985646372857374
J14	14	3	19	68	0.4169447833353085
J15	15	12	33	72	0.7697767520738541
J16	15	4	39	49	1.3568410472144863
J17	14	9	57	53	1.9170831875326395
J18	14	8	106	91	0.9153203478373669
J19	14	8	69	34	1.3095601313638958
J20	14	9	90	9	0.9375733602411049
J21	13	2	36	88	1.3597395245601593
\\ Jobs in machine 3
11
J22	16	1	78	66	0.1
J23	17	8	43	88	1.3389947161656464
J24	15	7	33	87	1.4454387780154545
J25	14	12	57	23	1.0981515096055292
J26	14	10	73	69	1.489363085380775
J27	12	8	56	6	0.839595014764509
J28	15	7	19	5	1.3190777932376452
J29	15	5	97	75	0.7884243649074526
J30	16	13	33	71	0.9854887601404998
J31	16	5	47	11	0.9286086433963381
J32	16	6	60	64	0.49802007506907
\\ Jobs in machine 4
11
J33	15	7	93	55	1.7295047148489466
J34	12	13	92	77	0.9222981494660196
J35	14	13	19	68	1.7343142170407622
J36	15	8	103	92	0.6339016699653384
J37	14	8	33	64	1.5493156097561567
J38	14	10	53	91	0.5283115647053134
J39	14	3	79	1	0.8931973857397362
J40	16	11	68	44	1.0334679084563396
J41	16	12	8	59	1.5540624474211073
J42	14	11	50	52	1.2903638244509157
J43	13	13	55	81	1.6447015995355514
\\ Jobs in machine 5
12
J44	14	8	3	70	0.7730817081639217
J45	15	5	99	84	1.2823063627118416
J46	16	10	17	77	0.827828280843873
J47	14	13	94	71	1.2266020575538767
J48	13	2	45	83	1.19422834178799
J49	12	3	49	85	0.9434101546369336
J50	16	5	91	48	1.2552820600392856
J51	14	13	106	90	1.4744410462804556
J52	14	8	20	17	0.8083619123052381
J53	14	11	110	60	1.5234411040384404
J54	13	10	58	25	1.175370985651879
J55	13	1	25	28	0.528906417124144
\\ Jobs in machine 6
11
J56	15	3	86	48	1.1997720814297608
J57	14	14	95	58	0.537755512618901
J58	16	9	30	2	1.016128917938464
J59	16	3	47	67	1.0447911081312968
J60	15	14	110	23	0.9175248826072022
J61	15	3	110	58	2.2002412560219997
J62	14	1	26	88	0.5587457166544124
J63	13	10	104	10	1.0790266547202183
J64	13	11	57	64	1.3907408895537297
J65	15	8	104	8	1.7210432746501896
J66	14	4	92	40	1.8317853178113714
\\ Jobs in machine 7
12
J67	13	7	67	69	1.3569649751480113
J68	14	2	76	56	0.5605018478897684
J69	17	13	48	62	1.0336948483642616
J70	16	12	26	63	1.6171810403013005
J71	16	11	30	62	1.2341066202579893
J72	14	14	94	92	0.7020158081632791
J73	14	8	21	70	0.9689958910150527
J74	14	3	110	76	1.1973740745577783
J75	16	5	26	80	2.332184868432578
J76	14	2	77	73	2.0495587602858327
J77	15	11	82	14	0.7769627582334384
J78	15	1	76	76	1.3551315411077673
\\ Jobs in machine 8
13
J79	16	5	12	5	1.617111236481522
J80	15	2	99	19	2.129298297525703
J81	14	9	12	13	0.9441743278776759
J82	16	10	25	58	1.0236111248181579
J83	13	9	67	27	1.7879480532591403
J84	14	9	20	70	1.6460657183927287
J85	15	3	36	52	1.5305096668478386
J86	15	3	80	59	1.4667023564409079
J87	15	10	101	83	2.023132842322584
J88	14	14	47	77	0.1
J89	13	9	53	41	1.720028776435167
J90	16	7	30	92	0.9952980863476844
J91	13	8	51	46	1.0299512017540404
\\ Jobs in machine 9
13
J92	13	5	68	29	0.6144453598671874
J93	16	11	34	38	0.8289507730767981
J94	15	4	101	88	1.256820890203623
J95	13	8	99	22	1.1860202696504518
J96	14	5	22	65	0.6856858699499092
J97	15	7	63	30	1.1462599214127889
J98	15	5	4	19	1.2222323381860816
J99	15	3	96	51	1.2904502405217468
J100	15	14	100	46	1.0457626304385328
J101	17	7	105	62	1.2728620031966005
J102	15	5	108	77	0.7736140228349451
J103	15	10	76	57	0.445170001381911
J104	13	12	89	66	0.8284421598083749
\\ Jobs in machine 10
10
J105	15	10	82	33	1.3714888016115214
J106	14	6	40	85	0.8568647467872825
J107	14	14	69	40	0.9337975272903474
J108	15	4	73	88	0.7909098045003335
J109	13	7	23	82	0.1067019307103454
J110	14	11	71	93	0.8778926895154526
J111	15	2	75	42	1.096719872089235
J112	12	14	3	72	1.1295770951852986
J113	14	8	51	92	1.2833634918653862
J114	15	11	74	6	0.9244598279023665
\\ Jobs in machine 11
12
J115	15	2	33	10	2.299278818152502
J116	14	7	63	49	1.2347148735587152
J117	15	13	46	4	1.4894724150800405
J118	14	2	24	37	1.6353471082289728
J119	13	2	60	71	1.7049736351321552
J120	16	3	94	62	0.8940113115133117
J121	16	3	20	95	0.9840620103417268
J122	13	4	66	39	0.7189114898874729
J123	15	3	92	84	1.0544223755018063
J124	14	3	7	79	1.4114374421343268
J125	14	13	25	99	1.296826117554422
J126	14	4	63	32	1.0919854033063878
\\ Jobs in machine 12
10
J127	15	9	8	69	0.8302035611778532
J128	12	12	104	68	1.0185548418720276
J129	13	2	42	68	1.8166290680664876
J130	14	8	42	76	1.2782120783212034
J131	14	1	6	66	1.4687279645302378
J132	13	3	12	38	1.3244207654030833
J133	15	14	66	85	1.0607455059749917
J134	14	13	27	93	0.7381142770132456
J135	14	14	7	2	1.123175344814709
J136	16	4	33	85	1.0064593702657634
\\ Jobs in machine 13
11
J137	15	6	28	84	1.6737945561506127
J138	15	11	18	56	1.6202791364229785
J139	12	7	83	64	1.671786982429366
J140	13	6	53	94	0.9420854299740877
J141	15	6	37	24	0.34731281680086545
J142	15	8	101	97	1.545362485394738
J143	16	13	13	12	1.0476460312811764
J144	13	3	87	3	1.3597067698997822
J145	13	13	28	82	1.2484195657087844
J146	17	14	86	67	1.1545851305049406
J147	15	6	38	21	1.4490710098113728
\\ Jobs in machine 14
10
J148	12	6	105	59	1.049338584849919
J149	14	9	82	43	0.9159867328219053
J150	13	11	13	79	1.6475357616555582
J151	15	6	66	14	1.294676402789884
J152	15	6	35	28	1.1377726468862241
J153	15	3	41	42	1.2350779019805211
J154	14	4	69	9	0.7252073153506506
J155	15	10	20	48	0.717586579058402
J156	15	8	110	78	1.0276483822952889
J157	14	11	59	69	1.9639969122585388
\\ Jobs in machine 15
11
J158	15	14	110	21	1.4424310258680315
J159	14	8	48	12	0.9592936875749256
J160	13	9	82	44	0.42650629255245853
J161	14	1	84	85	0.7170512485817778
J162	14	12	3	22	0.25082064162742834
J163	15	10	107	72	1.6612806691658295
J164	15	12	16	62	1.7108224453874092
J165	14	1	98	49	1.2608754675558056
J166	14	1	106	67	1.5141859455986726
J167	15	3	93	85	0.9373518127542956
J168	16	7	89	4	1.9845240584235593
\\ Jobs in machine 16
11
J169	14	3	107	76	1.0977917669398918
J170	14	13	30	81	1.8079309937525239
J171	14	2	93	16	0.782244115607754
J172	12	1	33	42	1.4980657655462009
J173	16	5	109	17	0.8643602676230361
J174	14	4	15	57	1.5676345450560085
J175	15	13	59	100	0.9671920964164129
J176	15	1	37	63	2.0953254166567294
J177	13	11	99	9	1.2260367706438606
J178	16	7	60	25	0.7839372244291574
J179	15	7	79	17	1.41053238379812
\\ Jobs in machine 17
11
J180	16	11	61	52	1.4705477710144708
J181	14	10	47	23	0.6101214503976619
J182	14	5	70	76	1.3998917241339857
J183	17	11	60	11	1.3898779771080763
J184	15	9	7	48	1.0399603714303394
J185	14	1	56	50	1.8956934789201414
J186	15	9	85	38	0.4974277561318078
J187	12	14	8	46	1.338065996478651
J188	14	11	104	25	1.5971404746765578
J189	16	12	96	54	1.046974759359949
J190	14	2	14	29	1.0877870721867278
\\ Jobs in machine 18
11
J191	13	12	51	18	0.10748790656788865
J192	14	12	44	5	1.4424323206397385
J193	14	8	107	52	0.9096606389436979
J194	15	6	5	67	1.2793118181682277
J195	13	13	65	15	1.0128052377461452
J196	13	4	11	9	1.5676538655132508
J197	13	11	45	6	1.5359865970068785
J198	15	2	76	1	0.7175622482284172
J199	13	11	35	56	0.8902723524966982
J200	14	6	30	13	0.876485815238542
J201	14	2	30	17	1.1641005891477039
\\ Jobs in machine 19
10
J202	15	3	44	61	1.335708194941397
J203	14	4	11	54	1.4846924815681792
J204	14	6	4	53	1.241110496628641
J205	15	4	26	71	0.8661863869305804
J206	14	7	58	44	1.40289413756859
J207	15	14	98	16	1.780366868446344
J208	15	13	15	98	0.6599742149116883
J209	14	1	20	86	1.803123383057568
J210	14	3	14	84	1.0931466252343618
J211	13	3	55	56	0.4758934135380326
\\ Jobs in machine 20
9
J212	14	9	44	75	1.4801623087562885
J213	15	8	67	17	0.9458884395224336
J214	14	4	10	84	1.597964825828745
J215	16	7	66	95	1.8511395529026564
J216	16	2	57	1	1.4505096631465852
J217	14	6	99	28	0.9401929225733326
J218	15	8	48	75	0.712750136822047
J219	14	12	99	2	0.7197065166631413
J220	14	3	109	83	0.9639229174060109
\\ Dependencies 
203
1	8
1	9
3	7
3	8
3	9
10	16
10	17
10	18
11	15
11	21
13	15
13	17
14	16
14	18
15	18
18	21
22	25
23	27
24	26
26	32
27	28
27	31
33	37
33	38
33	42
34	41
35	36
35	41
35	42
36	42
37	42
40	41
40	43
44	46
44	49
45	48
45	53
46	47
47	48
47	55
48	53
49	53
49	55
50	54
51	55
53	55
56	61
56	64
57	65
58	59
59	60
59	61
60	64
62	64
62	66
63	64
63	66
64	66
67	68
67	69
67	71
68	69
68	75
70	72
70	78
71	73
72	75
72	77
72	78
73	77
79	84
79	91
80	82
80	90
81	86
81	87
81	91
82	86
82	87
82	91
83	84
83	89
85	86
87	88
87	91
92	97
92	98
92	104
93	97
93	98
93	104
94	95
94	103
95	97
95	102
95	103
96	97
97	98
97	100
97	101
98	104
99	101
99	102
105	106
106	107
106	108
108	110
109	110
109	113
111	113
112	113
115	116
116	118
117	125
119	122
119	125
120	126
122	123
122	126
124	126
127	134
128	129
131	133
132	134
133	135
137	139
137	142
137	144
140	146
142	144
143	145
144	145
145	147
148	155
149	150
149	151
149	152
149	155
150	153
150	155
151	155
154	156
155	156
155	157
156	157
158	163
158	165
158	168
160	165
160	168
161	165
161	167
162	164
163	164
164	165
169	178
170	176
170	179
171	174
171	176
172	179
173	174
173	176
175	177
181	185
181	189
182	184
182	190
184	186
184	187
186	187
186	190
191	196
192	194
192	198
192	199
193	197
193	199
193	201
194	196
194	200
195	201
196	201
197	199
199	201
204	206
204	208
205	206
205	209
207	209
208	211
209	211
212	214
212	216
212	218
213	218
214	218
214	219
215	219
215	220
216	218
216	220
218	220
