\\ machines
10
\\ max power
100
\\ Jobs in machine 1
12
J1	16	10	66	46	1.473458145822236
J2	14	6	9	25	0.8104991256703526
J3	14	14	46	44	1.2637734012993433
J4	15	1	44	11	1.4348529161478756
J5	13	5	57	22	1.1265830629668232
J6	16	5	48	28	2.294700990856035
J7	14	3	44	47	0.9627237898022565
J8	15	1	15	32	0.7981788120606048
J9	15	10	61	9	1.0802607833379787
J10	14	5	69	46	1.3832693671238174
J11	14	1	16	3	1.5398260929443446
J12	14	6	37	32	1.2702125709288206
\\ Jobs in machine 2
9
J13	14	14	95	10	0.7966017525658095
J14	13	12	99	41	0.9257315703090467
J15	16	1	50	22	0.9401491297682123
J16	14	9	105	27	0.7465748985590026
J17	15	5	46	1	1.4802104465169421
J18	13	5	70	28	1.3190982339217103
J19	14	10	99	43	1.0228888179742117
J20	13	5	83	17	1.193343682280781
J21	14	5	21	13	1.0622740081139477
\\ Jobs in machine 3
13
J22	15	2	43	50	1.1956566042769468
J23	13	13	58	29	0.9289024930069841
J24	14	8	101	9	1.1318178736974693
J25	14	11	70	11	1.6071684113852704
J26	15	13	108	43	1.0295614673979352
J27	14	14	31	30	1.2806136349194202
J28	15	5	69	1	1.4108573692545923
J29	14	5	79	45	0.5564000640024965
J30	15	7	66	30	1.4191291617334483
J31	12	7	34	27	0.5842931346461946
J32	15	14	91	7	1.8098602389571585
J33	16	14	73	10	1.167764685954581
J34	15	2	52	39	1.580458540044323
\\ Jobs in machine 4
11
J35	15	8	43	28	1.0416598746175831
J36	14	9	100	33	1.3059307464157481
J37	16	10	5	11	0.9230312227127723
J38	14	13	110	14	2.019351594700189
J39	16	5	109	28	0.4426600179071626
J40	14	13	81	46	1.7430314811149763
J41	15	7	60	45	1.2342769777724047
J42	16	14	33	4	1.4950525561361454
J43	14	2	51	48	0.9473260517940543
J44	14	11	27	2	0.7493131086647193
J45	13	2	93	19	1.265455041270203
\\ Jobs in machine 5
11
J46	14	8	74	10	1.2446773983838082
J47	12	10	106	10	1.742819002445534
J48	13	3	37	31	0.9175598679601705
J49	15	12	107	12	0.8227106527699393
J50	14	2	81	12	1.2345421378670483
J51	13	2	84	42	1.604256177286429
J52	14	12	66	31	1.3212857128694473
J53	16	1	103	15	1.3942530120344538
J54	15	6	41	36	1.6460030754567847
J55	16	11	81	37	1.8812804548584494
J56	15	8	30	28	1.2180617799891922
\\ Jobs in machine 6
11
J57	15	1	76	11	1.509917303480795
J58	14	12	9	49	0.9095651466735546
J59	15	6	105	4	0.8796863008208966
J60	14	13	9	45	0.8355372125511538
J61	16	2	78	12	1.2857532426742808
J62	15	13	3	33	1.4493849402151813
J63	14	5	53	17	0.3751392875742271
J64	13	12	65	20	1.3324599202740357
J65	15	9	37	13	1.9017764258744303
J66	16	8	27	25	1.803287947874602
J67	14	5	74	12	2.212572497400288
\\ Jobs in machine 7
12
J68	14	13	28	27	1.1850536085405776
J69	14	9	22	38	1.9918650621143639
J70	14	14	98	42	1.3403942506210924
J71	15	9	45	10	0.7772900965672787
J72	15	5	62	50	1.4169103851644045
J73	15	11	22	11	1.213675813072377
J74	13	8	71	20	1.2487284943534616
J75	15	14	21	41	1.5783825761804835
J76	15	1	90	33	0.11749557530768451
J77	12	5	101	23	2.0460735487332298
J78	13	5	3	2	1.3226383971797027
J79	17	4	106	41	0.881672380351096
\\ Jobs in machine 8
10
J80	13	12	45	33	1.0574416710249712
J81	16	14	101	14	1.4390994545111768
J82	14	7	103	43	1.2966226678330448
J83	15	9	96	23	0.5107059127189734
J84	14	2	40	50	1.498356115549862
J85	14	3	22	26	1.4719528524433145
J86	16	2	106	5	2.6410921521560002
J87	14	7	97	39	1.2184470926279376
J88	15	12	45	32	1.4292885024898334
J89	14	9	9	38	0.8531141813830159
\\ Jobs in machine 9
10
J90	14	12	29	41	1.0519423714256064
J91	15	9	21	14	1.1749738629940514
J92	14	13	102	15	1.1421256348710715
J93	16	3	10	7	1.331819810285993
J94	15	1	36	37	0.502282891688388
J95	15	14	81	20	1.4075078662735914
J96	12	3	6	12	0.7527969138060493
J97	16	2	56	42	1.118786377795612
J98	14	4	56	42	1.4018687884609533
J99	14	2	58	11	1.793658040829663
\\ Jobs in machine 10
9
J100	15	9	43	36	1.630636308905227
J101	14	7	41	24	1.605596979612155
J102	13	8	18	35	0.37588412618713696
J103	15	11	21	17	1.337213372130138
J104	12	1	77	41	1.97158319873266
J105	16	12	35	17	1.0640939861401641
J106	14	6	2	45	1.6082165458611222
J107	15	1	81	42	0.8541323333594635
J108	13	9	75	5	1.383168631275061
\\ Dependencies 
382
1	2
1	3
1	4
1	5
1	6
1	7
1	8
1	10
1	11
1	12
2	3
2	4
2	5
2	6
2	7
2	8
2	10
2	11
3	4
3	6
3	7
3	8
3	10
3	11
4	5
4	7
4	8
4	9
4	10
4	11
4	12
5	6
5	7
5	10
5	11
5	12
6	7
6	8
6	9
6	10
6	12
7	8
7	9
7	11
7	12
8	10
8	11
8	12
9	10
9	12
10	11
13	14
13	15
13	16
13	18
13	19
13	21
14	15
14	16
14	17
14	18
14	19
14	20
15	17
15	19
15	20
15	21
16	17
16	19
16	20
16	21
17	20
18	19
18	20
18	21
19	20
19	21
22	24
22	25
22	26
22	27
22	28
22	29
22	30
22	31
22	33
22	34
23	24
23	25
23	26
23	27
23	28
23	30
23	31
23	32
23	33
24	28
24	30
24	32
24	33
24	34
25	26
25	27
25	28
25	29
25	30
25	32
25	33
25	34
26	27
26	30
26	31
26	32
26	33
26	34
27	28
27	30
27	31
27	32
27	34
28	29
28	30
28	31
28	32
28	33
29	31
29	32
30	31
30	32
30	33
30	34
31	32
31	33
31	34
32	34
35	36
35	40
35	42
35	43
35	44
35	45
36	38
36	39
36	42
36	45
37	38
37	41
37	42
37	43
37	45
38	39
38	40
38	42
38	43
38	45
39	41
39	42
39	43
39	45
40	41
40	42
40	43
40	44
41	42
41	43
41	44
41	45
42	43
42	45
43	44
44	45
46	47
46	48
46	50
46	52
46	53
46	55
46	56
47	48
47	49
47	50
47	53
47	54
47	55
47	56
48	49
48	51
48	52
48	53
48	55
48	56
49	50
49	52
49	54
50	51
50	53
50	54
50	55
50	56
51	56
52	54
52	55
52	56
53	55
53	56
54	55
54	56
55	56
57	58
57	59
57	60
57	61
57	62
57	63
57	64
57	65
57	66
58	59
58	62
58	64
58	66
58	67
59	61
59	63
59	66
59	67
60	61
60	62
60	63
60	64
60	66
60	67
61	62
61	63
61	67
62	63
62	64
62	65
62	66
62	67
63	65
63	67
64	65
64	66
65	66
65	67
68	69
68	70
68	71
68	72
68	73
68	75
68	77
68	79
69	70
69	71
69	72
69	73
69	76
69	77
69	78
69	79
70	71
70	75
70	79
71	73
71	74
71	75
71	76
71	78
71	79
72	73
72	74
72	75
72	76
72	77
72	78
72	79
73	75
73	76
73	77
74	75
74	77
74	79
75	76
75	77
75	78
75	79
76	77
76	78
76	79
77	78
77	79
78	79
80	81
80	84
81	82
81	83
81	84
81	85
81	86
81	87
81	88
82	84
82	86
82	88
83	84
83	85
83	86
83	87
83	89
84	85
84	86
84	87
84	88
85	86
85	87
85	88
85	89
86	87
86	88
87	88
87	89
88	89
90	91
90	92
90	93
90	94
90	95
90	96
90	98
90	99
91	93
91	94
91	97
92	93
92	94
92	97
92	98
93	94
93	95
93	96
93	97
93	99
94	95
94	96
94	97
94	98
95	96
95	97
95	98
95	99
96	97
96	98
96	99
97	99
98	99
100	103
100	104
100	106
100	108
101	102
101	103
101	105
101	107
102	103
102	105
102	106
102	107
102	108
103	105
103	106
103	107
103	108
104	105
104	107
104	108
105	106
105	107
106	107
106	108
107	108
