\\ machines
25
\\ max power
250
\\ Jobs in machine 1
12
J1	14	11	57	18	1.929344889839284
J2	16	1	7	117	0.9378351921022107
J3	15	11	13	76	0.8443218239121002
J4	14	11	68	84	0.5110184194250795
J5	13	13	72	67	1.1419099650694498
J6	13	2	13	115	0.7610583437675955
J7	13	2	22	84	1.3699282701150124
J8	16	8	41	12	2.304415047174447
J9	12	14	15	62	1.1668795742506364
J10	14	6	23	99	0.9557544646460165
J11	14	8	59	60	0.45673865910839195
J12	15	7	63	32	1.1610641410563147
\\ Jobs in machine 2
10
J13	14	6	94	64	0.8782036065565815
J14	15	12	47	125	1.3290262952944905
J15	14	11	63	96	0.5940049730261867
J16	15	13	45	51	1.5602930170246632
J17	14	3	29	12	1.3957931329638371
J18	14	5	50	85	0.340053453603507
J19	13	11	26	7	0.44585928151595255
J20	14	7	106	118	1.6766802024614837
J21	16	7	42	77	1.4880556180638587
J22	13	14	92	69	1.466520854722197
\\ Jobs in machine 3
11
J23	16	5	27	104	1.4179533216592308
J24	16	10	78	14	1.2731401511560583
J25	13	6	54	96	1.1248516563089328
J26	15	2	48	118	1.3592177040228317
J27	13	10	68	59	1.7452656284512305
J28	15	14	81	29	1.4549429790603825
J29	16	3	54	36	0.5244520474417814
J30	16	14	94	98	0.81543381966978
J31	15	11	9	84	1.174711300718782
J32	15	6	10	2	1.0464181756244646
J33	13	1	19	88	0.8499572555447241
\\ Jobs in machine 4
9
J34	14	2	66	90	1.1510116894745033
J35	13	7	75	9	1.6178331605206537
J36	16	14	56	69	1.1886615005284584
J37	17	7	86	42	0.1
J38	14	3	14	4	1.4517847118597302
J39	16	11	34	110	1.1627021479473925
J40	14	12	85	73	1.0003723807750131
J41	16	8	90	71	1.4127216473247644
J42	14	11	58	100	0.6458968216939145
\\ Jobs in machine 5
11
J43	14	1	81	112	0.8222340194902044
J44	14	2	54	19	1.7672249693592206
J45	14	1	24	106	1.2943263707586936
J46	13	8	40	33	1.3365221295546825
J47	15	14	43	10	0.6372266107864275
J48	11	9	83	34	1.6672359580789262
J49	15	7	69	6	1.6951538276424185
J50	16	14	6	74	1.8249492653547796
J51	13	1	47	81	1.082968080582588
J52	15	6	39	81	1.4408627135635819
J53	15	4	64	54	0.8525865145207139
\\ Jobs in machine 6
10
J54	15	7	80	100	2.846075672590889
J55	15	10	2	97	1.7755576405484619
J56	15	10	6	83	0.9201170118693618
J57	14	9	105	52	1.9576861963401093
J58	14	4	106	121	0.8986729466311305
J59	13	1	96	86	0.6562983068829065
J60	15	11	55	105	0.5337508079752715
J61	16	9	77	9	1.8412741211941306
J62	15	2	43	89	1.6782496059770193
J63	14	2	90	27	1.583028324593188
\\ Jobs in machine 7
12
J64	16	9	92	113	0.5155313654825491
J65	15	9	88	66	0.24362658500613577
J66	15	2	107	92	1.1129072258408115
J67	15	5	49	114	1.1278648538442522
J68	15	2	50	88	0.40110206843065965
J69	15	3	7	11	2.131694251879342
J70	16	4	104	96	1.5392276541405445
J71	14	5	76	74	1.2428472146018634
J72	14	14	28	23	1.773601591608605
J73	15	4	11	38	1.4662022053282948
J74	15	3	33	124	1.138876379553058
J75	14	2	87	22	1.3141456950269315
\\ Jobs in machine 8
12
J76	13	9	56	108	0.1
J77	14	8	78	82	0.49118462196658097
J78	14	11	47	92	0.7063818756832255
J79	14	7	11	36	1.2812106227467401
J80	15	12	44	107	0.781109608048217
J81	16	14	85	101	2.2255755989345682
J82	14	6	8	102	1.6027635712182637
J83	13	11	23	59	1.307127951536436
J84	15	4	74	26	0.830516084131802
J85	15	6	86	65	0.7048209152037767
J86	15	3	55	111	0.7569420207950568
J87	14	8	88	123	1.1761949028737133
\\ Jobs in machine 9
12
J88	15	1	63	26	2.670730193763048
J89	13	5	74	22	1.8103154824378331
J90	15	9	54	84	0.7055829923328618
J91	14	10	33	73	1.3924367104933761
J92	16	12	30	101	0.9538507472476694
J93	15	8	7	8	1.2573030147709967
J94	13	7	72	75	0.6007843999627336
J95	14	14	49	3	1.2867721545266382
J96	15	3	61	52	0.7815544459719228
J97	15	1	29	76	0.960498219303617
J98	14	11	61	107	1.550815550541201
J99	14	8	67	117	1.4288382011691532
\\ Jobs in machine 10
11
J100	14	7	65	1	0.6855461219422357
J101	14	2	5	56	0.5731506346132301
J102	14	13	43	85	1.5983087150154853
J103	13	7	102	66	1.5400003911100728
J104	14	3	100	31	1.144221255087161
J105	16	11	94	7	0.7455062010009141
J106	13	10	79	81	1.0147393066151942
J107	15	10	38	52	1.1923778855888252
J108	14	1	72	37	1.2639393401205632
J109	13	7	60	87	1.774172830489602
J110	14	14	100	33	1.8193576015463262
\\ Jobs in machine 11
12
J111	14	12	30	103	1.8157393667307424
J112	15	9	29	43	0.1
J113	13	10	68	102	1.1422113453596099
J114	15	1	74	28	1.1994989184887412
J115	14	13	101	64	0.8361012399655978
J116	15	1	24	79	0.6212627180967749
J117	14	7	12	50	1.146138860423405
J118	15	8	66	120	1.68533582740891
J119	14	9	60	14	1.8253874990633814
J120	14	9	80	70	1.502752029680237
J121	16	3	47	104	1.4776820512716424
J122	15	1	74	100	0.706234248296919
\\ Jobs in machine 12
10
J123	13	8	89	39	0.7625607031308562
J124	13	11	107	85	1.252886903611082
J125	16	5	81	75	1.1417561358195125
J126	14	7	40	66	0.36518225091969225
J127	13	2	86	12	1.7877300968121672
J128	16	14	77	76	1.337294914323447
J129	16	13	27	4	1.8900267318575983
J130	15	11	59	119	1.2271327551434346
J131	16	8	24	93	0.5983577119654504
J132	15	6	90	57	0.46985814574729146
\\ Jobs in machine 13
10
J133	16	14	45	96	0.24609774455903388
J134	15	9	29	61	0.8407850438338071
J135	16	11	33	108	0.4841377660408662
J136	14	12	35	50	1.274080909459169
J137	18	5	95	41	1.1419274281556626
J138	16	14	52	13	1.3798541445672379
J139	14	13	18	25	1.4188936474566964
J140	15	5	107	53	1.1295656234877411
J141	15	3	64	100	0.9411658185841019
J142	16	5	58	19	1.3483537753006918
\\ Jobs in machine 14
12
J143	15	10	75	17	0.291509910893306
J144	13	2	58	54	1.6981893095525995
J145	14	6	26	39	1.0218894285897855
J146	16	1	91	91	0.9945590898823526
J147	15	1	44	60	1.7147862558391047
J148	15	4	68	6	1.416376257043732
J149	13	9	42	87	1.5030368857240106
J150	15	13	24	62	0.63194396533355
J151	15	7	53	13	0.12474773468764044
J152	14	5	59	46	1.5090971587576614
J153	14	6	64	35	0.9626776384222365
J154	12	4	39	13	1.6238315764091447
\\ Jobs in machine 15
11
J155	15	6	81	46	1.5637612433322339
J156	14	9	56	23	1.117871412994273
J157	14	9	101	44	2.0622848751877965
J158	16	6	30	44	2.2213463074229383
J159	13	4	93	78	1.383233856419933
J160	16	1	46	36	0.5902855288530312
J161	14	5	28	104	0.5853335198974584
J162	15	8	62	73	1.579044790440655
J163	14	13	14	53	1.0106916892117095
J164	13	2	5	58	1.0771672043403464
J165	13	10	84	37	0.8419092037641587
\\ Jobs in machine 16
11
J166	14	11	16	26	0.773106347034992
J167	14	6	86	71	1.3096036276361451
J168	14	11	58	43	1.3290703817977207
J169	15	1	58	86	0.5638471833376552
J170	14	9	16	106	1.1374225648577962
J171	14	11	18	68	1.3806891691661838
J172	15	6	36	111	2.046479010940888
J173	15	11	3	83	1.7469060164173045
J174	14	9	18	92	1.1817793640055778
J175	14	10	83	85	1.781139595728983
J176	15	10	8	19	0.5129348167306559
\\ Jobs in machine 17
13
J177	14	13	63	105	1.5873945084038474
J178	15	14	9	78	1.680346387121784
J179	14	14	95	9	1.0093052329632244
J180	13	8	7	86	0.860693582574021
J181	15	6	32	32	0.8127579812269383
J182	15	9	66	86	1.7974108882094186
J183	15	8	82	85	1.9561578523702652
J184	16	11	107	16	1.1222669689587663
J185	15	10	80	125	0.4642483802848766
J186	15	13	74	17	1.7444650903642067
J187	14	2	105	66	0.4547377090638959
J188	16	5	44	36	0.45244517547929897
J189	15	8	82	27	2.496423489807436
\\ Jobs in machine 18
12
J190	14	8	66	79	1.1189591699788939
J191	15	7	75	79	0.874830236342045
J192	13	7	82	63	0.5350730040902433
J193	14	13	84	111	0.7254790987611413
J194	14	3	90	90	0.33931042604409756
J195	15	2	2	78	0.8811704295898535
J196	13	4	91	91	1.4141746079881101
J197	13	7	98	103	0.1
J198	15	9	9	13	0.717736520443492
J199	13	10	93	53	1.372699256734887
J200	14	7	88	5	1.09610921110726
J201	15	9	97	21	1.3777393405500338
\\ Jobs in machine 19
11
J202	13	13	55	99	1.1821727591276756
J203	13	14	87	31	1.032501647740044
J204	15	8	2	55	0.8800358267538931
J205	14	2	10	95	1.3027466577013698
J206	16	9	86	36	1.1465005999495776
J207	15	6	73	110	0.9835438173910827
J208	14	14	85	112	1.5783124171292888
J209	13	9	82	94	1.6309258990150146
J210	14	11	88	120	0.7882063400012793
J211	16	10	40	74	1.7974277749253698
J212	16	1	88	79	1.9799770702581072
\\ Jobs in machine 20
11
J213	14	9	78	11	2.585187748520239
J214	15	9	63	16	1.013877182149063
J215	16	9	31	69	1.4075420827379783
J216	14	4	20	55	1.520072140504657
J217	15	8	72	46	1.5293222053047046
J218	15	9	18	62	1.190675390885256
J219	15	1	90	106	0.91608588434284
J220	13	5	56	64	1.7003172295789488
J221	17	1	31	35	1.430569089393224
J222	13	7	106	36	1.2211783533767522
J223	14	8	85	36	1.0530308887126023
\\ Jobs in machine 21
11
J224	12	2	49	16	1.765433260168544
J225	15	8	14	39	0.5536300001686759
J226	14	12	106	103	0.6220726063599222
J227	15	6	107	93	1.142175366957122
J228	16	9	97	119	1.668232404210032
J229	15	13	63	53	0.9586134742419433
J230	14	10	98	66	1.0207085936868194
J231	14	12	101	54	2.0892928571267273
J232	14	1	64	99	1.5670202250923535
J233	15	8	43	98	1.633562001769122
J234	14	2	26	15	1.4224655333235776
\\ Jobs in machine 22
12
J235	15	12	48	91	1.4728862183141993
J236	16	9	54	64	1.9318607077503156
J237	15	9	12	23	0.9981450417414427
J238	14	6	33	22	0.8935855809748126
J239	15	8	28	67	0.8909166283635821
J240	13	1	12	88	1.5749954805260984
J241	15	14	69	35	1.1852736342577224
J242	14	2	39	27	0.5469390167880182
J243	17	4	80	104	1.0219155998055107
J244	14	6	62	102	1.3105836536045217
J245	16	2	109	36	0.9660095334882246
J246	13	7	44	10	0.37350651551575476
\\ Jobs in machine 23
10
J247	14	4	39	72	0.8478227759027746
J248	15	4	78	61	0.6353111716405019
J249	15	5	96	17	1.2234931711398185
J250	15	3	102	43	1.3996646859015216
J251	13	12	4	109	1.4304431735165308
J252	13	2	83	10	1.3417482482592982
J253	13	6	63	118	1.3334110661327854
J254	15	7	50	118	1.1679880827134252
J255	15	2	12	60	1.342537964019336
J256	13	1	102	94	1.9899646848508281
\\ Jobs in machine 24
11
J257	14	10	100	29	0.8068117524449308
J258	16	5	19	108	0.724103445687702
J259	14	8	17	9	1.0535383365898865
J260	16	3	88	2	0.9598556433803981
J261	15	14	93	23	1.1743041568236954
J262	16	11	101	50	1.6194799581244572
J263	15	4	23	64	0.8768344783090196
J264	14	12	28	11	0.8546886397954496
J265	14	12	74	121	0.7757631616534464
J266	15	11	90	121	0.34960790983388623
J267	13	7	82	35	1.4297845916700958
\\ Jobs in machine 25
13
J268	15	9	95	104	2.1797143538905543
J269	14	7	47	97	0.9321366350459335
J270	13	14	68	64	1.2921256500315628
J271	15	10	83	58	0.9632229165114529
J272	13	9	78	96	1.430829394909506
J273	14	9	9	107	0.6197443011218764
J274	13	3	24	34	1.6848761643823431
J275	14	13	61	83	0.3784622773146088
J276	15	2	10	43	1.5441312387749424
J277	15	7	95	112	0.6152808425086717
J278	16	11	100	87	0.6970616237034993
J279	15	1	4	22	1.2093799750125114
J280	14	8	98	90	1.3810010610951393
\\ Dependencies 
1024
1	2
1	3
1	4
1	6
1	7
1	8
1	9
1	10
1	11
1	12
2	5
2	6
2	9
2	10
2	11
3	4
3	5
3	6
3	7
3	8
3	9
3	10
3	12
4	5
4	7
4	10
4	11
4	12
5	8
5	9
5	10
6	8
6	9
6	10
6	11
6	12
7	9
7	10
7	11
8	9
8	10
8	11
8	12
9	10
9	12
10	11
10	12
11	12
13	16
13	17
13	18
13	19
13	21
13	22
14	15
14	16
14	17
14	18
14	19
14	20
14	22
15	17
15	18
15	20
15	21
16	17
16	19
16	22
17	18
17	20
17	22
18	19
18	20
18	21
18	22
19	20
19	21
19	22
20	21
20	22
21	22
23	24
23	25
23	29
23	32
23	33
24	27
24	28
24	29
24	30
24	31
24	33
25	26
25	28
25	30
26	27
26	28
26	29
26	30
26	31
26	32
26	33
27	28
27	29
27	30
27	31
27	32
28	29
28	30
28	31
28	32
28	33
29	30
29	31
29	32
30	32
30	33
31	32
31	33
34	35
34	36
34	37
34	39
34	41
35	36
35	37
35	38
35	39
35	40
35	41
35	42
36	37
36	38
36	40
36	41
36	42
37	39
37	40
37	41
38	39
38	41
38	42
39	40
39	41
39	42
40	41
41	42
43	44
43	45
43	46
43	47
43	48
43	49
43	51
43	52
44	45
44	46
44	47
44	48
44	49
44	50
44	51
44	52
45	46
45	47
45	49
45	51
45	52
45	53
46	49
46	50
46	52
46	53
47	48
47	49
47	50
47	52
47	53
48	49
48	50
48	51
48	52
48	53
49	51
49	52
49	53
50	51
50	53
51	52
51	53
54	56
54	57
54	58
54	59
54	60
54	61
54	62
54	63
55	56
55	57
55	59
55	60
55	63
56	58
56	59
56	60
56	63
57	59
57	60
57	61
57	62
58	59
58	60
58	61
58	62
59	61
59	62
59	63
60	62
60	63
61	62
61	63
62	63
64	65
64	66
64	67
64	68
64	69
64	70
64	71
64	72
64	74
64	75
65	67
65	69
65	70
65	71
65	72
65	73
66	70
66	71
66	73
67	68
67	69
67	70
67	72
67	73
67	74
68	69
68	71
68	72
68	74
68	75
69	70
69	71
69	73
69	74
70	71
70	72
70	74
70	75
71	73
71	75
72	73
72	74
73	75
76	79
76	80
76	83
76	87
77	81
77	82
77	83
77	84
77	85
77	86
78	79
78	80
78	81
78	82
78	83
78	84
78	85
78	87
79	80
79	81
79	82
79	83
79	84
79	86
79	87
80	81
80	83
80	84
80	86
80	87
81	82
81	83
81	84
81	85
81	86
81	87
82	84
82	85
82	86
83	84
83	85
83	86
83	87
84	85
84	87
85	86
85	87
86	87
88	91
88	94
88	95
88	96
88	97
88	98
89	90
89	91
89	92
89	94
89	95
89	96
89	97
89	99
90	91
90	93
90	94
90	95
90	96
90	98
90	99
91	93
91	94
91	96
91	97
91	98
92	95
92	96
92	98
93	94
93	96
93	98
93	99
94	95
94	96
94	97
95	98
95	99
96	97
97	99
98	99
100	101
100	102
100	104
100	107
100	108
100	109
101	102
101	103
101	105
101	106
102	103
102	104
102	105
102	107
102	108
102	110
103	105
103	106
103	107
103	109
104	105
104	106
104	107
104	109
104	110
105	107
105	108
105	109
105	110
106	107
106	108
106	109
106	110
107	108
107	109
108	109
108	110
109	110
111	112
111	113
111	117
111	118
111	119
111	120
111	121
111	122
112	114
112	115
112	118
112	119
112	122
113	116
113	117
113	119
113	120
113	121
113	122
114	115
114	116
114	119
114	120
114	121
114	122
115	117
115	118
115	119
115	120
115	122
116	117
116	118
116	119
116	120
116	121
116	122
117	119
117	121
117	122
118	120
118	121
118	122
119	120
119	121
120	121
120	122
123	124
123	127
123	130
123	131
123	132
124	126
124	128
124	129
124	130
124	132
125	126
125	127
125	128
125	129
125	130
125	131
125	132
126	132
127	129
127	130
127	132
128	130
128	131
128	132
129	130
129	131
130	131
130	132
131	132
133	134
133	136
133	137
133	138
133	139
133	140
133	141
133	142
134	135
134	136
134	137
134	138
134	140
134	141
135	136
135	141
135	142
136	137
136	139
136	140
136	141
136	142
137	139
138	140
138	141
138	142
139	140
139	141
140	141
140	142
141	142
143	145
143	147
143	149
143	151
143	152
143	153
143	154
144	147
144	148
144	149
144	150
144	153
145	146
145	148
145	149
145	150
145	151
145	153
146	147
146	148
146	150
146	152
146	153
146	154
147	149
147	150
147	151
147	152
147	153
148	149
148	151
148	152
148	153
148	154
149	150
149	152
149	153
149	154
150	151
150	152
150	153
150	154
151	152
151	153
151	154
152	154
153	154
155	159
155	160
155	161
155	162
155	165
156	158
156	159
156	160
156	161
156	163
156	164
156	165
157	159
157	160
157	161
157	162
157	163
157	164
158	160
158	161
158	162
158	163
158	164
158	165
159	160
159	161
159	162
159	163
159	164
159	165
160	162
160	163
160	164
160	165
161	164
161	165
162	163
162	164
163	164
163	165
166	168
166	169
166	170
166	171
166	172
166	173
166	174
166	176
167	168
167	169
167	170
167	171
167	172
167	173
167	174
167	175
167	176
168	172
168	173
168	175
169	172
169	173
169	176
170	171
170	172
170	173
170	175
170	176
171	173
171	174
171	175
171	176
172	173
172	174
172	175
172	176
173	174
173	175
173	176
174	175
174	176
175	176
177	178
177	179
177	181
177	182
177	183
177	185
177	189
178	179
178	180
178	182
178	183
178	184
178	185
178	186
178	187
178	188
178	189
179	180
179	181
179	183
179	184
179	186
179	187
179	188
180	181
180	183
180	185
180	186
180	187
180	188
180	189
181	183
181	185
181	186
181	187
181	188
181	189
182	183
182	184
182	185
182	186
182	189
183	184
183	185
183	186
183	187
183	188
183	189
184	186
184	187
184	188
184	189
185	186
185	187
185	188
185	189
186	188
190	191
190	192
190	193
190	194
190	195
190	196
190	197
190	198
190	199
190	201
191	192
191	193
191	195
191	197
191	198
191	199
191	200
192	193
192	194
192	195
192	196
192	197
192	199
192	200
192	201
193	194
193	196
193	197
193	199
194	196
194	197
194	198
194	199
194	200
194	201
195	196
195	197
195	199
195	201
196	197
196	198
196	199
196	200
196	201
197	198
197	199
197	200
197	201
198	199
198	200
198	201
199	201
202	204
202	206
202	207
202	208
202	209
202	210
202	211
202	212
203	204
203	206
203	207
203	208
203	209
203	210
204	205
204	206
204	207
204	208
204	209
204	210
204	211
204	212
205	206
205	207
205	208
205	209
205	210
205	211
205	212
206	207
206	208
206	210
206	211
206	212
207	208
207	209
207	210
207	212
208	209
208	211
208	212
209	210
209	211
209	212
210	211
211	212
213	214
213	215
213	216
213	217
213	221
213	223
214	215
214	216
214	217
214	219
214	222
215	216
215	217
215	218
215	219
215	220
215	222
216	217
216	219
216	220
216	223
217	218
217	219
217	221
217	222
217	223
218	219
218	221
218	222
219	220
219	222
219	223
220	221
220	222
221	222
222	223
224	226
224	227
224	229
224	230
224	232
225	227
225	228
225	229
225	230
225	231
225	232
225	233
225	234
226	229
226	232
226	233
227	228
227	229
227	230
227	231
227	234
228	230
228	233
228	234
229	231
229	232
229	233
229	234
230	231
230	232
230	234
231	232
231	234
232	233
233	234
235	236
235	237
235	240
235	241
235	242
235	243
235	245
235	246
236	237
236	240
236	242
236	243
236	244
236	246
237	238
237	239
237	240
237	241
237	242
237	243
237	244
237	245
237	246
238	239
238	240
238	241
238	242
238	243
238	246
239	240
239	241
239	245
239	246
240	241
240	244
240	245
240	246
241	243
241	244
241	245
242	243
242	246
243	244
243	245
243	246
244	246
245	246
247	249
247	251
247	252
247	253
247	254
247	255
248	252
248	254
248	256
249	250
249	251
249	252
249	253
249	254
249	255
250	251
250	252
250	253
250	254
250	256
251	252
251	253
251	254
251	255
251	256
252	253
252	254
252	255
253	254
253	255
254	255
254	256
255	256
257	258
257	261
257	262
257	263
257	265
257	266
257	267
258	259
258	260
258	261
258	262
258	263
258	266
258	267
259	260
259	261
259	262
259	263
259	264
259	265
259	267
260	261
260	262
260	264
260	265
260	266
260	267
261	262
261	265
261	267
262	263
262	264
262	265
263	264
263	266
263	267
264	266
264	267
265	266
265	267
268	269
268	272
268	275
268	277
268	278
268	279
269	270
269	271
269	272
269	274
269	277
269	278
269	279
269	280
270	272
270	274
270	275
270	276
270	279
270	280
271	272
271	275
271	276
271	277
271	278
271	279
272	273
272	274
272	275
272	276
272	278
272	280
273	274
273	275
273	276
273	277
273	280
274	275
274	278
274	279
274	280
275	277
275	278
276	277
276	278
277	278
277	279
277	280
278	279
278	280
