\\ machines
25
\\ max power
250
\\ Jobs in machine 1
12
J1	15	11	2	9	0.6005137545131961
J2	15	10	86	6	0.7227444326305374
J3	15	12	3	7	1.9904431235073405
J4	12	7	64	17	1.2873209247314015
J5	15	10	101	10	0.9083517392532203
J6	14	7	99	2	1.824479738902525
J7	13	7	25	79	0.94231443513181
J8	14	11	48	83	1.9489115683934908
J9	15	2	73	38	0.6201363518333284
J10	15	5	97	99	1.3506141674122274
J11	14	8	18	123	0.9327219102808266
J12	15	13	7	112	1.5387032753167948
\\ Jobs in machine 2
13
J13	14	13	85	78	1.8775957803718772
J14	14	9	8	101	0.25227023218040634
J15	14	10	58	12	1.0479109031226213
J16	14	12	99	95	0.8429043903745723
J17	14	6	80	68	1.3978156335586565
J18	14	5	49	47	1.2169915394114672
J19	15	2	97	122	1.3056642687400537
J20	14	10	54	15	0.8759255938699344
J21	13	14	31	5	1.3865071643644864
J22	15	3	7	58	0.765903608782323
J23	15	13	31	66	1.031065683712248
J24	14	12	78	53	0.21844626931759048
J25	15	2	32	86	1.304619847565163
\\ Jobs in machine 3
12
J26	15	12	8	87	1.3795265987012135
J27	16	1	40	71	2.091067721392937
J28	15	11	23	62	0.7167253064422631
J29	15	2	88	44	0.3747817186499416
J30	14	10	13	35	1.073563860772075
J31	14	11	74	21	0.5408878297067218
J32	14	9	101	80	1.0316685831553674
J33	14	10	105	24	1.779088634328842
J34	15	1	79	53	0.819006788030517
J35	14	4	37	116	1.714368805839288
J36	15	9	51	109	2.1131279058048853
J37	14	3	36	114	0.8992290840480306
\\ Jobs in machine 4
11
J38	14	12	98	16	0.5191232009260178
J39	14	3	66	57	1.7291034760175803
J40	14	1	95	43	1.5782926556394177
J41	14	14	46	8	1.3087838031712857
J42	14	13	100	9	0.6621136517986733
J43	15	10	86	124	0.3958335513142839
J44	13	12	72	54	1.0277823216822024
J45	16	7	50	107	2.272581535084952
J46	13	1	53	7	1.1302436909228666
J47	13	6	15	82	1.2832522981621002
J48	14	5	57	80	1.7941431318157202
\\ Jobs in machine 5
11
J49	14	10	89	39	1.4920776418456245
J50	14	2	31	24	1.7943558671899242
J51	14	12	90	36	1.5534566644819816
J52	14	3	41	9	1.3795182022585166
J53	16	11	110	99	1.5745557531873722
J54	15	13	36	42	1.442816219063066
J55	13	11	94	109	1.4918805032118516
J56	14	8	106	79	2.075346584144754
J57	15	6	52	50	1.009611801009889
J58	15	7	73	91	1.5946469519191868
J59	13	6	6	54	1.675690667489835
\\ Jobs in machine 6
11
J60	16	14	26	57	0.6639173964879368
J61	15	3	15	100	0.1
J62	14	4	96	41	1.8293561327419214
J63	12	4	12	103	1.5829724478486713
J64	15	6	105	122	1.0687245855279148
J65	13	1	90	40	1.4870132815505495
J66	14	10	71	6	1.1825346123284766
J67	14	12	71	61	1.278217804312734
J68	14	9	94	102	2.4654155638578503
J69	14	14	5	21	1.6448866074300044
J70	12	12	29	30	1.3153081514837672
\\ Jobs in machine 7
12
J71	13	9	88	120	1.3882955237921168
J72	17	14	43	27	1.6897800478740075
J73	15	3	35	122	1.162210793385817
J74	14	9	107	32	1.6411297460656231
J75	15	5	51	94	1.3838154456825553
J76	15	6	18	96	1.4528265183168565
J77	14	10	98	77	1.4014914638824099
J78	12	2	30	49	1.5287857531053044
J79	15	8	27	41	1.3915649693946783
J80	15	13	98	95	0.9076113991216004
J81	15	2	46	34	1.1464187624981594
J82	14	7	42	6	0.5136765416944152
\\ Jobs in machine 8
11
J83	15	8	86	55	1.8683289331190591
J84	16	14	24	25	1.7811253095835518
J85	14	8	45	27	1.8042648530305467
J86	14	7	10	112	0.750209052958004
J87	15	12	110	98	0.8952236157386451
J88	12	1	67	122	1.2623100525369277
J89	14	12	5	90	0.5836059503066869
J90	16	6	2	59	0.6616898697958037
J91	14	4	30	11	1.2577403195252372
J92	14	3	46	35	0.6500627186564053
J93	12	12	110	85	1.5816313295740638
\\ Jobs in machine 9
12
J94	13	1	41	45	1.7658638562532638
J95	16	9	22	21	1.220894745319574
J96	15	10	87	81	1.7192930520128984
J97	14	4	85	90	1.6974747527793674
J98	15	2	6	83	0.6632063763004794
J99	14	11	17	53	0.4727950648456506
J100	14	11	59	95	1.1757181500756617
J101	15	10	80	95	1.513499491939351
J102	16	11	107	14	1.4399966555399377
J103	13	11	101	45	0.7714513486530598
J104	17	4	57	45	1.714314318232363
J105	14	9	49	60	1.6526126727538981
\\ Jobs in machine 10
11
J106	16	2	81	68	1.5618502929053926
J107	13	14	92	45	2.007836010953421
J108	14	5	82	82	1.5654838919752359
J109	15	11	78	8	1.3583059119278225
J110	14	13	62	103	1.7288898140239621
J111	14	10	75	117	0.2696335441677765
J112	14	1	67	97	0.6300702639910393
J113	15	6	20	93	2.3890347178913935
J114	15	2	24	92	1.493594805665735
J115	14	7	81	113	1.3887693083326873
J116	15	9	100	2	1.6284219432196951
\\ Jobs in machine 11
10
J117	14	11	83	17	0.7884175883558052
J118	15	10	109	32	1.8746215788055287
J119	15	11	19	82	0.9281581166298735
J120	15	14	61	122	0.8009887483378233
J121	15	3	53	104	2.3246748596362554
J122	15	6	2	54	0.4486168354671777
J123	17	12	109	55	1.008482824912354
J124	13	7	69	3	2.1010497081955584
J125	15	12	88	54	0.5055634053667802
J126	14	8	75	12	0.95152675705399
\\ Jobs in machine 12
10
J127	15	14	97	58	0.2355722214571696
J128	15	4	73	124	0.6551907613533615
J129	15	13	22	113	1.1389469512382877
J130	15	10	33	25	0.46445352183780275
J131	15	7	90	53	1.0019053635867683
J132	15	11	68	22	0.9714425942673393
J133	16	5	23	95	1.676103511725458
J134	14	9	75	59	0.7639129562554134
J135	15	1	33	18	1.257880424419945
J136	15	10	58	116	1.2383251722769861
\\ Jobs in machine 13
12
J137	15	9	90	19	0.4477967990081434
J138	15	11	38	66	1.7202540294679793
J139	14	10	104	35	1.7000965574375202
J140	14	10	47	79	0.785959026115246
J141	15	8	39	71	1.321850545312542
J142	15	8	69	31	2.005292563149688
J143	16	5	101	7	1.55156075350283
J144	15	13	88	34	1.5578573689604944
J145	17	10	30	75	1.1556931840035134
J146	14	1	54	83	1.5437299572536125
J147	14	5	70	109	1.0479682002879844
J148	14	2	50	8	0.9464872614921052
\\ Jobs in machine 14
9
J149	15	5	93	13	1.2746239116025737
J150	14	5	39	7	1.1155666640779327
J151	15	8	52	31	1.4566088206868881
J152	14	1	58	1	1.8972921123876847
J153	14	1	19	10	1.3926431472298801
J154	16	1	31	97	2.086330026960472
J155	16	4	21	68	0.1
J156	15	9	23	36	1.269888805761397
J157	17	13	101	10	1.2066390431169571
\\ Jobs in machine 15
10
J158	15	4	11	89	1.7980764039721162
J159	13	11	66	91	1.1269638353839355
J160	15	8	66	35	0.3242195830716891
J161	15	4	26	84	1.3171297299546736
J162	14	1	94	34	0.6857540394469587
J163	14	5	68	62	1.598461567905744
J164	16	2	91	103	0.5609982343778877
J165	16	4	9	100	1.5717184593555902
J166	14	2	105	30	0.7996191423180802
J167	14	7	12	123	2.2336278999027472
\\ Jobs in machine 16
11
J168	15	8	52	75	1.514930219244206
J169	14	8	27	74	1.4312099400754061
J170	14	1	61	35	1.8722593262237335
J171	15	3	61	123	1.1884934489189045
J172	16	11	62	100	0.6971788803517035
J173	14	7	81	90	0.8731218492142371
J174	15	8	92	78	1.3935897260153054
J175	17	7	108	38	1.4183831538813445
J176	14	8	75	122	0.7104043523797421
J177	14	9	28	43	1.077052343997007
J178	15	8	24	50	0.8397236141019859
\\ Jobs in machine 17
9
J179	14	13	46	78	0.6983208406613582
J180	14	14	89	68	1.2956040473724304
J181	15	2	22	72	1.5947425232705537
J182	15	3	59	83	0.4436218085822671
J183	14	1	58	105	0.1
J184	15	9	59	3	1.9372319133373423
J185	14	13	11	43	0.9686991673226873
J186	15	10	107	44	1.3250812050355925
J187	16	13	10	58	1.1734347030742247
\\ Jobs in machine 18
12
J188	12	10	93	1	1.5787914075355598
J189	16	8	12	87	1.8911348053647363
J190	14	10	39	121	1.59244132128898
J191	14	8	57	34	1.1495214543200158
J192	14	5	88	26	1.522649128865099
J193	14	5	108	70	1.1455145339392043
J194	15	12	44	92	1.5416610763662755
J195	14	2	91	1	1.0232317020360737
J196	15	2	95	7	0.5205868305865017
J197	15	3	72	79	1.3385462325268689
J198	13	9	13	90	1.7396058762462348
J199	16	14	46	80	1.105066971947062
\\ Jobs in machine 19
11
J200	14	2	5	64	0.7477829869687145
J201	15	5	40	7	1.268645100175105
J202	14	13	76	88	0.9828407573563064
J203	15	4	9	53	0.1
J204	14	13	91	3	0.7851521289336514
J205	15	11	9	16	1.614468523404997
J206	15	10	82	69	1.3931345313275882
J207	14	13	35	106	1.898605312539262
J208	13	9	70	121	0.9935156515044662
J209	15	4	33	45	1.444834929506534
J210	15	12	18	25	1.520043893739086
\\ Jobs in machine 20
10
J211	13	10	103	26	1.0110622530442424
J212	15	13	31	26	2.3070575543039413
J213	14	9	33	104	1.1337669252430518
J214	16	1	19	67	1.244039826128002
J215	16	4	26	11	1.632364507990719
J216	14	6	5	74	0.10342288197399196
J217	15	7	53	40	1.3544322807582974
J218	14	6	32	85	0.9094555756036296
J219	14	7	26	116	0.8623854091026306
J220	15	3	9	16	0.7720624180847947
\\ Jobs in machine 21
13
J221	14	2	2	49	1.2406345624106943
J222	14	12	60	58	1.086399877225022
J223	14	14	70	116	1.4195589393359105
J224	15	1	80	87	2.2029302432860676
J225	12	14	26	101	2.0264286968304663
J226	14	2	25	47	0.648998575478959
J227	14	13	105	43	0.834486933825912
J228	14	12	109	120	1.0924018976945318
J229	15	12	5	49	1.4371681962794085
J230	15	5	33	12	1.0378161736980955
J231	14	6	27	30	1.3505070331016638
J232	16	13	80	3	1.0526001284760562
J233	17	7	32	25	1.7076826760898889
\\ Jobs in machine 22
11
J234	14	13	76	49	1.0115286867169526
J235	14	9	46	125	1.770027105347388
J236	13	14	91	57	1.5427132555631338
J237	14	1	100	90	0.7726678856136313
J238	16	13	76	105	0.972591218045016
J239	13	4	47	62	1.0682296939784415
J240	15	5	13	111	1.6545596611692235
J241	14	3	42	26	1.2572908706960395
J242	15	3	27	99	1.6442895692381576
J243	16	1	12	7	0.8033636357211845
J244	14	6	40	15	0.9003571014175393
\\ Jobs in machine 23
9
J245	14	6	92	24	2.1288321240854677
J246	16	9	76	83	0.9680871610870638
J247	14	12	52	70	1.2409285082193575
J248	15	2	87	66	1.0042807747703966
J249	15	6	31	89	0.5759093444904901
J250	13	3	61	11	1.5459790025587417
J251	14	9	75	20	1.4200497856692098
J252	16	6	22	94	1.5138295499978798
J253	15	9	13	79	0.5355550849327878
\\ Jobs in machine 24
11
J254	15	8	51	56	1.2267283462323737
J255	13	1	56	54	0.21015706783481536
J256	15	11	105	7	1.467023851311963
J257	15	13	3	75	1.493090336326648
J258	15	7	83	10	1.787599605134196
J259	13	7	99	36	0.891090837049558
J260	15	5	37	96	0.4969002202722247
J261	15	10	35	59	1.3833096548318442
J262	14	6	53	57	1.7423095682321046
J263	16	13	86	16	1.3038843947150935
J264	15	13	61	9	1.6149265423675874
\\ Jobs in machine 25
11
J265	13	3	17	53	0.7205092905392665
J266	15	8	58	117	1.6433610222220774
J267	14	6	73	94	0.8030836462933968
J268	14	7	18	9	1.948781550474497
J269	15	9	15	98	1.1116914851404722
J270	15	9	14	3	0.43760540550948135
J271	14	8	10	36	0.7597087429235805
J272	15	9	28	88	1.4726254077835352
J273	14	13	36	117	0.576436701055709
J274	15	5	82	48	1.860383946576595
J275	14	9	108	53	1.0136691247616163
\\ Dependencies 
538
1	5
1	6
1	10
1	11
2	3
2	4
2	7
2	10
2	11
3	7
3	9
3	10
3	12
4	5
4	10
5	7
5	8
5	10
5	12
6	8
6	11
6	12
7	11
8	9
9	11
10	11
10	12
13	17
13	19
13	20
13	21
13	25
14	21
14	22
14	24
15	17
15	18
15	21
15	23
15	25
16	17
16	18
16	19
16	20
16	22
16	23
17	18
17	19
17	20
17	25
18	22
18	24
18	25
19	20
19	22
19	23
20	24
22	23
22	24
26	27
26	33
26	37
27	31
27	33
27	36
27	37
28	31
28	33
29	30
29	32
29	36
30	31
30	33
30	35
31	32
31	33
31	34
31	35
31	36
32	33
33	35
33	37
34	35
35	37
38	41
38	43
38	46
39	40
39	47
40	42
40	45
41	42
41	43
41	44
41	45
42	46
42	47
42	48
44	46
44	47
45	46
45	47
47	48
49	50
49	52
49	54
49	55
49	56
49	57
50	56
50	57
51	56
51	59
52	53
52	55
53	55
54	59
55	58
56	58
56	59
57	59
60	61
60	63
60	64
60	66
60	68
60	70
61	64
61	68
61	69
61	70
62	63
62	64
63	65
63	69
63	70
64	66
64	67
64	68
65	70
66	67
66	68
66	69
67	69
68	70
71	77
71	78
71	79
72	73
72	75
72	77
72	78
72	80
72	82
73	77
73	79
73	80
73	81
73	82
74	76
74	79
74	80
74	82
75	76
75	77
75	82
76	77
76	82
77	78
77	80
77	82
79	80
79	81
79	82
83	84
83	86
83	90
83	91
83	93
84	86
84	87
84	90
84	91
84	93
85	86
85	87
85	90
85	92
86	89
86	92
86	93
87	91
87	93
88	91
89	90
89	93
90	92
90	93
92	93
94	95
94	97
94	105
95	97
95	99
95	100
95	101
95	102
96	97
96	101
96	105
97	98
97	99
97	102
97	104
97	105
98	100
98	105
100	101
100	104
101	102
103	105
106	111
106	113
107	108
107	109
107	111
107	114
107	115
107	116
108	110
108	111
108	116
109	110
110	112
111	113
112	114
112	115
115	116
117	119
117	121
117	123
118	119
118	121
118	122
119	122
119	123
120	121
121	124
121	126
122	126
123	125
124	126
127	128
127	129
127	130
128	133
128	134
128	136
129	131
129	136
130	134
130	135
131	132
131	134
131	135
132	135
132	136
133	135
134	136
137	141
137	142
137	145
137	146
137	147
138	139
138	140
138	147
139	140
139	142
139	146
139	148
140	141
140	144
140	145
140	147
142	143
142	144
143	147
144	148
146	147
149	151
149	153
149	155
149	156
150	151
150	152
150	154
150	155
150	156
150	157
151	153
151	154
151	155
151	156
151	157
152	154
152	155
153	155
154	155
156	157
158	159
158	167
159	160
160	161
160	162
160	163
160	165
160	166
161	165
162	163
164	166
164	167
165	166
165	167
168	169
168	170
168	171
168	172
168	177
169	173
169	176
169	178
170	172
170	176
171	173
171	174
171	175
171	176
171	177
172	176
172	177
174	177
176	177
177	178
179	184
180	181
180	185
180	186
181	185
182	183
182	184
182	187
183	184
183	187
184	186
186	187
188	192
188	195
188	199
189	192
189	193
189	195
189	197
190	191
190	193
190	195
190	197
190	198
191	193
191	196
191	198
192	195
192	199
193	194
193	196
193	199
194	196
194	198
194	199
195	196
195	199
196	198
196	199
200	204
200	205
200	207
200	209
200	210
201	204
201	206
201	207
201	210
202	205
202	206
202	207
202	208
202	209
203	204
203	205
203	206
203	210
204	205
204	209
204	210
205	207
206	208
206	210
207	209
208	209
211	212
211	213
211	216
211	218
212	213
212	218
213	214
213	217
213	218
213	219
214	215
214	216
214	218
214	220
215	216
215	217
215	219
215	220
217	220
221	222
221	223
221	224
221	230
222	224
222	231
222	233
223	224
223	227
223	228
223	231
223	232
223	233
224	231
225	229
225	230
225	233
226	227
226	228
226	229
226	231
226	232
226	233
227	230
227	231
228	231
228	233
229	232
229	233
230	231
230	233
231	232
234	235
234	236
234	239
234	241
235	236
235	242
236	238
237	239
237	240
237	241
238	241
238	243
239	240
239	242
239	243
239	244
240	243
240	244
241	244
242	243
242	244
245	248
245	250
245	251
246	247
246	248
246	250
247	249
247	252
248	250
249	251
251	252
251	253
254	255
254	258
254	259
254	263
255	256
255	258
255	259
255	260
255	262
255	263
256	258
256	259
256	260
256	261
256	262
256	263
257	260
257	261
258	259
258	260
258	263
259	262
259	263
260	262
260	263
260	264
263	264
265	270
265	272
265	273
266	267
266	270
266	271
266	273
267	268
267	274
268	269
268	270
268	271
268	275
269	275
270	271
270	272
273	275
274	275
