\\ machines
15
\\ max power
150
\\ Jobs in machine 1
10
J1	14	1	72	6	1.144710770261021
J2	15	5	110	51	1.1315533278189929
J3	13	12	92	27	0.9486446813643982
J4	15	13	104	26	1.3380615932693078
J5	15	14	96	26	1.5739699799174096
J6	15	11	83	28	1.8288960446469131
J7	12	4	95	20	0.8361088757724433
J8	15	10	54	58	1.999338494950553
J9	13	11	55	70	0.83229647891806
J10	13	9	95	59	1.1212858206398273
\\ Jobs in machine 2
10
J11	15	2	57	64	1.0630245206801776
J12	14	14	88	47	1.5261690176483267
J13	14	13	56	19	1.3142532390769015
J14	15	6	107	23	1.6113867000786146
J15	15	7	73	46	1.9863715898451204
J16	16	3	88	5	2.304101399841337
J17	14	12	68	4	2.056546440731003
J18	13	3	72	25	1.4061200452073837
J19	15	10	76	27	1.6550669501929418
J20	15	7	108	32	1.3637805576059814
\\ Jobs in machine 3
11
J21	16	2	39	51	1.2347941187631568
J22	12	1	61	71	1.2024740971102328
J23	15	8	15	20	0.8690185647664292
J24	15	4	96	73	1.103316062625498
J25	14	14	38	1	0.8220834019306251
J26	14	10	74	24	0.9142880315495647
J27	14	14	88	2	0.8387897956268301
J28	15	1	71	75	1.4528075352504175
J29	13	8	68	53	1.1954724609092273
J30	13	4	63	59	1.6287187062116075
J31	12	14	95	71	1.6894508307523766
\\ Jobs in machine 4
11
J32	15	5	87	53	1.3160552741472984
J33	15	10	52	52	0.2352651170748602
J34	14	12	17	4	1.0642067242584883
J35	15	2	59	54	2.293421829834581
J36	13	10	58	68	0.8610954900534665
J37	15	6	71	44	0.38154395947067954
J38	15	7	46	17	1.1250568047765022
J39	16	3	89	44	0.48037288601627726
J40	17	5	40	53	0.9660891343715143
J41	15	14	60	27	1.534434767569884
J42	16	10	50	51	1.8892523168842268
\\ Jobs in machine 5
10
J43	14	9	2	16	0.5636527724688866
J44	13	11	100	10	0.15387456243770115
J45	14	1	63	44	1.1076736019582745
J46	13	3	76	40	2.0445508349146015
J47	13	13	75	9	1.376175120930298
J48	14	2	38	33	1.3723769086327247
J49	13	4	95	14	1.343630827648906
J50	13	3	84	8	2.3267956890609485
J51	14	4	107	46	2.0196619719794993
J52	15	13	67	16	1.358422202866957
\\ Jobs in machine 6
10
J53	15	3	88	32	0.718998122947369
J54	15	9	64	37	0.21067884267903347
J55	15	14	93	12	0.1
J56	14	4	15	44	2.184241237646882
J57	13	10	30	26	1.020459852230232
J58	15	2	21	4	0.719181274640659
J59	15	1	7	36	0.3774896507726513
J60	16	2	16	33	0.3053196821296692
J61	15	7	68	11	0.809702166362774
J62	14	13	32	54	0.9991979031314436
\\ Jobs in machine 7
11
J63	15	5	11	44	1.2612689764650813
J64	15	5	21	71	1.4840106657773864
J65	13	4	108	6	0.1
J66	14	13	27	51	0.813145370891875
J67	14	8	93	5	0.9192955842511299
J68	15	11	80	64	0.6921693897136791
J69	13	7	37	27	1.9479184479462237
J70	15	4	4	9	0.8913055531650813
J71	13	9	38	12	2.130369410252341
J72	12	3	46	35	0.966743101131446
J73	14	3	63	47	1.2695531366405526
\\ Jobs in machine 8
12
J74	16	7	53	62	2.0321807292567406
J75	16	6	21	37	0.7697946658735305
J76	15	1	17	61	1.3496910991066917
J77	14	4	94	63	0.48603247320142917
J78	15	8	2	65	1.1069730167841458
J79	16	3	103	62	1.6224063055034086
J80	15	14	93	25	0.9960917760333048
J81	14	9	30	9	1.0836601318840053
J82	14	5	68	23	2.5475647098298184
J83	14	3	33	27	0.2398846379143913
J84	15	13	97	65	1.4383777373145945
J85	17	4	40	75	1.8074494740772304
\\ Jobs in machine 9
11
J86	14	8	68	65	1.9342266708739246
J87	15	13	70	54	0.8846423526771772
J88	14	11	8	10	0.9711934420653927
J89	15	11	10	56	1.1307346076419538
J90	16	8	30	73	1.6151631409439349
J91	14	10	7	8	0.6235630686711996
J92	14	7	19	40	1.2430763203193298
J93	12	11	11	60	1.2031801113835794
J94	13	13	7	70	1.4743829364540635
J95	13	12	65	74	1.092547160659164
J96	15	9	65	69	1.6073235492964097
\\ Jobs in machine 10
10
J97	15	10	72	41	1.7673424229886363
J98	15	11	42	24	0.1
J99	15	9	56	52	2.17019504027195
J100	15	14	77	15	0.6661984488028709
J101	13	7	56	23	0.7395259146633751
J102	13	7	47	38	1.8345093060965447
J103	15	7	84	25	0.8203481522366887
J104	14	2	83	68	1.8569609434442707
J105	14	8	36	57	1.9273749275359289
J106	13	6	39	37	1.487849509253309
\\ Jobs in machine 11
11
J107	15	1	19	18	1.7678829217091145
J108	14	4	11	63	1.0729775021044907
J109	13	2	60	16	0.4605547492980605
J110	15	11	102	22	1.0471569651637043
J111	16	5	36	18	0.7161233558206475
J112	15	8	35	50	1.1594775538191215
J113	15	13	46	19	1.921372281453795
J114	14	4	68	36	0.6024204058263697
J115	14	10	25	24	1.9194783755376763
J116	15	3	2	45	1.7118275750618235
J117	14	3	76	28	1.1064774093240666
\\ Jobs in machine 12
10
J118	15	4	26	75	1.2229931790567132
J119	15	12	62	59	1.9969714625077626
J120	15	6	2	10	1.3155803204705014
J121	15	10	23	67	0.401212452894955
J122	15	6	69	31	1.1378819495741372
J123	14	7	78	20	0.516043138188435
J124	14	7	4	20	0.7024896680177761
J125	15	10	88	70	0.2662944592426578
J126	13	12	41	64	0.6790608860800298
J127	15	11	47	29	0.7310520706241305
\\ Jobs in machine 13
10
J128	13	6	102	41	0.7954225177015251
J129	15	8	23	46	1.4086173796172639
J130	15	3	29	37	0.1395477674765384
J131	13	11	58	65	0.6831104067995899
J132	14	7	28	18	0.8140538600617091
J133	15	5	85	16	1.2160794944599822
J134	15	14	44	18	0.7096111778025986
J135	14	2	81	8	1.0209186185273316
J136	15	5	41	68	1.081717682421611
J137	16	9	54	58	1.182046604361929
\\ Jobs in machine 14
11
J138	12	13	109	65	1.4787646769322897
J139	14	5	104	22	1.3345052907381434
J140	13	4	65	1	1.1030814973606045
J141	12	5	61	57	0.8002189718380348
J142	14	14	83	63	0.34602675791404025
J143	15	1	32	56	1.8401094882046496
J144	15	1	17	54	1.5270482654615798
J145	15	2	68	50	1.0484835381970843
J146	15	2	44	34	1.9550838869891365
J147	15	4	59	18	1.5161809602238783
J148	15	3	62	52	1.5358175995243881
\\ Jobs in machine 15
11
J149	14	7	56	59	1.2918939211528113
J150	14	5	102	69	1.133427589550716
J151	14	5	75	7	0.6393183902100974
J152	14	4	79	71	1.3986852232535711
J153	15	11	50	64	1.6380878279815616
J154	15	2	83	31	2.1457006242791863
J155	15	11	83	70	0.6122122289430347
J156	15	5	99	10	0.738554813071929
J157	14	2	59	23	1.4670290504510621
J158	14	14	59	17	2.066548888372079
J159	16	6	80	50	1.2103731732987881
\\ Dependencies 
298
1	6
1	7
1	8
1	10
2	7
2	10
3	7
3	9
4	5
5	6
5	7
6	8
6	9
6	10
7	8
7	9
11	15
11	18
11	20
12	15
12	17
12	19
13	18
13	20
14	16
14	17
14	20
15	16
15	19
15	20
16	18
16	20
17	20
18	19
18	20
21	22
21	27
21	28
22	23
22	24
22	27
23	25
23	26
23	27
24	28
24	31
25	29
27	28
29	30
32	33
32	34
32	36
32	38
32	41
33	36
33	37
33	38
33	40
33	41
33	42
34	35
34	36
34	38
34	39
35	36
35	37
35	40
35	41
36	39
36	40
36	42
37	38
37	42
39	41
39	42
40	41
40	42
43	45
43	51
44	49
44	50
44	52
45	49
45	51
45	52
46	49
46	51
47	51
47	52
48	52
50	52
53	57
54	57
54	61
55	59
55	60
56	58
56	59
57	61
58	59
58	60
58	61
59	60
59	62
60	61
60	62
63	68
63	71
64	65
64	66
64	67
64	68
64	69
64	70
64	71
65	66
65	68
65	71
66	69
67	69
67	73
68	70
68	71
68	72
69	70
69	71
69	72
72	73
74	77
74	80
74	83
75	76
75	78
75	80
75	81
76	78
76	80
76	81
76	82
76	83
77	78
77	79
77	82
77	83
77	84
77	85
78	80
78	83
78	85
79	82
80	82
80	83
80	85
81	83
82	84
82	85
83	84
86	87
86	91
86	92
86	94
87	89
87	92
87	93
88	90
88	91
88	92
88	93
88	94
88	95
89	96
90	92
91	92
91	95
92	94
92	96
93	94
95	96
97	101
97	105
98	104
99	105
100	101
100	103
100	105
100	106
101	103
101	104
101	105
102	103
102	105
103	104
103	105
104	105
107	111
107	112
107	113
107	114
107	115
107	116
107	117
108	112
108	113
109	112
109	113
109	114
109	115
109	117
110	111
110	115
110	116
111	113
111	114
111	115
112	114
112	115
112	116
112	117
113	117
114	116
115	117
116	117
118	124
118	127
119	120
119	122
119	123
119	124
119	126
119	127
120	121
120	124
120	125
121	123
121	124
121	125
122	124
122	125
122	126
123	125
124	125
125	127
126	127
128	129
128	130
128	133
128	134
128	135
129	135
130	133
130	134
130	137
131	132
131	133
131	134
131	136
132	135
133	135
134	137
135	136
138	139
138	143
138	146
138	147
139	141
139	142
139	143
139	144
140	142
140	145
140	146
140	147
140	148
141	146
141	147
141	148
142	145
144	148
145	147
149	151
149	155
149	158
149	159
150	152
150	154
150	155
150	156
150	158
151	155
151	157
151	158
152	155
152	156
153	155
153	157
153	158
155	159
156	158
