\\ machines
8
\\ max power
80
\\ Jobs in machine 1
11
J1	15	9	107	1	1.499895380739748
J2	15	7	55	40	1.4671358648577886
J3	14	8	106	32	0.5247534623512234
J4	15	9	21	40	1.2563875592345943
J5	13	5	23	20	1.3828100988666174
J6	14	9	25	32	1.5899589114165251
J7	15	7	52	34	1.433164671374862
J8	13	5	70	22	1.3000889863438763
J9	15	6	48	2	1.7994240382815292
J10	15	3	56	18	1.7354492665169599
J11	14	13	58	7	0.6594055454603683
\\ Jobs in machine 2
10
J12	14	2	4	22	1.0327391705892681
J13	16	14	14	16	2.5491078645100806
J14	17	13	44	40	0.4007364795571625
J15	14	8	12	38	0.872737818557461
J16	12	14	67	5	1.9976852277056079
J17	15	9	78	29	0.9301551717440425
J18	15	10	69	14	2.570007006865863
J19	12	4	105	17	1.2246827513079077
J20	16	3	103	24	1.719797604674461
J21	14	4	75	3	0.9727530164366793
\\ Jobs in machine 3
11
J22	14	4	33	1	1.8354332217107132
J23	14	12	36	19	0.6085276840401023
J24	16	5	39	26	1.0162756392456547
J25	15	9	90	5	0.4831708306737045
J26	14	11	54	31	1.2341307958329673
J27	14	1	82	23	1.6710196527901648
J28	14	9	25	27	0.8443396165667635
J29	15	1	62	25	0.8667264929986787
J30	15	5	25	6	0.4175565366458325
J31	14	3	10	13	1.1255932125468175
J32	15	13	45	19	0.6535684302564361
\\ Jobs in machine 4
10
J33	14	10	21	14	0.728922848394977
J34	14	1	96	24	0.9000966302534676
J35	15	11	4	7	1.1093190113473055
J36	13	12	55	32	1.131882684308135
J37	15	11	89	9	1.8766995028815072
J38	13	14	98	9	1.0870201952347265
J39	14	6	87	33	0.6108845088105701
J40	16	2	105	9	1.596021708369712
J41	14	14	46	11	1.0988283941392105
J42	14	6	74	8	1.5336580750332354
\\ Jobs in machine 5
10
J43	13	4	19	25	1.1620711495598262
J44	15	8	67	13	2.012444596611289
J45	15	6	87	40	0.1
J46	14	11	82	22	1.2138409759264448
J47	15	7	66	12	1.5695413982379338
J48	14	8	102	8	1.5862728195160245
J49	15	9	82	1	1.0706190939186668
J50	14	9	89	25	0.7595486644391714
J51	15	5	89	32	1.7549110791973597
J52	15	9	20	24	2.319949256373458
\\ Jobs in machine 6
12
J53	13	6	60	17	0.7857451419539281
J54	15	5	19	34	1.3649261689770618
J55	14	9	55	38	1.2480046175862756
J56	14	8	109	21	1.670049681781982
J57	13	14	80	27	1.952404065615939
J58	14	10	79	8	0.9024667973311625
J59	16	2	59	18	0.965638775688658
J60	14	10	66	36	1.468967579862103
J61	15	4	27	18	1.0702773806805101
J62	16	10	62	26	0.9856954917653786
J63	16	2	48	28	0.9135516548464633
J64	13	5	81	12	1.2116871211738693
\\ Jobs in machine 7
12
J65	14	11	20	22	1.0272451211391187
J66	15	11	99	11	1.5603660060227575
J67	13	8	99	18	1.5032394263661912
J68	14	8	94	40	0.3566901498053626
J69	14	1	43	40	0.6268510101052192
J70	16	12	109	30	1.8899894176053658
J71	15	13	67	30	0.5428443520423387
J72	15	5	56	12	1.8618566287343135
J73	14	7	63	19	1.7529028211423974
J74	14	14	15	6	1.5809811476065936
J75	15	11	106	20	1.2299061468045858
J76	14	14	104	21	1.263463527210259
\\ Jobs in machine 8
12
J77	12	8	42	35	1.0400232555812265
J78	14	13	39	38	0.7739034342909084
J79	13	10	24	2	1.2571778312670516
J80	15	6	70	40	0.1
J81	14	7	105	13	0.7536121060724696
J82	13	9	37	29	1.8568347287484666
J83	14	5	82	12	1.315263299718449
J84	15	6	76	11	1.372902437057022
J85	14	10	103	12	1.6573195202836044
J86	14	11	51	27	1.0198135933359642
J87	14	3	20	33	0.9702904648625428
J88	14	12	54	38	0.7723541296307166
\\ Dependencies 
226
1	2
1	4
1	5
1	6
1	7
1	8
2	3
2	4
2	6
2	7
2	9
3	7
3	8
3	9
3	11
4	6
4	7
4	8
4	11
5	9
5	10
6	9
7	8
7	9
8	9
8	10
8	11
12	13
12	16
12	17
12	18
13	16
13	18
13	19
13	20
13	21
14	15
14	16
14	17
14	18
14	20
14	21
15	16
15	19
15	21
16	17
16	19
16	20
17	20
17	21
18	20
19	20
22	23
22	32
23	24
23	25
23	27
23	29
23	30
23	31
23	32
24	25
24	26
24	27
24	31
24	32
25	27
25	29
25	31
25	32
26	27
26	28
26	29
26	30
26	32
27	28
27	29
28	29
28	31
28	32
29	30
29	31
31	32
33	35
33	37
33	39
34	36
34	37
34	40
34	41
34	42
35	38
35	40
35	41
36	38
36	41
37	38
38	41
38	42
39	40
39	42
40	41
41	42
43	44
43	45
43	48
43	50
44	45
44	47
44	48
44	49
44	52
45	49
45	50
46	47
46	48
46	49
47	48
47	49
47	50
47	51
47	52
48	50
48	51
49	50
49	51
50	51
53	54
53	56
53	57
53	59
53	61
53	63
54	56
54	57
54	58
54	60
54	64
55	58
55	60
55	61
55	62
55	64
56	58
56	60
56	64
57	60
57	61
57	62
57	64
58	59
58	60
58	62
58	64
59	61
60	62
60	63
60	64
61	62
62	63
62	64
65	66
65	68
65	71
65	73
65	74
65	75
65	76
66	67
66	68
66	72
66	73
66	74
66	76
67	68
67	69
67	71
67	72
67	73
67	74
68	71
68	73
68	75
68	76
69	71
69	73
69	76
70	72
70	74
70	76
72	73
72	75
72	76
73	74
73	76
74	75
74	76
75	76
77	79
77	80
77	81
77	83
78	79
78	81
78	83
78	86
78	87
78	88
79	80
79	81
79	82
79	83
79	85
79	87
80	87
81	85
81	86
81	87
82	83
82	85
82	86
83	85
85	86
85	87
85	88
86	87
