\\ machines
25
\\ max power
250
\\ Jobs in machine 1
11
J1	14	13	96	118	0.4760976441479482
J2	16	14	37	10	1.3340237820586518
J3	14	9	6	42	0.8935855515766111
J4	16	14	16	1	1.1893630997897542
J5	16	14	53	77	1.0610797686587201
J6	14	1	2	28	0.8235116372195641
J7	16	12	8	66	1.113516803423979
J8	13	5	14	90	1.1593366693815734
J9	14	13	55	11	0.9078950032914522
J10	12	12	73	81	0.5987231548634769
J11	15	11	101	59	1.29379400129614
\\ Jobs in machine 2
11
J12	12	5	33	13	1.3264130224820407
J13	14	13	42	11	1.0759718413547001
J14	17	5	17	65	0.4581011640833027
J15	12	12	63	20	1.5733136727819124
J16	14	1	108	27	1.8585127108387216
J17	16	7	32	39	0.2883224278050357
J18	14	10	3	109	0.8992500839460209
J19	14	2	65	111	2.077278946424178
J20	16	12	35	105	1.5999617058581874
J21	16	7	26	84	0.7059861294783826
J22	14	2	51	33	1.3832299921890017
\\ Jobs in machine 3
11
J23	15	13	108	91	0.651495886655449
J24	14	10	53	77	1.0201447100512404
J25	15	13	75	77	1.5186516450478276
J26	15	13	39	98	1.4393297418608058
J27	15	13	29	65	0.564834876006138
J28	16	3	75	116	0.8941785057742788
J29	14	1	104	97	0.4093725644578292
J30	17	2	35	67	1.1348561320715862
J31	15	6	15	58	1.995084140057124
J32	15	1	102	54	1.6932528714617063
J33	15	12	12	94	1.0831786741595275
\\ Jobs in machine 4
11
J34	16	6	79	25	0.9974122211025122
J35	15	2	34	63	1.4929264993204285
J36	15	13	99	53	2.044557782543613
J37	13	4	103	5	1.7611925204818903
J38	14	13	98	51	1.9276498261190085
J39	15	3	67	46	0.7841909300499361
J40	15	2	73	9	0.6595368507910336
J41	15	13	43	119	0.8000575959498493
J42	14	10	101	94	0.27455410165393535
J43	14	13	15	103	0.8066985248468899
J44	14	14	86	112	1.0947781062824848
\\ Jobs in machine 5
11
J45	15	7	95	10	1.1127338728222806
J46	15	13	7	117	1.835491075506141
J47	15	6	103	1	0.9221711231300034
J48	14	13	73	5	0.9659406400130027
J49	15	13	96	22	1.5876500692290563
J50	16	12	26	26	0.37932214228156014
J51	14	2	110	5	1.182682951804329
J52	14	5	109	73	0.9979611612260124
J53	15	3	107	49	1.4031920821818529
J54	15	9	39	66	1.8368944192886325
J55	14	10	24	17	0.6196431859776411
\\ Jobs in machine 6
11
J56	14	14	90	54	0.23493179028820632
J57	13	12	94	7	1.4215996208641728
J58	14	1	89	118	1.063789999915955
J59	13	4	20	12	0.9936281021817022
J60	14	8	55	85	0.6231721917563476
J61	15	13	47	122	1.3996797875684486
J62	14	11	37	116	0.8300583159745596
J63	13	4	72	18	0.9353479564913685
J64	16	5	99	32	1.8820297955799938
J65	14	8	66	63	1.6449343387818969
J66	15	10	21	86	1.8851722237665394
\\ Jobs in machine 7
10
J67	16	11	49	26	1.133353547842439
J68	15	1	106	29	0.27065895630885906
J69	13	8	72	79	1.6242488327206546
J70	15	14	85	22	1.6325903043695726
J71	14	12	82	47	1.093148809110025
J72	15	13	95	81	1.2438417782829587
J73	17	12	26	67	0.7493710001909587
J74	14	4	71	95	1.2951148315052547
J75	16	3	52	10	1.3087963753739669
J76	15	3	82	34	0.6810453249596897
\\ Jobs in machine 8
10
J77	15	11	68	92	1.1689708174149727
J78	13	3	106	68	1.6510116206867878
J79	14	1	37	105	1.1726583029871476
J80	14	1	9	32	1.2272125090786647
J81	13	7	71	31	1.547675046902038
J82	13	9	16	4	0.5979374600972276
J83	15	8	85	118	1.3468419548567312
J84	15	10	40	95	0.5309932401928673
J85	16	2	100	22	1.2905191030965033
J86	13	13	96	58	1.4846960572285364
\\ Jobs in machine 9
12
J87	15	12	68	116	1.5008869520522428
J88	14	6	22	53	1.731790391999827
J89	14	9	44	117	0.6844148898589405
J90	15	6	19	100	2.1556112355894337
J91	12	7	42	7	1.023136882187421
J92	15	9	28	9	1.3667929417190152
J93	14	13	29	125	1.6722381255238308
J94	12	8	95	101	2.7599980916812417
J95	15	4	61	65	1.4834796013672236
J96	13	3	47	14	0.6288434779024736
J97	13	11	59	101	1.3155861156700717
J98	14	8	96	33	1.9131565119711267
\\ Jobs in machine 10
11
J99	14	7	97	64	1.719456966064246
J100	16	11	34	93	1.2706813326337676
J101	13	4	5	48	1.2425781693473297
J102	15	13	66	108	0.17711580916426573
J103	15	6	76	96	0.7523918232761475
J104	14	8	45	48	0.3562956741064741
J105	15	4	110	87	2.3574658346664306
J106	16	2	100	70	1.6116099531996517
J107	13	6	64	35	0.8056295308322481
J108	14	6	102	87	1.4635896922748524
J109	15	5	17	121	1.3370575057624923
\\ Jobs in machine 11
10
J110	12	10	102	66	1.0319630890229188
J111	16	10	15	30	0.8043175991497655
J112	15	13	69	56	1.6566573487199225
J113	15	7	37	1	1.8229285791555094
J114	15	9	50	87	1.0491922993452238
J115	17	4	104	90	0.749809031444651
J116	14	2	50	52	1.113979412962911
J117	15	6	70	93	1.5947175903637167
J118	15	10	79	17	1.2077058416854296
J119	16	7	5	101	1.1204045628289478
\\ Jobs in machine 12
12
J120	14	5	101	25	1.2729079200067455
J121	15	2	23	31	1.5104251993734317
J122	15	8	11	30	2.1243198081076837
J123	16	8	76	80	1.309529738290033
J124	14	1	99	101	0.4486648236455415
J125	15	6	63	94	1.5028022105630723
J126	13	5	92	1	1.9981716827825509
J127	14	9	89	118	1.814962031595758
J128	15	5	68	110	2.0041812032751536
J129	16	7	83	67	1.1591767350744175
J130	14	9	28	59	1.3406892821955716
J131	15	12	28	116	1.12893984271179
\\ Jobs in machine 13
11
J132	15	1	108	2	1.4461960193344028
J133	15	13	15	9	1.105859847744856
J134	14	10	81	94	1.5114045285737252
J135	14	1	84	82	0.6805149710332107
J136	16	3	92	20	1.404419812117231
J137	16	14	69	110	1.285116154339569
J138	13	4	7	57	1.3074271603531946
J139	13	3	101	11	1.1858828024814119
J140	13	6	56	2	1.6829275994203354
J141	14	12	15	41	1.3677787108680393
J142	16	5	9	26	0.993949422944439
\\ Jobs in machine 14
12
J143	15	9	48	14	1.2464298024891012
J144	16	11	41	81	1.8401336162187785
J145	14	13	96	109	1.0954108829439235
J146	14	4	11	18	1.2531144407714165
J147	16	14	7	19	1.3786003126431905
J148	15	8	89	42	1.8676248996876972
J149	16	4	51	68	1.4001422528025942
J150	14	3	12	63	1.2183588232825364
J151	14	14	92	18	0.8725297637625476
J152	16	1	77	23	1.3048283537244352
J153	14	4	98	39	0.9740921520925633
J154	14	12	13	109	1.886127926639424
\\ Jobs in machine 15
11
J155	15	13	87	11	1.441165716257136
J156	12	1	57	23	1.5674114764234033
J157	15	3	54	77	0.1765181065414949
J158	14	8	107	44	0.6512937346824509
J159	15	12	16	124	0.5152572904309588
J160	13	4	73	31	1.1760103407179887
J161	16	1	82	75	2.335987977108628
J162	15	1	109	76	1.1707403210228184
J163	17	1	104	58	0.8698787622237361
J164	14	7	92	6	2.2597688117923864
J165	15	1	46	118	1.92339029391494
\\ Jobs in machine 16
11
J166	13	8	100	102	1.337509666030126
J167	16	13	86	7	0.981152375028165
J168	14	14	97	89	1.3861313773204265
J169	15	10	36	60	2.103196734861486
J170	15	11	49	16	0.8925098830540965
J171	14	12	63	63	0.7162695731541063
J172	14	6	62	101	1.7274263851698979
J173	13	14	78	15	1.5095624920744481
J174	13	2	81	114	1.646678326000489
J175	16	14	16	97	0.48456203551785226
J176	15	8	73	47	1.441239494256793
\\ Jobs in machine 17
11
J177	16	10	67	27	1.9795079473216286
J178	15	2	15	72	1.0621323423042643
J179	15	9	69	84	1.469988124503328
J180	15	2	103	76	1.090793439870171
J181	16	4	19	125	2.398118220591696
J182	15	2	103	9	1.8635667615452123
J183	15	5	13	5	1.3955997699604004
J184	14	8	66	95	0.2796603505043219
J185	13	14	14	32	1.285890776373473
J186	13	4	57	24	0.8274032374201721
J187	14	14	84	82	0.7233131006641504
\\ Jobs in machine 18
12
J188	14	11	29	20	1.171517443730269
J189	14	10	96	27	2.143805906829704
J190	16	11	94	3	1.0464530368564788
J191	15	3	4	110	1.3782865401451185
J192	15	1	73	72	1.0486018456608266
J193	14	3	8	88	1.2266574818777596
J194	13	9	102	35	1.2402042149245291
J195	14	12	62	65	0.899005975956745
J196	15	1	5	63	1.430394002417841
J197	12	13	32	108	1.9213162542824453
J198	13	11	74	38	0.8203877864871454
J199	15	1	95	69	1.8706174516655154
\\ Jobs in machine 19
12
J200	15	6	54	33	0.21918609122712562
J201	14	11	88	49	2.055698307896913
J202	14	7	99	93	1.122628480595859
J203	14	7	4	26	0.4570896536644148
J204	13	11	40	94	0.7240964243931713
J205	15	4	71	46	1.5893033576339806
J206	14	6	28	43	1.478238372927107
J207	15	2	59	58	0.6614532770286833
J208	13	6	2	23	0.708985808134855
J209	15	2	91	124	1.4829316585814962
J210	16	11	107	70	1.3943569897022279
J211	15	12	43	51	1.476708532198571
\\ Jobs in machine 20
13
J212	14	5	39	92	1.2792562794593114
J213	13	8	105	121	1.4110329905407804
J214	15	9	34	63	1.5050353875332232
J215	15	7	13	44	1.1021320451557053
J216	15	6	15	58	1.0731697735355634
J217	14	5	15	40	1.0405185337498088
J218	15	14	101	86	1.564132884204754
J219	15	5	63	105	1.0614589278477888
J220	14	7	10	39	1.6384366956323315
J221	13	7	12	63	1.3960187210997361
J222	15	14	15	75	0.8839898021813493
J223	14	10	49	64	1.1352096427396543
J224	15	3	23	57	1.0086922658774586
\\ Jobs in machine 21
11
J225	15	11	11	29	0.9282934208419763
J226	14	13	27	92	1.0233339965230335
J227	14	2	76	119	1.8578648571198704
J228	15	4	81	82	1.1482958488313737
J229	14	11	72	110	0.7552182417194222
J230	13	2	88	85	1.6299586283569594
J231	15	7	51	90	1.823642968901757
J232	15	4	31	32	1.276524150426237
J233	15	5	46	6	1.684762714267682
J234	15	4	39	108	0.9887865092690865
J235	15	12	41	48	0.8124065384932686
\\ Jobs in machine 22
10
J236	14	13	48	98	0.91108913619302
J237	13	14	12	95	0.8384427965902121
J238	15	10	70	117	1.492216930707445
J239	15	13	35	10	0.9534582734034045
J240	15	6	69	107	1.6176883368317756
J241	15	2	72	122	1.988737264337343
J242	14	12	69	92	1.3900469109565492
J243	14	1	97	66	1.370332238992475
J244	14	6	4	9	0.7969316051311375
J245	15	8	77	24	0.8059706810255788
\\ Jobs in machine 23
12
J246	15	1	27	79	1.4203090183936125
J247	13	6	5	12	0.8796362351923257
J248	15	12	46	6	0.8171156739214187
J249	14	6	73	109	1.3771756849494505
J250	15	7	63	73	1.1827256939302715
J251	14	14	80	18	1.2650410018987608
J252	14	3	75	60	1.6761484553190589
J253	15	9	23	56	0.9144162236735012
J254	14	8	97	50	1.1218637007794034
J255	14	6	85	58	1.5686151041122307
J256	15	14	37	113	0.9691373687577574
J257	15	14	70	13	1.2510803954256098
\\ Jobs in machine 24
12
J258	16	10	77	19	1.2872776734587188
J259	15	10	54	45	1.4796970707849901
J260	15	3	98	20	1.617605999826603
J261	17	8	5	60	1.5103355809309618
J262	15	13	12	74	2.4718173511176285
J263	14	10	23	92	1.3527583763527788
J264	14	13	43	88	1.0886917439047592
J265	14	6	4	110	0.9851813032041928
J266	15	5	91	37	0.48505787854701765
J267	14	4	103	9	1.7627778896250148
J268	15	3	109	39	0.8525042799043928
J269	15	11	10	110	1.395936006506252
\\ Jobs in machine 25
11
J270	15	7	73	27	1.771496827115799
J271	14	5	82	107	1.7104738302758231
J272	16	1	80	31	1.4601850395143243
J273	16	4	62	40	1.544230143317368
J274	14	6	50	121	0.8579077012732432
J275	13	5	94	68	1.4218736911065402
J276	14	9	108	117	1.003242353789325
J277	15	9	44	31	1.3924673313327651
J278	14	10	96	27	2.053895709320772
J279	15	9	9	2	0.5523768885186477
J280	13	8	36	25	1.0281879706096055
\\ Dependencies 
1279
1	2
1	3
1	4
1	5
1	6
1	7
1	9
1	10
1	11
2	3
2	4
2	5
2	6
2	7
2	8
2	9
2	10
2	11
3	4
3	5
3	6
3	7
3	8
3	9
3	10
3	11
4	5
4	6
4	7
4	8
4	9
4	10
4	11
5	6
5	8
5	9
5	10
5	11
6	7
6	8
6	9
6	10
6	11
7	8
7	9
7	10
7	11
8	9
8	10
8	11
9	10
9	11
10	11
12	13
12	14
12	15
12	16
12	17
12	18
12	19
12	20
12	21
12	22
13	14
13	16
13	18
13	19
13	20
13	21
13	22
14	15
14	17
14	18
14	19
14	21
14	22
15	16
15	17
15	18
15	19
15	20
15	21
15	22
16	17
16	18
16	19
16	20
16	21
16	22
17	18
17	19
17	20
17	21
17	22
18	19
18	20
18	21
18	22
19	20
19	22
20	21
20	22
21	22
23	24
23	25
23	26
23	27
23	28
23	29
23	30
23	31
23	32
23	33
24	25
24	26
24	27
24	28
24	29
24	30
24	31
24	32
24	33
25	27
25	28
25	29
25	30
25	31
25	32
26	27
26	28
26	29
26	31
26	33
27	28
27	29
27	30
27	31
27	32
28	29
28	30
28	31
28	32
28	33
29	31
29	32
29	33
30	31
30	32
30	33
31	32
31	33
32	33
34	35
34	36
34	37
34	38
34	39
34	41
34	42
34	43
34	44
35	36
35	37
35	38
35	39
35	40
35	41
35	42
35	43
36	37
36	38
36	39
36	42
36	43
37	38
37	40
37	41
37	42
37	44
38	40
38	41
38	42
38	43
38	44
39	40
39	41
39	42
39	43
39	44
40	44
41	42
41	43
41	44
42	43
42	44
43	44
45	46
45	48
45	49
45	50
45	52
45	53
45	54
45	55
46	47
46	48
46	50
46	51
46	52
46	53
46	54
46	55
47	48
47	50
47	51
47	52
47	53
47	55
48	49
48	50
48	52
48	54
48	55
49	50
49	51
49	53
49	54
50	51
50	52
50	53
50	54
50	55
51	52
51	53
51	54
51	55
52	53
52	54
52	55
53	54
53	55
54	55
56	57
56	58
56	59
56	60
56	61
56	62
56	63
56	64
56	65
56	66
57	58
57	59
57	60
57	61
57	62
57	64
57	65
57	66
58	59
58	60
58	61
58	62
58	63
58	64
58	65
58	66
59	60
59	61
59	62
59	63
59	64
59	65
59	66
60	61
60	62
60	63
60	64
60	65
61	62
61	63
61	64
61	65
61	66
62	63
62	65
62	66
63	64
63	65
63	66
64	65
64	66
67	68
67	69
67	70
67	71
67	72
67	73
67	75
67	76
68	69
68	70
68	72
68	73
68	74
68	75
68	76
69	70
69	71
69	72
69	73
69	75
69	76
70	71
70	72
70	74
70	75
70	76
71	72
71	73
71	74
71	75
71	76
72	73
72	74
72	75
72	76
73	74
73	76
74	76
75	76
77	78
77	79
77	80
77	81
77	82
77	83
77	84
77	85
77	86
78	79
78	80
78	81
78	82
78	83
78	84
78	85
78	86
79	80
79	81
79	82
79	83
79	84
79	85
79	86
80	81
80	82
80	83
80	84
80	86
81	82
81	83
81	84
81	85
81	86
82	83
82	84
82	85
82	86
83	84
83	85
83	86
84	85
84	86
85	86
87	88
87	89
87	90
87	91
87	92
87	93
87	94
87	95
87	96
87	97
87	98
88	89
88	90
88	91
88	92
88	93
88	94
88	95
88	96
88	97
88	98
89	90
89	91
89	92
89	94
89	96
89	97
89	98
90	91
90	92
90	93
90	94
90	95
90	96
90	97
90	98
91	92
91	93
91	94
91	95
91	96
91	98
92	93
92	94
92	95
92	96
92	97
92	98
93	94
93	95
93	96
93	97
93	98
94	95
94	96
94	97
94	98
95	96
95	98
96	97
96	98
97	98
99	100
99	101
99	102
99	105
99	106
99	107
99	108
100	101
100	103
100	104
100	105
100	106
100	107
100	108
100	109
101	102
101	105
101	106
101	107
101	108
101	109
102	103
102	104
102	106
102	107
102	108
102	109
103	104
103	105
103	106
103	107
103	108
103	109
104	105
104	106
104	107
104	108
104	109
105	106
105	107
105	108
105	109
106	107
106	108
106	109
107	108
107	109
108	109
110	111
110	112
110	113
110	115
110	116
110	117
110	118
110	119
111	113
111	114
111	115
111	116
111	118
111	119
112	113
112	114
112	115
112	116
112	117
112	118
112	119
113	114
113	115
113	116
113	117
113	118
113	119
114	115
114	116
114	117
114	118
114	119
115	117
115	118
115	119
116	117
116	118
116	119
117	118
117	119
118	119
120	121
120	122
120	123
120	124
120	125
120	126
120	127
120	128
120	129
120	130
120	131
121	122
121	123
121	124
121	125
121	126
121	129
121	130
121	131
122	123
122	124
122	126
122	128
122	129
122	130
122	131
123	125
123	126
123	128
123	129
124	126
124	127
124	128
124	130
124	131
125	126
125	127
125	128
125	129
125	130
125	131
126	127
126	128
126	129
126	130
126	131
127	128
127	130
127	131
128	129
128	130
128	131
129	130
129	131
130	131
132	134
132	135
132	137
132	138
132	139
132	140
132	141
132	142
133	134
133	135
133	136
133	137
133	138
133	139
133	140
133	141
133	142
134	135
134	136
134	137
134	138
134	139
134	140
134	141
135	136
135	137
135	138
135	139
135	140
135	141
135	142
136	137
136	138
136	139
136	140
136	141
136	142
137	138
137	139
137	140
137	141
137	142
138	139
138	141
139	140
139	141
139	142
140	141
140	142
141	142
143	144
143	145
143	146
143	147
143	148
143	149
143	150
143	151
143	152
143	153
143	154
144	145
144	146
144	148
144	149
144	150
144	151
144	152
144	153
144	154
145	146
145	147
145	148
145	149
145	150
145	152
145	153
145	154
146	148
146	149
146	150
146	151
146	152
146	153
146	154
147	148
147	149
147	150
147	151
147	152
147	153
147	154
148	149
148	150
148	151
148	152
148	153
148	154
149	150
149	152
149	153
149	154
150	151
150	152
150	153
150	154
151	152
151	153
151	154
152	153
152	154
155	156
155	157
155	160
155	161
155	162
155	163
155	164
155	165
156	157
156	158
156	159
156	160
156	161
156	163
156	164
156	165
157	158
157	159
157	160
157	161
157	162
157	163
157	164
157	165
158	159
158	160
158	161
158	162
158	163
158	164
158	165
159	161
159	162
159	163
159	164
159	165
160	161
160	162
160	164
160	165
161	162
161	164
161	165
162	163
162	164
162	165
163	164
163	165
164	165
166	167
166	168
166	169
166	170
166	171
166	172
166	173
166	175
166	176
167	168
167	169
167	170
167	171
167	172
167	173
167	174
167	175
167	176
168	169
168	170
168	171
168	172
168	173
168	174
168	176
169	170
169	171
169	172
169	173
169	174
169	175
170	171
170	172
170	173
170	174
170	175
170	176
171	173
171	174
171	175
172	173
172	174
172	175
173	174
173	175
173	176
174	175
174	176
177	178
177	180
177	181
177	182
177	183
177	185
177	186
177	187
178	179
178	180
178	181
178	182
178	183
178	185
178	186
178	187
179	183
179	185
179	186
179	187
180	182
180	183
180	184
180	185
180	186
180	187
181	183
181	184
181	185
181	187
182	183
182	184
182	187
183	184
183	185
183	186
183	187
184	185
184	187
185	186
185	187
186	187
188	189
188	190
188	191
188	192
188	193
188	194
188	195
188	196
188	197
188	198
188	199
189	190
189	191
189	192
189	194
189	195
189	196
189	197
189	198
189	199
190	191
190	192
190	193
190	194
190	195
190	196
190	197
190	198
190	199
191	192
191	193
191	194
191	196
191	197
191	198
191	199
192	193
192	196
192	197
192	198
192	199
193	194
193	195
193	196
193	197
193	198
193	199
194	195
194	196
194	197
194	198
194	199
195	196
195	197
195	198
195	199
196	197
196	198
196	199
197	198
197	199
198	199
200	201
200	202
200	203
200	204
200	205
200	206
200	207
200	208
200	209
200	210
200	211
201	202
201	203
201	204
201	205
201	206
201	207
201	209
201	210
201	211
202	203
202	204
202	205
202	207
202	208
202	209
202	210
202	211
203	204
203	207
203	208
203	209
203	210
203	211
204	205
204	206
204	208
204	209
204	210
204	211
205	206
205	207
205	208
205	209
205	210
205	211
206	207
206	209
206	210
206	211
207	208
207	209
207	210
207	211
208	209
208	211
209	210
209	211
210	211
212	213
212	214
212	215
212	216
212	217
212	218
212	219
212	220
212	221
212	222
212	223
212	224
213	214
213	215
213	218
213	219
213	220
213	221
213	222
213	223
213	224
214	216
214	217
214	218
214	219
214	220
214	221
214	222
214	223
214	224
215	216
215	217
215	218
215	219
215	220
215	221
215	222
215	223
215	224
216	217
216	218
216	219
216	220
216	221
216	222
216	223
217	219
217	220
217	221
217	222
217	223
217	224
218	220
218	221
218	222
218	223
218	224
219	220
219	221
219	223
219	224
220	221
220	222
220	224
221	222
221	223
221	224
222	223
222	224
223	224
225	226
225	228
225	229
225	230
225	232
225	234
225	235
226	227
226	228
226	229
226	230
226	231
226	232
226	233
226	234
226	235
227	228
227	229
227	230
227	231
227	233
227	234
227	235
228	229
228	231
228	232
228	233
228	234
229	230
229	231
229	232
229	233
229	234
229	235
230	231
230	232
230	233
230	234
230	235
231	232
231	233
231	234
231	235
232	233
232	235
233	234
233	235
234	235
236	237
236	238
236	239
236	240
236	241
236	242
236	243
236	244
236	245
237	239
237	240
237	241
237	242
237	243
237	244
237	245
238	239
238	241
238	242
238	244
238	245
239	240
239	241
239	244
239	245
240	241
240	242
240	244
240	245
241	242
241	243
241	244
241	245
242	243
242	244
242	245
243	244
243	245
244	245
246	247
246	248
246	249
246	250
246	251
246	253
246	254
246	255
246	256
247	248
247	249
247	250
247	251
247	252
247	253
247	254
247	255
247	256
247	257
248	249
248	250
248	251
248	252
248	254
248	255
248	256
248	257
249	250
249	251
249	252
249	254
249	255
249	257
250	251
250	252
250	253
250	254
250	255
250	256
250	257
251	252
251	253
251	254
251	255
251	256
251	257
252	253
252	254
252	255
252	256
252	257
253	254
253	255
253	256
253	257
254	255
254	256
254	257
255	256
255	257
256	257
258	259
258	261
258	262
258	263
258	264
258	265
258	266
258	268
258	269
259	260
259	261
259	262
259	263
259	264
259	265
259	266
259	267
259	268
259	269
260	261
260	263
260	264
260	265
260	266
260	267
260	268
260	269
261	262
261	263
261	265
261	266
261	267
261	268
261	269
262	263
262	264
262	265
262	267
262	268
262	269
263	265
263	266
263	268
264	265
264	266
264	267
264	268
264	269
265	266
265	267
265	268
265	269
266	267
266	268
266	269
267	268
267	269
268	269
270	271
270	272
270	273
270	274
270	275
270	276
270	277
270	278
270	279
270	280
271	272
271	273
271	274
271	275
271	276
271	278
271	279
271	280
272	273
272	274
272	275
272	276
272	277
272	278
272	280
273	274
273	275
273	277
273	278
273	279
273	280
274	275
274	276
274	277
274	278
274	279
275	276
275	277
275	278
275	279
275	280
276	277
276	278
276	280
277	278
277	279
277	280
278	279
278	280
279	280
