\\ machines
7
\\ max power
70
\\ Jobs in machine 1
10
J1	14	4	27	31	0.5908887782342561
J2	17	4	52	28	1.4494226264980146
J3	13	1	65	14	1.3200418779962202
J4	15	9	93	1	1.544583051600052
J5	13	12	78	12	0.9620911904935692
J6	15	11	13	2	1.2566202404634144
J7	15	11	18	10	1.8089165015550779
J8	16	7	86	8	0.7744911980478348
J9	13	6	99	18	1.6264931833417788
J10	16	7	99	21	0.6913336940677903
\\ Jobs in machine 2
10
J11	14	12	28	4	0.5612337252143562
J12	15	10	21	24	2.095173477946682
J13	15	9	48	11	0.9594389510313114
J14	16	8	41	8	0.9403044089002686
J15	15	2	89	17	1.7798105752865672
J16	15	9	90	22	1.5253326979101525
J17	14	13	77	5	0.9345953828639904
J18	15	14	21	14	0.8705648834819715
J19	15	8	69	7	0.9199920217593378
J20	14	5	72	14	1.7121060205765146
\\ Jobs in machine 3
9
J21	14	4	29	9	0.7778135590166634
J22	13	4	21	5	1.2305547828983538
J23	13	3	45	22	0.4511473924274513
J24	15	5	50	26	2.208423703676356
J25	14	3	44	34	1.96703095666052
J26	14	12	105	24	1.2305498318772243
J27	14	2	13	30	1.5845603693549564
J28	14	14	14	4	1.1911840107161413
J29	15	6	110	5	1.5023880032731023
\\ Jobs in machine 4
11
J30	15	6	65	8	0.9081120471553935
J31	14	1	30	7	0.7751697841894982
J32	14	6	103	20	0.9935048393634969
J33	15	9	37	2	0.26944477903234576
J34	16	7	32	13	1.8475141823619619
J35	13	12	36	35	0.5350884386873972
J36	15	4	13	11	1.0729719425773458
J37	15	9	34	4	0.7446036895397852
J38	14	13	83	1	0.920887629531121
J39	14	1	96	20	0.7604444568314834
J40	14	1	24	25	1.0847346736307018
\\ Jobs in machine 5
11
J41	14	10	12	8	0.4352179489611031
J42	14	3	47	16	0.9045944664473007
J43	14	5	3	13	1.486883514918888
J44	18	14	97	10	1.1321288475577138
J45	14	10	55	20	1.1406957652307272
J46	15	14	85	5	1.8101569492561258
J47	16	8	98	26	0.38309359923937614
J48	14	8	100	7	0.760458831239993
J49	15	11	94	5	1.0029333070176731
J50	15	10	87	18	0.9499726778775592
J51	14	11	101	32	1.8614901972809503
\\ Jobs in machine 6
10
J52	14	12	92	33	1.1717458255965336
J53	13	8	3	15	0.795654343098954
J54	15	11	22	8	0.3364287006311302
J55	13	4	50	1	1.9478487386051238
J56	13	14	21	5	0.7187542249035215
J57	14	1	81	4	0.5151852209209112
J58	15	2	107	31	1.2258248286907896
J59	13	5	20	25	1.727434500494354
J60	13	11	110	31	1.335247327853962
J61	15	12	14	5	1.803054954361695
\\ Jobs in machine 7
10
J62	15	5	50	25	1.2530693357623381
J63	16	4	3	33	1.1009414586770723
J64	14	14	9	24	0.7633661616169889
J65	14	7	75	21	2.100333677073381
J66	15	3	66	14	0.7938276859991777
J67	15	12	10	15	1.178020582798799
J68	15	4	40	34	1.1725631120926514
J69	14	10	57	17	0.5677396863766344
J70	13	4	96	12	1.883826670540197
J71	14	13	39	2	1.1726631687649218
\\ Dependencies 
68
1	10
3	7
4	5
4	7
4	9
6	7
6	10
11	19
12	14
12	15
12	17
12	20
13	20
14	16
16	20
17	19
18	19
21	27
22	27
22	28
23	24
23	25
23	29
24	27
24	29
25	26
26	28
30	35
30	38
31	37
31	38
33	39
34	39
35	38
39	40
41	48
42	50
43	46
44	51
45	47
46	47
46	50
48	49
49	51
52	54
52	55
53	55
53	58
54	56
55	57
55	58
56	59
56	60
58	60
59	61
62	63
62	66
62	69
62	70
63	68
64	65
64	67
65	71
66	67
66	68
66	71
68	71
70	71
