\\ machines
8
\\ max power
80
\\ Jobs in machine 1
11
J1	14	13	98	49	1.5913969455963197
J2	14	9	15	25	2.123803801731822
J3	14	2	58	48	1.7804581248762872
J4	14	5	48	22	1.926346983142373
J5	14	6	73	30	0.7134805111658029
J6	15	10	101	56	1.6182352459062903
J7	14	3	28	20	1.5580822255190045
J8	14	7	51	6	0.97471597347602
J9	14	5	30	4	1.3007375316241607
J10	15	6	30	54	2.073514274520729
J11	15	14	76	25	0.2055015228535898
\\ Jobs in machine 2
9
J12	14	13	40	27	0.9777989101728768
J13	13	5	17	47	0.293183126527111
J14	16	9	13	59	1.2909171398253472
J15	13	7	103	44	1.2130201288685336
J16	15	7	94	11	0.8619617993769835
J17	15	1	36	11	0.7613477300910392
J18	15	9	25	36	0.7493238605447168
J19	14	3	67	42	1.779219989957181
J20	15	5	81	32	1.2407324189324962
\\ Jobs in machine 3
13
J21	14	3	91	20	0.5485773414693164
J22	14	7	52	7	2.2768105276434074
J23	15	5	54	28	0.9726375246231732
J24	13	1	59	14	1.5272635236562933
J25	14	13	54	39	0.7157560364291375
J26	14	11	78	26	1.001275823059701
J27	15	2	13	27	2.0951757334155983
J28	14	6	47	19	1.8618164725649478
J29	14	6	64	46	1.5897637850943467
J30	15	7	71	15	1.6148414280902688
J31	15	5	29	23	0.43417125278934987
J32	14	13	21	59	1.9110389044255762
J33	15	8	74	59	1.653774569317756
\\ Jobs in machine 4
12
J34	14	5	23	47	1.0283197041614411
J35	14	13	87	13	0.9244268691200079
J36	15	9	73	60	0.4824442941534469
J37	13	2	89	34	1.1069576255877924
J38	15	7	76	27	1.5531019708528464
J39	15	9	20	39	1.2309687594773118
J40	13	2	20	5	2.1242715708482685
J41	15	7	78	28	1.8346793231754188
J42	16	2	69	46	2.33533908477086
J43	14	12	47	58	1.7355635637925677
J44	15	10	48	23	1.3110126281806362
J45	15	10	25	55	1.2828354295374305
\\ Jobs in machine 5
12
J46	14	6	28	23	1.8600169577753143
J47	14	4	34	38	0.5478661234386321
J48	15	4	65	36	0.8400414675368818
J49	13	2	74	28	1.7672741464102464
J50	15	3	50	21	1.4922506889231282
J51	15	8	81	51	0.5454072252623047
J52	14	1	110	57	1.2813483386711837
J53	15	10	91	21	0.7583996364527339
J54	16	6	57	9	1.7259583392850293
J55	17	5	32	59	1.2278098954658734
J56	15	7	73	10	1.286332534115416
J57	15	8	51	47	1.9185657287807067
\\ Jobs in machine 6
11
J58	16	5	82	12	2.024957496467043
J59	15	10	102	9	1.3859807632229166
J60	14	14	103	16	1.325860352461057
J61	15	11	82	59	1.8989106087744352
J62	14	13	41	13	1.4448282722323975
J63	15	11	69	59	0.5471195597167383
J64	13	7	75	53	1.5546446866854686
J65	14	5	33	34	1.4353846457067638
J66	14	1	109	32	1.293780854182312
J67	14	4	35	58	1.1091025878302685
J68	14	3	66	29	1.2610238850779727
\\ Jobs in machine 7
13
J69	14	14	57	14	0.7342171596305287
J70	16	9	7	51	0.5133485359707178
J71	14	13	33	13	1.333662882174959
J72	15	12	85	28	1.1868803761840132
J73	14	1	5	39	0.7631303958090653
J74	14	2	71	57	1.9467657489906554
J75	14	13	55	44	1.2886205080734854
J76	15	14	5	39	1.116060824138268
J77	15	12	12	52	0.7269118327600479
J78	15	7	73	50	0.3006682567269474
J79	15	11	100	54	1.8607967752240162
J80	15	1	10	45	1.5058823098569367
J81	15	14	2	43	2.2024979633582342
\\ Jobs in machine 8
12
J82	15	7	23	8	1.7877574294818297
J83	16	4	59	4	0.879157997440644
J84	14	2	46	3	1.1590880889200912
J85	15	2	102	56	0.5473009265212773
J86	14	12	13	44	1.8304639316200213
J87	13	8	110	2	1.1158553975000691
J88	14	10	65	1	1.0703859455652838
J89	17	13	110	54	2.173166868970604
J90	14	8	65	60	1.6276106894293814
J91	13	4	98	25	0.8477680147979917
J92	15	9	108	47	0.5853851298163899
J93	15	7	76	14	1.24883808188238
\\ Dependencies 
64
2	5
2	7
3	5
5	7
5	9
6	9
6	11
12	16
12	17
12	19
14	16
16	17
17	20
19	20
21	25
22	24
22	31
23	25
25	28
26	32
27	31
28	29
29	32
34	40
36	39
38	41
38	44
39	45
40	44
40	45
44	45
46	50
47	56
47	57
48	51
48	55
51	56
52	57
53	56
54	57
60	63
60	64
63	65
64	66
65	66
69	71
69	73
70	73
71	73
71	76
71	77
72	75
72	77
73	80
75	79
76	81
77	78
82	85
82	86
83	88
83	91
85	91
85	93
88	92
