\\ machines
6
\\ max power
60
\\ Jobs in machine 1
11
J1	15	9	77	26	1.045558138882391
J2	15	11	64	43	0.9722929914979429
J3	16	12	80	7	1.7429547602299564
J4	15	9	5	35	1.0205012950584866
J5	15	11	36	4	2.2796622231416293
J6	14	13	88	39	0.8404484522373854
J7	14	2	45	27	1.435689278479489
J8	13	11	28	45	0.958643529476339
J9	13	4	106	40	1.9099565841163932
J10	15	5	90	12	1.295303408849093
J11	14	1	12	7	1.4144096540100666
\\ Jobs in machine 2
12
J12	15	7	34	37	0.7907095950027593
J13	16	7	77	31	0.1
J14	13	3	57	44	0.8514726767153712
J15	14	12	23	43	1.5762234079829016
J16	14	3	65	20	1.717176612031007
J17	15	13	35	13	0.774597885488877
J18	16	2	62	11	1.1062465747164687
J19	15	3	16	26	0.7339023089588068
J20	16	1	98	34	1.0289893199911986
J21	14	7	40	41	0.6576640466311117
J22	14	11	98	22	0.1
J23	15	14	84	24	1.4210517821749669
\\ Jobs in machine 3
10
J24	15	13	105	15	0.8417413871391444
J25	14	6	47	13	2.5038668199664835
J26	16	14	15	35	1.619924535447381
J27	15	7	22	33	1.2707584374613832
J28	15	9	65	20	1.3074124149674458
J29	16	9	19	6	0.3113638761930009
J30	13	7	81	33	0.9868545929285792
J31	14	10	98	33	0.7032728779268522
J32	14	4	108	31	1.2162361070899197
J33	14	3	43	32	1.3542203875648575
\\ Jobs in machine 4
10
J34	14	11	107	19	1.839320796343187
J35	11	13	64	6	0.7444937513146122
J36	16	12	24	9	0.31313118662630623
J37	16	1	89	23	0.8418255800137104
J38	14	4	11	30	1.438152707306034
J39	15	13	26	31	0.3154785849185925
J40	15	2	43	7	1.0331989148072627
J41	15	3	55	35	0.785808066083048
J42	15	8	94	5	2.2149919184386078
J43	14	9	3	13	0.3505647433685709
\\ Jobs in machine 5
11
J44	14	1	57	15	1.5048410400776828
J45	16	2	14	11	1.170863814708188
J46	17	2	81	11	0.6592921613017317
J47	15	12	90	30	0.9319716340653901
J48	13	8	80	4	1.585381376792082
J49	14	11	20	2	1.3969249438144287
J50	14	4	83	27	1.0850972494604443
J51	14	4	57	41	1.6451273435587486
J52	13	11	12	42	0.6596265723666802
J53	15	3	60	21	0.733272645811802
J54	13	7	110	33	0.9847841491706469
\\ Jobs in machine 6
12
J55	14	6	50	17	0.1
J56	14	10	93	5	1.0728461220146293
J57	14	5	98	21	0.9959291461236421
J58	15	12	90	45	1.5695970904606362
J59	15	3	3	24	0.4104648854155798
J60	15	14	9	44	0.4798154122765669
J61	15	7	48	4	1.9719830470693824
J62	15	13	4	32	1.0371760603827953
J63	14	2	92	25	1.6943407206659424
J64	13	14	85	10	0.621731639453339
J65	14	13	56	45	1.3372663338852502
J66	15	6	38	43	1.0413951764474105
\\ Dependencies 
264
1	2
1	3
1	4
1	5
1	6
1	7
1	9
1	11
2	3
2	4
2	5
2	6
2	7
2	8
2	9
2	11
3	4
3	5
3	6
3	8
3	9
3	10
4	5
4	6
4	7
4	8
4	9
4	10
4	11
5	6
5	8
5	10
5	11
6	7
6	8
6	9
6	11
7	8
7	10
8	9
8	10
8	11
9	10
9	11
12	15
12	16
12	17
12	18
12	19
12	20
12	22
13	14
13	15
13	16
13	18
13	19
13	20
13	21
13	23
14	17
14	18
14	20
14	21
14	22
15	17
15	18
15	20
15	22
15	23
16	17
16	18
16	19
16	20
16	22
16	23
17	18
17	19
17	20
17	21
17	22
17	23
18	19
18	21
18	22
18	23
19	20
19	21
19	22
19	23
20	21
20	22
21	22
21	23
24	25
24	26
24	27
24	28
24	30
24	31
24	32
24	33
25	26
25	27
25	28
25	29
25	30
25	31
25	32
25	33
26	27
26	29
26	30
27	28
27	29
27	30
27	31
27	32
27	33
28	29
28	31
28	32
28	33
29	30
29	32
29	33
30	31
30	32
30	33
31	32
31	33
32	33
34	35
34	36
34	37
34	38
34	39
34	41
34	42
34	43
35	37
35	38
35	39
35	40
35	41
35	42
35	43
36	37
36	38
36	39
36	40
36	41
36	43
37	38
37	39
37	40
37	41
37	42
37	43
38	39
38	40
38	41
38	42
38	43
39	41
39	42
39	43
40	41
40	42
40	43
41	42
42	43
44	45
44	46
44	47
44	48
44	49
44	50
44	51
44	52
44	53
44	54
45	46
45	48
45	49
45	50
45	51
45	52
45	54
46	47
46	48
46	49
46	50
46	51
46	52
46	53
47	48
47	49
47	50
47	51
47	52
47	54
48	49
48	50
48	51
48	52
48	53
48	54
49	52
49	53
49	54
50	51
50	52
50	53
51	54
53	54
55	56
55	57
55	58
55	59
55	61
55	63
55	64
55	65
55	66
56	57
56	59
56	60
56	61
56	63
56	64
56	65
56	66
57	58
57	59
57	61
57	63
57	65
58	59
58	60
58	61
58	63
58	66
59	60
59	61
59	62
59	63
59	64
59	66
60	61
60	62
60	63
60	64
60	65
61	62
61	63
61	64
61	65
61	66
62	66
63	65
63	66
64	65
64	66
65	66
