\\ machines
18
\\ max power
180
\\ Jobs in machine 1
12
J1	15	6	62	9	1.6083774832411435
J2	13	13	40	12	1.568400052895638
J3	14	12	13	26	0.9854071614382577
J4	14	9	93	14	0.6718132483294887
J5	13	12	86	36	1.8983158125806152
J6	15	10	48	28	1.5836416188720612
J7	15	12	57	39	1.0442033265241746
J8	14	2	36	3	0.7629991485327192
J9	15	9	37	9	1.984928854524954
J10	15	2	64	14	2.4913378483566317
J11	14	10	33	34	2.11828048143616
J12	16	6	109	20	1.085136566221442
\\ Jobs in machine 2
10
J13	15	5	64	1	1.5067201424229293
J14	13	10	95	39	1.7493120958598025
J15	15	13	89	30	0.32453724363779635
J16	15	3	88	27	0.8216710814354382
J17	13	8	55	23	1.3085589236459192
J18	16	5	78	18	1.829709629293721
J19	14	7	59	25	1.5345288043612524
J20	14	2	100	10	1.0541781822438898
J21	16	1	52	37	1.747494119403183
J22	13	11	107	40	1.6184086453289037
\\ Jobs in machine 3
11
J23	16	9	60	5	1.1070454624026416
J24	14	5	91	5	1.6683492421385933
J25	16	7	94	6	1.3283014217280797
J26	15	7	87	18	1.5528649545937514
J27	16	1	17	34	0.9251378849285379
J28	16	3	38	10	0.38041121375339937
J29	15	5	82	33	1.879793154901667
J30	16	3	37	27	1.2502588142594735
J31	15	6	91	20	1.9836598732378417
J32	15	7	100	40	1.5091795421467937
J33	15	5	105	26	0.8752728436814061
\\ Jobs in machine 4
9
J34	15	6	80	31	1.2685008117020042
J35	15	8	93	22	1.2351797518516379
J36	15	4	63	16	0.8326036916000188
J37	15	13	83	5	1.3346325525005265
J38	14	11	97	13	0.8343882150933579
J39	14	7	33	3	0.6395567395673916
J40	14	6	39	41	0.7804082733072157
J41	14	14	88	41	1.2914672790480135
J42	16	11	28	21	1.3307682696396677
\\ Jobs in machine 5
9
J43	15	5	79	13	1.1973599206723864
J44	14	7	58	13	1.2250763926393209
J45	15	10	101	3	0.6498327007475034
J46	14	11	75	13	0.8802630276870806
J47	14	6	106	2	0.7811818308722724
J48	15	2	98	16	0.562915067785332
J49	16	7	33	38	1.2421437080769049
J50	17	7	56	8	0.7807551540494875
J51	14	5	60	40	0.5561767910672856
\\ Jobs in machine 6
12
J52	16	1	40	27	1.0726904375940562
J53	13	13	69	22	0.6173350006724104
J54	14	12	65	31	1.2278046152440778
J55	15	4	73	28	0.6454294637204083
J56	16	7	31	17	0.4047393050866144
J57	14	9	85	33	0.48554543884383483
J58	14	9	107	27	0.992495415420203
J59	15	6	74	11	1.4081374505012174
J60	14	9	41	20	0.4671744725860475
J61	15	1	74	9	0.7118554856595882
J62	13	2	72	40	1.8419316697038712
J63	14	7	43	37	1.039533303678036
\\ Jobs in machine 7
12
J64	14	11	8	15	0.7773751694377398
J65	13	11	17	38	1.7222479419684158
J66	16	5	44	43	0.3699334094462765
J67	15	13	89	15	1.0342087034082161
J68	15	5	21	11	0.6757165931950944
J69	15	9	26	27	0.940099113052044
J70	13	5	92	13	1.585549818879055
J71	15	8	40	6	0.20305018020932364
J72	13	1	70	43	0.33690739352020904
J73	14	11	93	32	0.5193459662330175
J74	14	12	77	10	0.9698216976838634
J75	14	6	76	14	0.551248192244506
\\ Jobs in machine 8
10
J76	13	11	39	18	1.8050030186086512
J77	14	6	30	5	0.34575387894686016
J78	16	1	87	31	0.42322343442756893
J79	16	2	78	22	1.3642062084069122
J80	14	10	68	20	1.341221344731433
J81	16	14	98	20	1.895010390037028
J82	14	9	67	36	2.0197890132499516
J83	14	12	26	5	1.488179618045975
J84	16	6	63	34	1.5297087776333722
J85	14	10	87	17	0.7497895486962058
\\ Jobs in machine 9
10
J86	14	12	97	15	1.1330461407721815
J87	15	9	81	8	0.8089596302990432
J88	16	1	12	16	1.5417142727387165
J89	14	4	45	30	1.6738504920340773
J90	14	4	88	38	0.8952988584114121
J91	16	3	30	14	0.2085693673745349
J92	14	13	21	13	1.4811535225205827
J93	16	7	11	35	1.095483893211842
J94	15	4	29	31	1.9562258013918323
J95	14	4	77	19	0.1
\\ Jobs in machine 10
10
J96	16	1	17	41	1.3804057232530644
J97	14	2	15	18	0.4428928221174737
J98	15	4	9	40	1.579733556671664
J99	13	10	110	9	1.7350431244871873
J100	14	14	101	32	0.9113486003628242
J101	14	12	27	27	0.1
J102	15	7	107	44	1.671617582893107
J103	16	12	22	11	1.8302975943927084
J104	12	5	69	4	1.3024278972768442
J105	14	9	27	33	1.3601420445836265
\\ Jobs in machine 11
11
J106	15	9	31	26	0.859096734567699
J107	15	9	39	26	1.1788931056910057
J108	16	6	90	33	1.8665624616728551
J109	14	13	83	40	1.081130748939776
J110	15	12	101	26	1.7529219311620519
J111	15	7	7	34	2.074720030791285
J112	16	1	4	41	0.5509637664030258
J113	12	4	104	35	0.7565749082529116
J114	16	1	22	36	1.0951592641799948
J115	14	13	82	10	0.9839141771776343
J116	16	4	6	10	0.9981379704327923
\\ Jobs in machine 12
10
J117	15	10	97	34	0.5410010054397304
J118	15	5	15	38	0.9475651404425565
J119	14	13	101	38	1.1551888239187178
J120	14	2	59	30	0.5465627236453567
J121	14	14	103	27	0.9905279021588682
J122	15	10	80	19	1.20826063439008
J123	12	1	27	8	0.3542034336898754
J124	15	13	31	13	1.1223131364947037
J125	15	9	14	44	0.7512402068228459
J126	15	13	31	33	0.6507924455120974
\\ Jobs in machine 13
12
J127	15	5	39	44	1.906755280646255
J128	15	11	56	25	1.211600874582867
J129	15	4	103	10	0.3562873722822616
J130	13	4	89	36	1.2989209794805685
J131	16	12	63	27	1.01636281106874
J132	15	4	83	8	1.1219924494273124
J133	14	5	2	9	0.6099891969400305
J134	15	12	87	37	1.4937559494665535
J135	14	7	97	7	1.594578392060033
J136	13	3	79	38	1.6438848765289047
J137	13	6	7	14	1.3387503796396132
J138	14	11	57	19	1.1554624981503085
\\ Jobs in machine 14
12
J139	13	5	69	1	1.9598007443753778
J140	15	4	84	8	1.1648735894079485
J141	15	11	64	36	1.2272153146543832
J142	15	11	19	38	0.7471106296920387
J143	15	11	43	32	1.2068107322282695
J144	15	11	55	28	0.7992254638526974
J145	14	10	92	16	1.4361982757759577
J146	14	14	78	38	1.6888480555084422
J147	16	9	22	25	1.4028877030411162
J148	14	6	76	19	0.8103629829458234
J149	15	1	80	4	1.8552344394563378
J150	14	13	46	27	0.3266347756797908
\\ Jobs in machine 15
12
J151	16	9	72	31	0.6944087016236051
J152	15	7	29	29	0.7541819776367218
J153	14	3	26	12	1.657535778454032
J154	15	6	11	43	1.2570106361672604
J155	15	4	105	38	1.5035894800104692
J156	15	8	44	13	1.620575244639463
J157	15	6	103	31	1.4340429358881766
J158	15	6	21	37	1.6708807722224535
J159	16	14	24	24	1.1667229067189901
J160	13	3	67	7	1.5271047313679509
J161	14	10	102	4	1.2142619648852389
J162	17	3	53	25	1.1463512867081895
\\ Jobs in machine 16
10
J163	14	1	3	36	1.0084584290176748
J164	14	1	70	36	1.2766536663944545
J165	13	14	65	31	1.100932404868285
J166	16	12	32	22	0.49140842603973567
J167	14	10	59	17	0.5235545507224678
J168	15	2	15	30	1.2570652717493174
J169	15	10	83	4	1.3781396679606084
J170	14	5	97	15	1.1463845070442764
J171	14	14	83	7	1.955109216977844
J172	16	4	31	45	1.6516390525890452
\\ Jobs in machine 17
11
J173	15	14	50	3	1.8516665433309778
J174	15	6	17	9	1.944041431992933
J175	14	1	65	26	1.524055776913284
J176	14	3	73	19	0.9193967746722025
J177	15	3	6	10	1.5914131721357918
J178	12	13	43	19	1.8203396371527485
J179	14	2	2	7	1.7152243812813954
J180	14	13	20	21	1.536203227789626
J181	15	6	96	29	1.5140029866870275
J182	15	7	71	30	1.6839405088879171
J183	15	1	88	1	0.8347780032369451
\\ Jobs in machine 18
12
J184	14	11	19	31	1.2746545168078534
J185	15	7	99	23	0.9645202217494775
J186	13	9	32	41	1.386562882906405
J187	14	10	51	5	0.9060954173121512
J188	14	11	108	10	1.6318675381158947
J189	13	13	3	21	0.5610255405888706
J190	14	14	52	43	0.8862057086620789
J191	16	9	103	34	0.9512578901677987
J192	15	8	21	26	0.7669008263764402
J193	15	14	83	7	1.3917730037935006
J194	15	12	57	7	1.813255206803213
J195	16	5	60	12	1.6425931922099226
\\ Dependencies 
687
1	2
1	3
1	4
1	5
1	8
1	9
1	11
1	12
2	3
2	5
2	6
2	8
2	10
2	11
2	12
3	4
3	5
3	6
3	7
3	9
4	5
4	6
4	7
4	8
5	7
5	9
5	10
5	11
6	7
6	10
6	11
7	10
7	12
8	9
8	10
8	11
8	12
10	11
13	14
13	15
13	17
13	21
13	22
14	15
14	16
14	17
14	19
14	20
14	21
14	22
15	16
15	17
15	18
15	20
15	21
16	17
16	18
16	19
17	18
17	20
17	21
17	22
18	19
18	20
18	21
19	20
20	21
21	22
23	24
23	26
23	29
23	30
23	31
23	33
24	25
24	26
24	28
24	29
24	30
24	31
25	26
25	29
25	30
25	31
25	32
25	33
26	27
26	28
26	29
26	30
26	32
26	33
27	29
27	30
27	31
27	32
28	29
28	30
28	33
29	30
29	31
29	32
29	33
30	31
30	32
31	33
32	33
34	36
34	37
34	38
34	39
34	40
34	41
35	36
35	39
35	40
35	41
35	42
36	37
36	38
36	39
36	41
36	42
37	39
37	41
38	39
38	40
38	41
38	42
39	40
39	41
40	41
40	42
41	42
43	44
43	45
43	46
43	47
43	48
43	49
43	50
43	51
44	45
44	46
44	47
44	48
44	50
44	51
45	46
45	47
45	48
45	49
45	51
46	47
46	49
46	50
46	51
47	48
47	49
47	51
48	51
49	51
52	53
52	54
52	55
52	56
52	57
52	58
52	59
52	60
52	61
52	62
53	54
53	56
53	57
53	58
53	59
53	60
53	61
53	62
54	55
54	56
54	58
54	59
54	60
54	61
54	62
54	63
55	57
55	58
55	59
55	60
55	61
55	62
56	60
56	61
56	62
57	58
57	59
57	60
57	61
57	62
58	59
58	60
58	63
59	60
59	61
60	62
60	63
61	62
61	63
64	66
64	70
64	71
64	72
64	75
65	66
65	67
65	72
65	74
65	75
66	68
66	69
66	70
66	71
66	72
66	73
66	74
66	75
67	68
67	70
67	72
67	73
67	74
68	69
68	70
68	71
68	72
68	73
68	74
69	71
69	72
69	74
70	71
70	72
70	74
70	75
71	72
71	73
71	74
71	75
72	73
73	74
73	75
74	75
76	77
76	78
76	79
76	81
76	82
76	83
76	85
77	78
77	79
77	80
77	81
77	84
77	85
78	80
78	81
78	82
78	83
78	85
79	80
79	81
79	82
79	83
79	84
79	85
80	81
80	82
80	83
80	84
80	85
82	83
82	84
82	85
83	84
86	87
86	88
86	90
86	91
86	93
86	94
86	95
87	88
87	89
87	90
87	92
87	93
88	90
88	91
88	92
88	95
89	90
89	91
89	92
89	93
89	95
90	91
90	92
90	93
90	94
90	95
91	92
91	93
91	94
91	95
92	93
92	95
93	94
93	95
94	95
96	97
96	98
96	100
96	101
96	102
96	103
96	104
96	105
97	99
97	100
97	102
97	104
98	99
98	101
98	102
98	104
98	105
99	100
99	101
99	102
99	103
99	104
99	105
100	101
100	102
100	103
100	105
101	102
101	104
101	105
102	103
102	104
102	105
103	104
103	105
104	105
106	108
106	109
106	110
106	111
106	112
106	113
106	115
106	116
107	108
107	109
107	110
107	111
107	112
107	113
107	114
107	115
108	109
108	111
108	114
108	115
108	116
109	110
109	112
109	113
109	115
109	116
110	111
110	112
110	113
110	114
110	116
111	112
111	113
111	114
111	115
112	114
112	115
112	116
113	114
113	115
113	116
117	121
117	123
117	124
117	126
118	119
118	120
118	122
118	123
118	124
118	125
118	126
119	120
119	121
119	123
119	126
120	121
120	123
120	124
120	126
121	122
121	123
121	124
121	125
121	126
122	123
122	124
122	126
123	124
123	125
124	125
124	126
125	126
127	128
127	129
127	130
127	131
127	133
127	135
127	136
127	137
128	129
128	130
128	131
128	132
128	134
128	136
128	138
129	130
129	132
129	133
129	134
129	135
130	131
130	133
130	134
130	136
130	137
131	133
131	134
131	135
131	136
131	137
131	138
132	133
132	134
132	138
133	134
133	136
133	137
133	138
134	135
135	137
135	138
136	138
137	138
139	140
139	141
139	142
139	143
139	145
139	146
139	147
139	150
140	141
140	143
140	146
140	148
140	149
141	142
141	143
141	144
141	145
141	147
141	148
141	149
142	145
142	146
142	148
142	149
142	150
143	144
143	145
143	146
143	148
143	149
143	150
144	145
144	148
144	150
145	146
145	148
145	149
145	150
146	147
146	149
146	150
147	149
147	150
148	149
148	150
149	150
151	152
151	153
151	154
151	155
151	156
151	158
151	159
151	160
151	161
152	154
152	155
152	156
152	157
152	158
152	159
153	154
153	155
153	158
153	161
154	155
154	158
154	159
154	160
154	162
155	156
155	157
155	158
155	159
155	160
155	161
155	162
156	157
156	158
156	159
156	160
156	161
156	162
157	158
157	159
157	162
158	159
158	160
159	160
159	161
159	162
161	162
163	164
163	165
163	166
163	167
163	168
163	169
163	170
163	171
163	172
164	166
164	168
164	170
164	171
164	172
165	168
165	169
165	170
165	171
165	172
166	169
166	171
166	172
167	168
167	169
167	170
167	171
167	172
168	170
168	171
168	172
169	170
169	172
170	171
170	172
171	172
173	174
173	175
173	176
173	180
173	181
173	182
173	183
174	175
174	180
174	182
175	176
175	177
175	178
175	179
175	180
175	182
175	183
176	177
176	178
176	179
176	182
177	178
177	181
177	182
178	179
178	180
178	181
178	182
179	180
179	181
179	182
179	183
180	183
181	182
181	183
182	183
184	185
184	186
184	188
184	190
184	191
184	192
184	194
185	186
185	187
185	188
185	190
185	191
185	193
185	194
185	195
186	187
186	188
186	189
186	191
186	192
186	193
186	194
186	195
187	189
187	190
187	192
187	193
187	194
187	195
188	190
188	191
188	193
188	194
188	195
189	190
189	192
189	194
190	191
190	193
190	194
191	192
191	193
191	194
191	195
192	193
192	195
193	194
193	195
194	195
