\\ machines
25
\\ max power
250
\\ Jobs in machine 1
11
J1	14	7	99	13	1.1741325619930418
J2	15	2	28	3	1.0368439320275304
J3	14	11	65	11	1.7208892419135067
J4	15	14	81	1	2.2076638132667155
J5	15	11	55	62	1.0211373543699218
J6	15	14	15	48	1.1393037141961284
J7	15	4	46	59	0.364370868189264
J8	12	9	12	8	1.334931236069108
J9	13	4	20	4	1.308179246658431
J10	15	13	23	28	1.2042157984363928
J11	14	14	101	31	0.531498003564973
\\ Jobs in machine 2
12
J12	14	12	108	9	2.5286275144278685
J13	15	9	82	3	0.6169571122840356
J14	14	10	40	62	1.806520601936211
J15	14	12	84	25	1.572971702229593
J16	16	4	75	17	1.4694867409975467
J17	15	13	78	49	1.2200774304459772
J18	14	10	10	47	0.9141522739022248
J19	13	11	33	12	0.9211209265770525
J20	15	2	79	4	1.9002124935324392
J21	16	3	22	33	1.5336170293915259
J22	15	2	94	23	0.1
J23	15	2	27	62	1.345756327842284
\\ Jobs in machine 3
11
J24	14	11	64	36	1.251614797666108
J25	14	12	19	57	1.419501194937529
J26	14	6	32	33	1.6267151613060262
J27	16	10	58	47	1.907548179814607
J28	14	2	59	27	0.8137944680779455
J29	14	5	69	25	1.0752339381361977
J30	18	8	101	49	1.4162195404928022
J31	13	1	51	27	1.3508829458014011
J32	14	8	65	20	1.7327963458520506
J33	15	11	86	34	1.4858606022920506
J34	15	4	18	49	1.6697121407862467
\\ Jobs in machine 4
11
J35	15	2	80	62	0.8241200433691072
J36	16	11	93	22	2.1653861331400748
J37	15	8	56	13	0.6494939296304727
J38	14	8	72	36	0.8238269149232456
J39	16	4	61	60	1.9533439047692083
J40	13	2	36	29	1.4606051138592508
J41	15	6	46	57	0.8401675037105165
J42	14	10	70	35	0.7765016491188403
J43	16	12	43	23	1.975543260583907
J44	14	14	25	17	1.1561077096535537
J45	13	3	45	37	1.8237848097341987
\\ Jobs in machine 5
12
J46	15	6	34	16	0.899713202534569
J47	14	8	52	38	1.409130832000501
J48	13	9	91	57	0.988997555634133
J49	15	1	7	32	1.291904122919792
J50	16	5	11	48	2.3298997491325544
J51	15	12	63	47	1.9118647368431594
J52	14	14	84	43	0.5391448835492352
J53	16	9	43	58	2.093548931154203
J54	16	12	46	53	0.9147401875478889
J55	13	1	12	48	1.4243497870209678
J56	14	8	23	36	0.7516633124537386
J57	13	11	45	1	2.05764770569398
\\ Jobs in machine 6
11
J58	14	10	44	26	1.313015384748769
J59	15	2	13	34	1.693320263981199
J60	14	4	24	6	1.7771663118043108
J61	14	14	58	1	0.5565931259884315
J62	14	3	71	55	1.536631566443211
J63	15	2	100	45	1.838270619045599
J64	13	6	94	50	0.2911569773906463
J65	15	10	38	21	0.9101723678549197
J66	15	10	61	53	1.10256233109925
J67	16	10	79	40	2.358688334532215
J68	16	7	94	34	0.37453408433507895
\\ Jobs in machine 7
11
J69	15	8	83	11	0.4469931414920786
J70	16	9	10	40	1.750256938805935
J71	13	3	97	4	1.0922413651623004
J72	14	11	33	34	1.4233631906412494
J73	15	6	82	57	1.5567574748260058
J74	14	7	94	23	1.5531051620273466
J75	14	6	33	55	1.5800258003550958
J76	13	7	10	47	1.1031502191375
J77	17	7	4	10	0.3517519816019996
J78	14	1	31	43	1.371398251786307
J79	15	1	15	62	1.4886199451430155
\\ Jobs in machine 8
11
J80	14	6	91	36	0.7329948202897116
J81	15	1	83	37	0.10903993051346372
J82	15	5	85	30	1.0381740137850297
J83	14	11	94	16	0.6632309224378294
J84	15	13	58	6	1.127310224073274
J85	15	8	94	7	1.349810523349386
J86	16	3	41	34	1.3457261930374944
J87	13	12	22	24	0.6661729530145668
J88	15	8	26	46	2.306562331935324
J89	15	11	30	49	0.8524186705814818
J90	14	13	52	27	1.5259491183922265
\\ Jobs in machine 9
11
J91	14	6	105	31	1.2439194000676161
J92	16	13	69	16	1.591134128907674
J93	15	3	62	9	1.6504456078161998
J94	14	9	76	16	1.0475590394058414
J95	15	6	110	30	0.7286449184071081
J96	15	11	60	56	1.3784977386709538
J97	14	4	108	61	0.9741412855719493
J98	13	1	27	56	0.7517911618481549
J99	14	14	103	23	0.6169581388908344
J100	14	2	107	2	1.7584884417316133
J101	14	5	5	36	1.4429082227424752
\\ Jobs in machine 10
11
J102	12	10	91	21	0.3846859287272375
J103	13	2	70	33	0.3971419986186693
J104	14	9	5	28	1.0627599061892823
J105	16	14	74	22	1.9578280161036883
J106	13	11	63	7	1.63316205664132
J107	15	7	8	7	2.0341075588754056
J108	13	3	51	20	2.1177463626408572
J109	16	6	89	32	1.139152127522466
J110	12	13	6	20	1.3486460618237817
J111	15	11	56	59	0.7298227263884391
J112	15	14	57	7	1.026991176789291
\\ Jobs in machine 11
11
J113	14	12	73	9	0.3475631955099536
J114	14	12	98	20	1.1523586003933939
J115	14	5	64	43	1.125649581809467
J116	12	2	30	4	0.5109367695035086
J117	15	12	74	44	0.1
J118	14	1	102	55	1.2926319744568016
J119	15	8	90	28	1.4038297453417738
J120	15	3	24	3	1.9963304109977589
J121	14	5	87	11	1.803908639982091
J122	12	10	7	3	1.0077352137111568
J123	16	2	109	12	1.2883879952159039
\\ Jobs in machine 12
11
J124	14	11	43	55	1.587091440616779
J125	14	9	98	18	1.6893833440099308
J126	15	3	8	11	1.2473135313355999
J127	15	5	68	9	1.3957149510581508
J128	14	4	98	21	1.6572289817200336
J129	15	11	45	37	1.7004366539708096
J130	12	7	42	55	1.1690455210202666
J131	15	8	88	40	0.7552463986014055
J132	14	13	2	41	1.4220517232600558
J133	15	2	11	33	1.8670820308375309
J134	14	14	32	21	1.5221246938374569
\\ Jobs in machine 13
12
J135	14	5	14	11	0.8814354380653815
J136	14	7	95	24	2.0849515585960043
J137	13	13	46	26	0.8788107392192572
J138	16	4	97	10	2.0760556073749523
J139	15	14	96	29	1.499046160710553
J140	15	12	64	8	1.6411369773370472
J141	14	6	83	4	1.3298771770638265
J142	13	3	47	49	2.055879309248959
J143	14	13	9	44	2.5550493293631154
J144	15	10	91	16	0.4992536820693346
J145	15	4	86	42	0.1
J146	14	9	82	59	1.1510445804275262
\\ Jobs in machine 14
8
J147	13	8	74	7	0.5635562624039336
J148	15	9	41	14	1.1771835428668016
J149	15	10	32	25	1.097216846793616
J150	14	1	78	54	0.2654632597869192
J151	16	14	58	31	0.9824978677333368
J152	14	2	33	15	1.5547844647264704
J153	15	14	38	53	2.43215554337627
J154	13	6	24	58	0.8231725552012843
\\ Jobs in machine 15
10
J155	16	8	3	6	0.7475017697323427
J156	15	1	60	8	2.258438061766201
J157	14	5	15	7	0.9578816281410466
J158	13	8	48	36	0.8777276235851362
J159	16	12	84	24	1.0859331391575788
J160	14	9	5	35	1.2485631266826545
J161	15	4	32	34	1.147456550080389
J162	16	2	101	6	0.1
J163	15	14	46	22	0.6711057242367162
J164	15	13	2	41	0.8937137255446466
\\ Jobs in machine 16
9
J165	14	8	101	55	0.6165327127174285
J166	15	3	61	1	2.0952163382049394
J167	14	6	18	61	2.21230396200297
J168	13	5	41	32	0.8769458441667479
J169	13	2	79	42	1.6298544604770338
J170	14	10	33	30	1.698261501585895
J171	15	4	51	38	1.2249208229198478
J172	14	7	11	12	1.0387387463165603
J173	13	4	2	29	0.7717714654088874
\\ Jobs in machine 17
10
J174	13	8	37	22	1.0620877825266808
J175	15	7	89	41	0.9733239790177427
J176	15	4	16	42	1.0315506456306018
J177	13	7	2	34	1.0175799867827122
J178	16	14	85	20	0.8018626630502064
J179	13	10	96	57	0.5678898102997447
J180	13	10	86	45	0.7548974312834189
J181	16	10	12	52	0.8213254791116178
J182	14	12	35	59	1.0041170126138093
J183	13	14	91	13	1.259656844834643
\\ Jobs in machine 18
12
J184	14	3	24	17	1.2384873520427409
J185	14	1	67	24	0.9729838212598914
J186	14	14	74	34	0.15182435004892603
J187	16	14	86	50	1.1053228379728046
J188	14	3	47	61	0.47510825076882923
J189	17	3	54	53	0.869520729562117
J190	16	2	7	36	1.0815863599389357
J191	15	1	64	5	1.7997729771353126
J192	14	5	88	41	0.9228501945230156
J193	14	1	34	26	1.4124801244662155
J194	14	5	86	9	0.9418638950808877
J195	14	12	23	6	0.45788178064791973
\\ Jobs in machine 19
10
J196	15	12	96	20	2.0348298639564764
J197	15	11	65	30	0.794016673956232
J198	14	3	74	21	1.3374375877265896
J199	14	1	89	6	0.5697787125124776
J200	15	11	48	22	0.913458145746059
J201	15	10	16	5	1.0461983446725371
J202	15	7	106	58	2.2347588446934292
J203	14	5	52	44	1.4227794249406671
J204	15	14	33	6	1.0355884980532848
J205	15	10	38	55	0.5035649920418743
\\ Jobs in machine 20
11
J206	15	4	17	15	1.2620318939554451
J207	14	14	30	16	1.6080335913668538
J208	14	8	28	18	1.4592324426182393
J209	15	13	59	62	1.574727326257043
J210	15	4	54	15	1.1746623900331195
J211	13	12	29	35	1.1742830176180694
J212	14	12	40	44	1.2721251332211754
J213	13	10	55	60	1.131687597219312
J214	15	6	108	30	1.2494960108038111
J215	14	1	4	4	1.0937036178496646
J216	14	7	37	21	1.1009834332018544
\\ Jobs in machine 21
11
J217	15	2	33	57	1.1848341613203481
J218	15	13	97	30	0.9040430005435245
J219	15	12	91	61	0.928556098886312
J220	15	1	98	10	1.1452325726432544
J221	16	14	10	52	0.6019949117796535
J222	15	14	11	62	0.5953374952852232
J223	15	9	37	35	1.3820794984759255
J224	14	10	4	5	0.8912210332792242
J225	13	12	100	2	1.7702280441656568
J226	15	9	21	1	1.4125574160348282
J227	12	7	85	43	1.6854906877138176
\\ Jobs in machine 22
11
J228	13	5	25	38	1.0689097788972102
J229	15	1	7	9	0.926788847780739
J230	14	10	83	45	0.9802836894730803
J231	13	1	13	14	1.7385936764854493
J232	15	2	35	50	1.0920892156489945
J233	15	7	31	18	1.3219643382676995
J234	15	1	56	49	1.198391954035348
J235	14	7	104	10	1.0914854285590125
J236	14	14	43	54	0.6895598467009981
J237	14	14	92	33	1.9648361199936026
J238	13	5	94	60	1.8009929221802756
\\ Jobs in machine 23
10
J239	15	10	52	50	1.4754208962195299
J240	14	1	19	51	1.093718110185515
J241	14	4	79	52	0.774028097110548
J242	13	9	101	33	1.8226741579633792
J243	15	7	84	44	0.8491959344792477
J244	14	11	61	37	1.1259360202841535
J245	14	12	109	47	1.1723760696637133
J246	14	9	42	21	0.9028030637008172
J247	15	13	54	6	0.8432623168127296
J248	15	6	110	30	1.4426601479819532
\\ Jobs in machine 24
11
J249	14	13	77	51	1.5890962919215597
J250	13	7	58	24	1.7634673116602548
J251	15	1	76	55	1.1509176865515363
J252	16	7	49	60	0.9383444734675159
J253	15	3	78	18	1.9048059533923163
J254	14	12	9	17	0.8069894739936301
J255	14	7	60	57	0.46492026301472233
J256	14	8	22	61	0.4905955600867028
J257	14	8	26	35	1.576810826132569
J258	13	6	25	11	1.3394596206917675
J259	14	13	7	3	0.8007194447003405
\\ Jobs in machine 25
9
J260	14	8	45	7	0.9427223790308928
J261	14	7	67	11	0.8645135490414956
J262	17	5	72	26	0.5700075191020585
J263	16	7	19	63	1.2758732153525123
J264	15	8	52	35	0.6861810898023228
J265	16	11	48	20	1.5623645073552592
J266	15	1	26	38	1.0740238283607977
J267	14	5	110	51	1.2339548790936279
J268	15	10	12	5	1.3060142316348957
\\ Dependencies 
650
1	3
1	4
1	5
1	7
1	8
1	10
1	11
2	3
2	4
2	7
2	8
2	9
2	11
3	6
3	9
3	10
3	11
4	5
4	6
4	7
4	8
4	10
5	6
5	7
5	8
5	9
5	11
6	7
7	8
7	11
9	10
9	11
12	14
12	15
12	16
12	17
12	19
12	20
13	14
13	18
13	20
13	21
13	22
14	19
14	21
14	23
15	18
15	19
15	21
15	23
16	18
16	19
17	19
17	20
17	21
18	19
18	20
18	22
18	23
19	20
19	23
20	21
20	23
21	22
24	26
24	28
24	30
24	34
25	26
25	27
25	28
25	33
26	27
26	28
26	31
26	32
26	33
27	28
27	30
27	31
27	33
28	33
29	32
30	33
30	34
31	34
35	37
35	39
35	42
36	37
36	38
36	41
36	42
36	44
37	39
37	40
37	43
38	39
38	40
38	41
38	42
38	43
38	44
38	45
39	41
39	42
39	43
39	44
39	45
40	42
40	43
40	44
41	42
42	43
42	44
46	47
46	48
46	49
46	50
46	51
46	52
46	54
46	56
47	48
47	50
47	53
47	56
47	57
48	51
48	54
48	56
49	51
49	52
49	53
49	54
50	56
50	57
51	52
51	53
51	54
51	55
51	57
52	56
53	56
53	57
54	57
55	56
55	57
56	57
58	61
58	64
58	66
58	67
58	68
59	61
59	62
59	63
59	64
59	65
59	67
60	61
60	62
60	63
60	67
60	68
61	62
61	64
61	65
61	66
61	67
62	66
63	65
63	66
63	67
63	68
64	66
64	67
64	68
65	66
65	67
65	68
66	67
66	68
69	72
69	73
69	74
69	78
69	79
70	71
70	75
70	76
70	78
71	72
71	73
71	75
71	78
71	79
72	74
72	76
72	77
72	79
73	75
73	77
73	78
73	79
74	76
74	78
74	79
75	76
75	77
75	79
76	77
76	78
80	81
80	83
80	84
80	87
80	89
81	82
81	84
81	87
81	90
82	87
82	90
83	84
83	87
83	90
84	85
84	87
84	88
84	89
84	90
85	87
85	89
85	90
87	89
88	89
88	90
91	92
91	95
91	97
91	98
91	101
92	93
92	97
92	98
92	100
93	96
93	99
94	96
94	97
94	98
94	99
94	100
95	96
95	97
95	98
96	99
97	98
98	100
98	101
99	100
99	101
102	104
102	106
103	104
103	108
103	109
103	111
104	109
104	112
105	106
105	107
105	108
105	109
105	110
105	111
106	107
106	109
106	110
107	108
107	109
108	111
108	112
109	112
110	111
110	112
111	112
113	116
113	121
113	123
114	115
114	116
114	119
114	122
115	116
115	117
115	118
115	119
115	121
115	123
116	118
116	119
116	121
116	122
116	123
117	118
117	121
118	119
118	120
118	122
119	120
119	121
119	122
119	123
120	122
120	123
121	122
121	123
122	123
124	126
124	128
124	131
124	132
124	133
124	134
125	126
125	127
125	130
125	131
125	133
125	134
126	129
126	130
126	133
126	134
127	128
127	131
127	132
127	133
128	130
128	132
128	133
128	134
129	130
129	131
129	134
130	134
131	134
135	141
135	144
135	146
136	137
136	138
136	139
136	141
136	144
136	145
136	146
137	143
137	144
137	146
138	139
138	141
138	142
138	143
138	145
138	146
139	140
139	145
139	146
140	141
140	143
141	142
141	143
141	144
142	143
142	144
142	145
143	144
144	145
144	146
147	148
147	150
147	151
147	152
147	153
147	154
148	150
148	153
149	153
149	154
150	152
151	152
152	153
155	157
155	162
155	163
156	159
156	161
156	162
156	163
156	164
157	158
157	161
157	164
158	164
159	160
159	161
159	162
159	163
160	162
160	163
161	163
161	164
162	163
163	164
165	168
165	173
166	167
166	173
167	168
168	169
168	171
168	172
168	173
169	170
169	171
169	172
170	171
170	173
171	172
172	173
174	175
174	176
174	178
174	179
174	183
175	177
175	178
175	181
176	177
176	178
177	181
177	183
178	179
178	183
179	180
179	181
179	183
180	183
181	182
181	183
184	187
184	190
184	192
184	195
185	187
185	190
185	192
185	194
186	188
186	189
186	192
187	189
187	190
187	191
187	192
187	195
189	190
189	192
189	194
189	195
190	191
190	195
191	193
191	195
192	193
192	195
193	194
194	195
196	198
196	199
196	200
196	202
196	203
197	201
197	202
197	203
197	205
198	201
199	200
199	202
199	204
200	202
200	203
201	202
201	203
201	204
201	205
202	204
202	205
203	204
203	205
206	207
206	211
207	208
207	209
207	210
207	214
208	209
208	212
208	213
208	215
208	216
209	210
209	212
209	214
210	211
210	212
210	214
210	215
210	216
211	212
211	213
211	214
212	214
212	215
212	216
213	216
214	215
215	216
217	219
218	221
218	224
218	225
219	225
219	227
220	221
220	224
220	226
220	227
221	222
221	226
222	223
222	225
222	226
223	224
223	226
223	227
224	225
225	226
225	227
228	231
228	233
228	235
228	236
228	237
229	230
229	231
229	232
229	233
229	234
229	236
229	237
229	238
230	231
230	235
230	238
231	233
231	235
232	234
232	235
232	236
232	238
233	234
233	235
234	235
234	236
234	238
235	236
235	237
239	240
239	248
240	243
240	244
240	245
240	246
240	247
240	248
241	243
241	244
242	243
242	246
243	245
244	246
244	247
245	247
245	248
246	247
246	248
249	250
249	252
249	253
249	255
249	257
249	258
249	259
250	252
250	253
250	255
250	256
250	257
250	258
251	259
252	254
252	255
252	258
253	255
253	257
253	259
254	255
254	256
254	257
255	258
255	259
257	259
258	259
260	261
260	263
260	265
260	267
260	268
261	263
261	265
261	268
262	265
262	266
263	264
263	265
263	266
263	267
263	268
264	265
264	266
264	267
265	266
265	267
265	268
266	267
