\\ machines
18
\\ max power
180
\\ Jobs in machine 1
11
J1	15	9	101	69	1.9093128396941834
J2	15	8	9	13	1.6057386340212065
J3	14	7	79	69	1.7009297290245056
J4	15	13	89	33	1.191488059485139
J5	16	12	13	50	0.818278727427775
J6	17	9	108	26	0.322058173995061
J7	14	7	12	19	0.99241349197529
J8	15	3	37	33	1.7150531380055227
J9	16	10	62	50	1.2020603352966595
J10	15	3	76	3	2.1604723115461324
J11	16	13	80	71	1.4562099806934174
\\ Jobs in machine 2
11
J12	14	2	42	84	1.285335517091471
J13	14	1	76	37	0.8909003671189781
J14	15	12	102	10	0.1
J15	14	10	13	17	1.1228760298765668
J16	15	3	21	17	0.9803035985556471
J17	14	12	31	21	1.6686306358724488
J18	15	12	3	77	1.3270817245476314
J19	15	1	47	27	0.49133249289710124
J20	13	12	92	41	1.0806227831453783
J21	13	12	53	66	2.592248608981528
J22	15	11	10	41	1.4808043461412672
\\ Jobs in machine 3
12
J23	14	9	77	12	1.3380191235052574
J24	15	8	3	66	1.1291207553437468
J25	14	4	44	38	0.5981094964601398
J26	15	4	54	44	1.7081064623603388
J27	14	11	88	25	1.9409093959807797
J28	16	6	37	11	1.8078347117615672
J29	14	1	78	35	1.1904666325558788
J30	15	3	88	69	1.9116253348937673
J31	15	6	94	75	1.6992316919454376
J32	14	6	66	15	1.2890243310444538
J33	16	9	48	30	2.11373126140319
J34	13	3	24	73	0.42872220030309394
\\ Jobs in machine 4
12
J35	12	8	20	75	0.553655124291773
J36	14	12	55	69	0.5952891775669592
J37	15	8	59	76	1.6139083598629265
J38	15	5	63	4	0.5843032550567607
J39	14	1	104	24	1.4874984840410401
J40	13	7	27	27	1.5693304886072807
J41	15	6	82	15	0.7342202680331746
J42	15	12	16	81	2.3872641148746077
J43	15	9	17	82	1.0054277706369845
J44	14	7	3	71	1.5023855706252622
J45	14	9	15	4	1.180725396053826
J46	15	10	31	63	1.4902078371990832
\\ Jobs in machine 5
10
J47	15	1	70	25	1.5889090060885334
J48	12	14	13	76	1.582786955656598
J49	13	8	97	41	1.1625981946018857
J50	13	10	90	44	0.9710457375111695
J51	15	6	28	81	1.4557117536426458
J52	15	3	52	75	1.6219276243598504
J53	15	6	21	69	1.3433412453177944
J54	16	1	65	50	2.0929934985796863
J55	14	11	66	65	1.0799496307459795
J56	14	14	63	52	1.6373489854434229
\\ Jobs in machine 6
11
J57	16	5	10	38	0.6512083307421703
J58	14	8	24	15	1.4813886609302622
J59	14	7	78	46	0.7672443430111021
J60	14	11	37	49	1.3290077659904684
J61	14	14	79	79	1.213654562161221
J62	15	4	20	89	0.5280841923339104
J63	15	12	37	16	0.42777295183903064
J64	14	5	28	22	1.4461300536305401
J65	13	1	104	75	0.1
J66	14	10	106	18	1.2268100235403279
J67	15	10	56	57	1.445081418860463
\\ Jobs in machine 7
10
J68	12	8	3	1	0.7513727833852943
J69	15	10	79	57	1.3628471713099743
J70	14	6	99	23	1.1993715244822043
J71	14	12	15	57	1.7365203871575106
J72	12	3	78	86	0.7820404325055683
J73	14	6	48	25	1.1307386114826197
J74	16	13	63	13	1.1998196036982458
J75	14	9	42	69	1.2427737810893644
J76	16	5	85	29	0.4652586360720442
J77	17	3	56	34	2.271993168152405
\\ Jobs in machine 8
11
J78	14	1	63	46	1.5145258404035018
J79	16	4	96	66	1.214482956491494
J80	14	1	108	17	1.3532618751293017
J81	15	9	105	50	1.3467375527081853
J82	16	3	82	80	1.0268246703703738
J83	16	9	17	89	1.8999492331748167
J84	14	4	67	76	1.8766935883585425
J85	16	12	107	64	1.0554135821066901
J86	15	3	28	19	0.9877014400848536
J87	15	1	37	9	0.5766357920171059
J88	16	8	84	75	0.47620189160893744
\\ Jobs in machine 9
11
J89	15	10	31	26	0.7596226661639625
J90	15	5	25	13	0.508753931708543
J91	15	14	58	90	1.8598394146701467
J92	14	5	77	90	0.1
J93	14	1	91	35	0.925453024469127
J94	13	9	66	29	2.3187092532555695
J95	15	13	104	78	1.29270336355795
J96	13	14	84	10	1.0470467152807026
J97	16	13	64	52	1.956121687271728
J98	13	10	36	64	1.2966800890761256
J99	16	8	48	81	1.1380305480162811
\\ Jobs in machine 10
12
J100	14	9	35	37	1.1394978858095823
J101	15	3	104	73	1.6632378797512704
J102	14	10	5	60	1.6220753878743053
J103	15	10	52	45	0.4195220453272135
J104	13	2	98	49	0.9107609935315792
J105	14	7	18	41	1.1219877444555793
J106	13	1	4	64	1.6118259819470062
J107	14	2	71	89	0.4237542909351548
J108	16	1	97	33	1.7857108170929181
J109	16	2	106	81	1.062319451089126
J110	16	11	68	11	0.9806571591272262
J111	15	7	27	74	1.017735526302297
\\ Jobs in machine 11
12
J112	14	13	76	86	1.3347916868481897
J113	16	7	13	11	1.5629222254610327
J114	14	13	33	39	1.1051617079764644
J115	12	7	66	85	1.3365059851058605
J116	13	3	34	78	0.9151025244586528
J117	14	3	58	3	1.2446049337147678
J118	15	3	102	89	1.6484992424650549
J119	15	10	13	20	1.045180392095647
J120	15	8	91	49	0.8265977647614304
J121	15	5	46	3	0.9052874787922554
J122	14	14	21	14	0.8219633765676106
J123	13	2	86	42	1.8622584083294986
\\ Jobs in machine 12
11
J124	16	1	39	46	1.8692635797615607
J125	13	10	73	43	1.5086592984405645
J126	14	7	37	75	0.7815100858129409
J127	15	11	19	80	1.7029327738723632
J128	16	8	40	6	2.3192964680340387
J129	13	5	86	72	1.4077290019368913
J130	15	14	90	33	2.2145683811892023
J131	14	10	83	74	1.0148013181472073
J132	15	6	7	29	1.2727012426321314
J133	13	14	61	65	1.53312036672438
J134	14	14	106	70	1.4947358318219872
\\ Jobs in machine 13
10
J135	13	5	108	76	1.5669042396325599
J136	14	11	23	8	0.8924657781985907
J137	15	13	22	57	1.3328742732736774
J138	14	7	42	37	1.3854901262559862
J139	15	12	103	52	1.2791982610677446
J140	14	6	60	26	0.6036445733046298
J141	16	6	49	50	0.1
J142	15	6	20	6	1.0810216376135768
J143	15	11	46	72	1.4337155325860473
J144	14	4	13	82	1.0881441001892944
\\ Jobs in machine 14
12
J145	14	9	48	76	1.0322588964721848
J146	14	12	97	48	1.0948258118275074
J147	15	6	14	86	1.0837990907311847
J148	15	7	81	64	1.0123842885017773
J149	15	8	54	59	0.9437108286525722
J150	14	8	77	32	0.24253499364493414
J151	15	1	86	6	0.3065836943664335
J152	16	13	13	11	2.22800921490765
J153	16	7	58	83	0.8900266959550079
J154	14	9	63	23	0.8014671232017508
J155	14	7	2	12	1.249791282164889
J156	12	12	60	45	1.9770521798387326
\\ Jobs in machine 15
12
J157	14	14	63	48	1.747607339097557
J158	15	8	41	78	1.6536842008167403
J159	14	11	13	23	0.1
J160	15	9	5	46	1.1773172297605679
J161	14	4	90	45	1.4848178545717083
J162	15	13	102	53	2.140572143436279
J163	14	11	65	3	0.4017149763552976
J164	15	7	109	20	0.606423983550854
J165	14	2	107	50	0.949413596941918
J166	14	10	43	79	0.8990039260473786
J167	15	1	21	52	0.6269872575017548
J168	14	9	77	58	0.1
\\ Jobs in machine 16
12
J169	15	12	92	33	1.213809908226609
J170	15	13	50	77	1.3474224017275906
J171	15	7	30	6	1.6915086942203783
J172	15	9	47	85	1.5377280811069236
J173	14	11	17	12	2.0314249592736826
J174	15	7	46	32	1.1824704111784545
J175	13	2	96	54	2.2468361183525762
J176	14	5	43	60	1.4723711554752557
J177	15	11	71	53	1.6473608980289893
J178	14	6	64	42	1.1754777343536167
J179	15	7	43	32	0.8941257384301934
J180	14	7	58	20	1.00776232154369
\\ Jobs in machine 17
10
J181	15	11	41	8	0.9905931001340212
J182	14	1	44	23	0.5347922549678868
J183	14	13	35	58	1.3193631366171603
J184	14	12	22	86	0.4171866614127845
J185	12	13	83	76	0.9160897358860609
J186	15	1	8	33	0.7924155457026056
J187	14	2	106	54	1.8458314124082753
J188	15	14	73	49	0.8614913556902486
J189	14	7	71	17	0.9099183816759161
J190	14	5	21	90	1.0611005142000245
\\ Jobs in machine 18
12
J191	14	9	23	40	1.6144137447939104
J192	15	6	97	69	0.812323724426066
J193	15	4	92	52	1.245075614369153
J194	14	3	110	47	1.2789505290179704
J195	15	7	107	36	1.8286284451112722
J196	15	3	12	62	1.3260177864656868
J197	17	4	84	1	2.2168814025143333
J198	14	5	106	72	1.646111075739444
J199	15	3	79	53	1.8798374821212542
J200	15	5	11	17	1.140496755077239
J201	14	12	59	25	1.3054112422902855
J202	17	10	110	84	1.4359567414825758
\\ Dependencies 
508
1	2
1	8
1	10
1	11
2	4
2	5
2	6
2	8
2	10
3	4
3	5
4	5
4	6
4	8
4	11
5	6
5	8
5	9
6	7
6	8
7	11
8	10
9	11
12	14
12	15
12	16
12	17
12	18
12	20
12	21
13	14
13	16
13	17
13	18
13	21
14	15
14	17
14	18
14	19
14	21
14	22
15	19
15	21
15	22
16	19
16	21
17	18
17	19
18	22
19	22
20	21
21	22
23	25
23	26
23	28
23	31
23	34
24	25
24	26
24	27
24	28
24	29
24	30
24	33
24	34
25	26
25	29
25	31
25	34
26	29
26	31
26	33
27	28
27	29
27	31
27	33
28	30
28	31
28	34
29	30
29	33
30	31
30	33
31	34
32	33
35	37
35	38
35	40
35	41
35	42
35	44
35	46
36	37
36	38
36	40
36	42
36	45
37	38
37	40
37	43
37	46
38	40
38	41
38	44
38	45
39	40
39	41
39	43
39	46
40	42
40	43
40	45
40	46
41	42
41	43
41	44
41	45
41	46
42	43
42	45
42	46
43	44
43	46
47	48
47	49
47	50
47	52
47	54
47	55
48	49
48	50
48	51
48	53
49	53
49	54
50	55
50	56
51	52
51	53
51	54
52	53
52	56
53	55
53	56
54	55
54	56
55	56
57	58
57	59
57	61
57	62
57	65
58	59
58	61
58	64
58	65
58	66
59	60
59	62
59	63
59	66
59	67
60	61
60	62
60	63
60	65
60	66
60	67
61	63
61	66
61	67
62	65
62	66
62	67
63	64
63	65
63	67
64	65
64	66
65	66
65	67
68	70
68	74
68	75
68	76
68	77
69	71
69	74
70	73
70	76
71	72
71	76
72	74
72	75
73	75
73	76
75	77
78	79
78	81
78	82
78	86
79	80
79	81
79	82
79	83
79	84
79	85
79	86
79	87
80	81
80	83
80	84
80	88
81	83
81	85
81	86
81	87
81	88
82	84
82	85
82	87
83	87
84	86
85	86
87	88
89	90
89	91
89	96
89	97
90	93
90	94
90	95
90	96
90	98
90	99
91	94
91	95
91	96
91	97
91	98
92	93
92	94
92	97
92	99
93	94
93	98
93	99
94	96
94	98
94	99
95	96
96	97
96	99
97	99
98	99
100	101
100	104
100	105
100	106
100	109
100	110
100	111
101	102
101	105
101	110
102	106
102	107
102	108
103	105
103	111
104	107
105	107
105	109
105	110
106	107
106	111
107	108
107	109
107	111
108	110
109	111
112	113
112	115
112	117
112	118
112	120
112	121
112	123
113	117
113	119
114	115
114	116
114	119
114	121
115	118
115	121
115	122
116	117
116	118
116	119
116	120
116	121
116	122
116	123
117	118
117	121
118	119
118	120
118	121
118	122
118	123
119	120
119	122
119	123
120	121
120	123
121	122
122	123
124	126
124	129
124	130
124	133
125	127
125	128
125	129
125	130
125	131
125	132
125	133
125	134
126	128
126	129
126	133
126	134
127	129
127	130
127	131
127	132
127	134
128	130
128	131
128	132
129	131
129	132
129	133
129	134
130	133
131	132
132	134
135	139
135	141
135	143
135	144
136	138
136	140
136	141
136	144
137	138
137	139
137	140
137	141
137	142
138	139
138	140
138	143
138	144
139	140
139	142
139	144
140	142
140	144
141	142
141	143
141	144
142	143
142	144
145	147
145	148
145	151
145	153
146	151
146	152
146	153
146	154
147	151
147	153
147	155
147	156
148	150
148	153
148	155
148	156
149	153
149	154
150	152
150	154
150	156
151	153
151	154
151	155
151	156
153	156
157	159
157	162
157	163
157	165
157	168
158	160
158	161
158	163
158	167
159	161
159	163
159	167
159	168
160	161
160	162
160	164
160	166
161	162
161	163
161	164
161	165
162	164
163	166
163	168
164	165
164	166
164	167
164	168
165	166
165	167
166	168
167	168
169	174
169	175
169	176
169	179
170	171
170	173
170	174
170	175
170	176
171	173
171	174
171	179
171	180
172	173
172	176
172	180
173	174
173	175
173	179
173	180
174	176
174	177
175	176
175	180
176	177
176	180
177	179
178	179
179	180
181	190
182	183
182	186
182	188
182	190
183	185
183	186
183	187
184	188
184	190
185	186
185	187
185	189
185	190
186	188
186	189
187	190
188	189
189	190
191	194
191	196
191	199
191	200
191	202
192	197
192	198
192	199
193	196
194	195
194	197
194	198
194	199
194	200
194	201
195	197
195	199
195	200
196	200
196	201
197	198
197	201
197	202
198	201
198	202
199	200
