\\ machines
8
\\ max power
80
\\ Jobs in machine 1
10
J1	14	1	3	23	1.2104047130475433
J2	14	1	26	36	1.1723027585057701
J3	14	6	18	16	1.3750536906309998
J4	15	10	84	1	1.4962280417619194
J5	14	13	109	3	0.1820304950760132
J6	13	11	81	34	1.4559058944724947
J7	16	4	33	40	1.1266446696630767
J8	15	9	13	25	1.2168223938305969
J9	14	9	93	32	1.8679759792530226
J10	14	6	52	1	2.0170225815652807
\\ Jobs in machine 2
11
J11	15	14	37	16	1.3828877997728715
J12	15	3	99	5	1.4014216679549722
J13	13	12	63	23	0.8932794092173764
J14	15	10	15	2	0.8630972207864738
J15	16	12	82	3	1.4788991977587311
J16	16	4	63	11	2.0701333657466483
J17	16	6	10	21	0.8753943776116511
J18	15	13	77	16	2.043148498988589
J19	14	4	74	23	1.1295437215051907
J20	14	1	23	18	1.2311747035669982
J21	14	8	70	28	1.0645281344269033
\\ Jobs in machine 3
10
J22	14	10	58	16	1.1464996121730073
J23	13	2	22	17	1.5536932708183298
J24	15	7	76	32	0.1
J25	14	5	50	33	0.7443889584916947
J26	13	4	3	26	1.3081770014696765
J27	16	10	84	1	1.7132592358610614
J28	14	2	81	12	2.0748108855698315
J29	16	6	75	21	1.3462551285246782
J30	15	12	30	24	0.8330702142632557
J31	14	13	72	36	0.8664289925233909
\\ Jobs in machine 4
12
J32	15	8	14	30	1.262887590055659
J33	16	9	65	6	1.488628216767447
J34	14	3	20	18	2.283242331967211
J35	16	3	43	11	1.672952641275415
J36	14	14	106	29	0.8204077716428602
J37	15	7	99	30	1.5373377648441755
J38	16	4	6	38	1.4798626883663566
J39	16	6	108	33	1.4237617506137372
J40	15	9	87	29	2.2336083570806364
J41	13	2	27	1	1.7420143696557167
J42	16	9	11	21	0.8577885910503461
J43	13	7	102	7	1.524785998717983
\\ Jobs in machine 5
11
J44	12	5	73	13	0.9824512090320063
J45	13	6	77	14	1.241495577321443
J46	14	10	49	20	1.9801219215184935
J47	16	2	83	5	1.3458963894769294
J48	13	4	47	24	1.017077018569856
J49	16	14	108	5	1.0026386320799519
J50	15	8	86	21	1.5745706109384
J51	15	5	33	25	2.1040187175680938
J52	14	6	102	21	0.9147212127036569
J53	15	14	88	35	0.7022509971387507
J54	15	6	45	32	0.21961820518573716
\\ Jobs in machine 6
11
J55	14	2	26	9	1.3624655494754907
J56	14	4	44	36	1.7348215429293106
J57	16	1	50	40	1.1593749980012213
J58	15	11	101	4	0.8903531860569465
J59	13	1	104	7	0.2293890893249787
J60	14	9	108	40	1.121102153736884
J61	14	11	85	5	0.7170512726855078
J62	13	13	50	29	0.8768155490761389
J63	15	12	48	5	1.2096519340782703
J64	14	14	27	28	0.971480377668092
J65	15	2	19	17	0.9652203263150474
\\ Jobs in machine 7
11
J66	15	8	56	37	1.7297290176138609
J67	14	5	63	7	2.415307013697414
J68	13	11	60	10	1.052766318509924
J69	15	5	40	18	1.0270386730472478
J70	16	14	11	38	0.9605273414037099
J71	15	2	44	17	1.2134230449906727
J72	15	4	37	6	2.288122376038257
J73	15	3	89	25	0.7950513657793191
J74	14	13	109	2	0.6985224274640388
J75	16	2	86	29	0.6335127318316746
J76	14	7	79	28	0.8797489988288782
\\ Jobs in machine 8
12
J77	15	3	107	14	0.99718404172645
J78	15	2	81	1	1.012009078415356
J79	15	7	8	14	1.2081116333195046
J80	14	6	57	21	2.0192650693685663
J81	12	6	4	19	0.1
J82	15	7	102	14	0.826332038792106
J83	15	5	78	38	0.6379958675762147
J84	14	6	38	38	1.0080928999816436
J85	14	7	60	10	0.9355900752421517
J86	15	3	59	38	0.9980468873344228
J87	14	2	91	37	1.8872869664811902
J88	14	8	41	32	1.756487709449135
\\ Dependencies 
344
1	2
1	3
1	4
1	5
1	6
1	7
1	10
2	3
2	4
2	5
2	6
2	7
2	8
2	9
2	10
3	4
3	5
3	6
3	8
3	9
3	10
4	5
4	6
4	7
5	6
5	7
5	8
6	7
6	8
6	10
7	8
7	9
7	10
8	9
8	10
9	10
11	12
11	14
11	15
11	16
11	17
11	18
11	19
11	20
11	21
12	14
12	21
13	14
13	15
13	16
13	17
13	19
13	20
13	21
14	16
14	18
14	19
14	20
15	16
15	17
15	18
15	19
15	20
15	21
16	17
16	18
16	19
16	20
16	21
17	18
17	19
17	20
17	21
18	19
18	20
18	21
20	21
22	23
22	25
22	26
22	27
22	28
22	30
22	31
23	24
23	25
23	26
23	27
23	29
23	30
23	31
24	25
24	26
24	28
24	29
24	30
24	31
25	26
25	27
25	29
25	30
25	31
26	27
26	28
26	30
26	31
27	28
27	29
27	30
27	31
28	29
29	30
29	31
30	31
32	33
32	34
32	36
32	37
32	38
32	40
32	42
32	43
33	35
33	36
33	37
33	38
33	39
33	42
33	43
34	35
34	38
34	39
34	41
34	42
34	43
35	36
35	37
35	38
35	39
35	40
35	41
35	43
36	37
36	38
36	40
36	41
36	42
37	38
37	39
37	40
37	41
38	39
38	40
38	41
38	42
38	43
39	40
39	41
39	42
39	43
40	41
40	42
40	43
41	42
41	43
42	43
44	45
44	47
44	49
44	50
44	51
44	53
44	54
45	46
45	47
45	48
45	49
45	50
45	51
45	52
45	53
45	54
46	47
46	48
46	49
46	50
46	51
46	52
47	48
47	49
47	50
47	51
47	52
47	53
47	54
48	49
48	50
48	51
48	52
48	53
48	54
49	50
49	51
49	52
49	53
49	54
50	51
50	52
50	54
51	52
51	54
52	53
55	56
55	57
55	60
55	61
55	62
55	63
55	64
55	65
56	58
56	59
56	60
56	62
56	63
56	65
57	58
57	59
57	61
57	62
57	63
57	64
58	59
58	63
59	60
59	62
59	63
59	64
59	65
60	61
60	62
60	64
60	65
61	62
61	63
61	64
61	65
62	63
62	64
62	65
63	64
64	65
66	67
66	68
66	69
66	70
66	71
66	72
66	73
66	75
66	76
67	68
67	69
67	70
67	72
67	73
67	76
68	70
68	72
68	73
68	75
68	76
69	70
69	71
69	73
69	74
69	75
69	76
70	72
70	73
70	74
70	75
70	76
71	72
71	73
71	74
71	75
71	76
72	73
72	75
72	76
73	76
74	75
74	76
75	76
77	80
77	81
77	84
77	85
77	86
77	87
77	88
78	79
78	80
78	81
78	82
78	83
78	84
78	85
78	87
78	88
79	80
79	81
79	83
79	85
79	86
79	87
80	81
80	82
80	83
80	84
80	85
80	87
81	82
81	83
81	84
81	86
81	88
82	83
82	84
82	85
82	86
82	88
83	84
83	85
83	86
83	87
83	88
84	85
84	88
85	88
86	87
86	88
87	88
