\\ machines
25
\\ max power
250
\\ Jobs in machine 1
12
J1	15	4	24	116	1.1141357614465475
J2	14	1	53	82	0.7871929471785277
J3	15	13	36	7	1.1083632397472303
J4	14	13	67	60	0.8485160654648757
J5	14	1	29	49	1.2684716104214717
J6	13	12	33	74	1.098742315975006
J7	14	1	36	93	1.1768137486234551
J8	16	7	36	32	0.8138259752457631
J9	14	7	70	93	1.408460874718125
J10	15	14	82	23	1.335317823495486
J11	14	5	73	113	2.0544697500429994
J12	15	1	42	21	1.2093406026443845
\\ Jobs in machine 2
11
J13	15	11	17	123	1.0197398177415578
J14	14	12	17	45	0.7475753222563813
J15	16	6	14	50	1.7220129646499676
J16	13	13	38	13	0.6693153755972495
J17	15	9	48	43	1.271667225410849
J18	14	10	107	12	1.6039474354937615
J19	13	13	53	106	0.9877646172817707
J20	14	10	22	22	0.7883082373493355
J21	16	3	52	61	1.656291509614438
J22	16	10	16	20	1.5297463880160795
J23	13	14	88	109	1.3106373135330533
\\ Jobs in machine 3
10
J24	13	4	21	65	0.9943067481560446
J25	15	6	79	119	1.2949109991674241
J26	14	11	89	120	1.1343566326092078
J27	16	12	18	4	0.890512138777297
J28	13	4	84	34	1.0983858504910669
J29	14	3	93	14	1.1267310347558346
J30	15	4	28	48	1.522297117322784
J31	13	12	61	46	0.8561633132114912
J32	15	11	96	22	1.4650094316052535
J33	16	14	62	64	0.47325531052618774
\\ Jobs in machine 4
11
J34	16	7	92	40	1.2722706376778266
J35	12	13	98	96	0.3552547307454723
J36	15	8	62	32	1.2288994560533377
J37	16	11	104	58	0.7467629677806051
J38	14	11	43	78	1.7303556191844582
J39	14	14	97	33	1.0865218252028572
J40	15	2	28	65	1.722542033853721
J41	13	1	17	71	0.9175615536622594
J42	13	2	57	13	0.9559689214833134
J43	13	9	100	44	1.5534383004375605
J44	13	10	23	100	1.7360615010833254
\\ Jobs in machine 5
12
J45	16	14	7	49	1.2613581674266545
J46	16	4	54	7	0.6075386323997037
J47	16	8	71	26	1.289935015092527
J48	14	6	65	86	1.7961203390973777
J49	14	4	99	28	1.3524827307091762
J50	15	6	102	11	1.3099401047451362
J51	15	6	107	72	0.659590222575834
J52	15	9	100	41	1.8334375592230228
J53	13	7	70	30	1.0923642793570034
J54	14	9	6	50	0.9970649996075529
J55	13	10	13	65	1.4744785496593102
J56	16	11	76	110	1.0467733543600077
\\ Jobs in machine 6
9
J57	14	5	73	37	0.765915631500732
J58	15	3	101	64	0.9412399626034106
J59	14	10	3	89	0.84858493920687
J60	15	8	95	110	0.9269947154682034
J61	14	5	91	7	1.521234577993325
J62	15	9	90	112	1.3716719782501965
J63	13	12	102	2	1.8340954859390068
J64	15	3	7	105	0.9422394921124273
J65	14	9	95	57	0.9419006993534984
\\ Jobs in machine 7
10
J66	15	9	110	11	0.9222678531318098
J67	16	2	9	67	1.0991258512342135
J68	15	4	17	81	1.0105086188082415
J69	16	4	3	65	0.9673376204728292
J70	15	3	24	88	1.5341384304546097
J71	15	10	25	9	1.5393097550670818
J72	15	3	28	80	1.1235362504501258
J73	16	9	12	64	0.517047689387922
J74	14	3	21	42	2.4974465772979717
J75	15	6	46	101	1.578923017183595
\\ Jobs in machine 8
11
J76	13	2	21	65	1.9492952549962639
J77	15	13	17	30	1.758319364763052
J78	14	13	26	61	1.11236269247517
J79	15	2	86	24	1.3339369375113574
J80	14	8	50	8	1.200745941453868
J81	14	4	43	58	2.0363552365585322
J82	14	4	91	6	1.60548240968541
J83	15	10	7	87	1.0323415033124672
J84	14	2	46	4	2.136514584561858
J85	14	8	44	74	1.5777649739149737
J86	14	3	3	105	1.2560340000585366
\\ Jobs in machine 9
10
J87	16	10	34	21	0.7102827312701563
J88	14	7	4	45	1.0110058462924594
J89	13	7	100	42	1.0360481514791868
J90	14	7	35	3	0.43508073077905085
J91	16	7	109	91	1.2713294832489144
J92	14	3	71	87	0.8443739674516313
J93	13	10	85	36	0.5374195346786549
J94	14	2	92	39	1.9275660134697157
J95	14	5	2	70	1.3995182980548493
J96	15	14	99	66	1.8975435778746554
\\ Jobs in machine 10
10
J97	14	4	104	97	0.6379626290051527
J98	14	1	9	90	0.8384947567222655
J99	14	2	19	56	1.1824248634845218
J100	14	2	110	113	2.448289133100732
J101	16	5	64	29	0.8821459408704451
J102	16	1	24	79	1.3035541127374968
J103	13	3	6	123	1.1849978564981052
J104	14	13	49	64	1.0448519633255897
J105	14	2	72	32	1.4122230041791735
J106	14	1	75	119	1.4303719624813058
\\ Jobs in machine 11
12
J107	13	2	21	40	1.226370075949679
J108	16	10	34	38	0.9853907194131373
J109	15	1	14	16	1.060259697302093
J110	17	12	107	18	1.6847273751432574
J111	14	4	50	95	0.9493759455026908
J112	13	2	46	122	2.0837886293116687
J113	15	6	101	48	1.1356786291193037
J114	14	8	18	109	1.1793618686246514
J115	14	12	17	78	1.6059057668888144
J116	14	9	67	120	0.9830721120131791
J117	14	3	25	2	0.6061095530643408
J118	16	3	102	90	2.056731072956553
\\ Jobs in machine 12
11
J119	14	3	16	61	0.4447103159462461
J120	14	6	59	97	0.9607533129015431
J121	13	3	74	88	1.5767594562154592
J122	15	11	78	25	0.6650605245771682
J123	13	5	85	107	1.2902354353805345
J124	14	10	67	97	1.6687711944221035
J125	14	5	5	88	0.838461585431796
J126	14	8	47	105	1.908590160874156
J127	15	2	42	62	1.8190334194366393
J128	14	7	107	123	0.9892539023050009
J129	14	13	35	39	0.794533435631178
\\ Jobs in machine 13
11
J130	15	1	5	50	1.0865332666160605
J131	14	9	104	98	1.4654978551359519
J132	14	3	55	50	0.9563669574014996
J133	13	14	49	43	1.721565367395218
J134	14	12	72	84	0.8319829532848094
J135	14	13	3	10	0.6644288347471253
J136	15	1	70	1	1.4895768303366277
J137	14	7	41	112	1.0463473060414739
J138	13	4	107	13	1.471525390149402
J139	15	4	28	77	0.754492782437568
J140	13	10	25	7	0.6371950209398922
\\ Jobs in machine 14
10
J141	15	7	103	94	1.1084119934185603
J142	15	10	62	113	1.6964467939891097
J143	15	8	6	59	1.783314595210856
J144	15	10	76	114	1.5011674043692866
J145	15	10	45	88	0.9763188886870849
J146	16	5	66	111	1.0056281144137258
J147	14	8	101	113	1.3315247782532806
J148	14	7	33	73	0.964461915232367
J149	13	9	102	44	1.2670122899303347
J150	15	8	71	19	2.088414962180682
\\ Jobs in machine 15
13
J151	15	7	49	57	1.255398358916756
J152	15	5	90	34	2.135596750782759
J153	15	2	98	71	2.4411391117860917
J154	15	3	18	116	1.348590336460376
J155	14	12	104	75	1.1570959593334518
J156	15	12	93	80	1.1150835583082106
J157	14	7	72	83	1.8022099060920147
J158	13	1	67	34	0.681734971718003
J159	15	10	110	96	1.129258616567451
J160	15	4	50	100	0.6125118416288562
J161	14	4	10	115	1.456727914198442
J162	14	4	75	55	0.9510640565787325
J163	14	4	99	112	0.9349096562283296
\\ Jobs in machine 16
10
J164	14	7	79	58	1.832538223405479
J165	14	2	11	49	1.4134232305084036
J166	16	8	6	110	1.1074801621043697
J167	15	7	39	38	1.27731874209636
J168	14	4	84	17	1.1567633145929317
J169	15	2	100	118	1.8119698486292393
J170	17	6	110	81	0.9220002651612045
J171	15	13	32	73	1.4949471885675425
J172	14	11	80	18	0.8697502659223945
J173	13	7	25	81	0.5697064981941096
\\ Jobs in machine 17
12
J174	16	3	87	4	1.3758290532678044
J175	13	7	35	30	1.0853139991855798
J176	15	13	17	9	1.3455357125505805
J177	16	14	54	41	1.570314956807582
J178	16	5	4	47	1.135319698534042
J179	15	11	10	52	0.9004735636305299
J180	17	9	38	45	1.32721613516346
J181	15	5	14	102	1.4390609325460988
J182	15	7	91	97	1.581848660354049
J183	14	11	98	100	2.486777006003205
J184	15	6	69	3	1.862261030772821
J185	13	1	93	14	0.925728118305126
\\ Jobs in machine 18
11
J186	14	11	92	66	1.6526841801035732
J187	15	11	15	113	1.0402088456700114
J188	13	11	109	62	1.6186861162168795
J189	14	8	86	124	0.744345774247074
J190	14	4	29	25	1.0783908662394592
J191	13	14	7	63	0.47475640109257455
J192	15	12	101	16	1.3041473918585929
J193	15	4	7	46	0.5881029322162833
J194	14	1	84	24	2.0356865433951716
J195	15	1	67	40	1.2863443721779348
J196	14	6	104	75	2.2224395907273156
\\ Jobs in machine 19
11
J197	15	11	55	26	1.7062167100453118
J198	13	11	3	108	1.0330507412087468
J199	13	7	99	91	1.1770816109862225
J200	15	12	52	70	0.9170079868560868
J201	13	9	63	8	0.8188421179260874
J202	14	5	76	85	1.2491494653903747
J203	14	5	71	76	1.5452060703522164
J204	15	7	14	108	0.1979500332511419
J205	13	14	81	37	0.6860259017526921
J206	14	5	36	40	0.5237305373290703
J207	15	5	90	62	1.1463221756098088
\\ Jobs in machine 20
11
J208	14	11	76	86	1.421204962235083
J209	14	3	88	50	1.396320866531944
J210	16	2	8	1	1.1864518209932862
J211	13	5	97	35	1.232497955182517
J212	14	10	107	101	1.8774689231810755
J213	15	3	59	104	1.5652602933051094
J214	15	7	77	34	0.5437531714037259
J215	14	4	12	41	1.6995939881616833
J216	14	4	2	107	0.6360457172176872
J217	14	12	64	109	0.1328209885558318
J218	16	5	62	104	0.7544311584591692
\\ Jobs in machine 21
12
J219	15	14	50	77	0.9909908873954116
J220	15	14	92	124	1.7353982129151855
J221	16	14	107	63	1.663789870726196
J222	16	4	8	5	1.0307871329253357
J223	15	6	38	115	2.471257177710218
J224	14	13	20	108	0.555108858536586
J225	16	12	86	78	1.2671526649029197
J226	16	14	62	108	1.186989215892442
J227	15	8	90	39	0.8448946206951546
J228	14	10	27	91	1.2384026693289578
J229	13	8	87	64	0.9054169037146534
J230	14	11	61	100	0.9039639709531154
\\ Jobs in machine 22
11
J231	15	13	3	1	1.1080584069382764
J232	15	9	74	22	1.2819717093555933
J233	15	4	52	30	1.1035976811711552
J234	17	13	18	84	1.2493624657359461
J235	14	9	8	117	2.010002272582965
J236	14	1	97	35	1.1843186232271794
J237	15	2	81	54	1.2675672849297257
J238	14	5	74	16	1.1835653843602805
J239	16	9	87	46	1.8758690915964364
J240	15	5	88	119	2.014646688848
J241	14	9	18	39	0.8223540561596634
\\ Jobs in machine 23
10
J242	14	3	45	72	1.6487807301270403
J243	14	2	110	29	0.9704548869983087
J244	16	9	101	33	1.5161895205982387
J245	13	6	17	16	1.2913752389336344
J246	15	1	35	40	0.9815879890156967
J247	15	11	98	124	1.6253000726454867
J248	15	3	9	66	0.8060660509730747
J249	14	2	70	93	1.2376336220409694
J250	14	11	80	1	0.831683488825216
J251	13	7	16	2	1.6432535397986356
\\ Jobs in machine 24
10
J252	14	8	89	20	0.5582588561089682
J253	14	1	19	97	1.5752383619026367
J254	15	9	83	88	1.2140591662069564
J255	13	8	76	25	1.5973387041591074
J256	13	12	60	4	1.3878763152211846
J257	14	1	97	23	0.3061808119814666
J258	14	5	39	58	1.905327659181519
J259	13	6	21	96	1.0307154737142787
J260	15	14	63	124	1.4119619683619042
J261	15	9	84	38	1.7567673497685263
\\ Jobs in machine 25
10
J262	16	13	57	17	0.575003981954905
J263	15	2	40	121	2.0258650675572563
J264	14	9	66	122	1.2862080383228733
J265	14	5	10	31	1.2061239135795239
J266	13	2	101	72	1.6847976979779509
J267	16	8	63	84	0.5360339771891863
J268	17	2	3	88	1.0405303768853835
J269	13	3	39	56	1.281778051180184
J270	14	5	103	88	1.5301371505227692
J271	14	2	87	7	1.5253802870631432
\\ Dependencies 
1218
1	2
1	3
1	4
1	5
1	7
1	8
1	10
1	11
2	3
2	4
2	5
2	6
2	8
2	9
2	10
2	11
2	12
3	6
3	7
3	8
3	10
3	11
3	12
4	6
4	7
4	8
4	9
4	10
4	11
5	6
5	7
5	9
5	10
5	11
5	12
6	7
6	8
6	9
6	10
6	11
6	12
7	8
7	9
7	10
7	11
7	12
8	9
8	10
8	11
8	12
9	10
9	11
9	12
10	11
10	12
11	12
13	14
13	15
13	16
13	17
13	18
13	19
13	20
13	21
13	22
13	23
14	16
14	17
14	18
14	19
14	20
14	21
14	22
14	23
15	16
15	17
15	19
15	20
15	21
15	22
15	23
16	17
16	18
16	20
16	22
16	23
17	18
17	19
17	21
17	22
17	23
18	19
18	20
18	21
18	22
18	23
19	20
19	21
19	22
19	23
20	21
20	22
20	23
21	23
22	23
24	25
24	26
24	27
24	28
24	29
24	30
24	31
24	32
24	33
25	26
25	27
25	28
25	29
25	30
25	31
25	32
25	33
26	27
26	28
26	29
26	30
26	31
26	33
27	29
27	30
27	31
27	32
27	33
28	29
28	31
28	32
28	33
29	30
29	31
29	32
29	33
30	31
30	32
30	33
31	32
31	33
32	33
34	35
34	36
34	37
34	38
34	39
34	40
34	41
34	42
34	44
35	36
35	37
35	39
35	40
35	41
35	42
35	43
35	44
36	37
36	38
36	39
36	40
36	42
36	43
36	44
37	38
37	39
37	40
37	41
37	42
37	43
37	44
38	39
38	40
38	41
38	42
38	44
39	40
39	41
39	42
39	43
39	44
40	41
40	42
40	43
40	44
41	42
41	43
41	44
42	43
45	46
45	47
45	48
45	49
45	50
45	51
45	52
45	53
45	54
45	55
46	47
46	48
46	49
46	50
46	51
46	52
46	53
46	56
47	48
47	50
47	51
47	52
47	53
47	54
47	55
47	56
48	49
48	51
48	52
48	53
48	55
48	56
49	50
49	51
49	52
49	53
49	54
49	55
49	56
50	52
50	53
50	54
50	55
50	56
51	52
51	53
51	54
51	56
52	53
52	54
52	55
52	56
53	54
53	55
53	56
54	56
55	56
57	58
57	59
57	60
57	61
57	62
57	63
57	64
57	65
58	59
58	60
58	61
58	62
58	63
58	64
58	65
59	60
59	61
59	62
59	63
59	64
59	65
60	61
60	62
60	63
60	64
60	65
61	62
61	63
61	64
61	65
62	63
62	64
62	65
63	64
63	65
64	65
66	67
66	68
66	69
66	70
66	71
66	72
66	73
66	74
66	75
67	68
67	69
67	70
67	71
67	72
67	73
67	74
67	75
68	69
68	70
68	71
68	72
68	73
68	74
68	75
69	70
69	71
69	72
69	73
69	74
69	75
70	71
70	72
70	73
70	75
71	72
71	74
71	75
72	73
72	74
72	75
73	74
73	75
74	75
76	77
76	78
76	79
76	80
76	81
76	82
76	83
76	84
76	85
76	86
77	78
77	79
77	80
77	81
77	82
77	83
77	84
77	85
77	86
78	79
78	80
78	81
78	83
78	84
78	85
78	86
79	80
79	81
79	82
79	83
79	85
79	86
80	81
80	82
80	83
80	85
80	86
81	82
81	83
81	84
81	85
81	86
82	83
82	84
82	85
82	86
83	85
83	86
84	85
84	86
85	86
87	88
87	90
87	91
87	94
87	96
88	89
88	90
88	91
88	92
88	93
88	94
88	95
88	96
89	90
89	91
89	92
89	93
89	94
89	95
89	96
90	91
90	92
90	93
90	94
90	95
90	96
91	92
91	93
91	94
91	95
91	96
92	93
92	94
92	96
93	94
93	95
93	96
94	95
94	96
95	96
97	100
97	101
97	102
97	103
97	104
97	105
97	106
98	99
98	101
98	102
98	103
98	104
98	105
98	106
99	100
99	101
99	102
99	103
99	104
99	105
99	106
100	101
100	102
100	103
100	104
100	105
100	106
101	102
101	103
101	104
101	105
101	106
102	103
102	104
102	105
102	106
103	104
103	105
103	106
104	105
104	106
105	106
107	108
107	109
107	110
107	111
107	112
107	113
107	114
107	115
107	116
107	117
107	118
108	109
108	110
108	111
108	112
108	113
108	114
108	115
108	117
108	118
109	110
109	111
109	112
109	113
109	114
109	115
109	116
109	117
109	118
110	111
110	112
110	113
110	114
110	115
110	116
110	117
110	118
111	112
111	113
111	114
111	115
111	116
111	117
111	118
112	113
112	114
112	115
112	116
112	117
112	118
113	115
113	116
114	116
114	117
114	118
115	116
115	117
115	118
116	117
116	118
117	118
119	120
119	121
119	122
119	123
119	124
119	125
119	126
119	127
119	128
120	121
120	122
120	123
120	124
120	125
120	126
120	127
120	128
120	129
121	122
121	123
121	124
121	125
121	126
121	127
121	128
121	129
122	123
122	124
122	125
122	126
122	127
122	129
123	124
123	125
123	126
123	127
123	128
123	129
124	126
124	127
124	128
125	126
125	127
125	128
125	129
126	127
126	128
126	129
127	129
128	129
130	131
130	132
130	133
130	134
130	135
130	136
130	137
130	139
130	140
131	132
131	133
131	134
131	135
131	136
131	137
131	138
131	139
131	140
132	134
132	135
132	136
132	137
132	140
133	135
133	136
133	138
133	139
134	135
134	136
134	137
134	140
135	136
135	137
135	138
135	139
135	140
136	137
136	138
136	139
137	138
137	139
137	140
138	139
138	140
139	140
141	142
141	143
141	144
141	145
141	147
141	148
141	149
141	150
142	143
142	144
142	145
142	146
142	147
142	148
142	149
142	150
143	144
143	145
143	146
143	147
143	148
143	149
143	150
144	145
144	146
144	147
144	148
144	149
144	150
145	146
145	147
145	148
145	149
145	150
146	147
146	148
146	149
147	148
147	149
147	150
148	149
148	150
149	150
151	152
151	153
151	154
151	155
151	156
151	157
151	158
151	159
151	160
151	161
151	162
151	163
152	153
152	154
152	155
152	156
152	157
152	158
152	159
152	160
152	161
152	162
152	163
153	154
153	155
153	156
153	158
153	159
153	160
153	161
153	163
154	155
154	156
154	158
154	159
154	160
154	161
154	162
154	163
155	156
155	157
155	158
155	159
155	160
155	161
155	163
156	157
156	158
156	159
156	160
156	161
156	162
156	163
157	158
157	159
157	160
157	161
157	162
157	163
158	159
158	160
158	161
158	162
158	163
159	160
159	161
159	162
159	163
160	161
160	162
160	163
161	162
161	163
162	163
164	165
164	167
164	168
164	169
164	170
164	171
164	172
164	173
165	166
165	167
165	168
165	169
165	171
165	173
166	167
166	168
166	169
166	170
166	171
166	172
166	173
167	168
167	169
167	170
167	171
167	172
167	173
168	169
168	170
168	172
168	173
169	170
169	172
169	173
170	171
170	172
170	173
171	172
171	173
172	173
174	175
174	176
174	177
174	178
174	180
174	182
174	183
174	184
174	185
175	176
175	177
175	178
175	179
175	180
175	181
175	182
175	183
175	184
175	185
176	178
176	179
176	180
176	181
176	182
176	183
176	184
176	185
177	178
177	179
177	180
177	181
177	182
177	183
177	184
177	185
178	179
178	180
178	181
178	182
178	183
178	184
178	185
179	180
179	181
179	182
179	183
179	184
179	185
180	181
180	182
180	183
180	184
180	185
181	182
181	183
181	185
182	185
183	184
183	185
184	185
186	188
186	189
186	190
186	191
186	192
186	193
186	194
186	195
186	196
187	188
187	189
187	190
187	191
187	192
187	193
187	194
187	195
187	196
188	189
188	190
188	191
188	192
188	193
188	194
188	195
188	196
189	190
189	191
189	192
189	193
189	194
189	195
190	191
190	192
190	193
190	194
190	195
190	196
191	192
191	193
191	194
191	195
191	196
192	193
192	194
192	195
192	196
193	194
193	195
193	196
194	195
194	196
195	196
197	198
197	199
197	200
197	201
197	202
197	203
197	204
197	205
197	206
197	207
198	199
198	201
198	202
198	203
198	205
198	206
198	207
199	200
199	202
199	203
199	204
199	205
199	207
200	201
200	202
200	203
200	204
200	205
200	206
200	207
201	202
201	203
201	204
201	205
201	206
201	207
202	203
202	204
202	205
202	206
203	204
203	205
203	207
204	205
204	206
204	207
205	206
206	207
208	209
208	210
208	211
208	212
208	213
208	214
208	215
208	216
208	217
208	218
209	210
209	211
209	212
209	213
209	214
209	215
209	216
209	217
209	218
210	211
210	212
210	213
210	214
210	215
210	216
210	217
211	212
211	213
211	215
211	216
211	217
211	218
212	213
212	214
212	215
212	216
212	217
212	218
213	214
213	215
213	216
213	217
213	218
214	215
214	216
214	217
214	218
215	218
216	217
216	218
217	218
219	220
219	221
219	222
219	223
219	224
219	225
219	226
219	227
219	228
219	229
219	230
220	221
220	222
220	223
220	224
220	225
220	226
220	227
220	228
220	229
220	230
221	222
221	223
221	224
221	225
221	226
221	227
221	229
221	230
222	224
222	226
222	227
222	229
222	230
223	224
223	225
223	226
223	228
223	229
223	230
224	225
224	227
224	228
224	229
224	230
225	226
225	227
225	228
225	229
225	230
226	227
226	228
227	228
227	229
227	230
228	230
229	230
231	232
231	233
231	234
231	235
231	236
231	237
231	239
231	240
231	241
232	233
232	234
232	235
232	237
232	238
232	239
232	240
232	241
233	234
233	235
233	236
233	237
233	238
233	239
233	240
233	241
234	235
234	236
234	237
234	238
234	239
234	240
234	241
235	237
235	238
235	239
235	240
235	241
236	237
236	238
236	239
236	240
236	241
237	238
237	239
237	240
237	241
238	240
238	241
239	240
239	241
240	241
242	243
242	244
242	245
242	246
242	247
242	248
242	249
242	250
242	251
243	244
243	245
243	246
243	247
243	248
243	250
243	251
244	245
244	246
244	248
244	249
244	250
244	251
245	246
245	248
245	249
245	250
245	251
246	247
246	248
246	249
246	250
246	251
247	248
247	250
247	251
248	249
248	251
249	250
249	251
250	251
252	253
252	254
252	256
252	257
252	258
252	259
252	260
252	261
253	255
253	256
253	258
253	259
253	260
253	261
254	255
254	256
254	257
254	258
254	259
254	260
254	261
255	256
255	257
255	258
255	259
255	260
256	257
256	258
256	260
256	261
257	258
257	259
257	260
257	261
258	259
258	260
258	261
259	260
259	261
260	261
262	263
262	264
262	265
262	266
262	267
262	268
262	269
262	270
262	271
263	265
263	266
263	267
263	268
263	269
263	271
264	265
264	266
264	267
264	268
264	269
264	270
264	271
265	266
265	267
265	268
265	269
265	271
266	267
266	268
266	269
266	271
267	268
267	269
267	270
267	271
268	269
268	270
268	271
269	270
269	271
