\\ machines
8
\\ max power
80
\\ Jobs in machine 1
11
J1	13	13	86	13	1.0751735568061433
J2	16	13	92	27	0.6361389888307455
J3	15	14	49	3	0.7818479233978632
J4	14	14	38	5	0.9947852128278577
J5	15	2	49	31	1.7668378102219688
J6	13	10	30	1	1.7054103092179271
J7	15	14	53	26	1.3486269783738996
J8	15	2	104	14	1.1185488774042571
J9	14	1	57	35	0.1
J10	15	2	53	20	0.8964098365904486
J11	14	14	68	15	1.3553276244949755
\\ Jobs in machine 2
10
J12	15	12	81	20	1.3954774218015
J13	14	9	94	26	2.4593650994576315
J14	14	12	28	19	0.8654595503117904
J15	17	2	85	2	0.6861927589201023
J16	15	10	20	15	2.1714893841050316
J17	13	14	105	32	0.4389530617800339
J18	14	13	29	23	1.3660427725428872
J19	15	11	26	32	1.8642943015145188
J20	14	12	11	35	0.6370050126549465
J21	13	3	58	14	0.8487253585021293
\\ Jobs in machine 3
12
J22	14	5	48	37	0.48312594506539386
J23	15	2	94	31	0.8451457923691488
J24	14	13	40	21	1.80027631084846
J25	16	6	14	20	1.1491730772814992
J26	16	14	94	13	1.204591750975549
J27	15	4	76	38	0.8952559870131502
J28	13	8	50	1	2.437381638170304
J29	15	14	93	17	0.6935625989116485
J30	16	14	49	37	1.4402344767214816
J31	14	6	63	34	1.669953933065813
J32	15	1	8	7	1.4163799133676027
J33	14	6	37	36	1.3564423117605453
\\ Jobs in machine 4
10
J34	16	4	62	31	0.6938875166359035
J35	13	6	37	9	0.8451556300783256
J36	15	11	56	14	0.1
J37	15	14	53	25	2.0562901088524077
J38	15	11	41	38	1.307146646807213
J39	14	8	92	40	2.0255657270861187
J40	16	7	67	11	1.330848569987237
J41	13	13	101	7	1.6467889404532468
J42	13	13	28	21	0.3211958342020865
J43	14	7	76	29	1.5550575263330368
\\ Jobs in machine 5
9
J44	14	5	51	35	1.0513325546637184
J45	13	13	98	21	2.355630661663965
J46	14	5	50	15	0.675066313974542
J47	14	13	57	30	1.3479667350325728
J48	13	3	56	2	1.8868706174681875
J49	15	1	47	30	1.8085600532858148
J50	16	5	36	31	0.46310494549013725
J51	15	1	15	24	1.1713905674132254
J52	13	12	43	24	1.361034772069567
\\ Jobs in machine 6
12
J53	14	5	75	1	0.7320202751556394
J54	14	1	26	18	0.7187599433752472
J55	14	1	66	25	0.7619195781308095
J56	14	13	13	17	1.4196177067605944
J57	14	3	69	32	1.413633355887228
J58	13	6	21	37	0.7298320265600088
J59	16	13	76	10	1.600584969140636
J60	11	7	108	14	0.7646385561206597
J61	15	1	68	8	1.0541754933037366
J62	14	5	78	7	1.8545589348273925
J63	16	11	106	39	1.1509251637673688
J64	11	11	109	25	1.904881276115256
\\ Jobs in machine 7
13
J65	15	7	50	2	1.379788773002083
J66	17	1	59	16	1.7290519426165962
J67	13	2	72	15	1.8114229500070826
J68	16	7	107	18	0.7907752624849127
J69	15	11	80	33	1.4230618825309496
J70	14	5	91	27	1.653988371142657
J71	15	11	73	31	1.3305518820324596
J72	15	13	52	6	1.1329730364029524
J73	16	12	76	30	1.281858311407975
J74	14	2	63	28	1.866607392555576
J75	15	5	34	13	1.1499992388788787
J76	14	3	3	20	2.118835508001122
J77	14	14	69	31	1.6585957797283457
\\ Jobs in machine 8
13
J78	16	9	80	25	0.8496044282861861
J79	15	12	50	7	0.9884906388730463
J80	15	12	42	24	0.7868380102944582
J81	13	10	106	3	1.4367995545738712
J82	15	10	74	37	1.1520403307269516
J83	12	1	67	9	1.3445273341094095
J84	16	12	72	8	1.996373357251867
J85	14	12	45	34	1.2373319831774865
J86	13	12	25	26	1.6872905322512717
J87	16	12	103	35	1.2163001146819987
J88	15	11	47	2	1.5992892282662434
J89	14	11	47	21	1.843383733782603
J90	17	3	28	3	1.036370798510747
\\ Dependencies 
208
1	2
1	3
1	6
1	7
1	8
1	9
1	11
2	3
2	6
2	8
2	9
2	10
3	4
3	5
3	8
3	9
3	10
4	6
4	7
4	10
4	11
6	9
6	10
7	8
8	9
8	10
9	10
9	11
12	16
12	20
12	21
13	14
13	16
13	18
13	19
14	16
14	18
14	19
15	16
15	20
15	21
16	18
16	19
16	21
17	18
17	19
18	19
18	20
20	21
22	27
22	28
22	29
22	33
23	24
23	25
23	28
23	31
23	32
23	33
24	25
24	26
24	28
24	30
24	31
24	32
24	33
25	27
25	28
25	30
25	31
25	33
26	27
26	28
26	30
26	33
27	28
27	29
27	30
28	29
28	30
28	33
29	32
30	31
30	32
31	32
34	36
34	42
34	43
35	37
35	40
35	42
36	37
36	38
36	40
36	41
36	43
37	40
37	41
38	40
38	41
38	43
39	41
40	41
41	42
44	45
44	48
44	50
44	51
45	48
46	48
46	49
47	48
47	50
47	51
49	50
49	52
53	54
53	56
53	57
53	58
53	60
53	63
53	64
54	57
54	61
54	64
55	56
55	61
55	63
56	58
56	60
56	62
56	63
56	64
57	58
57	62
58	59
58	60
58	64
59	61
59	62
60	62
60	63
61	63
61	64
62	63
62	64
65	70
65	71
65	75
66	73
66	74
66	77
67	71
67	73
67	76
68	69
68	71
68	72
68	73
68	74
68	75
68	76
69	72
69	73
70	71
70	75
70	76
70	77
71	73
71	75
71	77
72	74
73	74
73	75
73	76
74	76
76	77
78	86
79	80
79	81
79	83
79	85
79	86
79	89
80	81
80	82
80	83
80	86
80	89
80	90
81	84
81	85
81	87
81	90
82	84
82	89
83	85
83	88
84	85
84	90
85	88
85	90
86	89
86	90
88	89
88	90
89	90
