\\ machines
3
\\ max power
30
\\ Jobs in machine 1
11
J1	15	10	90	20	1.122270563453033
J2	14	11	38	3	0.7500471628345335
J3	14	5	35	5	1.3453395173553206
J4	16	3	36	19	1.4760304321947753
J5	14	6	109	3	1.0211631557060192
J6	13	12	15	23	0.38844725612592035
J7	13	10	61	15	1.616125265605696
J8	14	9	41	20	0.668106570378298
J9	13	3	47	22	1.702250889564318
J10	14	8	44	4	1.45915778096846
J11	14	6	82	6	0.9855539670074793
\\ Jobs in machine 2
9
J12	15	7	2	17	1.06721927899427
J13	13	3	58	13	0.8484241634787291
J14	14	4	71	10	0.8614769906064292
J15	15	9	30	13	0.7262297219658489
J16	14	3	48	1	0.9157631701699118
J17	16	3	99	20	1.3197174835962253
J18	14	10	7	17	1.1267244535434024
J19	13	4	85	17	1.7707326195312896
J20	15	4	92	1	1.3024516781676074
\\ Jobs in machine 3
13
J21	16	14	2	4	2.163749202810209
J22	14	1	65	14	1.0743842904442573
J23	13	5	106	19	1.05580314065786
J24	15	12	69	7	1.1022009364120173
J25	13	13	79	4	1.010425516188807
J26	16	7	75	14	0.8689732659441096
J27	14	3	104	3	1.6388565747552337
J28	15	12	100	21	0.9357989179622527
J29	14	11	85	6	1.119130573728686
J30	16	10	108	3	1.63395368370479
J31	15	14	84	15	1.1545860397219159
J32	15	2	33	2	0.5653261119654597
J33	13	3	98	20	1.057210996977756
\\ Dependencies 
33
1	2
1	5
2	3
2	4
2	8
2	11
4	9
5	10
5	11
6	8
12	16
12	17
12	18
12	20
13	16
15	16
15	17
16	20
17	18
17	20
21	23
21	32
22	25
23	29
24	25
24	28
24	33
25	26
25	29
26	27
27	28
29	33
30	31
