\\ machines
6
\\ max power
60
\\ Jobs in machine 1
11
J1	13	7	40	11	1.0379740968112443
J2	16	3	22	6	1.250977427357384
J3	14	7	31	31	0.7648161608630621
J4	15	2	57	11	0.9621177903700219
J5	17	10	19	12	1.6328794429748075
J6	15	2	87	45	1.1532532506152362
J7	16	6	23	2	1.1809591710285399
J8	14	9	25	20	0.7532136997862748
J9	15	9	99	9	1.1071761906945157
J10	16	3	72	39	1.0863064770511426
J11	13	8	90	34	1.155824390440433
\\ Jobs in machine 2
12
J12	13	6	22	23	0.38517183500585295
J13	13	4	22	13	0.4062885760716438
J14	15	6	38	7	1.6137567224100042
J15	14	9	29	37	1.6778207682117774
J16	15	6	92	4	1.2398491571977608
J17	14	12	110	41	1.3037943825240013
J18	15	5	49	5	1.0021017131903263
J19	13	2	93	14	1.236629173143455
J20	14	6	72	35	1.0903615889438065
J21	14	3	59	41	0.6504269522253625
J22	12	6	34	2	1.6395527167795272
J23	15	14	12	41	0.6971547234435015
\\ Jobs in machine 3
11
J24	15	4	89	33	1.4067411528930482
J25	14	9	18	28	1.0710879763570664
J26	14	11	2	17	1.2746423150751753
J27	14	10	10	38	0.7667374571022667
J28	17	11	86	13	1.797700689561808
J29	15	7	21	41	1.1809862116835117
J30	17	7	15	36	1.0653410393057026
J31	16	3	32	37	0.5215183992585202
J32	15	9	73	4	2.1909610760394873
J33	15	10	78	19	0.7320677100909945
J34	14	5	69	14	1.8324743264226853
\\ Jobs in machine 4
10
J35	15	4	109	30	1.3788037376907292
J36	15	13	74	40	0.8001484632717055
J37	15	14	78	10	0.30689605890725713
J38	16	11	12	8	1.5959649619820375
J39	15	1	35	36	0.5109094302466861
J40	15	13	56	8	1.3628882501085404
J41	14	10	90	23	1.9968187024333721
J42	14	9	21	29	1.0199925462831936
J43	14	5	62	41	1.3103523328655566
J44	14	3	28	6	1.324415560755017
\\ Jobs in machine 5
11
J45	13	6	12	1	2.0159860804511993
J46	13	2	51	4	0.6421894456994987
J47	16	14	29	2	1.465960780901276
J48	15	2	20	28	1.52898927506814
J49	13	2	54	17	1.064702320300555
J50	14	12	73	42	1.9232652989257049
J51	16	3	88	4	0.952871344050028
J52	14	10	55	40	1.5689741830034616
J53	13	14	91	22	1.5701244919712891
J54	17	12	66	30	1.4174401239089969
J55	15	6	85	29	0.6801809601395894
\\ Jobs in machine 6
11
J56	14	11	74	12	1.3027839796161955
J57	13	3	90	14	1.2225464797735641
J58	13	10	58	16	0.9333606964922814
J59	14	4	12	41	0.8245404099638982
J60	14	6	57	41	0.7295582341498716
J61	15	5	52	8	1.3928857244713915
J62	13	2	68	16	1.7427348272302212
J63	16	1	45	9	0.4642818620962663
J64	15	1	65	14	1.1483978452646055
J65	15	14	50	16	0.4054572308726454
J66	14	12	83	42	1.6357426640269186
\\ Dependencies 
299
1	2
1	3
1	4
1	5
1	6
1	7
1	8
1	9
1	10
1	11
2	3
2	4
2	5
2	6
2	7
2	8
2	10
3	4
3	5
3	6
3	7
3	8
3	9
3	10
3	11
4	5
4	6
4	7
4	8
4	9
4	10
4	11
5	6
5	7
5	8
5	9
5	10
5	11
6	7
6	8
6	9
6	10
6	11
7	8
7	9
7	10
7	11
8	9
8	10
9	10
9	11
12	13
12	14
12	15
12	16
12	17
12	18
12	19
12	20
12	21
12	22
12	23
13	14
13	15
13	16
13	17
13	18
13	19
13	20
13	21
13	22
13	23
14	15
14	16
14	17
14	18
14	19
14	20
14	22
14	23
15	16
15	17
15	18
15	19
15	20
15	21
15	22
15	23
16	17
16	18
16	19
16	21
16	22
16	23
17	18
17	19
17	20
17	21
17	22
17	23
18	19
18	20
18	21
18	22
19	21
19	22
19	23
20	21
20	22
20	23
21	22
22	23
24	25
24	26
24	27
24	28
24	29
24	30
24	31
24	32
24	33
24	34
25	26
25	27
25	28
25	29
25	30
25	31
25	32
25	33
25	34
26	27
26	28
26	30
26	32
26	33
26	34
27	28
27	29
27	30
27	31
27	32
27	34
28	30
28	31
28	32
28	33
28	34
29	30
29	31
29	32
29	33
29	34
30	31
30	32
30	33
30	34
31	32
31	33
31	34
32	33
32	34
33	34
35	36
35	37
35	38
35	40
35	41
35	42
35	43
35	44
36	37
36	38
36	39
36	40
36	41
36	42
36	43
37	38
37	39
37	41
37	42
37	43
37	44
38	40
38	41
38	42
38	43
38	44
39	40
39	41
39	42
39	43
39	44
40	41
40	42
40	43
40	44
41	42
41	43
41	44
42	43
42	44
43	44
45	46
45	47
45	48
45	49
45	50
45	51
45	52
45	53
45	54
45	55
46	47
46	49
46	50
46	51
46	52
46	53
46	54
46	55
47	48
47	49
47	50
47	51
47	52
47	53
47	54
47	55
48	50
48	51
48	54
48	55
49	50
49	51
49	52
49	53
49	54
49	55
50	51
50	52
50	53
50	54
50	55
51	52
51	53
51	54
51	55
52	53
52	54
52	55
53	54
53	55
54	55
56	57
56	58
56	59
56	61
56	62
56	63
56	64
56	65
57	58
57	59
57	60
57	61
57	62
57	64
57	65
58	59
58	61
58	62
58	63
58	64
58	65
58	66
59	61
59	62
59	63
59	66
60	61
60	63
60	65
60	66
61	62
61	63
61	64
61	65
61	66
62	63
62	64
62	65
62	66
63	64
63	65
64	65
64	66
65	66
