\\ machines
12
\\ max power
120
\\ Jobs in machine 1
10
J1	13	9	21	68	0.41020674560123416
J2	14	1	98	70	1.3255787253245177
J3	14	12	6	39	0.8249221754110061
J4	15	3	91	38	1.5436865696944868
J5	15	12	27	5	1.3556607071219728
J6	15	5	28	73	1.3147758161395964
J7	13	6	42	9	1.2235107816012158
J8	16	9	12	55	1.9977088562223644
J9	13	6	66	11	1.5698433484949164
J10	14	3	53	61	1.251786225818762
\\ Jobs in machine 2
11
J11	15	8	33	6	0.1
J12	15	13	96	52	1.235032017160627
J13	15	6	59	13	1.714338070136674
J14	12	9	81	13	1.045155484170256
J15	14	14	54	15	1.5121478793521765
J16	15	5	103	35	1.3674963486392973
J17	15	13	17	25	0.6203615597419239
J18	16	13	13	58	0.9138008369764371
J19	13	14	70	23	1.1948094353194443
J20	15	9	10	28	1.9912024265618946
J21	14	7	103	31	1.3105661655426655
\\ Jobs in machine 3
12
J22	15	8	101	84	0.6587209738589479
J23	15	7	81	1	0.4099528046588724
J24	14	5	56	22	0.6887356068890912
J25	13	5	25	14	1.5880692688192917
J26	14	4	52	23	1.1029540329814425
J27	15	6	46	57	0.5504081404833269
J28	13	6	83	17	2.036563920782948
J29	13	12	49	48	0.45463174298029707
J30	16	9	31	25	0.6840791810389891
J31	15	1	106	56	1.8412412564385003
J32	13	9	77	43	0.7568897601952775
J33	15	2	60	80	0.7022003959609415
\\ Jobs in machine 4
10
J34	13	2	93	23	1.5893024991318636
J35	16	7	81	73	2.0210502646103574
J36	15	1	6	58	1.6783907130656939
J37	15	8	9	44	1.2999591801307575
J38	15	6	40	71	0.4749661573046322
J39	16	3	38	85	1.076066000598788
J40	14	10	65	10	1.6435914187538134
J41	13	12	74	84	0.34193016603039206
J42	16	6	5	81	1.2088407723546861
J43	15	8	70	20	2.0278464746770983
\\ Jobs in machine 5
10
J44	15	8	12	41	1.8795294266976295
J45	15	9	45	84	0.9496429035601615
J46	14	12	4	44	0.9536144080406642
J47	13	2	22	10	1.4694722609452422
J48	14	11	22	21	0.592358417137008
J49	14	9	22	88	1.2030882934590623
J50	13	9	72	75	0.1
J51	14	9	78	46	0.6243120552746132
J52	13	7	75	73	1.7185427391468706
J53	14	7	96	66	1.110807355867981
\\ Jobs in machine 6
10
J54	16	2	8	66	2.475048934540442
J55	15	8	104	6	1.3472110040680718
J56	14	2	61	67	1.323084692441631
J57	12	7	90	53	0.8130021232628376
J58	15	5	97	33	0.7975487658404172
J59	15	14	108	82	1.5949809954677008
J60	16	8	41	39	1.1104064027459852
J61	15	6	60	50	0.6782693850634808
J62	14	2	24	57	1.1429426281172972
J63	14	14	106	15	1.6193786798012146
\\ Jobs in machine 7
10
J64	16	7	54	59	1.504902426436177
J65	14	8	78	81	1.1152906682036754
J66	13	9	79	10	0.5497656272187296
J67	14	2	44	50	1.5052169948730678
J68	14	6	95	2	0.9134928617057012
J69	15	14	20	59	0.6828936689016512
J70	15	12	78	62	0.775293927878153
J71	14	10	37	86	1.3539780815916571
J72	13	5	24	30	1.11274222306417
J73	14	4	40	67	0.47060427821019535
\\ Jobs in machine 8
11
J74	13	3	39	78	1.6183624740360103
J75	14	2	44	79	1.6084517106077407
J76	15	14	43	72	1.1124805120082282
J77	14	5	51	67	0.40232999033550754
J78	13	13	56	1	0.38032648684898873
J79	16	7	72	79	0.26963593437112554
J80	14	3	63	89	0.8642745255181836
J81	15	6	98	8	1.7009672662791895
J82	14	5	13	86	1.1981576770144209
J83	14	5	77	65	1.5526752202211904
J84	16	4	6	79	0.13413028782339187
\\ Jobs in machine 9
10
J85	16	8	61	59	0.5620070440045086
J86	15	6	104	64	1.6247473001691248
J87	15	12	24	43	0.8309988594206292
J88	15	10	91	46	1.8314599585610556
J89	16	12	108	43	1.9067306220838205
J90	14	9	24	1	1.40235729810227
J91	13	13	62	23	1.4169475490778751
J92	15	6	36	55	1.64881428750132
J93	15	13	85	54	1.2402782403596673
J94	13	1	105	25	0.47923581559948913
\\ Jobs in machine 10
12
J95	14	14	76	11	2.2557271972393877
J96	13	11	68	45	1.0998107648891227
J97	14	4	30	88	1.0998123055953386
J98	13	3	109	87	1.0126803141367935
J99	16	9	69	20	1.7017235070503909
J100	14	5	54	14	0.6432244902075469
J101	14	10	40	60	1.3893321745212543
J102	16	10	34	61	1.5419835207768902
J103	14	3	107	45	1.5511602643828852
J104	14	8	84	55	1.5365867699131317
J105	15	10	44	14	0.7269367599825733
J106	14	11	26	21	1.5694537515446634
\\ Jobs in machine 11
12
J107	13	7	2	67	1.6779412147965123
J108	16	3	85	6	0.5906171814287835
J109	15	10	58	14	1.9777123212543168
J110	15	7	109	77	1.2373310312778436
J111	14	6	109	55	1.8920283764584114
J112	13	14	84	48	1.4903306698276844
J113	14	13	6	63	1.3367119411761006
J114	15	3	28	88	1.722969098671662
J115	14	14	51	5	0.6728268150847742
J116	14	5	16	56	1.9300334801019714
J117	15	6	53	89	2.362627993131114
J118	14	11	86	7	0.7968659983462367
\\ Jobs in machine 12
11
J119	14	6	34	43	0.9700691495564993
J120	15	3	31	24	1.4538161101617622
J121	15	6	72	84	1.7252608513071945
J122	14	7	87	51	0.9904521829804886
J123	15	3	63	19	0.48062081061971185
J124	15	10	37	88	1.26991452071173
J125	14	13	107	52	1.3350082116099027
J126	14	9	72	59	1.0651667863863017
J127	14	11	56	28	1.769157698947966
J128	14	2	56	81	0.4842066225240089
J129	15	11	6	42	0.4531068069530053
\\ Dependencies 
426
1	2
1	3
1	4
1	5
1	6
1	8
1	9
1	10
2	3
2	5
2	7
2	9
2	10
3	4
3	5
3	6
3	8
4	6
4	9
4	10
6	7
6	8
6	9
7	9
7	10
8	10
9	10
11	12
11	14
11	16
11	17
11	19
11	20
11	21
12	13
12	14
12	15
12	17
12	18
12	19
13	14
13	15
13	16
13	18
13	19
13	20
14	15
14	18
14	19
15	16
15	17
15	18
15	20
15	21
16	18
16	19
16	20
16	21
17	19
18	19
18	20
18	21
19	20
19	21
20	21
22	23
22	25
22	29
22	30
22	31
23	25
23	28
23	29
23	30
23	31
23	33
24	25
24	26
24	28
24	29
24	30
24	31
24	32
24	33
25	27
25	29
25	30
25	31
25	32
26	27
26	28
26	29
26	31
26	32
26	33
27	30
27	31
27	32
28	29
28	31
28	32
28	33
29	30
29	31
29	32
29	33
30	31
30	32
30	33
31	32
34	35
34	36
34	37
34	38
34	39
34	40
34	42
34	43
35	37
35	38
35	39
35	40
35	41
35	42
36	37
36	38
36	40
36	41
36	43
37	38
37	39
37	40
37	41
37	43
38	39
38	40
38	42
38	43
39	40
39	41
39	42
40	42
40	43
41	42
41	43
42	43
44	45
44	46
44	47
44	48
44	49
44	52
45	48
45	49
45	50
45	52
45	53
46	48
46	52
47	48
47	49
47	51
47	53
48	49
48	50
48	53
49	52
49	53
50	51
50	52
50	53
51	53
52	53
54	55
54	56
54	57
54	60
54	61
55	56
55	57
55	58
55	59
55	60
55	61
55	62
55	63
56	57
56	58
56	59
56	61
56	63
57	60
57	61
58	59
58	60
58	61
58	63
59	60
59	61
59	62
59	63
60	61
60	62
61	62
62	63
64	67
64	69
64	70
64	71
64	72
64	73
65	66
65	67
65	68
65	69
65	70
65	71
65	72
65	73
66	69
66	70
66	71
66	72
66	73
67	72
68	69
68	70
68	71
68	73
69	71
69	73
70	72
70	73
71	72
71	73
72	73
74	75
74	76
74	77
74	78
74	80
74	81
74	84
75	76
75	77
75	78
75	79
75	80
75	81
75	82
75	83
76	77
76	79
76	80
76	81
76	82
76	84
77	78
77	79
77	80
77	83
78	80
78	81
78	83
78	84
79	82
79	83
79	84
80	81
80	82
80	83
80	84
81	82
82	84
85	87
85	88
85	91
85	93
85	94
86	88
86	90
86	91
86	94
87	88
87	89
87	90
87	91
87	92
87	93
87	94
88	92
88	93
89	90
89	92
89	94
90	91
90	93
90	94
91	94
93	94
95	96
95	97
95	98
95	100
95	101
95	103
95	104
95	105
95	106
96	97
96	98
96	99
96	100
96	101
96	104
96	105
97	98
97	99
97	100
97	101
97	103
97	104
97	105
97	106
98	99
98	100
98	101
98	104
98	105
99	100
99	101
99	102
99	103
99	105
100	101
100	102
100	103
100	104
100	105
101	102
101	105
101	106
102	104
102	106
103	104
103	106
104	105
104	106
107	108
107	110
107	112
107	114
107	115
107	117
107	118
108	110
108	111
108	112
108	113
108	114
108	118
109	112
109	116
109	117
110	112
110	113
110	114
110	115
110	118
111	112
111	113
111	114
111	115
111	116
112	113
112	114
112	115
112	116
113	114
113	115
113	116
114	115
114	116
114	118
115	116
115	117
115	118
116	117
116	118
119	120
119	123
119	124
119	125
119	126
119	127
119	128
119	129
120	121
120	122
120	123
120	124
120	125
120	126
120	128
120	129
121	122
121	124
121	125
121	126
121	128
121	129
122	124
122	125
122	127
122	129
123	125
123	126
123	127
123	128
123	129
124	126
124	128
124	129
125	126
126	129
127	129
