\\ machines
8
\\ max power
80
\\ Jobs in machine 1
11
J1	14	11	27	39	1.8612569961294159
J2	14	5	15	23	0.6437253038653717
J3	14	3	35	36	1.0530090214703975
J4	13	8	102	31	1.0459039341484417
J5	14	11	48	14	1.371532533372598
J6	15	1	18	27	1.3438031666268773
J7	15	11	98	16	1.4793855530766749
J8	15	5	85	9	1.1665972481517546
J9	16	5	16	28	0.4132353475286644
J10	15	11	6	37	1.5384664795683274
J11	16	1	49	27	1.1696515706609554
\\ Jobs in machine 2
9
J12	15	6	52	36	0.7165366599112976
J13	14	5	97	22	0.8035228846301112
J14	15	1	75	17	2.203340270406004
J15	14	13	101	3	1.4746962516350508
J16	15	3	53	37	1.4583182081752675
J17	15	6	77	18	2.5979713308782735
J18	14	6	46	22	1.2918883515150572
J19	14	12	56	38	0.9733328827356529
J20	14	2	2	22	1.315030653118122
\\ Jobs in machine 3
11
J21	14	10	11	8	1.652053668499721
J22	12	6	56	26	1.2369040184429638
J23	14	9	17	9	0.38371925090181946
J24	13	8	40	40	1.1073130038821648
J25	14	5	42	15	1.4839488343307392
J26	15	1	30	37	1.2429205624212325
J27	15	2	47	40	2.2016184660741844
J28	14	3	100	4	1.1630851811486955
J29	16	12	42	29	1.0906747469274618
J30	15	2	33	17	1.4141032867100143
J31	16	2	86	7	0.9419811345135337
\\ Jobs in machine 4
11
J32	14	6	35	27	0.8261672584504788
J33	14	5	102	8	0.4336769761514424
J34	15	11	104	10	1.019218450743525
J35	15	11	73	14	1.4846667602229817
J36	16	9	62	40	0.7772447522986241
J37	13	4	73	7	0.8105051070018684
J38	15	5	80	39	1.939147251979075
J39	15	1	34	33	1.0051360716489366
J40	16	5	10	32	0.5167467166065188
J41	14	10	3	28	0.5320067363351343
J42	15	12	61	29	0.7430712508748248
\\ Jobs in machine 5
11
J43	13	4	103	2	1.6639691257750018
J44	16	7	62	1	1.1660072452722678
J45	16	2	74	4	1.1550590176733477
J46	13	2	78	12	1.4872273299192942
J47	15	3	13	22	1.9192811215104433
J48	13	4	104	38	0.9428748608546457
J49	14	12	69	33	0.8162885003202076
J50	15	10	28	21	1.6668440540446847
J51	15	8	32	9	1.6977472297489462
J52	16	11	60	39	0.5830372887684757
J53	15	7	53	17	1.661095656861216
\\ Jobs in machine 6
12
J54	14	9	36	20	0.36208560876991247
J55	14	6	32	32	1.5725341171233318
J56	14	10	18	37	1.5174799629757991
J57	15	12	20	27	0.5904417823127691
J58	15	3	62	6	0.970530040054387
J59	15	5	28	21	0.8218926628760981
J60	16	12	66	24	0.5512176366081838
J61	13	3	61	8	1.2711100253081011
J62	16	11	12	7	1.1183508470740484
J63	15	11	72	25	1.4118416164995624
J64	13	3	61	35	1.6659925932297097
J65	16	12	43	33	1.1486491790938922
\\ Jobs in machine 7
11
J66	14	1	76	21	0.8059181721217707
J67	16	10	37	38	1.1071220576900724
J68	14	13	69	25	1.1687555751917462
J69	15	6	73	36	1.52049395955519
J70	15	1	9	39	1.3957802164004847
J71	14	10	24	6	0.8521408586142244
J72	14	14	101	28	0.90323837168427
J73	14	1	22	34	0.9751549543788576
J74	15	13	18	5	1.4023463003367946
J75	16	3	42	7	1.4379507388534571
J76	14	14	47	20	1.5149497811187211
\\ Jobs in machine 8
11
J77	15	5	63	5	0.9263854278814644
J78	14	4	37	29	1.2354736645821578
J79	14	4	37	27	1.6740305707908745
J80	17	11	24	26	1.1241729165966605
J81	14	10	84	4	1.1961293244112394
J82	15	2	31	21	1.620748997803569
J83	16	10	54	38	1.2320255593613638
J84	14	13	107	22	1.4560284371110148
J85	15	13	56	12	0.9263227074271057
J86	13	11	74	29	0.5178124081640314
J87	15	6	12	12	0.9081052161731957
\\ Dependencies 
337
1	3
1	4
1	5
1	8
1	9
1	10
2	3
2	6
2	7
2	8
2	10
2	11
3	4
3	5
3	7
3	8
3	10
3	11
4	6
4	7
4	8
4	10
4	11
5	6
5	8
5	9
5	10
5	11
6	7
6	9
7	8
7	10
7	11
8	9
8	10
8	11
9	10
9	11
10	11
12	13
12	14
12	16
12	18
12	19
12	20
13	14
13	15
13	17
13	18
13	19
13	20
14	15
14	16
14	19
14	20
15	18
15	19
15	20
16	17
16	18
16	20
17	18
18	19
19	20
21	22
21	23
21	24
21	25
21	26
21	28
21	29
21	30
22	23
22	24
22	25
22	26
22	27
22	29
22	30
22	31
23	24
23	25
23	28
23	29
23	30
23	31
24	25
24	26
24	27
24	28
24	30
24	31
25	27
25	30
26	27
26	28
26	29
27	28
27	29
27	31
28	30
29	31
30	31
32	33
32	34
32	35
32	36
32	37
32	38
32	39
32	40
32	41
32	42
33	37
33	38
33	40
33	41
33	42
34	35
34	36
34	38
34	39
34	40
34	41
34	42
35	36
35	37
35	39
35	40
35	41
35	42
36	37
36	38
36	40
36	41
37	38
37	39
37	40
37	41
37	42
38	39
38	40
38	41
38	42
39	40
39	41
39	42
40	41
40	42
41	42
43	46
43	47
43	48
43	50
43	51
43	52
43	53
44	45
44	46
44	47
44	48
44	49
44	50
44	51
44	52
44	53
45	46
45	47
45	48
45	53
46	47
46	48
46	49
46	50
46	51
46	53
47	49
47	50
47	51
47	52
47	53
48	49
48	50
48	51
48	52
49	50
49	51
49	52
49	53
50	51
50	52
51	52
51	53
52	53
54	56
54	58
54	59
54	60
54	61
54	63
54	64
54	65
55	58
55	59
55	60
55	61
55	63
55	64
56	57
56	58
56	59
56	61
56	62
56	63
56	64
56	65
57	58
57	61
57	62
57	63
57	64
57	65
58	59
58	62
58	63
58	64
58	65
59	60
59	61
59	62
59	64
59	65
60	61
60	63
60	64
60	65
61	62
61	64
61	65
62	63
62	64
62	65
63	65
64	65
66	67
66	68
66	69
66	70
66	71
66	72
66	73
66	74
66	75
66	76
67	68
67	70
67	71
67	72
67	73
67	74
67	75
67	76
68	69
68	70
68	71
68	72
68	73
68	74
69	71
69	72
69	73
69	74
69	75
69	76
70	71
70	72
70	74
70	75
70	76
71	72
71	75
71	76
72	73
72	74
72	75
72	76
73	75
73	76
74	75
75	76
77	79
77	80
77	82
77	83
77	84
77	85
77	86
77	87
78	79
78	80
78	81
78	83
78	84
78	86
78	87
79	80
79	81
79	82
79	83
79	84
79	85
80	81
80	82
80	83
80	84
80	85
80	86
81	82
81	83
81	84
81	85
81	86
81	87
82	83
82	84
82	85
82	87
83	84
83	85
83	86
83	87
84	85
84	86
84	87
85	86
85	87
86	87
