\\ machines
12
\\ max power
120
\\ Jobs in machine 1
12
J1	16	6	36	39	1.2617279723968473
J2	14	9	6	12	0.5298626873278245
J3	12	8	54	19	2.2751505526992766
J4	15	8	103	50	1.1543430925242018
J5	15	7	34	14	0.906397732141085
J6	15	14	35	66	0.9564456807993129
J7	14	1	102	5	1.1977416789960487
J8	14	12	87	58	1.7163693231198875
J9	15	8	107	38	1.6459903125991568
J10	12	9	57	17	0.8849422085954991
J11	14	7	3	11	1.296421254663799
J12	15	2	101	19	1.0263171201574028
\\ Jobs in machine 2
14
J13	15	7	51	2	1.7118831074260503
J14	15	7	71	47	0.1
J15	15	12	28	88	1.1271160771144713
J16	12	5	35	62	1.075002084854167
J17	15	12	95	89	0.29079529403936244
J18	15	12	21	24	1.1589944015108076
J19	15	7	46	2	1.2072331164986045
J20	14	14	3	32	1.4855121325911311
J21	15	10	43	14	1.3560959732703068
J22	14	14	58	85	1.3964940804728325
J23	15	9	82	82	1.1896541164644587
J24	13	14	77	13	0.5025099652532133
J25	14	9	69	39	1.3335413279159327
J26	16	14	67	17	1.3008437102585102
\\ Jobs in machine 3
11
J27	17	3	67	65	0.7960402141915199
J28	13	4	40	76	1.7949317231397648
J29	13	12	84	17	0.6691307199415891
J30	16	12	13	62	1.495242328060784
J31	16	14	40	29	2.3614399602832226
J32	13	12	83	29	1.8489832938680806
J33	15	2	46	89	0.7528883836578357
J34	16	6	38	20	1.5444785991062022
J35	16	14	30	25	1.2102951024190292
J36	15	3	66	31	0.6241682849601631
J37	14	6	28	81	1.3037450292883612
\\ Jobs in machine 4
9
J38	14	4	44	67	1.6707382299018698
J39	15	3	12	16	1.753145222750227
J40	15	4	106	18	1.0121618876799412
J41	15	5	81	17	1.4645714107716272
J42	15	8	66	82	0.954755284626664
J43	15	14	52	15	0.3992150073707168
J44	14	13	97	44	1.9773949623174718
J45	12	6	90	24	1.1699418689321377
J46	17	8	69	18	0.7177946729476035
\\ Jobs in machine 5
12
J47	13	4	35	66	1.4366253259762773
J48	13	10	47	23	1.6775598793683537
J49	13	9	47	87	1.3325657531437076
J50	12	5	20	82	0.5774328230663478
J51	14	12	95	41	0.8996243953193523
J52	15	10	101	8	2.163954808967871
J53	15	9	53	63	1.1411824736777807
J54	13	10	46	30	1.1104794000157419
J55	15	6	46	61	0.9127724421157883
J56	14	12	55	28	0.1
J57	14	14	47	72	1.6454923038242384
J58	14	1	47	65	0.732568722249969
\\ Jobs in machine 6
13
J59	16	1	14	8	1.011236352774131
J60	14	8	8	73	0.6001890609987349
J61	14	14	107	24	0.7610179604609569
J62	15	14	9	23	2.1125248876243465
J63	14	13	92	76	1.187741234507343
J64	14	5	101	5	1.6289864224684356
J65	14	3	74	11	1.0602778037084792
J66	16	13	104	6	2.0964437616894562
J67	14	5	66	71	1.3506416699682244
J68	14	3	75	68	1.7109503901366208
J69	14	3	72	79	1.8870289560239386
J70	14	2	12	18	0.9296611285160663
J71	14	11	20	59	2.335175935777264
\\ Jobs in machine 7
12
J72	16	12	32	19	0.5578588785155781
J73	16	5	61	82	1.1915324031710326
J74	15	5	5	52	1.0553191747129718
J75	13	6	66	36	1.3946287695337036
J76	15	2	56	64	2.1123294724644848
J77	15	1	93	38	0.7449719607175143
J78	15	8	85	26	1.167046115359087
J79	13	9	104	46	2.270411206581569
J80	15	2	76	22	1.3210245232104463
J81	14	13	7	69	1.5941571054404
J82	13	10	110	62	0.9352662356694575
J83	14	5	3	80	1.0086793023632594
\\ Jobs in machine 8
12
J84	15	10	66	38	1.1650687752134112
J85	15	14	59	12	2.3984556470072755
J86	15	12	105	81	1.6894289034710737
J87	13	8	66	12	0.23431826724436222
J88	14	9	70	65	1.8723583605022838
J89	16	5	8	29	1.0362585769301604
J90	15	13	25	45	0.643123697817563
J91	13	8	52	54	1.0164205330644314
J92	15	1	100	23	0.6378147459096425
J93	15	5	20	76	1.3846052334129508
J94	13	11	67	37	0.9902640073043947
J95	13	7	7	8	2.3073625763205836
\\ Jobs in machine 9
10
J96	15	3	96	67	1.1391964678715305
J97	16	3	82	43	0.9703799369329542
J98	15	4	66	73	1.4470297123155604
J99	14	12	60	72	1.4870601973207416
J100	16	9	38	86	1.737348358282817
J101	15	5	48	41	0.48763888846704073
J102	14	14	102	7	0.46613276509799106
J103	14	7	25	60	1.986172477033845
J104	14	2	33	49	0.3944776286609507
J105	15	4	105	21	0.9145966643111993
\\ Jobs in machine 10
11
J106	15	9	99	78	0.9935314167419247
J107	17	14	81	36	1.4574162294000106
J108	14	7	26	27	2.1369692825927746
J109	14	7	28	90	2.0288698871159823
J110	15	7	62	75	0.42555791178171665
J111	14	3	9	43	0.9656413624602458
J112	15	4	75	1	1.3212608780660737
J113	15	11	3	81	1.2694723125040137
J114	12	8	7	53	1.5274850094250922
J115	14	1	89	71	0.13419812430329547
J116	16	11	25	84	2.3820047943834917
\\ Jobs in machine 11
11
J117	16	5	54	34	0.7163584453732362
J118	15	9	77	57	0.23830784390410753
J119	16	2	36	90	1.7720453516111079
J120	14	10	52	23	1.2027660454697
J121	15	1	12	37	0.724512158320687
J122	14	5	52	66	2.072856199740902
J123	14	2	20	9	1.0135699497195145
J124	13	2	16	67	1.278619576175677
J125	14	4	108	87	0.7397907094642184
J126	14	9	37	86	0.7260389732146078
J127	15	11	10	77	1.5930547643931816
\\ Jobs in machine 12
11
J128	12	4	40	62	1.6336488455825018
J129	15	11	50	45	1.584751315155127
J130	15	3	92	17	0.6973036526366811
J131	14	4	19	71	1.6547032858083954
J132	15	1	2	69	0.9773994003292945
J133	14	1	4	18	1.041172238177845
J134	16	4	81	29	0.6853228708658841
J135	15	7	105	50	1.067642616486023
J136	14	6	93	81	0.9685142056730736
J137	14	6	17	49	1.5345477177196076
J138	13	2	11	56	1.0580010751569882
\\ Dependencies 
155
1	8
1	9
1	12
2	5
2	7
2	9
2	10
3	8
4	7
4	8
6	9
6	11
6	12
7	11
10	12
13	16
13	19
13	20
13	24
13	25
14	17
15	18
15	20
15	23
16	23
17	21
18	21
18	23
18	24
18	25
18	26
19	22
20	24
22	23
24	25
25	26
27	28
28	30
28	35
28	36
28	37
29	32
29	37
30	36
33	37
35	36
38	39
38	46
40	43
41	43
41	45
47	54
47	56
47	58
48	49
48	50
48	54
49	51
49	57
50	51
50	53
50	55
51	56
52	53
52	55
54	55
55	58
56	57
59	64
59	65
59	68
60	65
61	62
61	63
62	63
62	67
63	66
64	66
64	67
65	67
65	68
66	70
67	68
67	71
68	70
72	75
72	82
73	74
73	78
73	79
73	82
74	80
75	83
77	78
79	83
80	81
80	83
81	82
84	89
84	94
85	90
85	94
86	91
86	92
86	95
87	89
88	91
89	92
89	95
91	92
92	94
96	98
97	98
97	99
97	100
97	103
97	105
100	105
101	105
102	104
102	105
106	115
107	110
107	111
107	116
108	109
108	111
108	115
109	111
109	113
109	115
109	116
110	112
112	113
117	122
118	121
118	124
119	121
119	122
119	125
120	121
122	125
123	125
123	126
126	127
128	130
128	135
128	137
129	137
129	138
130	138
132	133
132	137
133	134
136	138
