\\ machines
12
\\ max power
120
\\ Jobs in machine 1
9
J1	14	9	18	6	0.9728529099747224
J2	13	10	50	3	0.1
J3	15	7	22	34	0.9159700956163638
J4	14	10	42	4	0.9275863170758023
J5	13	3	50	47	1.4497078114874231
J6	15	8	32	33	0.1282796851397312
J7	15	5	79	58	0.22481789685990483
J8	17	4	5	59	1.4804242208497866
J9	14	7	35	11	1.5277974932697544
\\ Jobs in machine 2
11
J10	14	12	9	34	0.8542828832718634
J11	14	14	39	8	0.6995421881305427
J12	16	7	65	3	1.9514380807072065
J13	15	5	7	9	1.6036848867796865
J14	14	9	36	42	0.590076750552947
J15	14	9	34	53	1.280047194024827
J16	15	1	17	31	1.0460238911512918
J17	15	14	26	45	0.7905754110367019
J18	15	6	108	40	0.7893918047428542
J19	14	4	89	59	1.3197938261392383
J20	14	12	88	39	2.038705603687715
\\ Jobs in machine 3
10
J21	15	6	102	52	0.8895965698756552
J22	16	14	59	53	1.070724879851808
J23	15	4	53	29	0.7651403725887322
J24	14	2	87	39	0.3963856523871523
J25	16	11	61	19	1.9240231363979774
J26	16	13	103	19	0.8302105355068561
J27	15	9	101	16	0.7080384681786811
J28	14	8	93	23	1.454522976993132
J29	15	1	106	28	1.8669949323113728
J30	15	9	7	55	0.9256715508557265
\\ Jobs in machine 4
12
J31	16	2	66	45	1.8519489141877505
J32	13	5	32	26	1.281439655655774
J33	15	14	71	56	0.9095776995500263
J34	15	13	8	27	1.4638928494046246
J35	14	9	95	35	1.3635736359525201
J36	15	4	47	17	1.0477557259130155
J37	15	1	69	7	1.441792734485599
J38	15	9	22	50	1.4853410970725933
J39	14	8	91	35	0.5783634379187828
J40	15	6	9	28	1.1399471832105545
J41	15	8	57	12	1.0684438849912972
J42	14	8	48	3	0.5665550065532338
\\ Jobs in machine 5
12
J43	16	10	10	25	2.212350516266345
J44	12	9	78	43	1.2013774386295686
J45	16	4	109	57	1.2118543549901803
J46	14	6	41	57	0.1
J47	13	5	106	51	0.930809702908348
J48	12	4	7	29	1.798185727606643
J49	13	9	75	5	1.2644460271161952
J50	15	1	102	28	0.791981537316294
J51	13	1	71	60	0.7729695820212898
J52	14	7	109	47	1.0755862538131589
J53	16	5	54	27	0.9630197891625284
J54	16	2	96	28	1.3724200023026676
\\ Jobs in machine 6
10
J55	14	10	81	16	2.1273474484779142
J56	14	11	90	51	1.1846287041307284
J57	15	3	67	35	1.2370491083346171
J58	15	2	67	51	0.38281332540904056
J59	15	13	62	22	1.1196767900229685
J60	14	9	37	1	2.362804061466557
J61	14	10	31	45	1.1289697955220865
J62	15	11	8	46	1.701878751262032
J63	14	9	86	4	1.1082548664315603
J64	12	5	30	39	0.7661395576507521
\\ Jobs in machine 7
10
J65	15	6	40	52	1.5713785990569062
J66	13	4	77	15	0.41242942916646874
J67	14	14	36	22	0.8790505383741399
J68	14	14	19	27	1.2995876556314387
J69	15	14	17	4	1.0287000290612818
J70	13	13	73	30	1.4449678598411742
J71	14	12	57	11	1.5034335601458986
J72	14	14	98	34	1.2279377003700354
J73	15	1	88	39	1.328784248279771
J74	15	8	41	4	1.018295395688496
\\ Jobs in machine 8
11
J75	14	10	102	1	1.310101718814122
J76	14	12	46	48	0.44052600563103117
J77	14	6	17	5	1.0741751654225646
J78	15	11	105	3	1.0432766644326161
J79	15	1	59	31	0.8278574874818612
J80	14	2	6	9	0.7121661651578712
J81	15	10	4	35	1.2225809176369498
J82	14	6	36	15	1.28917816444793
J83	17	1	5	20	0.6418207753903828
J84	15	13	62	8	1.5612701729889475
J85	14	10	56	43	1.7102228147353802
\\ Jobs in machine 9
10
J86	15	2	64	8	1.617448359052291
J87	16	12	4	34	1.3429106584602801
J88	13	14	88	43	0.647152793341977
J89	14	11	8	52	0.9379503903304014
J90	13	2	86	11	1.5754858076105465
J91	15	13	77	57	1.4769874893316242
J92	15	14	81	16	0.9907116842324957
J93	14	10	43	11	0.9213395431967597
J94	14	8	6	5	0.6797417871802374
J95	15	13	30	40	0.4478302874069269
\\ Jobs in machine 10
10
J96	16	11	69	13	1.0861772284591895
J97	14	8	50	21	2.0106719227802703
J98	14	2	55	37	2.16276999839894
J99	14	2	76	46	0.5685548823091912
J100	14	1	24	14	0.9280078134822957
J101	15	10	65	20	0.877371672188396
J102	15	12	19	34	0.10591961394851723
J103	15	9	107	15	0.7351036225517067
J104	14	1	42	18	1.0960864028405597
J105	15	14	22	32	0.1
\\ Jobs in machine 11
9
J106	15	4	60	16	1.7709363924584898
J107	14	4	37	44	2.4839305428979115
J108	15	6	44	11	1.3998779070492893
J109	15	5	15	1	1.3217141404902206
J110	16	10	18	59	1.2640414679365743
J111	15	4	100	32	1.0707064084262803
J112	14	11	53	6	0.6556305790101459
J113	14	12	27	51	0.6597271582129349
J114	15	5	5	15	1.2338516269825182
\\ Jobs in machine 12
10
J115	15	7	19	18	0.527130757747478
J116	14	6	40	57	0.6104657515938298
J117	16	2	98	31	1.0562320465048272
J118	14	4	3	54	1.235102567072684
J119	14	14	21	38	1.2701352364654261
J120	13	8	101	48	1.249971861791126
J121	14	13	76	10	1.657316155527855
J122	15	13	36	28	0.13682316016519547
J123	14	1	59	38	0.7683973124273105
J124	14	6	58	47	1.0648185842144573
\\ Dependencies 
290
1	2
1	3
1	4
1	5
1	8
2	4
2	5
2	9
3	4
3	5
3	7
4	6
4	8
4	9
5	6
6	7
6	8
6	9
7	9
8	9
10	14
10	15
10	16
10	18
10	19
10	20
11	16
12	14
12	17
12	18
13	14
13	17
13	18
13	19
14	17
14	19
14	20
15	16
15	20
16	17
16	18
16	19
16	20
17	19
17	20
18	19
21	22
21	26
21	27
21	29
22	24
22	25
22	29
23	24
23	27
23	28
24	27
24	30
25	26
25	27
25	28
25	30
26	28
26	30
27	28
27	29
27	30
28	29
28	30
29	30
31	32
31	33
31	34
31	36
31	38
31	40
31	41
31	42
32	33
32	35
32	36
32	37
32	38
32	39
32	40
32	42
33	34
33	35
33	36
33	37
33	38
33	39
33	40
33	41
34	35
34	36
34	37
34	38
34	39
34	41
34	42
35	36
35	39
35	40
35	41
36	38
36	40
37	38
37	39
37	41
38	39
38	40
38	41
39	41
40	42
41	42
43	44
43	47
43	48
43	49
43	51
43	52
44	47
44	50
44	51
44	53
44	54
45	48
45	51
45	53
46	47
46	49
46	51
46	54
47	49
47	52
47	53
49	50
49	51
49	54
50	51
51	53
53	54
55	58
55	62
56	59
56	60
56	62
57	58
57	60
57	61
57	64
58	59
58	64
59	60
59	61
59	64
60	64
62	63
62	64
63	64
65	67
65	68
65	69
65	72
65	73
65	74
66	67
66	70
66	72
66	74
67	69
67	70
67	72
67	73
68	70
68	73
68	74
69	71
69	73
70	71
70	72
72	74
73	74
75	77
75	78
75	84
76	79
76	83
76	84
77	80
77	81
77	82
78	80
78	82
78	83
79	80
79	81
79	83
79	85
80	81
80	84
80	85
81	83
81	84
81	85
82	83
83	84
84	85
86	88
86	89
86	90
86	93
87	88
87	89
87	90
87	91
88	89
88	94
88	95
89	91
89	92
89	94
90	91
90	93
90	94
91	92
91	93
91	94
91	95
93	94
96	98
96	99
96	100
96	102
96	103
96	105
97	99
97	102
97	103
97	105
98	99
98	100
98	101
98	103
98	104
99	101
99	102
100	102
100	104
102	103
102	104
102	105
104	105
106	107
106	108
106	113
106	114
107	108
107	109
107	110
107	111
108	109
108	110
108	112
108	114
109	111
109	112
109	113
109	114
110	111
110	113
111	112
111	114
112	113
115	116
115	118
115	120
116	118
116	119
117	120
117	122
117	124
118	119
118	124
119	121
119	124
120	121
121	124
122	124
