\\ machines
10
\\ max power
100
\\ Jobs in machine 1
11
J1	14	9	47	16	1.0857487613190235
J2	14	14	9	22	0.9200947864257109
J3	15	11	97	23	1.5540000202087958
J4	15	4	71	11	0.9392675292423207
J5	15	8	96	8	1.6200150022593758
J6	15	1	75	15	1.3348546488795412
J7	12	9	26	24	1.309610951199666
J8	13	10	104	22	1.727628930859932
J9	15	8	69	1	1.3502842478242
J10	16	13	47	15	1.4116068517748654
J11	16	11	75	14	0.27496124654161136
\\ Jobs in machine 2
10
J12	13	3	91	14	0.9473534692288039
J13	14	12	75	3	1.1965267549943082
J14	15	12	44	20	0.9476858877943211
J15	17	10	47	10	2.012174648747046
J16	15	10	67	19	2.2646857766414716
J17	14	7	6	15	0.9792661704061136
J18	15	11	33	12	0.8558145217109484
J19	15	5	37	2	1.8279850205090038
J20	15	11	34	12	0.916707871095262
J21	15	4	87	12	1.696936985869339
\\ Jobs in machine 3
11
J22	15	8	110	9	0.1
J23	17	12	37	4	1.7494463845917587
J24	14	5	81	15	1.3702035209828471
J25	14	11	87	9	1.6942204631155346
J26	15	2	4	12	0.9666685066958771
J27	14	14	23	8	1.3492237145563528
J28	14	3	84	2	1.2526866710991915
J29	15	11	108	12	2.0991543640156443
J30	15	12	110	1	1.4478323476129593
J31	14	1	33	11	0.2124639943377279
J32	14	3	29	13	1.1760959008039498
\\ Jobs in machine 4
10
J33	14	9	13	22	1.0970354062877496
J34	15	1	58	25	0.6899636331120139
J35	15	8	91	16	1.2291130747265655
J36	14	7	108	20	2.439390298206478
J37	15	8	107	13	1.6738933520469623
J38	13	8	36	18	1.4134581941275117
J39	15	11	110	18	1.3801780615518935
J40	16	5	54	16	1.6051546242015626
J41	13	6	8	10	1.4259506354914415
J42	13	12	98	19	1.569712850231893
\\ Jobs in machine 5
11
J43	14	3	11	25	0.4500796194861528
J44	14	7	79	12	1.344608881614623
J45	15	2	44	20	1.3106717618037158
J46	14	10	63	6	2.3134883034459195
J47	14	1	35	6	1.1898376788565328
J48	15	11	34	24	0.7524874042657144
J49	14	2	105	6	1.347322765310053
J50	13	8	56	7	1.0955920216567634
J51	16	14	9	13	2.283783784990304
J52	14	12	51	15	1.0580740929018442
J53	15	7	4	10	1.1988909927740388
\\ Jobs in machine 6
9
J54	14	5	65	16	1.558466070639301
J55	14	7	52	21	0.40510998514062524
J56	14	11	74	14	0.80438553793862
J57	14	12	98	18	0.1
J58	14	7	91	15	1.0610746749808613
J59	14	1	87	22	1.563152507747246
J60	13	1	44	10	1.547337911286958
J61	14	1	9	1	1.1453346571938903
J62	15	3	18	7	0.6081744794717853
\\ Jobs in machine 7
10
J63	15	11	8	24	1.035599082946711
J64	13	7	86	10	0.6134297401616515
J65	15	4	68	20	0.73574524599033
J66	16	1	72	19	0.45728450100188445
J67	15	11	39	13	1.804607246891543
J68	16	3	75	20	1.8532265913110697
J69	16	3	70	24	0.34002226633015453
J70	15	6	92	13	1.5899557785692982
J71	14	4	11	21	1.110454896912964
J72	16	6	82	9	1.6866867268423342
\\ Jobs in machine 8
11
J73	13	14	35	10	0.2934027881212772
J74	13	12	55	23	1.6802005552876453
J75	15	11	96	25	2.129102652340315
J76	15	6	2	3	1.1664415239383221
J77	17	10	109	9	1.4501808623142958
J78	13	11	68	13	2.260438984951617
J79	12	3	19	4	1.1445035886300627
J80	16	14	100	8	0.7015193479618085
J81	14	11	71	24	0.9207249349953877
J82	16	14	66	11	0.2767987353438882
J83	15	12	60	15	1.5225522268082938
\\ Jobs in machine 9
11
J84	15	13	55	19	1.3373074545050412
J85	16	9	25	12	1.933881121822486
J86	17	8	106	9	0.33028747908265477
J87	15	10	6	12	1.543639860988376
J88	16	14	23	8	1.2800739161283965
J89	16	11	43	15	0.463908180785361
J90	15	7	110	20	0.8038730350118668
J91	16	13	46	18	1.6116688709861584
J92	15	2	50	17	1.05617365237402
J93	15	8	104	20	1.4181013393214996
J94	16	11	98	21	1.0273319738203597
\\ Jobs in machine 10
11
J95	13	4	15	3	1.5756022679376935
J96	14	11	103	10	0.6092354217423885
J97	15	1	31	8	1.3142707928466832
J98	13	11	97	17	0.6461682699610736
J99	13	14	33	15	1.508442961000502
J100	14	10	32	20	1.7249301607754757
J101	15	14	6	3	1.471572242952004
J102	16	1	34	10	1.3033319722741867
J103	13	12	107	8	1.3113400765676044
J104	14	3	23	15	0.3484615179508841
J105	13	5	42	16	0.5695853085766903
\\ Dependencies 
298
1	5
1	6
1	10
2	3
2	5
2	6
2	7
2	8
2	10
2	11
3	4
3	5
3	6
3	7
3	9
3	10
3	11
4	5
4	6
4	7
4	10
4	11
5	7
5	8
5	9
5	10
5	11
6	8
6	9
6	10
7	8
7	10
7	11
8	9
8	10
8	11
10	11
12	13
12	14
12	15
12	16
12	17
12	18
12	19
12	20
13	14
13	15
13	16
13	17
13	18
13	19
13	20
13	21
14	17
14	18
14	19
14	20
15	16
15	17
15	19
15	20
15	21
16	17
16	18
16	19
16	20
16	21
18	19
18	20
18	21
19	20
19	21
22	23
22	25
22	27
22	30
22	31
23	24
23	25
23	26
23	27
23	29
23	32
24	25
24	26
24	29
24	31
24	32
25	26
25	28
25	30
25	32
26	27
26	28
26	30
26	31
27	30
27	31
27	32
28	30
29	32
30	31
30	32
31	32
33	34
33	35
33	37
33	38
33	39
33	40
33	42
34	36
34	37
34	40
34	41
35	36
35	37
36	39
36	40
37	38
37	40
37	41
37	42
38	39
38	40
38	41
38	42
39	41
39	42
40	42
41	42
43	45
43	46
43	47
43	48
43	51
43	52
44	45
44	47
44	48
44	50
44	51
45	46
45	47
45	48
45	50
45	52
45	53
46	47
46	50
46	51
46	52
47	51
48	50
48	51
48	52
49	51
49	52
50	53
54	59
54	62
55	59
55	60
55	61
55	62
56	57
56	61
57	59
57	61
57	62
58	61
58	62
59	62
63	64
63	65
63	66
63	68
63	69
63	70
63	71
64	65
64	67
64	68
64	70
64	71
64	72
65	66
65	67
65	68
65	69
65	71
66	67
66	68
66	69
67	69
67	70
67	72
68	69
68	72
69	70
70	71
73	74
73	76
73	78
73	79
73	81
73	83
74	76
74	79
74	81
74	83
75	78
75	79
75	80
75	81
75	83
76	77
76	83
77	78
77	80
77	81
77	82
78	80
78	81
78	82
78	83
79	80
79	83
80	81
80	83
81	82
81	83
84	85
84	86
84	87
84	88
84	90
84	91
84	92
84	93
84	94
85	88
85	89
85	91
85	94
86	87
86	89
86	91
86	92
86	93
87	90
87	91
87	93
87	94
88	90
89	91
90	92
90	93
90	94
91	92
91	93
92	93
92	94
93	94
95	96
95	99
95	101
95	102
95	103
95	105
96	98
96	99
96	100
96	101
96	102
96	103
96	104
97	99
97	100
97	101
97	102
97	103
97	105
98	100
98	101
98	102
98	104
98	105
99	100
99	103
99	105
100	102
101	103
101	105
102	104
102	105
103	104
104	105
