\\ machines
6
\\ max power
60
\\ Jobs in machine 1
9
J1	15	9	62	6	1.4338753655698164
J2	16	2	87	1	1.1887308420811642
J3	14	10	66	2	1.0094227536185598
J4	14	4	43	5	0.4253536762732547
J5	12	5	93	4	1.083171127991459
J6	14	8	11	13	1.3427063308660516
J7	16	5	90	9	0.571831511725844
J8	13	4	8	13	0.8336047968802146
J9	16	14	70	2	1.630590789825561
\\ Jobs in machine 2
10
J10	15	13	100	2	0.6421641076954432
J11	14	6	50	15	1.0671650388604026
J12	14	8	58	3	1.0170162290797118
J13	13	14	86	1	1.9905673106682293
J14	15	12	21	3	0.8912589242322575
J15	15	1	56	15	0.9730983456548595
J16	15	14	88	13	0.7684230333362863
J17	14	13	53	15	0.8022033866779974
J18	12	7	48	9	0.8467111874682189
J19	14	9	94	5	1.4593773682881583
\\ Jobs in machine 3
12
J20	17	4	11	5	1.141698491450757
J21	14	3	32	8	1.1669091627923174
J22	14	13	108	13	1.5877166183801252
J23	15	13	95	2	0.7553575739992403
J24	15	11	5	5	1.1985544100643846
J25	12	1	66	10	1.5668067150062945
J26	14	14	23	2	1.654876540165088
J27	15	2	31	3	2.4041690328165726
J28	15	5	107	11	1.4192224226899595
J29	17	1	109	1	1.1868106897540662
J30	16	1	85	2	1.2546902932408657
J31	14	8	24	5	0.7190802226655947
\\ Jobs in machine 4
11
J32	15	14	72	2	1.3241432728178821
J33	14	9	27	15	0.1
J34	14	11	56	9	0.8973372988392672
J35	14	6	59	7	1.5114330082269392
J36	15	3	104	10	1.0537563554945488
J37	13	4	45	4	0.7255415900669457
J38	16	11	97	1	2.432222077869426
J39	14	7	75	1	0.7889815188431138
J40	14	13	57	5	1.661030749537433
J41	13	5	61	5	0.7984210880164389
J42	15	2	55	8	1.23058074900316
\\ Jobs in machine 5
11
J43	13	2	24	12	2.1214862586567285
J44	16	12	25	5	1.1930010535537847
J45	16	4	5	4	1.3577399180598808
J46	15	7	97	10	0.4520835582081696
J47	13	6	48	4	1.6946144550024904
J48	13	13	67	2	2.003084177299149
J49	15	13	60	14	1.9602375933652745
J50	14	6	51	6	0.7516699278977801
J51	15	1	15	3	0.27488670126551384
J52	14	10	18	7	1.0122224959415786
J53	14	2	68	4	1.0120785208252157
\\ Jobs in machine 6
11
J54	14	7	10	4	1.1633645489139623
J55	15	3	19	6	0.9331325008107343
J56	15	9	75	14	1.344045884784115
J57	16	3	39	9	1.5737598014674812
J58	15	14	3	5	0.5657632745717174
J59	14	1	41	9	1.2167116462838232
J60	15	5	82	9	1.3414851952803515
J61	16	13	64	8	1.1863152531966805
J62	14	1	73	13	1.2974632002486284
J63	15	5	36	13	1.2376366442881268
J64	14	7	105	5	1.6274973551870373
\\ Dependencies 
34
2	7
5	9
7	9
11	12
12	18
15	16
15	17
18	19
20	30
20	31
21	29
24	29
27	28
28	29
33	37
33	38
33	39
33	42
34	35
34	38
34	39
36	40
37	42
39	41
43	52
45	52
47	49
47	52
47	53
54	56
56	63
57	64
58	64
60	62
