\\ machines
18
\\ max power
180
\\ Jobs in machine 1
11
J1	14	13	34	82	1.8675241933351296
J2	13	6	75	81	1.4115877314966963
J3	16	10	59	36	0.3675379683848623
J4	14	3	41	93	1.2606027805649787
J5	15	14	5	98	1.1609902163026515
J6	16	1	32	34	0.8253182170322126
J7	14	14	37	11	1.3444498877248698
J8	13	11	87	11	1.0720126106943333
J9	13	2	108	4	2.0236021207518076
J10	13	5	51	21	0.8327336108321668
J11	16	9	25	69	1.2787658828195445
\\ Jobs in machine 2
11
J12	16	8	76	112	0.9926455512132282
J13	15	9	79	43	0.4012935240840062
J14	14	10	61	18	0.45773293666422477
J15	16	13	60	62	1.3199665441295279
J16	14	9	10	120	2.2102575679248853
J17	15	4	73	127	1.1694019772157302
J18	14	1	34	77	0.6733908696579046
J19	13	1	74	69	1.1364422152822922
J20	14	10	76	16	0.4688416739793042
J21	15	8	6	119	0.8412817014225162
J22	16	8	79	110	1.7051121303500039
\\ Jobs in machine 3
10
J23	15	6	93	42	0.9035913831684242
J24	15	11	105	38	0.4710773766519769
J25	15	13	75	109	0.9696671003982378
J26	16	11	10	65	1.066289642898041
J27	12	2	98	121	0.7865365476309611
J28	15	7	104	47	1.7211862480686146
J29	15	10	2	31	0.6519898454775419
J30	15	13	103	119	0.21860712989171938
J31	15	8	96	103	1.0649460984569121
J32	15	4	50	128	1.2448807142695062
\\ Jobs in machine 4
12
J33	16	11	28	19	1.419238619268797
J34	15	13	68	125	0.5966079070865284
J35	14	11	57	133	2.329889525747838
J36	14	11	55	134	1.3844109544986587
J37	15	5	22	85	1.3338668407020586
J38	16	3	53	21	0.9062748118831081
J39	16	1	96	21	0.7124978969357094
J40	16	10	78	76	1.27875091233359
J41	16	13	69	111	1.6609066034781677
J42	16	14	18	104	0.8615740790366346
J43	14	10	97	27	1.2719232723571847
J44	14	3	29	112	0.9267046067555984
\\ Jobs in machine 5
12
J45	14	1	29	115	1.3134052688978883
J46	13	14	67	17	0.7519942985231192
J47	15	4	6	31	1.0551821418730138
J48	14	10	13	40	0.6346861232033004
J49	17	6	89	34	0.9358461691610259
J50	17	4	9	104	0.7290941880786177
J51	12	7	83	111	1.7127717458200618
J52	15	10	67	78	0.9540363882240126
J53	15	7	108	68	0.7973723678616055
J54	14	13	7	114	1.2327758441790708
J55	12	14	35	43	1.2113626724117033
J56	16	2	35	88	0.18112573928622377
\\ Jobs in machine 6
10
J57	14	9	34	9	0.3070884509300652
J58	12	1	108	47	1.628458685347782
J59	15	14	35	121	0.9189585300486672
J60	14	4	39	109	2.102763558740297
J61	16	11	55	77	1.3609276239954928
J62	16	14	84	79	1.447974854708287
J63	15	12	61	109	1.9765886431924404
J64	13	13	84	76	0.6459170788524765
J65	15	9	41	121	1.6654250705913805
J66	14	14	94	53	1.2002646863275908
\\ Jobs in machine 7
12
J67	16	1	81	71	1.5096176251127331
J68	13	1	26	72	0.4934386892500293
J69	12	5	13	59	0.7429789100824773
J70	16	2	4	133	1.0994827286639761
J71	14	5	10	108	1.5980609680489912
J72	14	7	37	111	1.1050589862539817
J73	15	9	92	69	1.2582966944355092
J74	14	2	14	69	0.6430120510826334
J75	13	1	87	55	1.4745139303295116
J76	15	10	11	134	2.034976641148512
J77	14	2	70	95	0.8528375536495079
J78	14	8	63	104	2.40832235310124
\\ Jobs in machine 8
11
J79	14	12	57	31	1.0377370880838335
J80	15	2	21	58	1.1833758979184756
J81	17	1	98	95	1.5191369780533783
J82	15	8	102	52	0.4345714980299432
J83	14	13	12	23	1.248201802260647
J84	15	8	14	13	0.6539649766780783
J85	16	4	73	76	0.44589939378035603
J86	14	13	41	46	0.9561293077297683
J87	16	12	11	82	1.6370371289526577
J88	14	13	110	67	0.46020766447598827
J89	13	7	36	135	0.67270271713459
\\ Jobs in machine 9
12
J90	14	12	57	73	1.2959959470387024
J91	15	5	22	1	1.7348620668393804
J92	14	6	96	26	0.9976427523913072
J93	15	6	94	131	0.599811485271914
J94	14	13	36	58	1.0961307469410435
J95	14	8	5	83	1.9230001963939531
J96	13	13	11	102	1.2340157980461153
J97	15	10	2	96	0.8561609781324113
J98	15	10	35	104	1.1372105430141959
J99	15	14	13	74	1.2094525344606195
J100	17	7	44	123	1.146507436465608
J101	15	10	102	35	1.081584538279555
\\ Jobs in machine 10
11
J102	12	6	24	71	1.0110660513470016
J103	16	13	34	11	1.334034107402255
J104	15	2	52	122	1.726946856915883
J105	16	9	11	31	0.7671674400067352
J106	13	2	106	112	1.5383726358108412
J107	14	9	75	3	1.0700108420700998
J108	14	12	29	23	1.296308765874703
J109	15	8	33	37	0.965907360534019
J110	15	5	57	21	0.7770182339667001
J111	14	13	88	117	0.39879470424723107
J112	16	5	35	86	0.94358380223288
\\ Jobs in machine 11
11
J113	14	8	85	106	0.8837088676309793
J114	15	5	95	16	1.8184955686944233
J115	14	10	108	101	0.582169077142214
J116	13	7	57	118	1.2700818805403007
J117	16	9	94	102	0.1
J118	14	12	104	48	1.185027004200633
J119	15	7	89	10	1.083677857821866
J120	15	12	3	52	1.3626776664498064
J121	15	14	52	111	1.4283838043459784
J122	15	9	26	76	1.0178338975987828
J123	17	8	102	79	0.9792601311302238
\\ Jobs in machine 12
13
J124	14	6	37	17	1.0125895703254961
J125	15	11	63	33	1.6832582993328122
J126	14	3	81	89	1.2143233421339656
J127	15	12	7	77	0.8553112875107294
J128	14	6	35	37	1.0746632097735416
J129	14	7	30	36	1.0966023685258008
J130	16	8	13	64	1.1350862095621002
J131	15	10	105	67	1.2116949326073911
J132	16	2	48	101	1.2158081025544145
J133	14	4	57	71	1.3529306953092513
J134	14	3	52	35	0.7372812991665665
J135	13	1	22	82	1.1506700467670417
J136	15	14	26	37	1.2524752455122017
\\ Jobs in machine 13
12
J137	13	7	36	4	0.25151636732472193
J138	14	5	5	17	1.6486593881032272
J139	15	1	51	34	1.25095079670824
J140	14	13	95	112	1.0152866242522518
J141	15	14	80	78	1.1701876834833649
J142	15	9	102	124	1.5125197796186547
J143	15	11	106	64	2.2050124509619056
J144	15	6	107	15	1.3737725748492229
J145	13	8	44	101	0.7500753231182417
J146	16	7	45	71	0.8128639941034621
J147	15	12	109	21	1.7037552896935932
J148	15	2	42	131	1.0905682032686292
\\ Jobs in machine 14
10
J149	15	10	106	134	2.2193595581726977
J150	15	3	52	74	1.425386950012646
J151	16	12	15	125	0.717545181266767
J152	16	14	89	17	0.5781045071629743
J153	15	5	37	116	1.4240477560094011
J154	15	7	101	33	1.9038555688419425
J155	14	2	12	98	1.5219867634559001
J156	15	13	2	50	1.2719126926238642
J157	15	10	46	16	0.9609110446493072
J158	14	12	19	35	1.026378794370412
\\ Jobs in machine 15
10
J159	15	5	80	22	1.4248417050391977
J160	15	7	19	6	0.7432683743696398
J161	15	14	41	96	1.6503065234761076
J162	15	2	26	135	1.9690784617006034
J163	13	8	48	15	2.2542632009460357
J164	14	9	6	59	0.5906994818977199
J165	15	5	107	40	1.7798937823368288
J166	12	13	4	66	1.308710498335066
J167	15	7	19	2	1.2704942705021107
J168	15	2	3	114	1.599048097985893
\\ Jobs in machine 16
12
J169	13	3	46	6	1.1200766476540676
J170	16	9	78	109	1.4686461639332111
J171	14	1	87	11	0.8379966499623375
J172	15	2	57	56	1.0509287207931277
J173	14	11	84	91	2.0911529660722357
J174	14	9	15	119	1.0673396316174881
J175	15	3	49	95	2.6316815216435874
J176	13	12	50	108	0.7962556885422798
J177	14	11	89	48	0.5357569953174638
J178	14	6	52	16	1.7107304811681656
J179	14	13	73	75	1.7843124664531134
J180	13	3	30	53	1.6872676271814717
\\ Jobs in machine 17
11
J181	15	11	23	56	1.4554986552328435
J182	14	6	101	48	0.8322192883800357
J183	15	12	76	54	1.4489596541903818
J184	15	3	20	15	0.7754896000842355
J185	14	1	58	101	0.7035473124407319
J186	15	14	80	22	0.6872758368866448
J187	16	11	109	120	2.2680285974102943
J188	15	1	36	76	1.3003244070197977
J189	16	12	21	6	0.8813618021130025
J190	15	6	9	51	0.7296941220750637
J191	16	7	83	3	0.3924904037576422
\\ Jobs in machine 18
13
J192	15	3	86	69	1.2845677787919116
J193	16	4	66	58	0.8232491734928178
J194	14	1	17	118	1.4696086644834054
J195	15	12	49	61	1.241319849843799
J196	15	14	17	37	0.8511746119874473
J197	15	9	13	127	1.038397708918737
J198	15	11	42	4	1.4433845929788192
J199	13	4	94	92	0.44952192005761027
J200	14	5	64	15	0.8134369805505721
J201	14	4	31	101	1.1068424081471633
J202	14	14	32	131	1.126480298747307
J203	15	2	45	135	2.148830759941883
J204	15	7	39	56	1.815932179577025
\\ Dependencies 
412
1	2
1	3
1	4
1	8
1	9
2	11
3	4
3	5
5	9
6	7
6	9
6	11
7	10
7	11
8	10
9	10
9	11
10	11
12	13
12	16
13	16
13	17
14	15
14	18
14	20
14	21
15	17
15	20
15	21
16	17
16	18
16	19
16	21
17	20
18	21
19	20
20	22
23	25
23	29
23	30
23	31
23	32
24	25
24	26
24	27
24	28
24	29
24	31
24	32
25	27
26	27
26	31
27	29
27	32
28	30
28	32
33	34
33	35
33	39
33	44
34	37
34	40
34	41
34	42
34	43
35	37
35	42
35	44
36	37
36	38
36	43
37	38
37	39
37	41
37	43
38	40
38	41
38	44
39	40
39	41
39	42
40	42
41	42
41	43
42	43
45	49
45	54
46	48
46	55
46	56
47	48
47	54
48	50
48	52
48	56
49	51
49	54
49	55
50	51
50	54
51	54
51	55
52	56
57	59
57	60
57	63
57	64
57	65
58	59
58	63
59	60
59	62
59	63
59	64
59	65
59	66
60	65
61	64
61	66
62	65
63	64
63	65
63	66
64	65
67	68
67	69
67	71
67	73
67	78
68	70
68	71
68	73
68	75
68	78
69	72
69	73
69	75
69	76
70	72
70	74
70	76
70	78
71	72
71	77
71	78
72	73
72	75
72	76
74	75
74	77
75	76
75	78
76	78
77	78
79	80
79	83
79	86
79	87
80	81
80	83
80	84
80	88
81	83
81	84
81	85
81	86
81	87
82	85
83	84
83	86
84	85
84	86
84	89
85	88
85	89
86	87
87	89
88	89
90	91
90	92
90	94
90	95
90	97
90	98
90	100
91	94
91	97
91	98
91	100
91	101
92	93
92	95
92	99
92	101
94	99
94	100
95	97
95	98
96	99
96	100
97	100
98	101
99	101
100	101
102	103
102	106
102	112
103	104
103	105
103	108
103	109
103	112
104	105
104	107
104	109
104	111
105	106
105	111
106	112
107	108
107	109
107	111
108	109
108	111
108	112
109	110
109	111
109	112
111	112
113	114
113	115
114	115
114	121
115	116
115	122
116	118
117	120
117	121
118	121
118	123
119	120
120	122
124	125
124	128
124	130
124	132
124	134
124	135
125	126
125	130
125	134
126	128
126	134
126	136
127	129
127	130
127	132
127	134
127	136
128	130
128	131
128	132
128	133
129	132
129	133
130	132
130	133
130	134
130	136
131	134
132	133
134	135
137	143
137	144
137	145
137	146
138	140
138	145
138	146
139	144
139	145
139	146
139	147
140	141
140	148
141	146
141	147
141	148
142	144
142	145
142	146
142	147
143	144
144	145
146	148
149	156
149	158
150	153
150	154
150	155
150	157
151	153
151	155
151	156
151	157
151	158
152	154
152	155
152	156
153	155
153	156
153	158
155	157
159	161
159	164
159	165
159	166
159	168
161	163
161	164
161	165
161	166
161	168
162	163
162	164
163	166
164	165
164	166
165	166
166	167
166	168
169	171
169	172
169	174
169	177
169	178
169	179
169	180
170	172
170	176
170	177
170	180
171	175
171	178
171	179
172	173
172	174
172	176
173	174
173	176
173	179
174	176
174	178
175	179
175	180
176	177
176	178
177	178
179	180
181	182
181	184
181	186
181	187
181	188
182	184
182	189
182	190
182	191
183	184
183	185
183	188
183	190
184	185
184	189
184	190
185	187
185	191
186	188
186	190
189	191
192	194
192	195
192	202
193	196
193	197
193	198
193	199
193	200
193	202
194	196
194	201
194	204
195	197
195	198
195	199
195	201
195	204
196	199
196	202
196	203
197	199
197	200
197	202
198	200
199	201
200	201
200	202
200	203
200	204
201	202
201	204
203	204
