\\ machines
12
\\ max power
120
\\ Jobs in machine 1
10
J1	15	2	43	40	1.488273482218953
J2	14	7	60	71	1.6420915513529613
J3	16	12	58	72	2.053342655384884
J4	15	11	54	14	0.8529992634694789
J5	14	9	98	58	1.0795587568516054
J6	15	4	6	60	1.121124269757628
J7	11	8	59	37	1.2239270168011436
J8	14	9	98	20	0.7891008509123612
J9	15	1	96	59	0.5056286676107269
J10	15	14	29	26	1.6070333987583438
\\ Jobs in machine 2
9
J11	14	9	63	26	1.2072161734757723
J12	14	10	23	15	1.3803739973825044
J13	14	8	82	15	1.237611896348844
J14	15	6	23	74	1.4049965085805518
J15	14	1	15	68	1.0033918144463096
J16	14	3	5	41	0.4339113126838482
J17	15	11	95	39	1.4080484132532889
J18	15	3	37	15	1.1613390442475922
J19	14	4	3	72	1.5681570806311411
\\ Jobs in machine 3
12
J20	14	9	108	4	0.6443870502438228
J21	13	12	36	24	1.6103270164404022
J22	15	13	65	33	1.455094031597117
J23	16	14	50	84	1.102853494849284
J24	14	14	77	67	1.4910381203817045
J25	15	6	104	20	0.6462444396262061
J26	15	14	45	78	2.274927586673935
J27	15	13	67	5	0.7240394660837914
J28	14	10	28	56	2.3492607380398005
J29	15	6	39	32	0.16875322015412397
J30	15	11	9	59	0.49934031390407485
J31	13	10	34	20	0.6334315635802666
\\ Jobs in machine 4
12
J32	15	1	8	9	0.25077072848904725
J33	13	12	17	48	0.3526671454852035
J34	15	3	84	70	0.7676952929211391
J35	15	7	100	67	1.301920793068712
J36	14	1	6	45	1.0963390883126674
J37	16	6	97	24	1.402191748395019
J38	15	8	8	41	0.8168519036156396
J39	17	10	77	1	1.0957268970924727
J40	16	11	45	64	0.8629355319935628
J41	15	2	4	88	0.9929348416172628
J42	14	5	20	66	0.6316549999970849
J43	14	6	19	19	0.8075844939929981
\\ Jobs in machine 5
11
J44	14	12	67	1	0.3239858963434884
J45	16	9	20	47	0.570434556678035
J46	14	5	65	74	1.1366974587607015
J47	14	5	91	32	1.3470496253012405
J48	13	5	75	87	1.3919144354841473
J49	13	12	72	51	1.007155155209707
J50	15	3	52	29	1.1513639443593517
J51	15	8	52	27	1.4046796364274716
J52	16	10	13	34	0.4685926668970527
J53	15	2	50	74	1.5540619766387707
J54	15	5	81	74	1.169560222679316
\\ Jobs in machine 6
11
J55	15	12	89	77	1.2233029184604547
J56	14	7	45	17	1.1607736185275082
J57	15	13	102	72	1.5219483029196614
J58	14	6	91	47	1.706815128653945
J59	15	3	66	86	1.9815661350665406
J60	14	7	14	16	1.4585891197906988
J61	15	5	87	27	1.0358628718209608
J62	13	14	107	90	1.5122890597792848
J63	15	3	76	71	1.8378045097010582
J64	14	1	16	58	1.079459046816725
J65	14	12	76	65	1.0033052820936204
\\ Jobs in machine 7
11
J66	14	10	24	57	1.1267615371077766
J67	14	10	85	70	2.0842064144910006
J68	15	13	75	86	0.8724827452708552
J69	14	13	44	10	1.5868148822688415
J70	13	5	95	33	0.8292662826600599
J71	15	7	63	28	1.6419598812877636
J72	14	4	64	37	1.1532649646170428
J73	14	3	13	73	1.1212368598648856
J74	15	2	7	79	1.840088966570029
J75	15	7	46	20	1.4992502725899852
J76	15	11	13	26	1.3255814442523663
\\ Jobs in machine 8
12
J77	14	2	95	86	1.3946742025666998
J78	14	8	103	42	1.2342180406686796
J79	15	12	89	53	1.48088001057108
J80	14	8	19	11	0.45521440234924326
J81	15	10	36	45	1.158808378846513
J82	14	3	98	70	1.288593197455535
J83	13	14	77	80	1.5890964057105221
J84	15	12	34	46	1.736288104360628
J85	13	14	58	69	1.8284123227592441
J86	15	5	46	48	0.8559609713273568
J87	15	4	78	27	0.8168258493974656
J88	17	8	18	16	1.1293620117203322
\\ Jobs in machine 9
9
J89	14	2	48	70	1.4752605711892663
J90	15	3	26	79	0.6543506381219228
J91	14	6	9	52	0.6119305868360521
J92	16	1	17	90	1.0140794195708513
J93	15	1	12	89	1.0852172947008065
J94	15	14	59	24	1.518630559665109
J95	14	8	56	12	1.7847946256875646
J96	14	11	100	70	0.6587734233084044
J97	15	1	76	32	1.3104440804759196
\\ Jobs in machine 10
12
J98	16	10	34	76	0.8963644106605222
J99	16	14	105	18	0.8625196621267084
J100	15	11	55	24	0.6698744194480629
J101	13	1	78	54	1.6332744988972698
J102	16	8	90	23	1.95721225819958
J103	16	6	19	56	0.7349542887479324
J104	15	5	105	55	1.361060050754215
J105	13	5	23	84	0.9163177957174207
J106	14	14	52	52	1.0800459980314274
J107	13	2	25	6	2.0469999489068273
J108	16	3	84	5	1.474875687200804
J109	15	14	107	83	0.5230179579918536
\\ Jobs in machine 11
10
J110	14	3	100	84	1.8523629144511204
J111	15	11	21	26	1.355731415015265
J112	13	3	19	57	0.8297953368661297
J113	16	2	96	60	0.7376984324149363
J114	14	12	11	80	0.773370664476381
J115	16	7	76	72	0.6856654138359836
J116	15	12	17	70	1.6969354162376655
J117	15	2	79	31	1.0740237697682493
J118	13	7	69	65	1.0643745200937655
J119	13	14	30	23	1.9197643471986265
\\ Jobs in machine 12
11
J120	14	2	26	24	0.8743114103789336
J121	13	11	20	37	1.3290931641615016
J122	14	6	99	84	1.5451871671927855
J123	15	1	59	87	1.1288942790164687
J124	14	13	70	21	1.7384283387723363
J125	14	11	54	53	1.5754160369891101
J126	12	14	71	65	1.6987816051204732
J127	16	11	49	70	1.6141055257425951
J128	15	3	49	83	0.861329562994178
J129	14	5	30	8	0.9035464822451473
J130	13	2	49	3	2.4068060036820285
\\ Dependencies 
43
2	10
4	6
12	14
13	17
13	19
14	18
22	24
22	25
22	26
22	27
25	30
26	31
34	35
34	38
35	40
36	39
48	53
50	54
52	54
67	68
67	75
68	74
72	74
78	86
79	82
81	84
82	84
90	94
91	94
91	95
91	96
98	102
98	107
101	106
101	108
102	104
105	106
105	108
105	109
121	129
123	128
127	129
129	130
