\\ machines
8
\\ max power
80
\\ Jobs in machine 1
13
J1	12	6	57	14	1.3106964239823173
J2	14	5	95	4	1.5047824722445453
J3	13	2	95	20	0.9690641715473676
J4	15	14	4	7	1.512217462286856
J5	14	3	81	8	1.6462276898594395
J6	12	4	97	23	1.0784364246180957
J7	15	14	28	24	1.1474868057477854
J8	14	8	4	32	1.1735981935200896
J9	16	2	68	28	1.3579586544146132
J10	14	12	87	27	1.2974908985545703
J11	14	10	46	13	1.9404654088320692
J12	17	5	105	25	0.20139770308818816
J13	14	8	83	35	1.7254629280957885
\\ Jobs in machine 2
10
J14	13	3	78	23	0.8438992158873018
J15	17	5	60	40	1.8449815310869866
J16	14	5	21	1	0.8743420025955615
J17	15	11	82	36	0.7320678240181081
J18	14	6	78	3	1.0287675688378533
J19	14	7	95	11	1.3955926231277498
J20	14	9	50	2	1.2855802596095318
J21	16	5	90	25	0.9813896376334033
J22	15	12	57	11	0.8861383896334334
J23	15	7	101	10	0.8659256463057647
\\ Jobs in machine 3
12
J24	14	6	89	19	0.8109206042390553
J25	15	4	67	40	1.2023232430090227
J26	15	1	51	24	1.605132437237529
J27	15	2	38	21	1.118489094631236
J28	14	10	74	38	1.3151810253477296
J29	13	12	46	37	1.7557838730721265
J30	17	8	109	26	1.874684504565347
J31	16	6	77	32	1.9185437490088835
J32	14	5	72	8	0.7085350629893192
J33	15	5	46	2	1.3408832811439209
J34	15	11	73	22	1.6688596220969587
J35	15	1	95	14	1.1890307013052235
\\ Jobs in machine 4
11
J36	14	7	59	5	1.2715612081605487
J37	15	1	34	24	0.7167405591856073
J38	14	4	44	11	1.1083245250049838
J39	12	12	6	28	1.4640306515852584
J40	15	9	27	10	1.6147100733638167
J41	15	14	102	38	2.077616552671154
J42	14	7	39	12	0.9123260619034148
J43	14	5	99	31	2.586316226457611
J44	15	13	103	32	1.3517297915495425
J45	16	6	101	32	1.5240713724298873
J46	14	7	20	23	1.4543314455586132
\\ Jobs in machine 5
10
J47	15	11	96	17	1.5670873118724815
J48	16	9	41	20	0.5449939657479091
J49	16	11	87	21	0.1
J50	15	14	16	1	1.5752032621708718
J51	15	1	30	23	1.5621973608916209
J52	16	5	52	36	0.8406791393159221
J53	14	7	67	24	1.3162250118588699
J54	14	5	36	36	1.1019845199254097
J55	13	11	41	2	0.7398719647012533
J56	14	2	94	31	0.32025336548701133
\\ Jobs in machine 6
11
J57	16	3	102	21	0.8177158059605832
J58	14	1	12	8	1.163738043485235
J59	15	3	41	3	0.43249153649680805
J60	16	12	107	22	0.8764187171090275
J61	13	14	71	2	1.5607953168274555
J62	15	3	96	39	0.9172108053718123
J63	13	7	56	5	2.0801784580569875
J64	15	13	80	14	1.7839077891028858
J65	15	9	79	38	1.5805272124279222
J66	13	5	10	11	1.3043834677838335
J67	15	6	98	6	1.5384510668383007
\\ Jobs in machine 7
9
J68	15	7	38	12	1.443766784436596
J69	16	14	36	6	1.8323762796271736
J70	14	2	18	23	0.7930883034566018
J71	13	14	2	15	0.978496324075654
J72	16	4	101	34	2.303618784345513
J73	14	2	10	5	0.9305160984796504
J74	14	1	110	23	1.0606019473311272
J75	14	4	32	20	1.5120137572827852
J76	15	12	102	8	1.0281884367119334
\\ Jobs in machine 8
11
J77	15	9	17	29	1.3502103227594704
J78	15	5	84	14	1.350161425674887
J79	15	14	70	24	1.6881279757374825
J80	13	7	44	31	1.4359491944173095
J81	15	6	58	36	1.3081281717200632
J82	17	3	27	6	0.9330478604324086
J83	15	9	11	14	1.023811590209509
J84	14	14	86	7	1.2261434958675415
J85	14	3	103	37	1.9770701854277828
J86	12	8	101	22	1.5574120768925792
J87	16	2	104	19	1.6301891845538312
\\ Dependencies 
43
1	5
2	5
3	5
4	7
6	9
7	10
7	12
9	13
10	13
15	17
15	21
16	23
17	18
19	23
21	22
25	32
27	35
28	31
39	41
40	45
48	49
49	50
49	52
51	53
52	56
57	61
58	60
58	65
61	67
62	67
65	67
68	75
69	70
70	71
70	76
78	81
79	81
80	81
82	84
83	85
83	87
85	87
86	87
