\\ machines
6
\\ max power
60
\\ Jobs in machine 1
13
J1	14	12	96	1	1.1173134362509232
J2	11	1	8	9	1.2792848953080285
J3	15	6	95	15	1.2482438096274802
J4	14	13	33	10	1.8460712398794556
J5	15	13	14	9	1.5400435574640554
J6	16	7	16	13	1.2508061673728648
J7	15	8	50	8	1.9919846625196502
J8	14	12	7	6	1.4580769460600005
J9	14	3	2	2	1.5760616424610998
J10	14	14	10	7	1.0496152935235314
J11	14	14	93	12	0.9840679971433013
J12	14	2	98	10	0.8302004873041662
J13	15	14	38	5	0.23602254640308928
\\ Jobs in machine 2
10
J14	15	7	38	6	1.9719230812942719
J15	15	8	29	8	1.3556628998156506
J16	15	11	37	4	1.167488758995071
J17	14	11	110	7	1.318956306481984
J18	15	7	87	8	1.2008706665283277
J19	14	13	94	15	1.2848107755017448
J20	14	3	98	2	1.5689771529524505
J21	14	1	37	10	1.3875431090047456
J22	15	4	27	7	1.391968129838389
J23	14	13	106	9	1.1495396274658347
\\ Jobs in machine 3
11
J24	15	14	17	3	0.6012341918692553
J25	14	12	45	15	1.7834982094443368
J26	16	12	96	15	1.3870778165689557
J27	14	11	57	1	1.6657303542961053
J28	15	12	20	7	0.1
J29	13	14	107	12	1.3199212288158262
J30	12	1	36	13	1.2702670983941882
J31	14	5	16	11	0.8004739821687785
J32	14	8	87	1	1.974386380245174
J33	12	6	7	5	1.5325734450828168
J34	14	9	62	13	0.9292517938393322
\\ Jobs in machine 4
11
J35	15	6	7	9	1.198915962794693
J36	14	4	9	14	1.2797710951980412
J37	15	14	75	10	0.21545292793283488
J38	15	9	106	4	0.7990729987404341
J39	14	1	2	1	1.340560351203363
J40	13	7	60	8	0.8554291194217348
J41	14	2	50	4	0.7424244714251264
J42	14	11	37	13	1.4085144639871405
J43	16	12	26	14	2.020031841956886
J44	14	2	30	13	1.051256512659889
J45	13	6	43	2	0.9387288295222951
\\ Jobs in machine 5
10
J46	14	1	84	4	1.0364424359307047
J47	15	12	31	15	0.8266867657576883
J48	16	12	20	15	1.333802465569557
J49	16	13	21	2	0.5207579559660571
J50	12	13	54	8	0.9090591203480998
J51	15	8	107	5	1.423648523601124
J52	16	2	94	12	1.1024217819295996
J53	15	13	58	6	1.204437641288504
J54	12	3	45	9	0.5743665844700148
J55	16	2	110	1	1.4999181559153496
\\ Jobs in machine 6
10
J56	16	6	67	8	1.4264915729222958
J57	14	4	62	1	0.9823313898703425
J58	14	11	84	7	1.951254575646983
J59	14	4	68	9	0.49404271076053785
J60	14	9	11	13	0.6219474125910236
J61	15	7	72	8	0.30768093150739395
J62	12	3	42	2	1.3016227323718412
J63	16	6	53	6	1.1736566267166533
J64	15	5	60	2	1.4945462762237494
J65	15	6	62	13	1.1530626255236573
\\ Dependencies 
289
1	2
1	4
1	5
1	6
1	7
1	8
1	9
1	10
1	11
1	12
1	13
2	3
2	4
2	5
2	7
2	8
2	9
2	10
2	11
2	12
3	4
3	6
3	7
3	8
3	9
3	10
3	11
3	12
3	13
4	5
4	6
4	7
4	8
4	9
4	10
4	11
4	12
4	13
5	6
5	7
5	8
5	9
5	10
5	11
5	13
6	7
6	8
6	9
6	10
6	12
6	13
7	8
7	9
7	10
7	11
7	12
7	13
8	9
8	10
8	11
8	13
9	10
9	12
9	13
10	11
10	12
10	13
11	12
11	13
12	13
14	15
14	16
14	17
14	19
14	21
14	22
14	23
15	16
15	17
15	18
15	19
15	20
15	21
15	22
15	23
16	17
16	20
16	21
16	22
16	23
17	18
17	19
17	20
17	21
17	22
17	23
18	19
18	20
18	21
18	22
18	23
19	20
19	21
19	22
19	23
20	21
20	23
21	22
21	23
22	23
24	25
24	26
24	28
24	30
24	31
24	32
24	33
25	27
25	29
25	30
25	31
25	32
25	33
25	34
26	27
26	28
26	29
26	30
26	31
26	32
26	33
26	34
27	28
27	29
27	30
27	31
27	32
27	33
27	34
28	31
28	32
28	33
28	34
29	30
29	31
29	33
30	31
30	32
30	33
30	34
31	32
31	33
31	34
32	33
32	34
33	34
35	36
35	37
35	38
35	40
35	41
35	42
35	43
35	44
35	45
36	37
36	38
36	39
36	40
36	41
36	42
36	43
36	44
36	45
37	38
37	39
37	40
37	41
37	42
37	43
37	44
38	39
38	40
38	41
38	43
38	44
39	40
39	41
39	42
39	43
39	44
39	45
40	41
40	43
40	44
40	45
41	43
41	44
41	45
42	43
42	44
42	45
43	44
43	45
44	45
46	47
46	48
46	50
46	51
46	52
46	53
46	54
46	55
47	48
47	49
47	50
47	51
47	52
47	53
47	54
47	55
48	50
48	51
48	52
48	53
48	54
48	55
49	50
49	51
49	53
49	54
49	55
50	51
50	52
50	53
50	54
50	55
51	52
51	53
51	54
51	55
52	53
52	54
52	55
53	54
53	55
54	55
56	57
56	58
56	59
56	60
56	61
56	62
56	63
56	64
57	58
57	59
57	60
57	61
57	62
57	63
57	64
57	65
58	59
58	62
58	63
58	64
58	65
59	60
59	61
59	62
59	63
59	64
59	65
60	61
60	62
60	63
60	64
60	65
61	62
61	63
61	64
61	65
62	63
62	64
62	65
63	64
63	65
64	65
