\\ machines
5
\\ max power
50
\\ Jobs in machine 1
11
J1	15	10	43	11	1.0931301450395878
J2	14	8	21	7	1.5386780478251145
J3	13	7	56	9	1.5020682366295426
J4	15	3	35	1	1.209229285864358
J5	15	2	36	3	1.4900491342253863
J6	17	14	78	1	0.9706892781921366
J7	15	2	79	8	1.6418683422424314
J8	14	4	5	8	1.7390143162988703
J9	14	7	50	12	1.0316232117773556
J10	13	13	15	12	2.114431011494198
J11	14	9	39	1	0.8816895018852753
\\ Jobs in machine 2
11
J12	13	6	77	10	1.5452507538223634
J13	15	3	81	7	1.4804006112995092
J14	16	5	3	12	2.2544974150962447
J15	14	10	89	2	1.126993359684603
J16	14	5	81	7	1.6023524062615961
J17	14	10	44	12	0.7527015366296352
J18	14	6	60	12	0.6722381483529364
J19	15	7	63	12	0.45855495115038925
J20	15	10	21	7	1.8326233957981568
J21	15	9	65	2	0.1
J22	13	1	13	6	0.907127234322437
\\ Jobs in machine 3
11
J23	15	3	53	2	0.2696630329643135
J24	16	5	56	11	1.577608620982721
J25	15	11	48	13	1.2514719793896705
J26	14	14	24	6	1.6930710993594802
J27	15	9	74	8	1.2796034793559852
J28	14	13	13	12	0.569590020315848
J29	16	5	107	3	0.6846980647428081
J30	15	8	43	6	0.8465173668931032
J31	15	5	34	3	0.8289046367579409
J32	14	1	37	6	1.9701284942107453
J33	14	2	82	1	1.2342957644852472
\\ Jobs in machine 4
11
J34	14	12	108	3	1.450318212568992
J35	15	11	42	6	1.2483182897098013
J36	15	1	79	4	0.8412015209850711
J37	14	9	81	4	1.7647796970991623
J38	16	14	29	1	1.0627244880193325
J39	14	13	16	2	0.1
J40	14	7	46	3	2.593707920077837
J41	12	2	56	11	0.931413938061177
J42	14	12	59	2	1.258237336705493
J43	14	4	97	8	0.7844588186169281
J44	13	10	90	6	0.9873836044203435
\\ Jobs in machine 5
10
J45	15	4	32	9	1.6731902135358006
J46	15	2	98	8	1.79056885233958
J47	16	8	46	5	0.6095715182683173
J48	15	8	55	8	0.8096440760441012
J49	13	7	95	5	1.5410795994040383
J50	14	10	77	8	1.2017068187997535
J51	13	7	63	8	2.302363001719059
J52	16	2	40	6	0.841803601695055
J53	12	12	56	4	0.6609786806495889
J54	16	8	61	8	1.439759900107751
\\ Dependencies 
49
1	4
2	5
2	8
4	9
5	10
8	9
8	10
10	11
12	13
12	14
12	16
13	16
16	18
16	20
20	22
23	24
23	25
23	26
23	31
24	30
24	33
25	30
27	28
27	30
27	32
28	29
29	30
29	32
29	33
30	31
30	32
31	33
32	33
34	36
34	41
36	40
38	39
38	40
40	43
41	42
42	44
45	50
45	51
45	52
48	50
50	52
50	53
50	54
51	52
