\\ machines
12
\\ max power
120
\\ Jobs in machine 1
9
J1	14	8	8	15	2.051750371584801
J2	14	7	93	25	1.716814679555966
J3	13	1	19	5	1.7677777488269624
J4	15	7	70	6	1.394600685537587
J5	14	7	71	13	1.0032604191298131
J6	14	3	42	7	1.6481014007752917
J7	14	4	48	6	0.5404995674346152
J8	14	1	97	19	0.7377366998839081
J9	14	8	79	30	0.8061883246944541
\\ Jobs in machine 2
11
J10	13	1	57	21	0.6803823273949918
J11	15	6	106	20	2.4013910771974216
J12	15	11	73	7	0.6608589767129427
J13	15	1	10	21	1.1609280428726665
J14	14	1	56	4	0.8729182249132053
J15	14	6	62	25	1.5949793071544554
J16	15	14	42	13	1.5167333578501543
J17	15	10	60	18	1.482211453731625
J18	16	11	63	10	0.3407165661190138
J19	14	11	37	16	0.8580137047066629
J20	15	3	52	9	1.742812867435462
\\ Jobs in machine 3
12
J21	14	11	105	11	0.9152096707987397
J22	14	2	11	22	1.0676387582141662
J23	14	14	67	27	0.6709002729252376
J24	14	4	19	13	0.6314064001378332
J25	15	2	106	27	0.6013608068190387
J26	16	2	36	2	1.4686411936319326
J27	16	10	85	20	1.1663923811468284
J28	14	13	43	24	1.3439755123419599
J29	15	12	30	6	1.9060815957538861
J30	15	7	62	27	1.5638786267715645
J31	15	13	38	26	1.4425248244027742
J32	14	9	55	11	1.362777452870821
\\ Jobs in machine 4
11
J33	16	1	54	30	0.867872398780434
J34	14	14	90	8	1.4087584338059642
J35	14	9	56	11	0.7024104717427623
J36	16	12	49	11	1.5540564647410833
J37	14	9	22	2	1.8333738070466743
J38	17	3	71	14	0.9333273513010927
J39	14	12	67	27	1.0026233774186106
J40	14	7	76	27	0.8766837030424466
J41	14	3	31	8	0.9218086149378737
J42	13	12	42	24	1.210724968763075
J43	13	10	99	30	1.3566624564840528
\\ Jobs in machine 5
12
J44	15	7	18	25	0.8127859224580882
J45	14	14	11	6	2.0325966020034585
J46	14	14	2	8	1.5693960233201179
J47	14	3	11	27	0.823765424899102
J48	15	2	8	25	1.283558918737839
J49	16	14	50	14	1.5738241563544484
J50	16	5	96	3	1.5113363541830973
J51	14	10	4	26	0.5594751717542442
J52	15	3	48	29	1.2598415183483913
J53	16	14	47	27	1.03690826491103
J54	14	8	33	8	1.6534599039572444
J55	15	2	25	17	1.269178767670304
\\ Jobs in machine 6
11
J56	14	1	12	7	1.1109549104894252
J57	14	14	74	14	0.967203340188467
J58	14	9	79	28	1.78872643782415
J59	15	1	77	12	2.3820235593553907
J60	14	14	70	24	0.8502395543371515
J61	16	4	71	10	1.656076766374343
J62	13	2	43	24	1.6625788194359936
J63	15	10	24	27	1.3168786268639834
J64	15	12	107	25	1.7352389408134246
J65	14	9	68	27	0.893773769546785
J66	14	14	8	2	1.4494390236690204
\\ Jobs in machine 7
11
J67	15	13	52	9	0.9461588710629338
J68	15	14	96	22	1.4020535567732466
J69	16	2	15	2	2.1664144931051204
J70	14	4	39	9	2.152890464553721
J71	14	12	8	21	1.485830852861806
J72	14	1	53	10	1.4304196321465248
J73	15	13	63	6	1.5641049436992758
J74	16	14	84	10	0.8895788050855302
J75	16	3	101	3	0.9501452454243094
J76	14	3	90	24	0.3690741584473156
J77	14	4	105	17	0.8135997460852131
\\ Jobs in machine 8
11
J78	14	11	43	21	1.8495628277177585
J79	14	6	20	2	1.7994613715554433
J80	15	12	105	23	1.5461817838226133
J81	14	12	78	24	0.9916631617787126
J82	15	14	45	4	1.5156607160773348
J83	14	1	97	25	1.2392369719055512
J84	14	13	27	7	0.4738288383552637
J85	15	6	3	4	2.1455137907301145
J86	14	4	76	2	0.4981914405951279
J87	14	2	89	18	1.5562691648948985
J88	15	6	5	28	1.1720389740913129
\\ Jobs in machine 9
12
J89	13	11	105	29	1.246934884381407
J90	15	5	88	4	1.2066640576947354
J91	15	11	25	11	0.8851637225971316
J92	14	4	57	26	0.5391980898024875
J93	13	1	14	14	0.5262718252157698
J94	13	5	13	12	1.6456678931073327
J95	13	9	5	3	2.057292887996222
J96	14	10	36	9	1.4792463420337505
J97	13	1	100	5	1.7819392383694965
J98	16	13	100	10	1.5013327660751097
J99	15	10	36	24	0.8726891098017666
J100	14	1	57	17	1.1380689415478378
\\ Jobs in machine 10
13
J101	13	2	51	26	1.2794288058423975
J102	16	5	37	28	1.1653849692988372
J103	14	14	26	26	1.1261959045808692
J104	14	13	35	25	0.7428327382162939
J105	15	11	47	15	1.3322190747629277
J106	15	13	30	23	1.0764649497266234
J107	13	8	77	18	1.1413105240626151
J108	13	13	26	2	1.2133291252878782
J109	14	3	106	23	0.5475832048245933
J110	15	4	110	26	1.6031442753652385
J111	13	4	28	2	1.687300241904922
J112	14	2	27	9	1.9879757724231353
J113	15	2	23	27	0.9621499306677598
\\ Jobs in machine 11
8
J114	16	2	6	21	0.9013882713053831
J115	15	13	98	13	0.5095027791857212
J116	15	5	81	5	0.7496292512994164
J117	16	10	19	23	1.271296535558146
J118	15	10	93	28	1.5981818355623774
J119	15	9	54	7	0.8688308385616481
J120	14	11	104	20	0.534337117904776
J121	14	9	64	29	1.621447484791546
\\ Jobs in machine 12
11
J122	16	9	41	30	1.2828278262218014
J123	14	8	40	8	1.006461901267714
J124	17	13	58	28	0.4410549862132871
J125	14	2	104	6	1.0353392422245367
J126	13	14	2	6	0.8091829988439709
J127	14	7	91	2	1.2059668073095795
J128	14	13	71	6	1.231379475974801
J129	15	11	35	13	1.4947693028716516
J130	16	2	106	1	1.5453432022149132
J131	14	1	97	2	1.315873530167696
J132	15	12	57	23	1.4128156242185523
\\ Dependencies 
330
1	2
1	3
1	7
1	8
1	9
2	3
2	4
2	6
2	7
2	9
3	4
3	5
3	6
4	6
4	8
4	9
5	9
6	7
7	9
10	11
10	14
10	16
10	17
11	12
11	17
11	18
12	14
12	17
13	17
13	19
13	20
14	15
14	16
14	18
15	17
15	18
15	20
16	17
16	18
16	19
17	19
18	19
18	20
19	20
21	22
21	26
21	27
21	28
21	29
21	30
21	32
22	25
22	27
22	29
22	30
23	24
23	26
23	28
23	29
24	28
24	29
24	31
25	28
25	31
26	27
26	28
26	31
26	32
27	29
27	30
28	30
28	31
29	30
29	31
29	32
30	32
33	39
33	41
33	43
34	35
34	38
34	40
34	41
34	42
34	43
35	36
35	41
35	43
36	37
36	39
36	42
37	40
37	42
37	43
38	41
38	42
39	40
39	43
40	43
41	43
42	43
44	46
44	47
44	52
44	53
45	46
45	47
45	49
45	51
45	55
46	49
46	53
46	55
47	48
47	49
47	51
47	54
47	55
48	49
48	50
48	51
48	52
48	53
49	50
49	51
49	52
49	53
49	54
49	55
51	52
51	55
53	55
56	58
56	60
56	61
56	62
56	64
57	58
57	62
57	63
57	64
57	65
58	60
58	61
58	63
58	65
58	66
59	60
59	61
59	62
60	63
60	64
61	64
61	65
62	63
62	65
63	64
63	66
64	66
67	68
67	69
67	70
67	71
67	72
68	69
68	70
68	72
68	73
68	74
68	76
69	71
69	73
69	74
69	75
69	76
70	71
70	74
70	75
70	77
71	72
71	73
71	74
71	76
72	74
72	77
74	76
75	76
75	77
78	80
78	81
78	82
78	83
78	86
78	87
78	88
79	82
79	84
79	85
79	86
79	87
80	82
81	82
81	85
81	87
81	88
82	83
82	84
82	88
83	84
83	87
84	85
84	86
84	87
84	88
85	87
86	87
87	88
89	91
89	94
89	95
89	97
89	98
89	99
90	93
90	94
90	95
90	97
91	93
91	94
91	95
91	97
91	99
91	100
92	94
92	96
92	97
92	98
92	99
92	100
93	94
93	95
93	98
93	99
93	100
94	97
94	99
95	97
97	99
97	100
98	100
101	103
101	104
101	105
101	108
101	110
101	111
102	104
102	106
102	107
102	109
102	110
102	111
102	112
102	113
103	105
103	106
103	107
103	109
103	113
104	105
104	107
104	109
104	110
104	111
105	109
106	107
106	108
106	109
106	113
107	108
107	109
107	110
107	113
108	109
108	110
108	112
109	110
109	111
110	112
111	112
112	113
114	115
114	119
114	121
115	118
115	119
116	118
116	119
116	121
118	119
118	121
119	120
122	126
122	127
122	129
122	131
123	124
123	126
123	127
123	128
123	129
123	132
124	127
124	130
124	131
125	127
125	128
125	129
125	130
125	132
126	127
126	132
127	132
128	129
128	131
128	132
129	131
130	131
130	132
131	132
