\\ machines
12
\\ max power
120
\\ Jobs in machine 1
12
J1	13	6	104	26	2.308667225015256
J2	15	2	66	48	1.890533806429728
J3	13	11	44	35	0.5781168838068501
J4	15	7	26	26	1.0103403637840351
J5	15	11	66	52	1.1727915809202287
J6	15	2	49	7	1.2992720100590602
J7	15	12	68	25	1.0725405919722293
J8	13	6	41	8	1.3769159917584632
J9	14	2	64	30	0.9715717095587132
J10	15	6	110	42	1.2480339309181958
J11	14	14	8	21	1.6240258653014674
J12	13	5	97	3	1.2203581431955195
\\ Jobs in machine 2
11
J13	16	8	33	19	0.969566089261793
J14	15	4	72	47	1.125142490584693
J15	14	9	33	33	0.7295475927168704
J16	14	8	30	21	1.3333354752683402
J17	16	7	20	33	0.8628523124468719
J18	15	14	83	17	1.6752726355456442
J19	15	12	49	43	0.8022795644753976
J20	14	4	86	13	1.2661586249909547
J21	15	3	21	22	1.7036727941194325
J22	15	9	40	58	1.5473121040164926
J23	15	10	66	14	0.7224712411090333
\\ Jobs in machine 3
10
J24	15	9	62	32	1.0348683734545279
J25	14	4	90	7	0.9564798836118511
J26	13	13	74	15	1.172787693211344
J27	15	14	28	22	1.0086664645439523
J28	14	13	105	2	1.7089938254989123
J29	14	7	94	39	0.8633904511030689
J30	14	11	31	20	1.7240265025893176
J31	14	5	99	29	2.0790209487421354
J32	15	8	93	30	1.1928637521738459
J33	14	6	17	12	1.686522006526617
\\ Jobs in machine 4
12
J34	15	12	49	55	0.7253051922066838
J35	13	6	42	48	2.4087142727247546
J36	16	5	96	16	0.7329069387171046
J37	14	11	6	9	1.6332483918156144
J38	15	4	28	3	0.9481967413737495
J39	15	1	77	12	1.6300575474538472
J40	16	3	21	60	1.609888602040825
J41	15	3	88	44	2.058396477925851
J42	13	6	32	43	1.1250731447986657
J43	16	7	109	57	0.1
J44	14	10	17	47	0.23783094491541168
J45	13	11	70	41	1.4787020300993967
\\ Jobs in machine 5
12
J46	17	1	63	30	1.7131147188906306
J47	15	3	36	48	0.1
J48	14	13	2	1	0.9567196881885465
J49	13	10	41	39	1.6990176905405447
J50	14	7	54	59	1.6888270912710288
J51	13	7	110	35	1.311464063135738
J52	14	7	109	55	1.8303909487094336
J53	15	11	62	7	1.4408379174076449
J54	12	2	30	6	1.900457398840134
J55	15	11	37	60	0.872674200975198
J56	14	3	67	38	0.8827705521947216
J57	14	7	54	38	0.7319013023552543
\\ Jobs in machine 6
11
J58	15	12	52	38	1.4320906482416884
J59	14	1	64	54	1.637621290861285
J60	15	12	58	58	1.90645046376719
J61	14	9	16	8	0.9737000336737894
J62	13	11	11	12	1.6622475107062316
J63	14	2	32	11	1.0017767236388118
J64	15	12	49	54	0.32344345332115054
J65	16	9	60	37	1.6509442803382646
J66	14	4	95	18	1.2297815582101717
J67	15	9	31	59	1.4301679987698552
J68	15	14	36	44	1.6636313103826261
\\ Jobs in machine 7
11
J69	16	7	7	50	0.9076725418737375
J70	13	8	63	25	0.8148215142182218
J71	15	2	35	11	0.10324272413827118
J72	13	12	100	36	1.4345547126834512
J73	13	8	32	30	1.0974063499208464
J74	13	6	98	48	0.4840687007805786
J75	15	3	86	24	1.3088195466212604
J76	14	9	10	16	1.9856013892948905
J77	15	9	80	27	0.24146546244783895
J78	13	7	23	22	1.607674752860178
J79	13	2	36	5	0.6898378889083885
\\ Jobs in machine 8
10
J80	14	4	63	30	1.6526489883986757
J81	14	7	109	34	1.1645013780348556
J82	14	4	96	11	1.7621580463666995
J83	15	13	39	36	1.5833744067407252
J84	14	6	109	19	1.2652364250165007
J85	13	12	30	40	1.393503236761631
J86	17	10	74	57	1.5928010339916199
J87	15	12	106	35	0.7638842355422928
J88	14	1	69	38	1.1365568211722747
J89	14	10	49	38	1.1858438367613555
\\ Jobs in machine 9
10
J90	14	8	75	44	1.2199944431122918
J91	14	7	71	30	1.1701261651516632
J92	14	7	40	27	1.166328272149955
J93	15	11	74	47	1.947808825464627
J94	15	10	97	19	0.8039733292696685
J95	13	2	40	10	0.4543811287392504
J96	14	3	104	4	0.6905144794084995
J97	13	11	7	17	1.4808150339481136
J98	14	2	10	36	0.8219295901209376
J99	14	13	92	5	1.1732253096535974
\\ Jobs in machine 10
13
J100	15	4	58	23	1.2779270653682324
J101	14	2	107	40	1.0808935241252515
J102	15	11	33	55	2.094120107822861
J103	14	5	18	9	0.1
J104	15	12	32	8	1.146836026875221
J105	15	9	104	32	1.618956596860794
J106	14	2	79	29	1.228060717760671
J107	14	12	58	43	1.5137940946581612
J108	14	14	82	52	1.1579658842950975
J109	14	9	87	9	1.4638729864929458
J110	14	2	73	16	1.3217990715660821
J111	16	7	110	41	0.8969893238649361
J112	12	12	100	6	0.46587193058118215
\\ Jobs in machine 11
10
J113	14	7	103	32	1.252633362059445
J114	17	12	12	36	1.573750661600235
J115	15	5	12	43	1.6594568761162192
J116	16	7	51	22	0.5874485103675716
J117	14	2	17	22	1.3161714759459286
J118	13	9	101	17	0.35378861402334205
J119	15	10	92	21	1.9148014441535346
J120	15	14	98	36	1.129924343897324
J121	15	14	25	51	1.5929410333936687
J122	15	7	59	18	1.0032283503965278
\\ Jobs in machine 12
11
J123	15	14	110	58	0.9228772364969855
J124	13	13	8	31	1.3449889490925253
J125	16	6	103	36	1.154931577161068
J126	14	10	62	24	1.203149299903427
J127	13	8	48	41	0.7643167679544073
J128	14	7	6	20	1.1621161568932772
J129	15	10	52	30	0.7929723447901289
J130	15	11	46	38	2.2613902358607794
J131	15	11	62	38	1.0776918884640727
J132	13	2	52	54	1.5800855537610978
J133	14	2	56	5	0.7275224324677313
\\ Dependencies 
357
1	2
1	3
1	4
1	5
1	9
1	10
1	12
2	3
2	5
2	6
2	8
2	9
2	10
2	11
2	12
3	6
4	5
4	7
4	8
4	10
5	6
5	8
5	9
5	11
6	7
6	8
7	11
8	9
8	10
8	12
9	11
9	12
10	11
10	12
11	12
13	15
13	16
13	17
13	22
13	23
14	15
14	18
14	19
14	21
14	22
14	23
15	16
15	19
15	20
15	21
15	23
16	20
16	21
17	18
17	19
17	20
17	23
18	20
18	21
18	22
19	20
19	21
19	22
19	23
21	23
24	26
24	32
25	26
25	29
25	31
25	33
26	27
26	28
26	31
26	32
27	28
27	30
27	32
27	33
28	29
28	33
29	31
29	32
30	31
30	33
31	33
34	35
34	36
34	42
34	44
34	45
35	38
35	41
35	42
35	43
35	45
36	41
36	42
36	43
36	44
36	45
37	39
37	40
37	41
37	42
38	42
38	43
38	44
38	45
40	42
40	43
40	44
40	45
41	42
41	43
42	43
43	45
46	47
46	52
46	54
46	55
47	48
47	49
47	51
47	52
47	54
47	57
48	49
48	50
48	51
48	53
48	56
48	57
49	51
49	53
49	56
49	57
50	51
50	53
50	55
50	57
51	52
51	53
52	53
52	56
53	55
53	56
54	55
54	56
55	56
56	57
58	61
58	65
58	66
58	68
59	61
59	63
59	64
59	65
59	66
59	67
60	61
60	62
60	66
60	67
61	63
61	65
61	66
62	63
62	65
63	64
63	65
63	66
64	66
64	68
65	66
66	67
66	68
67	68
69	71
69	76
69	77
70	71
70	72
70	76
70	77
70	78
71	74
71	75
71	77
71	78
71	79
72	73
72	74
72	76
72	79
73	74
73	76
74	79
75	76
75	79
76	78
78	79
80	81
80	82
80	84
80	85
80	89
81	82
81	84
81	85
81	86
81	87
81	89
82	84
82	85
82	86
82	87
82	88
82	89
83	84
83	87
83	89
84	86
84	89
85	86
85	89
86	89
87	88
88	89
90	91
90	94
90	95
90	97
91	92
91	93
91	94
91	95
91	96
91	98
91	99
92	94
92	96
92	97
93	94
93	96
93	97
94	95
94	98
94	99
95	97
95	98
95	99
96	98
96	99
100	101
100	102
100	103
100	105
100	106
100	107
100	109
100	110
100	111
100	112
101	102
101	103
101	105
101	106
101	107
101	109
102	104
102	105
102	107
102	108
102	111
102	112
103	105
103	106
103	107
103	108
103	111
103	112
104	108
104	110
104	111
104	112
105	109
105	110
105	112
106	107
106	108
106	110
106	111
107	109
107	110
108	109
108	110
108	111
108	112
109	110
111	112
113	118
113	119
113	121
113	122
114	115
114	119
114	121
114	122
115	117
115	118
115	119
115	122
116	117
116	118
116	119
117	118
117	119
117	120
117	121
117	122
118	120
119	120
119	121
120	121
120	122
123	125
123	130
123	131
123	132
124	125
124	126
124	128
124	131
125	128
125	133
126	127
126	128
126	130
126	131
126	133
127	128
127	130
127	131
127	132
127	133
128	130
128	131
128	132
128	133
129	131
129	132
129	133
130	131
130	132
131	132
