\\ machines
10
\\ max power
100
\\ Jobs in machine 1
12
J1	16	9	7	38	1.5370374984484392
J2	17	11	75	23	0.1
J3	14	8	102	35	0.9902485220652948
J4	15	5	23	6	1.7739753201444493
J5	14	5	63	15	1.0424583744380245
J6	13	8	12	48	1.2348277765253917
J7	15	10	2	42	1.4001018059969341
J8	15	9	49	2	1.821258115949142
J9	15	3	70	34	2.130309490466236
J10	14	1	72	49	1.1148344779527926
J11	14	1	89	10	1.0626340430740502
J12	16	7	98	46	1.3160593497153739
\\ Jobs in machine 2
11
J13	15	14	108	2	1.5425790922994294
J14	14	10	93	34	0.8770382393849077
J15	15	13	52	25	1.2032045893460155
J16	15	12	6	48	1.3862905014157618
J17	16	10	30	46	2.16582677752716
J18	16	6	48	43	0.9578385414311877
J19	15	6	82	13	2.2222244324245404
J20	14	7	92	44	0.5050311061619924
J21	14	14	98	13	0.7003941501859825
J22	15	4	45	24	0.9935087365710039
J23	16	9	23	44	1.070698926552893
\\ Jobs in machine 3
11
J24	12	4	101	12	2.0364802490711598
J25	15	11	35	17	1.1248583955566869
J26	14	10	36	48	0.9774753460233554
J27	15	12	104	43	0.20361552213081602
J28	14	13	68	50	1.3573252201196389
J29	15	5	26	41	0.8699021108522975
J30	14	11	71	18	1.0145839842889868
J31	16	8	79	22	1.527928771007078
J32	13	14	29	34	1.542332586850931
J33	14	6	80	34	2.365838821463451
J34	15	3	58	25	1.3199053430768046
\\ Jobs in machine 4
9
J35	13	2	97	34	1.5353693070621435
J36	14	4	97	8	0.7792791165916586
J37	16	7	14	46	1.2697308192457664
J38	16	13	76	40	1.7972114877247674
J39	13	4	27	28	1.7209114251621496
J40	16	3	101	15	1.454607122800553
J41	14	14	3	46	1.4387431122352248
J42	14	12	55	19	1.550817350018378
J43	15	1	59	30	0.4476496759648807
\\ Jobs in machine 5
13
J44	16	9	58	35	1.6769917197370727
J45	14	3	90	2	1.285785740524305
J46	14	11	58	39	1.69955339871388
J47	13	12	5	41	0.8672438609359068
J48	14	11	67	20	2.0209420965025706
J49	14	14	104	36	0.8448764086860623
J50	16	12	16	10	1.3477290902297987
J51	15	2	3	31	1.102233908474769
J52	15	4	81	36	2.031512858354188
J53	15	10	27	19	1.495849965842788
J54	14	1	106	3	1.2059948000145901
J55	14	3	84	44	0.6258312963454333
J56	14	4	95	1	0.8539147698291039
\\ Jobs in machine 6
11
J57	14	12	8	25	0.8793199105866667
J58	15	11	82	11	1.056167752850897
J59	14	2	89	24	2.002013614914282
J60	15	8	30	7	1.375803530711435
J61	14	9	36	37	1.5618844869150457
J62	14	9	8	47	0.5029164736129176
J63	15	10	96	31	1.512337467799869
J64	15	9	61	24	0.8746034380211607
J65	13	5	51	43	1.1028891429973058
J66	14	13	84	19	1.0230220488807602
J67	13	8	61	23	1.1855160745488758
\\ Jobs in machine 7
10
J68	15	4	57	13	0.8101076899391098
J69	16	11	4	10	1.967305047221869
J70	15	11	33	21	0.8588590349078742
J71	14	14	9	1	1.10826096514031
J72	13	8	25	15	0.4299689077468922
J73	16	4	2	6	1.1903397468187216
J74	14	6	66	27	0.7428831145936143
J75	15	9	13	6	2.2271022651266428
J76	12	5	9	19	1.4401472216582276
J77	15	6	5	17	0.8347772650312966
\\ Jobs in machine 8
12
J78	13	4	71	46	0.9732865941052903
J79	14	6	6	31	2.3225352716312764
J80	13	2	36	40	0.970857186864654
J81	14	12	99	43	1.4796112087602038
J82	15	5	71	47	1.4690862942301026
J83	14	2	109	26	0.23817354010942393
J84	13	3	66	42	0.7199858122903132
J85	14	6	89	25	1.7287526717173796
J86	17	11	87	48	1.2196732612408754
J87	14	10	36	41	1.3814128531984637
J88	15	9	4	21	0.9575479058447978
J89	16	12	45	34	1.6001369991378633
\\ Jobs in machine 9
12
J90	15	12	42	25	1.0949824216751551
J91	14	12	16	10	1.3494133857908532
J92	14	3	28	21	0.7079848713021804
J93	13	10	3	20	1.9057267779504796
J94	14	7	73	6	1.5998182528665326
J95	14	3	71	24	1.0613684335958211
J96	14	11	28	26	0.887012986453974
J97	16	13	69	15	0.7399733365842542
J98	15	8	102	44	1.1949879836017827
J99	14	14	16	4	0.651626505086649
J100	16	4	76	45	1.6641833833410935
J101	15	4	17	45	0.4151904533954941
\\ Jobs in machine 10
10
J102	14	12	52	17	0.6826857733678708
J103	15	3	11	22	1.4259867886054203
J104	14	11	45	43	0.8265741583896451
J105	12	5	8	34	1.4464611215605845
J106	15	9	71	7	1.180717326178501
J107	16	5	42	2	1.3868594033265675
J108	16	10	4	49	0.8907704693375449
J109	14	5	8	18	1.058418652190582
J110	14	1	21	16	1.1505924273597485
J111	14	5	90	17	1.4188556818532285
\\ Dependencies 
121
1	6
1	9
2	3
2	7
2	8
2	11
2	12
3	8
3	12
4	6
7	9
7	10
7	12
8	12
13	15
13	16
13	22
14	15
14	16
15	17
15	19
16	21
16	22
18	20
18	22
20	23
24	27
24	29
24	31
25	26
25	27
25	28
25	29
25	30
25	31
26	29
26	31
26	33
27	28
27	29
29	31
30	31
33	34
35	39
35	42
36	38
36	39
36	42
37	39
38	40
40	41
44	47
44	48
44	50
45	54
45	55
45	56
46	53
48	56
49	54
52	55
53	55
53	56
54	56
57	58
57	60
57	61
57	63
57	64
58	60
58	64
59	65
60	63
60	67
61	67
63	66
64	65
68	70
68	72
68	75
68	77
69	72
70	75
72	77
73	75
74	76
78	88
78	89
79	80
80	88
81	82
81	88
82	85
83	86
83	87
85	87
86	87
87	89
88	89
90	97
91	95
92	96
92	98
92	99
92	100
93	95
93	101
95	100
96	101
98	99
98	101
102	104
102	107
102	109
103	104
103	106
104	107
104	108
105	110
106	110
108	110
