\\ machines
9
\\ max power
90
\\ Jobs in machine 1
12
J1	14	14	107	6	0.7573907313637431
J2	14	2	77	11	2.147765761647201
J3	13	13	24	18	0.9209438919241935
J4	15	13	58	2	2.24934660077163
J5	15	6	24	13	1.938210897962025
J6	14	13	47	22	0.9323341791233627
J7	14	4	9	19	0.1
J8	14	6	24	9	1.7101105005900261
J9	12	6	24	2	1.1707198457692087
J10	16	8	9	17	1.4009330682519692
J11	15	6	106	10	1.6266786086430083
J12	16	1	75	15	1.5372677603931098
\\ Jobs in machine 2
11
J13	14	5	98	23	0.7967352513694874
J14	14	12	108	10	0.9960166221480965
J15	12	14	65	15	1.336034262775817
J16	15	1	106	21	1.3835639210136712
J17	13	3	28	7	1.3793089210947802
J18	15	6	61	6	1.115013982042345
J19	16	5	55	21	0.910249076204785
J20	14	4	23	20	1.3184770475972356
J21	14	12	4	2	1.5345722611262678
J22	15	6	48	15	0.9829903946819708
J23	17	8	82	5	1.613817569738138
\\ Jobs in machine 3
11
J24	14	2	104	11	0.7318318120032006
J25	15	10	68	20	1.436529088506995
J26	15	3	82	6	2.287106228788657
J27	14	11	100	2	1.6680839978744906
J28	16	4	2	21	0.9229883410167399
J29	14	10	13	8	1.3362404534619479
J30	17	2	82	14	0.8659982607936014
J31	15	2	92	12	1.7399639229416084
J32	16	6	98	12	1.2153975914552342
J33	16	5	56	9	0.1
J34	14	9	43	7	2.7522882494612015
\\ Jobs in machine 4
10
J35	14	8	98	5	1.1304854085126022
J36	13	1	77	9	0.7434663839050601
J37	13	14	18	11	1.2232306142333034
J38	15	4	7	14	1.5828110538676794
J39	15	14	92	12	0.6278480855024718
J40	16	2	62	8	0.669799287257674
J41	16	13	22	16	0.1
J42	13	11	18	20	1.2664104012814212
J43	14	11	79	5	1.2935447520049166
J44	16	3	34	6	1.099941840736069
\\ Jobs in machine 5
13
J45	15	9	47	3	1.1950596615984734
J46	16	12	92	11	1.694754708465257
J47	13	2	94	20	0.8833783525321117
J48	14	11	75	18	0.7424635581996473
J49	14	14	110	16	0.9442575368501425
J50	13	14	27	5	0.8654690231562912
J51	14	2	72	3	1.0911205287030523
J52	15	12	62	5	0.7295661400001119
J53	14	2	105	14	1.1347540920147015
J54	14	12	83	4	1.6913837831864118
J55	16	10	54	6	1.221731868334751
J56	14	7	90	16	1.9733563306839785
J57	14	9	35	21	1.8769935805371838
\\ Jobs in machine 6
9
J58	14	13	105	10	0.7949369751318249
J59	13	12	75	16	1.136011429955041
J60	14	14	91	19	1.177602267544998
J61	17	7	29	12	0.1
J62	15	2	31	1	1.2055494783448566
J63	15	10	6	6	1.3460890353578472
J64	15	1	84	22	1.4092168041623814
J65	15	5	54	13	1.191873636374061
J66	15	2	7	22	1.4083684290139769
\\ Jobs in machine 7
12
J67	14	11	89	11	1.5024264499297375
J68	15	3	22	1	1.9811523298048215
J69	14	13	33	13	0.9904543881492346
J70	14	11	73	7	0.9831721055586349
J71	15	1	27	17	1.076310046792875
J72	15	6	25	20	0.8582760335826007
J73	15	11	44	19	1.1310618204591822
J74	14	9	102	8	1.1565639885845655
J75	14	5	40	22	0.563057144766094
J76	15	5	96	4	1.5372590553385548
J77	16	6	24	7	0.46310231353734144
J78	16	4	18	1	0.8648244943972747
\\ Jobs in machine 8
12
J79	15	8	35	9	1.7320114121686312
J80	14	6	67	23	1.4327008871227562
J81	13	4	40	15	1.7511958895249327
J82	15	6	104	3	0.5078226966490851
J83	14	1	19	4	0.9869063213428961
J84	16	11	18	20	2.374990000599603
J85	14	7	47	2	1.8928639815210118
J86	16	3	75	20	1.3238561962170072
J87	15	10	20	2	0.4137061645337585
J88	15	3	64	14	2.224264057460814
J89	15	12	70	8	0.8522803086073139
J90	12	6	98	22	0.32559406154353643
\\ Jobs in machine 9
10
J91	16	3	20	22	0.5996963459855426
J92	15	2	17	16	1.219534929085744
J93	14	8	78	8	1.9488732508825168
J94	14	13	92	20	1.0873419472673678
J95	13	1	18	12	1.5728901613371682
J96	16	13	87	16	1.1832019943769612
J97	15	12	15	23	1.4383743781318514
J98	15	6	68	4	1.5267314701637682
J99	15	12	92	2	0.6728429278975634
J100	13	3	97	20	1.1245157877093828
\\ Dependencies 
408
1	2
1	3
1	4
1	5
1	6
1	7
1	9
1	10
1	11
2	3
2	4
2	5
2	6
2	7
2	8
2	9
2	10
2	11
2	12
3	4
3	5
3	6
3	8
3	10
3	11
3	12
4	5
4	6
4	7
4	9
4	10
4	12
5	6
5	7
5	8
5	10
5	11
5	12
6	7
6	8
6	9
7	8
7	9
7	10
7	11
7	12
8	9
8	10
8	11
8	12
9	10
9	11
10	11
10	12
11	12
13	14
13	15
13	16
13	17
13	19
13	20
13	21
13	23
14	17
14	18
14	19
14	20
14	21
14	23
15	16
15	19
15	20
15	21
15	22
15	23
16	17
16	18
16	19
16	20
16	21
16	22
16	23
17	19
17	20
17	21
17	22
17	23
18	19
18	20
18	22
18	23
19	20
19	21
19	22
19	23
20	21
20	22
21	22
21	23
24	26
24	27
24	28
24	29
24	30
24	31
24	32
24	33
24	34
25	26
25	27
25	28
25	29
25	30
25	31
25	33
25	34
26	27
26	28
26	32
26	33
26	34
27	28
27	29
27	30
27	31
27	32
27	34
28	29
28	30
28	31
28	32
28	33
28	34
29	30
29	31
29	32
29	33
29	34
30	33
30	34
31	32
31	34
32	33
32	34
33	34
35	36
35	37
35	39
35	40
35	41
35	42
35	43
36	37
36	40
36	43
36	44
37	38
37	39
37	40
37	42
37	44
38	39
38	40
38	41
38	43
39	41
39	44
40	41
40	43
40	44
41	42
41	43
42	43
42	44
43	44
45	46
45	47
45	49
45	51
45	52
45	53
45	54
45	55
45	56
45	57
46	47
46	48
46	49
46	51
46	53
46	55
46	56
46	57
47	48
47	49
47	50
47	51
47	52
47	53
47	54
47	56
48	50
48	51
48	52
48	53
48	54
48	55
48	56
48	57
49	51
49	52
49	53
49	54
49	55
49	56
50	51
50	52
50	53
50	54
50	55
50	56
50	57
51	52
51	54
51	55
51	57
52	54
52	56
52	57
53	54
53	55
53	56
54	55
54	56
54	57
55	56
56	57
58	59
58	60
58	62
58	63
58	64
58	65
58	66
59	62
59	63
59	65
60	61
60	62
60	63
60	64
60	66
61	63
61	64
61	65
61	66
62	64
62	65
62	66
63	64
63	65
63	66
64	65
64	66
65	66
67	69
67	70
67	71
67	73
67	74
67	75
67	76
67	77
67	78
68	69
68	70
68	71
68	72
68	73
68	74
68	75
68	76
68	77
68	78
69	70
69	72
69	73
69	75
69	76
69	77
69	78
70	73
70	74
70	76
70	77
70	78
71	72
71	73
71	74
71	76
71	77
71	78
72	73
72	74
72	75
72	76
72	77
72	78
73	76
73	77
74	75
74	76
74	77
74	78
75	76
75	77
75	78
76	78
77	78
79	81
79	82
79	83
79	84
79	85
79	88
79	89
79	90
80	81
80	82
80	83
80	84
80	85
80	86
80	87
80	88
80	89
80	90
81	83
81	86
81	87
81	89
81	90
82	83
82	84
82	85
82	86
82	87
82	88
82	89
83	84
83	85
83	86
83	89
84	86
84	87
84	88
84	90
85	86
85	87
85	90
86	87
86	88
86	89
86	90
87	88
87	89
87	90
88	89
88	90
89	90
91	92
91	93
91	95
91	96
91	97
91	98
91	99
91	100
92	93
92	95
92	96
92	97
92	98
92	100
93	94
93	95
93	96
93	97
93	98
93	99
94	96
94	98
94	99
94	100
95	96
95	97
95	98
95	99
95	100
96	97
96	98
96	99
96	100
97	98
97	99
97	100
98	99
99	100
