\\ machines
15
\\ max power
150
\\ Jobs in machine 1
10
J1	15	6	53	36	1.066973248593115
J2	16	13	19	76	2.0805180035634705
J3	15	4	106	103	0.7020276871490785
J4	16	14	26	103	1.0277137735488056
J5	15	7	95	45	0.9578130299457489
J6	15	7	102	67	0.7518917044540285
J7	15	5	84	66	1.7054690011731768
J8	15	12	78	75	1.3206230508754366
J9	14	4	64	3	0.9031931225994624
J10	15	3	3	95	1.9538846597107022
\\ Jobs in machine 2
10
J11	12	12	70	113	1.4648154383838754
J12	15	5	34	105	1.7996678245345317
J13	16	12	12	23	1.0075338209622413
J14	14	2	54	17	1.1016629430955946
J15	15	8	14	39	1.3515506122949417
J16	14	1	85	110	0.5661958989874664
J17	15	7	3	66	1.500484585614932
J18	15	2	22	99	0.9411804153833782
J19	15	11	104	106	1.544091199221771
J20	14	7	106	85	1.8746300976596026
\\ Jobs in machine 3
11
J21	13	10	3	96	0.6436413289324792
J22	14	7	81	97	0.1
J23	14	10	110	4	1.3531975199672193
J24	15	10	14	8	1.0270947959868655
J25	14	6	96	63	0.5876442030599639
J26	16	12	14	16	0.7220691082106329
J27	15	3	48	111	1.742517289933721
J28	14	2	5	50	1.1368311853677215
J29	13	8	39	20	1.97355263051386
J30	17	1	104	77	1.731123391129744
J31	14	3	46	82	1.754422241353415
\\ Jobs in machine 4
12
J32	15	13	84	11	0.8309708436628329
J33	15	1	14	24	1.3671694124358296
J34	14	13	78	113	1.8811298237939664
J35	14	12	109	111	1.3018376302590497
J36	15	5	70	98	1.8013580838097722
J37	14	7	10	72	1.1485257019146973
J38	13	1	56	95	0.8509627440297636
J39	13	1	10	80	2.304142973154562
J40	16	3	14	85	2.4427254020442453
J41	16	3	73	8	0.74031482150396
J42	15	1	19	106	1.806748216683256
J43	14	9	39	14	2.151189945852503
\\ Jobs in machine 5
11
J44	15	12	67	21	1.4433496118281506
J45	13	10	11	62	1.9732841406427681
J46	15	6	23	32	0.9210863914192318
J47	16	1	36	106	1.22760706016797
J48	16	13	66	59	0.8750783032194247
J49	15	5	99	31	1.4981478806166268
J50	14	14	104	59	0.9387765830220014
J51	14	11	20	68	1.2601846345326513
J52	15	3	85	47	0.5345045726030435
J53	15	5	47	82	1.9133176886406986
J54	14	3	82	48	1.941101347299778
\\ Jobs in machine 6
12
J55	16	4	96	38	1.840632046638428
J56	14	6	42	71	1.4793963180512746
J57	14	7	15	51	1.1251307891767635
J58	14	11	82	37	1.241002725790453
J59	14	8	41	46	1.150306169655021
J60	13	1	49	17	1.2501903016404516
J61	16	8	86	80	1.380352748910688
J62	13	1	72	29	1.2071823344194486
J63	16	13	85	33	1.696950823370852
J64	13	7	20	31	0.5421885765306048
J65	14	6	16	110	0.40565194202077826
J66	15	8	3	29	0.1
\\ Jobs in machine 7
10
J67	15	8	80	91	1.5374258188150463
J68	14	12	56	82	1.8115323444654226
J69	15	7	21	89	1.2369323269691097
J70	14	1	55	29	1.288477864368683
J71	13	10	104	21	0.9347519535038551
J72	11	8	6	95	0.7488736686749851
J73	15	11	19	100	1.4526652039154169
J74	15	3	87	67	0.8454245499427695
J75	14	1	9	93	1.4693417596709384
J76	16	8	56	90	1.4253896771915682
\\ Jobs in machine 8
12
J77	14	9	27	82	1.761208688727402
J78	14	8	78	108	1.528223289845688
J79	15	12	23	95	2.4986351551641777
J80	14	4	28	78	0.8084254733146359
J81	15	3	7	42	1.5428820480120362
J82	16	9	98	44	1.1260335448802907
J83	14	5	32	64	0.8502346678196265
J84	15	8	3	57	1.260799147880126
J85	15	13	8	5	0.7361535349005659
J86	15	9	92	109	0.9903047678585822
J87	14	4	27	2	2.231241448873658
J88	14	14	74	51	0.8335609106924937
\\ Jobs in machine 9
12
J89	14	13	25	62	1.7877399441416737
J90	16	14	22	75	1.4686693915935023
J91	15	8	20	86	0.3652347871676568
J92	16	4	64	94	0.9928342481968424
J93	15	11	71	8	1.529382118453646
J94	17	14	66	75	0.6490924095831961
J95	15	2	8	78	1.7469234270682632
J96	14	11	35	89	1.4991238892897787
J97	14	9	30	99	1.4268242297961933
J98	15	8	60	77	1.7727283689908109
J99	16	13	18	102	0.6157047184858779
J100	14	4	43	48	0.8383898237560867
\\ Jobs in machine 10
10
J101	15	14	7	43	0.3193230337106322
J102	16	3	47	49	0.2954605900197228
J103	14	7	60	49	1.0647313058808556
J104	14	4	77	36	1.0296704369354412
J105	15	10	54	23	0.7626881160512606
J106	14	12	56	14	0.5906017028210939
J107	14	7	3	95	2.1520989968788715
J108	14	11	20	66	0.8880902841235498
J109	16	12	6	72	1.342646654416065
J110	14	8	71	63	1.1773782949422282
\\ Jobs in machine 11
10
J111	14	8	28	60	1.1611065842240706
J112	16	9	10	1	1.6256877218044246
J113	16	8	9	90	1.67700910219801
J114	13	4	71	18	1.3234688599547935
J115	15	3	10	20	1.033280363630674
J116	14	12	92	105	0.5377664512281338
J117	13	2	77	83	1.2249332833874864
J118	15	1	65	79	1.0474364063816153
J119	12	1	47	51	1.4654778874899648
J120	15	1	89	11	1.385913945873507
\\ Jobs in machine 12
9
J121	14	1	25	21	0.7746346799381436
J122	15	5	102	34	1.4479551002860467
J123	15	10	65	113	1.6133799733188599
J124	15	7	65	112	0.5169146931097561
J125	15	14	52	67	1.9759282180219988
J126	14	14	44	30	1.7937881379159148
J127	14	11	73	59	1.7000713936090746
J128	14	5	92	76	0.909353477071654
J129	15	13	91	56	0.9114263612560631
\\ Jobs in machine 13
10
J130	13	5	70	22	1.321576143462389
J131	14	1	99	105	1.9234398870791922
J132	15	4	47	73	0.7318355226085611
J133	16	4	41	45	0.7571125711241019
J134	14	8	104	35	1.54870157253866
J135	15	6	6	93	0.4710170068378744
J136	14	1	49	45	1.035212998071207
J137	16	5	46	90	1.957094509147499
J138	14	12	96	57	1.176388298489585
J139	15	10	95	14	0.9538323929281796
\\ Jobs in machine 14
11
J140	16	4	27	75	1.387718063884318
J141	15	12	6	51	1.4607851444068467
J142	14	8	56	51	1.5902001120062659
J143	14	13	5	23	1.9101341015456903
J144	13	7	15	46	1.1307461888784969
J145	15	8	91	25	1.852963798936024
J146	14	8	38	32	1.20717951288506
J147	15	3	83	73	1.1330863645107816
J148	14	4	75	81	0.6294501283039655
J149	16	10	42	103	1.3624986823222542
J150	14	3	67	100	1.404637934840809
\\ Jobs in machine 15
12
J151	14	7	99	76	1.190938123867597
J152	14	3	50	64	0.9048119239349297
J153	14	13	75	56	1.0196795953608746
J154	14	11	77	65	1.0252782883473384
J155	15	2	41	21	0.46490240947782435
J156	16	5	99	103	0.21121979948783332
J157	14	14	84	20	1.6426403919613775
J158	15	13	59	59	2.2113742285154157
J159	16	11	110	80	1.5617080141228048
J160	15	2	46	71	1.1185431379161004
J161	14	8	85	34	1.4330972417050083
J162	14	1	60	78	1.2946362885800342
\\ Dependencies 
88
1	2
3	10
4	10
6	8
6	9
14	16
14	19
15	20
17	19
21	28
21	31
22	23
22	28
22	31
23	24
24	26
24	31
26	31
32	41
33	37
36	43
37	39
38	42
45	46
45	54
46	53
47	48
48	52
50	52
55	56
55	63
55	66
56	60
56	63
56	64
58	59
58	60
59	65
63	65
68	71
68	73
77	79
77	80
77	81
78	81
79	85
79	86
79	87
84	86
90	94
90	97
91	95
95	97
101	103
101	104
101	106
101	110
102	107
103	108
104	107
111	114
112	114
114	119
115	117
116	119
118	119
121	124
121	126
124	125
125	126
126	129
131	132
131	134
132	133
132	138
134	135
136	139
140	141
140	142
140	150
141	145
143	147
144	148
149	150
152	153
154	159
155	157
155	160
