\\ machines
12
\\ max power
120
\\ Jobs in machine 1
12
J1	15	13	32	73	1.1954468842460182
J2	14	9	74	60	1.488398759039552
J3	15	2	63	49	1.639074577371991
J4	15	2	78	37	1.2906753957348494
J5	16	5	54	5	1.5198745189295157
J6	14	1	25	22	1.1751404552055087
J7	15	6	49	35	1.8045110867573475
J8	14	9	8	35	1.24497593509511
J9	15	12	3	45	1.658337721245902
J10	15	6	16	59	0.7495254652198909
J11	14	3	100	19	0.8124128375950584
J12	14	1	36	73	1.0508613700368608
\\ Jobs in machine 2
10
J13	14	4	31	53	0.2964781844797463
J14	15	4	62	22	2.409102587656317
J15	13	9	40	56	0.8480263401514115
J16	14	10	81	59	0.749997163248455
J17	14	2	59	73	1.364814579674836
J18	14	7	4	33	0.7709025121278286
J19	15	6	50	43	0.4720632574149737
J20	16	2	78	7	0.9707059947116401
J21	17	5	47	22	1.8688527004285993
J22	14	11	100	36	0.7482046034054279
\\ Jobs in machine 3
11
J23	14	14	9	44	2.2698452677548575
J24	14	9	40	8	1.5764687401567676
J25	14	5	3	83	2.301442799989959
J26	15	9	66	46	1.3602711207435156
J27	15	7	82	78	1.7483178921178113
J28	15	12	89	55	1.4321571775132993
J29	17	3	70	31	1.1728916326898582
J30	15	4	51	68	1.5951313616374572
J31	14	2	100	24	0.9392763716861254
J32	15	11	19	4	1.19091760738341
J33	13	12	65	38	0.393447008734749
\\ Jobs in machine 4
10
J34	14	12	7	44	1.7800788210545901
J35	15	3	77	79	1.790264162344501
J36	15	7	9	89	0.6788061735966849
J37	13	5	78	66	1.3112733596116917
J38	14	10	102	10	0.6495573163467254
J39	14	1	105	75	0.7681632962034753
J40	13	6	45	73	0.9987223709991229
J41	13	2	88	2	1.3459995411465857
J42	14	9	67	42	1.535934991561122
J43	15	13	69	73	0.5710472334394122
\\ Jobs in machine 5
9
J44	13	6	40	31	1.1130815693814131
J45	14	2	66	41	0.7294142856102976
J46	14	6	18	18	1.4302796390504158
J47	14	5	23	16	1.6898880072141542
J48	14	10	53	50	1.395771785608882
J49	15	12	19	9	1.645068539062363
J50	14	4	70	59	1.5097899973010422
J51	15	11	58	86	1.4846084591549213
J52	14	9	6	13	0.9895249740347993
\\ Jobs in machine 6
9
J53	13	6	97	21	0.9266109227194246
J54	16	9	17	28	1.8002733918770608
J55	16	13	67	74	1.596977388767184
J56	14	4	96	29	2.3015717845924053
J57	13	9	109	4	1.9116415942759244
J58	14	14	58	59	1.621632360501911
J59	14	1	108	15	1.694749073152162
J60	15	10	60	43	1.2878194449496763
J61	15	2	69	30	1.1926897021114924
\\ Jobs in machine 7
12
J62	13	12	65	19	0.10153228284015658
J63	14	3	66	78	0.9602813808942869
J64	14	9	58	12	1.3112348735601724
J65	14	14	47	22	0.2939673900603217
J66	15	5	88	45	0.505559788712651
J67	15	4	13	71	1.9007866826417041
J68	15	12	13	73	0.5675752150049139
J69	15	9	63	53	1.7979425060184968
J70	14	10	78	24	0.1
J71	14	6	11	54	1.5796549892033376
J72	15	11	40	85	1.418898343900258
J73	14	6	41	31	1.5360725197102945
\\ Jobs in machine 8
12
J74	13	8	107	86	0.8591339344732037
J75	14	1	55	82	0.5599501065442032
J76	15	10	68	73	0.7870625595479224
J77	14	1	13	79	1.6809673957673592
J78	14	8	21	80	0.6902544882386447
J79	14	11	90	40	1.420761301553167
J80	16	12	40	38	1.7153612246267853
J81	15	9	61	52	0.7263692072566527
J82	15	6	74	10	0.8167336169836548
J83	15	8	91	67	0.9160006119165309
J84	16	4	45	90	1.0884340861078434
J85	14	1	29	46	1.871008212753894
\\ Jobs in machine 9
10
J86	15	8	49	39	1.0265008157447957
J87	14	14	70	72	1.5523332978840543
J88	15	11	100	20	1.33679704235433
J89	15	1	22	37	1.5526770216031034
J90	15	10	82	45	1.7305667529588453
J91	14	13	73	48	1.1245368350259863
J92	12	7	43	44	1.3513052324704418
J93	15	6	61	76	1.1592734489926804
J94	15	9	51	87	1.4463174416450202
J95	16	3	76	68	0.3219866576042173
\\ Jobs in machine 10
11
J96	15	10	98	81	0.1
J97	17	1	12	7	0.3226079973950574
J98	16	9	60	82	0.7582805984106123
J99	14	10	49	20	1.6073312737292473
J100	14	13	70	27	0.6127715119052719
J101	15	2	89	84	0.9097283540039776
J102	14	11	89	21	1.2431459510914258
J103	14	8	37	67	1.4352395277156855
J104	15	9	11	77	1.2092251936215275
J105	14	10	44	48	2.275856226046197
J106	14	5	48	35	2.0317639646926775
\\ Jobs in machine 11
9
J107	15	8	48	32	0.6679625572438896
J108	13	7	13	25	0.9734312808601085
J109	15	14	110	42	0.7837498899721567
J110	12	12	41	36	2.3926690452392703
J111	14	11	4	41	1.3090370470505734
J112	17	11	94	39	1.536044794502491
J113	15	5	47	81	1.7784948293778056
J114	15	7	52	35	1.321005871135495
J115	12	4	58	5	1.8058547261243234
\\ Jobs in machine 12
10
J116	16	14	48	43	1.2714220791345565
J117	14	6	69	48	1.0216672270399763
J118	14	3	39	31	0.7057036735766371
J119	15	8	41	40	1.058783172782692
J120	16	6	81	61	1.282878326593574
J121	14	2	65	87	0.4110978600501448
J122	15	2	25	30	1.5598966923305377
J123	16	1	53	4	1.4441659608728967
J124	13	2	63	39	1.8309615235358845
J125	14	5	51	73	2.116017988474157
\\ Dependencies 
112
1	3
1	11
2	5
2	8
3	12
4	11
5	12
6	7
6	9
6	11
7	11
7	12
8	10
10	12
14	18
16	17
16	20
19	22
23	26
23	32
24	30
26	29
28	30
28	33
29	32
30	31
34	37
35	39
35	40
35	42
36	43
37	43
41	42
44	51
45	49
45	51
48	49
48	50
48	51
49	52
50	52
53	56
54	58
54	61
55	60
56	59
56	60
56	61
57	58
57	61
62	63
62	64
62	73
63	69
65	66
66	68
66	71
66	73
68	69
68	71
69	70
74	75
74	78
74	79
74	80
76	78
78	81
78	85
79	80
79	84
80	84
81	82
81	85
82	84
82	85
84	85
86	87
86	88
87	94
88	91
89	91
90	95
91	93
92	95
93	95
96	100
96	106
97	102
98	101
102	103
102	105
102	106
103	104
103	106
107	112
108	110
108	111
108	112
108	113
108	114
111	115
112	113
112	115
114	115
116	118
116	123
117	125
120	122
120	124
121	125
122	124
123	125
