\\ machines
8
\\ max power
80
\\ Jobs in machine 1
12
J1	15	5	26	30	1.2121275996636185
J2	14	2	100	41	0.6231470267263375
J3	15	7	29	1	1.4771919773325004
J4	14	9	39	34	1.3686906748185044
J5	14	8	93	39	0.1
J6	15	7	48	41	1.260940104496215
J7	13	5	110	41	1.1871805186295654
J8	17	10	82	1	0.5321043532600019
J9	12	8	70	23	1.1136501325452353
J10	15	8	66	12	0.7738006913170903
J11	15	14	7	3	0.9307233976621361
J12	14	14	38	26	1.3815200791194118
\\ Jobs in machine 2
9
J13	17	5	75	47	1.6690669253497572
J14	16	2	23	41	2.6193160045920134
J15	13	5	22	18	1.706868302338678
J16	15	2	5	55	0.8293338099933469
J17	14	14	59	59	1.5519005326041306
J18	13	11	95	34	1.1671465557623115
J19	14	1	53	50	1.1398105995100063
J20	14	3	105	28	0.9638048200499837
J21	14	9	22	16	0.9361914383052222
\\ Jobs in machine 3
12
J22	13	7	20	33	0.6609047777113632
J23	15	8	91	34	0.46008957288931707
J24	13	8	94	36	1.643208350655228
J25	14	6	103	45	2.1442388765430804
J26	15	1	110	43	0.30384248450530915
J27	13	2	65	56	1.490286396204429
J28	14	9	83	34	1.2289265869456518
J29	16	10	35	30	2.1038070346560245
J30	17	5	69	46	1.6409082563350001
J31	13	10	86	16	0.23115534569634788
J32	16	14	95	39	1.3680594775958264
J33	16	4	64	43	0.24282838532386697
\\ Jobs in machine 4
10
J34	15	5	101	15	1.4186380148383337
J35	15	2	27	10	0.7209749378841939
J36	14	7	90	16	1.8144150278205706
J37	14	11	8	55	0.8566460466756205
J38	13	2	62	13	0.1
J39	14	2	15	59	0.48981146805436426
J40	14	11	47	40	1.173979799231352
J41	16	7	84	51	1.350923987370603
J42	16	14	3	32	0.5160693963980556
J43	14	14	55	57	1.1310215763090588
\\ Jobs in machine 5
10
J44	14	5	105	28	0.6388489980462161
J45	15	5	73	15	0.7923323046218111
J46	15	10	9	40	0.5684536677697541
J47	14	3	102	45	1.1626711094535251
J48	13	12	94	21	1.051118797033682
J49	16	6	37	29	0.9722568359466818
J50	14	1	18	5	1.641084643255597
J51	14	3	53	46	0.7663677536465126
J52	14	10	42	4	0.1
J53	15	12	38	27	1.5546672341865593
\\ Jobs in machine 6
11
J54	14	4	71	49	1.62016462383367
J55	15	6	83	60	1.7903929184649483
J56	13	7	62	39	1.696234919674263
J57	16	13	100	49	0.1
J58	16	7	5	10	2.1936680581794405
J59	15	9	9	36	2.0897484541415525
J60	14	9	92	25	1.05153623273833
J61	13	14	85	5	1.5604588601874503
J62	13	2	14	14	0.41884311360153004
J63	15	9	24	37	0.9550290644078263
J64	15	12	28	47	1.2023926384780574
\\ Jobs in machine 7
10
J65	14	4	46	24	1.5914398710489879
J66	15	1	17	10	0.49827688268459236
J67	14	5	15	26	1.5417175510243748
J68	15	14	100	36	1.5217816302710705
J69	15	10	67	15	1.595086873638742
J70	14	8	68	10	1.5699823947648426
J71	13	10	73	37	0.8846460044732917
J72	15	1	28	9	0.5911761257670148
J73	14	9	85	43	1.9819638776868427
J74	17	8	12	45	1.3631129958225283
\\ Jobs in machine 8
12
J75	14	8	56	7	1.2719968781765103
J76	13	9	13	41	0.6327758611169155
J77	15	8	58	38	1.337170335937735
J78	15	9	96	39	0.6089060769553731
J79	14	4	10	47	1.7974253775780755
J80	15	1	95	60	1.4395122934590043
J81	14	12	88	6	2.0325546193378248
J82	14	5	49	53	0.9073271018367809
J83	15	2	67	7	1.4651670998168287
J84	14	5	78	27	1.584665760551605
J85	14	9	53	28	1.422137994544352
J86	15	13	73	31	1.8144293867791417
\\ Dependencies 
41
2	3
2	7
2	9
4	12
6	8
10	11
11	12
13	15
14	21
17	19
22	23
22	24
22	29
23	28
23	33
26	29
34	35
36	37
36	41
44	48
45	53
46	53
48	53
54	59
55	56
56	63
56	64
57	64
59	61
60	62
61	64
66	71
66	73
67	69
68	71
73	74
76	82
77	81
80	84
81	86
82	83
