\\ machines
10
\\ max power
100
\\ Jobs in machine 1
11
J1	14	12	69	18	1.1588363604462653
J2	15	7	7	19	1.5089593210121002
J3	16	14	47	23	0.8955389354763335
J4	15	3	56	21	1.073863524527412
J5	15	1	37	14	1.4948786911785226
J6	13	1	24	23	1.5416984549234427
J7	17	4	41	16	0.7839170782644682
J8	16	1	4	3	1.0559898975382
J9	15	13	89	10	1.4981266716618318
J10	14	12	42	16	1.8587570309596253
J11	14	5	45	21	1.0855764520998563
\\ Jobs in machine 2
10
J12	15	14	44	19	0.24071808486858282
J13	14	6	70	15	0.7936103094566249
J14	16	3	71	25	0.5038067349384654
J15	16	14	55	11	2.1433259205858737
J16	13	8	80	13	1.1694587880585157
J17	13	6	57	7	0.7100712390154792
J18	14	6	10	16	2.020556228771696
J19	15	1	77	14	0.7071760938809144
J20	16	10	43	15	1.4226554135974618
J21	15	13	94	8	0.49028241676451856
\\ Jobs in machine 3
10
J22	14	11	34	8	1.3790960678111954
J23	14	10	29	9	1.4781870307415357
J24	14	2	15	22	0.909649320704765
J25	16	10	12	25	2.0385787352479037
J26	16	8	106	21	0.9267750119406487
J27	14	1	39	9	1.4301092492756813
J28	14	10	98	21	1.2291445484923196
J29	16	4	53	2	0.8567380090532142
J30	15	6	35	18	1.4356228924630001
J31	15	3	89	16	1.3160660773651407
\\ Jobs in machine 4
11
J32	16	14	101	25	1.1161234966849962
J33	15	9	50	8	0.5543019203924147
J34	15	4	20	21	1.000472751971614
J35	16	5	68	13	1.5049780043564007
J36	14	13	85	8	1.1938587894735084
J37	15	14	35	22	1.290619533952532
J38	15	5	30	14	1.7802043952555127
J39	16	12	9	16	0.9824391725973861
J40	14	6	51	24	1.6647369522531916
J41	15	9	4	14	0.7817277948175154
J42	15	8	76	23	1.5143508255431277
\\ Jobs in machine 5
12
J43	14	6	29	14	0.8632932824133024
J44	13	10	19	13	1.3621918100628145
J45	15	8	47	19	0.7598311416546695
J46	14	10	76	13	1.3965168776842867
J47	15	3	54	8	1.913881474419075
J48	13	5	65	12	2.0164724336783477
J49	14	2	59	18	0.9041220671250231
J50	15	8	56	25	0.41799949608500775
J51	14	1	57	24	1.7280163647022002
J52	15	4	30	5	0.6079060800294807
J53	15	8	45	11	1.3159351818314142
J54	14	5	55	19	1.9532960694274377
\\ Jobs in machine 6
12
J55	14	14	36	6	1.9275484470433955
J56	15	11	69	5	2.3046801227389313
J57	16	14	34	16	0.8846718544077272
J58	16	5	49	3	1.146554497805005
J59	16	11	21	16	1.2839107383703172
J60	14	4	10	5	1.082089958729721
J61	13	10	88	24	1.4365766789320822
J62	13	12	41	15	0.29892573297694935
J63	14	14	71	9	0.5387928946270671
J64	14	1	19	7	0.7531564420782304
J65	15	5	94	17	1.5806540176646067
J66	14	7	32	13	1.0177185581134864
\\ Jobs in machine 7
11
J67	14	13	36	6	1.6801388463662494
J68	13	4	13	21	0.8390223541689932
J69	14	5	86	10	0.7872440498490078
J70	16	3	29	25	1.2036496382206732
J71	13	10	104	23	1.533438986740988
J72	13	3	8	25	1.0573247627443287
J73	15	12	108	21	1.6889925115117692
J74	14	5	3	23	0.1
J75	14	14	18	1	1.6699843151250682
J76	14	1	109	6	1.3175500063013597
J77	15	9	79	23	0.7006930351799958
\\ Jobs in machine 8
9
J78	15	1	29	4	1.3150992501433227
J79	14	5	2	6	1.1953443073567502
J80	14	13	41	15	2.318387645670093
J81	14	13	91	19	1.6614722131690138
J82	15	8	8	13	2.0740111422846224
J83	13	3	37	5	1.6783010036958286
J84	15	12	18	12	1.8890606092452837
J85	14	7	24	25	1.5264957342895853
J86	16	11	17	11	0.7955551336548983
\\ Jobs in machine 9
11
J87	14	5	7	24	2.2186844227065543
J88	14	11	51	12	1.4592488978186562
J89	15	6	6	14	0.5042128193055124
J90	14	5	79	19	1.732266502174699
J91	13	11	77	5	1.8142431502878658
J92	15	10	73	7	1.5254250917502814
J93	15	14	44	13	0.967595428178631
J94	15	9	32	21	1.3119572735318674
J95	15	2	40	7	1.7786422451275454
J96	15	12	100	9	1.8261169893862357
J97	13	11	64	22	1.6615538105316547
\\ Jobs in machine 10
9
J98	14	10	43	13	1.9338904259041314
J99	15	13	103	9	0.24001526811858254
J100	13	9	93	2	1.4838837962778186
J101	15	14	22	13	0.38239649540093834
J102	13	5	9	13	1.2593276070110082
J103	14	8	67	23	0.7730090308903957
J104	15	5	42	19	0.7710717624311891
J105	13	4	92	22	1.8001835436757276
J106	14	3	24	9	0.9114328003283865
\\ Dependencies 
316
1	4
1	7
1	8
1	10
2	3
2	5
2	7
2	10
3	7
3	8
4	5
4	6
4	7
4	8
4	9
4	10
4	11
5	6
5	7
5	8
5	10
5	11
6	9
7	8
7	9
7	10
8	10
8	11
9	10
9	11
10	11
12	15
12	16
12	19
12	20
13	14
13	15
13	16
13	20
13	21
14	17
14	20
14	21
15	18
15	19
15	20
16	17
16	18
16	19
16	21
17	21
18	19
18	21
20	21
22	24
22	25
22	27
22	28
22	29
23	24
23	27
24	26
24	27
24	28
24	29
24	30
25	26
25	27
25	28
25	29
25	30
26	27
26	30
26	31
27	28
27	30
27	31
28	29
28	31
29	30
32	33
32	34
32	35
32	36
32	38
32	40
32	41
32	42
33	36
33	37
33	38
33	41
34	35
34	36
34	37
34	39
34	40
34	41
34	42
35	36
35	37
35	38
35	39
35	40
35	41
35	42
36	37
36	39
36	40
36	42
37	38
37	39
37	40
37	42
38	39
38	41
38	42
39	42
40	41
40	42
41	42
43	44
43	48
43	51
43	53
43	54
44	46
44	47
44	49
44	52
44	53
44	54
45	46
45	47
45	48
45	49
45	51
45	52
45	53
46	47
46	49
46	52
46	53
46	54
47	49
47	51
48	49
48	51
48	52
48	53
49	50
49	51
49	52
49	53
49	54
50	51
50	52
51	52
51	53
51	54
52	53
52	54
53	54
55	56
55	58
55	60
55	61
55	62
55	63
55	64
55	65
56	57
56	58
56	60
56	61
56	62
56	63
56	65
57	58
57	59
57	63
57	66
58	59
58	61
58	63
58	64
58	65
59	60
59	61
59	63
59	64
60	62
60	63
60	64
60	65
61	64
62	64
62	66
63	66
64	66
65	66
67	68
67	69
67	70
67	71
67	73
67	74
67	77
68	69
68	71
68	72
68	73
68	75
69	70
69	73
69	74
69	75
69	76
70	71
70	73
70	74
70	75
70	76
70	77
71	72
71	74
72	73
72	74
72	75
72	76
72	77
73	74
73	75
74	75
74	77
75	76
78	79
78	80
78	81
78	82
78	83
78	84
78	85
79	80
79	81
79	82
79	83
79	84
79	85
80	82
80	83
80	86
81	83
82	83
82	86
83	85
83	86
84	85
85	86
87	88
87	89
87	93
87	94
87	95
87	96
88	90
88	91
88	93
88	94
88	95
88	96
89	90
89	91
89	92
89	93
89	96
89	97
90	91
90	92
90	93
90	94
90	95
90	97
91	92
91	93
91	95
91	96
92	93
92	94
93	95
93	96
93	97
94	96
95	96
95	97
96	97
98	101
98	103
98	104
98	106
99	101
99	102
99	103
99	104
99	105
100	101
100	102
100	103
100	104
101	102
101	104
101	105
102	106
103	104
104	106
105	106
