\\ machines
25
\\ max power
250
\\ Jobs in machine 1
11
J1	14	8	93	106	0.9457925471468562
J2	13	2	42	153	1.0435479567958674
J3	14	9	97	155	2.1759842077605134
J4	15	4	56	77	2.3136201487453834
J5	15	14	3	157	0.5988350616852102
J6	15	2	28	104	0.9720923403716146
J7	14	7	106	95	0.8834209857303751
J8	14	1	7	86	0.6145555806898422
J9	13	7	93	142	1.3044468176789925
J10	13	6	71	16	1.411889138462175
J11	14	13	98	64	1.247214671769158
\\ Jobs in machine 2
13
J12	13	3	96	138	0.9709082253606844
J13	15	10	104	149	1.2873036657516337
J14	15	6	99	17	1.355760584450916
J15	13	12	80	162	1.5304650606385923
J16	15	1	62	68	1.4770739011259266
J17	14	8	39	100	1.1087948374231906
J18	14	12	35	151	0.9447429860487732
J19	13	9	79	169	0.6714820814139165
J20	12	13	43	178	1.7615632843170301
J21	15	3	57	90	1.0889914200620674
J22	14	11	110	45	1.7892984314724356
J23	13	6	51	102	0.6994069120399699
J24	14	13	93	73	2.1827074150640478
\\ Jobs in machine 3
11
J25	15	6	50	83	0.371540916183584
J26	14	6	37	98	0.5196294234843103
J27	13	6	102	140	1.5196516465277936
J28	15	9	70	81	1.3445936091357178
J29	14	7	69	131	1.2414660391402474
J30	15	7	58	8	1.3057038333847344
J31	12	13	89	123	0.6807268404986165
J32	15	13	82	66	0.9223632953276655
J33	13	9	63	161	0.9276133934774127
J34	13	11	11	165	0.8766969649926124
J35	13	6	68	93	1.4645424097287958
\\ Jobs in machine 4
11
J36	16	5	29	40	1.4799989583350972
J37	15	7	14	155	1.484960977602526
J38	15	11	58	33	1.493026050392677
J39	15	14	34	20	0.337413737838551
J40	14	7	32	13	1.0842274647815748
J41	12	5	42	127	0.567965331764648
J42	16	6	14	163	0.6402674959552651
J43	15	7	5	80	0.7355055086943241
J44	14	14	88	174	1.2191810608356473
J45	14	3	17	28	0.5503683993307567
J46	15	8	78	176	0.5098054538658776
\\ Jobs in machine 5
12
J47	13	13	45	34	1.4613147494459882
J48	13	6	84	3	1.1268419532384382
J49	15	2	91	4	0.9772238684892902
J50	14	6	70	34	0.6460259726269105
J51	15	4	108	125	0.8164482294457622
J52	13	2	16	74	1.0691044820703741
J53	14	11	7	68	1.2235097585532877
J54	14	13	106	17	0.5700160029302048
J55	14	10	86	29	1.9581144284152234
J56	15	9	36	162	1.8704065868254283
J57	15	3	69	166	1.4536123592020216
J58	14	2	15	78	1.2958675378975555
\\ Jobs in machine 6
10
J59	15	6	69	178	0.9933041245276164
J60	15	11	64	170	1.7016506505617541
J61	13	8	68	70	1.1128477860682768
J62	16	12	100	84	1.6397551016855674
J63	13	9	87	115	2.2676922280306098
J64	16	10	57	175	1.4843356776198537
J65	15	11	81	106	1.1649043908532304
J66	15	6	77	69	0.8852949567928144
J67	15	1	93	112	1.750056207787835
J68	13	11	78	122	0.46073182030383475
\\ Jobs in machine 7
11
J69	14	4	61	154	0.8324670154474996
J70	17	10	10	2	0.7117754773341978
J71	15	4	79	81	1.2336956211405976
J72	12	14	10	143	1.4070069052581002
J73	15	12	69	127	0.5899452963345855
J74	13	4	30	123	0.6567338014771746
J75	15	1	13	45	1.6046908931931125
J76	14	12	98	137	1.3367863641697613
J77	13	12	20	187	1.3016527150424009
J78	16	2	16	9	1.5045612709771303
J79	14	3	25	124	1.1594473706165005
\\ Jobs in machine 8
11
J80	15	10	96	146	0.5748172474890965
J81	15	9	96	41	2.1220578018941865
J82	14	10	6	64	1.1784387408638242
J83	13	8	102	97	0.717122507577306
J84	16	9	99	156	1.9018142620244671
J85	14	10	109	102	1.7908901489022975
J86	13	1	4	122	1.1318634643592125
J87	14	2	61	59	1.6491116718074985
J88	14	8	77	106	1.3190412841431787
J89	15	14	41	71	0.7621435071545366
J90	13	11	55	148	1.3315258125730394
\\ Jobs in machine 9
9
J91	14	5	8	109	1.3020413842479746
J92	14	6	73	54	0.1
J93	15	8	76	105	0.6178670070450926
J94	15	8	74	133	1.5567171829185076
J95	16	13	93	12	1.4869024933461343
J96	16	13	59	113	0.914980468228165
J97	16	2	76	108	1.1763022893044008
J98	15	11	69	48	1.6570679267307429
J99	15	2	16	172	1.5995878753477983
\\ Jobs in machine 10
11
J100	15	2	29	104	0.8586654044017763
J101	16	7	92	139	1.9430111432195574
J102	14	7	77	127	0.9283933275100136
J103	17	2	94	87	1.5097840592416705
J104	14	3	63	38	0.7497122591773926
J105	15	12	16	117	1.8937124718166674
J106	14	13	13	157	0.14197204388634344
J107	14	6	82	100	0.3891388971795543
J108	15	13	8	39	1.0047474126751135
J109	14	9	110	20	1.2160268479853436
J110	15	13	42	19	1.8016383911789784
\\ Jobs in machine 11
10
J111	15	13	8	4	1.2512213457455061
J112	14	3	72	17	0.6387244891339425
J113	14	6	25	165	1.207430170122988
J114	14	5	28	36	1.675347053170655
J115	15	5	35	141	0.8240736770557785
J116	15	6	62	111	1.5588769019791826
J117	15	9	65	185	0.17407406456091135
J118	14	12	31	173	1.1971879321582464
J119	15	7	24	120	1.702940137797596
J120	15	5	12	60	1.2990318839380817
\\ Jobs in machine 12
11
J121	15	13	37	35	1.7710524415112632
J122	14	13	76	7	1.1087871881794478
J123	15	5	7	147	1.4763977566585518
J124	14	12	101	154	2.1231307743392533
J125	14	4	108	83	1.4549242981707144
J126	15	10	68	166	1.3420317250600937
J127	14	5	17	70	1.1001560625651874
J128	15	1	60	34	1.4656146301617512
J129	15	3	46	139	0.6938007013955153
J130	16	2	49	73	1.759458671166179
J131	14	6	61	100	0.660055936647472
\\ Jobs in machine 13
12
J132	13	6	108	33	1.0990483048935415
J133	13	2	104	11	1.4194347841428419
J134	12	3	78	162	1.30644773906654
J135	15	8	38	22	1.219525051186238
J136	14	3	79	172	1.2893255524039084
J137	14	4	2	81	1.8780159831256342
J138	15	8	55	55	1.8525176702762807
J139	13	12	103	127	1.0091529807717556
J140	16	12	42	48	2.59110399374881
J141	15	1	92	34	1.0297522141552944
J142	14	6	35	63	2.0577268808685436
J143	15	14	104	54	0.6823882461934759
\\ Jobs in machine 14
11
J144	14	10	97	56	1.034916532684322
J145	15	12	18	4	0.1
J146	14	4	33	136	0.6536111199649195
J147	14	11	28	171	1.147412271164105
J148	13	2	5	92	0.44258305128108255
J149	15	3	28	31	1.3678926827872324
J150	14	6	15	44	0.8142550937075346
J151	16	14	54	133	1.4303994739047887
J152	15	2	87	167	0.7206187532916974
J153	13	12	56	81	0.9805450566572547
J154	12	9	101	54	0.9751733126057305
\\ Jobs in machine 15
13
J155	15	3	3	25	0.5133418572756295
J156	14	3	29	5	1.1657362431459848
J157	15	8	53	183	0.9352437765110211
J158	14	9	24	18	1.8674365589312263
J159	15	13	35	47	1.8134618483036475
J160	14	9	48	163	1.994254399123033
J161	15	12	41	28	1.0568690041230018
J162	16	11	18	4	1.2253035460114514
J163	14	11	64	167	1.320412947778944
J164	14	3	105	102	0.6740520278990519
J165	14	8	46	139	0.8101556019999553
J166	14	4	41	23	0.553801217909012
J167	17	11	11	34	0.5100983795870038
\\ Jobs in machine 16
10
J168	14	12	60	91	0.1
J169	15	7	5	102	1.360131444852252
J170	15	13	7	138	0.1124828347602862
J171	15	8	26	126	0.34565545884211024
J172	14	1	97	79	0.46493072938518265
J173	12	4	6	166	0.5826297493616613
J174	16	4	68	96	1.3476946131053094
J175	16	11	72	180	1.1022306602384686
J176	14	12	91	19	1.0842769717492073
J177	16	9	9	89	1.6817725067608509
\\ Jobs in machine 17
12
J178	13	13	45	64	1.4370979940605693
J179	14	10	52	58	0.9883960422564412
J180	16	13	72	77	1.061632406811573
J181	15	3	9	13	0.2700268739994246
J182	14	9	65	118	1.7493986623333604
J183	16	5	85	102	1.3449854687170975
J184	16	5	63	33	1.3443890542945027
J185	14	14	71	153	0.1705532722751546
J186	16	9	9	43	1.4075007815187408
J187	14	7	94	75	0.7208532030990547
J188	14	13	97	182	1.5562255185634073
J189	13	12	99	174	1.493657326966065
\\ Jobs in machine 18
10
J190	15	8	89	175	1.961327504493823
J191	12	5	32	108	1.5467191040900292
J192	14	10	109	172	0.8087807223786788
J193	13	12	17	48	0.2874611314707286
J194	15	8	103	92	1.7219561317656016
J195	15	2	24	77	1.0994454498177775
J196	15	5	48	155	1.4816725770921744
J197	16	9	96	143	1.0536881736839632
J198	14	9	32	52	0.988187323175037
J199	13	8	24	69	0.8772269312814818
\\ Jobs in machine 19
11
J200	14	9	40	172	0.975590709318298
J201	12	10	15	124	1.0735732297605316
J202	14	7	74	30	1.6169494447835362
J203	13	2	10	40	1.7718716875746814
J204	14	2	50	32	0.4600003388526178
J205	14	11	35	135	1.8601585355856662
J206	14	7	68	58	0.6091161872321346
J207	16	8	28	12	1.0456502168575321
J208	14	4	50	38	1.911010634923929
J209	14	5	99	161	1.1658539613165253
J210	15	10	13	176	1.0877343104618449
\\ Jobs in machine 20
12
J211	16	12	31	16	0.7659519421902057
J212	15	10	14	115	1.3535416328035326
J213	15	3	72	69	1.3691311903326224
J214	14	6	75	126	1.272732507565388
J215	12	9	76	48	1.4506118380742279
J216	15	3	104	75	0.5580423374880544
J217	16	11	31	146	0.9746613220353713
J218	15	11	83	156	0.630456012111653
J219	16	11	110	131	1.2338924228020085
J220	12	8	45	163	0.1
J221	14	11	95	92	1.4557147452355572
J222	15	12	107	84	0.6407678774195128
\\ Jobs in machine 21
10
J223	13	1	33	89	1.5820034096845972
J224	15	2	32	179	1.1657108309042363
J225	16	14	38	72	1.8945827262785537
J226	15	5	95	17	1.1407976986033206
J227	16	7	68	28	1.0679607368173847
J228	14	5	80	115	1.9567837495820655
J229	15	8	68	142	0.6704532650343543
J230	15	5	7	65	1.358897149620119
J231	15	3	27	44	1.4082933999567455
J232	15	6	53	11	1.4534780511874228
\\ Jobs in machine 22
11
J233	15	8	92	107	1.2409689814139873
J234	15	14	47	154	0.5432059477718024
J235	14	4	85	42	0.7299108889627234
J236	14	12	13	37	0.460847149131978
J237	13	3	101	1	1.2463567866562135
J238	14	13	30	4	1.4662615806750936
J239	15	7	104	184	1.4725002939156089
J240	15	13	4	138	0.7240696836328346
J241	13	14	69	96	1.2127990195345173
J242	14	12	40	177	0.8871854082190471
J243	13	3	66	46	0.23832089033409998
\\ Jobs in machine 23
10
J244	14	3	6	147	1.162068711878097
J245	14	6	40	118	2.4694540845449775
J246	13	4	80	9	1.4134340590856738
J247	15	13	101	84	1.2251096249702333
J248	13	9	33	9	0.5943675013396001
J249	16	10	3	38	1.2021113875763585
J250	15	12	55	31	0.7668806784445639
J251	13	5	16	149	0.8090525135088894
J252	13	14	28	41	0.5202473504382047
J253	17	1	66	56	1.4452838669290904
\\ Jobs in machine 24
11
J254	15	9	25	19	1.7846227575390003
J255	14	1	55	29	0.29976529875599456
J256	15	7	26	10	2.1687897236606313
J257	15	4	26	113	1.161845145377523
J258	15	11	109	83	0.9166714183554396
J259	15	12	4	27	0.6350125805864185
J260	15	12	53	69	1.4448501227967294
J261	14	3	60	55	0.9554861682930016
J262	15	12	109	5	1.1599240824117794
J263	15	8	74	130	1.1067307544920768
J264	16	13	63	183	1.1958031285694277
\\ Jobs in machine 25
12
J265	15	3	8	64	0.8745296764918542
J266	14	10	17	34	0.9197555731702575
J267	13	6	55	21	1.2746580614023557
J268	15	1	24	47	0.49543605657635337
J269	14	10	19	53	0.7263724225245405
J270	15	13	83	25	1.3604475030984085
J271	15	6	85	30	1.4586717379180119
J272	15	14	80	11	1.286187647543963
J273	14	8	100	66	1.462357768964749
J274	15	2	98	64	0.7271791653861235
J275	16	5	61	3	2.020731615868385
J276	16	7	30	17	1.126139978197341
\\ Dependencies 
1255
1	2
1	3
1	4
1	5
1	7
1	8
1	9
1	10
1	11
2	3
2	4
2	5
2	6
2	7
2	8
2	9
2	10
2	11
3	4
3	6
3	7
3	9
3	10
3	11
4	5
4	6
4	7
4	8
4	9
4	10
4	11
5	6
5	7
5	8
5	9
5	10
5	11
6	7
6	8
6	11
7	8
7	9
7	10
7	11
8	9
8	10
8	11
9	10
9	11
10	11
12	13
12	14
12	15
12	18
12	19
12	20
12	21
12	22
12	23
12	24
13	15
13	16
13	17
13	18
13	19
13	20
13	21
13	22
13	23
13	24
14	15
14	16
14	17
14	18
14	19
14	21
14	22
14	23
14	24
15	16
15	17
15	18
15	19
15	20
15	21
15	22
15	23
15	24
16	17
16	18
16	19
16	20
16	21
16	22
16	23
16	24
17	19
17	20
17	22
17	23
17	24
18	19
18	20
18	22
19	20
19	21
19	22
19	23
19	24
20	21
20	22
20	23
20	24
21	22
21	23
21	24
22	23
23	24
25	26
25	27
25	30
25	31
25	32
25	34
25	35
26	27
26	28
26	29
26	30
26	32
26	33
26	34
26	35
27	28
27	29
27	30
27	31
27	32
27	33
27	34
27	35
28	29
28	30
28	31
28	32
28	33
28	34
28	35
29	30
29	31
29	32
29	33
29	34
29	35
30	31
30	32
30	33
30	34
30	35
31	32
31	33
31	34
31	35
32	33
32	34
32	35
33	34
33	35
34	35
36	37
36	38
36	39
36	40
36	41
36	42
36	43
36	45
36	46
37	39
37	40
37	41
37	42
37	43
37	44
37	45
37	46
38	39
38	40
38	41
38	42
38	44
38	45
38	46
39	40
39	41
39	42
39	44
39	45
39	46
40	41
40	42
40	43
40	44
40	45
40	46
41	42
41	43
41	44
41	45
42	43
42	44
42	46
43	44
43	45
43	46
44	45
44	46
45	46
47	50
47	51
47	52
47	53
47	54
47	55
47	56
47	57
47	58
48	49
48	50
48	51
48	52
48	53
48	54
48	55
48	56
48	57
48	58
49	50
49	51
49	52
49	53
49	54
49	55
49	56
49	57
49	58
50	51
50	52
50	54
50	55
50	57
50	58
51	52
51	53
51	54
51	55
51	56
51	57
51	58
52	53
52	55
52	56
52	57
52	58
53	55
53	56
53	57
53	58
54	55
54	56
54	57
54	58
55	56
55	57
55	58
56	57
56	58
57	58
59	61
59	62
59	63
59	64
59	65
59	66
59	67
59	68
60	61
60	62
60	63
60	64
60	65
60	66
60	68
61	62
61	63
61	64
61	65
61	66
61	67
61	68
62	63
62	64
62	65
62	66
62	67
62	68
63	64
63	65
63	66
63	68
64	65
64	66
64	68
65	66
65	67
65	68
66	67
66	68
67	68
69	70
69	71
69	72
69	74
69	75
69	76
69	77
69	78
69	79
70	72
70	73
70	74
70	75
70	76
70	77
70	78
70	79
71	72
71	73
71	74
71	75
71	76
71	77
71	78
72	73
72	74
72	75
72	76
72	77
72	78
72	79
73	74
73	75
73	76
73	77
73	78
73	79
74	75
74	76
74	77
74	79
75	76
75	77
75	78
75	79
76	77
76	78
76	79
77	78
77	79
78	79
80	81
80	82
80	83
80	84
80	85
80	86
80	87
80	88
80	89
80	90
81	82
81	83
81	85
81	86
81	87
81	89
81	90
82	83
82	84
82	85
82	86
82	88
82	89
83	84
83	85
83	86
83	87
83	89
83	90
84	85
84	86
84	87
84	88
84	89
85	86
85	87
85	89
85	90
86	87
86	88
86	89
86	90
87	88
87	89
87	90
88	89
88	90
89	90
91	92
91	93
91	94
91	95
91	96
91	97
91	98
91	99
92	93
92	94
92	95
92	96
92	97
92	98
92	99
93	94
93	95
93	96
93	97
93	98
93	99
94	95
94	96
94	97
94	98
94	99
95	96
95	97
95	98
95	99
96	97
96	98
96	99
97	98
97	99
98	99
100	101
100	103
100	104
100	105
100	106
100	107
100	108
100	109
100	110
101	103
101	104
101	106
101	107
101	108
101	109
101	110
102	103
102	104
102	105
102	106
102	107
102	108
102	109
102	110
103	104
103	105
103	107
103	108
103	109
103	110
104	105
104	106
104	107
104	108
104	109
104	110
105	106
105	107
105	108
105	109
105	110
106	107
106	108
106	109
106	110
107	108
107	109
107	110
108	109
108	110
111	112
111	114
111	115
111	116
111	117
111	118
111	119
111	120
112	114
112	115
112	116
112	117
112	118
112	119
112	120
113	114
113	115
113	116
113	117
113	118
113	119
113	120
114	116
114	117
114	118
114	119
114	120
115	116
115	117
115	118
115	119
115	120
116	117
116	118
116	119
116	120
117	118
117	119
117	120
118	119
118	120
119	120
121	122
121	123
121	124
121	125
121	127
121	128
121	130
121	131
122	123
122	124
122	125
122	126
122	127
122	128
122	129
122	131
123	125
123	126
123	127
123	128
123	129
123	130
123	131
124	126
124	127
124	129
124	130
124	131
125	126
125	127
125	128
125	129
125	130
125	131
126	130
126	131
127	128
127	129
127	130
127	131
128	129
128	130
128	131
129	130
129	131
130	131
132	133
132	135
132	136
132	137
132	138
132	139
132	141
132	143
133	134
133	135
133	136
133	137
133	138
133	139
133	142
133	143
134	135
134	136
134	137
134	138
134	139
134	140
134	141
134	143
135	136
135	137
135	138
135	139
135	140
135	141
135	142
135	143
136	137
136	138
136	139
136	140
136	142
136	143
137	138
137	139
137	140
137	141
137	142
137	143
138	139
138	141
138	143
139	140
139	141
139	142
139	143
140	141
140	142
140	143
141	142
141	143
142	143
144	145
144	146
144	147
144	148
144	149
144	150
144	151
144	152
144	153
144	154
145	146
145	147
145	148
145	149
145	150
145	153
145	154
146	147
146	148
146	149
146	151
146	152
146	153
146	154
147	148
147	149
147	150
147	151
147	152
147	153
147	154
148	149
148	150
148	151
148	152
148	153
148	154
149	150
149	151
149	152
149	153
149	154
150	151
150	152
150	153
150	154
151	152
151	153
151	154
153	154
155	156
155	157
155	158
155	159
155	160
155	161
155	162
155	163
155	164
155	165
155	166
155	167
156	158
156	159
156	161
156	163
156	164
156	165
156	166
156	167
157	158
157	160
157	161
157	162
157	163
157	165
157	166
157	167
158	159
158	160
158	161
158	162
158	163
158	164
158	165
158	166
158	167
159	160
159	161
159	162
159	163
159	164
159	165
159	166
159	167
160	161
160	162
160	163
160	164
160	165
160	166
161	162
161	163
161	164
161	165
161	167
162	163
162	164
162	165
162	166
162	167
163	164
163	165
163	166
163	167
164	165
164	167
168	169
168	170
168	171
168	172
168	173
168	174
168	175
168	176
168	177
169	171
169	172
169	173
169	174
169	175
169	176
169	177
170	171
170	172
170	173
170	175
170	176
170	177
171	172
171	173
171	174
171	175
171	177
172	173
172	174
172	176
172	177
173	174
173	175
173	176
173	177
174	176
174	177
175	176
175	177
176	177
178	179
178	180
178	182
178	183
178	184
178	185
178	186
178	187
178	188
178	189
179	180
179	181
179	182
179	183
179	184
179	185
179	186
179	187
179	188
179	189
180	182
180	183
180	184
180	185
180	186
180	187
180	188
180	189
181	182
181	183
181	184
181	185
181	186
181	187
181	188
181	189
182	183
182	184
182	185
182	186
182	187
182	188
182	189
183	184
183	186
183	187
183	188
183	189
184	185
184	186
184	187
184	188
184	189
185	186
185	187
185	188
185	189
186	187
186	188
186	189
187	188
187	189
188	189
190	191
190	192
190	193
190	194
190	195
190	196
190	197
190	198
191	192
191	193
191	195
191	196
191	197
191	198
191	199
192	193
192	194
192	195
192	196
192	197
192	198
192	199
193	194
193	195
193	196
193	197
193	198
193	199
194	195
194	196
194	198
194	199
195	196
195	197
195	198
195	199
196	197
196	198
196	199
197	199
198	199
200	201
200	202
200	203
200	204
200	205
200	206
200	207
200	208
200	209
200	210
201	202
201	203
201	204
201	205
201	206
201	207
201	208
201	209
201	210
202	203
202	204
202	205
202	206
202	207
202	208
202	209
202	210
203	204
203	206
203	207
203	210
204	206
204	207
204	208
204	209
204	210
205	206
205	207
205	208
205	209
205	210
206	207
206	208
206	209
206	210
207	208
207	209
207	210
208	209
208	210
211	212
211	213
211	214
211	215
211	216
211	217
211	219
211	221
211	222
212	213
212	214
212	215
212	216
212	218
212	219
212	220
212	221
212	222
213	214
213	215
213	216
213	219
213	220
213	221
213	222
214	215
214	216
214	217
214	218
214	219
214	220
214	221
214	222
215	216
215	217
215	218
215	219
215	220
215	221
215	222
216	217
216	218
216	219
216	220
217	218
217	219
217	220
217	221
217	222
218	219
218	220
218	221
218	222
219	220
219	221
219	222
220	221
220	222
221	222
223	224
223	225
223	226
223	227
223	228
223	229
223	230
224	225
224	227
224	228
224	229
224	231
224	232
225	226
225	227
225	228
225	229
225	230
225	231
225	232
226	227
226	228
226	230
226	231
226	232
227	229
227	230
227	231
227	232
228	229
228	230
228	231
228	232
229	230
229	231
229	232
230	232
231	232
233	234
233	235
233	236
233	237
233	238
233	239
233	240
233	241
233	242
233	243
234	235
234	236
234	237
234	238
234	239
234	240
234	241
234	242
234	243
235	236
235	237
235	238
235	239
235	240
235	241
236	238
236	240
236	241
236	242
236	243
237	238
237	239
237	240
237	242
237	243
238	239
238	240
238	241
238	242
238	243
239	240
239	241
239	242
239	243
240	241
240	242
240	243
241	242
242	243
244	245
244	246
244	248
244	249
244	250
244	251
244	252
244	253
245	246
245	247
245	248
245	249
245	250
245	251
245	253
246	247
246	248
246	249
246	250
246	251
246	252
246	253
247	248
247	249
247	250
247	251
247	252
247	253
248	250
248	251
248	252
248	253
249	250
249	251
249	252
249	253
250	252
250	253
251	252
251	253
252	253
254	255
254	256
254	258
254	259
254	260
254	261
254	262
254	263
254	264
255	256
255	258
255	259
255	260
255	261
255	262
255	263
255	264
256	257
256	258
256	259
256	260
256	261
256	262
256	263
256	264
257	258
257	259
257	260
257	261
257	262
257	264
258	259
258	260
258	261
258	262
258	263
258	264
259	260
259	261
259	262
259	263
260	261
260	262
260	263
260	264
261	264
262	263
262	264
263	264
265	266
265	267
265	268
265	269
265	270
265	271
265	272
265	273
265	274
265	275
266	267
266	268
266	269
266	270
266	271
266	272
266	273
266	275
266	276
267	268
267	269
267	270
267	271
267	273
267	274
267	275
267	276
268	269
268	270
268	271
268	272
268	273
268	274
268	276
269	270
269	271
269	272
269	274
269	275
269	276
270	271
270	272
270	273
270	275
270	276
271	272
271	273
271	274
271	275
271	276
272	273
272	274
272	275
272	276
273	274
273	275
273	276
274	275
275	276
