\\ machines
15
\\ max power
150
\\ Jobs in machine 1
12
J1	13	2	108	54	1.3846496989137724
J2	14	6	97	77	1.6138595229821637
J3	15	3	90	44	1.7007691625407486
J4	16	11	31	28	1.0233767282220791
J5	15	8	69	69	1.5716125126132012
J6	15	3	73	90	1.4603400526456785
J7	16	4	25	67	1.9208003409186127
J8	14	12	34	74	0.8695920617631225
J9	16	7	71	16	1.6931163843072876
J10	15	13	16	24	0.4015146807246528
J11	14	14	5	94	0.35201110428251026
J12	16	4	44	10	0.8380407136044115
\\ Jobs in machine 2
11
J13	14	10	71	80	0.6008815313189247
J14	15	9	26	13	1.706503116750854
J15	14	9	33	26	0.698992077877357
J16	14	6	92	16	1.2536888618426654
J17	14	9	86	51	1.785944581210602
J18	15	6	51	30	0.2545722920932434
J19	14	2	9	68	0.6349347503218986
J20	17	2	46	70	1.1253706748804317
J21	13	3	50	1	1.2188877147574235
J22	16	1	29	97	1.4529845105836054
J23	14	3	74	112	0.3097952446306541
\\ Jobs in machine 3
12
J24	15	8	60	37	0.1
J25	14	8	101	45	1.1544764757198045
J26	16	7	5	71	0.951737512435336
J27	15	1	68	33	0.9900884633981052
J28	14	2	76	34	1.6264310452978317
J29	14	14	67	22	0.9058665733890937
J30	15	8	105	49	1.1622617609767238
J31	13	9	109	12	1.0416637106757096
J32	14	7	104	85	1.3558760895533373
J33	16	12	106	95	0.9022342618583057
J34	13	8	5	55	2.096255536364288
J35	14	6	8	3	0.8745880513492448
\\ Jobs in machine 4
10
J36	15	4	16	69	0.9305706912621681
J37	15	5	37	78	1.1079732377426297
J38	14	14	56	70	0.830124866837137
J39	16	12	79	85	1.4826819627176258
J40	15	14	53	17	1.3104009624963309
J41	16	4	48	66	0.1
J42	16	2	11	1	1.6823614735472558
J43	14	2	98	101	1.0818455451502194
J44	12	3	41	61	0.6540343849352935
J45	14	10	77	85	1.46532246796339
\\ Jobs in machine 5
12
J46	16	4	76	46	0.6515643916924915
J47	14	1	86	60	1.448034347226154
J48	14	6	68	72	1.7792958628846012
J49	16	9	27	92	1.6746143295020888
J50	14	13	22	60	1.5808565341305882
J51	15	3	99	22	1.3000862335139403
J52	16	10	71	55	0.6215393589318062
J53	15	3	82	79	1.0690569883674983
J54	14	5	62	107	1.290711794188074
J55	14	9	38	61	1.8797070043293655
J56	12	8	94	27	0.4199073564351218
J57	14	13	2	98	1.1349767110377038
\\ Jobs in machine 6
10
J58	15	11	36	81	1.4644193387949316
J59	14	2	90	36	0.8197033636544871
J60	16	12	48	59	1.515274693379623
J61	15	13	74	61	0.7330213445415787
J62	15	4	54	41	1.3577604166582753
J63	15	5	85	13	0.6797712665997316
J64	15	10	33	10	1.3955330376965671
J65	14	5	96	6	0.8660190254869577
J66	14	13	25	68	1.583943206234192
J67	14	1	6	12	0.6600706046185804
\\ Jobs in machine 7
12
J68	11	6	60	61	1.7759846874909662
J69	18	10	11	83	1.9085519941157214
J70	15	11	80	12	1.1866932334348137
J71	14	7	6	62	1.3054125671351393
J72	16	1	96	102	2.0880763211811137
J73	15	1	72	46	1.1252821111133704
J74	15	9	85	105	2.015211585541624
J75	15	4	43	76	0.6456770456251761
J76	15	10	82	37	1.5126473907574027
J77	13	13	87	16	1.1367069788037272
J78	16	11	2	99	0.7012759137792072
J79	16	8	83	66	1.8067319554967662
\\ Jobs in machine 8
11
J80	15	9	75	85	1.534550729089124
J81	13	12	2	77	2.0302353729404716
J82	15	6	106	57	0.12870147643032914
J83	16	1	33	28	1.3700795415238478
J84	15	4	72	32	0.8885259208495605
J85	15	5	98	4	0.6681310042066442
J86	15	2	13	87	1.4108192813298115
J87	13	12	62	5	1.35072071144073
J88	14	10	101	76	1.5693357075912269
J89	16	8	98	81	1.4818820473414438
J90	15	7	99	99	1.4670485915040696
\\ Jobs in machine 9
11
J91	13	7	61	15	1.5719855182311213
J92	14	3	18	61	0.9814019724339021
J93	13	7	64	45	1.2218332595629111
J94	16	11	16	47	1.4226490752432863
J95	16	11	97	43	0.8770801446813448
J96	15	13	79	110	0.68609432955572
J97	16	12	22	13	0.4126761616332043
J98	13	12	58	61	1.268512445640357
J99	14	14	59	16	0.9385721484991741
J100	15	6	81	67	1.720159084093788
J101	16	9	34	56	1.788593688952552
\\ Jobs in machine 10
12
J102	16	4	75	107	0.9674708988353736
J103	15	11	42	31	1.7725378992630043
J104	13	13	11	58	1.7779851082192537
J105	15	10	59	71	1.8698167590417418
J106	14	1	76	23	1.9091845669804302
J107	15	13	48	86	1.1907713798972623
J108	13	5	29	98	1.2235672768170625
J109	15	11	81	55	1.088771165880206
J110	15	5	101	24	0.8507551236066883
J111	16	11	87	93	0.9239840974981646
J112	15	2	95	34	2.610346208746327
J113	13	8	99	40	0.3621296855523233
\\ Jobs in machine 11
11
J114	14	11	99	30	0.9062848159425759
J115	14	2	61	53	1.39356841190064
J116	14	6	36	16	1.4202253971026066
J117	15	3	81	76	0.6803657616829455
J118	14	1	33	75	0.5527789615010238
J119	15	6	98	41	0.6347719098405241
J120	15	1	93	71	1.4598019967821967
J121	15	14	15	76	0.7953302700913791
J122	14	5	110	38	1.4497128616176735
J123	14	13	51	97	0.5950220923454741
J124	13	11	58	24	1.3016893320782226
\\ Jobs in machine 12
10
J125	14	8	90	30	1.4309062716174143
J126	14	7	18	51	1.163405434125981
J127	14	1	90	89	0.5633080995395077
J128	14	6	96	13	1.3181141433749253
J129	13	6	71	38	0.8472955380504836
J130	16	10	44	39	2.1192444902703347
J131	14	13	70	32	1.8062810348872471
J132	15	4	76	109	0.6658987017926931
J133	15	4	99	2	2.1247432403895474
J134	15	12	99	37	0.7255963795121882
\\ Jobs in machine 13
10
J135	15	11	48	79	1.9568911028171665
J136	15	2	96	78	1.0670201970359063
J137	15	6	86	65	1.0638342868722874
J138	15	8	12	94	1.329784374975148
J139	12	14	50	50	1.2732166882926612
J140	15	10	110	92	0.9218260712208737
J141	14	13	28	102	0.5577903833959802
J142	14	12	75	66	1.2216539578749888
J143	16	5	13	90	1.5294784377073076
J144	16	5	96	77	0.8762644994240869
\\ Jobs in machine 14
12
J145	15	6	58	64	2.600628086018265
J146	14	12	45	92	2.0222656168522266
J147	14	1	8	50	1.1411653825043602
J148	15	7	77	1	1.217710572530145
J149	14	2	61	95	1.1959957279563433
J150	16	14	98	107	0.5211258405511496
J151	14	7	103	55	1.2971287305365495
J152	14	14	80	25	1.8231589932678056
J153	15	10	4	52	1.248837814804316
J154	12	2	33	100	1.0259140479031823
J155	14	1	99	112	0.8908050849173896
J156	15	5	66	41	0.1
\\ Jobs in machine 15
11
J157	16	2	45	49	1.659060126583809
J158	14	14	107	5	1.3991298021463754
J159	14	7	54	26	0.7443070325849348
J160	12	6	45	89	1.89963599790531
J161	14	11	101	99	0.5666895095357118
J162	13	8	83	57	1.0224264031198953
J163	14	11	97	92	0.8891634153940806
J164	14	6	80	71	1.168146922449501
J165	13	3	32	53	2.472772918619688
J166	15	3	23	30	1.3087976163788568
J167	14	5	80	47	1.5244554738224698
\\ Dependencies 
586
1	2
1	3
1	4
1	6
1	7
1	8
1	10
1	11
1	12
2	4
2	5
2	6
2	7
2	12
3	4
3	6
3	8
3	9
3	10
3	11
3	12
4	5
4	8
4	9
4	10
4	11
4	12
5	6
5	7
5	10
5	11
5	12
6	7
6	9
6	10
6	11
6	12
7	8
7	11
7	12
8	9
8	10
8	12
9	10
9	11
9	12
10	11
13	14
13	15
13	16
13	17
13	18
13	19
13	21
13	22
14	17
14	18
14	19
14	20
14	21
14	22
15	16
15	17
15	19
16	19
16	22
16	23
17	18
17	19
17	20
17	21
17	23
18	20
18	21
18	22
18	23
19	20
19	22
19	23
20	21
20	22
20	23
21	22
21	23
22	23
24	25
24	26
24	27
24	29
24	30
24	31
24	32
24	33
24	34
25	26
25	30
25	34
25	35
26	27
26	28
26	30
26	32
26	34
26	35
27	30
27	31
27	32
27	33
27	34
27	35
28	29
28	30
28	31
28	32
28	33
28	35
29	32
29	33
29	34
30	31
30	33
30	35
31	33
31	34
31	35
32	33
32	34
32	35
33	34
33	35
34	35
36	37
36	38
36	40
36	42
36	45
37	38
37	40
37	43
37	45
38	40
38	42
38	43
38	44
39	40
39	41
39	42
39	43
39	44
39	45
40	41
40	43
40	45
41	42
41	43
41	45
42	43
43	44
43	45
44	45
46	48
46	49
46	50
46	51
46	53
46	54
46	55
46	57
47	49
47	51
47	53
47	54
47	55
47	57
48	49
48	50
48	51
48	52
48	54
48	55
48	56
49	50
49	52
49	53
49	54
50	51
50	52
50	53
50	54
50	57
51	52
51	53
51	54
51	55
51	56
51	57
52	53
52	54
53	55
53	56
53	57
54	55
54	56
54	57
55	56
55	57
56	57
58	59
58	60
58	62
58	64
58	67
59	60
59	61
59	62
59	63
59	65
59	66
59	67
60	61
60	62
60	63
60	64
60	65
60	66
60	67
61	64
61	66
62	63
62	64
62	67
63	64
63	65
64	66
64	67
65	67
66	67
68	69
68	70
68	71
68	72
68	73
68	76
68	77
68	78
68	79
69	74
69	76
69	77
69	78
69	79
70	71
70	72
70	73
70	74
70	75
70	77
70	78
71	74
71	75
71	77
71	78
71	79
72	73
72	76
72	78
72	79
73	74
73	75
73	77
73	79
74	75
74	78
74	79
75	76
75	77
76	77
77	78
78	79
80	81
80	82
80	85
80	86
80	87
80	89
81	82
81	84
81	85
81	86
81	87
81	88
81	89
81	90
82	84
82	86
82	87
82	90
83	84
83	85
83	86
83	87
83	88
83	89
83	90
84	86
84	89
84	90
85	87
85	89
85	90
86	87
86	88
86	89
86	90
88	89
89	90
91	93
91	94
91	95
91	97
91	98
91	100
91	101
92	93
92	94
92	96
92	97
92	99
92	100
92	101
93	96
93	97
93	98
93	99
93	100
93	101
94	95
94	96
94	97
94	98
94	100
95	97
95	98
95	100
96	100
96	101
97	98
97	100
97	101
99	100
99	101
100	101
102	104
102	105
102	107
102	109
102	110
102	111
102	112
102	113
103	104
103	105
103	106
103	107
103	110
103	111
103	112
103	113
104	105
104	106
104	107
104	109
104	110
104	111
104	112
104	113
105	106
105	107
105	109
105	110
105	113
106	107
106	108
106	109
106	112
106	113
107	111
107	112
107	113
108	109
108	110
108	111
108	112
108	113
109	111
110	111
110	113
111	113
112	113
114	116
114	117
114	119
114	120
114	123
114	124
115	116
115	117
115	118
115	119
115	120
115	122
115	124
116	117
116	118
116	119
116	120
116	121
116	123
117	118
117	119
117	120
117	121
117	123
118	119
118	122
118	123
118	124
119	120
119	121
119	122
119	124
120	123
120	124
121	122
121	123
121	124
122	123
125	128
125	129
125	130
125	132
125	133
125	134
126	127
126	128
126	129
126	130
126	131
126	132
126	133
126	134
127	128
127	130
127	131
127	132
127	134
128	129
128	130
128	131
128	132
128	133
128	134
129	131
129	132
129	133
130	131
130	132
130	133
130	134
131	132
131	133
131	134
133	134
135	137
135	138
135	141
135	142
135	143
135	144
136	137
136	139
136	140
136	141
136	143
136	144
137	140
137	141
137	142
137	144
138	139
138	140
138	141
138	143
138	144
139	141
139	143
139	144
140	142
140	143
140	144
141	144
142	143
142	144
143	144
145	147
145	149
145	150
145	152
145	153
145	154
145	156
146	147
146	148
146	149
146	151
146	152
146	153
146	154
146	155
147	148
147	150
147	151
147	153
148	149
148	152
148	153
148	155
148	156
149	150
149	152
149	154
150	152
150	153
150	154
150	155
151	152
151	153
151	155
151	156
152	154
152	156
153	155
153	156
154	155
154	156
155	156
157	158
157	159
157	160
157	162
157	164
157	166
158	159
158	160
158	162
158	163
158	164
158	165
158	166
158	167
159	160
159	161
159	162
159	164
159	165
159	166
159	167
160	161
160	165
160	166
160	167
161	163
161	165
161	166
161	167
162	163
162	165
162	166
162	167
163	164
163	165
163	166
164	165
164	166
164	167
166	167
