\\ machines
10
\\ max power
100
\\ Jobs in machine 1
11
J1	15	13	101	8	1.4518640704977934
J2	16	1	60	27	1.1411611678761748
J3	15	8	73	11	1.289902847464475
J4	14	6	107	36	0.9788263482599345
J5	14	9	104	1	1.929710462107444
J6	15	6	88	21	1.1419167158235854
J7	15	7	90	16	1.821642142165317
J8	13	4	41	4	0.30510089485720415
J9	15	2	96	50	1.373239090840478
J10	16	10	12	3	1.2320184562320404
J11	12	6	10	4	1.03802590191825
\\ Jobs in machine 2
12
J12	14	14	16	13	1.5491591583338142
J13	15	1	19	15	1.4358379906650278
J14	13	9	98	49	1.2155659555811873
J15	15	9	93	25	1.6339576823389323
J16	14	1	43	27	2.0419999623818343
J17	15	11	29	47	1.0240276889676516
J18	14	14	102	21	1.2415428351812596
J19	15	4	14	18	1.008254813668312
J20	15	3	88	4	0.27255158388601586
J21	16	2	72	23	1.4957781545289817
J22	14	7	4	26	0.8099139819012786
J23	16	14	67	15	2.0280004175828648
\\ Jobs in machine 3
10
J24	16	1	67	14	1.1921286412952303
J25	15	9	42	48	1.2098026383045453
J26	14	13	95	15	1.7138511818957718
J27	15	6	89	17	1.0539032779886988
J28	13	5	63	46	1.1287872930569536
J29	16	14	22	24	0.4503992384402167
J30	14	14	3	27	1.6916125738164005
J31	16	7	3	3	0.7527241669047784
J32	15	6	106	5	1.626401352712111
J33	14	11	91	5	0.963517913132206
\\ Jobs in machine 4
10
J34	14	14	11	37	1.2098049214877473
J35	15	13	80	10	0.5172378042637028
J36	14	11	51	25	1.9684923230349267
J37	15	7	21	32	0.593016622973404
J38	14	10	74	32	1.510205744896131
J39	14	14	37	26	1.518840402606956
J40	15	9	93	26	1.807913446316984
J41	15	13	19	9	1.857027032154368
J42	12	10	66	41	1.307364526510018
J43	15	3	102	26	1.4941552567246572
\\ Jobs in machine 5
11
J44	15	3	75	15	1.9648029389094888
J45	15	6	72	1	1.0366455394296674
J46	15	9	58	15	0.9753657244061458
J47	14	14	36	23	0.871423242979244
J48	15	12	76	25	0.3247414308289467
J49	14	3	31	17	1.4991098040875266
J50	15	10	46	34	0.8941605778669668
J51	13	4	75	41	0.8792012341338634
J52	14	8	65	18	1.8746529600485724
J53	15	2	30	2	1.269257456264249
J54	16	8	79	29	0.32329505055589347
\\ Jobs in machine 6
10
J55	14	9	4	15	0.9891102987282091
J56	15	7	7	47	1.857720164205214
J57	14	6	76	16	1.4783323181673849
J58	14	6	87	12	1.1791464008684414
J59	15	10	97	43	1.0204607486565649
J60	13	2	49	15	0.7250871195310877
J61	14	9	104	1	1.1601954064355153
J62	15	12	62	26	0.9234712594640939
J63	15	13	67	43	1.9538474929817768
J64	14	1	101	5	0.7938515374073845
\\ Jobs in machine 7
13
J65	15	7	29	13	1.9404623125081435
J66	14	3	31	8	2.00740021719812
J67	16	11	59	5	1.251637197352131
J68	14	11	106	47	1.1731763708564191
J69	15	2	73	16	1.274832167537571
J70	15	13	54	44	1.3680120596636713
J71	14	11	7	39	0.7319549056919992
J72	14	3	23	34	1.2161135713160431
J73	14	13	3	17	1.2852297547952254
J74	12	6	87	9	0.8276346958555438
J75	14	2	63	14	0.8275200543541964
J76	16	11	66	3	0.34032093367754435
J77	13	2	75	8	1.200139758702483
\\ Jobs in machine 8
11
J78	13	2	20	31	0.7135708697251704
J79	16	8	100	26	0.3968815084523176
J80	14	5	31	16	1.3841853676917237
J81	15	14	46	37	1.2870808382823453
J82	14	10	45	28	1.132478475431665
J83	15	14	12	16	1.0682444238635054
J84	15	3	18	49	1.8242010914154778
J85	12	4	33	10	1.4886619031013473
J86	14	5	37	6	0.8449237474616005
J87	15	14	31	21	1.50624954078005
J88	11	7	24	34	2.0297037649113916
\\ Jobs in machine 9
11
J89	15	11	26	11	0.957586025748491
J90	13	6	73	12	1.180541532084731
J91	14	10	84	4	0.1
J92	14	8	8	44	1.0439977445154445
J93	14	13	98	39	0.9834564108478017
J94	15	1	104	47	1.6917565974201465
J95	15	10	102	27	0.28700074220984195
J96	14	4	23	25	2.1311216923118357
J97	14	4	80	30	1.1601048457011018
J98	15	7	20	29	1.3120315859798994
J99	14	9	90	8	0.8514910976970897
\\ Jobs in machine 10
11
J100	14	10	67	49	0.522647244693154
J101	15	11	66	10	2.4485683866628234
J102	16	10	3	9	0.9406168965920898
J103	17	9	13	20	1.2405381050557438
J104	15	3	5	22	0.6117352242866979
J105	16	13	10	41	1.6205271240204842
J106	16	12	57	18	1.8130109034442403
J107	15	2	99	16	0.8923779382768509
J108	13	8	79	4	1.759007039933262
J109	13	12	92	22	2.093067698254438
J110	14	11	23	41	1.483438805986013
\\ Dependencies 
215
1	3
1	5
1	7
1	8
1	9
1	11
2	4
2	5
2	6
2	11
3	9
3	10
4	5
5	8
5	10
5	11
6	10
6	11
8	10
9	10
12	13
12	16
12	17
12	18
12	22
13	14
13	20
13	23
14	15
14	18
14	19
14	21
14	22
15	17
15	18
15	21
16	17
16	18
16	19
16	23
17	20
17	21
18	21
18	22
19	21
20	21
20	23
21	22
24	33
25	26
25	27
25	28
25	30
25	32
26	29
27	28
27	30
28	29
28	32
28	33
29	31
31	33
34	37
34	40
34	43
35	36
35	39
35	41
36	38
36	41
36	43
37	38
38	39
39	40
39	41
40	41
44	45
44	48
44	49
44	51
44	52
44	53
44	54
45	47
45	49
45	52
45	53
46	47
46	48
46	49
46	50
46	54
47	48
47	49
47	50
47	52
48	50
48	51
48	52
48	53
48	54
49	51
49	53
50	51
50	52
51	52
52	53
52	54
55	56
55	58
55	59
55	61
55	63
56	63
56	64
57	58
57	59
57	60
57	64
58	59
58	62
59	60
60	61
60	63
62	63
65	69
65	77
66	69
66	73
67	69
68	70
68	73
68	76
68	77
69	72
69	74
70	71
70	74
70	76
71	76
73	75
73	76
74	77
75	77
78	79
78	85
78	86
78	88
79	82
79	88
80	81
80	84
80	85
80	86
80	87
81	82
81	85
81	86
81	88
82	83
83	86
83	88
84	88
85	88
86	87
89	91
89	92
89	96
89	99
90	94
90	96
90	99
91	92
91	96
91	99
92	95
92	96
92	97
93	95
93	97
93	98
93	99
94	97
94	98
96	98
96	99
100	101
100	104
100	108
100	109
100	110
101	102
101	104
101	106
101	107
102	103
102	104
102	105
102	107
102	110
103	104
103	105
103	108
103	109
104	107
105	106
105	107
105	108
106	107
106	109
107	108
107	109
108	109
108	110
109	110
