\\ machines
20
\\ max power
200
\\ Jobs in machine 1
10
J1	16	12	53	71	1.9544001199902206
J2	13	1	45	98	1.5325978294966158
J3	16	7	73	91	1.1928481248597942
J4	14	4	88	7	0.19599333972198618
J5	14	8	11	90	1.0637157308013323
J6	15	7	9	44	1.1956592713676215
J7	15	4	95	91	0.8694005849504364
J8	15	7	50	54	1.0458829708866184
J9	13	4	44	15	0.49240172650037617
J10	14	13	30	12	0.452055732811244
\\ Jobs in machine 2
11
J11	14	8	3	50	1.5581897989177986
J12	14	8	23	59	0.7677988656850547
J13	14	9	41	2	0.5198853528692413
J14	14	8	103	6	2.053387348272294
J15	15	6	23	78	1.9503229373403697
J16	13	13	20	96	0.291195825690464
J17	16	3	43	95	0.7559106760130614
J18	14	10	98	82	1.8555082823743139
J19	14	5	28	49	1.0075463088916483
J20	14	12	3	54	1.7009073496693148
J21	17	13	110	15	1.9949479186771306
\\ Jobs in machine 3
10
J22	16	11	67	94	1.4346408730787967
J23	14	1	12	83	0.7892482906233569
J24	14	13	2	91	1.215331229740827
J25	16	12	100	69	0.5556559701164355
J26	14	12	108	86	0.9850132463129765
J27	15	1	81	43	1.60839520945144
J28	15	4	65	43	0.8878089118830825
J29	13	1	108	31	0.7502018237422412
J30	14	6	61	66	1.9362854684135407
J31	15	6	66	22	0.5418012970340255
\\ Jobs in machine 4
11
J32	17	1	40	19	1.175723858940986
J33	13	9	85	78	1.5150564556442392
J34	14	5	4	53	1.4783271246250667
J35	13	2	50	6	1.0809528203266927
J36	14	14	21	69	0.1
J37	15	10	70	45	1.9022199868049463
J38	16	4	108	43	1.1619568074417945
J39	13	11	28	59	1.1246155513110598
J40	15	14	93	31	1.4598293405504428
J41	15	13	92	47	0.34139473129945386
J42	16	5	81	73	1.242078410540091
\\ Jobs in machine 5
11
J43	14	14	101	49	1.0740470953100318
J44	14	13	107	14	0.7824841619079526
J45	13	14	86	91	0.6955833634083641
J46	15	4	108	82	2.105698001297409
J47	12	2	49	7	0.5863233482206949
J48	12	3	87	1	0.6335891017630403
J49	13	9	86	70	2.135654199261673
J50	14	14	42	61	1.043763499590885
J51	15	10	2	51	1.7885456584913233
J52	16	9	89	88	0.555500703315875
J53	14	11	106	21	1.6342884131552116
\\ Jobs in machine 6
10
J54	14	3	73	1	0.7839467623961816
J55	15	1	97	53	1.5934629010059849
J56	15	4	90	47	0.8648926689801465
J57	14	1	10	81	1.9687281635641756
J58	12	3	40	55	1.7345915454136906
J59	14	6	11	14	1.6442505190012622
J60	14	8	15	12	0.880937156591344
J61	14	10	10	80	1.033106151654787
J62	14	14	25	37	0.8147627547458035
J63	14	6	5	77	0.8935441175832574
\\ Jobs in machine 7
11
J64	13	14	49	10	0.46357775087051367
J65	15	9	80	41	1.114871456316799
J66	13	7	41	92	0.7960988549343118
J67	15	11	34	99	2.2686949836830284
J68	14	4	98	46	0.9695980405667198
J69	15	11	67	42	1.5745184791950866
J70	15	9	84	74	0.575435617811387
J71	13	8	44	62	2.199504902607425
J72	15	3	30	5	0.9731867783799247
J73	15	11	66	42	0.5882992661572571
J74	16	1	68	55	1.112700191631455
\\ Jobs in machine 8
12
J75	13	9	31	29	1.1359577906925205
J76	14	10	22	44	1.2337957991014379
J77	12	7	70	11	1.33722094397901
J78	15	12	95	74	0.7921824821232024
J79	16	12	19	86	1.0978977354523063
J80	14	9	106	81	0.6257201459500825
J81	14	1	47	46	1.7199235591668842
J82	13	13	23	85	1.1610468204186055
J83	15	13	15	59	1.0205971588353746
J84	13	6	76	74	2.2191702227024566
J85	15	9	31	89	0.20002666154851267
J86	14	14	76	13	1.358437656994051
\\ Jobs in machine 9
13
J87	14	14	74	63	0.3655775257392597
J88	14	14	83	13	0.6726061116901152
J89	17	8	96	12	1.0655304601952786
J90	15	4	99	45	0.9663525506851215
J91	14	2	88	9	2.2826860735853813
J92	15	5	51	95	1.5464564105418264
J93	14	1	71	92	1.2781849936305991
J94	13	2	102	4	0.9819197238395279
J95	15	1	64	26	2.3590004713260244
J96	14	14	103	44	0.12132542290997494
J97	17	5	47	9	1.5094715669541925
J98	14	4	75	78	1.4589950883874185
J99	15	6	36	73	1.4908790443027693
\\ Jobs in machine 10
11
J100	14	9	14	50	1.5071894723332144
J101	15	9	105	6	1.068313615025767
J102	14	12	36	49	1.882825171531413
J103	13	1	102	26	1.0625925756687136
J104	14	1	94	83	1.3150380390610132
J105	14	9	43	47	1.742309309786141
J106	13	1	38	51	0.38173533644828783
J107	15	10	82	89	0.8474285423702104
J108	14	13	59	55	1.0003636049676883
J109	14	14	43	3	0.8773745623024874
J110	14	14	90	80	2.0250665453146937
\\ Jobs in machine 11
10
J111	15	2	6	28	1.5518557059428901
J112	14	4	22	9	1.580029294488175
J113	16	5	90	72	1.3940570581327243
J114	16	13	96	97	1.409474478393549
J115	14	5	104	93	2.6006910050972403
J116	15	2	42	81	1.1975169151947236
J117	15	5	2	77	2.442389012662699
J118	14	3	84	58	0.43438729535016896
J119	15	1	21	42	1.8044024947109505
J120	15	12	58	40	0.7324050422840978
\\ Jobs in machine 12
11
J121	14	14	64	10	1.0507925844231887
J122	14	2	40	82	1.144262884723786
J123	14	12	17	35	1.5657796555598866
J124	14	9	106	56	0.7406987561237158
J125	13	12	74	59	1.2835830807428124
J126	14	8	33	52	0.16666187938874688
J127	17	4	15	53	0.9393696987954383
J128	14	12	78	8	1.4228873491628273
J129	17	6	83	33	0.8888185947914655
J130	13	4	80	55	1.5168939860027981
J131	14	3	29	48	1.3397109694074845
\\ Jobs in machine 13
12
J132	13	2	47	80	0.8148836517975201
J133	15	3	11	3	1.6234055007678376
J134	15	6	16	53	1.0274696135460033
J135	15	10	24	35	1.3038712592215265
J136	15	13	86	23	0.1
J137	16	6	6	72	0.8303877629815419
J138	15	8	60	76	1.4369779549635802
J139	14	2	21	2	0.5278888666686739
J140	15	9	66	37	1.5620515101901455
J141	15	13	26	29	1.0094428171799046
J142	15	1	103	51	2.003393917682336
J143	14	6	14	57	1.06933891846337
\\ Jobs in machine 14
13
J144	15	4	44	43	0.8154277510832142
J145	13	11	93	29	1.4871673546726847
J146	14	8	20	99	1.315759794531608
J147	14	4	50	80	1.3615328453241884
J148	15	3	94	100	0.6924143031496947
J149	14	7	12	81	1.9184337838054333
J150	15	4	105	70	2.3685563999145156
J151	14	5	39	81	0.8619163582922704
J152	14	10	69	9	1.117581808100131
J153	13	1	96	4	0.8038366336555696
J154	14	2	47	56	1.7097450599544652
J155	14	3	99	73	1.742344253275371
J156	13	9	24	4	1.4292599318730312
\\ Jobs in machine 15
10
J157	16	12	10	89	0.9185620848079292
J158	15	9	93	92	0.9426682885935722
J159	14	12	99	16	1.890424334200958
J160	12	1	73	59	1.4067867421143503
J161	14	2	46	41	1.5965107612475213
J162	12	2	23	1	1.1800540860257136
J163	15	1	11	83	1.0809454826235543
J164	14	6	38	70	0.8045335521442264
J165	13	12	109	19	0.803144475041613
J166	14	8	6	19	0.7710992992647321
\\ Jobs in machine 16
11
J167	14	8	104	40	1.353889440550231
J168	15	11	82	14	0.6215640775392037
J169	14	5	102	41	1.3406367904994516
J170	13	6	56	3	1.9711202095324496
J171	15	3	77	36	1.209407139429281
J172	15	3	98	91	1.6358126459779077
J173	14	5	20	59	1.443717102318915
J174	15	1	72	76	1.426465847062017
J175	12	12	25	40	0.6845857505766125
J176	15	3	27	70	1.4294939596374363
J177	16	2	102	23	1.7094268854902999
\\ Jobs in machine 17
13
J178	13	5	29	4	0.7251502462939086
J179	14	9	23	60	0.9169664414589005
J180	14	3	42	58	1.540270092825823
J181	14	14	20	49	2.0860785990099022
J182	15	6	57	66	1.4879820571638875
J183	16	7	43	60	0.7212955217040722
J184	16	12	32	94	0.265734756188418
J185	14	4	4	50	1.6496421149244653
J186	14	8	83	8	2.1184764218821073
J187	13	3	55	58	1.231285404983949
J188	15	14	62	90	1.0168252523754673
J189	15	7	44	57	1.7015041474171624
J190	14	2	18	37	1.1854524771177162
\\ Jobs in machine 18
11
J191	14	3	80	79	0.8541443774708732
J192	14	14	32	22	1.1796210495978632
J193	14	10	75	28	0.44073562916584874
J194	14	11	58	29	0.5759164880060519
J195	14	4	17	100	1.363669080454068
J196	15	13	86	36	0.1
J197	15	9	12	34	0.93090640131819
J198	14	14	92	26	1.4215979282416575
J199	16	10	72	59	1.4368327756681127
J200	14	14	17	25	1.5070369625501159
J201	15	3	71	27	2.012345834621005
\\ Jobs in machine 19
11
J202	14	10	28	17	0.7150857152817128
J203	15	8	33	8	0.9535084756908349
J204	15	5	26	14	1.3808860914708836
J205	15	6	88	26	1.348451474464402
J206	15	11	105	61	1.54503027911903
J207	14	6	36	64	1.8898916293372334
J208	12	7	70	35	1.0450071433584038
J209	14	6	40	22	1.6365344196471654
J210	14	14	57	5	1.4429018827177615
J211	14	4	60	74	1.694650365505947
J212	15	2	44	2	1.3915350777200792
\\ Jobs in machine 20
10
J213	14	1	40	79	0.6903880217738311
J214	14	9	25	24	1.3725248743577676
J215	13	13	91	3	0.1
J216	14	13	5	78	1.013767980234921
J217	15	7	3	91	0.4882374923714806
J218	15	8	43	25	1.1115169675259406
J219	16	9	77	45	1.5388123989186742
J220	15	7	65	71	1.3112781113675966
J221	16	10	96	69	1.0661959242020993
J222	14	3	71	56	0.860287606575046
\\ Dependencies 
801
1	3
1	4
1	5
1	7
2	3
2	4
2	5
2	6
2	7
2	8
2	9
2	10
3	5
3	6
3	8
3	9
4	7
4	8
5	6
5	7
5	8
5	9
5	10
7	8
7	9
7	10
8	9
8	10
9	10
11	13
11	14
11	18
11	20
11	21
12	13
12	14
12	15
12	16
12	17
12	18
12	19
13	14
13	15
13	16
13	17
13	18
13	20
14	15
14	16
14	18
14	19
14	20
14	21
15	17
15	18
15	20
15	21
16	19
16	21
17	19
17	20
17	21
18	19
19	20
19	21
20	21
22	23
22	24
22	25
22	26
22	27
22	28
22	29
22	30
22	31
23	24
23	26
23	27
23	29
23	30
23	31
24	26
24	27
24	28
24	29
24	30
24	31
25	27
25	29
25	30
25	31
26	28
26	29
26	30
26	31
27	28
27	31
28	29
28	30
28	31
29	30
29	31
30	31
32	33
32	34
32	35
32	37
32	39
32	40
32	41
32	42
33	34
33	35
33	36
33	37
33	38
33	39
33	40
33	42
34	35
34	36
34	37
34	38
34	39
34	40
35	37
35	38
35	41
35	42
36	38
36	39
36	40
36	42
37	40
37	41
37	42
38	39
38	40
38	41
38	42
39	40
39	41
39	42
40	41
40	42
41	42
43	45
43	47
43	49
43	50
43	51
43	52
43	53
44	45
44	46
44	48
44	49
44	51
44	52
44	53
45	46
45	48
45	49
45	51
45	52
45	53
46	47
46	48
46	51
46	52
47	48
47	49
47	50
47	51
47	53
48	49
48	51
48	53
49	50
49	53
50	51
50	52
50	53
51	52
52	53
54	56
54	59
54	60
54	61
54	62
55	56
55	57
55	58
55	60
55	63
56	57
56	58
56	59
56	60
56	61
56	62
56	63
57	58
57	59
57	62
57	63
58	59
58	60
58	62
58	63
59	60
59	61
59	63
62	63
64	65
64	66
64	67
64	69
64	70
64	72
64	73
64	74
65	66
65	67
65	68
65	70
65	71
65	72
65	73
65	74
66	69
66	71
66	72
66	73
67	71
67	73
67	74
68	69
68	70
68	72
68	73
68	74
69	71
69	72
69	74
70	72
70	73
70	74
71	72
71	74
73	74
75	76
75	77
75	78
75	79
75	80
75	81
75	82
75	83
75	84
75	85
76	81
76	82
76	84
77	78
77	81
77	83
77	84
77	86
78	80
78	82
78	83
78	84
78	85
78	86
79	80
79	81
79	82
79	83
80	81
80	82
80	83
80	85
80	86
81	82
81	83
81	85
82	86
83	84
83	85
83	86
84	85
84	86
85	86
87	89
87	91
87	92
87	93
87	95
87	96
87	97
87	99
88	89
88	91
88	92
88	93
88	94
88	95
88	96
88	97
88	99
89	90
89	91
89	94
89	95
89	97
89	98
89	99
90	91
90	92
90	94
90	95
90	97
90	98
90	99
91	92
91	93
91	95
91	96
91	97
91	98
92	93
92	94
92	95
92	96
92	97
92	98
93	96
93	97
93	98
93	99
94	95
94	96
94	98
95	96
95	97
95	99
96	97
97	98
98	99
100	101
100	102
100	103
100	104
100	105
100	106
100	107
100	108
100	110
101	102
101	103
101	104
101	105
101	106
101	109
101	110
102	103
102	104
102	105
102	106
102	107
102	109
102	110
103	104
103	108
103	109
103	110
104	106
104	108
104	109
104	110
105	107
106	107
106	108
107	108
107	109
108	109
109	110
111	113
111	114
111	116
111	117
111	118
111	119
111	120
112	114
112	117
112	118
112	119
113	114
113	115
113	116
113	119
113	120
114	115
114	116
114	117
114	118
114	119
114	120
115	116
115	117
115	118
115	120
116	117
116	118
116	119
116	120
117	119
117	120
118	120
121	122
121	123
121	125
121	126
121	130
122	123
122	124
122	126
122	127
122	128
122	130
122	131
123	126
123	127
123	128
123	131
124	125
124	126
124	127
124	128
124	131
125	126
125	128
125	131
126	127
126	129
126	130
127	129
127	130
128	131
130	131
132	134
132	135
132	136
132	138
132	140
132	141
132	143
133	134
133	135
133	136
133	137
133	138
133	139
133	141
133	142
133	143
134	135
134	136
134	139
134	140
134	143
135	136
135	137
135	138
135	140
135	141
135	142
136	138
136	140
136	142
136	143
137	138
137	140
137	141
137	143
138	139
138	140
138	141
138	142
139	141
139	142
139	143
140	141
140	142
140	143
141	142
141	143
142	143
144	145
144	146
144	147
144	148
144	149
144	150
144	153
144	155
144	156
145	146
145	147
145	151
145	152
145	155
145	156
146	147
146	148
146	149
146	150
146	152
146	154
146	156
147	148
147	149
147	150
147	151
147	152
147	153
147	156
148	149
148	150
148	153
148	154
148	155
148	156
149	150
149	151
149	153
149	155
150	151
150	154
150	155
151	153
151	154
151	156
152	153
152	154
152	155
152	156
153	154
153	156
154	156
157	158
157	159
157	160
157	163
157	165
157	166
158	159
158	160
158	161
158	162
158	163
158	164
158	165
159	162
159	163
159	164
159	165
159	166
160	161
160	162
160	164
160	165
160	166
161	162
161	163
161	165
162	163
162	164
162	165
162	166
163	164
163	165
163	166
164	166
165	166
167	169
167	170
167	172
167	173
167	174
167	175
167	176
167	177
168	169
168	170
168	171
168	172
168	173
168	174
168	176
168	177
169	172
169	173
169	174
169	175
169	176
169	177
170	171
170	173
170	174
170	175
170	177
171	172
171	173
171	174
171	175
171	176
172	173
172	174
172	175
172	177
173	174
173	175
173	176
173	177
174	175
174	176
174	177
175	176
176	177
178	179
178	180
178	181
178	182
178	184
178	185
178	186
178	187
178	189
179	180
179	181
179	182
179	183
179	184
179	185
179	187
179	189
180	182
180	183
180	184
180	186
180	187
180	188
180	189
180	190
181	182
181	185
181	186
181	187
181	188
182	183
182	184
182	185
182	186
182	187
182	188
182	189
183	185
183	186
183	189
184	185
184	188
184	190
185	186
185	188
185	189
185	190
186	187
186	188
186	190
187	188
187	189
187	190
189	190
191	193
191	194
191	196
191	197
191	200
191	201
192	193
192	194
192	196
192	197
192	198
192	200
193	194
193	195
193	196
193	197
193	198
193	199
193	200
194	195
194	196
194	198
194	199
194	200
194	201
195	196
195	197
195	199
195	201
196	197
196	198
196	200
196	201
197	198
197	199
197	200
198	199
198	200
199	200
199	201
200	201
202	204
202	205
202	206
202	207
202	209
202	210
202	211
202	212
203	204
203	206
203	207
203	208
203	209
203	210
203	212
204	207
204	208
204	209
204	210
204	211
204	212
205	206
205	207
205	208
205	209
205	211
205	212
206	207
206	209
206	210
206	211
206	212
207	209
207	210
207	211
207	212
208	210
210	211
210	212
213	214
213	215
213	216
213	218
213	220
213	221
213	222
214	215
214	216
214	218
214	219
214	220
214	221
214	222
215	216
215	217
215	220
215	222
216	217
216	218
216	219
216	220
216	221
216	222
217	218
217	220
217	222
218	219
218	220
218	221
218	222
219	220
219	221
219	222
221	222
