\\ machines
9
\\ max power
90
\\ Jobs in machine 1
11
J1	14	6	26	16	1.8411428189109635
J2	13	6	79	23	0.27383702868650195
J3	13	14	11	30	1.581497382249327
J4	15	8	95	17	1.494891156490251
J5	17	1	20	21	1.8463539876075785
J6	14	4	63	21	1.8651513772874426
J7	15	4	74	36	0.21814642565525255
J8	13	3	95	42	0.903838980347601
J9	15	4	34	29	1.4910835514222185
J10	15	9	93	35	1.8755402634466198
J11	14	1	83	8	0.8540664859200006
\\ Jobs in machine 2
11
J12	15	4	87	5	0.6620474123905846
J13	14	7	59	33	0.9881827568637671
J14	16	13	94	10	0.7035939634061014
J15	15	14	2	23	0.8364260690444797
J16	14	9	62	12	1.5103808479039067
J17	15	2	59	2	1.7228053601852542
J18	16	8	3	27	0.7533391042130356
J19	15	13	109	39	1.1978278942803866
J20	16	11	4	27	1.507932347052182
J21	14	2	82	4	1.184814112235436
J22	15	11	27	42	0.9211708914704182
\\ Jobs in machine 3
11
J23	13	5	39	18	0.9674909019505353
J24	15	13	93	10	0.6811211054481926
J25	15	7	51	42	1.5983282041894935
J26	14	14	14	14	1.842152082515415
J27	15	14	29	21	0.6473674256654315
J28	14	8	24	25	1.1546470834820726
J29	14	13	76	44	0.7408492205860044
J30	13	2	102	21	1.5531309914446942
J31	13	2	93	7	1.4329312977548794
J32	14	1	40	3	0.891051110571498
J33	13	7	89	17	2.4068955965379235
\\ Jobs in machine 4
11
J34	14	7	62	44	1.1102815434680577
J35	14	8	69	34	1.9523022958980305
J36	16	8	70	8	0.7992282881147688
J37	14	9	81	13	0.38741742733056783
J38	16	9	27	40	0.7140786141568802
J39	15	7	81	19	0.4720073516381619
J40	15	7	102	32	0.7223110048122519
J41	15	14	21	25	1.7153598760202569
J42	15	6	110	24	1.6472620087229377
J43	15	5	55	16	0.7897801705705776
J44	16	14	62	37	1.0732300095686291
\\ Jobs in machine 5
10
J45	15	1	60	38	1.0160231909313007
J46	14	7	56	12	1.2199879456520044
J47	15	8	105	12	0.9899555362361425
J48	16	7	52	16	0.6684299942181151
J49	16	1	50	6	1.6449868944253598
J50	15	12	72	15	0.9194620618362375
J51	14	2	68	9	1.330715238972789
J52	14	2	43	7	1.041387118319588
J53	15	11	75	22	0.6309873466208188
J54	16	13	68	43	1.3897392911276287
\\ Jobs in machine 6
11
J55	14	5	72	13	0.541935790166643
J56	14	10	63	30	1.404136305310609
J57	13	5	86	38	1.0351060667027596
J58	13	13	27	33	1.096913465296226
J59	13	7	47	40	1.1358196390833424
J60	15	11	74	12	1.4790529118463065
J61	13	8	15	39	0.7807997365090493
J62	13	11	26	17	1.2260472545322092
J63	15	1	56	19	0.6555545056672536
J64	14	6	14	28	1.2312028788706335
J65	16	13	42	41	1.5868428060406405
\\ Jobs in machine 7
11
J66	14	12	51	12	1.58098477474057
J67	13	1	71	28	1.2170483096172875
J68	13	14	93	8	1.1642610074263
J69	15	6	64	3	1.0135620602892748
J70	14	10	40	25	1.2503823418747788
J71	15	10	16	7	1.6627572531673742
J72	13	12	31	18	1.4572410527938766
J73	15	6	58	11	1.9821615909365704
J74	14	12	38	6	1.5965201553902406
J75	14	8	94	22	1.1593135704608157
J76	15	12	79	30	2.5873991682003936
\\ Jobs in machine 8
11
J77	15	12	81	5	0.8751830272640411
J78	15	4	96	25	1.7212047659205387
J79	14	1	13	2	1.410510042200639
J80	15	13	76	21	1.5964134847653915
J81	16	8	25	37	1.20319925300478
J82	15	6	84	16	1.2363959126387205
J83	14	12	79	18	0.8638840082808333
J84	14	3	60	21	1.575384270376634
J85	15	13	48	18	0.5475872363904429
J86	16	13	82	41	0.1
J87	13	2	93	20	0.22120966010623389
\\ Jobs in machine 9
12
J88	12	14	89	5	0.7342031690069324
J89	13	2	73	2	1.7490065661225076
J90	15	1	90	3	0.7176307915530513
J91	14	3	94	10	1.4094580204217129
J92	16	6	93	14	0.9796683913593021
J93	14	14	10	17	2.0366610820991964
J94	17	3	37	23	0.312332434368505
J95	16	2	101	41	0.9339939909609472
J96	14	9	9	45	1.5194488853569632
J97	13	9	88	22	1.8773673571782683
J98	16	3	68	28	1.564395416837507
J99	15	2	108	26	1.1506326173226926
\\ Dependencies 
453
1	2
1	3
1	4
1	5
1	6
1	7
1	8
1	9
1	10
1	11
2	3
2	4
2	5
2	6
2	7
2	8
2	9
2	10
2	11
3	4
3	5
3	6
3	8
3	9
3	11
4	5
4	6
4	7
4	8
4	9
4	10
4	11
5	6
5	7
5	8
5	9
5	10
5	11
6	7
6	9
6	11
7	8
7	9
7	10
7	11
8	9
8	10
8	11
9	10
9	11
10	11
12	13
12	14
12	16
12	18
12	19
12	20
12	21
12	22
13	14
13	15
13	16
13	17
13	18
13	19
13	20
13	21
14	15
14	17
14	18
14	19
14	20
14	21
14	22
15	16
15	18
15	19
15	20
15	21
15	22
16	17
16	18
16	19
16	20
16	21
16	22
17	18
17	19
17	20
17	22
18	19
18	20
18	22
19	20
19	21
19	22
20	21
20	22
21	22
23	24
23	25
23	26
23	27
23	28
23	29
23	30
23	31
23	32
23	33
24	25
24	26
24	27
24	28
24	29
24	30
24	31
24	32
24	33
25	26
25	27
25	28
25	31
25	32
25	33
26	27
26	28
26	29
26	30
26	31
26	32
26	33
27	28
27	29
27	30
27	31
27	32
27	33
28	29
28	30
28	31
28	32
28	33
29	30
29	31
29	32
29	33
30	31
30	32
30	33
31	33
32	33
34	35
34	36
34	37
34	39
34	40
34	41
34	42
34	43
34	44
35	36
35	37
35	38
35	39
35	40
35	41
35	42
35	43
35	44
36	37
36	38
36	39
36	40
36	41
36	42
36	44
37	38
37	39
37	40
37	41
37	42
37	43
37	44
38	39
38	40
38	42
38	43
38	44
39	40
39	41
39	42
39	43
39	44
40	41
40	42
40	43
40	44
41	42
41	43
41	44
42	43
43	44
45	46
45	47
45	48
45	49
45	50
45	51
45	52
45	53
45	54
46	47
46	48
46	49
46	50
46	51
46	52
46	53
46	54
47	48
47	49
47	50
47	51
47	52
47	53
47	54
48	49
48	50
48	51
48	52
48	53
48	54
49	51
49	52
49	54
50	51
50	52
50	53
50	54
51	52
51	53
51	54
52	53
52	54
53	54
55	56
55	58
55	59
55	60
55	61
55	62
55	63
55	64
55	65
56	57
56	59
56	60
56	61
56	62
56	63
56	64
56	65
57	58
57	59
57	60
57	61
57	62
57	63
57	64
57	65
58	59
58	60
58	62
58	63
58	64
58	65
59	60
59	61
59	62
59	63
59	64
59	65
60	61
60	62
60	63
60	64
60	65
61	62
61	63
61	65
62	63
62	64
63	64
63	65
64	65
66	70
66	71
66	72
66	73
66	74
66	75
66	76
67	68
67	69
67	70
67	71
67	72
67	73
67	74
67	75
67	76
68	69
68	70
68	71
68	73
68	74
68	75
68	76
69	70
69	71
69	75
69	76
70	72
70	74
70	75
70	76
71	72
71	73
71	74
71	75
71	76
72	73
72	74
72	75
72	76
73	74
73	75
73	76
74	75
74	76
75	76
77	78
77	79
77	80
77	81
77	82
77	83
77	84
77	85
77	86
77	87
78	79
78	80
78	81
78	82
78	84
78	85
78	86
78	87
79	80
79	82
79	83
79	84
79	85
79	86
79	87
80	81
80	82
80	83
80	84
80	85
80	86
80	87
81	82
81	83
81	84
81	85
81	86
81	87
82	83
82	84
82	86
82	87
83	84
83	85
83	87
84	85
84	86
84	87
85	86
88	89
88	90
88	91
88	92
88	93
88	94
88	95
88	96
88	97
88	98
88	99
89	90
89	91
89	92
89	93
89	94
89	95
89	96
89	97
89	98
89	99
90	91
90	92
90	93
90	94
90	95
90	96
90	97
90	98
90	99
91	92
91	93
91	94
91	95
91	96
91	97
91	98
91	99
92	93
92	95
92	96
92	97
92	98
92	99
93	94
93	95
93	96
93	97
93	98
94	95
94	96
94	97
94	98
94	99
95	96
95	97
95	98
96	97
96	98
96	99
97	98
97	99
98	99
