\\ machines
6
\\ max power
60
\\ Jobs in machine 1
12
J1	15	2	46	29	0.9084186838148322
J2	13	10	57	14	1.3212890159726836
J3	15	12	105	28	1.2067464225263507
J4	14	14	85	16	1.0928038655580639
J5	16	13	31	14	1.545329918388474
J6	13	11	17	43	0.9821542809394366
J7	15	2	81	26	0.43391684873758163
J8	15	3	14	15	1.933502608387045
J9	15	7	80	15	1.6501983122516184
J10	15	2	59	44	0.6508873171601458
J11	14	6	64	32	1.324436680291923
J12	15	8	15	13	1.144395408407442
\\ Jobs in machine 2
12
J13	14	1	83	44	0.29474216124310604
J14	14	9	75	8	1.116574603211895
J15	14	2	53	6	1.9568290172320777
J16	14	14	52	33	1.0430526497438524
J17	16	1	93	40	1.5482131661458467
J18	14	3	57	7	1.922291033350359
J19	14	10	47	42	0.571247142266234
J20	15	3	70	40	1.7697407022947163
J21	16	8	24	33	1.2707961579876046
J22	12	10	66	6	1.6203031772105638
J23	15	9	39	38	1.6824682026278948
J24	15	1	78	3	1.1751408711274431
\\ Jobs in machine 3
10
J25	16	2	18	10	1.4757971152824734
J26	12	4	81	39	1.2290081302042049
J27	14	11	70	13	1.361180486462388
J28	15	14	52	31	1.325349930056446
J29	13	13	93	22	0.1
J30	14	8	21	26	1.633456453275279
J31	17	5	74	29	0.4668194079682463
J32	13	13	101	23	1.2099431062968202
J33	14	10	17	38	2.114528573915529
J34	15	8	105	17	1.335354088733873
\\ Jobs in machine 4
11
J35	16	6	52	14	1.213937388131057
J36	16	9	50	29	1.6634706272753774
J37	13	2	71	44	0.9927087142293685
J38	14	7	24	9	1.5651662768338541
J39	14	3	96	15	0.7071568235140377
J40	15	14	64	45	1.7474549512824598
J41	14	3	21	42	2.59393810600578
J42	15	6	32	1	0.5141654125990377
J43	14	11	5	6	1.0456133984561886
J44	15	6	81	21	1.7842747330948847
J45	16	1	81	19	1.5624543744656931
\\ Jobs in machine 5
12
J46	14	10	75	29	1.6496795457689302
J47	15	1	106	15	0.8331041843561386
J48	15	2	13	27	1.9221839133529364
J49	14	5	85	38	0.4201719582474406
J50	14	9	51	12	1.0222565977864995
J51	15	14	109	28	1.3437249498251078
J52	15	13	67	7	1.1151772668470208
J53	15	12	63	13	0.9156050347639503
J54	15	12	67	42	0.5703498675631102
J55	15	6	91	26	1.215821959329834
J56	15	11	80	42	0.1
J57	15	7	90	11	1.5345610376835737
\\ Jobs in machine 6
12
J58	15	3	42	38	0.4998701915427941
J59	12	11	16	39	1.3123131884401762
J60	16	14	22	44	0.7900350487577439
J61	14	5	32	37	0.15109937168940313
J62	15	7	10	26	2.249105394844655
J63	15	3	79	6	1.647059419252865
J64	15	14	75	32	1.0196301709283064
J65	14	7	68	10	0.8173782927647473
J66	15	10	37	27	1.5604343430180334
J67	15	10	49	10	1.5210724904891806
J68	15	3	19	31	1.4294786798658925
J69	14	3	25	45	0.8489197514370146
\\ Dependencies 
130
1	3
1	6
1	8
1	9
1	10
1	11
2	7
2	8
2	11
3	9
3	12
4	5
4	6
4	8
4	9
4	10
4	11
5	11
5	12
6	8
7	9
7	10
7	12
8	9
8	10
8	12
9	11
9	12
10	11
13	14
13	15
13	18
13	20
13	22
14	19
14	20
14	23
15	16
15	19
15	23
15	24
16	18
16	22
17	20
17	21
17	23
18	21
18	24
19	24
20	22
20	23
20	24
21	22
21	24
23	24
25	30
25	31
25	33
26	30
26	32
26	33
26	34
27	28
28	29
28	30
28	32
28	33
29	34
30	33
31	32
35	37
35	45
36	42
37	38
37	39
37	43
37	45
38	39
38	40
38	41
39	40
39	41
39	45
40	42
40	44
40	45
41	42
41	44
44	45
46	49
46	56
47	49
47	51
47	52
47	55
47	57
48	51
48	52
48	57
50	52
50	54
50	55
50	56
50	57
51	52
51	54
51	56
51	57
52	56
53	56
53	57
54	56
58	59
58	63
58	66
58	68
58	69
59	60
59	63
59	67
59	69
60	62
60	64
61	66
61	69
62	63
63	66
63	67
64	66
67	68
