\\ machines
4
\\ max power
40
\\ Jobs in machine 1
12
J1	13	1	23	9	1.2173682269891821
J2	14	13	94	13	0.6561538248780343
J3	16	9	89	22	1.200803736354094
J4	15	2	99	6	0.5910446067958213
J5	16	2	110	4	0.8792461064452473
J6	12	7	99	10	1.729574117754077
J7	13	7	43	19	1.4369704369074512
J8	17	9	8	24	1.810207185603914
J9	15	6	41	1	1.1743351954936587
J10	16	8	12	8	1.686797631745869
J11	15	4	98	20	0.7395040486950037
J12	15	13	38	28	1.8701889750586864
\\ Jobs in machine 2
12
J13	15	13	48	12	1.429003967061107
J14	16	12	58	14	1.032777542249507
J15	14	6	40	16	0.8534511841663988
J16	16	1	48	11	1.2212485379352422
J17	16	2	5	5	1.3956041938713597
J18	15	1	8	10	0.9667110878906463
J19	15	9	79	23	0.8810867646494809
J20	15	12	43	9	1.4977943625662302
J21	14	13	49	4	1.060944157837686
J22	13	12	96	2	1.1823669945905895
J23	15	6	64	15	1.544038601477961
J24	15	12	61	16	1.6004670247817308
\\ Jobs in machine 3
10
J25	14	11	71	1	0.9713270537516374
J26	15	12	29	4	1.6525964512086586
J27	13	13	71	10	0.20003870697624038
J28	15	11	45	19	1.548455713721608
J29	15	2	99	25	1.4734748108033624
J30	15	1	13	2	0.8345799565519414
J31	13	6	39	30	0.4429841962278136
J32	15	9	32	22	1.2905642589525572
J33	12	5	66	8	1.4036172022597462
J34	14	12	31	2	1.2082153426659095
\\ Jobs in machine 4
10
J35	14	12	44	10	1.4916750571454553
J36	14	14	25	26	0.9765035228394325
J37	14	13	92	28	1.1689957912838254
J38	16	5	21	10	0.9190635612193321
J39	14	6	89	16	1.6418926354917105
J40	15	11	18	12	0.5941716107991954
J41	13	12	107	10	1.8216201650959574
J42	15	5	54	19	1.980199017079014
J43	15	8	91	15	1.1053802000893147
J44	16	10	13	26	1.4809384030963373
\\ Dependencies 
21
1	7
1	12
4	5
13	19
14	15
14	21
17	22
19	24
22	23
25	26
27	30
27	32
28	33
29	31
29	34
31	34
35	36
36	42
36	44
38	44
40	43
