\\ machines
5
\\ max power
50
\\ Jobs in machine 1
10
J1	15	11	24	24	1.5244543541168125
J2	13	2	105	10	0.7995207554631614
J3	14	12	87	13	1.8852481734119766
J4	14	9	94	24	1.5817690740525359
J5	14	6	37	13	1.3350729351062776
J6	15	2	83	13	1.6821365259245573
J7	15	10	78	3	1.3971147724310264
J8	16	10	91	4	1.8505311434305969
J9	14	14	29	10	0.19363366681166316
J10	15	8	81	11	1.7531090520265789
\\ Jobs in machine 2
10
J11	14	12	104	13	1.4446564570559082
J12	16	13	12	6	1.746025965470563
J13	16	14	76	3	1.1249849519829231
J14	14	6	45	24	0.6060029004173486
J15	15	4	25	25	1.1381580534072715
J16	16	1	27	13	1.5243340257426048
J17	15	1	63	11	1.1642442966291988
J18	14	11	73	3	2.1145278715456532
J19	15	6	77	23	1.18226763719
J20	15	6	109	14	1.167801530636112
\\ Jobs in machine 3
11
J21	15	4	95	9	1.604197656741862
J22	13	10	90	15	0.7127754687406338
J23	14	13	60	16	1.470646554870286
J24	14	12	24	4	0.9847741074258535
J25	14	6	75	2	1.768783019566984
J26	15	12	59	8	1.0307746573262082
J27	15	12	3	25	1.773955234265492
J28	14	11	101	18	0.8408796249136388
J29	16	2	59	25	1.280311367191126
J30	13	12	6	13	1.718010163842537
J31	14	11	104	24	0.945732363732262
\\ Jobs in machine 4
13
J32	14	2	82	11	1.2003787643969743
J33	14	13	67	2	0.5096500352934732
J34	16	6	63	2	1.0493306722130662
J35	16	3	49	25	2.0201386934770644
J36	13	8	54	20	2.1281497314444393
J37	16	13	46	10	1.222689279339588
J38	16	3	80	4	2.427225925730914
J39	15	3	79	6	1.0393771147596553
J40	16	4	7	17	2.372383890986985
J41	15	6	12	20	1.7047726311211866
J42	14	11	34	16	0.6062633798074514
J43	15	14	64	6	1.8885621051919705
J44	14	2	38	13	1.3359549452310793
\\ Jobs in machine 5
9
J45	16	7	46	21	1.554377942701811
J46	13	8	96	4	2.1977066670396423
J47	13	2	45	2	1.4082309432477227
J48	14	11	34	5	2.458735658677579
J49	14	2	42	13	2.22251396535464
J50	14	12	18	11	1.5184800639022065
J51	15	13	43	11	0.6360903435638254
J52	16	12	13	17	0.8990116431653057
J53	13	11	45	25	2.279919600610427
\\ Dependencies 
34
1	4
1	5
2	3
4	5
4	9
4	10
7	8
8	9
11	17
12	16
13	14
13	18
13	20
19	20
22	26
23	25
23	27
24	27
25	26
32	37
32	43
33	34
33	41
34	36
34	37
34	43
36	41
37	41
41	44
45	48
45	51
45	53
47	49
51	52
