\\ machines
12
\\ max power
120
\\ Jobs in machine 1
12
J1	15	11	42	1	1.3395608789925932
J2	14	8	107	44	1.1837053593008353
J3	14	9	32	43	1.9774197037680243
J4	16	1	67	14	0.8435797118249448
J5	13	1	105	44	1.337261840063726
J6	13	12	19	30	1.513610284295205
J7	14	9	28	13	1.0327160883569104
J8	16	5	104	3	2.0127934504225777
J9	14	1	73	28	0.8856655949843832
J10	14	6	88	24	0.7249800813353751
J11	14	1	4	51	1.6545914184578954
J12	16	11	85	59	0.5959551882631803
\\ Jobs in machine 2
13
J13	14	14	53	27	0.1
J14	16	13	97	1	1.3979896146229596
J15	16	9	68	24	1.0142872117078712
J16	15	10	42	29	1.2828099015918653
J17	16	9	30	4	1.730406921567365
J18	16	6	6	56	1.3773354662064294
J19	14	5	100	34	0.17357345087665776
J20	15	14	39	35	0.5879015831156618
J21	15	8	74	31	1.2239803957400415
J22	13	1	61	50	0.8178155754995229
J23	14	9	86	47	0.885751798612131
J24	13	5	102	39	1.4830077920767213
J25	16	13	102	22	1.760361297082943
\\ Jobs in machine 3
10
J26	16	8	6	34	0.8078298262198866
J27	15	4	32	41	1.490938902190328
J28	15	11	99	39	0.8817413819513246
J29	16	6	95	43	1.169188100910398
J30	15	9	75	8	1.4564596736829736
J31	14	3	11	3	1.2074700745406135
J32	14	13	79	35	1.9410994800005636
J33	14	14	32	14	1.3101475298675553
J34	14	9	57	5	1.0685187604825979
J35	17	1	15	18	0.7414954493353969
\\ Jobs in machine 4
11
J36	14	8	35	9	1.411427648398731
J37	14	1	59	18	0.8777364845024258
J38	14	14	18	14	1.4763860018777535
J39	15	6	19	14	0.7519177431772521
J40	14	12	43	37	1.569721591357989
J41	14	6	79	54	0.8057270136767817
J42	13	4	20	47	1.810061013302306
J43	14	1	41	12	1.3641053207274072
J44	15	4	4	37	0.6670479449465816
J45	14	12	68	28	1.861082754317887
J46	16	2	43	19	0.7407675712708591
\\ Jobs in machine 5
12
J47	15	3	82	14	0.6705717860942765
J48	14	10	62	4	1.9552568538841224
J49	15	2	19	44	1.6670497144470446
J50	15	4	72	20	2.3965343427108357
J51	14	3	77	22	0.6982773391629992
J52	13	13	52	48	1.1882544109283653
J53	14	8	4	46	0.37883208687992753
J54	15	13	92	9	0.5813778213977525
J55	16	6	15	25	1.9577620858074622
J56	15	14	85	20	0.4434196817155325
J57	14	7	57	52	0.7910025652446155
J58	14	7	94	53	1.6107999498719126
\\ Jobs in machine 6
11
J59	14	7	87	11	1.6721846647632577
J60	16	10	104	5	2.111052693967413
J61	14	14	89	21	0.8800750109145912
J62	14	9	39	22	1.4751695961802742
J63	17	6	84	13	1.2446605476721382
J64	13	5	5	34	0.7578362123250266
J65	13	10	40	48	1.0144870456980586
J66	15	6	88	8	1.9751911267683657
J67	15	11	26	4	0.7087305172713927
J68	14	9	52	1	1.2939448690578865
J69	13	2	94	52	1.7256367361473124
\\ Jobs in machine 7
12
J70	14	1	34	10	2.0378473573555413
J71	14	8	95	14	1.7788218989482298
J72	16	11	75	54	0.7471223544822846
J73	14	9	89	9	0.8327244063049265
J74	13	13	84	2	1.330624605501811
J75	14	7	36	27	0.17554615620657654
J76	14	9	66	49	0.9938661463401193
J77	15	11	11	23	1.1486735409534876
J78	12	14	20	9	0.7727027722946138
J79	14	8	68	24	0.972251230705618
J80	15	9	69	13	0.6744159239722584
J81	16	10	23	47	0.686409120763801
\\ Jobs in machine 8
9
J82	15	10	15	16	1.4008278357379333
J83	14	4	17	26	1.1303782172616992
J84	13	8	27	34	0.8387005103406928
J85	15	4	2	52	0.4598020498930474
J86	13	1	19	4	1.369279637810501
J87	14	11	83	27	0.5945220515948184
J88	13	7	10	2	1.209498540531084
J89	15	8	89	52	1.5106351385092442
J90	14	2	39	49	0.6506158703049525
\\ Jobs in machine 9
14
J91	15	9	96	35	0.5205353127181941
J92	16	10	100	35	1.173563482635917
J93	15	3	9	31	0.7174073619211436
J94	14	14	108	41	0.508783449404425
J95	15	2	45	50	1.5394221419068188
J96	15	8	20	16	1.282576404121031
J97	14	4	4	50	1.563189518366913
J98	14	14	15	2	0.8980119911700201
J99	12	10	96	58	1.4626852899258826
J100	16	14	69	55	0.7712989274860835
J101	15	5	102	58	1.1901400768590802
J102	15	12	15	3	1.243340255065606
J103	14	9	68	27	1.9027535922248062
J104	14	12	24	19	2.1553849702669714
\\ Jobs in machine 10
10
J105	15	4	14	52	0.5107624149455621
J106	16	4	83	50	1.3332338925088059
J107	17	11	14	25	0.9873201135619638
J108	14	9	52	39	0.6451592192073838
J109	13	14	104	37	0.8820274165283929
J110	14	8	106	11	0.9673832342053275
J111	16	1	8	17	1.3380251650619868
J112	14	11	26	16	1.8898616858695565
J113	13	3	24	16	1.1001645604055366
J114	13	7	39	58	0.1
\\ Jobs in machine 11
11
J115	14	14	82	5	1.6853822853471945
J116	14	8	44	22	1.5215257230177017
J117	15	3	90	29	0.6571617349179038
J118	15	3	81	46	1.1068380909630455
J119	14	7	77	25	1.383137796062465
J120	15	1	2	30	1.3870870324515991
J121	16	3	63	36	1.6016902015037557
J122	14	12	68	36	0.1
J123	15	13	87	11	1.724306866124452
J124	12	11	56	7	2.0024196686325126
J125	15	4	14	12	2.4963249521441853
\\ Jobs in machine 12
10
J126	15	8	15	45	1.2892506346949788
J127	15	6	103	26	1.9561566836135822
J128	14	1	74	14	0.6570099878176956
J129	15	5	32	26	1.2346566189379427
J130	14	11	6	60	1.8274493704638286
J131	14	13	22	40	0.43790091465251313
J132	15	9	100	10	0.29206097157399735
J133	14	8	24	44	1.618681371933182
J134	15	1	110	59	0.5523283330399098
J135	14	1	41	42	1.350982795766338
\\ Dependencies 
427
1	2
1	3
1	4
1	6
1	7
1	8
1	10
1	11
2	5
2	6
2	7
2	8
2	9
2	10
2	12
3	4
3	6
3	7
3	8
3	9
3	10
4	5
4	8
4	12
5	7
5	10
5	11
5	12
6	11
6	12
7	8
7	10
8	9
8	10
9	10
10	11
13	14
13	16
13	18
13	21
13	23
13	24
13	25
14	15
14	17
14	19
14	20
14	21
14	22
14	23
15	17
15	20
15	21
15	22
15	25
16	17
16	19
16	20
16	23
17	18
17	20
17	21
17	22
17	23
18	21
18	22
18	24
19	21
19	23
19	24
20	21
20	22
20	23
20	24
20	25
21	24
21	25
22	23
22	24
22	25
23	25
26	28
26	29
26	31
26	32
26	33
27	29
27	30
27	31
27	32
27	33
28	31
28	32
28	33
28	35
29	31
29	34
30	32
31	32
31	33
31	35
32	33
32	34
32	35
33	34
33	35
34	35
36	37
36	39
36	42
36	43
36	45
36	46
37	39
37	41
37	43
37	46
38	39
38	41
38	42
38	44
38	45
38	46
39	42
39	43
39	44
39	45
39	46
40	43
40	44
40	45
40	46
41	42
41	46
42	46
43	44
44	45
44	46
47	48
47	49
47	50
47	51
47	53
47	55
47	56
47	58
48	49
48	50
48	51
48	53
48	55
48	56
48	57
48	58
49	55
49	56
49	57
50	51
50	54
51	52
51	53
51	57
52	53
52	54
52	57
52	58
53	54
53	56
54	58
55	57
57	58
59	61
59	62
59	64
59	65
59	66
59	67
59	68
60	61
60	62
60	63
60	64
60	65
60	66
60	67
60	69
61	62
61	63
61	64
61	65
61	67
62	67
62	68
63	64
63	67
63	68
64	65
64	66
65	68
65	69
66	67
66	68
66	69
67	68
70	71
70	72
70	73
70	75
70	80
70	81
71	72
71	73
71	74
71	75
71	77
71	78
71	79
71	80
72	74
72	75
72	76
72	79
72	80
72	81
73	74
73	75
73	76
73	78
73	80
74	75
74	76
74	80
74	81
75	77
75	78
75	79
75	80
75	81
76	77
76	78
76	79
76	80
77	78
77	81
78	79
78	81
79	81
82	83
82	85
82	87
82	88
83	85
83	86
83	89
83	90
84	85
84	86
84	87
84	88
84	90
85	86
85	87
85	88
85	89
85	90
86	87
86	88
87	89
88	89
88	90
89	90
91	92
91	93
91	95
91	97
91	100
91	101
91	103
91	104
92	94
92	95
92	96
92	97
92	98
92	99
92	100
92	101
92	102
92	103
93	95
93	96
93	97
93	100
93	101
93	102
93	103
94	95
94	96
94	97
94	99
94	100
94	102
94	103
95	99
95	100
95	101
95	102
95	103
95	104
96	97
96	98
96	99
96	102
96	104
97	98
97	99
97	100
97	102
97	104
98	99
98	100
98	102
98	103
99	101
99	102
100	102
100	104
101	102
101	104
102	104
103	104
105	106
105	108
105	110
105	112
105	114
106	109
106	110
106	111
106	113
106	114
107	108
107	109
107	110
107	111
107	113
107	114
108	109
108	110
108	111
108	112
108	113
109	110
109	114
110	113
110	114
111	113
111	114
112	114
113	114
115	116
115	117
115	119
115	120
115	121
115	122
115	124
116	117
116	118
116	120
116	121
116	122
116	124
116	125
117	119
117	122
117	124
117	125
118	121
118	123
118	124
118	125
119	120
119	121
119	122
119	123
119	125
120	121
120	123
120	124
121	122
121	123
121	124
122	123
123	124
126	128
126	129
126	130
126	131
126	132
127	128
127	129
127	130
127	131
127	132
127	134
127	135
128	129
128	130
128	131
128	133
128	135
129	130
129	131
129	132
129	133
129	134
130	131
130	134
130	135
131	132
131	133
132	134
132	135
133	134
133	135
134	135
