\\ machines
18
\\ max power
180
\\ Jobs in machine 1
12
J1	14	14	103	41	1.0645653219275744
J2	13	14	26	28	0.651671337154514
J3	16	2	99	83	0.8277809116893247
J4	15	4	40	131	1.2108729964252332
J5	13	8	82	23	1.281305425778938
J6	14	9	24	24	0.1
J7	14	14	74	87	0.1
J8	13	4	100	134	1.0899187278531304
J9	15	5	67	49	0.1
J10	15	2	90	135	0.6196223861498781
J11	14	12	78	77	2.0430372297377275
J12	14	2	77	88	1.3216876452265773
\\ Jobs in machine 2
11
J13	15	8	33	25	1.6961368144324678
J14	15	1	88	12	1.0834339476888515
J15	14	5	80	93	1.3835955266092568
J16	15	4	16	50	0.5394148910660349
J17	16	9	23	41	1.9307598604897616
J18	16	14	35	61	0.16665947393044767
J19	14	13	40	30	0.9731488726944689
J20	14	11	54	11	1.1915350660400692
J21	13	13	15	114	0.7185572359509413
J22	15	10	103	127	1.1249213785781362
J23	14	8	29	68	1.3939511984008617
\\ Jobs in machine 3
12
J24	14	11	73	54	1.818855900788943
J25	16	11	18	76	0.8821426079452002
J26	15	7	10	122	0.4986256729094831
J27	13	8	22	41	1.7127311147070128
J28	16	12	71	60	1.106697456117435
J29	16	14	81	41	0.7305033069775688
J30	14	10	34	94	2.2469468406159328
J31	16	13	64	13	2.0886869270943484
J32	13	8	63	28	0.4365334143470998
J33	17	2	42	87	1.6113447553023874
J34	14	2	33	34	0.8695353476123746
J35	14	7	2	6	1.4054917986961315
\\ Jobs in machine 4
12
J36	14	8	110	67	1.2182026558973107
J37	15	8	60	111	0.9931765480457113
J38	14	7	75	105	1.4218357283400567
J39	14	3	44	24	0.8375597872985736
J40	15	5	32	129	1.0089033828592642
J41	14	12	92	58	1.503170313903854
J42	13	1	74	90	0.6543830329324238
J43	13	12	15	88	1.8725174140856957
J44	16	6	97	94	1.0098363363312544
J45	14	10	51	77	1.4699303571889275
J46	15	5	35	109	0.9193410618417157
J47	13	11	79	66	0.6248355995741315
\\ Jobs in machine 5
13
J48	15	11	21	101	1.3551306709082116
J49	15	1	22	42	0.4434276733548479
J50	14	1	15	132	1.3724643172146398
J51	14	9	48	67	1.6917081713061246
J52	15	3	10	65	1.3097111352631974
J53	13	3	10	42	0.988240598118794
J54	17	5	34	89	0.7198909856342444
J55	14	13	43	116	1.3741580549807133
J56	15	6	22	134	0.6988021061063224
J57	14	13	69	22	1.3912652848359677
J58	15	5	35	134	1.3604154255641139
J59	12	5	13	92	0.8394862105282717
J60	14	4	28	85	0.7605538450940791
\\ Jobs in machine 6
11
J61	15	6	23	94	0.8812552835987214
J62	14	10	69	47	1.0292657406058012
J63	16	7	93	81	1.8918942253629267
J64	15	11	97	61	1.4056384085736404
J65	13	5	83	76	1.333687858215925
J66	13	4	16	126	1.6024786941568787
J67	13	12	109	24	0.1
J68	15	4	10	1	0.1
J69	14	1	66	118	1.8892689051625244
J70	13	7	68	105	0.866957925999078
J71	15	11	83	100	1.5450842402441909
\\ Jobs in machine 7
12
J72	15	1	19	80	1.5681492257995542
J73	11	13	29	112	1.433101444600518
J74	13	7	81	47	0.7784516438526405
J75	14	1	81	108	1.0329817934500647
J76	14	11	22	91	0.9302054652470308
J77	15	14	72	120	1.6653930377575716
J78	15	7	19	135	0.6850057318115325
J79	14	9	56	48	1.5571068988305659
J80	16	13	10	91	0.45247616214374575
J81	15	5	11	87	1.6101240690045193
J82	13	9	97	69	1.8825778953245864
J83	15	14	20	67	0.18191952831861902
\\ Jobs in machine 8
13
J84	15	1	60	69	1.2912927531286398
J85	14	4	66	28	0.6703440001080507
J86	15	7	44	43	0.8744043670801185
J87	14	2	59	19	1.519960223359786
J88	15	7	37	9	1.2880768851685847
J89	13	12	22	40	1.3812373719672733
J90	14	11	40	112	1.0324840522733496
J91	15	6	71	92	1.2546490526159855
J92	14	13	16	28	0.8351220213506806
J93	15	13	72	94	0.5200911527321885
J94	16	4	105	97	1.1955510491587664
J95	13	12	107	66	0.1
J96	13	2	95	47	1.404434797650065
\\ Jobs in machine 9
11
J97	16	12	27	55	0.6441909303902088
J98	14	8	43	94	1.170042098846049
J99	15	4	105	68	0.6412988284262321
J100	14	10	54	83	1.6197025827939082
J101	13	2	110	43	1.4723876344497069
J102	14	14	26	30	0.4375722177932424
J103	15	9	64	4	1.1823051667721076
J104	16	12	72	26	0.9458207211058218
J105	16	14	68	11	0.23876691513377535
J106	12	12	82	118	0.7914786165909482
J107	16	13	65	52	0.5784532299561865
\\ Jobs in machine 10
12
J108	15	1	107	102	1.991749800137556
J109	14	10	14	49	0.5513532928407406
J110	14	2	94	5	1.319402609588353
J111	14	8	57	111	0.5178669814970501
J112	15	10	9	67	1.5840871290037017
J113	13	2	104	124	1.3605175639745573
J114	15	6	61	64	0.5766794718152136
J115	14	5	43	26	1.5146057552652405
J116	14	12	105	21	0.9180047798487476
J117	17	10	45	43	2.46334731697954
J118	16	10	91	80	1.7946449828447846
J119	15	10	33	123	1.5355682750421535
\\ Jobs in machine 11
12
J120	15	14	2	25	1.1893022669895827
J121	16	14	46	62	1.6861110721546186
J122	16	8	38	50	0.7715043838669456
J123	15	14	59	115	1.677064045822484
J124	14	6	105	135	1.703036378516578
J125	13	12	62	29	1.7192441623607913
J126	14	4	80	73	1.5085358758830998
J127	14	12	32	57	0.3628077513994218
J128	13	10	32	132	2.0035766228463405
J129	14	3	106	97	0.7250398834412183
J130	16	7	109	108	0.9807435204483486
J131	16	10	49	31	1.3528729882084134
\\ Jobs in machine 12
11
J132	15	6	73	60	1.0290495506529698
J133	15	10	67	108	2.40999383270515
J134	12	2	55	27	0.9654012287338511
J135	16	2	8	112	0.888898183157211
J136	14	4	73	95	1.1454866833671695
J137	13	12	107	132	1.6704626795502373
J138	16	14	85	67	1.0735738517924915
J139	16	13	85	18	1.0947374278615656
J140	14	5	74	45	1.1408276994331539
J141	13	13	67	58	0.6428220628066124
J142	13	3	31	15	1.2015134564338816
\\ Jobs in machine 13
12
J143	13	10	2	42	1.6080023452150476
J144	13	9	54	59	1.2337298507073484
J145	14	10	39	5	0.8778349825308015
J146	14	5	42	23	1.703321583908118
J147	14	3	77	26	1.1292925330358006
J148	17	4	58	133	0.1
J149	14	13	61	24	1.6442322051845002
J150	15	6	63	90	0.13324398863648712
J151	14	7	5	25	0.7777349053012736
J152	15	5	43	97	1.7314597311676365
J153	16	8	7	98	0.3927145903510375
J154	14	10	5	40	1.4121904354642527
\\ Jobs in machine 14
11
J155	16	5	33	123	0.9839029667719268
J156	15	7	2	97	1.0105541549926702
J157	16	5	8	59	0.9582934279741098
J158	15	6	49	84	1.1469735563333305
J159	14	10	88	55	1.5180467391615011
J160	15	3	18	20	0.9051544591454185
J161	15	2	33	18	0.6894778809633351
J162	14	13	47	65	1.3623501938225602
J163	14	13	35	119	1.7247888191631684
J164	14	1	50	10	1.3611077381274734
J165	13	4	103	111	1.1156942858765453
\\ Jobs in machine 15
11
J166	14	13	74	135	1.291522144344651
J167	15	5	94	21	1.1502772724779398
J168	14	4	9	25	1.927946784681969
J169	16	9	34	104	1.4232751688767458
J170	14	9	25	30	1.5374610837047173
J171	14	10	38	132	0.21612699039310113
J172	12	3	20	128	1.4404468487114872
J173	15	8	75	35	1.009126485904269
J174	15	13	86	82	0.7074434291483356
J175	13	11	92	80	0.7592900767194966
J176	16	2	3	101	0.2600304081449747
\\ Jobs in machine 16
10
J177	15	2	70	44	1.5934993791038692
J178	14	2	5	9	0.8273832299605421
J179	15	9	87	135	0.1
J180	13	2	110	81	0.939950611479603
J181	15	7	86	14	1.3730959642679825
J182	15	1	22	2	2.215497157436446
J183	15	11	7	32	0.7951946280186057
J184	14	11	58	117	0.8980841773244855
J185	14	11	13	17	1.1267063123597905
J186	15	5	30	69	1.4766290672518874
\\ Jobs in machine 17
11
J187	14	5	102	36	1.2901800886100243
J188	15	5	7	19	2.3369706435367426
J189	14	3	56	47	1.2930426642221515
J190	14	6	12	18	0.8587807919646362
J191	14	11	81	51	1.1063468776043113
J192	14	11	91	89	1.5233053434331327
J193	14	11	98	62	0.3710092508952655
J194	15	9	11	41	1.2029837570654225
J195	16	7	16	9	0.7737750574237696
J196	13	3	101	16	1.4047773160674886
J197	13	12	11	118	2.4568830770389933
\\ Jobs in machine 18
11
J198	13	11	90	44	0.5857392866045197
J199	16	10	13	119	1.188356643448862
J200	16	1	104	83	0.5289556338370011
J201	15	7	50	94	0.9159858673718377
J202	14	14	89	106	1.7675592124268362
J203	12	10	104	18	1.9215229400163558
J204	15	7	28	103	1.2368803366258188
J205	14	2	85	103	1.5978050884796389
J206	14	14	55	84	2.8532913396438593
J207	14	1	64	9	1.119913190314543
J208	15	13	82	13	0.8397504411478091
\\ Dependencies 
224
1	7
1	10
1	11
2	6
2	11
2	12
4	7
4	11
8	10
8	12
9	12
11	12
13	15
13	16
13	18
14	15
14	21
16	17
16	19
16	20
16	21
17	22
20	22
21	23
24	26
24	29
25	30
25	34
26	27
27	28
27	30
28	35
29	32
30	32
32	33
36	37
36	40
37	39
37	40
38	40
38	45
38	46
39	40
39	41
39	47
42	47
48	51
48	53
48	54
49	51
49	53
50	52
50	53
50	57
50	59
51	56
51	60
52	55
52	57
53	54
53	55
53	58
55	58
55	59
57	59
57	60
59	60
63	64
63	70
64	69
64	71
66	68
67	68
72	77
73	75
73	76
74	79
74	82
74	83
75	77
75	80
75	82
76	80
77	80
78	79
78	80
78	83
79	82
80	83
81	83
84	86
84	91
84	96
85	87
85	91
85	94
86	95
87	89
88	90
89	92
91	92
91	93
91	96
97	99
97	100
97	101
97	107
98	99
99	101
99	103
99	105
100	103
101	105
101	107
102	106
103	105
104	106
108	112
108	117
109	111
109	113
109	119
110	111
111	114
112	118
112	119
113	114
114	115
114	118
115	117
115	119
116	118
117	118
120	122
120	123
120	128
121	122
121	125
121	130
122	129
123	127
124	125
124	126
125	129
126	129
127	129
129	130
132	135
132	138
132	142
133	136
133	139
133	141
134	135
134	139
135	136
135	138
135	140
137	138
137	141
137	142
143	152
143	153
144	150
147	148
150	154
151	152
151	153
153	154
156	162
156	164
157	158
157	160
157	162
158	160
158	161
159	161
159	163
159	165
160	165
161	162
162	163
162	164
166	169
166	173
166	174
168	170
169	173
169	174
173	174
177	180
177	185
178	184
179	184
179	186
182	185
183	184
183	186
187	188
187	190
188	197
189	190
189	193
190	191
190	195
191	192
191	197
193	194
193	197
195	196
198	200
198	208
199	201
199	202
199	207
200	203
200	207
200	208
201	208
202	203
202	204
203	205
203	206
206	207
