\\ machines
7
\\ max power
70
\\ Jobs in machine 1
11
J1	13	14	88	25	0.9064034372162018
J2	13	1	48	26	1.0430828032740969
J3	14	13	51	16	0.6285407497454674
J4	13	5	87	22	0.9698225275621903
J5	14	4	105	6	1.1082049174794615
J6	14	10	80	29	1.6071104188787282
J7	15	9	33	1	1.0543876683692017
J8	15	1	99	1	1.1970733676250886
J9	15	9	105	17	0.911740143106204
J10	15	12	31	20	1.0014280586143889
J11	14	4	24	13	1.0271862982492308
\\ Jobs in machine 2
10
J12	14	4	68	33	0.510374670000231
J13	15	14	50	24	1.04282759195169
J14	14	6	74	15	1.611403592409092
J15	13	1	66	14	0.6917937987713917
J16	16	2	91	14	1.626575604972214
J17	15	9	105	2	2.006308145304087
J18	14	6	16	16	0.8160176283527252
J19	14	7	13	3	0.695140243380803
J20	16	3	42	25	1.43782887184757
J21	14	13	65	9	1.2679462271902224
\\ Jobs in machine 3
10
J22	16	4	9	12	0.44001659186905706
J23	13	10	37	15	1.2468103062082503
J24	14	2	95	2	1.0989370181790727
J25	14	2	84	12	2.003609211765293
J26	14	3	14	12	0.8354826481834708
J27	15	3	75	16	0.907031683777443
J28	16	3	99	4	1.5670931538210282
J29	15	4	41	14	2.126616987535569
J30	14	11	24	20	0.883282194780712
J31	16	5	40	20	1.9391335889483976
\\ Jobs in machine 4
10
J32	13	10	13	25	0.6672896253190156
J33	15	3	62	21	0.8063865409193085
J34	14	9	19	17	2.023648262782321
J35	15	14	103	3	1.2908189358831215
J36	13	11	79	34	1.461264429281077
J37	15	8	39	4	1.1062310289645034
J38	12	13	18	17	0.3653887274804001
J39	16	11	79	28	0.6068462779885968
J40	16	4	30	19	0.6098485964047581
J41	16	2	66	13	0.4978667135091619
\\ Jobs in machine 5
11
J42	17	4	81	1	1.212648309425192
J43	16	1	35	3	1.4190715882419491
J44	13	2	68	31	1.4597477837384172
J45	16	14	40	19	0.6683515911358268
J46	15	2	16	5	1.8502266011451132
J47	13	6	58	13	1.3856812031272874
J48	14	7	55	16	0.7176409691482548
J49	13	3	26	23	2.3353255306418506
J50	15	9	103	1	1.1547297025243093
J51	13	13	69	21	1.3051528325663901
J52	14	6	88	28	1.4730431848945078
\\ Jobs in machine 6
12
J53	14	13	76	7	1.5212421229664246
J54	14	6	22	1	1.6423696369489336
J55	14	11	40	15	0.7310241268661062
J56	15	1	94	4	0.8744235054122129
J57	16	3	32	25	1.1430149465111168
J58	15	11	62	11	0.9190656008536577
J59	15	7	23	32	0.8563225325944066
J60	15	1	101	29	0.9648706404603282
J61	14	7	70	17	0.35066858282820557
J62	15	6	66	7	0.927049296993801
J63	14	7	49	30	1.1479550236759941
J64	14	4	50	18	1.3073084080432347
\\ Jobs in machine 7
10
J65	15	2	63	28	0.2847786890564512
J66	15	10	68	6	0.7462206470162391
J67	16	4	89	9	1.641000513151682
J68	15	5	74	16	1.626839057480359
J69	13	11	21	10	1.191591681985713
J70	14	11	108	24	1.8849866764907857
J71	13	1	31	3	1.1723129546387325
J72	13	6	83	20	1.1982807737157608
J73	14	1	17	21	1.4351093752550215
J74	14	14	60	29	1.3766448653014491
\\ Dependencies 
59
1	2
1	4
1	9
2	7
2	10
3	5
3	6
3	9
3	10
4	7
5	6
5	9
7	9
12	13
12	15
13	17
15	20
17	18
17	19
18	19
19	21
22	28
23	24
23	26
23	29
24	30
25	27
25	30
32	33
32	34
33	38
34	40
34	41
37	38
38	41
42	47
42	49
43	45
44	48
44	49
45	48
45	52
46	51
49	52
51	52
55	57
55	64
57	60
57	63
58	61
62	64
65	67
65	70
65	71
66	72
67	74
68	69
69	70
72	73
