\\ machines
9
\\ max power
90
\\ Jobs in machine 1
11
J1	13	14	38	10	1.4925708705684255
J2	14	4	40	9	1.5667588942648314
J3	13	6	3	22	2.144182176405944
J4	14	12	4	20	0.9907945298855916
J5	15	3	93	2	1.2751575344702506
J6	15	3	73	6	0.9858350771947114
J7	13	10	36	15	0.8614402574849692
J8	14	7	70	9	1.1259107830201278
J9	16	1	96	4	2.1337346741153898
J10	17	2	85	16	1.1405546582829933
J11	15	5	88	17	0.7598297782624406
\\ Jobs in machine 2
10
J12	14	10	104	1	0.9944615122345366
J13	16	8	100	12	1.2834716921240157
J14	16	8	87	6	1.676537215447151
J15	14	7	53	8	1.2353045402429774
J16	13	9	67	7	1.0808622830835006
J17	15	6	30	8	0.6617012830181506
J18	13	11	26	5	1.7492949628052714
J19	14	7	11	16	1.2766481154019178
J20	15	4	107	8	1.8975352129345788
J21	15	3	33	11	0.7890398792860818
\\ Jobs in machine 3
11
J22	14	6	6	22	0.47378048272989903
J23	15	8	5	17	1.9840198785382608
J24	15	11	64	13	1.1509500523719502
J25	14	3	41	16	1.4207071156867064
J26	15	9	26	1	0.5369712010358565
J27	16	14	16	22	0.5371976209296915
J28	14	1	88	22	1.7641939961452364
J29	15	2	61	10	1.1038788499318926
J30	15	11	85	6	1.2484040704205548
J31	15	11	39	23	0.967671693234489
J32	14	1	22	22	0.7693870821099198
\\ Jobs in machine 4
11
J33	15	12	15	15	1.743483733008195
J34	16	4	15	1	1.928290352577048
J35	14	5	96	12	1.3251226824606532
J36	16	1	77	7	0.5006609745713205
J37	16	9	106	6	2.1765001225017304
J38	15	9	16	6	1.8201961369346293
J39	14	8	86	21	0.48057437856154384
J40	16	13	106	11	1.9270483821717108
J41	13	7	80	4	1.1825760378481764
J42	13	12	39	18	1.0534176600300473
J43	16	6	110	6	1.6963995337303683
\\ Jobs in machine 5
9
J44	16	8	108	19	1.3606316647053256
J45	15	14	79	3	0.7283678281372634
J46	14	9	45	1	1.0857249333442078
J47	16	9	24	10	0.5373721621172323
J48	14	3	11	22	0.966723032042666
J49	15	4	73	22	0.9282523166064486
J50	15	7	95	1	2.1480728338721473
J51	13	12	106	3	1.1272817697357949
J52	15	13	96	23	0.72527246793363
\\ Jobs in machine 6
9
J53	15	10	67	19	0.7634249965215956
J54	15	6	16	14	0.3074158036342831
J55	15	9	39	20	1.1291698531472474
J56	15	13	108	5	1.3039818578913613
J57	16	1	90	10	1.186610951426867
J58	14	12	61	1	1.6878552827384135
J59	15	9	51	15	1.5975562212203103
J60	14	6	88	1	1.1046893972282819
J61	15	10	75	15	0.5983362035232028
\\ Jobs in machine 7
10
J62	14	12	7	7	0.41684828591795453
J63	13	9	89	8	0.8310223423096873
J64	14	12	34	13	0.7246633558643027
J65	15	14	35	20	2.3336153573208334
J66	14	6	83	23	1.3665950473257436
J67	15	5	23	6	0.3576673665760538
J68	15	3	88	20	1.0949192829338021
J69	15	6	96	14	1.80784264517257
J70	13	14	71	19	1.3110388049213793
J71	15	6	23	14	0.8365709804684482
\\ Jobs in machine 8
10
J72	15	7	55	19	0.5248736477480825
J73	13	8	59	15	1.0073609902609633
J74	13	8	45	7	1.1862717187307084
J75	14	14	109	21	2.1533924242410674
J76	13	9	93	5	1.0958821205313394
J77	15	5	49	4	1.128388900733317
J78	14	3	83	21	2.095295106893997
J79	14	3	67	12	1.5429592566499706
J80	15	9	95	17	1.4099150319929927
J81	13	14	68	7	0.9640056461739267
\\ Jobs in machine 9
12
J82	14	8	80	21	1.1880283088733765
J83	14	8	77	7	1.0651324359174597
J84	15	5	24	7	1.4406128644497735
J85	16	10	3	4	1.3401902810842046
J86	15	13	31	10	1.5148378477832085
J87	14	2	25	1	1.430392298161602
J88	13	4	109	12	1.7243932084749924
J89	15	8	87	18	0.5527090441943571
J90	15	3	27	2	1.4843720703326622
J91	15	9	5	14	1.6998856035346444
J92	14	10	63	7	0.17914319424593184
J93	13	12	40	15	1.6647104330207425
\\ Dependencies 
44
1	9
2	5
3	4
12	16
13	17
14	15
16	20
17	21
19	20
23	25
23	31
24	28
26	28
33	38
37	39
41	42
44	48
45	46
46	48
47	50
48	52
53	54
53	59
55	60
62	68
63	64
63	65
65	67
66	71
67	69
67	71
68	70
72	77
73	80
74	80
74	81
82	85
82	92
84	85
84	90
85	89
87	90
89	90
90	93
