\\ machines
8
\\ max power
80
\\ Jobs in machine 1
12
J1	15	11	106	18	2.105691058988715
J2	12	6	40	13	0.496143786786733
J3	16	14	4	4	0.9429908327381269
J4	15	14	28	17	1.2831355778524205
J5	16	11	27	7	1.1431443911677
J6	15	2	19	12	1.2151217396719745
J7	15	3	50	20	0.7417389203279716
J8	14	10	20	17	1.1645998249731717
J9	16	12	9	4	1.3460572781144224
J10	16	8	48	12	1.5971575715425266
J11	16	11	74	11	1.3875490900286291
J12	13	12	16	1	1.2696136041761954
\\ Jobs in machine 2
11
J13	12	3	96	8	1.2756397533056258
J14	14	3	86	16	0.625277204552096
J15	15	3	16	8	0.18144807141507902
J16	15	4	64	1	0.821718867386958
J17	15	4	17	17	1.1172457122064063
J18	14	11	42	8	1.6318051063826804
J19	12	4	14	18	0.7180341977619739
J20	14	8	93	12	1.3259468339903309
J21	15	9	90	11	1.1370154370186005
J22	14	10	14	2	1.286784971354746
J23	15	13	65	5	1.3101559217887666
\\ Jobs in machine 3
9
J24	14	9	5	4	0.848955018911949
J25	14	9	31	9	0.6878052767935549
J26	15	11	11	10	1.4553066308861693
J27	16	7	32	5	1.920790459813746
J28	14	9	26	1	1.163919394835076
J29	15	8	14	13	1.9811167437114459
J30	14	10	27	13	0.9812806309817264
J31	15	8	30	5	2.0146005777616267
J32	14	3	41	4	1.6612846915339432
\\ Jobs in machine 4
13
J33	14	1	36	6	0.7905989064101218
J34	13	5	105	8	2.302811132302411
J35	15	13	48	19	1.0998695449012426
J36	16	5	26	19	1.0519240004042152
J37	15	5	50	4	1.015676876289043
J38	13	8	72	18	2.110225881843755
J39	14	3	100	11	0.13492551133000918
J40	15	10	100	5	2.0215327430327013
J41	13	4	46	13	1.949745688838005
J42	14	13	79	15	0.9201164797771713
J43	12	4	41	8	1.1453946810433648
J44	15	3	7	9	1.2130783668804748
J45	13	5	50	6	1.9195082183981298
\\ Jobs in machine 5
12
J46	14	3	80	15	0.8207796212595658
J47	15	2	103	1	2.4381863832773583
J48	14	2	71	18	1.1562017265253655
J49	15	4	39	1	1.8101795899159834
J50	14	10	105	19	0.3453083973185084
J51	15	4	68	15	1.6217867395539614
J52	14	2	69	12	0.9052220141324441
J53	16	12	46	6	0.7729794421031004
J54	16	5	99	1	1.0286511464286991
J55	16	2	10	1	1.5158306498317835
J56	15	8	2	6	0.7999295334734696
J57	16	5	42	17	1.2732759994407814
\\ Jobs in machine 6
11
J58	15	3	103	16	1.3311517466493357
J59	14	1	75	19	0.9852356553979901
J60	15	7	80	17	1.4563679288066655
J61	14	3	93	13	1.636039953812488
J62	14	14	70	16	0.6198692046698878
J63	13	14	9	19	2.0387164284587698
J64	14	1	86	1	1.2404062148591033
J65	13	11	65	13	0.7774624913745938
J66	16	11	92	1	1.2594416001563606
J67	15	5	40	12	1.7519645516980349
J68	14	13	24	15	1.2708805317610554
\\ Jobs in machine 7
12
J69	14	1	97	17	0.1860372143042215
J70	14	3	43	11	2.0744585129890747
J71	15	12	96	19	0.6819114924389675
J72	14	6	63	7	1.5422564404275927
J73	13	1	102	19	1.5600960626170903
J74	14	10	96	19	1.222450306459855
J75	15	1	41	2	1.0473124148466788
J76	15	6	39	18	0.8439629432994963
J77	15	2	109	8	1.874295184764577
J78	14	13	75	12	1.3941331626792166
J79	15	14	43	14	2.438991671293009
J80	16	13	21	6	1.0048351741772201
\\ Jobs in machine 8
12
J81	12	14	90	15	1.3867745665312425
J82	14	2	102	9	1.3385627965195608
J83	14	2	37	14	1.0198753746835065
J84	16	9	46	18	1.615519231985179
J85	14	9	109	19	0.9900793839169857
J86	15	2	21	15	1.2797066010446483
J87	17	8	60	11	1.7942474447077106
J88	16	13	95	11	1.7468383621293242
J89	18	4	64	13	0.609165628577123
J90	14	10	38	3	1.4495163745325
J91	16	11	61	6	0.8986407207076272
J92	13	4	49	10	1.2035510972517882
\\ Dependencies 
434
1	2
1	3
1	6
1	7
1	8
1	9
1	10
1	11
1	12
2	3
2	4
2	5
2	6
2	7
2	8
2	10
2	11
2	12
3	4
3	5
3	6
3	7
3	8
3	10
3	12
4	5
4	6
4	7
4	9
4	10
4	11
5	6
5	7
5	8
5	9
5	10
5	11
5	12
6	7
6	8
6	9
6	10
6	11
6	12
7	9
7	10
7	11
8	10
8	11
8	12
9	11
9	12
10	12
11	12
13	15
13	16
13	17
13	19
13	20
13	21
13	22
13	23
14	16
14	17
14	18
14	20
14	22
14	23
15	16
15	17
15	18
15	19
15	20
15	22
15	23
16	17
16	18
16	19
16	21
16	22
16	23
17	20
17	21
17	22
17	23
18	19
18	20
18	21
18	22
18	23
19	20
19	21
19	22
19	23
20	21
20	22
20	23
21	22
22	23
24	25
24	26
24	27
24	28
24	29
24	30
24	31
24	32
25	26
25	27
25	28
25	30
25	31
25	32
26	27
26	28
26	30
26	31
26	32
27	28
27	29
27	30
27	32
28	29
28	30
28	31
28	32
29	31
29	32
30	31
30	32
31	32
33	34
33	35
33	37
33	38
33	39
33	40
33	42
33	43
33	44
33	45
34	35
34	36
34	37
34	38
34	39
34	40
34	41
34	42
34	43
34	45
35	36
35	37
35	38
35	39
35	40
35	42
35	43
35	44
35	45
36	37
36	38
36	39
36	40
36	41
36	42
36	43
36	45
37	39
37	41
37	42
37	43
37	44
37	45
38	39
38	40
38	41
38	42
38	43
38	44
38	45
39	40
39	41
39	42
39	43
39	44
39	45
40	41
40	42
40	43
40	44
41	42
41	43
41	44
41	45
42	43
42	44
42	45
43	44
43	45
44	45
46	47
46	48
46	49
46	50
46	51
46	52
46	53
46	54
46	55
46	56
46	57
47	48
47	49
47	50
47	51
47	52
47	53
47	54
47	55
47	56
47	57
48	50
48	51
48	52
48	53
48	55
48	56
48	57
49	50
49	51
49	52
49	54
49	55
49	57
50	51
50	52
50	53
50	54
50	55
50	56
50	57
51	52
51	53
51	54
51	55
51	56
51	57
52	53
52	54
52	55
52	56
52	57
53	54
53	55
53	56
53	57
54	56
55	56
55	57
56	57
58	59
58	60
58	61
58	62
58	63
58	64
58	65
58	67
58	68
59	60
59	61
59	62
59	64
59	65
59	66
59	68
60	61
60	62
60	63
60	64
60	65
60	66
60	67
61	62
61	63
61	64
61	65
61	66
61	67
61	68
62	63
62	64
62	65
63	64
63	65
63	66
63	67
63	68
64	65
64	66
64	67
64	68
65	66
65	67
65	68
66	67
66	68
67	68
69	71
69	72
69	73
69	74
69	75
69	76
69	77
69	78
69	79
69	80
70	71
70	72
70	73
70	75
70	76
70	77
70	78
70	79
70	80
71	72
71	73
71	74
71	75
71	77
71	78
71	79
71	80
72	73
72	74
72	76
72	77
72	78
72	79
72	80
73	74
73	75
73	76
73	77
73	78
73	80
74	75
74	76
74	77
74	78
74	79
74	80
75	76
75	77
75	78
75	79
75	80
76	77
76	78
76	79
76	80
77	78
77	79
77	80
78	79
79	80
81	82
81	83
81	84
81	85
81	86
81	87
81	89
81	90
81	91
81	92
82	83
82	84
82	85
82	86
82	87
82	88
82	89
82	90
82	91
82	92
83	84
83	85
83	86
83	87
83	88
83	89
83	90
83	91
83	92
84	85
84	86
84	87
84	88
84	89
84	90
84	91
84	92
85	86
85	87
85	88
85	89
85	90
85	91
85	92
86	87
86	88
86	89
86	90
86	91
86	92
87	88
87	89
87	90
87	91
87	92
88	89
88	90
88	91
88	92
89	90
89	91
89	92
90	91
90	92
91	92
