\\ machines
5
\\ max power
50
\\ Jobs in machine 1
11
J1	16	1	78	10	1.9035310960935168
J2	13	4	17	5	1.3563369270449288
J3	14	8	74	13	1.990802101534371
J4	15	14	103	10	0.3239171635537976
J5	14	11	87	12	1.6867297985568412
J6	14	4	69	3	0.457487923703227
J7	14	1	106	11	0.9517920406093173
J8	14	12	86	2	1.3426892171588967
J9	15	9	31	1	0.3288686536947678
J10	15	11	71	3	1.4092322699161106
J11	15	9	20	1	1.02762790500871
\\ Jobs in machine 2
11
J12	12	14	77	5	0.5019942053377988
J13	14	9	22	12	1.0139516396001045
J14	14	5	10	6	1.7101408615632443
J15	15	4	92	10	1.5489081135645262
J16	16	9	31	12	1.7041394483665657
J17	15	9	19	7	1.5426982918943137
J18	14	10	22	13	1.492585059204928
J19	14	11	38	1	1.3963308047453082
J20	16	7	59	2	1.4251652397709975
J21	15	8	91	6	0.6795838673754998
J22	16	10	84	11	0.8136799976921839
\\ Jobs in machine 3
11
J23	13	2	85	2	1.8754194167724818
J24	14	11	8	9	0.7799034439081164
J25	15	10	32	10	1.0754708813185714
J26	15	6	56	13	1.1950686828621624
J27	15	2	46	11	1.1445797632997348
J28	15	13	91	11	0.5827965201964714
J29	14	11	80	12	0.910507892613801
J30	15	5	29	5	1.2930553862333216
J31	16	6	30	2	1.451609558209287
J32	14	13	32	12	1.0972990205364017
J33	15	11	58	6	1.548838410048036
\\ Jobs in machine 4
10
J34	14	3	39	5	0.7991341114338304
J35	15	8	52	6	0.7546429317120009
J36	14	2	73	6	1.3602639209604206
J37	14	8	34	8	1.499988770147122
J38	13	9	103	3	1.7373169746135702
J39	14	9	16	1	1.5382436440559384
J40	16	4	88	2	0.6415199911557172
J41	13	10	102	11	1.289279779688984
J42	14	8	34	6	1.0910447892585804
J43	13	3	20	1	1.1394072324117368
\\ Jobs in machine 5
9
J44	15	10	31	13	0.8467588697942735
J45	15	6	97	10	1.7101505940647979
J46	14	11	50	3	1.5724377934934077
J47	16	10	89	1	1.7335876115847557
J48	14	8	27	3	1.2344769361703276
J49	14	12	20	4	1.0881729059159557
J50	15	5	87	8	0.808904793098384
J51	15	14	11	5	0.26372090031841555
J52	14	13	44	12	1.3164462484261108
\\ Dependencies 
19
1	5
2	7
3	9
7	10
12	21
15	17
15	19
16	17
17	18
32	33
34	35
34	39
36	39
36	40
37	42
38	42
44	45
46	52
51	52
