\\ machines
12
\\ max power
120
\\ Jobs in machine 1
10
J1	14	14	91	22	0.24016028674135959
J2	14	7	54	29	0.3442945883306008
J3	17	13	66	19	1.0558763761369023
J4	15	11	57	6	1.0299407517064711
J5	16	14	21	14	0.778852241298696
J6	14	14	110	12	1.1252311018678909
J7	14	7	82	2	1.456242172212331
J8	15	6	106	13	1.8294970419388659
J9	17	6	17	18	1.0109952474059831
J10	15	3	4	22	2.164581725584407
\\ Jobs in machine 2
9
J11	15	5	33	3	1.1705745366140867
J12	15	2	105	21	1.2761135237405223
J13	15	3	57	18	1.5860139611889548
J14	14	13	21	21	0.8078298322191242
J15	14	14	14	22	1.3165727836208936
J16	15	11	97	4	0.8238702028189273
J17	16	8	5	24	1.0814113690122442
J18	15	2	70	29	1.207084387323129
J19	15	12	31	4	1.3186213618952694
\\ Jobs in machine 3
10
J20	13	8	56	3	1.170850812373996
J21	15	6	102	23	1.8054367241750267
J22	15	3	39	11	0.7839109667153633
J23	13	13	73	24	0.9419613034811966
J24	14	7	14	13	1.4069653041619568
J25	15	13	49	8	1.5147012420793666
J26	14	3	12	15	2.133406374711004
J27	13	6	79	25	0.49646691463544046
J28	14	6	5	8	2.1190887027099072
J29	15	6	83	11	1.0176348566895066
\\ Jobs in machine 4
11
J30	14	5	80	20	1.832063044335113
J31	13	14	3	14	1.8441092816676226
J32	13	4	25	29	1.8317982684139542
J33	14	4	84	15	1.4821057823061392
J34	16	6	108	12	1.4986118084082416
J35	15	1	55	9	1.094922132648756
J36	16	10	88	4	0.2515828583252959
J37	13	5	84	26	0.9950178890111382
J38	15	13	101	21	1.0980391391811386
J39	14	1	35	2	0.27781579768748554
J40	14	14	20	7	1.2508985578868723
\\ Jobs in machine 5
10
J41	14	9	89	18	1.4663357485601676
J42	14	5	97	25	0.765770848161579
J43	16	6	40	17	0.6699448047428089
J44	15	5	83	12	1.5883120309686833
J45	15	9	72	19	1.5370464075834493
J46	14	11	41	27	0.7599775317969584
J47	16	5	76	17	0.8350664511446203
J48	15	1	65	19	1.300516335369935
J49	14	3	91	7	0.9151780443342525
J50	16	13	79	10	0.7952227117129043
\\ Jobs in machine 6
10
J51	13	3	76	2	1.641496222157861
J52	14	1	28	9	1.1707493343874913
J53	15	5	100	26	0.9092596152822876
J54	15	8	7	14	0.9472665087118777
J55	14	14	65	18	2.1057315937183825
J56	17	2	84	20	2.5548614608965288
J57	16	1	74	3	0.5765286492311276
J58	15	13	26	8	1.370431744117043
J59	16	5	18	8	0.993140771390071
J60	16	3	45	30	1.268519462274334
\\ Jobs in machine 7
12
J61	14	9	97	20	1.4336930136239165
J62	15	11	81	1	0.8072238667583802
J63	16	1	74	8	0.5276155505972069
J64	16	7	56	25	1.4807354009096914
J65	17	11	57	20	1.009604681845061
J66	14	10	47	26	0.9662258546424634
J67	13	10	26	16	0.6861880037157331
J68	16	7	56	22	0.6955868181411409
J69	14	11	8	11	0.25102704391198283
J70	15	6	74	30	1.4339333241117114
J71	15	7	102	30	0.5376565750960921
J72	16	1	65	18	1.3543756549531252
\\ Jobs in machine 8
11
J73	14	1	71	17	2.4893245651490745
J74	14	4	13	29	1.0227281146996734
J75	15	8	57	11	1.6754621771754854
J76	15	11	48	19	0.7555694397918988
J77	15	10	45	22	0.6609603632644941
J78	15	8	109	2	0.97581466344438
J79	14	9	2	24	2.020589399115617
J80	13	11	107	13	1.2886537190353131
J81	16	12	21	5	1.4070252200044937
J82	15	13	93	21	1.2105522880304382
J83	16	9	77	15	0.7968718401016313
\\ Jobs in machine 9
10
J84	14	8	94	29	1.4312999348105935
J85	15	11	30	2	0.2818723280721257
J86	15	4	28	1	1.0103924773371848
J87	14	6	57	2	0.9705265892022659
J88	14	11	9	8	1.9132745566812162
J89	13	8	48	20	1.5323586589992826
J90	15	6	73	4	2.0991444543081577
J91	14	1	18	15	0.7975446482246273
J92	13	2	12	27	1.1119007172809607
J93	14	9	25	21	1.0665371345972716
\\ Jobs in machine 10
11
J94	13	8	43	21	1.7724176816248702
J95	15	12	109	1	1.2850130209339814
J96	15	4	33	6	1.7668721121083264
J97	15	2	49	27	0.5272796896382448
J98	16	3	105	8	1.5341161236535168
J99	12	7	35	24	2.5485208592154613
J100	15	7	65	12	0.808125151357139
J101	13	13	67	13	1.2853775991582652
J102	14	11	15	9	0.7809676758447164
J103	17	12	82	14	1.3079533908150138
J104	15	12	40	21	1.0195776034497137
\\ Jobs in machine 11
11
J105	16	7	18	16	1.6310275999458526
J106	14	4	71	30	0.3238502978282011
J107	14	7	64	27	0.7244070987778439
J108	15	10	40	2	1.561312972416676
J109	13	7	110	29	0.8226446755728021
J110	15	6	109	11	1.5711800082140097
J111	12	6	62	25	0.49541738444553873
J112	13	9	51	6	0.7689227666398668
J113	14	5	105	17	1.745113355270325
J114	13	4	45	10	0.9578959144474102
J115	14	3	51	10	0.6661695124020479
\\ Jobs in machine 12
12
J116	16	8	18	18	0.9040109770836577
J117	14	8	85	5	0.9899698410301269
J118	15	6	100	5	1.2729952597726348
J119	16	14	39	18	1.098337330229517
J120	14	6	97	2	1.1830576339902317
J121	16	14	107	7	0.9863086515831735
J122	16	11	15	1	1.3372325714316027
J123	14	3	8	3	1.7000479056857767
J124	15	7	58	14	1.0603503141712483
J125	13	7	60	8	1.3646826120345008
J126	16	10	31	17	1.102656057332052
J127	14	5	49	24	0.9399353799744071
\\ Dependencies 
137
1	2
1	4
1	9
3	7
3	9
3	10
5	6
5	7
5	8
5	9
6	7
6	10
7	8
7	9
9	10
11	15
15	16
16	19
21	23
22	24
22	25
25	28
30	35
30	36
31	35
32	33
32	36
32	37
32	38
35	38
35	40
37	38
37	40
41	45
41	46
41	47
41	48
42	46
42	47
43	45
43	49
43	50
44	46
51	56
52	53
52	55
53	55
53	57
53	60
54	58
56	58
57	58
57	60
58	60
61	63
61	71
62	69
64	65
65	66
65	68
65	72
66	67
69	71
73	74
73	75
73	76
73	79
73	80
74	80
75	80
76	77
77	78
77	83
79	80
79	83
81	82
82	83
85	87
85	93
86	87
86	88
86	89
86	92
87	89
87	91
87	92
88	91
89	91
90	91
91	93
94	95
94	96
94	98
94	101
94	104
95	96
95	97
95	101
96	97
96	100
96	102
96	104
97	98
97	100
98	99
98	101
98	104
99	102
100	101
100	102
100	104
101	104
105	108
105	112
105	113
106	112
107	108
107	109
108	113
109	115
110	113
116	118
116	125
117	123
117	124
118	121
118	124
118	126
119	120
119	122
121	126
122	124
122	127
123	126
124	126
124	127
125	127
