\\ machines
15
\\ max power
150
\\ Jobs in machine 1
10
J1	16	3	73	33	2.3599605108424946
J2	15	13	100	21	1.20775603869731
J3	14	7	59	42	1.6875233924048363
J4	15	1	54	3	0.8471732114359187
J5	14	11	35	58	0.8539798412840324
J6	16	7	37	71	1.3586048747295048
J7	14	13	85	21	0.8563296121797119
J8	15	8	108	52	0.98649984388344
J9	14	4	92	73	0.9557030662399264
J10	13	6	18	35	1.3603257947826481
\\ Jobs in machine 2
11
J11	13	5	8	11	1.8287131838805757
J12	16	9	65	69	0.9143187198593381
J13	14	8	53	20	0.7732663240971258
J14	14	2	84	57	1.0184258179893506
J15	15	1	110	12	0.6214324191373348
J16	15	3	35	74	1.4558501771250847
J17	14	6	12	60	0.9035178460660271
J18	15	4	44	33	0.9586596055653254
J19	13	12	34	58	0.7984295489133986
J20	14	9	72	54	0.7723325092692157
J21	14	11	36	38	1.868851213860502
\\ Jobs in machine 3
11
J22	13	11	108	53	2.240572715163576
J23	15	7	11	67	1.6363600759286472
J24	14	13	8	17	1.5913587226176087
J25	15	5	102	29	1.6069674906074174
J26	14	5	32	25	1.1104064405914118
J27	14	11	11	32	1.23514714669836
J28	13	3	23	24	1.5213107860586743
J29	14	7	26	71	1.3716173929731725
J30	12	8	101	34	0.6262528940789746
J31	14	7	8	55	0.1
J32	15	10	58	16	1.705508033424692
\\ Jobs in machine 4
13
J33	13	8	64	70	0.9913272087598766
J34	14	13	85	38	0.49864342913061543
J35	13	13	45	59	1.9188552516662547
J36	15	14	36	20	0.57133043432211
J37	16	2	22	1	2.0864135779514474
J38	15	8	20	49	1.3167814213600118
J39	15	13	6	8	1.8492095900285834
J40	15	4	44	72	1.9182039039780197
J41	13	10	31	56	1.6699654724021369
J42	14	12	32	69	0.8191843683634722
J43	14	7	9	34	1.2422962629655416
J44	13	2	88	39	2.099556771990814
J45	15	13	82	13	1.6818755593792272
\\ Jobs in machine 5
10
J46	13	5	107	51	0.9201438872701158
J47	16	8	103	52	0.39698239933320534
J48	14	7	82	45	2.5520629186480384
J49	14	2	17	5	0.651717609908395
J50	14	2	77	25	1.9798182698834506
J51	15	12	23	30	0.7085577730725188
J52	14	1	42	11	1.4257913578738524
J53	15	6	103	34	0.8598834047000306
J54	16	3	93	19	1.0412660854874445
J55	15	1	49	66	1.3400432837402176
\\ Jobs in machine 6
12
J56	13	1	31	44	1.075173483526844
J57	14	13	99	15	2.1829767240555715
J58	15	9	12	68	1.1273479665149448
J59	14	14	59	57	0.8512665794897921
J60	15	8	15	22	0.7571626417667754
J61	13	6	41	23	1.0403749362900045
J62	17	4	105	10	1.4545870478358747
J63	15	7	27	29	0.1832165688909997
J64	13	3	78	47	0.7216434303540056
J65	14	14	2	24	0.6012833149271058
J66	14	5	63	8	1.155727941378429
J67	13	7	4	55	0.9176979479034182
\\ Jobs in machine 7
9
J68	15	7	20	2	0.9403867688962855
J69	13	6	59	45	0.7574132657331363
J70	14	10	99	59	1.709708595169947
J71	14	8	7	51	0.6650275967721385
J72	15	12	61	40	1.244294902227717
J73	14	13	66	31	1.67775365568516
J74	16	13	38	69	1.5230349691020304
J75	13	12	46	43	1.0881016571038293
J76	14	4	46	38	0.8673473151366641
\\ Jobs in machine 8
11
J77	14	4	9	71	0.6262190154781073
J78	14	2	17	1	0.6552772784777925
J79	14	1	53	4	1.9614718249305083
J80	13	12	15	30	0.8054885044847078
J81	15	4	68	54	1.9325893193066954
J82	14	14	89	14	1.17187464669663
J83	13	10	19	29	0.894387483913239
J84	14	4	10	67	1.2588465469685952
J85	17	6	17	16	1.8132323148038343
J86	15	5	53	16	0.8632897707014572
J87	15	12	104	71	1.2459747422605352
\\ Jobs in machine 9
11
J88	16	3	5	52	1.2596296038793116
J89	12	6	75	67	1.2884001681977018
J90	14	7	43	69	1.1341669581449363
J91	15	10	25	54	0.8254657514315427
J92	15	3	72	60	0.5637367454116896
J93	14	14	64	56	1.0067697219772809
J94	14	3	10	3	1.0694536312265668
J95	15	8	44	14	1.038717728924004
J96	13	3	55	40	0.7677197489321511
J97	14	1	60	70	2.390573858805783
J98	14	14	21	31	1.701607873263925
\\ Jobs in machine 10
10
J99	14	5	106	42	1.1514422371605189
J100	15	7	40	67	1.3100469379527482
J101	14	13	98	51	0.8393482256690767
J102	14	10	75	26	1.6198064637816643
J103	13	9	12	26	0.8730650502410854
J104	15	4	15	49	1.247620950545551
J105	12	4	107	35	1.1387376136392604
J106	13	3	108	60	1.0766873651297961
J107	13	4	18	8	1.1007211086663615
J108	16	13	90	55	0.9907375685199002
\\ Jobs in machine 11
9
J109	15	3	34	72	2.2986439584106555
J110	16	4	35	44	1.35783784993695
J111	14	11	102	10	0.5240432482623114
J112	14	8	50	39	1.2600621207912805
J113	14	13	94	32	1.4402002890712913
J114	13	11	49	56	1.023477421291391
J115	16	12	42	21	1.7375225598829211
J116	13	6	4	22	1.4295941065576918
J117	13	9	69	11	1.201688960525248
\\ Jobs in machine 12
10
J118	16	10	39	18	1.5244243753914626
J119	13	1	52	54	1.842627405139774
J120	13	7	73	44	1.3046544183393451
J121	15	10	105	36	2.1847386490916274
J122	14	3	63	60	1.1825283797075234
J123	16	1	10	20	1.2879816793018346
J124	14	1	54	28	1.3605365742514186
J125	15	1	5	42	0.1280478429389278
J126	14	10	34	28	0.6179516099810053
J127	16	7	6	40	1.6049683974347644
\\ Jobs in machine 13
11
J128	14	10	104	4	1.1451505340815724
J129	14	1	110	37	1.8332302351473349
J130	14	7	94	31	0.9013437782656455
J131	16	13	83	66	0.5758886101123462
J132	13	13	15	36	1.8391632758227283
J133	17	7	76	23	1.687253415409867
J134	14	1	59	40	2.3375621541202105
J135	16	14	55	5	0.9646325557749512
J136	15	9	29	58	0.1
J137	15	7	6	72	0.9275814083060403
J138	14	9	45	50	0.5391002189104614
\\ Jobs in machine 14
11
J139	16	12	39	3	1.930153153913291
J140	14	13	19	27	0.6137326911766228
J141	14	5	56	66	1.8121181112411169
J142	15	5	32	6	0.30587114229405554
J143	13	6	20	27	0.8498047310551514
J144	15	3	21	68	2.4399187425151396
J145	14	2	16	7	1.1158711205284146
J146	15	4	96	10	0.7334199021711545
J147	15	12	67	7	1.9929818174845444
J148	15	3	101	18	0.9929944016075356
J149	16	8	92	71	0.8127942912551682
\\ Jobs in machine 15
11
J150	14	8	93	7	0.614662360458021
J151	15	4	78	63	1.2333282049941425
J152	14	4	100	14	1.7917227093922117
J153	16	13	105	64	1.0926130830625351
J154	15	10	69	73	0.3391474395782972
J155	15	5	17	4	1.2064844171304785
J156	16	4	43	26	1.1180618289549276
J157	14	2	91	60	0.9029506637762272
J158	16	5	39	37	0.7033307486488665
J159	14	14	40	55	1.4745237420236113
J160	15	11	103	6	0.9336740233371009
\\ Dependencies 
256
1	2
1	8
2	3
2	5
2	6
2	9
3	4
3	6
3	8
4	5
4	7
6	7
6	10
7	8
7	9
11	14
11	16
12	16
12	18
12	19
12	21
13	14
13	15
14	16
14	17
15	19
16	19
16	20
16	21
17	21
18	19
19	20
19	21
20	21
22	25
22	30
22	31
23	24
23	25
23	26
23	29
23	31
24	27
24	28
24	30
25	26
25	27
25	30
28	30
29	30
29	32
30	31
33	35
33	36
33	37
33	41
33	45
34	35
34	36
34	37
34	38
34	41
35	37
35	42
35	44
36	40
36	43
36	44
37	39
37	40
38	39
38	40
38	41
39	40
39	43
40	41
40	42
41	45
42	44
43	44
43	45
46	52
46	53
47	50
47	53
48	49
48	52
48	53
49	50
49	51
49	53
50	51
50	53
51	53
51	54
51	55
52	53
52	54
53	54
56	58
56	64
56	67
57	66
58	65
58	66
59	62
59	63
59	65
60	64
61	66
62	63
62	64
62	67
63	66
64	65
64	67
66	67
68	69
68	70
68	71
68	73
68	75
68	76
69	70
69	71
69	72
69	73
69	75
70	75
71	73
71	75
72	76
73	75
74	75
77	80
77	83
77	84
78	80
79	80
79	81
79	84
79	86
80	82
80	83
80	85
81	82
82	85
82	86
83	84
84	86
84	87
86	87
88	90
88	92
89	90
89	95
90	96
91	97
91	98
92	93
93	94
94	95
94	96
94	97
99	100
99	102
99	106
99	107
100	102
100	104
100	105
100	108
101	102
101	103
101	107
102	106
102	107
102	108
103	106
103	108
104	108
105	106
106	108
109	114
110	111
110	117
112	114
113	116
118	119
118	122
118	125
118	126
119	123
119	125
120	122
120	124
120	125
121	125
122	123
122	126
122	127
123	125
124	126
126	127
128	129
128	130
128	131
128	133
128	134
128	138
129	131
129	134
129	138
130	131
130	134
130	137
131	132
132	135
132	137
133	137
134	135
134	136
134	137
135	136
135	138
139	147
139	149
140	141
140	143
140	145
141	142
141	143
141	144
141	145
142	144
142	145
142	149
143	144
143	145
144	149
145	146
147	149
150	154
150	155
150	159
150	160
151	152
151	155
151	156
151	157
151	160
154	158
154	159
156	158
157	159
158	159
