\\ machines
15
\\ max power
150
\\ Jobs in machine 1
13
J1	15	6	88	14	1.4077402399934527
J2	14	11	7	73	1.2529025392924094
J3	14	11	36	23	1.5693088751932447
J4	14	9	97	5	1.3734058176026203
J5	13	6	47	24	0.5322902248029683
J6	16	8	16	52	0.1
J7	14	1	75	35	1.3438935542537505
J8	13	3	63	14	0.3795919485823763
J9	14	5	100	29	0.45567218473923843
J10	14	14	80	11	1.2384296705800977
J11	14	3	16	73	1.2273790186798168
J12	14	13	14	38	1.3312132313812732
J13	14	5	56	64	2.1990420140523916
\\ Jobs in machine 2
10
J14	14	4	22	46	1.19194093442426
J15	13	14	74	62	1.245227592925861
J16	15	5	108	42	1.1617941235706908
J17	14	7	15	67	0.5465084455611384
J18	14	13	92	40	0.8557249926396056
J19	15	6	40	8	1.7895894752883752
J20	15	12	29	53	1.5897695581709441
J21	16	8	104	26	1.510467667211253
J22	13	6	22	71	0.5344160321301026
J23	16	12	36	29	1.3197774738157064
\\ Jobs in machine 3
11
J24	14	2	74	70	0.7785447186806786
J25	14	7	76	10	0.44880447537455603
J26	16	11	103	19	0.9596435331397624
J27	15	10	48	64	1.564055248755766
J28	15	1	20	10	1.6620388391056422
J29	15	12	19	25	1.165827859060283
J30	16	14	59	28	1.0086716680903536
J31	13	13	74	7	1.138787943219934
J32	14	3	28	29	0.8782369437494524
J33	14	11	46	22	1.7665931102785914
J34	16	12	37	19	0.1
\\ Jobs in machine 4
12
J35	13	6	35	68	1.3595878865070308
J36	16	12	85	36	0.9312763754285405
J37	17	14	47	62	1.081085853249057
J38	13	12	107	21	0.1
J39	13	4	95	23	2.3398733421706814
J40	15	13	44	18	1.542940820401864
J41	13	11	64	3	1.7606279776446097
J42	14	4	51	74	1.1078502567792778
J43	12	12	11	54	0.6758234858169224
J44	15	1	35	53	2.03327464955669
J45	15	10	97	34	1.96596098131098
J46	13	2	72	65	1.1222776984321001
\\ Jobs in machine 5
10
J47	14	2	26	58	0.329857056994198
J48	15	8	19	10	1.106716495124353
J49	14	5	64	51	1.15660673440706
J50	16	3	18	8	1.631316079451534
J51	16	11	25	20	1.0033186798983253
J52	14	12	88	42	1.2669233584673232
J53	15	12	86	51	1.9174183555748858
J54	14	1	67	43	1.6988975251656298
J55	15	7	8	58	2.1855913130587963
J56	13	10	69	29	1.3348936974420869
\\ Jobs in machine 6
12
J57	14	10	12	64	0.9931150714267187
J58	16	4	90	33	1.1103460613113976
J59	15	10	107	71	0.8278721887378344
J60	14	10	38	37	0.6132348004329811
J61	12	5	108	65	0.5263360295352527
J62	14	13	20	15	0.6056473241026255
J63	13	6	13	50	1.531732107181401
J64	15	9	80	63	2.111928853328604
J65	14	2	17	15	1.662497833831711
J66	13	8	20	51	1.7435370680607738
J67	13	6	27	38	1.649070438346428
J68	17	4	93	12	2.8888479050648295
\\ Jobs in machine 7
11
J69	14	8	28	64	0.7098059093246399
J70	14	14	55	31	0.45981834152170575
J71	14	8	39	45	2.515283816626935
J72	15	10	15	69	1.224521232654452
J73	14	9	60	59	0.1
J74	15	2	30	18	1.7412838874181062
J75	15	12	16	57	1.7570807493198894
J76	16	12	100	35	1.8141174543118583
J77	15	11	56	23	0.4852533393248045
J78	14	13	56	5	1.667717622649447
J79	15	13	105	18	1.0419046014618363
\\ Jobs in machine 8
10
J80	14	11	19	33	1.332927136426212
J81	15	6	102	34	1.4531546939977098
J82	14	12	95	37	2.277445389615481
J83	14	8	16	61	0.7687820639965849
J84	14	4	22	61	0.9544007775320622
J85	15	5	62	34	1.596263352649656
J86	16	12	39	39	0.9396417540296701
J87	14	7	102	60	1.8820584251702035
J88	13	11	99	9	1.2825809095087992
J89	15	11	55	18	2.092215770045985
\\ Jobs in machine 9
11
J90	14	5	80	56	1.0943517199034751
J91	14	10	60	68	0.98174252084511
J92	12	10	55	62	1.8743095385555044
J93	16	2	106	70	0.19859037574978267
J94	13	9	81	13	0.8042708478258431
J95	15	10	91	38	0.8705198373887741
J96	13	12	74	13	2.2861802935214275
J97	14	8	100	49	1.299520697974401
J98	14	3	109	2	1.1681819959117963
J99	15	5	93	33	1.1458935510839712
J100	13	13	9	18	1.829765560890408
\\ Jobs in machine 10
11
J101	14	12	25	58	1.7733081840425515
J102	14	1	70	65	1.36186597949408
J103	16	12	82	60	0.7494344565120654
J104	15	10	39	75	1.4562215980951638
J105	14	9	74	7	1.097457405740531
J106	16	13	6	11	0.5737077509941753
J107	15	3	56	9	1.6517231870546192
J108	15	12	102	58	1.8649613584478866
J109	15	8	7	28	1.0950893369817845
J110	15	13	36	14	0.7876162022623665
J111	14	12	49	62	1.6829923313527706
\\ Jobs in machine 11
11
J112	15	10	61	34	2.337781318374824
J113	16	1	98	73	1.2764527038747442
J114	15	7	43	16	1.2848208097018199
J115	12	1	103	23	0.8988614354572357
J116	15	13	62	32	0.28448818505516615
J117	13	2	51	4	1.010372285928654
J118	16	13	29	17	1.052552741234026
J119	15	8	67	68	0.5097324896917368
J120	13	14	76	41	1.438723528191935
J121	15	7	41	21	1.2427413954520499
J122	13	5	64	71	2.297367405266538
\\ Jobs in machine 12
12
J123	14	10	3	72	1.3891529432560044
J124	15	6	67	15	1.0632530203628374
J125	16	5	5	52	1.2746484122233326
J126	16	5	59	29	0.6076321097441436
J127	16	3	39	44	0.610588842846077
J128	15	8	3	30	1.5797439643238058
J129	16	8	77	43	0.7473438957831183
J130	14	9	83	34	1.0921597548994653
J131	16	4	51	38	1.1492070943677681
J132	15	3	56	2	0.4156582264456671
J133	12	8	50	50	1.439486755273245
J134	15	11	91	55	0.9973454040092811
\\ Jobs in machine 13
11
J135	15	9	5	70	1.4803558799024898
J136	14	14	106	35	1.6391585585415311
J137	16	12	78	63	2.024909530757337
J138	14	8	15	67	1.2449650336445723
J139	15	10	106	36	1.3203294663403788
J140	14	13	90	46	1.848484294403053
J141	13	6	64	1	1.697189998696882
J142	14	11	83	53	1.2053780177256268
J143	14	7	68	74	1.1341689085252438
J144	14	14	101	49	0.9251520681077907
J145	15	9	40	53	1.3165902752744494
\\ Jobs in machine 14
10
J146	15	2	18	32	1.2142659150604376
J147	16	11	11	23	1.43067870625655
J148	15	4	70	32	1.5339761295636394
J149	16	13	71	57	0.5951211590233207
J150	15	1	76	50	1.6178623422059961
J151	14	2	52	12	0.8433441048579591
J152	16	8	69	65	1.1179881131160587
J153	16	3	16	17	1.5357908781012326
J154	14	3	40	46	1.4725446474887018
J155	15	1	61	35	0.9388833047175376
\\ Jobs in machine 15
12
J156	15	4	35	11	1.2755045116403851
J157	13	12	80	29	0.49571175432646153
J158	14	6	19	75	1.3787564787434436
J159	14	5	90	15	1.5635293359466749
J160	14	14	81	33	0.950919096899965
J161	13	1	96	61	0.4941699669792201
J162	15	7	66	70	0.8480511215448514
J163	14	13	77	34	0.1
J164	12	2	43	56	1.4985968646379808
J165	16	1	105	10	1.0698595857903388
J166	15	11	106	39	1.169125960849692
J167	15	2	10	1	2.015682690036853
\\ Dependencies 
612
1	4
1	5
1	6
1	7
1	8
1	9
1	11
1	12
1	13
2	3
2	5
2	6
2	8
2	9
3	4
3	5
3	6
3	10
3	11
3	12
3	13
4	5
4	6
4	8
4	9
4	13
5	7
5	8
5	10
5	12
5	13
6	7
6	9
6	10
6	11
6	12
6	13
7	9
7	10
7	11
7	13
8	9
8	10
8	13
9	10
9	11
9	12
9	13
10	12
10	13
11	12
14	16
14	17
14	18
14	19
14	23
15	16
15	17
15	20
15	22
15	23
16	17
16	18
16	19
16	20
16	21
16	22
16	23
17	20
17	21
17	23
18	19
18	21
18	23
19	20
19	21
19	22
19	23
20	22
20	23
21	22
22	23
24	25
24	26
24	27
24	28
24	29
24	30
24	31
24	32
24	34
25	26
25	27
25	28
25	30
25	34
26	27
26	28
26	29
26	30
26	32
26	33
26	34
27	29
27	30
27	31
27	32
27	34
28	29
28	30
28	31
28	34
29	30
29	31
29	32
29	33
30	31
30	32
31	32
31	33
31	34
32	34
35	36
35	37
35	38
35	39
35	40
35	42
35	43
35	44
35	45
36	38
36	39
36	40
36	42
36	43
36	45
36	46
37	38
37	39
37	41
37	43
37	44
38	39
38	40
38	41
38	42
38	43
38	44
38	45
38	46
39	40
39	41
39	42
39	43
39	44
39	45
39	46
40	43
40	45
40	46
41	42
41	44
41	45
42	44
42	46
43	44
43	45
43	46
44	45
44	46
45	46
47	50
47	51
47	52
47	53
47	54
47	55
47	56
48	49
48	51
48	52
48	53
48	54
48	55
49	50
49	51
49	52
49	55
49	56
50	51
50	52
50	53
50	54
50	55
50	56
51	52
51	53
51	54
51	55
52	53
52	54
52	55
52	56
53	54
53	56
54	55
54	56
55	56
57	58
57	60
57	61
57	62
57	63
57	64
57	65
57	66
57	67
58	59
58	61
58	62
58	65
58	66
58	67
58	68
59	62
59	63
59	64
59	65
59	66
59	67
60	61
60	62
60	63
60	65
60	66
60	67
60	68
61	62
61	63
61	65
61	66
61	68
62	64
62	67
63	64
63	66
63	67
64	67
64	68
65	66
65	67
65	68
66	68
67	68
69	70
69	71
69	72
69	74
69	75
69	76
69	77
69	78
69	79
70	71
70	72
70	74
70	75
70	76
70	78
70	79
71	72
71	74
71	76
71	77
71	78
71	79
72	74
72	75
72	76
72	77
73	74
73	75
73	77
73	79
74	76
74	77
74	78
74	79
76	77
76	78
76	79
80	81
80	82
80	83
80	86
80	87
80	89
81	83
81	84
81	85
81	86
81	87
81	88
81	89
82	84
82	85
82	87
82	88
82	89
83	84
83	85
83	86
83	87
83	88
83	89
84	85
84	86
84	88
85	86
85	87
85	88
85	89
86	87
86	88
87	88
87	89
88	89
90	91
90	93
90	94
90	96
90	97
90	100
91	92
91	93
91	94
91	96
91	97
91	98
91	99
91	100
92	93
92	95
92	96
92	97
92	98
92	99
92	100
93	94
93	95
93	96
93	97
93	98
94	95
94	97
94	98
94	99
94	100
95	96
95	97
95	99
95	100
96	97
96	99
97	98
97	99
98	99
98	100
101	102
101	103
101	104
101	108
101	109
101	110
101	111
102	103
102	110
102	111
103	105
103	106
103	107
103	108
103	109
103	110
103	111
104	105
104	106
104	107
104	108
104	109
104	110
104	111
105	106
105	107
105	108
105	109
105	110
106	108
106	109
106	110
107	109
107	110
108	109
108	110
108	111
109	111
110	111
112	116
112	119
112	120
112	121
112	122
113	115
113	116
113	117
113	118
113	120
113	121
113	122
114	115
114	117
114	118
114	120
114	121
114	122
115	116
115	117
115	118
115	119
115	120
115	121
116	118
116	119
116	120
116	121
116	122
117	118
117	120
117	121
117	122
118	120
119	120
119	121
120	121
123	124
123	126
123	127
123	128
123	129
123	131
123	132
123	133
123	134
124	125
124	127
124	128
124	129
124	130
124	131
124	132
124	133
125	126
125	127
125	128
125	129
125	131
125	132
125	133
126	127
126	128
126	129
126	130
126	131
126	132
126	133
126	134
127	131
127	132
127	133
128	130
128	131
129	130
129	132
130	132
130	134
131	132
131	133
131	134
132	133
132	134
133	134
135	136
135	137
135	138
135	140
135	141
135	144
135	145
136	139
136	141
136	142
136	143
136	144
136	145
137	138
137	139
137	140
137	141
137	142
137	145
138	140
138	141
138	142
138	143
138	144
138	145
139	140
139	141
139	142
139	143
139	145
140	142
140	143
140	144
140	145
141	142
141	144
141	145
142	143
142	145
143	144
143	145
144	145
146	147
146	148
146	149
146	150
146	151
146	152
146	153
146	155
147	149
147	150
147	151
147	152
147	153
147	154
147	155
148	149
148	152
148	153
148	154
148	155
149	150
149	154
149	155
150	151
150	152
150	153
150	155
151	154
151	155
152	153
152	155
153	154
154	155
156	159
156	160
156	161
156	162
156	163
156	164
156	166
156	167
157	158
157	159
157	160
157	161
157	162
157	163
157	164
157	166
157	167
158	159
158	160
158	161
158	162
158	163
158	164
158	165
158	166
159	161
159	164
159	165
159	166
159	167
160	162
160	163
160	166
161	163
161	164
161	166
161	167
162	165
162	167
163	164
163	166
164	165
164	167
165	166
165	167
