\\ machines
10
\\ max power
100
\\ Jobs in machine 1
12
J1	13	2	79	7	0.44158878336400686
J2	16	6	105	9	1.0356286297650186
J3	16	14	4	6	1.0952164027560523
J4	14	6	49	2	1.2605420358142905
J5	14	1	43	21	1.7068567261625416
J6	15	2	83	22	0.4442727185609566
J7	14	14	56	20	1.6457382842977661
J8	15	6	109	1	0.892012785587647
J9	13	4	80	18	0.5228056869643012
J10	12	2	58	12	0.7112639264675875
J11	16	8	3	3	1.2835193723860814
J12	14	10	105	16	0.20637716695967556
\\ Jobs in machine 2
11
J13	13	13	64	17	0.46567557886785027
J14	14	10	12	1	1.2492559556208107
J15	14	6	64	7	2.572144273229373
J16	14	14	60	11	1.1462617885142157
J17	16	9	69	16	1.5266125848771388
J18	14	2	29	2	1.3999340645203016
J19	13	11	66	21	1.2085449271792692
J20	16	9	97	16	0.47693966228803153
J21	14	13	107	6	1.4437508572629767
J22	15	3	94	21	1.3125424596213138
J23	15	5	36	20	1.9494518767737419
\\ Jobs in machine 3
11
J24	16	7	14	14	1.020505566193176
J25	17	6	6	11	0.1
J26	16	3	4	10	0.18567354975876205
J27	15	6	78	7	0.5250274213042976
J28	15	12	89	8	0.8381848822093366
J29	15	10	42	5	1.2087643096691445
J30	15	7	93	3	1.4867992222375435
J31	15	4	44	12	1.461448870665016
J32	13	9	108	6	1.1487309638055394
J33	14	1	3	23	0.19956448364036827
J34	14	12	5	21	1.1384357174765232
\\ Jobs in machine 4
10
J35	14	11	52	23	1.7641556589303709
J36	15	8	21	6	1.0991500303524124
J37	14	6	107	4	0.5447188807406484
J38	15	13	48	25	2.097813999760765
J39	15	1	73	2	1.6340427433847347
J40	14	13	98	10	0.965277222766009
J41	13	11	28	8	1.7679489094495726
J42	14	2	86	20	1.6625509686099251
J43	14	12	20	5	0.36408939289832287
J44	15	8	12	25	1.1351260261269083
\\ Jobs in machine 5
11
J45	14	6	13	2	1.1110243390860093
J46	14	6	62	23	1.362325623718083
J47	15	8	30	16	1.7385293182225183
J48	15	2	108	22	0.8748125417557138
J49	16	12	65	20	1.6589401063921367
J50	15	8	78	14	1.9950659516689315
J51	15	14	23	4	0.774966231577318
J52	15	1	103	4	1.8722671363710897
J53	16	2	57	1	2.084003941728898
J54	16	6	32	17	0.4633272303581055
J55	16	8	71	11	1.7445232535463
\\ Jobs in machine 6
11
J56	15	10	38	8	2.1503873599837235
J57	16	5	72	7	1.5984419275511992
J58	14	4	24	1	0.4692992090855739
J59	14	11	84	23	0.1
J60	15	7	87	21	0.6044864413909229
J61	14	9	74	11	0.6575309030762975
J62	16	12	72	20	2.1489777430421704
J63	15	1	36	20	1.0995591873618107
J64	15	12	20	21	1.5912760022509391
J65	15	13	43	18	1.1169289522579193
J66	14	8	57	11	1.4589914041631606
\\ Jobs in machine 7
10
J67	16	4	80	22	1.4052813131550088
J68	13	3	102	21	1.3798133920299112
J69	14	9	41	12	1.4788529569112547
J70	15	14	68	24	1.458123854886701
J71	14	12	36	18	1.6016214286069352
J72	15	9	55	5	0.9003077148363073
J73	15	14	74	7	0.576050844654908
J74	15	4	20	15	1.6980139437820907
J75	15	10	27	14	0.37761467970808615
J76	15	8	46	19	2.2195876864670634
\\ Jobs in machine 8
12
J77	16	1	81	5	1.4845123133157803
J78	15	5	37	9	1.1607364504312616
J79	14	2	80	1	0.950428788664476
J80	14	1	66	1	0.9758538601502462
J81	15	3	61	24	1.092109789306476
J82	15	4	30	14	1.8987661103474094
J83	14	7	107	9	1.5334654624985837
J84	14	11	21	11	1.7008705847519445
J85	14	9	11	17	0.9823252215068752
J86	16	8	4	5	0.7394786126020957
J87	15	6	98	18	1.5858791714613105
J88	14	14	30	2	0.9020893540822781
\\ Jobs in machine 9
12
J89	15	14	24	14	0.8502929945633972
J90	14	12	47	22	1.7447484299786744
J91	13	7	37	6	0.1
J92	15	10	74	12	1.440089760305214
J93	16	2	60	8	1.8698976113248382
J94	14	2	32	10	0.9019629668519709
J95	15	13	45	20	1.3160924122243045
J96	15	1	85	12	0.9743414652515652
J97	15	8	74	23	0.4544793918778419
J98	15	13	93	22	0.9284580808705967
J99	14	6	47	9	1.1759353167606934
J100	15	6	86	1	0.8886111458765112
\\ Jobs in machine 10
11
J101	16	1	77	1	0.43063110338467325
J102	15	8	92	5	1.6547830766745224
J103	14	9	16	3	1.5555288520587498
J104	14	9	28	14	0.3706584671683647
J105	15	1	104	13	1.3561907637446573
J106	13	1	66	12	1.018458893723266
J107	15	5	75	8	1.7049749998499986
J108	16	5	60	20	0.6112610097259935
J109	14	13	59	1	1.201208581601167
J110	14	14	28	25	1.8256293410909405
J111	15	8	82	20	2.0634931754391825
\\ Dependencies 
355
1	2
1	3
1	6
1	9
1	10
1	12
2	5
2	6
2	7
2	9
2	10
2	12
3	4
3	5
3	7
3	9
3	10
3	11
3	12
4	5
4	6
4	8
4	9
4	10
4	11
4	12
5	6
5	7
5	8
5	9
5	10
5	11
5	12
6	8
6	10
6	11
6	12
7	8
7	9
7	11
7	12
8	10
8	11
8	12
9	12
10	11
10	12
11	12
13	14
13	15
13	17
13	18
13	19
13	20
14	15
14	16
14	19
15	18
15	19
15	20
15	21
15	22
15	23
16	17
16	18
16	20
16	22
17	18
17	19
17	20
17	22
18	19
18	20
18	21
18	22
18	23
19	20
19	21
19	23
20	21
20	23
21	22
24	25
24	26
24	27
24	30
24	31
24	32
24	33
24	34
25	26
25	28
25	30
25	31
25	34
26	27
26	29
26	31
26	32
26	33
26	34
27	29
27	30
27	31
27	32
27	33
27	34
28	29
28	30
28	32
28	34
29	33
29	34
30	31
30	32
31	33
31	34
32	33
33	34
35	38
35	39
35	40
35	41
35	44
36	39
36	40
36	41
36	43
36	44
37	39
37	41
37	42
37	43
37	44
38	39
38	40
38	44
39	41
39	43
40	42
40	43
40	44
41	44
42	43
43	44
45	46
45	47
45	48
45	52
45	53
45	55
46	47
46	50
46	53
46	54
47	49
47	50
47	54
47	55
48	49
48	51
48	52
49	50
49	51
49	52
49	53
50	54
50	55
51	52
51	55
52	53
52	55
53	54
53	55
56	58
56	62
56	64
56	65
56	66
57	59
57	60
57	61
57	62
57	63
57	64
57	65
57	66
58	59
58	64
58	65
58	66
59	60
59	66
60	61
60	62
60	63
60	65
61	62
61	66
62	65
63	66
65	66
67	68
67	70
67	73
67	74
67	75
67	76
68	69
68	70
68	71
68	72
68	74
69	71
69	72
69	73
70	72
70	73
70	74
70	75
70	76
71	72
71	73
71	75
72	73
72	75
72	76
73	74
73	75
74	76
75	76
77	80
77	81
77	83
77	84
77	85
77	86
77	87
77	88
78	80
78	82
78	83
78	84
78	85
78	86
79	81
79	84
79	85
79	87
79	88
80	81
80	83
80	84
80	85
80	87
80	88
81	82
81	83
81	84
81	86
81	87
81	88
82	83
82	84
82	85
82	87
82	88
83	84
83	85
83	88
84	86
84	87
84	88
85	86
85	87
85	88
86	87
86	88
87	88
89	90
89	91
89	92
89	96
89	97
89	100
90	92
90	93
90	95
90	96
91	92
91	93
91	94
91	95
91	96
91	97
91	98
91	99
91	100
92	94
92	95
92	96
92	99
93	95
93	97
94	95
94	97
94	98
94	99
95	96
95	97
95	98
95	99
95	100
96	97
96	98
96	99
96	100
97	99
97	100
98	100
101	103
101	104
101	105
101	107
101	108
101	110
101	111
102	103
102	104
102	105
102	109
103	105
103	106
103	109
103	110
103	111
104	105
104	107
104	109
105	106
105	107
105	108
105	109
105	110
105	111
106	108
106	109
106	111
107	108
107	109
107	110
107	111
108	111
109	110
109	111
