\\ machines
12
\\ max power
120
\\ Jobs in machine 1
11
J1	14	7	6	9	0.9011788077729934
J2	16	4	88	38	1.4044309147864613
J3	15	7	29	6	1.149779664318386
J4	14	9	69	32	0.6607870115958163
J5	16	5	82	27	2.0214829727862624
J6	14	10	31	41	0.863655772546974
J7	12	13	93	60	1.2740952935419838
J8	15	12	13	47	1.4475041636632817
J9	17	1	40	46	1.4629319869290938
J10	14	9	76	4	1.2533743965872954
J11	15	2	21	28	0.6691346829501283
\\ Jobs in machine 2
10
J12	16	14	107	52	1.48221798650984
J13	14	6	78	34	1.0420311905588397
J14	13	3	102	8	1.683325085968741
J15	15	3	96	35	1.1826185774289435
J16	14	13	52	18	2.3134112010916956
J17	15	14	11	4	1.6226008727176469
J18	16	10	38	40	1.0303774443229317
J19	16	7	65	4	1.1503766534481363
J20	13	2	73	58	0.7086617807431668
J21	15	5	102	56	0.8438829150965945
\\ Jobs in machine 3
12
J22	13	5	81	4	1.9035234535417762
J23	15	13	88	4	1.3770301377362393
J24	13	13	56	35	1.635386878984941
J25	14	4	43	13	0.7491527658329211
J26	14	1	39	24	1.273196901661749
J27	13	10	65	26	2.500996942599135
J28	16	10	25	5	1.3352140553504295
J29	16	13	24	31	1.0146887213133557
J30	15	7	45	8	1.7256813683148131
J31	15	6	28	18	0.9033248950522375
J32	17	8	106	52	1.5244416848184572
J33	16	11	51	39	1.9625421388841358
\\ Jobs in machine 4
11
J34	15	9	92	31	1.7718530960796466
J35	16	5	38	29	1.5839895882609356
J36	15	9	30	46	1.16022976588226
J37	13	4	32	3	2.028549910735901
J38	15	9	8	59	1.3482517991599323
J39	15	9	56	18	0.48052564701690215
J40	13	2	15	14	0.5641437105128841
J41	14	12	55	18	0.6628457313382594
J42	15	7	76	26	1.7450702189976837
J43	15	7	69	2	0.37303437843551945
J44	14	13	35	37	0.8985045263857537
\\ Jobs in machine 5
12
J45	15	5	77	52	1.7207402162416037
J46	14	6	73	31	0.4509024230949653
J47	13	7	35	34	1.5434069590639792
J48	16	7	90	5	0.8976858180274816
J49	16	2	94	35	1.5112644950989225
J50	15	14	26	16	1.4153365640013134
J51	13	7	68	2	0.8404908503861455
J52	14	3	30	34	1.756549987788879
J53	15	5	85	34	1.124071928138597
J54	12	9	87	10	1.0307107806240405
J55	15	2	57	33	1.0307922690354008
J56	15	9	85	54	0.5050226356941266
\\ Jobs in machine 6
13
J57	14	6	27	1	0.8226544570114103
J58	15	1	91	59	0.45762310748713275
J59	14	10	99	49	1.3781368311794733
J60	14	10	64	57	1.9185956552281422
J61	15	14	20	40	0.6811554165752346
J62	14	4	82	58	1.110402411468204
J63	14	4	108	12	2.1219226464163112
J64	14	4	3	60	1.8330067924872329
J65	14	11	94	28	0.6295557308052472
J66	14	10	109	46	1.0264525953273331
J67	13	14	49	43	1.8106987442085112
J68	16	9	44	51	0.6906332932114264
J69	16	3	9	1	1.581086824822016
\\ Jobs in machine 7
10
J70	16	11	90	48	0.2831987255135904
J71	15	4	43	14	1.7109991876221615
J72	14	13	6	52	1.195891070227404
J73	14	14	105	1	2.4947506447025427
J74	14	13	2	47	1.8314831332860795
J75	15	11	58	45	2.027145714255692
J76	14	9	59	5	1.0677927362005266
J77	13	4	37	49	1.3337883988040617
J78	15	2	11	48	1.6982590378706186
J79	16	5	102	56	1.4797335447022522
\\ Jobs in machine 8
11
J80	15	11	5	31	1.1067195356015451
J81	14	8	71	23	1.0237658126292601
J82	14	12	108	15	1.1621457972008207
J83	13	4	43	24	1.1441570131763916
J84	15	9	39	30	1.1618244089671323
J85	15	5	8	1	1.3449289424974007
J86	15	10	45	42	1.476635033087377
J87	14	11	11	22	1.9979707738723422
J88	14	13	86	23	1.2945682837987627
J89	15	14	97	32	0.9326638279051582
J90	14	4	88	33	1.0275020578312624
\\ Jobs in machine 9
9
J91	12	13	45	44	0.8565959423981041
J92	12	7	78	20	0.676347143083204
J93	15	1	99	10	1.4880882997126315
J94	14	7	20	8	1.0713099983568575
J95	17	8	47	42	1.5013635729183974
J96	14	7	42	49	0.6085313963637651
J97	14	10	83	11	0.10403414058806537
J98	14	3	31	46	0.905934738453372
J99	16	6	60	34	2.507972719216788
\\ Jobs in machine 10
10
J100	15	7	45	17	1.282629301203895
J101	12	8	98	17	1.5444248097944953
J102	16	6	20	18	1.2910530972176593
J103	13	2	32	44	0.8027299183959704
J104	13	8	36	38	1.0011549113537304
J105	14	9	97	28	0.5434360924586514
J106	15	7	50	59	0.5223547448114044
J107	15	11	80	39	1.2056597584999125
J108	15	9	24	41	1.5693698733855297
J109	15	4	67	37	2.247876102298714
\\ Jobs in machine 11
12
J110	14	13	87	34	0.385569161223436
J111	13	7	5	48	1.2810851383567556
J112	16	7	101	1	1.9124447271105973
J113	15	5	85	26	1.6916753642955873
J114	15	7	109	47	1.8705783300220777
J115	15	13	15	51	1.0160332268977441
J116	15	5	67	1	1.4767887174903547
J117	14	6	81	9	1.4117928541156415
J118	13	14	91	40	1.9053832002761544
J119	14	5	78	5	1.8725366927299443
J120	15	13	96	8	1.5212467106064944
J121	15	10	7	38	1.4424276106501484
\\ Jobs in machine 12
13
J122	14	10	40	8	1.537882296589943
J123	14	1	64	14	1.1151741366793655
J124	18	11	14	28	0.822401242725975
J125	14	2	50	17	1.2846552017096446
J126	15	6	103	46	2.228791405694794
J127	13	13	108	57	1.0086482629913613
J128	15	5	94	46	1.7682923362074217
J129	15	14	11	5	0.8595415576767591
J130	13	12	40	52	0.448904455075402
J131	17	2	28	45	1.4772132921858248
J132	14	1	21	5	1.544439834259117
J133	16	13	103	4	1.4274220846256067
J134	14	10	87	28	2.440938614782281
\\ Dependencies 
483
1	3
1	4
1	5
1	7
1	8
1	10
1	11
2	3
2	5
2	6
2	8
2	9
2	10
2	11
3	4
3	5
3	7
3	8
3	9
3	10
4	8
4	11
5	6
5	7
5	9
5	11
6	7
6	8
6	9
6	10
6	11
7	8
7	10
7	11
8	9
8	10
8	11
9	11
12	13
12	15
12	16
12	17
12	19
13	14
13	15
13	16
13	17
13	18
13	19
13	20
14	15
14	17
14	18
14	19
15	16
15	17
15	18
15	19
15	20
15	21
16	17
16	19
16	20
16	21
17	18
17	19
18	20
18	21
19	20
19	21
20	21
22	24
22	25
22	26
22	27
22	28
22	29
22	30
22	31
22	32
22	33
23	24
23	25
23	26
23	28
23	29
23	30
23	32
24	25
24	27
24	28
24	29
24	30
24	31
24	32
24	33
25	26
25	28
25	29
25	30
25	31
25	33
26	28
26	29
26	30
26	31
26	32
27	28
27	31
28	30
28	31
28	32
28	33
29	31
29	32
29	33
30	32
32	33
34	35
34	36
34	37
34	38
34	39
34	40
34	41
34	42
34	43
34	44
35	36
35	37
35	38
35	39
35	40
35	41
35	42
35	43
35	44
36	37
36	40
36	41
36	42
36	43
36	44
37	38
37	39
37	40
37	41
37	42
37	43
38	39
38	41
38	42
38	44
39	40
39	41
39	42
40	42
40	43
40	44
41	42
41	44
42	43
45	46
45	47
45	48
45	50
45	51
45	52
45	54
45	55
45	56
46	47
46	48
46	49
46	50
46	51
46	54
46	55
46	56
47	49
47	52
47	53
47	54
47	55
47	56
48	50
48	52
48	53
48	54
48	55
48	56
49	50
49	51
49	52
49	55
50	52
50	53
50	54
50	56
51	54
51	56
52	55
52	56
53	54
53	56
54	55
54	56
57	58
57	59
57	61
57	62
57	64
57	65
57	67
57	68
57	69
58	59
58	60
58	62
58	63
58	64
58	66
58	67
58	68
58	69
59	61
59	65
59	66
59	67
59	68
60	62
60	63
60	64
60	65
60	66
60	68
61	62
61	63
61	64
61	65
61	67
61	68
61	69
62	63
62	64
62	67
62	68
63	64
63	65
63	68
63	69
64	66
64	67
64	68
64	69
65	66
65	67
66	67
66	68
66	69
67	68
67	69
68	69
70	71
70	72
70	75
70	76
70	77
70	78
70	79
71	72
71	74
71	75
71	76
71	77
71	79
72	73
72	74
72	75
72	78
72	79
73	76
73	77
74	75
74	77
74	78
74	79
75	76
75	77
75	78
75	79
76	78
77	78
78	79
80	81
80	83
80	84
80	85
80	86
80	87
80	88
80	90
81	83
81	85
81	87
81	88
81	89
81	90
82	83
82	85
82	86
82	87
82	88
82	89
83	85
83	86
83	87
83	88
83	90
84	85
84	86
84	87
84	88
84	89
85	88
85	90
86	87
86	88
86	89
86	90
87	88
87	90
88	89
88	90
89	90
91	93
91	94
91	95
92	93
92	94
92	95
92	96
93	98
93	99
94	95
94	98
95	97
95	98
95	99
96	98
96	99
98	99
100	101
100	102
100	105
100	106
100	107
100	109
101	103
101	104
101	105
101	106
101	107
102	104
102	105
102	106
102	107
102	108
102	109
103	104
103	106
103	108
103	109
104	105
104	106
104	108
104	109
105	107
105	108
105	109
106	109
107	108
110	115
110	116
110	117
110	118
110	121
111	112
111	117
111	118
111	119
111	120
111	121
112	114
112	115
112	116
112	118
112	119
112	120
112	121
113	114
113	115
113	117
113	118
113	119
113	120
113	121
114	115
114	116
114	117
114	118
114	119
114	121
115	117
115	120
115	121
116	117
116	118
116	119
116	120
116	121
117	118
117	119
117	120
117	121
118	119
118	120
118	121
119	120
119	121
120	121
122	123
122	124
122	125
122	126
122	127
122	129
122	131
122	132
122	133
123	124
123	126
123	128
123	129
123	130
123	133
124	125
124	129
124	131
124	133
124	134
125	126
125	128
125	129
125	131
125	132
125	133
126	127
126	128
126	130
126	131
126	133
127	128
127	129
127	130
127	131
127	132
127	133
127	134
128	129
128	131
128	132
128	133
128	134
129	131
129	132
129	133
130	133
130	134
131	133
132	133
132	134
133	134
