\\ machines
8
\\ max power
80
\\ Jobs in machine 1
11
J1	14	2	89	2	1.2417066121467073
J2	14	13	106	2	0.5582366023248617
J3	14	14	37	20	1.1194160794037145
J4	14	8	28	11	0.6610492015937725
J5	13	1	52	6	1.4989187870458092
J6	13	6	53	8	1.2865947924268621
J7	15	14	100	18	1.076473831055144
J8	14	2	6	15	1.2063929649210061
J9	15	12	83	11	1.5060999332573255
J10	13	7	79	3	2.2735351517737863
J11	15	5	15	13	1.7577732150547418
\\ Jobs in machine 2
13
J12	16	9	31	16	1.3934058403513039
J13	13	10	29	1	1.4592596972053786
J14	15	3	2	16	1.3775848959801302
J15	15	10	26	20	1.3712035880732578
J16	14	6	8	6	1.6876424677442354
J17	15	9	40	13	2.2326810110916897
J18	13	10	36	7	1.3149201353123332
J19	16	6	61	15	1.6929982062319087
J20	13	3	77	19	1.390846753258265
J21	14	4	95	3	1.6179845167143918
J22	14	6	78	18	0.7597679157034479
J23	14	9	18	1	0.6171159822105395
J24	15	9	57	5	1.9720200536823058
\\ Jobs in machine 3
10
J25	16	10	6	2	0.6373264563691551
J26	15	6	60	5	0.6713692472783123
J27	13	5	87	11	0.8184985518332132
J28	15	2	108	13	1.8319171530927485
J29	14	10	36	1	0.8642347062910933
J30	16	9	73	9	1.1178620739418275
J31	16	5	103	14	0.9817186379321443
J32	16	4	2	19	0.8740981877941525
J33	14	11	10	13	1.3439451880594162
J34	15	10	60	12	0.27105095800016454
\\ Jobs in machine 4
11
J35	15	8	22	14	1.7320975332126936
J36	15	12	29	19	0.13740665184461065
J37	13	6	63	20	0.33989696435038563
J38	15	8	91	3	0.7117165048548459
J39	14	4	39	5	0.1255341431643966
J40	16	14	110	5	0.6891621751224797
J41	14	12	14	14	1.253261270157275
J42	16	14	72	6	1.4616950963397448
J43	14	7	78	8	1.4429697966418202
J44	15	8	14	13	0.5723807844633773
J45	16	2	86	18	0.8586756344418058
\\ Jobs in machine 5
11
J46	15	11	15	11	1.2196545248174986
J47	14	8	7	20	0.7407845089792752
J48	15	9	37	14	0.7550834723547104
J49	16	2	93	12	1.2473952689695114
J50	15	7	34	18	0.9736640779872224
J51	15	6	32	5	1.9930533139589612
J52	15	2	25	20	1.5803425682886303
J53	14	1	38	8	0.9923551637838322
J54	14	4	107	15	1.761108906428932
J55	15	5	61	2	0.12565335485883122
J56	14	9	20	10	0.6367779999076242
\\ Jobs in machine 6
12
J57	14	14	81	8	0.1
J58	13	10	78	16	1.1781788420648716
J59	15	3	87	19	1.2400577374357664
J60	14	9	28	8	1.4945792584539594
J61	14	11	82	15	1.3704061664115885
J62	13	13	33	2	1.11007372107429
J63	16	2	74	9	1.621488477938103
J64	15	9	110	3	1.6220494578079583
J65	15	3	73	13	1.4938240633943747
J66	14	13	81	9	1.3544082046975838
J67	16	9	50	5	1.4443733848301932
J68	14	5	94	20	1.0995394045244493
\\ Jobs in machine 7
12
J69	16	3	20	13	0.9102732725142184
J70	15	3	65	10	0.8020625204705985
J71	14	14	46	17	0.6015271111306632
J72	13	10	53	1	0.8333579423419419
J73	15	5	2	17	1.4120488009261394
J74	15	3	85	13	1.9085037540018517
J75	16	11	103	20	0.3913105213541044
J76	14	7	96	8	2.3264470771990293
J77	15	4	57	15	1.8081614078624466
J78	16	13	97	11	1.736232902385575
J79	16	14	29	4	1.774082650561252
J80	16	7	61	15	0.2723846790262303
\\ Jobs in machine 8
11
J81	14	13	12	16	1.7777285038418777
J82	13	3	107	2	0.2508063268712586
J83	13	11	40	16	1.4269290454032357
J84	14	4	27	2	1.719888424392825
J85	14	7	78	2	1.1494938349844652
J86	13	2	97	11	0.7166987291193196
J87	14	6	89	15	1.5219462603155924
J88	14	8	83	12	1.118978406726448
J89	16	3	57	20	1.6435743858734544
J90	13	6	47	15	0.9762830792235336
J91	14	4	41	2	1.0124642151346834
\\ Dependencies 
336
1	2
1	3
1	4
1	5
1	6
1	8
1	9
1	10
1	11
2	4
2	5
2	7
2	8
2	9
2	10
2	11
3	5
3	7
3	8
3	9
3	10
3	11
4	5
4	7
4	11
5	7
5	8
5	9
5	11
6	7
6	8
6	9
6	10
7	8
7	10
7	11
8	9
8	11
10	11
12	15
12	16
12	17
12	18
12	19
12	21
12	22
12	23
13	14
13	15
13	16
13	19
13	21
13	22
13	24
14	15
14	16
14	18
14	19
14	22
14	23
15	16
15	17
15	18
15	20
15	21
15	22
15	23
15	24
16	17
16	18
16	19
16	20
16	22
16	23
16	24
17	20
17	23
18	19
18	23
18	24
19	20
19	21
19	22
19	23
19	24
20	21
20	22
20	24
21	22
21	23
21	24
22	24
23	24
25	26
25	28
25	29
25	30
25	31
25	32
25	34
26	28
26	31
26	32
26	33
26	34
27	28
27	31
27	32
27	34
28	29
28	30
28	31
28	32
28	34
29	31
29	32
29	33
29	34
30	31
31	32
31	33
31	34
32	33
33	34
35	37
35	38
35	42
35	43
35	45
36	37
36	38
36	39
36	40
36	41
36	43
36	44
36	45
37	39
37	41
37	43
37	45
38	39
38	40
38	41
38	42
38	44
38	45
39	40
39	41
39	42
39	44
40	41
40	42
40	43
40	45
41	42
41	43
41	45
42	43
42	44
42	45
43	45
44	45
46	47
46	48
46	49
46	50
46	54
46	55
46	56
47	48
47	49
47	53
47	54
47	55
48	50
48	51
48	54
48	55
48	56
49	50
49	51
49	53
49	54
49	55
49	56
50	52
50	54
50	55
50	56
51	54
51	55
51	56
52	53
52	54
52	55
52	56
53	54
53	55
53	56
54	55
54	56
55	56
57	59
57	61
57	62
57	63
57	65
57	67
58	59
58	60
58	61
58	62
58	63
58	65
58	67
58	68
59	60
59	61
59	62
59	63
59	64
59	65
59	66
59	68
60	61
60	62
60	64
60	65
60	67
61	62
61	64
61	66
61	67
61	68
62	64
62	65
62	66
62	67
62	68
63	64
63	66
63	67
63	68
64	65
64	66
64	67
65	66
65	67
65	68
66	67
66	68
67	68
69	71
69	72
69	74
69	75
69	76
69	79
70	71
70	73
70	74
70	75
70	77
70	78
70	79
70	80
71	72
71	74
71	75
71	76
71	77
71	78
71	79
72	73
72	74
72	75
72	76
72	77
73	74
73	75
73	76
73	77
73	78
73	80
74	75
74	77
74	78
74	79
74	80
75	77
75	78
75	79
76	77
76	79
76	80
77	78
81	82
81	83
81	84
81	85
81	86
81	88
81	89
81	90
81	91
82	86
82	87
82	88
82	89
83	85
83	86
83	87
83	89
83	91
84	85
84	87
84	88
84	89
84	90
84	91
85	86
85	88
85	90
85	91
86	88
86	90
86	91
87	88
87	90
87	91
88	90
88	91
89	90
89	91
90	91
