\\ machines
25
\\ max power
250
\\ Jobs in machine 1
10
J1	13	3	34	31	0.5534995144836078
J2	15	2	48	101	0.781593317197157
J3	15	14	40	17	1.024692413889011
J4	14	4	107	58	2.107637961171326
J5	14	9	65	90	0.892357211758823
J6	15	5	27	58	1.3761607197116994
J7	15	5	28	43	1.4172793023004453
J8	14	4	14	111	0.9215091332079481
J9	16	8	27	7	0.724923372633223
J10	15	13	54	112	2.169858253478124
\\ Jobs in machine 2
10
J11	14	7	96	16	0.16166529490878978
J12	16	6	64	106	0.5722661088609731
J13	15	12	85	122	1.1309879751356842
J14	16	14	58	52	0.6924949348498947
J15	14	14	13	81	0.9840649188298194
J16	15	14	54	81	0.5654800141892085
J17	15	14	108	25	1.637687647134369
J18	14	1	28	119	1.7651570124514615
J19	13	4	5	83	1.6783898385688538
J20	15	4	8	92	1.3745121444199642
\\ Jobs in machine 3
12
J21	13	7	84	7	1.488926818746481
J22	16	6	84	44	1.0829277074396642
J23	15	8	52	106	0.4503056001082548
J24	15	2	38	49	1.196526002261018
J25	14	5	71	23	1.5426810627988865
J26	13	4	86	71	0.8801238972101886
J27	16	2	76	49	1.0180379150786647
J28	13	10	84	31	1.887043667184852
J29	12	11	90	65	0.5649739104251051
J30	15	1	42	115	1.506706484477091
J31	13	10	96	83	0.5673554625080603
J32	15	11	45	30	0.8713426970654786
\\ Jobs in machine 4
12
J33	14	6	79	83	1.4408343596611728
J34	16	3	54	71	0.9875324701768037
J35	13	12	83	23	0.9654148797742047
J36	13	6	91	79	0.49463075917269483
J37	15	7	101	100	1.0147498683445793
J38	15	1	28	45	0.8149525829425303
J39	16	8	108	83	1.623152903666715
J40	13	12	91	102	1.2361484850895201
J41	14	10	42	16	0.6519688112528782
J42	14	10	98	91	1.1209974285074487
J43	14	4	96	77	0.8659430914918236
J44	15	7	107	55	0.943486769045931
\\ Jobs in machine 5
11
J45	15	5	59	61	1.6069924841396388
J46	15	3	78	112	0.1
J47	15	6	78	83	0.5452184259949414
J48	14	5	49	116	0.6546002696353591
J49	16	10	63	12	1.1879215527767564
J50	14	13	52	10	0.7395192583242634
J51	15	1	38	122	1.6029242846873628
J52	16	9	97	17	1.0735075059762318
J53	15	1	9	75	1.298981950211247
J54	14	7	79	65	1.4313361087449268
J55	16	10	20	9	1.1840309149057788
\\ Jobs in machine 6
9
J56	15	13	18	67	1.1315814558928086
J57	17	7	27	118	1.0874613468158265
J58	16	4	98	57	1.5765838091931799
J59	16	7	18	99	1.7524854840849544
J60	14	5	28	20	0.8528157508491421
J61	14	2	24	102	0.39893792273232387
J62	13	6	82	44	0.7436279475600723
J63	14	9	35	95	0.6883691816506294
J64	14	6	38	116	0.6451639060343252
\\ Jobs in machine 7
11
J65	13	1	62	68	0.8790185534791797
J66	15	9	2	66	1.5596901247997503
J67	13	10	31	29	1.1416973267937287
J68	15	10	55	111	1.9211344968479769
J69	15	6	101	18	1.2224311972684074
J70	14	5	82	99	0.4827333087212796
J71	17	10	29	26	1.2472597227829463
J72	15	2	70	14	1.0651007290023569
J73	12	10	93	76	1.4351554335992966
J74	14	4	57	89	1.524953638116025
J75	17	5	92	99	2.3399347428814123
\\ Jobs in machine 8
12
J76	16	4	13	81	1.4804814719647468
J77	16	8	26	73	0.7062093793979576
J78	15	11	83	78	1.5710817594981048
J79	16	14	47	68	1.7130102154735263
J80	13	13	28	22	0.5776353492113764
J81	14	11	49	84	1.481785366650968
J82	17	7	15	16	2.683865464744804
J83	14	9	84	105	1.2631712895979208
J84	14	12	39	28	1.3253674716510293
J85	17	8	17	71	1.6238035158374822
J86	14	13	2	114	1.590820120382014
J87	12	12	65	7	1.500758412845962
\\ Jobs in machine 9
10
J88	13	4	86	46	1.1802549701396523
J89	14	10	22	2	0.4851314517256249
J90	13	7	91	34	1.6953539110858182
J91	15	1	6	1	2.5452889552767664
J92	15	3	8	40	1.5749331657385017
J93	14	4	54	5	1.5042764144009286
J94	13	11	48	120	0.7360035553498563
J95	15	2	13	98	0.9006191694463146
J96	14	6	106	31	1.2319900191827367
J97	15	4	92	106	1.3989014154546684
\\ Jobs in machine 10
12
J98	16	5	6	35	0.8191585562652749
J99	16	1	59	7	1.0260251926838155
J100	15	12	102	16	2.279259846748547
J101	15	2	84	72	1.4325699499748843
J102	15	7	53	1	1.4225997068732612
J103	14	12	109	106	1.4808107152181287
J104	15	14	46	78	0.5586951956446682
J105	16	11	71	63	1.6825220578019235
J106	15	9	96	90	1.7795308107078212
J107	15	14	88	85	1.5602282446004354
J108	15	8	94	23	1.1105396052007128
J109	16	11	61	90	1.0428848576311105
\\ Jobs in machine 11
11
J110	16	14	14	77	0.9703815658421944
J111	16	9	3	8	1.3106378285453046
J112	13	6	27	70	0.8523957147086826
J113	16	11	28	8	0.5130642578518354
J114	16	6	50	51	1.3675927742385876
J115	16	1	89	70	0.7399087213817552
J116	14	6	10	114	1.513244735435039
J117	13	8	6	73	1.1660388046286407
J118	16	4	106	27	0.8824272383190536
J119	13	5	18	63	1.475025395063825
J120	15	7	109	63	1.295150208646864
\\ Jobs in machine 12
13
J121	14	11	42	97	1.2612954324255483
J122	15	6	59	40	0.9928453717639575
J123	13	11	55	59	1.8683852142101078
J124	14	11	87	79	1.3643202014553488
J125	15	12	59	93	0.22814953892337353
J126	15	8	97	63	0.9816883410651895
J127	16	14	6	75	1.200869027716022
J128	14	7	68	20	1.1219104173977494
J129	14	10	8	120	0.6913714741134078
J130	13	10	49	29	0.2940864843422253
J131	16	4	86	24	0.6517885329631254
J132	15	8	77	12	1.7487473203045247
J133	13	7	15	111	0.4978414518379598
\\ Jobs in machine 13
10
J134	14	8	108	91	0.8020166137644977
J135	15	10	107	102	2.343545819093384
J136	16	14	77	109	1.2093312775752625
J137	14	11	45	98	1.3838256031443898
J138	15	7	53	109	1.0747275209604323
J139	16	13	55	11	0.9600678654443262
J140	15	12	57	50	1.5690308564366229
J141	13	5	15	8	1.982101426723489
J142	14	9	21	49	0.6687121215380087
J143	14	2	110	54	1.6015327948118847
\\ Jobs in machine 14
11
J144	15	6	32	36	1.1639599782173826
J145	15	3	26	90	1.0702364994547824
J146	14	7	96	90	1.3422743965713173
J147	14	6	32	9	0.5838733791996894
J148	15	13	59	72	1.0575176943885438
J149	16	3	54	95	0.6087766380624027
J150	15	14	98	22	0.4685222332033787
J151	14	4	50	16	1.1659090575358937
J152	13	3	18	59	1.2622813328412088
J153	15	11	88	101	0.6448802346144119
J154	14	6	55	55	1.850875892941124
\\ Jobs in machine 15
12
J155	15	3	11	100	0.6992328195253199
J156	15	6	24	59	0.7968334345237265
J157	16	11	67	107	0.8130661175646067
J158	14	8	87	70	0.596910538429856
J159	16	4	101	95	0.5717642719840608
J160	14	4	32	15	1.6578314339514646
J161	14	6	44	10	1.7674151379920875
J162	14	4	25	95	2.3067532646415634
J163	15	14	108	77	1.0112313894749754
J164	14	7	66	84	1.748111694092651
J165	15	12	93	70	0.7853437637073348
J166	17	1	56	5	1.7623384073652286
\\ Jobs in machine 16
10
J167	15	10	67	23	1.586906451652542
J168	16	12	45	116	1.444033353904342
J169	14	14	5	54	0.6007601827576576
J170	14	9	29	107	1.368974533596686
J171	16	6	11	112	0.6532581747711723
J172	16	5	93	124	1.0279035246392225
J173	14	6	3	39	1.086608128526189
J174	15	11	59	124	1.2393551158274365
J175	16	5	19	28	0.8427867857193692
J176	14	14	65	22	0.9724282031644402
\\ Jobs in machine 17
13
J177	15	3	24	40	0.1
J178	13	3	105	47	1.05833817545731
J179	16	12	37	104	0.29699858274536817
J180	15	10	69	94	1.994983904322243
J181	15	9	78	98	1.4647003297757917
J182	14	8	110	57	1.7619652355062034
J183	13	2	23	65	1.683074133392661
J184	15	13	71	23	0.635295382562621
J185	14	7	52	3	0.6689638486641659
J186	15	9	97	108	1.0367008810028275
J187	14	10	42	121	1.9700629695432343
J188	13	8	10	34	1.1683474695515648
J189	17	10	29	5	1.0147889021440688
\\ Jobs in machine 18
11
J190	13	2	40	21	1.0259859696180968
J191	15	6	95	85	0.9400210928461358
J192	14	8	99	97	1.247684632553648
J193	14	3	27	95	2.021053822182793
J194	15	11	78	12	0.773253893392315
J195	16	2	77	71	0.7605667151904962
J196	15	6	94	49	1.2151279591886899
J197	14	7	43	98	2.1305942737040517
J198	14	9	34	113	0.9444191548823442
J199	15	3	37	39	1.2051225153915504
J200	14	13	69	60	1.4202071532209644
\\ Jobs in machine 19
12
J201	16	10	70	105	1.639320253699878
J202	14	3	109	60	0.8983746103742973
J203	14	1	96	15	1.3064592115806353
J204	14	9	4	88	1.3426475546745562
J205	14	9	101	13	1.0550618916090275
J206	16	12	17	15	1.7212970928100648
J207	15	11	4	98	0.6316402754736152
J208	13	2	101	17	0.8001770681853656
J209	15	9	16	103	1.4134061509961835
J210	15	3	20	40	0.9699781119078099
J211	16	1	5	15	0.7652555892703886
J212	14	13	8	65	1.552244682923381
\\ Jobs in machine 20
11
J213	16	12	68	124	1.113623669146852
J214	16	1	82	66	0.39512592398366186
J215	14	4	106	65	0.39866128025443714
J216	15	9	18	121	1.390072933541154
J217	14	5	50	5	1.1634490118114538
J218	14	1	72	12	1.5740997359741224
J219	15	9	36	87	1.7980335530275557
J220	14	11	49	6	1.1436732804811731
J221	14	12	57	16	0.44574058813230133
J222	13	5	20	52	0.1
J223	14	11	87	29	0.8930466313965634
\\ Jobs in machine 21
11
J224	14	14	106	114	0.5528632702777745
J225	16	6	26	110	1.3669974747186007
J226	15	6	33	73	0.4173219040441757
J227	15	12	82	5	0.4138465917272539
J228	14	4	16	121	1.0670093290011506
J229	14	10	63	13	1.6699382850635716
J230	16	1	97	102	0.9672511679288621
J231	14	6	79	3	1.137006922076533
J232	16	10	105	70	2.184423577023931
J233	14	1	78	103	1.0386356052522532
J234	13	11	70	93	1.5639082926481045
\\ Jobs in machine 22
10
J235	15	4	89	86	0.6018869950053735
J236	14	9	85	26	0.9302447900364945
J237	13	4	38	30	1.4960952551706583
J238	14	2	83	14	1.3844167777433223
J239	16	5	67	77	1.2573338270446766
J240	14	7	76	10	0.8001241565055317
J241	14	10	77	40	1.6940698647762702
J242	13	2	68	44	1.4266894648341195
J243	15	6	22	36	1.265550149252266
J244	14	2	34	1	1.9101526166801688
\\ Jobs in machine 23
11
J245	14	13	24	8	1.3031661058155057
J246	14	6	67	74	2.3878493808435786
J247	14	10	9	63	1.5426143092692746
J248	15	8	80	61	1.1990648721510149
J249	15	10	56	31	1.9376963676279964
J250	15	12	90	9	0.67351716773759
J251	16	1	103	4	1.4389075939915172
J252	14	10	67	90	1.9739574740044392
J253	14	13	79	38	1.074850553284139
J254	16	8	62	48	1.4195712117585335
J255	15	8	56	8	0.9125861718612317
\\ Jobs in machine 24
13
J256	13	4	58	65	2.088741456861331
J257	15	12	2	40	0.7851077535212044
J258	14	10	69	36	1.9969311700623447
J259	15	2	43	76	1.748681909511896
J260	15	12	50	115	1.0813568016279367
J261	15	3	27	119	0.4437365872191149
J262	13	4	22	31	0.5558205527000148
J263	13	9	38	80	1.4893734179268905
J264	14	9	50	15	1.6575390150735472
J265	16	12	47	57	1.6055071742255147
J266	15	4	110	55	1.613756375472256
J267	15	11	73	28	1.2144641195212624
J268	14	4	102	9	0.6871438760156485
\\ Jobs in machine 25
10
J269	14	12	34	117	1.0429645720984961
J270	14	8	46	5	1.1105927051587172
J271	14	2	19	91	1.9787249895406518
J272	15	14	62	105	0.9483669796759302
J273	14	11	100	66	1.69039853282501
J274	15	9	76	42	1.0346768698268127
J275	15	7	21	101	1.267522054546213
J276	14	11	20	111	0.8163329670601212
J277	14	10	32	25	1.1085297174723563
J278	15	7	53	79	0.598897911379091
\\ Dependencies 
573
1	2
1	5
1	6
1	7
1	8
2	5
3	7
3	9
3	10
4	5
6	7
6	8
6	10
7	8
7	9
9	10
11	12
11	18
11	20
12	14
12	19
13	15
13	19
15	17
15	19
15	20
16	17
16	18
16	19
17	20
19	20
21	23
21	26
21	28
21	31
22	23
22	26
23	27
23	29
23	30
23	31
23	32
24	26
25	26
25	29
26	29
26	31
26	32
27	28
27	30
28	31
28	32
29	30
33	34
33	37
33	38
33	39
33	44
34	35
34	36
34	43
34	44
35	43
36	39
36	40
36	44
37	40
37	41
38	39
38	41
38	44
40	41
41	44
42	43
43	44
45	47
45	49
45	50
45	53
45	54
45	55
46	48
46	49
46	50
46	52
46	53
46	55
47	48
47	54
48	49
48	55
49	50
49	53
49	54
49	55
50	51
50	53
51	52
51	53
51	54
51	55
52	53
52	55
53	55
54	55
56	58
56	61
57	58
57	61
58	62
58	64
59	60
60	61
62	64
63	64
65	66
65	67
65	69
65	70
65	75
66	68
66	73
66	74
66	75
67	68
67	71
67	75
68	70
68	71
68	72
68	74
69	70
69	72
69	74
70	73
70	75
71	72
71	74
72	73
72	74
72	75
76	77
76	79
76	82
76	87
77	79
77	81
77	84
77	85
78	81
78	84
78	87
79	83
80	82
80	83
80	86
80	87
81	82
82	83
82	84
82	85
82	86
82	87
83	84
83	85
84	85
84	86
85	86
88	91
89	91
89	94
89	95
89	96
89	97
90	92
91	92
92	95
92	96
92	97
93	94
93	97
94	96
94	97
95	96
95	97
98	102
98	103
98	108
98	109
99	101
99	104
100	102
100	106
100	107
101	106
102	107
103	104
103	108
103	109
104	107
105	106
106	109
107	108
107	109
108	109
110	112
110	114
110	118
111	113
111	117
112	113
112	114
112	118
112	120
113	118
113	119
114	115
114	120
115	116
115	118
115	119
117	119
118	119
118	120
121	123
121	124
121	125
121	126
121	128
121	131
121	133
122	125
122	126
122	129
122	130
122	131
123	124
123	126
123	127
123	129
123	131
123	133
124	128
124	131
124	132
124	133
125	126
125	128
125	130
125	132
126	128
126	130
126	132
127	131
127	133
128	130
129	133
130	133
131	133
132	133
134	135
134	138
134	140
134	141
135	137
135	139
135	140
135	142
136	137
136	138
137	140
137	141
137	142
137	143
138	140
139	140
139	143
140	141
140	142
142	143
144	148
144	149
144	154
145	150
145	151
145	152
146	148
146	153
148	153
148	154
149	154
150	154
151	153
151	154
152	154
155	159
155	162
155	165
155	166
156	157
156	160
156	162
156	165
157	159
157	161
157	162
157	165
158	159
158	160
158	161
158	163
158	164
158	166
159	160
159	161
159	162
159	163
160	163
160	164
161	162
161	163
161	164
161	165
161	166
162	163
162	166
164	165
164	166
165	166
167	171
167	172
167	173
168	171
168	175
169	172
169	174
170	171
170	172
170	173
171	172
171	173
171	175
171	176
172	173
172	176
177	179
177	184
177	185
177	187
177	188
178	179
178	183
178	187
178	188
179	180
179	181
179	183
179	184
179	185
179	189
180	181
180	185
181	184
181	187
182	185
182	189
183	188
184	186
185	189
187	189
190	191
190	193
190	194
190	199
191	193
191	194
191	195
191	196
191	198
191	199
192	194
194	197
195	197
195	198
195	199
195	200
196	197
196	200
197	198
201	202
201	204
201	205
201	211
201	212
202	208
202	212
203	204
203	205
203	207
203	208
203	210
203	211
203	212
204	205
204	206
204	207
204	211
204	212
205	207
205	208
205	210
205	211
206	208
207	209
207	211
208	209
208	210
208	211
209	212
213	214
213	215
213	216
213	217
213	221
213	222
214	216
214	220
214	221
214	222
214	223
215	220
215	221
216	220
216	221
217	218
217	220
217	223
218	219
218	220
218	221
218	222
218	223
219	223
220	222
221	222
221	223
222	223
224	225
224	229
224	231
224	234
225	226
225	227
225	232
226	228
226	229
226	233
227	230
227	233
227	234
228	229
228	234
229	230
229	231
229	233
229	234
230	232
230	234
231	232
231	233
231	234
235	236
235	240
235	241
235	242
235	243
235	244
236	237
236	238
236	239
236	241
236	244
237	239
237	240
237	241
237	242
237	243
237	244
238	239
238	240
238	241
238	242
238	244
239	241
240	241
240	244
245	247
245	248
245	249
245	253
245	254
246	247
246	249
246	254
247	248
247	254
248	249
248	251
249	250
249	251
249	253
249	255
250	255
251	253
251	254
251	255
253	254
256	258
256	259
256	262
256	265
256	266
256	268
257	260
257	261
257	262
257	265
258	260
258	261
258	262
258	264
259	262
259	265
259	266
260	264
260	267
260	268
261	263
261	266
261	268
262	265
262	267
263	264
263	265
264	265
264	267
264	268
265	266
265	267
267	268
269	273
269	274
269	277
270	271
270	275
270	278
271	272
271	273
271	275
271	276
271	277
271	278
272	273
272	274
272	276
273	275
273	276
273	278
274	276
274	278
275	277
275	278
277	278
