\\ machines
7
\\ max power
70
\\ Jobs in machine 1
10
J1	14	12	19	10	2.145555899051054
J2	13	6	109	46	0.7801779623988641
J3	15	9	4	50	0.7128960950063437
J4	14	11	59	29	2.251303391506859
J5	14	8	14	5	1.758187265929712
J6	13	14	90	2	0.6517132154603478
J7	15	3	89	23	0.32711428399145515
J8	15	9	61	7	1.1966665242256256
J9	17	13	89	22	0.4971451631748669
J10	16	14	107	11	1.0237297388626028
\\ Jobs in machine 2
10
J11	13	2	6	30	1.6848375622332608
J12	15	2	15	14	1.8222857234963041
J13	13	13	103	19	1.2518882873387236
J14	15	9	75	31	0.6948795801259642
J15	14	6	21	45	0.44123474182965616
J16	15	12	10	22	0.6862626557887845
J17	15	14	76	15	0.5720484275890102
J18	15	9	46	20	1.3789098347583963
J19	15	6	34	24	0.8539440343341466
J20	13	3	15	45	0.3056171876146363
\\ Jobs in machine 3
12
J21	16	2	72	26	1.3371969132777735
J22	14	6	17	14	1.0558659133179937
J23	15	13	23	14	0.6826116133977688
J24	16	1	93	27	1.2219592946645927
J25	14	11	81	28	1.2268706464711576
J26	13	5	90	22	0.5754093933001925
J27	16	1	63	52	1.2581537845993462
J28	13	6	72	35	1.3178430817615183
J29	15	7	21	3	1.5377929099116918
J30	14	7	86	47	0.9407430872022052
J31	14	4	25	25	0.9233551361900991
J32	15	14	4	11	1.6727893586347244
\\ Jobs in machine 4
12
J33	13	7	106	33	1.3921159541961923
J34	14	13	43	21	1.0992865854193834
J35	14	8	87	45	1.2034716053462267
J36	16	3	63	22	2.588846101429773
J37	15	2	10	49	1.5773397442302137
J38	15	2	61	34	1.3898234594242511
J39	15	10	70	26	0.45512662535047244
J40	15	8	20	7	2.129075053752902
J41	15	1	78	48	2.063023932776584
J42	15	13	3	17	2.1182345919627195
J43	14	11	100	2	1.1894222062916042
J44	14	10	13	17	0.5857811504465775
\\ Jobs in machine 5
12
J45	14	5	18	47	0.7958332947987787
J46	15	6	93	31	1.21932266639624
J47	15	7	4	7	0.4080321101607004
J48	14	11	75	26	1.7999363891812714
J49	14	13	41	1	1.0624672777075417
J50	15	9	105	3	0.45449382340104805
J51	15	3	50	46	0.7206738534388054
J52	14	9	67	3	1.380282629155786
J53	14	1	19	50	1.4079764044424936
J54	15	3	21	18	2.0421532564608125
J55	16	10	13	22	1.2386895778218703
J56	15	14	90	12	1.0904171367728297
\\ Jobs in machine 6
10
J57	15	4	4	13	1.2145756602194215
J58	15	3	12	18	1.9045570150361297
J59	14	13	71	11	1.2161788055906746
J60	14	6	109	2	1.7918947314345441
J61	15	1	97	53	1.4163013440755452
J62	13	13	66	6	0.619914347765597
J63	16	1	55	36	0.8396031119639233
J64	17	4	41	18	0.1
J65	15	7	32	49	2.271339543012441
J66	14	5	109	30	1.3625429988763536
\\ Jobs in machine 7
11
J67	14	5	22	48	0.27122317730888623
J68	15	6	85	32	0.9553247531741402
J69	15	1	13	43	1.4634869837179412
J70	15	12	27	17	0.4914197021565473
J71	15	14	43	42	0.29727390845260226
J72	17	13	65	1	0.1
J73	12	8	75	28	1.0364485544418218
J74	14	12	84	39	0.21771761201926476
J75	15	10	102	32	1.6054874542969881
J76	16	4	99	23	1.0899172537737891
J77	16	13	36	10	0.28945388758344814
\\ Dependencies 
350
1	2
1	3
1	4
1	5
1	6
1	7
1	8
1	9
1	10
2	3
2	4
2	5
2	7
2	9
2	10
3	4
3	5
3	6
3	7
3	8
3	9
3	10
4	5
4	6
4	7
4	8
4	9
5	6
5	7
5	8
5	10
6	7
6	8
6	9
6	10
7	8
7	9
7	10
8	10
9	10
11	12
11	13
11	14
11	15
11	16
11	17
11	18
11	19
11	20
12	14
12	15
12	16
12	17
12	19
12	20
13	14
13	15
13	16
13	17
13	19
13	20
14	15
14	16
14	17
14	18
14	19
14	20
15	16
15	17
15	18
15	19
15	20
16	17
16	18
16	19
16	20
17	18
17	19
17	20
18	19
21	22
21	23
21	25
21	26
21	27
21	28
21	29
21	30
21	31
21	32
22	23
22	24
22	25
22	27
22	29
22	30
22	31
22	32
23	24
23	25
23	26
23	27
23	28
23	29
23	30
23	31
23	32
24	25
24	26
24	27
24	28
24	29
24	30
24	31
24	32
25	26
25	27
25	28
25	29
25	30
25	32
26	27
26	28
26	29
26	30
26	31
26	32
27	29
27	30
27	31
27	32
28	29
28	30
28	32
29	30
29	31
29	32
30	31
30	32
31	32
33	34
33	35
33	37
33	38
33	39
33	40
33	41
33	42
33	43
33	44
34	36
34	38
34	39
34	40
34	42
34	43
34	44
35	36
35	37
35	39
35	40
35	41
35	43
35	44
36	37
36	38
36	39
36	41
36	42
36	43
36	44
37	38
37	39
37	40
37	41
37	43
37	44
38	39
38	40
38	41
38	42
38	43
38	44
39	40
39	41
39	42
39	43
39	44
40	41
40	42
40	43
40	44
41	42
41	43
41	44
42	43
42	44
43	44
45	46
45	47
45	48
45	49
45	50
45	51
45	52
45	53
45	54
45	55
45	56
46	47
46	48
46	49
46	50
46	51
46	52
46	53
46	54
46	55
46	56
47	48
47	49
47	50
47	51
47	52
47	54
47	55
47	56
48	49
48	50
48	52
48	53
48	54
48	56
49	50
49	51
49	52
49	53
49	54
49	55
49	56
50	51
50	52
50	53
50	55
50	56
51	52
51	53
51	54
51	55
51	56
52	53
52	54
52	55
52	56
53	54
53	56
54	55
54	56
55	56
57	58
57	59
57	60
57	61
57	63
57	64
57	66
58	59
58	60
58	61
58	62
58	63
58	64
58	65
58	66
59	60
59	61
59	62
59	64
59	65
59	66
60	61
60	62
60	63
60	64
60	65
60	66
61	62
61	63
61	64
61	65
61	66
62	63
62	64
62	66
63	64
63	65
63	66
64	65
64	66
65	66
67	68
67	69
67	70
67	71
67	72
67	73
67	74
67	75
67	76
67	77
68	69
68	70
68	72
68	73
68	74
68	75
68	77
69	70
69	71
69	72
69	73
69	74
69	75
69	76
69	77
70	71
70	72
70	73
70	74
70	75
70	76
70	77
71	72
71	74
71	75
71	76
71	77
72	73
72	74
72	75
72	77
73	74
73	75
73	76
73	77
74	75
74	76
74	77
75	76
75	77
