\\ machines
25
\\ max power
250
\\ Jobs in machine 1
11
J1	14	2	40	60	0.638146308935727
J2	14	14	51	14	0.9488191827363486
J3	15	4	18	53	1.3039449147744562
J4	15	1	64	58	1.3528675268837251
J5	14	7	17	3	0.8317536173215785
J6	14	14	95	44	1.2674697333456082
J7	15	6	81	11	2.812910791093957
J8	15	2	102	28	0.8634482952931837
J9	13	1	24	2	1.3301324817744586
J10	16	8	48	14	1.5907722531864148
J11	13	13	34	15	0.9266654676306714
\\ Jobs in machine 2
12
J12	13	4	33	8	1.202115263866734
J13	14	10	11	17	1.6678417629125346
J14	16	1	55	8	0.7847724199761431
J15	13	9	20	2	1.2104888898693529
J16	15	9	9	37	1.5781348242113098
J17	12	13	6	49	1.0649359043942126
J18	14	3	48	61	0.6265720174359212
J19	14	3	18	34	0.6514717744487513
J20	16	14	21	7	1.1314155166397053
J21	15	12	22	51	0.929279391988475
J22	14	6	3	51	0.5026114414381744
J23	14	7	77	51	1.6924938200660926
\\ Jobs in machine 3
12
J24	14	13	56	29	1.5725788288983864
J25	15	7	100	51	0.5974933084838651
J26	14	13	19	6	1.5065151527410332
J27	14	9	63	16	0.8523630326713447
J28	16	10	90	39	1.2456786932483386
J29	16	5	27	1	1.7667570662522567
J30	16	3	22	1	1.6254284241485895
J31	15	5	83	49	1.2044300413229578
J32	14	8	52	7	1.1315054313460668
J33	15	2	104	61	0.5069659373948977
J34	15	4	98	43	1.0505020017400624
J35	14	7	105	36	0.5457434879321129
\\ Jobs in machine 4
10
J36	14	6	5	36	2.717736256408987
J37	15	5	63	48	0.3812151731140825
J38	14	1	51	51	1.5202886030208242
J39	14	5	41	6	1.9693626188129778
J40	15	13	52	51	0.9706041495820918
J41	15	13	5	5	0.8827824380051928
J42	16	7	58	6	1.3514525900548302
J43	15	10	82	29	0.9691032345956067
J44	14	4	106	38	2.573733052954945
J45	14	8	26	54	0.8026266214944513
\\ Jobs in machine 5
13
J46	16	9	108	47	1.7375782822747796
J47	13	12	12	28	0.4985154298984964
J48	14	3	34	60	1.5167173725611722
J49	13	10	27	28	0.9905844556004529
J50	14	11	45	21	1.2422605291342117
J51	15	6	61	52	1.094903009450149
J52	14	7	6	41	1.810144159041682
J53	13	9	52	8	1.8430931116020717
J54	15	12	101	61	2.0362087634980144
J55	13	6	66	25	1.1343258624518262
J56	15	13	110	5	0.7196752842951861
J57	14	3	33	26	1.5437028549067673
J58	15	14	92	25	1.9671882132752234
\\ Jobs in machine 6
11
J59	14	2	59	47	0.9444773900791494
J60	14	12	110	63	1.0208252524569403
J61	13	8	33	10	1.6149300280353105
J62	14	6	109	4	1.0030795532685197
J63	14	2	19	21	0.7542856421652386
J64	16	2	38	22	1.6017942407671182
J65	16	1	80	2	1.6144918794534104
J66	14	8	77	34	0.641467356872506
J67	14	4	27	52	1.4130263313294
J68	15	1	19	30	1.0377252690999057
J69	13	13	24	10	1.675282674687767
\\ Jobs in machine 7
11
J70	11	8	101	12	1.2618597143302532
J71	14	9	90	57	1.1048053419805917
J72	15	11	77	39	1.2407829012173412
J73	15	1	64	9	1.2735119843182048
J74	15	1	63	33	1.236835716944007
J75	14	9	70	54	0.33325544014712416
J76	14	5	62	14	1.4384169339176278
J77	13	2	72	42	1.1347735352424135
J78	15	3	86	32	1.7230597015198583
J79	14	5	95	22	1.2814927872588753
J80	14	7	53	44	0.1732120715651846
\\ Jobs in machine 8
11
J81	16	14	103	29	1.5728827739478959
J82	16	9	88	34	1.7227302859084492
J83	16	2	107	60	0.5678270055583945
J84	15	13	89	55	1.4352260683136109
J85	12	12	108	38	1.0279521108698904
J86	15	2	60	8	1.7755372155832283
J87	15	6	53	55	0.749532169264497
J88	15	7	88	59	0.6201689586226455
J89	15	5	35	7	1.0330777470414505
J90	15	8	77	44	0.8601385080255792
J91	13	4	50	6	0.7378835382826919
\\ Jobs in machine 9
9
J92	14	13	109	24	1.3234816883448557
J93	13	14	55	23	1.285855469483625
J94	14	4	43	28	1.0669013838505905
J95	15	3	17	43	0.6721768236000877
J96	15	6	68	62	2.022646185851212
J97	14	1	38	17	1.3509332649107209
J98	15	5	83	46	2.2894611014289845
J99	15	11	13	49	1.0909837701623117
J100	12	10	99	4	0.5761817672890311
\\ Jobs in machine 10
11
J101	15	1	87	6	0.488970961635839
J102	15	2	40	5	0.1
J103	15	1	56	62	1.3093451902753421
J104	14	7	30	33	1.574168626431117
J105	16	6	28	59	0.6222135772564087
J106	15	13	42	16	0.9658719208518689
J107	14	9	63	44	1.1092761606403192
J108	15	1	17	62	2.537845291296698
J109	15	13	2	15	1.8139132142253247
J110	14	12	56	28	1.2132404171076168
J111	14	14	37	41	0.794393851167496
\\ Jobs in machine 11
10
J112	15	13	101	9	0.715757489132272
J113	15	12	8	52	2.21412208643563
J114	15	11	31	36	2.352227275075987
J115	14	9	73	24	1.1672333882384234
J116	16	4	68	57	1.219961412637789
J117	12	11	8	5	0.6649951073568743
J118	15	10	22	58	0.20834106043391165
J119	14	7	37	10	1.2427164718029868
J120	16	3	51	51	1.337994372710263
J121	14	9	59	2	1.5469309525931862
\\ Jobs in machine 12
11
J122	14	13	58	60	2.2201115760374126
J123	14	9	31	62	0.9703746572329272
J124	15	5	20	32	1.1409036091918572
J125	15	7	86	63	1.5579557003342293
J126	15	13	31	9	0.33894952555841273
J127	14	3	50	23	1.991497066740882
J128	13	14	42	44	1.1221524606766264
J129	15	8	73	59	1.0729011825004078
J130	16	5	104	48	2.125957470096363
J131	15	5	7	49	0.7630027154386396
J132	14	7	81	35	0.5015871639803388
\\ Jobs in machine 13
11
J133	13	10	64	47	2.1097659949410845
J134	14	8	21	15	0.25097091144920747
J135	14	4	4	11	1.035251386990789
J136	14	5	14	59	1.4239292930497498
J137	16	6	28	25	0.8310187220515293
J138	14	9	26	6	1.1030081924035726
J139	14	11	92	49	1.6296973831523838
J140	13	9	13	21	1.6470766911551409
J141	14	7	65	23	1.799488150345062
J142	15	1	38	59	1.823217175753339
J143	15	12	36	31	0.7460396627100585
\\ Jobs in machine 14
11
J144	15	11	32	31	0.7372610674230011
J145	14	1	32	33	1.269516741057284
J146	14	10	56	37	2.213781777538735
J147	15	7	65	19	1.640276771597016
J148	14	4	26	39	1.2780109404966573
J149	15	14	94	34	0.895402284230543
J150	16	13	10	53	1.4854434096163156
J151	12	7	26	56	1.8775312059403442
J152	15	13	54	51	1.8471285052349622
J153	13	8	50	18	1.4184350262133687
J154	13	8	100	39	1.7356728076894947
\\ Jobs in machine 15
12
J155	15	9	11	46	1.767475104661398
J156	14	11	81	18	1.4162279491805283
J157	16	7	10	16	1.2350673038868374
J158	15	5	45	8	1.2176261077016952
J159	15	8	22	23	0.8389948939565582
J160	15	4	30	37	1.696456189448831
J161	16	5	3	14	1.805647838385049
J162	13	10	30	60	1.3961823849007953
J163	16	7	92	44	1.720528274914392
J164	15	3	107	26	2.154740161380535
J165	13	10	92	28	0.8429615968529174
J166	15	8	81	12	1.24826315494711
\\ Jobs in machine 16
11
J167	15	7	19	29	1.823960731510605
J168	16	12	42	53	1.902205147414604
J169	16	8	69	28	1.0580270519341
J170	14	1	61	4	0.7153184767168904
J171	14	7	51	19	1.5910417411314857
J172	14	2	43	59	1.9364006492485801
J173	14	3	107	3	0.6187547871481764
J174	14	5	21	46	0.9905015231812099
J175	15	8	33	52	0.9872216476836941
J176	15	10	72	61	0.9334734385639527
J177	16	10	12	62	1.084519903588783
\\ Jobs in machine 17
10
J178	15	14	74	53	2.3989904451085993
J179	15	2	30	26	1.2878266316137696
J180	14	8	92	41	1.8078519579370544
J181	14	13	80	18	0.6787594257104298
J182	14	11	79	28	0.5296358699940663
J183	14	5	99	6	1.6900406940266914
J184	15	9	28	9	0.2982274154668382
J185	14	10	65	19	1.7364116332241613
J186	15	10	53	18	0.9554519402287489
J187	14	2	20	17	0.1
\\ Jobs in machine 18
13
J188	14	14	22	55	1.4930575258750136
J189	15	1	104	56	1.3110009472990751
J190	16	13	49	45	0.623582426285255
J191	15	9	109	43	1.67297831055353
J192	15	2	76	39	1.2804805202209195
J193	15	6	86	58	0.7052731817319003
J194	16	6	59	43	0.6560545098922955
J195	14	9	85	57	0.5781763460909684
J196	14	8	55	49	1.4370790904538815
J197	13	10	64	12	1.1747216985232258
J198	13	2	72	41	1.112080867122274
J199	14	8	36	12	0.6616334118633633
J200	14	9	93	38	0.903233842642742
\\ Jobs in machine 19
11
J201	15	7	70	33	1.8781248211022321
J202	15	3	99	21	1.9324758765484191
J203	14	2	13	25	1.0815160682694374
J204	14	14	21	48	1.707075214832666
J205	15	14	17	2	0.9180308214241489
J206	15	2	40	56	1.2283627270897626
J207	15	8	6	34	1.7611730668946342
J208	15	13	41	7	0.6434092765803133
J209	16	10	20	60	1.1564599129479496
J210	15	10	32	20	0.6221884765246183
J211	15	1	98	7	1.2366961255611113
\\ Jobs in machine 20
10
J212	15	11	51	43	2.179204860810119
J213	14	11	63	12	0.6148396933697752
J214	13	8	85	29	1.4126176926223044
J215	14	7	76	9	1.6219477865525826
J216	15	2	16	56	1.1005643826876716
J217	15	11	74	43	0.7042566767483096
J218	14	7	59	53	0.8333974118060663
J219	14	3	97	14	1.1728734015258966
J220	14	3	70	24	0.6030645888914871
J221	13	9	3	48	0.46448468747614924
\\ Jobs in machine 21
11
J222	15	6	47	15	1.6492936416303932
J223	14	4	101	25	2.314960874028519
J224	13	11	92	53	0.5664011365946645
J225	16	3	43	3	1.5234704082099726
J226	14	1	30	44	0.1
J227	15	10	42	23	0.5886468319762176
J228	14	5	66	9	1.1309286259028244
J229	15	1	105	49	1.192868972438418
J230	15	4	59	20	2.002614355589521
J231	16	8	18	48	1.3909671246010833
J232	16	2	9	23	0.30762247630478434
\\ Jobs in machine 22
10
J233	15	3	91	25	1.9130813201458716
J234	15	5	18	2	1.8201953971570486
J235	14	1	79	7	0.3902054181219551
J236	13	8	104	51	1.3439896248427337
J237	17	6	107	45	1.1044556191636155
J238	15	5	51	57	0.913196258048705
J239	13	13	110	27	1.3753821094193905
J240	16	7	93	25	0.7264317063223997
J241	15	2	73	19	0.5605418744101079
J242	16	7	65	38	1.7228375033996575
\\ Jobs in machine 23
11
J243	15	5	70	53	1.5602633996701214
J244	15	14	110	58	0.6392059716843305
J245	14	14	59	35	1.6099871413381666
J246	14	9	11	37	0.7908576818086143
J247	15	6	65	12	1.0886530975523083
J248	15	1	59	14	2.7837994218775837
J249	13	2	57	46	0.9664090090632255
J250	14	5	27	44	0.9740107522902571
J251	15	14	10	35	0.8835925485201399
J252	14	11	54	34	1.2085608627707791
J253	13	8	56	18	1.362695836517851
\\ Jobs in machine 24
11
J254	15	10	81	57	0.25118643473644664
J255	15	7	93	46	1.8157229603598715
J256	15	6	55	1	1.4205596465334893
J257	15	9	91	37	1.3884309841628486
J258	14	14	61	19	1.9574722489427065
J259	16	14	83	51	1.6141226438435652
J260	14	12	85	3	0.7190238457401149
J261	14	12	74	45	1.546041752149483
J262	14	14	100	53	1.491683875032679
J263	15	4	86	16	1.1987880596486897
J264	15	6	67	47	1.2909508992505738
\\ Jobs in machine 25
10
J265	14	2	67	45	0.6860621671231715
J266	14	5	100	43	0.9623239526491383
J267	14	6	72	40	1.114561164497457
J268	13	1	93	57	1.475996725796476
J269	15	8	57	52	1.0584160581854207
J270	16	13	70	15	2.1989177942963187
J271	14	9	17	13	0.7917527483402168
J272	14	12	94	9	1.079864819678925
J273	14	10	23	42	1.14767737034072
J274	17	11	44	26	1.5503783073120498
\\ Dependencies 
1224
1	2
1	4
1	6
1	7
1	8
1	9
1	10
1	11
2	3
2	4
2	6
2	8
2	9
2	10
2	11
3	4
3	5
3	6
3	7
3	9
3	10
3	11
4	5
4	6
4	7
4	8
4	9
4	10
4	11
5	6
5	7
5	8
5	9
5	10
5	11
6	7
6	8
6	9
6	10
7	8
7	9
7	10
7	11
8	10
8	11
9	10
9	11
12	13
12	15
12	16
12	17
12	18
12	19
12	20
12	22
12	23
13	14
13	15
13	16
13	18
13	19
13	20
13	21
13	22
13	23
14	15
14	16
14	17
14	18
14	19
14	20
14	21
14	22
14	23
15	16
15	17
15	18
15	19
15	20
15	21
15	22
15	23
16	18
16	20
16	21
16	22
16	23
17	18
17	19
17	20
17	21
17	23
18	19
18	20
18	21
18	22
18	23
19	20
19	21
19	22
19	23
20	21
20	22
20	23
21	22
21	23
22	23
24	25
24	26
24	27
24	28
24	29
24	30
24	32
24	33
24	34
25	26
25	27
25	28
25	29
25	30
25	31
25	32
25	33
25	34
25	35
26	28
26	29
26	30
26	32
26	33
26	34
26	35
27	28
27	29
27	30
27	31
27	32
27	33
27	34
28	30
28	31
28	32
28	33
28	34
28	35
29	30
29	31
29	32
29	33
29	35
30	31
30	32
30	33
30	34
30	35
31	32
31	33
31	34
31	35
32	33
32	34
32	35
33	34
33	35
34	35
36	37
36	38
36	39
36	40
36	41
36	43
36	44
36	45
37	38
37	39
37	40
37	41
37	42
37	44
37	45
38	39
38	40
38	41
38	42
38	43
38	44
38	45
39	40
39	42
39	43
39	44
39	45
40	41
40	42
40	43
40	44
40	45
41	42
41	43
41	44
41	45
42	43
42	44
42	45
43	44
43	45
44	45
46	47
46	48
46	49
46	51
46	52
46	54
46	56
46	57
46	58
47	48
47	49
47	50
47	51
47	52
47	53
47	54
47	55
47	57
47	58
48	49
48	50
48	51
48	52
48	54
48	55
48	56
48	58
49	50
49	51
49	53
49	54
49	55
49	56
49	57
49	58
50	51
50	53
50	54
50	55
50	56
50	57
50	58
51	52
51	53
51	54
51	56
51	57
51	58
52	53
52	54
52	55
52	57
52	58
53	54
53	55
53	56
53	57
53	58
54	55
54	56
54	58
55	56
55	57
55	58
56	57
56	58
57	58
59	61
59	62
59	63
59	64
59	65
59	66
59	67
59	68
59	69
60	61
60	62
60	63
60	64
60	65
60	66
60	67
60	68
60	69
61	62
61	63
61	64
61	65
61	66
61	67
61	68
61	69
62	63
62	64
62	65
62	66
62	67
62	68
62	69
63	64
63	65
63	68
63	69
64	65
64	66
64	67
64	68
64	69
65	66
65	67
65	68
65	69
66	67
66	68
67	68
67	69
68	69
70	71
70	72
70	73
70	75
70	76
70	78
70	79
70	80
71	72
71	73
71	74
71	75
71	77
71	78
71	79
71	80
72	73
72	74
72	75
72	76
72	77
72	78
72	79
72	80
73	74
73	75
73	76
73	78
73	79
73	80
74	75
74	76
74	77
74	78
74	80
75	76
75	77
75	78
75	79
75	80
76	77
76	78
76	79
76	80
77	78
77	79
77	80
78	80
79	80
81	82
81	84
81	85
81	87
81	88
81	89
81	90
81	91
82	83
82	84
82	85
82	86
82	88
82	89
82	90
82	91
83	85
83	86
83	87
83	88
83	89
83	90
83	91
84	85
84	86
84	87
84	88
84	90
84	91
85	86
85	87
85	88
85	89
85	90
85	91
86	88
86	89
86	90
86	91
87	88
87	89
87	90
87	91
88	89
88	91
89	90
89	91
90	91
92	93
92	94
92	95
92	96
92	97
92	98
92	99
92	100
93	95
93	96
93	97
93	98
93	99
93	100
94	95
94	97
94	99
94	100
95	96
95	97
95	98
95	99
95	100
96	97
96	99
96	100
97	98
97	99
97	100
98	99
98	100
99	100
101	102
101	103
101	104
101	105
101	106
101	107
101	108
101	109
101	110
101	111
102	103
102	104
102	106
102	107
102	108
102	109
102	110
102	111
103	104
103	105
103	106
103	107
103	108
103	109
103	110
103	111
104	105
104	107
104	108
104	109
104	110
104	111
105	106
105	107
105	108
105	111
106	107
106	109
106	110
106	111
107	108
107	109
107	110
107	111
108	109
108	110
108	111
109	111
110	111
112	113
112	114
112	115
112	116
112	117
112	118
112	119
112	120
112	121
113	114
113	115
113	116
113	117
113	118
113	119
113	120
113	121
114	115
114	116
114	117
114	118
114	119
114	120
114	121
115	116
115	117
115	118
115	119
115	120
115	121
116	117
116	118
116	119
116	120
117	118
117	119
117	120
117	121
118	119
118	120
118	121
119	120
119	121
120	121
122	123
122	125
122	126
122	127
122	128
122	129
122	130
122	131
122	132
123	124
123	125
123	126
123	128
123	129
123	130
123	131
123	132
124	125
124	126
124	129
124	130
124	131
124	132
125	126
125	127
125	128
125	129
125	130
125	131
125	132
126	127
126	128
126	129
126	130
126	131
126	132
127	129
127	130
127	131
127	132
128	129
128	130
128	131
128	132
129	130
129	131
129	132
130	132
131	132
133	134
133	135
133	136
133	138
133	139
133	141
133	142
133	143
134	135
134	136
134	138
134	139
134	141
134	143
135	136
135	137
135	138
135	139
135	141
135	142
135	143
136	137
136	138
136	139
136	141
136	142
136	143
137	138
137	139
137	140
137	142
137	143
138	140
138	141
138	142
138	143
139	140
139	142
139	143
140	142
140	143
141	142
141	143
142	143
144	145
144	146
144	147
144	149
144	150
144	151
144	152
144	153
144	154
145	146
145	147
145	148
145	149
145	150
145	151
145	152
145	154
146	147
146	148
146	149
146	150
146	151
146	152
146	153
146	154
147	148
147	149
147	150
147	151
147	152
147	153
148	149
148	150
148	151
148	152
148	153
148	154
149	150
149	151
149	153
149	154
150	151
150	152
150	153
150	154
151	153
152	153
152	154
153	154
155	156
155	157
155	158
155	159
155	160
155	161
155	162
155	163
155	164
155	165
155	166
156	157
156	158
156	159
156	160
156	162
156	163
156	164
156	165
156	166
157	158
157	160
157	162
157	163
157	164
157	165
157	166
158	159
158	161
158	162
158	163
158	164
158	165
158	166
159	160
159	161
159	162
159	163
159	164
159	165
159	166
160	161
160	162
160	163
160	164
160	165
160	166
161	162
161	163
161	164
161	165
161	166
162	163
162	164
163	164
163	165
163	166
164	165
164	166
165	166
167	168
167	169
167	170
167	171
167	172
167	173
167	174
167	175
167	176
167	177
168	169
168	170
168	171
168	172
168	174
168	175
168	176
168	177
169	170
169	171
169	172
169	173
169	174
169	175
169	176
169	177
170	172
170	173
170	174
170	175
170	176
170	177
171	172
171	173
171	174
171	175
171	176
171	177
172	173
172	174
172	175
172	176
172	177
173	174
173	175
173	176
174	175
174	176
175	176
175	177
176	177
178	180
178	181
178	182
178	183
178	184
178	185
178	186
178	187
179	180
179	181
179	182
179	184
179	185
179	186
179	187
180	181
180	182
180	183
180	184
180	185
180	186
180	187
181	182
181	183
181	184
181	185
181	186
181	187
182	183
182	184
182	185
182	186
182	187
183	184
183	185
183	186
183	187
184	185
184	186
184	187
185	186
185	187
186	187
188	189
188	191
188	192
188	193
188	194
188	195
188	196
188	197
188	198
188	200
189	190
189	191
189	192
189	194
189	195
189	196
189	197
189	198
189	199
189	200
190	191
190	192
190	193
190	194
190	195
190	196
190	198
190	200
191	192
191	193
191	194
191	195
191	196
191	197
191	198
191	199
191	200
192	193
192	194
192	196
192	198
192	199
192	200
193	194
193	195
193	196
193	198
193	199
193	200
194	195
194	197
194	198
194	199
194	200
195	196
195	197
195	198
195	199
195	200
196	197
196	198
196	199
196	200
197	198
197	199
197	200
198	199
198	200
199	200
201	202
201	203
201	205
201	206
201	207
201	208
201	209
201	211
202	203
202	204
202	205
202	206
202	207
202	209
202	210
202	211
203	204
203	205
203	206
203	207
203	208
203	209
203	210
203	211
204	205
204	206
204	207
204	208
204	209
204	210
205	206
205	207
205	208
205	209
205	210
205	211
206	208
206	209
206	210
206	211
207	208
207	209
207	210
208	209
208	211
209	210
209	211
210	211
212	213
212	215
212	216
212	217
212	218
212	220
212	221
213	214
213	215
213	216
213	217
213	218
213	219
213	220
214	215
214	216
214	217
214	218
214	219
214	220
214	221
215	216
215	217
215	218
215	219
215	220
215	221
216	217
216	219
216	220
216	221
217	218
217	220
217	221
218	219
218	220
218	221
219	220
222	223
222	224
222	226
222	227
222	229
222	230
222	231
222	232
223	224
223	226
223	227
223	228
223	229
223	230
223	231
223	232
224	225
224	226
224	227
224	228
224	229
224	230
224	231
224	232
225	226
225	227
225	228
225	229
225	230
225	231
225	232
226	228
226	229
226	230
226	231
226	232
227	228
227	229
227	230
227	231
227	232
228	229
228	230
228	231
228	232
229	230
229	231
229	232
230	232
231	232
233	236
233	238
233	239
233	240
233	241
234	235
234	236
234	237
234	238
234	239
234	240
234	242
235	236
235	237
235	238
235	239
235	240
235	241
235	242
236	237
236	238
236	239
236	240
236	241
236	242
237	238
237	239
237	240
237	241
237	242
238	239
238	240
238	241
239	240
239	241
240	241
240	242
241	242
243	244
243	245
243	246
243	247
243	248
243	250
243	251
243	252
243	253
244	245
244	246
244	247
244	248
244	249
244	250
244	251
244	252
244	253
245	247
245	248
245	249
245	250
245	251
245	252
245	253
246	247
246	248
246	249
246	250
246	251
246	252
246	253
247	248
247	249
247	250
247	251
248	250
248	251
248	252
248	253
249	250
249	251
249	253
250	251
250	252
250	253
251	252
251	253
252	253
254	255
254	256
254	258
254	259
254	260
254	261
254	262
254	263
255	256
255	257
255	259
255	260
255	262
255	264
256	257
256	259
256	261
256	262
256	263
256	264
257	258
257	259
257	261
257	262
257	263
257	264
258	259
258	260
258	261
258	262
258	263
259	260
259	261
259	262
259	263
259	264
260	261
260	262
260	263
261	262
261	263
261	264
262	263
262	264
263	264
265	266
265	267
265	268
265	269
265	270
265	271
265	272
265	273
265	274
266	267
266	268
266	269
266	270
266	271
266	272
266	273
266	274
267	268
267	269
267	270
267	271
267	272
267	273
267	274
268	269
268	270
268	271
268	272
268	273
268	274
269	270
269	271
269	272
269	273
269	274
270	271
270	272
270	273
271	272
271	273
271	274
272	273
272	274
