\\ machines
9
\\ max power
90
\\ Jobs in machine 1
11
J1	15	4	66	17	1.5501276211503043
J2	15	13	40	7	2.045195714945478
J3	15	8	66	1	1.535810964704539
J4	14	5	21	12	0.9711509724205278
J5	15	10	58	12	0.6755617524849279
J6	16	7	43	6	1.3509166589727506
J7	14	2	108	15	0.3544293978637644
J8	14	1	39	13	0.449883996138868
J9	15	6	2	15	1.4822152481369042
J10	15	8	7	21	0.715643620513978
J11	15	13	86	22	1.200445909860685
\\ Jobs in machine 2
11
J12	15	6	68	20	1.0630915708738855
J13	15	13	55	4	1.5201343501541307
J14	14	7	33	22	1.718408457049089
J15	14	12	104	11	1.3961345243985008
J16	12	3	8	7	1.3253654763226432
J17	15	9	73	12	2.354189272788283
J18	13	9	57	15	1.434683295497799
J19	14	5	53	18	1.7424622993473307
J20	14	1	51	21	0.6523899783033107
J21	13	2	89	7	0.5218467157626757
J22	16	14	103	17	0.9917464724697408
\\ Jobs in machine 3
10
J23	14	1	22	1	0.5808600069384224
J24	14	9	71	16	1.6453908046061185
J25	15	13	55	18	0.9654785573376686
J26	16	2	26	12	1.134508486010901
J27	14	9	4	10	1.5338735524599352
J28	14	5	51	8	1.229436952978907
J29	14	5	19	19	1.1251228852527955
J30	14	11	44	16	1.760934883703385
J31	14	7	102	14	1.7953200364762685
J32	15	4	88	15	1.9987970400576802
\\ Jobs in machine 4
11
J33	14	7	74	4	1.554439192247923
J34	16	13	79	12	1.6628274741083853
J35	14	11	50	8	2.0288929271083465
J36	14	14	24	11	1.4750194318282537
J37	15	2	75	4	1.466592818074957
J38	15	6	88	1	1.0764813370477726
J39	15	11	34	1	1.6260107518547051
J40	13	6	108	12	1.5902150502997079
J41	16	7	19	18	0.99066775506832
J42	13	4	109	19	1.0096548537641776
J43	15	1	46	21	1.5995259527495804
\\ Jobs in machine 5
12
J44	15	2	28	11	0.46481447570330514
J45	12	13	70	12	0.941303505399369
J46	15	13	107	16	1.1219903184163569
J47	14	6	15	6	1.908372012878158
J48	15	14	19	14	0.9603384869791776
J49	16	8	18	22	0.9020408617015478
J50	15	11	46	16	1.3027861700782084
J51	15	12	76	5	1.0659996230891933
J52	14	10	45	1	1.1247264758812057
J53	17	1	41	13	0.5590709175333693
J54	15	10	37	5	1.5477705933380994
J55	13	1	47	16	1.5216869498232803
\\ Jobs in machine 6
10
J56	14	3	80	16	0.6138132938078744
J57	13	11	82	14	1.0143243454296704
J58	15	13	56	22	1.474365292728484
J59	15	8	110	5	1.0935251990738895
J60	14	7	17	20	0.3668817655031842
J61	15	1	53	9	1.1705866106726965
J62	14	4	19	9	1.2590714554135802
J63	15	6	100	10	0.5787768312860908
J64	14	11	41	4	1.6598435873917847
J65	14	1	81	7	1.5692826231485435
\\ Jobs in machine 7
9
J66	17	6	31	10	1.8581828059001433
J67	14	2	5	5	1.6281360254913502
J68	15	12	86	21	0.993580940603739
J69	15	7	73	22	1.1640113081724575
J70	15	10	74	4	1.2571523629656465
J71	16	14	60	7	1.3246357918842444
J72	13	11	51	2	1.343706547506358
J73	15	10	85	2	1.6806889935284408
J74	16	5	65	21	1.5604090505828454
\\ Jobs in machine 8
11
J75	15	2	11	9	1.0353725817626898
J76	14	5	85	1	1.2576631820584812
J77	16	11	96	15	0.843018932849944
J78	15	14	69	2	0.7487307775523727
J79	14	6	7	7	1.0538040521213177
J80	15	10	50	2	1.2592123821068775
J81	16	14	68	3	1.2327230191238485
J82	14	10	50	7	1.2196624187758738
J83	13	13	25	4	0.8947824928442425
J84	13	12	88	13	0.8274431603996788
J85	16	6	33	19	1.4103038370466945
\\ Jobs in machine 9
10
J86	13	7	54	19	2.010391218222902
J87	14	12	69	1	0.863679166164302
J88	15	14	106	6	0.7884190189565843
J89	14	12	41	15	1.523741144715044
J90	14	6	66	10	2.2112311456356406
J91	13	13	10	10	0.6142404128049798
J92	13	13	107	21	0.6196098531130914
J93	14	11	44	18	0.14854994891165196
J94	14	9	65	8	0.7860751493853415
J95	15	14	109	18	1.756076643561674
\\ Dependencies 
224
1	2
1	3
1	7
1	9
1	10
1	11
2	3
2	5
2	7
3	4
3	5
3	8
3	11
4	5
4	6
4	7
4	8
4	11
5	7
5	8
5	10
5	11
6	7
6	8
6	10
7	8
7	9
7	10
7	11
8	9
8	10
10	11
12	13
12	14
12	17
12	18
12	20
13	18
13	20
13	21
13	22
14	16
14	17
14	19
14	20
15	16
15	18
15	19
15	22
17	18
17	19
17	20
18	21
19	21
19	22
20	21
20	22
23	25
23	27
23	28
23	30
23	31
24	28
24	29
24	30
24	31
25	28
25	29
25	31
26	27
26	29
26	30
26	31
26	32
27	29
27	31
28	32
29	30
30	31
33	35
33	36
33	37
33	38
33	41
33	42
33	43
34	36
34	39
34	40
35	38
35	42
36	37
36	38
36	40
37	38
37	40
37	41
37	42
37	43
38	39
38	41
38	42
38	43
39	41
39	43
40	43
41	43
42	43
44	46
44	48
44	50
44	51
44	53
44	54
44	55
45	47
45	50
45	52
45	54
45	55
46	48
46	49
46	54
47	48
47	50
47	51
47	52
47	55
48	50
48	54
48	55
49	52
49	53
50	51
50	53
50	55
51	53
51	54
51	55
52	54
52	55
54	55
56	57
56	61
56	62
56	63
56	64
56	65
57	58
57	59
57	63
58	60
58	61
58	65
59	62
59	63
59	64
59	65
63	64
66	68
66	74
67	69
67	73
68	70
68	71
68	72
68	74
69	70
69	71
69	72
69	74
70	73
70	74
71	73
71	74
72	73
72	74
75	77
75	78
75	80
75	81
75	82
76	77
76	78
76	79
76	81
76	82
76	83
76	85
77	78
77	79
77	82
77	84
78	79
78	82
78	83
78	85
79	80
79	81
79	82
80	81
80	82
80	83
81	84
81	85
82	84
82	85
83	85
86	87
86	88
87	93
87	95
88	91
88	92
89	93
90	91
90	92
90	95
91	92
91	93
92	93
92	95
93	94
94	95
