\\ machines
12
\\ max power
120
\\ Jobs in machine 1
12
J1	15	6	13	20	1.6433251058473242
J2	16	5	63	29	0.12006550128626836
J3	14	1	30	7	0.9021937748313287
J4	14	12	9	5	1.27801292277772
J5	13	7	42	14	0.6161332363796408
J6	14	4	51	4	0.8209498118809611
J7	14	7	57	27	0.9207202829474628
J8	13	12	39	6	1.480143025576432
J9	15	10	68	22	1.2708754175034271
J10	15	4	21	29	0.7040283039509471
J11	16	4	46	14	1.9138337776725691
J12	14	13	75	9	0.8841508962306741
\\ Jobs in machine 2
11
J13	15	7	8	28	1.8385276298647901
J14	16	7	31	6	1.289317368140734
J15	14	2	24	17	0.36945576225266896
J16	15	6	31	25	1.0805315427104785
J17	14	9	108	21	1.2398420928534526
J18	14	2	29	29	0.7817036650232305
J19	16	9	26	23	1.7177591431648507
J20	15	6	25	12	1.019288470829642
J21	16	6	43	8	1.059987988907021
J22	15	6	15	19	0.6641248101640933
J23	16	12	98	26	1.0663305766849787
\\ Jobs in machine 3
11
J24	15	9	9	1	1.3447983485701709
J25	14	12	44	28	0.912799190488379
J26	15	8	81	28	1.269468750569939
J27	14	12	104	28	1.235629542747792
J28	14	5	100	15	1.0717754479938428
J29	15	14	91	9	1.2495766535906858
J30	14	12	92	4	0.9814487621053865
J31	14	11	86	16	0.6524557299645686
J32	13	4	46	16	1.6524859619896102
J33	16	8	106	3	1.3615283870073338
J34	14	7	63	9	1.9471608541776886
\\ Jobs in machine 4
11
J35	15	9	31	6	2.294652323303528
J36	14	11	3	2	1.552733583433107
J37	14	6	74	13	2.0457433502011706
J38	14	3	39	12	0.5685737719604176
J39	15	10	45	8	1.4474041227567487
J40	14	14	99	16	1.6230084798684983
J41	16	12	45	26	1.6174746958053885
J42	14	4	55	10	0.9330572406364455
J43	12	1	34	27	1.301755454704821
J44	17	10	75	17	0.6122087482732153
J45	15	9	13	13	1.667838478337394
\\ Jobs in machine 5
11
J46	14	13	25	10	1.1449572739712897
J47	15	8	36	19	0.5021180289837207
J48	15	12	87	2	0.8127442590222133
J49	15	11	12	28	1.0245692883065247
J50	15	13	24	18	1.1473319288599702
J51	14	3	81	28	1.4282543530769143
J52	15	5	19	24	0.7846387150991401
J53	15	4	24	28	1.2982246761070242
J54	13	5	4	8	1.515747108716826
J55	14	3	80	18	1.5413704070514807
J56	14	9	110	10	0.1
\\ Jobs in machine 6
11
J57	13	4	4	9	2.0138752064392484
J58	14	6	58	6	0.9651800332851614
J59	14	13	106	6	0.862114298802769
J60	14	10	100	16	0.5734266876928596
J61	14	8	49	27	0.7511456051714462
J62	14	8	2	18	1.278915766542862
J63	15	4	93	8	1.2744932806105629
J64	14	12	64	9	1.2176625355513448
J65	13	1	26	30	0.8691208218031863
J66	13	13	49	27	0.7488238885015042
J67	13	14	42	22	1.1084022672398075
\\ Jobs in machine 7
10
J68	14	13	28	19	0.9994796706201016
J69	14	3	99	3	1.316924867492336
J70	15	8	83	15	1.933371920020224
J71	15	2	89	4	1.5832555132874462
J72	15	8	78	3	1.2327731949055138
J73	14	3	101	24	0.9618469262502302
J74	14	10	30	17	0.6039887080550406
J75	16	6	59	27	1.010723412302856
J76	15	5	45	17	1.1723101949113612
J77	14	10	81	13	1.285845932155862
\\ Jobs in machine 8
10
J78	16	11	67	16	1.7003893474644054
J79	16	12	35	21	1.6962887293400466
J80	14	5	52	4	1.1738257890350516
J81	16	1	11	27	0.9365792709707932
J82	15	5	47	15	1.2804842230897162
J83	15	9	33	7	1.6546928413786306
J84	14	13	99	30	1.7223239155072676
J85	16	4	50	18	1.4352062218142088
J86	15	5	14	21	1.3363810695247462
J87	15	4	28	24	1.3557761105042088
\\ Jobs in machine 9
13
J88	15	4	56	5	1.7645780675221094
J89	13	10	107	2	0.8281921004597814
J90	14	14	36	7	2.1518987258764684
J91	14	8	44	18	1.9849540955557696
J92	13	7	88	17	0.6973775965324234
J93	17	3	3	28	1.9702822928427524
J94	15	13	29	19	2.2085680550120403
J95	15	12	25	24	0.7684515182001441
J96	15	6	66	24	0.8705020845249699
J97	13	13	64	2	1.2741636384631068
J98	15	13	78	28	1.352460376563765
J99	15	5	12	28	0.2930585379604542
J100	14	8	99	18	1.3766963831360721
\\ Jobs in machine 10
11
J101	15	2	28	19	1.6078502665390872
J102	15	6	74	28	1.0818858282367152
J103	13	3	7	13	1.471183362128673
J104	16	4	35	12	2.0119183514825423
J105	14	6	81	8	1.1473669590948579
J106	15	6	65	18	1.4416474767098206
J107	14	7	49	28	1.6462219438947656
J108	14	14	91	6	0.5441292395598052
J109	15	10	109	29	1.7333299811953795
J110	15	12	51	25	0.8203743391112258
J111	15	6	30	11	1.3056252892324716
\\ Jobs in machine 11
11
J112	16	8	4	23	1.6553030472871777
J113	14	9	67	2	0.7514218115113072
J114	14	6	45	22	1.0305886603222747
J115	14	4	15	25	1.5214807190991184
J116	16	4	67	28	1.6840402808257067
J117	14	9	8	27	0.8111026662534581
J118	14	13	9	20	0.9004421600014316
J119	13	3	37	28	1.6967114370322445
J120	15	4	18	8	0.38617828812882704
J121	12	12	32	30	1.2566714081488364
J122	14	9	38	29	1.546703110275155
\\ Jobs in machine 12
11
J123	15	14	6	23	1.4599464036521677
J124	14	8	7	26	1.9333760709598837
J125	15	8	48	3	0.7680320254246442
J126	15	2	23	7	1.0025655200396615
J127	14	8	96	1	1.1446911862270905
J128	15	3	14	24	1.157455048019668
J129	15	9	32	12	1.4517896968813997
J130	13	7	99	13	0.5264586920885308
J131	15	3	106	11	1.5236163341666626
J132	15	4	58	5	0.9361449869017322
J133	16	7	33	11	1.3393589775146084
\\ Dependencies 
388
1	5
1	8
1	9
1	11
1	12
2	4
2	5
2	6
2	9
2	10
2	12
3	4
3	5
3	7
3	10
3	11
3	12
4	7
4	8
4	9
4	10
5	6
5	7
5	8
5	10
6	7
6	8
6	10
6	11
6	12
7	8
7	9
7	10
7	11
7	12
8	11
9	10
9	12
10	12
13	14
13	15
13	17
13	18
13	19
13	20
13	22
13	23
14	17
14	20
14	21
15	16
15	18
15	19
15	21
15	22
15	23
16	17
16	23
17	18
17	19
17	20
17	21
17	22
18	20
18	21
18	23
19	20
19	22
20	23
24	26
24	27
24	29
24	30
24	31
24	32
24	33
25	26
25	27
25	30
25	31
25	33
26	27
26	28
26	29
26	30
26	34
27	28
27	29
27	32
28	30
28	32
28	34
29	30
29	31
29	32
30	33
30	34
31	32
32	33
32	34
35	36
35	39
35	40
35	41
35	45
36	37
36	38
36	39
36	41
36	43
36	44
37	38
37	40
37	41
37	44
37	45
38	39
38	40
38	41
38	42
38	44
39	40
39	41
39	42
39	43
39	45
40	41
40	42
40	43
40	44
40	45
41	44
41	45
42	45
43	44
44	45
46	48
46	49
46	53
46	54
46	55
46	56
47	52
47	55
47	56
48	51
48	55
49	51
49	52
49	53
49	54
49	56
50	53
50	54
50	56
51	52
51	53
51	54
51	55
52	53
52	54
52	56
53	56
54	55
57	58
57	59
57	62
57	64
57	66
57	67
58	59
58	63
58	64
58	66
59	67
60	61
60	64
60	66
60	67
61	63
61	64
61	66
61	67
62	63
62	65
62	66
62	67
63	64
63	65
63	66
63	67
64	66
64	67
65	66
68	70
68	71
68	73
68	75
68	76
69	73
69	74
69	75
69	77
70	71
70	73
70	74
70	75
70	76
71	72
71	73
71	75
71	76
72	73
72	74
72	77
73	74
73	76
74	75
75	76
75	77
78	81
78	83
78	86
79	80
79	81
79	82
79	84
79	86
80	82
80	83
80	84
80	85
80	86
81	82
81	83
81	86
82	84
82	85
83	85
84	85
84	86
84	87
85	87
88	91
88	92
88	93
88	95
88	96
88	97
88	100
89	90
89	91
89	92
89	93
89	95
89	100
90	91
90	92
90	93
90	94
90	95
90	96
90	97
90	98
90	99
90	100
91	92
91	93
91	94
91	95
91	96
91	99
92	96
92	99
92	100
93	94
93	95
93	96
93	98
93	99
94	95
94	99
95	98
96	97
96	100
97	98
97	100
99	100
101	108
101	110
102	104
102	107
102	108
102	109
103	105
103	107
103	108
103	111
104	105
104	108
104	110
104	111
105	106
105	107
106	107
106	109
106	111
107	108
107	109
107	110
108	109
108	110
108	111
109	110
109	111
110	111
112	113
112	116
112	117
112	118
112	120
112	121
112	122
113	115
113	117
113	118
113	119
113	120
113	121
113	122
114	116
114	117
114	122
115	116
115	118
115	119
115	120
115	121
115	122
116	118
116	119
116	121
116	122
117	118
117	120
117	122
118	119
118	120
118	121
119	120
120	121
123	124
123	125
123	127
123	128
123	129
123	130
123	133
124	125
124	126
124	129
124	130
124	131
124	133
125	126
125	127
125	128
125	129
125	130
125	131
126	128
126	131
126	132
127	128
127	129
127	130
127	131
127	132
127	133
128	129
128	130
128	131
128	133
129	131
129	132
129	133
130	133
131	133
