\\ machines
10
\\ max power
100
\\ Jobs in machine 1
12
J1	15	14	16	14	1.4366564845013534
J2	14	7	11	6	2.191116099704121
J3	17	4	29	2	1.1550097610156551
J4	15	8	22	5	1.2883055532836267
J5	15	1	72	16	1.146140329520307
J6	15	9	33	13	0.8555331439386069
J7	15	3	44	16	1.336412806204544
J8	14	12	90	9	0.8784570562248053
J9	14	7	97	24	1.2020776658663612
J10	15	10	97	7	0.8048473555291439
J11	13	4	77	16	1.41154607853663
J12	15	7	15	25	1.248030976020311
\\ Jobs in machine 2
10
J13	15	12	10	3	1.0680798181486582
J14	14	2	96	6	1.9194572786168438
J15	15	14	9	24	1.156265287402955
J16	15	9	64	17	2.096136167597356
J17	14	2	41	15	0.1
J18	14	1	100	9	1.9234683089970988
J19	13	14	69	25	0.8166998345716479
J20	15	10	48	2	1.2205448027049766
J21	16	8	67	20	0.7891820225523068
J22	12	9	61	9	1.2833735389464584
\\ Jobs in machine 3
11
J23	14	6	79	9	1.97485169289757
J24	13	13	23	14	0.6221358349430971
J25	15	13	103	9	0.4700470921399027
J26	12	5	36	9	2.0567212587268218
J27	14	7	71	25	1.4113765890542005
J28	14	5	72	14	2.258977520233792
J29	16	6	106	15	0.8668226979721902
J30	15	8	25	23	1.534985594243642
J31	15	11	58	15	0.7161418662656688
J32	14	3	32	17	0.7281215570181017
J33	16	6	72	18	1.3955954958762875
\\ Jobs in machine 4
11
J34	14	8	11	8	1.7480612461187794
J35	15	4	61	16	1.1703735086860694
J36	14	9	21	22	1.8213465156368072
J37	16	4	16	12	0.9346409728625451
J38	14	14	38	24	1.0012044784837941
J39	15	12	32	19	1.389197949474124
J40	15	5	81	9	1.5856245624607639
J41	15	12	5	8	1.7463840897401135
J42	14	2	60	3	1.5315216805539025
J43	14	11	18	5	1.3147659479313407
J44	14	14	17	18	0.8847253641029709
\\ Jobs in machine 5
9
J45	15	2	12	6	0.9635464603217658
J46	12	7	9	15	0.9381004336879256
J47	14	3	60	9	0.9732475013595868
J48	14	14	62	15	0.7929879685121224
J49	15	8	102	21	2.220213269723132
J50	16	2	27	19	1.1048906902694051
J51	15	7	79	20	0.30896802327621775
J52	15	12	3	20	0.8258253824297173
J53	15	7	108	20	0.6199730440929473
\\ Jobs in machine 6
13
J54	15	14	92	14	1.0760041278899426
J55	16	11	68	1	1.7395222464126041
J56	14	2	40	3	1.2488136497884097
J57	14	8	20	1	0.42352098212854195
J58	13	1	60	16	1.0962131605590033
J59	14	13	13	23	1.358351468772623
J60	15	9	56	23	1.1836857524245032
J61	15	8	16	11	0.8869856657784418
J62	14	7	91	15	1.1798838689824158
J63	15	14	100	21	1.5307579900997794
J64	17	2	66	25	1.4227111484834185
J65	13	4	2	14	0.6184581282454971
J66	16	6	19	4	1.2938289577245143
\\ Jobs in machine 7
11
J67	14	1	46	14	1.5128966051880062
J68	16	7	52	12	0.34546660923224015
J69	14	14	15	21	0.8458220555037379
J70	14	8	14	7	1.7652035305725802
J71	14	1	95	14	1.1364341184577844
J72	14	7	17	1	1.3902899668330693
J73	13	9	109	19	1.572940023801973
J74	13	8	90	6	0.37344577757025565
J75	14	13	65	7	1.538864439798515
J76	15	9	53	6	1.1236131617705254
J77	15	14	93	5	0.7668417523343212
\\ Jobs in machine 8
10
J78	13	3	91	17	1.969363021651807
J79	16	10	2	7	1.6088008592337144
J80	13	7	37	24	0.18052799960835486
J81	14	9	5	10	0.42386861755801664
J82	15	8	7	2	1.7951232885898325
J83	15	6	41	14	1.3039963573991893
J84	13	12	55	6	1.245789357719622
J85	15	9	101	19	0.6605612679518538
J86	14	14	61	3	2.0155987813850413
J87	15	2	99	11	0.6921552119477212
\\ Jobs in machine 9
12
J88	13	12	86	1	1.0738107085288089
J89	14	6	85	18	1.3165131528869256
J90	14	11	108	4	1.3678588137607457
J91	13	1	58	20	1.0437375556899857
J92	15	6	63	17	1.3323381352124226
J93	15	5	44	22	0.9283693730402365
J94	14	11	41	20	0.7948677334275586
J95	14	4	98	9	2.0389924910008492
J96	14	3	23	22	0.777831854329047
J97	14	12	55	10	0.8671531016197359
J98	15	4	72	12	0.8512205461935529
J99	16	8	77	11	1.5326366626687002
\\ Jobs in machine 10
10
J100	17	3	106	18	0.42993308194331237
J101	15	11	35	13	1.5691419513755949
J102	14	2	12	22	1.9802401973741197
J103	13	5	48	7	1.1907053441045616
J104	14	13	15	18	1.5889958948682434
J105	15	2	50	17	1.8103621712992557
J106	13	2	63	8	1.6356163709512113
J107	15	8	43	22	1.2310316625315085
J108	16	5	7	20	0.650761578525769
J109	14	2	66	13	1.3278482006738586
\\ Dependencies 
102
1	2
2	3
3	8
4	9
5	7
5	9
6	8
6	12
7	10
7	11
8	9
8	12
10	12
13	17
13	20
15	18
16	18
16	19
17	20
18	19
19	22
24	26
24	30
24	31
25	26
25	27
26	31
26	33
27	33
28	32
28	33
29	30
29	31
29	32
30	31
31	33
35	43
36	38
36	42
38	43
39	41
39	42
40	43
41	42
45	49
45	51
47	51
48	50
48	51
49	52
50	52
50	53
54	58
56	59
56	65
57	64
58	61
59	61
59	66
60	63
61	62
62	63
62	65
63	64
63	66
67	69
67	70
67	73
67	76
68	76
69	75
70	71
71	76
72	73
72	75
73	76
74	76
76	77
79	84
80	83
81	83
81	86
81	87
82	84
84	86
85	86
85	87
88	90
88	92
88	93
88	94
88	97
89	91
90	97
91	92
91	99
94	97
97	98
97	99
102	104
103	107
107	109
