\\ machines
18
\\ max power
180
\\ Jobs in machine 1
11
J1	15	2	11	17	1.804854614784724
J2	15	8	85	32	1.8995627143998854
J3	16	3	72	40	0.7768114955827219
J4	16	3	70	49	1.3334250684898974
J5	14	14	25	16	0.19915807157685328
J6	14	10	15	9	1.9043402607249071
J7	15	6	11	108	0.6459628510572577
J8	14	5	107	59	1.3760513507975964
J9	16	3	3	84	2.1005638885071773
J10	13	12	73	49	1.5007997498241616
J11	14	14	109	40	0.2715526198049518
\\ Jobs in machine 2
12
J12	16	12	25	26	1.2064156893186684
J13	13	9	38	127	1.595370271013168
J14	15	4	24	59	0.4313437664031692
J15	16	14	53	85	1.584302770995174
J16	14	13	85	27	1.953232190390323
J17	15	2	88	92	1.6367651323504706
J18	16	12	5	81	0.9731223901036534
J19	13	2	105	30	0.2796060027569883
J20	16	8	73	1	1.3361781615582238
J21	16	11	10	88	0.4637429513380573
J22	14	12	70	76	1.4976122400654215
J23	15	8	76	128	0.493247339715973
\\ Jobs in machine 3
13
J24	14	9	57	52	0.10250638372953924
J25	16	2	57	81	1.2502345010752116
J26	15	11	5	39	0.2581006386331294
J27	15	8	46	97	0.9507042360106192
J28	13	4	4	66	0.3993352336558995
J29	15	8	18	85	2.004274508665689
J30	14	2	46	32	1.5698771421178412
J31	16	4	66	117	0.7591486596687782
J32	14	7	39	6	1.0693349621146775
J33	15	3	94	13	1.68260266740297
J34	14	3	18	35	1.8460269819142412
J35	13	7	12	87	1.1113436902873315
J36	13	1	102	41	1.2850090017249693
\\ Jobs in machine 4
9
J37	16	4	6	116	0.379579404566739
J38	14	3	90	78	1.40222957781971
J39	15	3	86	26	2.040637716537865
J40	15	13	34	8	0.8272364585162041
J41	15	10	4	95	1.5317164927739033
J42	14	4	36	96	0.8476753457402324
J43	15	6	24	108	0.4576906526059421
J44	15	7	36	68	1.1085393098415046
J45	14	6	15	40	1.5521402172279077
\\ Jobs in machine 5
11
J46	14	10	53	35	0.46472210219745747
J47	14	4	104	23	1.477004419795196
J48	15	2	75	109	0.4533221526011705
J49	16	12	40	5	1.276128851144384
J50	15	14	103	86	1.4870539814917132
J51	14	14	6	35	2.076803268658722
J52	15	5	77	67	1.2860550027288808
J53	13	3	25	84	1.1260213211692243
J54	16	11	48	128	0.7784748617235872
J55	15	14	69	79	1.6910603594118654
J56	14	12	107	59	0.7819078683143021
\\ Jobs in machine 6
11
J57	13	7	104	82	1.3241696654891997
J58	14	6	36	25	1.0169427437848655
J59	15	6	84	35	1.4631415840221444
J60	14	13	87	83	1.5131345263757412
J61	15	6	105	49	0.9668988614545633
J62	14	14	32	96	1.0262250120020142
J63	15	7	105	122	1.471607803372279
J64	15	8	63	69	1.6712437352145815
J65	14	3	92	68	2.140577046246834
J66	15	7	40	38	0.8580807699311808
J67	15	2	65	134	1.2186454142777121
\\ Jobs in machine 7
9
J68	16	10	41	39	1.7057473291847414
J69	15	7	21	16	1.268765701509542
J70	15	13	33	10	1.3356028902970851
J71	14	7	45	93	1.3316818579170238
J72	16	13	86	35	0.8132215189912648
J73	13	11	19	20	1.3092908946473398
J74	14	13	42	29	1.8220810018552154
J75	15	9	79	62	1.2382576180796228
J76	13	9	100	56	1.604726073788529
\\ Jobs in machine 8
12
J77	13	13	47	80	0.9329204475239417
J78	14	2	51	3	1.5849499609300037
J79	16	2	18	113	0.5993318554370883
J80	13	5	59	90	1.622340264808689
J81	13	5	103	48	0.9821090053672034
J82	17	14	30	76	2.0001178964378283
J83	13	8	19	62	1.292086311586687
J84	14	8	88	65	1.1139388353688233
J85	15	4	5	74	1.432389504284372
J86	13	8	60	32	1.350178507447426
J87	14	6	31	61	0.7209654292113118
J88	15	7	17	18	1.5141271500318634
\\ Jobs in machine 9
11
J89	14	1	39	106	1.1557110721565802
J90	15	4	12	96	1.6262058494297416
J91	15	14	91	97	1.3869892177637269
J92	15	6	31	113	1.9624393412785952
J93	13	2	31	100	1.469250170026313
J94	16	13	101	100	1.028692737827381
J95	15	9	32	129	2.4270388984047546
J96	14	9	73	99	1.6008413086165585
J97	15	14	40	70	1.1528729568393927
J98	13	13	93	17	1.4182339286969423
J99	15	3	56	11	1.7669075671598167
\\ Jobs in machine 10
10
J100	14	12	35	84	1.9528918703034668
J101	15	3	93	101	1.4087086549774415
J102	15	5	85	69	1.5653155545973745
J103	14	2	16	13	0.8200924307786333
J104	15	3	58	8	1.566486038614772
J105	15	7	46	6	0.9328253968014009
J106	14	2	14	16	1.9847477342753894
J107	14	10	16	12	0.7359909905832638
J108	15	7	40	30	1.596237681982333
J109	17	11	42	83	1.0343434156836637
\\ Jobs in machine 11
11
J110	15	5	100	98	0.591788826548309
J111	14	11	36	3	2.158949573607195
J112	14	5	56	51	2.2050781390255527
J113	15	4	64	17	1.7321220069658352
J114	14	13	83	11	1.2164790113851578
J115	15	5	58	107	1.682360248753207
J116	15	3	9	104	1.9889685718202443
J117	14	7	40	102	0.8500007949862058
J118	17	12	2	75	1.2774557334266787
J119	15	7	19	78	1.3290685121902852
J120	14	6	8	89	1.3746467322471028
\\ Jobs in machine 12
12
J121	15	4	105	20	1.5452150013522021
J122	14	6	64	120	1.2365597666774464
J123	16	8	97	105	0.9584876967160174
J124	13	1	103	26	1.3709139325556283
J125	14	12	87	57	1.2785397590125858
J126	13	7	4	22	0.9634508635155438
J127	14	3	75	56	1.0931336078541225
J128	15	12	23	86	1.4407394961739297
J129	14	2	11	21	1.532277720148692
J130	14	5	33	16	1.3589089282753426
J131	14	1	2	118	0.7086825939871911
J132	14	4	80	30	1.0456103178110907
\\ Jobs in machine 13
12
J133	14	8	67	102	1.2654015414848665
J134	15	2	8	72	0.5325528752994937
J135	15	1	22	19	1.2852859784093258
J136	16	13	52	92	1.9999237429682881
J137	14	11	90	82	0.20806670319706855
J138	15	1	109	131	1.8003278822751665
J139	15	7	94	5	0.4951761203180064
J140	15	4	28	77	0.44133150371322183
J141	13	5	76	74	1.563593478307546
J142	14	1	24	84	1.6957841893314172
J143	16	1	85	39	2.054828466189198
J144	14	8	53	131	0.925877310419714
\\ Jobs in machine 14
11
J145	14	10	61	4	1.0732718285326825
J146	16	1	84	105	0.5667826258040963
J147	14	8	104	23	1.5036862921029868
J148	14	7	81	51	0.5403324666932309
J149	14	10	4	134	1.496113315428354
J150	14	11	16	13	1.4779116408146205
J151	13	3	27	87	1.0861498878016635
J152	14	9	18	120	1.4239532955699115
J153	15	7	27	52	1.2301777668721037
J154	15	11	58	69	0.8809187857932891
J155	14	3	2	38	0.9058204304555999
\\ Jobs in machine 15
10
J156	14	5	51	127	1.3136011500180051
J157	16	14	17	41	0.47782265092364073
J158	14	2	80	30	1.5800180754033564
J159	14	2	16	40	0.8692107377422329
J160	17	8	104	109	1.4292368714039234
J161	15	7	104	98	1.1876532634709422
J162	14	5	103	85	1.4283092751872817
J163	16	13	83	127	1.1738011996517417
J164	13	8	7	97	1.346962537552343
J165	15	6	73	60	1.0012962572674693
\\ Jobs in machine 16
12
J166	15	7	37	51	0.3853998606611808
J167	14	11	24	51	0.3066577259904475
J168	15	6	66	49	2.132841957215435
J169	17	7	72	74	1.2574052004779146
J170	14	3	51	57	1.6077147029272103
J171	17	4	67	3	0.4878224679185885
J172	15	10	8	42	0.7673997239376166
J173	14	1	97	113	1.2948724882131373
J174	16	2	36	135	1.5656682627428902
J175	13	11	87	81	1.255327216594277
J176	14	4	104	58	0.7584881397797764
J177	14	1	76	35	1.2600301195951646
\\ Jobs in machine 17
12
J178	13	7	41	50	0.8628346839842891
J179	14	5	102	106	2.0324439249017505
J180	14	5	46	16	1.3984220674591796
J181	15	5	3	76	2.096709321422094
J182	15	9	55	38	1.6151055954319826
J183	15	1	105	18	2.079820888247604
J184	15	5	40	51	1.0802384132954803
J185	13	5	104	114	1.121460857326381
J186	14	5	5	116	1.7868569612853906
J187	15	12	80	63	1.1394447810965036
J188	17	2	32	88	1.1342206070778074
J189	17	8	30	116	0.744810490634447
\\ Jobs in machine 18
11
J190	16	10	89	28	1.8459001909940194
J191	16	10	34	85	1.5319903781855038
J192	14	8	84	28	0.9596833879027606
J193	15	7	91	118	1.4506780967697797
J194	14	10	17	115	0.7194157666217849
J195	13	9	13	31	0.33381684963784986
J196	14	10	73	30	1.1139518740950116
J197	13	14	58	37	1.1296603963483312
J198	15	14	44	49	1.472272571580077
J199	15	10	68	84	0.9374307783966005
J200	15	14	35	48	0.9815204150341728
\\ Dependencies 
400
1	4
1	9
1	10
2	3
2	5
2	6
2	10
3	4
3	7
3	8
3	9
3	11
4	6
5	9
6	8
6	9
7	9
8	11
9	11
10	11
12	13
12	15
12	16
12	22
12	23
13	16
13	17
13	20
13	21
13	22
14	19
14	22
15	17
15	21
16	19
17	20
17	22
18	20
18	23
20	23
21	22
24	25
24	31
24	33
24	34
25	27
25	28
25	29
25	31
25	32
26	35
27	29
27	31
27	32
27	34
27	35
28	30
28	33
28	34
28	35
28	36
29	32
29	33
29	34
30	32
30	33
30	34
30	36
31	33
31	35
32	33
32	35
33	35
34	36
37	39
37	40
37	44
38	39
38	40
38	41
38	42
38	44
39	41
39	45
40	42
40	44
40	45
41	42
41	44
41	45
42	45
46	47
46	51
46	52
46	53
46	55
46	56
47	48
47	49
47	51
47	52
47	55
48	50
48	52
48	53
48	55
48	56
49	52
49	56
50	51
50	52
50	53
50	54
51	52
51	53
51	54
52	53
52	56
53	54
53	56
57	59
57	60
57	61
57	65
57	66
57	67
58	59
58	61
58	62
58	66
59	64
59	65
59	66
59	67
60	61
60	62
60	64
60	65
60	66
60	67
61	66
61	67
62	63
64	65
64	67
66	67
68	69
68	72
68	73
68	74
68	76
69	70
69	71
69	76
70	71
70	75
70	76
71	72
71	75
71	76
72	75
73	75
75	76
77	84
77	87
78	80
78	82
78	86
79	80
79	81
79	88
80	81
80	82
80	84
80	86
80	87
81	82
81	85
82	85
82	87
83	84
83	87
84	88
85	86
85	88
87	88
89	92
89	93
89	96
89	99
90	91
90	92
90	94
90	96
90	98
91	92
91	93
91	96
91	99
92	98
93	95
93	96
93	98
93	99
94	97
94	99
95	98
97	98
100	102
100	107
100	109
101	107
102	103
102	106
102	107
102	109
103	107
103	108
104	106
104	108
106	108
106	109
110	112
110	113
110	116
110	118
110	119
110	120
111	113
111	114
111	118
111	120
112	115
112	117
112	118
113	116
113	119
114	116
114	117
114	119
114	120
115	117
117	119
117	120
118	119
118	120
119	120
121	129
121	131
122	125
122	129
122	132
123	124
123	129
123	130
123	131
124	126
124	127
124	129
124	130
124	132
125	129
125	130
125	132
126	127
129	131
129	132
130	132
131	132
133	134
133	137
133	141
133	143
134	135
134	136
134	140
134	142
134	143
134	144
135	136
135	138
136	138
136	140
136	143
136	144
137	138
137	139
137	140
137	141
137	144
138	139
139	142
139	144
140	142
140	144
141	142
141	144
142	144
143	144
145	151
146	147
146	148
146	149
147	150
147	153
148	149
148	152
148	153
149	150
149	152
149	153
150	153
150	154
150	155
151	154
151	155
152	153
152	154
156	159
157	159
157	162
157	164
157	165
158	162
158	163
158	164
159	161
159	165
160	161
160	162
161	162
161	163
161	164
162	164
166	167
166	170
166	174
167	168
167	169
167	170
167	172
167	176
168	172
168	173
168	175
168	176
168	177
169	171
169	172
169	173
169	177
170	171
170	174
171	174
171	175
172	173
172	176
172	177
173	174
173	175
174	175
174	176
174	177
175	176
178	179
178	180
178	185
178	189
179	180
179	183
179	185
179	186
179	187
179	189
180	184
180	185
180	186
180	188
181	182
181	184
184	186
185	188
186	188
186	189
187	189
190	199
191	194
191	197
191	198
192	193
192	200
193	195
193	196
193	198
193	200
194	195
194	198
195	198
196	197
198	199
