\\ machines
12
\\ max power
120
\\ Jobs in machine 1
10
J1	14	2	68	45	1.5272175453661645
J2	16	13	29	6	1.5920939038904747
J3	13	13	40	26	0.7960985989976239
J4	16	13	17	37	0.8974710778162684
J5	15	10	79	49	1.5847183271680692
J6	14	4	56	14	1.1930232649946713
J7	16	13	52	38	1.1785271020116852
J8	14	4	10	31	1.7869121216366217
J9	14	3	104	32	1.9981683760037132
J10	14	6	24	31	2.114125794101964
\\ Jobs in machine 2
11
J11	16	11	9	5	1.8824784061088575
J12	16	5	47	3	0.593138952958243
J13	12	12	8	14	0.5677537004845582
J14	16	13	10	26	1.794558591459209
J15	15	2	106	2	1.6209619022182977
J16	14	2	41	52	1.9419479685845602
J17	15	4	64	24	0.9458888894633198
J18	15	13	92	48	1.6118148321761423
J19	14	3	10	29	1.2763455810048616
J20	13	10	71	7	1.3785730518024177
J21	16	4	67	20	1.5310768306623785
\\ Jobs in machine 3
11
J22	15	12	103	5	0.7060059207666775
J23	13	5	23	2	1.2190731465430256
J24	15	5	55	2	0.762601509321647
J25	14	12	59	52	0.7211850768137034
J26	15	12	2	49	1.674893332297703
J27	15	8	104	22	1.6504673232561524
J28	13	12	68	52	1.7581185039583176
J29	16	10	45	45	1.5468319799632284
J30	14	12	46	56	2.0709471866453066
J31	15	9	17	18	1.4336229633438096
J32	14	11	29	12	1.6767857751938113
\\ Jobs in machine 4
11
J33	14	13	59	41	1.240048641922197
J34	13	8	94	17	1.1038956294617956
J35	14	6	92	45	1.7136419255512219
J36	14	13	32	25	1.8448919595209667
J37	15	1	75	38	1.8045692418292345
J38	13	13	92	14	1.6514903981952695
J39	16	9	47	23	1.3630529795586124
J40	13	14	59	4	0.8320813081182096
J41	15	4	10	45	1.2746271300958232
J42	15	13	80	12	1.3208936455603557
J43	14	5	92	20	2.905483026578402
\\ Jobs in machine 5
10
J44	14	6	70	36	1.4843607559257206
J45	14	9	4	60	0.4326641091550195
J46	16	14	52	58	0.826458685505943
J47	13	7	60	59	0.5781342455001792
J48	13	2	40	35	1.070604667015226
J49	16	3	85	5	1.9947572005759722
J50	15	7	65	52	1.607094158932417
J51	15	12	24	13	1.7890536548465215
J52	15	5	28	24	1.5753568340157091
J53	15	2	88	51	1.5464375662534018
\\ Jobs in machine 6
10
J54	16	4	71	36	1.5819984413512516
J55	15	8	65	31	0.9626290526291532
J56	13	12	39	19	2.558280077029526
J57	16	13	29	17	1.4352781875858522
J58	15	2	61	45	1.1974876279845423
J59	15	5	101	41	1.7113267158469987
J60	16	14	16	20	1.0508230726625523
J61	16	6	61	7	1.6945376328260804
J62	13	1	94	59	1.6768610059434412
J63	13	4	7	5	1.050972240056321
\\ Jobs in machine 7
10
J64	16	13	83	3	1.161343578941064
J65	13	1	87	21	1.9893508442159311
J66	15	7	17	3	1.305411542176375
J67	14	3	8	30	1.3457170069191566
J68	12	10	72	6	1.5815447996908985
J69	15	13	97	50	1.1293735331183559
J70	16	2	96	21	0.9918904332946628
J71	15	12	56	36	1.2732764291731666
J72	16	11	27	12	1.5366367076725682
J73	15	12	34	1	1.116564260448194
\\ Jobs in machine 8
10
J74	14	3	26	39	0.8971098710199394
J75	16	10	49	49	1.1313234773376204
J76	15	13	105	60	1.2407136706033282
J77	15	14	55	36	1.4736717458208513
J78	17	4	25	30	0.8997077080840093
J79	15	12	28	8	1.3358725663681044
J80	17	3	84	54	1.950808176845017
J81	13	12	14	47	0.887189345330679
J82	12	9	53	28	1.070212928458238
J83	13	1	33	34	0.9289690817378671
\\ Jobs in machine 9
12
J84	14	8	78	6	2.0664090733279616
J85	13	3	78	56	0.7991188983046684
J86	14	1	54	41	1.936620048141775
J87	13	14	93	55	1.8375368635679803
J88	16	10	55	1	1.369231683724621
J89	15	9	33	29	0.8108060706823201
J90	15	3	74	23	1.042023112815066
J91	16	6	2	1	1.7776482550015347
J92	15	2	84	42	0.9886376043181112
J93	15	13	48	52	1.0153460247816606
J94	14	5	100	39	1.1981717785458283
J95	15	10	12	34	1.343352281588662
\\ Jobs in machine 10
12
J96	15	9	59	3	1.0642891465775008
J97	14	5	43	51	1.5518489547936842
J98	14	6	54	16	0.983521637821452
J99	14	8	93	43	1.410979227395027
J100	12	7	27	42	0.21040367100694934
J101	15	11	78	18	1.1085209111944172
J102	14	8	48	14	1.3632420677920192
J103	15	9	77	8	1.773942429498908
J104	14	9	2	18	1.231004409538163
J105	14	11	59	44	1.0792514142932792
J106	14	13	100	27	1.2745338595308582
J107	13	14	30	8	1.6998168609365152
\\ Jobs in machine 11
11
J108	14	7	23	41	1.0368380847926457
J109	18	12	102	12	1.068786413536948
J110	14	8	16	18	1.2591541435023736
J111	14	14	94	12	1.1757536678294676
J112	15	8	2	47	1.0391107672325133
J113	13	8	30	22	1.2655506083767891
J114	15	4	64	29	1.3327477223585737
J115	14	5	4	28	1.7524868711644768
J116	15	12	39	6	0.42176389077694587
J117	14	3	94	2	0.4111734597256024
J118	15	5	62	55	1.6608619157311324
\\ Jobs in machine 12
11
J119	16	2	51	40	1.4685834701047038
J120	15	2	57	2	0.39962925069768607
J121	13	1	82	54	1.0877328960962982
J122	16	1	99	38	1.7267241105756241
J123	15	12	46	32	1.5057532354567016
J124	14	8	68	34	1.9679798260119623
J125	13	8	10	22	1.5848188633191724
J126	15	3	100	3	1.7232660520585867
J127	15	7	99	16	0.3993184931826337
J128	14	7	31	49	1.0807074027403352
J129	14	14	80	41	1.1727551416489592
\\ Dependencies 
509
1	5
1	6
1	7
1	8
2	3
2	4
2	5
2	6
2	8
2	9
2	10
3	4
3	5
3	7
3	8
3	9
3	10
4	5
4	6
4	7
4	8
5	7
5	9
5	10
6	7
6	8
6	9
6	10
7	8
7	9
7	10
8	9
8	10
11	13
11	14
11	15
11	17
11	18
11	19
11	20
11	21
12	15
12	16
12	17
12	18
12	19
12	21
13	15
13	16
13	17
13	18
13	19
13	21
14	15
14	16
14	18
14	19
14	20
14	21
15	18
15	19
15	20
15	21
16	17
16	20
16	21
17	18
17	19
17	20
18	19
18	20
18	21
19	20
19	21
20	21
22	23
22	24
22	25
22	26
22	27
22	29
22	30
22	31
22	32
23	24
23	25
23	26
23	27
23	28
23	29
23	31
23	32
24	25
24	26
24	28
24	30
24	31
25	26
25	27
25	29
25	30
25	31
25	32
26	27
26	29
26	30
26	32
27	28
27	29
27	30
27	31
27	32
28	29
28	30
28	31
29	30
29	31
29	32
30	31
30	32
33	34
33	36
33	37
33	38
33	39
33	41
33	42
33	43
34	35
34	36
34	37
34	38
34	39
34	40
34	41
34	42
34	43
35	36
35	37
35	38
35	39
35	40
35	42
35	43
36	37
36	38
36	39
36	40
36	41
36	42
37	38
37	39
37	40
37	42
38	39
38	40
38	41
38	42
39	40
39	41
39	42
39	43
40	41
40	42
41	43
42	43
44	45
44	46
44	47
44	48
44	49
44	50
44	51
44	52
44	53
45	46
45	47
45	48
45	50
45	51
45	52
45	53
46	48
46	49
46	50
46	51
46	52
47	48
47	49
47	50
47	52
48	50
48	51
48	52
49	50
49	51
49	52
49	53
50	51
50	53
51	52
51	53
52	53
54	55
54	56
54	57
54	58
54	59
54	60
54	61
54	62
54	63
55	56
55	57
55	58
55	59
55	60
55	61
55	62
56	57
56	59
56	60
56	61
56	63
57	59
57	60
57	61
57	62
58	59
58	61
58	62
58	63
59	60
59	62
60	61
60	62
60	63
61	62
62	63
64	65
64	66
64	67
64	68
64	69
64	70
64	71
64	72
64	73
65	67
65	68
65	69
65	70
65	71
65	72
65	73
66	67
66	68
66	69
66	70
66	71
66	72
66	73
67	68
67	69
67	70
67	71
67	72
68	69
68	70
68	71
68	73
69	70
69	71
69	72
69	73
70	71
70	73
71	72
72	73
74	75
74	77
74	78
74	79
74	80
74	81
74	82
74	83
75	76
75	77
75	78
75	79
75	81
75	82
75	83
76	77
76	78
76	80
76	81
76	82
76	83
77	78
77	79
77	80
77	81
77	82
77	83
78	79
78	82
78	83
79	81
79	82
79	83
80	81
80	83
81	82
81	83
82	83
84	85
84	86
84	87
84	88
84	89
84	90
84	91
84	92
84	93
84	94
84	95
85	86
85	87
85	88
85	89
85	91
85	92
85	94
85	95
86	87
86	88
86	89
86	90
86	91
86	92
86	93
86	94
87	88
87	89
87	90
87	91
87	92
87	93
87	94
87	95
88	90
88	91
88	92
88	93
88	94
88	95
89	90
89	91
89	92
89	93
89	94
89	95
90	91
90	92
90	93
91	92
91	94
91	95
92	93
92	94
92	95
93	95
96	97
96	98
96	99
96	100
96	101
96	103
96	104
96	106
96	107
97	98
97	99
97	100
97	101
97	102
97	103
97	104
97	107
98	99
98	101
98	102
98	103
98	104
98	105
98	106
98	107
99	100
99	101
99	102
99	103
99	105
99	107
100	101
100	102
100	103
100	104
100	105
101	102
101	105
101	106
102	103
102	104
102	105
102	106
102	107
103	105
103	106
103	107
104	105
104	106
104	107
105	106
105	107
108	109
108	111
108	112
108	114
108	115
109	110
109	111
109	112
109	113
109	114
109	117
109	118
110	111
110	112
110	114
110	116
110	117
110	118
111	112
111	113
111	115
111	116
111	117
111	118
112	113
112	116
112	117
112	118
113	115
113	116
113	117
113	118
114	115
114	117
114	118
115	117
115	118
116	117
116	118
117	118
119	120
119	121
119	122
119	123
119	124
119	125
119	126
119	127
119	128
119	129
120	123
120	124
120	126
120	127
120	128
120	129
121	122
121	123
121	124
121	127
122	123
122	124
122	125
122	126
122	128
122	129
123	124
123	125
123	126
123	127
123	128
124	125
124	127
124	128
124	129
125	126
125	127
125	129
126	127
126	128
126	129
127	128
128	129
