\\ machines
8
\\ max power
80
\\ Jobs in machine 1
10
J1	15	1	28	21	0.7744032558716916
J2	15	1	85	48	1.2072654490687489
J3	14	6	97	49	1.0503935599524812
J4	16	12	23	60	1.919733693755942
J5	15	10	109	4	1.081531957288764
J6	15	7	19	35	0.9164175398579364
J7	16	3	7	36	1.3118892568614553
J8	14	13	29	49	1.1466646624362224
J9	14	14	34	29	1.3098875112530783
J10	14	14	29	36	0.9049721231735217
\\ Jobs in machine 2
11
J11	14	6	86	20	0.5914346157883437
J12	15	1	29	7	1.6253938412370115
J13	17	14	66	8	0.4177008684095561
J14	13	4	52	49	1.5037883691480145
J15	17	10	34	38	1.0275388326309818
J16	15	10	10	59	0.8943463042571596
J17	16	12	58	29	0.6539592309577751
J18	15	4	109	35	0.7938451225099106
J19	16	14	43	25	1.418277901430774
J20	15	12	107	42	0.5546336344132622
J21	14	14	64	9	1.2455402723397915
\\ Jobs in machine 3
10
J22	14	1	76	21	0.7482662056397578
J23	15	11	53	18	1.3517050888047126
J24	14	2	110	58	1.9970685751853625
J25	14	2	8	31	1.5818443614594606
J26	13	2	9	25	1.250813867431
J27	13	10	15	10	0.8792329000836463
J28	16	14	107	45	1.4231603524579908
J29	12	14	100	38	1.2092908148692842
J30	14	14	15	44	0.21531864598653017
J31	15	9	38	47	1.930333430617519
\\ Jobs in machine 4
12
J32	14	8	2	32	2.1255549591797953
J33	14	3	102	20	1.3922470029830696
J34	14	8	35	52	1.7017288784267255
J35	13	9	74	50	2.5690400616496643
J36	16	7	94	25	1.170662994374069
J37	16	8	97	29	1.3612464508666908
J38	14	12	43	41	0.8612741169230503
J39	15	9	61	25	0.5496180785838561
J40	14	7	43	57	2.202853851434983
J41	14	1	52	32	1.2279226883616012
J42	17	12	99	26	0.36694907871989735
J43	13	2	19	38	1.302873104006941
\\ Jobs in machine 5
9
J44	14	3	37	13	0.8841513126329701
J45	15	11	2	26	1.1325677298936385
J46	16	14	109	56	1.0286283578308204
J47	16	13	39	1	1.0398692028781593
J48	14	10	29	15	0.6361002080773581
J49	15	4	5	38	0.6742292536614563
J50	15	6	105	51	1.1069836572367786
J51	14	6	15	36	1.6664901484013352
J52	15	14	14	45	1.539215426908711
\\ Jobs in machine 6
12
J53	15	5	12	45	1.0742714255678147
J54	14	2	105	55	0.5913930466040517
J55	15	11	107	30	1.2166094455770953
J56	15	5	79	58	1.6916410780511095
J57	16	7	13	41	1.335879386505275
J58	14	4	99	20	1.6095422607328582
J59	14	12	42	37	1.1382491430187922
J60	15	2	88	26	1.4982880174351987
J61	14	13	2	2	1.0566716150393587
J62	16	2	93	44	1.0614399796739473
J63	15	4	92	5	1.384252815751168
J64	15	10	52	46	0.6816831843861788
\\ Jobs in machine 7
11
J65	14	11	104	4	1.0462370823355833
J66	12	8	12	59	1.2063418715671372
J67	13	8	24	36	0.7612992935605432
J68	15	12	103	36	1.077555248129973
J69	14	13	91	18	1.2699492778981523
J70	13	1	65	8	1.3544553838559292
J71	14	4	12	3	1.461671339876514
J72	15	11	37	18	0.7607125566366587
J73	16	11	40	55	2.1003501465493435
J74	15	7	96	27	0.9896465518911597
J75	14	13	43	36	1.1254272438671866
\\ Jobs in machine 8
9
J76	14	3	91	4	1.42860199083775
J77	14	12	102	42	1.3023381589719245
J78	14	10	15	35	1.5383424584767202
J79	15	13	91	18	0.7067266235260801
J80	14	7	82	16	0.6646878999120007
J81	16	14	110	59	1.4561991377504464
J82	15	1	90	43	1.5886714566563689
J83	15	5	48	26	1.4295028056321843
J84	14	2	74	39	1.5419103608669469
\\ Dependencies 
364
1	2
1	3
1	4
1	5
1	6
1	7
1	8
1	9
1	10
2	3
2	4
2	6
2	7
2	8
2	9
2	10
3	4
3	5
3	6
3	7
3	8
3	9
3	10
4	5
4	6
4	7
4	9
4	10
5	6
5	7
5	8
6	7
6	8
6	9
6	10
7	8
7	9
7	10
8	9
8	10
9	10
11	12
11	13
11	14
11	15
11	16
11	17
11	18
11	19
11	20
12	13
12	14
12	15
12	16
12	17
12	18
12	20
13	14
13	15
13	16
13	17
13	18
13	20
13	21
14	15
14	16
14	17
14	18
14	19
14	20
14	21
15	16
15	17
15	18
15	19
15	20
15	21
16	17
16	18
16	19
16	20
16	21
17	20
17	21
18	19
18	20
18	21
19	20
19	21
20	21
22	23
22	24
22	25
22	26
22	27
22	28
22	29
22	30
22	31
23	24
23	25
23	28
23	29
23	31
24	25
24	26
24	27
24	28
24	29
24	30
24	31
25	27
25	28
25	29
25	30
25	31
26	27
26	28
26	31
27	28
27	29
27	30
27	31
28	29
28	30
28	31
29	30
29	31
30	31
32	33
32	34
32	35
32	36
32	37
32	38
32	39
32	40
32	41
32	42
32	43
33	34
33	35
33	36
33	37
33	38
33	39
33	40
33	41
33	42
33	43
34	35
34	36
34	37
34	38
34	39
34	40
34	41
34	42
34	43
35	36
35	37
35	38
35	39
35	40
35	41
35	42
35	43
36	37
36	38
36	39
36	40
36	41
36	42
36	43
37	38
37	39
37	40
37	41
37	42
37	43
38	39
38	41
38	42
38	43
39	41
39	43
40	41
40	42
40	43
41	42
41	43
42	43
44	46
44	47
44	48
44	49
44	50
44	51
44	52
45	46
45	48
45	49
45	51
45	52
46	47
46	48
46	49
46	50
46	51
46	52
47	48
47	49
47	50
47	51
47	52
48	49
48	50
48	51
48	52
49	50
49	51
49	52
50	51
50	52
51	52
53	54
53	55
53	56
53	57
53	58
53	59
53	60
53	61
53	62
53	63
53	64
54	55
54	56
54	57
54	58
54	59
54	61
54	62
54	63
55	56
55	57
55	58
55	59
55	60
55	61
55	62
55	63
56	57
56	58
56	59
56	60
56	61
56	62
56	63
56	64
57	58
57	59
57	60
57	61
57	63
58	59
58	60
58	62
58	63
58	64
59	60
59	61
59	62
59	63
59	64
60	61
60	63
60	64
61	62
61	63
61	64
62	63
62	64
63	64
65	66
65	67
65	68
65	69
65	70
65	71
65	72
65	73
65	74
65	75
66	67
66	68
66	69
66	70
66	71
66	72
66	73
66	74
66	75
67	69
67	70
67	71
67	72
67	73
67	74
67	75
68	69
68	70
68	71
68	72
68	74
68	75
69	70
69	71
69	72
69	74
69	75
70	71
70	73
70	74
71	74
71	75
72	73
72	74
72	75
73	74
73	75
74	75
76	77
76	78
76	79
76	80
76	81
76	83
77	78
77	79
77	80
77	81
77	82
77	83
78	79
78	80
78	81
78	82
78	83
78	84
79	80
79	81
79	82
79	83
79	84
80	81
80	82
80	83
80	84
81	82
81	84
82	83
82	84
83	84
