\\ machines
12
\\ max power
120
\\ Jobs in machine 1
11
J1	16	7	26	5	1.3437279687026837
J2	16	10	14	30	0.5047366885044269
J3	14	4	30	2	1.760192289940942
J4	15	2	60	28	0.2154408045015861
J5	12	9	57	4	1.9808698666028035
J6	16	10	87	16	0.5055248880448631
J7	14	2	61	2	0.5605511630885642
J8	14	11	108	16	2.325616938213763
J9	14	5	43	8	1.7300700626478536
J10	15	8	77	29	1.6950376644027634
J11	14	7	101	12	1.4734650558402884
\\ Jobs in machine 2
12
J12	14	3	2	9	1.0152061935541878
J13	14	14	53	22	1.6605470568944019
J14	14	10	15	9	1.8047770640926033
J15	14	9	64	21	1.4389329701686067
J16	15	8	7	8	1.4718248078466785
J17	15	2	87	9	1.4212502211658493
J18	14	2	105	27	0.32406778889237464
J19	14	5	49	25	0.8568002046350712
J20	15	1	67	23	1.1181598937716188
J21	13	3	72	10	1.4388056623299663
J22	15	1	102	17	1.0374116031091885
J23	14	9	32	30	1.7491917796340624
\\ Jobs in machine 3
11
J24	14	1	85	14	1.6790135804693853
J25	16	1	102	30	1.361949594578336
J26	14	2	17	19	1.2868227972694073
J27	14	14	34	22	1.9623099811665332
J28	16	4	102	30	1.434834700811808
J29	15	7	90	13	1.2242535161703847
J30	15	13	100	24	0.7029502300050208
J31	15	5	26	17	0.7533655667701492
J32	14	11	46	4	0.5977358602917078
J33	14	8	50	16	0.7398592273660618
J34	14	3	106	24	1.567663562679026
\\ Jobs in machine 4
12
J35	14	6	96	6	2.0733937432529905
J36	13	12	86	11	1.7737044201548056
J37	15	3	106	5	1.7309919853423956
J38	14	1	40	21	1.051195872773167
J39	14	9	7	12	0.29399592061518764
J40	13	8	35	10	1.126805514248485
J41	14	3	6	30	1.5138267698621168
J42	15	4	29	21	1.1595091892477358
J43	14	13	59	4	1.714548357524952
J44	14	8	110	5	0.51843049234792
J45	15	7	38	19	1.6048373869979173
J46	13	3	58	29	1.0578562629452883
\\ Jobs in machine 5
10
J47	15	1	28	11	1.073046477645279
J48	14	9	2	16	1.6945617904664372
J49	14	8	57	1	1.4125564707930296
J50	16	10	81	4	0.4237752428991075
J51	14	13	57	2	0.781000988568636
J52	15	12	19	9	1.8770250155581483
J53	14	1	95	16	1.6363689514261943
J54	14	6	32	26	1.5026606304408703
J55	16	10	8	28	1.163361959168566
J56	14	13	17	23	1.5024471322835584
\\ Jobs in machine 6
10
J57	15	10	91	2	1.2839060159723092
J58	15	2	106	17	1.1403402520784218
J59	14	10	65	27	0.7935621331239798
J60	14	14	108	12	1.5817577677291532
J61	14	1	68	4	1.3530419374106954
J62	15	1	38	17	1.5047696608989698
J63	14	14	38	25	1.3633261379500174
J64	14	3	50	11	0.859380691354376
J65	13	5	73	14	1.2910674860250597
J66	14	13	69	9	0.7664636531321056
\\ Jobs in machine 7
11
J67	13	2	7	18	1.6542066856336715
J68	13	11	92	11	1.3361629818702763
J69	14	8	72	21	1.828465862422798
J70	14	13	64	30	1.5935005825284347
J71	15	13	95	13	1.2568967008092962
J72	15	14	35	8	0.8444874388291246
J73	15	14	110	18	0.5431113309901788
J74	14	5	54	13	1.7084455025468372
J75	14	1	49	7	2.19398524707772
J76	14	8	97	12	1.3904190294539274
J77	15	13	63	30	1.4407460513831527
\\ Jobs in machine 8
11
J78	13	1	65	27	1.3076123491470237
J79	15	9	73	3	0.28358608364334403
J80	16	9	102	8	1.3976861541925683
J81	13	8	59	30	1.1682093703212963
J82	15	14	60	15	1.1624212843269681
J83	14	13	45	3	1.987082624600891
J84	14	11	69	21	1.700460790326765
J85	15	10	91	5	0.9991086524104148
J86	15	11	76	1	1.345675802551234
J87	15	5	98	26	1.1266488187866077
J88	15	4	30	14	1.407688604743502
\\ Jobs in machine 9
12
J89	16	9	4	8	1.1880684720707813
J90	14	4	38	13	1.3129209192444586
J91	13	13	81	15	1.6004742875524478
J92	14	11	51	11	1.6222572103474273
J93	15	14	17	13	0.7296011128253799
J94	14	2	36	17	0.8999445029163426
J95	13	1	68	7	1.8011125908651637
J96	14	1	54	13	0.860332445031486
J97	16	13	70	20	1.1290184363312956
J98	16	11	27	27	1.3588499203009416
J99	14	4	12	19	1.6704509752504926
J100	13	3	17	14	0.22221639946830274
\\ Jobs in machine 10
11
J101	15	3	101	17	1.1728417591271099
J102	14	2	29	3	0.8517646335275196
J103	16	13	56	22	0.8388345805936117
J104	14	2	14	12	0.6587539574502819
J105	15	10	14	21	1.3850383032152116
J106	14	1	86	4	0.5674250487933362
J107	13	1	85	9	1.4157747466814654
J108	15	14	60	11	1.267770369214267
J109	14	8	96	26	0.3261182048390803
J110	16	3	12	21	0.8226057446466212
J111	14	13	34	5	0.2494086641532155
\\ Jobs in machine 11
10
J112	14	3	49	6	2.537778684523081
J113	14	4	25	12	1.6387713465029201
J114	14	6	78	20	1.5983539939503804
J115	15	8	33	13	1.2164396206624395
J116	15	2	16	17	1.2351601110689747
J117	15	13	67	1	1.3624547541179053
J118	14	3	41	27	2.0221188767342237
J119	14	7	27	30	0.8382898466482336
J120	15	3	24	15	1.495876268817427
J121	14	1	45	27	1.2063156732568567
\\ Jobs in machine 12
11
J122	16	1	99	19	1.8139059677480813
J123	15	12	58	28	0.8263924849849792
J124	16	8	108	28	1.1226577459532705
J125	15	3	67	15	0.9443685427750868
J126	16	1	40	20	1.7617234081359812
J127	14	5	71	6	1.331690440922298
J128	13	14	79	8	1.1734556298175203
J129	16	10	28	9	1.4484671594260832
J130	13	6	102	11	1.410728719829068
J131	14	14	107	22	1.3866275339934089
J132	14	14	81	6	0.38932879982168156
\\ Dependencies 
64
3	4
5	7
13	17
13	19
13	23
15	16
16	19
17	18
17	23
18	20
18	21
24	31
24	34
25	34
27	29
30	33
31	34
35	37
35	43
36	39
36	46
37	42
38	43
39	43
42	45
50	53
52	55
55	56
57	62
58	60
58	64
61	64
68	71
69	73
70	73
72	73
73	74
79	87
81	82
82	85
83	87
85	87
89	96
91	93
93	96
93	99
96	99
101	107
102	103
102	106
102	109
102	111
103	108
105	111
107	109
109	110
112	118
115	116
119	121
122	123
122	128
124	132
128	130
128	131
