\\ machines
10
\\ max power
100
\\ Jobs in machine 1
11
J1	13	8	73	14	1.6702725936214504
J2	15	10	69	4	0.9408656001271138
J3	14	11	106	7	1.0752350379631233
J4	16	11	89	3	1.7131847358577215
J5	14	10	107	18	1.2813669811233905
J6	15	1	26	4	1.6031067808552057
J7	16	12	41	21	1.4176967034572114
J8	15	9	46	1	1.5378806930329811
J9	15	6	34	3	0.8356446269867102
J10	15	9	55	10	2.113157392292785
J11	14	5	103	7	1.0511003409847717
\\ Jobs in machine 2
12
J12	12	1	2	1	1.0484082673721398
J13	15	8	14	11	0.9944718959201275
J14	14	2	30	19	1.3783810321437846
J15	15	13	58	16	1.093214843958643
J16	14	4	2	20	0.8761368817968682
J17	16	6	72	1	1.1212776468646135
J18	13	5	48	17	0.6622720735492974
J19	16	13	63	17	1.7822289875334199
J20	15	1	28	10	0.6589902019443751
J21	13	5	34	8	0.33508050735402506
J22	15	10	62	3	1.1164329155644694
J23	13	1	69	22	1.37417029474426
\\ Jobs in machine 3
12
J24	14	11	59	2	1.853216336153569
J25	13	1	82	11	1.9876523749590969
J26	15	7	16	1	0.7767433036410567
J27	16	9	67	18	0.7990738428478654
J28	15	6	58	14	0.3629405611359747
J29	16	13	81	24	1.6709626382896092
J30	15	12	65	4	0.9665083644020598
J31	14	10	57	22	0.9945337379372925
J32	14	6	33	25	1.2541286543500982
J33	14	1	74	1	1.8706130855919696
J34	15	1	25	23	1.2035117902645578
J35	15	9	76	20	1.1795205832394282
\\ Jobs in machine 4
10
J36	13	9	89	19	1.4999220685185888
J37	15	11	4	8	0.9665391456959131
J38	15	1	85	8	1.3592211884835268
J39	16	9	21	18	0.7468551618382129
J40	14	7	35	9	1.301625040910033
J41	15	8	109	9	0.1
J42	14	9	96	12	1.6330195631379105
J43	13	14	98	17	0.6255440359152853
J44	14	2	34	11	0.44529726456127605
J45	15	7	73	17	0.5343609451869231
\\ Jobs in machine 5
9
J46	12	7	77	25	0.4906696034596695
J47	15	9	72	11	0.7887063577784896
J48	13	12	41	6	1.462592222390981
J49	15	6	47	9	1.9056565045149387
J50	15	4	78	16	0.6127249922024699
J51	15	4	60	25	1.2740107329773696
J52	14	13	30	8	0.8564081232766481
J53	14	9	54	2	1.9900420339929488
J54	15	12	43	16	1.4233251715727395
\\ Jobs in machine 6
11
J55	14	11	95	20	0.8263822564003582
J56	14	8	26	6	0.8020736647994675
J57	14	13	91	12	1.4013324746319444
J58	14	10	96	25	0.926409306270281
J59	14	9	44	13	1.5731299890939867
J60	13	2	12	23	0.9262885312821096
J61	14	5	95	24	1.8607564409326467
J62	13	8	8	16	0.8723232046795291
J63	14	3	60	21	2.1802744705795094
J64	15	11	52	13	0.581886805844713
J65	15	4	32	10	1.2215648618999013
\\ Jobs in machine 7
12
J66	16	3	62	2	1.0513493321252627
J67	15	9	85	19	1.3479926653648648
J68	13	6	44	7	0.9699258802199722
J69	18	3	27	8	1.0023258538622342
J70	14	13	97	10	0.8800215946189854
J71	15	11	76	25	2.0219630859480233
J72	14	14	38	13	1.3519562811223185
J73	14	6	98	3	2.044161416880051
J74	14	1	106	7	1.3162728393382572
J75	13	6	21	13	0.9549144663645821
J76	14	11	40	17	1.057788049107459
J77	16	11	92	23	0.8280623474623294
\\ Jobs in machine 8
12
J78	15	5	108	19	1.6885448158861505
J79	13	2	91	18	1.0173035633785334
J80	14	11	33	20	0.3702715846399396
J81	13	7	76	4	1.3395184437761407
J82	14	7	80	18	1.4082970860510857
J83	14	7	87	11	2.1218837258075838
J84	14	7	57	7	1.5712227310032272
J85	14	14	13	4	1.362768136549477
J86	15	1	61	10	0.9344032441470356
J87	15	14	3	3	2.447410784009162
J88	15	13	63	17	1.0528012002381717
J89	14	11	60	14	0.9395001372289902
\\ Jobs in machine 9
11
J90	15	5	100	19	1.1693747392834997
J91	13	5	91	21	0.7178672976211262
J92	15	13	78	17	0.7270434540676862
J93	15	10	90	12	0.8223916878859987
J94	15	8	65	1	1.2874185210661555
J95	14	1	54	11	1.8684477436019433
J96	15	6	72	2	1.016139125438313
J97	16	5	39	25	1.2725279538020386
J98	14	3	76	19	0.5310597408559721
J99	14	1	106	12	0.9374735646578638
J100	15	6	27	3	1.484429994554632
\\ Jobs in machine 10
11
J101	14	5	92	23	1.602564228443597
J102	14	4	7	17	1.2848121278079567
J103	13	11	93	13	0.1
J104	12	4	99	7	1.526599712900483
J105	17	8	47	5	1.2165552847560412
J106	14	11	99	21	1.77528341463437
J107	16	1	66	17	2.203005966463369
J108	14	14	32	25	1.7980168670031524
J109	15	4	40	9	0.27271868559760604
J110	15	3	109	2	1.6102024144949911
J111	13	14	104	8	1.1584908448884905
\\ Dependencies 
161
1	3
1	10
2	6
2	8
2	9
3	5
3	6
3	8
3	9
3	10
5	7
6	10
6	11
7	9
7	11
9	10
12	18
12	20
12	22
13	16
13	17
13	23
14	16
14	17
14	20
14	23
15	19
15	21
15	22
16	18
16	19
16	22
17	18
17	20
17	22
18	19
19	20
19	22
20	22
22	23
24	25
24	28
24	30
24	31
24	34
25	26
25	30
25	31
25	34
25	35
26	27
26	28
26	32
26	35
27	29
27	35
28	29
29	30
29	33
30	32
31	34
31	35
32	34
33	34
34	35
36	38
36	40
36	45
37	39
37	40
37	41
37	42
37	44
37	45
38	39
38	43
38	45
39	43
39	44
42	43
46	47
46	48
46	49
47	52
47	53
48	51
48	54
50	51
52	53
55	58
55	60
55	61
56	63
56	64
57	62
59	62
60	61
60	63
60	65
61	65
62	64
62	65
63	65
66	69
66	70
66	76
67	77
68	71
68	75
68	76
69	72
69	74
69	75
69	77
70	71
70	75
70	77
73	74
74	76
75	77
78	84
78	87
79	80
79	82
80	82
81	82
81	85
81	87
82	88
84	88
88	89
90	93
90	99
90	100
91	97
91	100
92	98
92	100
93	97
94	95
94	96
95	96
95	97
95	98
101	107
101	108
101	109
101	110
102	103
103	106
103	107
103	108
103	109
104	107
104	108
105	108
105	110
106	108
107	109
107	111
108	109
