\\ machines
12
\\ max power
120
\\ Jobs in machine 1
11
J1	14	14	22	73	1.4226694492696825
J2	15	5	76	43	1.7727350460170026
J3	14	8	109	13	2.450454565902189
J4	14	7	15	90	0.5269747884546443
J5	15	10	84	35	0.8820079206137125
J6	12	8	6	19	0.35964732201857486
J7	14	1	60	17	1.6808061224331838
J8	14	7	10	53	1.8116733397033875
J9	16	8	108	47	1.267708695202615
J10	15	11	105	54	1.297213260511365
J11	16	2	99	1	0.9543383856585304
\\ Jobs in machine 2
10
J12	14	5	22	37	0.2021971320481789
J13	13	12	91	44	0.9817799198721783
J14	15	6	14	32	1.326383178061576
J15	15	2	3	88	1.5921362526416345
J16	15	13	36	69	1.3383619490280072
J17	15	12	106	51	0.9316925571248131
J18	14	10	81	62	2.2953825645090866
J19	14	9	72	66	0.6122564653139784
J20	15	6	45	23	0.6685878062346917
J21	16	13	9	34	1.8898947538409303
\\ Jobs in machine 3
11
J22	14	12	4	63	0.9004287290307984
J23	14	10	38	4	0.8172026714417533
J24	14	11	3	5	1.0575659241837694
J25	16	10	39	56	0.9809618325892592
J26	12	14	109	6	0.7638988353038061
J27	14	5	2	1	0.1
J28	15	3	37	66	0.11584639780955319
J29	15	13	88	67	1.3006368176090959
J30	15	6	110	40	1.8957198543605154
J31	15	6	105	17	1.2355749840837054
J32	15	6	76	7	1.355019637224104
\\ Jobs in machine 4
13
J33	14	12	31	47	1.2791397475008348
J34	17	12	107	78	0.601965249295994
J35	15	1	101	52	0.4226400462254081
J36	15	9	84	49	1.4754524196037595
J37	14	10	23	17	1.663136250717046
J38	14	3	67	33	1.3756267413307766
J39	15	13	33	25	0.5992951615518253
J40	14	5	73	77	1.370403891005367
J41	14	2	2	21	0.6614371620589274
J42	15	2	50	85	2.133911197881755
J43	13	13	91	3	0.6648948430025478
J44	14	10	93	57	1.0473068253447915
J45	15	5	102	33	1.649758348266946
\\ Jobs in machine 5
11
J46	13	10	76	90	1.7987488264892058
J47	15	1	85	87	1.202073445020764
J48	16	2	79	33	1.3992354182813946
J49	15	7	4	86	2.132661303845288
J50	14	8	105	13	1.5068372180372291
J51	16	12	71	46	1.0375021712285573
J52	13	2	38	63	1.8287818042989863
J53	15	5	17	13	1.6626894238977634
J54	16	3	89	69	0.5784706911966846
J55	15	8	28	41	1.1499752238820022
J56	15	5	79	33	0.6176709190992719
\\ Jobs in machine 6
11
J57	14	8	12	66	1.4367697656132496
J58	14	3	106	66	1.373302844424514
J59	15	3	85	52	1.700819095961804
J60	15	9	110	24	1.071986642919118
J61	15	9	19	21	0.7322320443933281
J62	13	7	81	29	0.9357539564027404
J63	14	7	84	85	1.3239337393355703
J64	14	4	32	19	1.4548477257200727
J65	15	13	42	49	0.8996245778536178
J66	14	12	82	86	1.0476065535585564
J67	16	2	103	79	1.3370771298827393
\\ Jobs in machine 7
9
J68	16	10	14	68	1.4656113016654775
J69	13	6	18	81	1.8573472591241316
J70	15	8	84	58	1.2829901549583906
J71	14	7	18	25	1.8517085898651624
J72	13	13	59	61	0.6063290121097578
J73	15	3	92	12	1.2470799709840095
J74	14	10	106	31	1.2678017422355088
J75	14	13	84	12	0.8432837565409642
J76	16	9	23	56	0.7865119128321667
\\ Jobs in machine 8
10
J77	16	4	4	55	2.4706066682168175
J78	14	5	87	28	1.6817544980822006
J79	14	8	92	48	0.8785479324080809
J80	14	10	36	65	2.010437296082965
J81	16	1	49	71	0.5481477382801785
J82	15	8	108	42	0.9928835527418173
J83	15	4	5	77	1.2141053545324043
J84	15	11	20	42	1.2058308520213308
J85	15	11	56	73	1.5683236335092652
J86	14	1	59	73	1.1359570808767026
\\ Jobs in machine 9
9
J87	14	13	79	57	1.3280718866335137
J88	15	11	30	8	0.3812449868447034
J89	15	11	80	14	0.9672072233714692
J90	14	5	72	7	1.679029796279285
J91	15	10	33	63	1.2113784562436551
J92	14	4	4	82	2.0423186714942996
J93	14	3	33	31	0.5099259038139182
J94	14	1	70	60	1.5183815515801709
J95	14	13	12	65	0.9481646170968103
\\ Jobs in machine 10
10
J96	12	13	10	50	1.1281863040341977
J97	14	2	75	70	1.6515913610090225
J98	15	5	72	2	1.6639327278290676
J99	15	11	49	6	0.5816665465068611
J100	15	10	57	43	0.8145534553209643
J101	15	4	5	1	1.9138623143927247
J102	14	6	96	80	1.154522147797887
J103	15	7	97	7	1.6750176155187835
J104	14	4	36	40	1.208611463853868
J105	14	5	60	16	1.170402189291272
\\ Jobs in machine 11
12
J106	15	3	40	19	1.3955938742294034
J107	14	7	5	32	1.2195870887334024
J108	15	3	57	18	1.1297845094479102
J109	12	4	72	14	1.3616007675389525
J110	16	5	110	10	1.0417553708478824
J111	16	11	96	43	1.027426658131342
J112	14	9	30	4	0.25703015374262683
J113	13	7	8	56	0.47661922133443313
J114	15	3	45	4	1.0116232871304607
J115	13	8	47	63	1.0597001970379303
J116	16	12	80	4	1.917491811331877
J117	13	12	37	37	1.4727829551588096
\\ Jobs in machine 12
11
J118	13	6	38	83	1.3085145489770087
J119	14	6	15	3	0.7478345536569198
J120	14	1	64	65	0.7301514514219469
J121	14	1	10	29	1.297262274832956
J122	15	5	84	11	1.2405216674069242
J123	17	6	27	10	1.033383014241214
J124	13	8	65	60	0.9361988501628224
J125	15	2	84	76	2.028283621262176
J126	15	9	33	73	0.9856306098765084
J127	16	7	70	56	1.6988731454988553
J128	14	14	95	4	0.19657739102150606
\\ Dependencies 
67
3	7
4	11
5	8
6	8
8	10
12	21
14	21
15	18
15	20
17	19
19	20
22	31
23	25
23	28
23	30
23	31
24	26
25	30
26	30
31	32
34	37
34	43
35	43
36	42
38	40
39	42
46	49
47	55
51	56
57	59
57	66
57	67
58	63
58	66
59	65
59	66
61	65
63	66
65	66
69	73
69	76
70	72
72	73
77	78
79	82
81	86
87	89
88	91
88	94
90	95
93	94
98	104
99	101
100	103
101	102
101	103
106	107
106	112
107	111
112	114
113	115
119	120
119	125
121	126
122	126
124	127
126	127
