\\ machines
15
\\ max power
150
\\ Jobs in machine 1
12
J1	16	7	38	98	2.5288018702461796
J2	14	2	42	57	1.9382609724102777
J3	17	11	43	109	1.5190993060117979
J4	15	5	77	77	1.3063092806205296
J5	14	2	29	17	0.4089536429246462
J6	14	8	2	74	1.1557709924141097
J7	14	7	100	59	1.026770307013252
J8	14	6	50	33	0.665671595638968
J9	14	6	70	107	1.2786783594038862
J10	14	9	43	58	1.0226159074304404
J11	14	9	97	44	1.9705902072869053
J12	13	11	41	87	1.3515914614900508
\\ Jobs in machine 2
11
J13	13	1	8	1	1.7088386981041284
J14	14	12	66	30	1.5812722211035113
J15	14	10	71	80	0.2476021493125119
J16	15	14	9	87	0.3325343608210256
J17	14	10	7	53	1.7194695576458714
J18	17	7	34	37	1.3704625438053006
J19	14	6	59	95	0.632243377401174
J20	14	1	38	34	0.9219097358462659
J21	15	4	109	81	1.3507511383136928
J22	12	5	108	34	1.4517257101275987
J23	16	4	50	31	0.7723095163486642
\\ Jobs in machine 3
11
J24	16	6	69	73	0.5363115115188073
J25	14	6	88	41	0.552964930418134
J26	14	7	67	74	1.3314566860187238
J27	14	10	59	38	0.8859537647296939
J28	15	13	104	88	1.103936353115076
J29	15	7	99	105	1.2083874936500847
J30	14	7	46	19	1.848965585823282
J31	15	11	67	43	1.2851109054615897
J32	15	12	42	19	1.247521236357762
J33	14	10	93	35	2.057044571343943
J34	14	2	7	72	2.0460456003658
\\ Jobs in machine 4
12
J35	14	6	7	4	0.8736738888258102
J36	15	1	102	48	2.0129377981735637
J37	13	11	52	23	1.2264580613014997
J38	14	7	56	17	1.7600666143143968
J39	18	6	63	62	1.469908367800489
J40	13	3	9	38	1.7283950073933165
J41	15	8	79	93	0.20901053546027115
J42	15	12	93	74	0.3271439445321911
J43	15	3	101	104	1.085702183473299
J44	14	6	2	6	1.509351832973327
J45	15	5	3	39	1.171838704352331
J46	13	2	35	18	1.3049153379280047
\\ Jobs in machine 5
11
J47	13	1	37	53	0.8103086700969889
J48	15	1	76	112	1.6220216146099584
J49	16	14	109	26	0.902827126350173
J50	14	9	5	47	1.23463152779977
J51	14	5	81	22	1.5622948532834662
J52	14	7	37	95	0.168869686826854
J53	15	1	92	74	0.3127911731312064
J54	15	8	45	99	2.2056252631790842
J55	13	6	3	87	1.4132354548449426
J56	14	10	68	2	0.957174955283012
J57	13	4	81	55	0.6515095722882749
\\ Jobs in machine 6
12
J58	14	1	41	52	1.837468050828178
J59	16	2	101	89	1.5532121317240506
J60	14	9	74	60	1.210174051175635
J61	15	1	105	104	1.4378384605275891
J62	13	12	48	106	1.8412806603502898
J63	15	12	77	45	1.5122868621889776
J64	15	2	74	99	1.064695510777286
J65	14	5	86	1	1.4803411970302518
J66	14	3	86	100	1.4007727575993367
J67	15	12	103	66	1.4940270108819065
J68	13	7	66	70	0.8297359394830188
J69	14	5	38	37	1.0955754464915397
\\ Jobs in machine 7
12
J70	14	1	88	1	2.099925895224218
J71	16	7	103	55	1.1769492211864543
J72	14	8	46	33	1.7984647822840492
J73	15	12	49	40	1.2951167970131476
J74	13	10	78	39	1.491387064986478
J75	15	5	21	7	0.8205398895655855
J76	15	6	12	105	0.2187772827303135
J77	15	2	4	29	0.6995145226675537
J78	13	1	77	78	1.7266680268548638
J79	17	14	39	45	0.541116061862282
J80	13	11	10	21	1.1725655407104183
J81	17	10	49	12	1.3165673008890573
\\ Jobs in machine 8
10
J82	13	4	73	68	1.3037680727046568
J83	13	2	42	14	0.26464740118494634
J84	15	13	63	79	1.19216309937285
J85	14	4	91	19	1.5163315490322038
J86	14	14	21	55	0.14621549866474326
J87	13	4	68	19	2.025324871564967
J88	14	2	5	9	1.5669144854664316
J89	16	4	5	77	0.8867296746756521
J90	15	6	71	100	1.3306032218944273
J91	13	13	52	37	0.953942213835497
\\ Jobs in machine 9
12
J92	13	5	78	19	0.5574836328860091
J93	14	4	44	55	1.590100822995147
J94	15	12	60	105	2.072206088411581
J95	15	9	78	84	0.1
J96	14	9	98	10	1.356542057188982
J97	14	12	74	6	1.4878579550942839
J98	15	14	64	3	1.5597372096668012
J99	15	7	18	93	0.979920130558801
J100	15	2	2	76	0.9886821163832162
J101	14	8	97	106	1.1079010880815128
J102	16	9	74	20	0.6975869243810127
J103	14	12	27	113	1.9181873147823505
\\ Jobs in machine 10
11
J104	15	13	5	11	2.3710156803776723
J105	14	1	15	27	1.7612847575121542
J106	15	13	49	47	1.1941251037341865
J107	14	2	2	28	0.7894345087418273
J108	16	5	107	51	1.4596063591450659
J109	15	13	25	66	1.1401177048524669
J110	14	11	5	63	1.7217367751917863
J111	15	14	13	60	1.6742339587745498
J112	14	7	89	1	1.0829248599293195
J113	14	1	79	64	0.8037266020272696
J114	15	5	84	54	0.1949540862025645
\\ Jobs in machine 11
12
J115	14	5	69	100	0.5778144877406617
J116	15	14	56	54	1.920732821325023
J117	15	10	75	53	1.6076529542446583
J118	14	3	42	99	1.3386333741390672
J119	15	7	65	77	1.7043098029683383
J120	15	1	16	13	1.1810961855484783
J121	15	3	108	17	1.3840706127240257
J122	14	11	25	25	1.5405186947061753
J123	15	9	31	47	1.5950707929130377
J124	15	6	24	75	1.5816930031173768
J125	15	12	43	5	1.4450481480498505
J126	15	5	29	106	1.7432043963363677
\\ Jobs in machine 12
9
J127	15	9	96	86	1.0742513512006813
J128	13	12	110	64	1.0983944603806297
J129	15	1	3	12	0.9400782546101896
J130	16	8	74	50	1.1591007964525275
J131	14	7	91	53	1.672290514305777
J132	13	10	62	82	0.8452075140731181
J133	19	2	35	95	1.3300657781304877
J134	15	12	19	90	0.9414319501096449
J135	12	12	27	16	0.893659094105244
\\ Jobs in machine 13
10
J136	15	7	83	18	1.98021951387795
J137	13	14	106	11	0.396136544234334
J138	15	10	91	94	1.8151159211577887
J139	16	4	28	41	1.041822057559916
J140	14	14	65	100	1.326504808952352
J141	14	12	14	87	1.1358687545996307
J142	15	12	15	64	1.5826075822310073
J143	14	9	87	112	0.6256273294703022
J144	16	9	49	34	1.6875904397463073
J145	15	3	58	3	1.2443874381801792
\\ Jobs in machine 14
12
J146	14	4	103	35	2.0145698381806403
J147	14	2	33	22	0.7201555567564468
J148	13	2	106	76	2.3521392717750187
J149	13	7	26	74	1.2066965931860847
J150	13	9	33	58	0.5353375843253703
J151	15	6	9	3	2.3866494966874923
J152	14	5	89	6	1.0022394635305485
J153	15	3	18	92	1.0963493995021076
J154	14	14	17	20	1.0376135410220866
J155	15	2	12	13	0.8866569460274214
J156	14	10	68	11	0.9961256286173003
J157	16	2	32	98	1.8542477668783661
\\ Jobs in machine 15
11
J158	15	9	15	85	1.2918689816884315
J159	15	1	81	40	1.330161733574942
J160	15	4	62	34	0.8906752334265391
J161	15	1	91	56	0.1
J162	14	7	107	1	0.4102386790967574
J163	15	5	64	37	1.5594791664323402
J164	14	13	29	4	0.5690548129397105
J165	12	6	92	71	1.1325005796958802
J166	15	14	41	33	1.9276087292868689
J167	15	13	13	73	1.3473925955611838
J168	15	8	82	20	0.38627476558518314
\\ Dependencies 
261
1	3
1	5
1	6
1	7
1	8
1	9
1	10
1	12
2	6
2	9
2	10
3	4
3	9
3	11
3	12
4	6
4	8
4	11
5	8
5	9
5	12
6	10
7	8
8	11
8	12
10	11
10	12
13	17
13	18
13	20
13	21
13	23
14	20
14	23
15	16
15	17
15	18
15	20
16	17
16	19
17	18
17	20
17	22
18	19
20	23
21	23
24	29
24	30
24	32
25	26
25	29
26	30
26	32
26	34
27	28
27	30
27	31
27	32
28	30
29	30
29	32
30	34
31	33
32	34
35	41
35	42
35	46
36	37
36	39
36	45
37	41
38	39
38	41
38	43
38	44
39	40
39	42
39	44
41	45
41	46
42	46
47	49
47	53
47	54
48	52
48	53
49	53
50	53
50	54
51	53
51	56
51	57
52	56
52	57
53	54
58	62
58	68
59	61
59	62
59	64
59	65
59	66
63	66
63	69
64	68
65	67
67	68
70	71
70	78
70	80
71	75
71	76
71	79
72	74
72	77
72	80
73	75
73	76
73	79
73	80
74	76
74	79
75	76
75	77
75	78
76	80
77	79
77	81
78	80
79	80
80	81
83	87
84	88
84	89
85	89
86	88
87	88
87	90
87	91
88	90
92	99
92	100
92	101
92	102
93	94
93	97
94	95
94	98
94	101
94	102
95	99
95	100
95	101
96	99
97	99
98	102
98	103
99	100
100	101
100	102
101	103
104	105
104	108
104	112
105	106
105	114
106	110
108	114
109	110
109	112
109	113
109	114
110	111
110	113
112	113
112	114
115	116
115	121
116	120
116	123
117	121
117	123
117	124
119	120
119	121
119	124
120	121
121	123
122	125
123	124
124	125
124	126
125	126
127	129
127	130
127	133
128	131
128	135
129	130
130	132
131	132
133	134
136	142
136	143
137	140
137	142
137	143
138	139
138	141
138	143
138	144
139	140
139	141
139	142
139	143
140	141
141	142
141	143
141	145
146	147
146	153
146	154
147	148
147	149
147	153
147	155
147	157
148	149
148	151
148	152
148	155
148	157
149	150
149	154
150	151
150	152
150	155
151	156
152	153
152	155
153	156
153	157
154	156
158	161
158	162
158	163
158	164
158	165
159	161
159	168
160	162
160	164
161	162
161	163
162	166
162	167
163	164
163	165
163	167
164	165
167	168
