\\ machines
8
\\ max power
80
\\ Jobs in machine 1
11
J1	16	7	4	9	1.5696990167172402
J2	16	13	74	8	1.5922211565588136
J3	13	5	65	11	1.1960802109779503
J4	13	9	97	1	1.3750843859803907
J5	16	2	18	5	1.1364138021627919
J6	14	9	9	1	1.4629487951696571
J7	12	4	2	13	1.54685394395579
J8	16	8	7	19	1.1529992885183256
J9	14	3	92	15	0.6145712851958531
J10	14	12	19	18	1.4207885803211615
J11	15	11	97	11	1.828317098346483
\\ Jobs in machine 2
12
J12	15	10	71	4	1.9975831535758468
J13	14	1	33	7	1.5070685407111333
J14	15	14	33	3	1.3358086542222536
J15	13	1	16	5	1.017306875532569
J16	14	5	85	15	1.2876259434494204
J17	13	11	40	17	0.6738069850386231
J18	13	12	67	17	0.4604686502171037
J19	13	4	92	5	0.7483241511356273
J20	13	10	84	13	0.9359875007891902
J21	15	5	5	3	1.255116446573778
J22	15	5	21	17	0.8245044626782841
J23	15	4	9	13	1.726058594233984
\\ Jobs in machine 3
13
J24	13	7	39	13	0.6980930903880157
J25	14	12	104	16	1.9719249540898827
J26	15	12	56	11	1.7851731525946342
J27	15	1	60	13	0.9843186645648676
J28	15	1	96	6	0.9445150863164369
J29	15	6	93	18	0.26367783379041465
J30	15	9	14	10	0.6804994809143873
J31	14	7	95	3	0.44302663757217564
J32	14	9	33	11	1.3017588139512242
J33	15	11	30	1	0.430142137270771
J34	14	13	87	1	0.9776098320021926
J35	13	7	65	13	0.6776330819177978
J36	15	6	58	16	1.6453053257373778
\\ Jobs in machine 4
12
J37	14	6	17	4	0.6198173498889239
J38	16	4	26	1	1.3869253830060186
J39	15	8	9	6	0.5572979612243868
J40	14	10	36	19	1.299758332583186
J41	15	5	82	12	1.7480827357749287
J42	13	3	87	11	1.9717627892238918
J43	16	12	83	11	1.5660160190464751
J44	15	7	11	19	1.504797199519202
J45	15	13	104	11	0.8245202405410919
J46	15	8	51	19	1.0996450502236308
J47	14	5	74	14	1.7594453184908523
J48	15	14	107	15	1.7996097463199539
\\ Jobs in machine 5
11
J49	15	10	79	18	1.4182439168985428
J50	15	10	52	7	0.45519311763616455
J51	15	10	41	17	1.3323556817622553
J52	16	3	65	10	1.2103790093336606
J53	13	2	54	9	1.1153882185632609
J54	16	7	81	17	0.37462123714702733
J55	16	14	30	5	1.2712674486510924
J56	15	3	39	1	0.3703488184096484
J57	14	9	74	7	0.39423556865389164
J58	14	13	103	6	1.358928799830288
J59	15	5	88	6	0.8633925919648395
\\ Jobs in machine 6
10
J60	13	5	79	1	1.3474301484047655
J61	16	8	79	8	1.0576883757161737
J62	14	9	6	13	1.6017992842222897
J63	14	14	56	2	1.554923087745181
J64	14	4	42	9	1.139097770625269
J65	15	5	11	9	1.847889545448457
J66	15	14	56	2	1.4888256694418431
J67	13	13	82	17	2.143249305462102
J68	15	11	98	8	0.8148790831997393
J69	16	7	28	16	1.5679139845256933
\\ Jobs in machine 7
11
J70	14	7	9	16	0.7920693925169295
J71	16	10	108	9	0.7820179932981142
J72	15	14	38	19	0.8184313067455711
J73	14	13	86	19	1.4505557997171508
J74	14	5	61	12	1.1922550788802964
J75	13	10	21	18	1.2770373486425604
J76	13	14	88	19	1.3800265255629176
J77	15	7	75	4	1.3610274377630132
J78	13	9	93	10	1.3236740520114494
J79	13	10	66	15	1.1616266546002645
J80	13	4	5	18	1.7761950832620248
\\ Jobs in machine 8
10
J81	15	13	107	14	0.963900201717361
J82	13	11	8	14	1.7644747888986947
J83	16	2	44	15	0.9235719547978145
J84	15	5	72	11	0.8610491433525831
J85	12	7	97	20	1.832878111103102
J86	13	1	43	17	0.5109714367352163
J87	14	14	41	14	0.7630262702037827
J88	14	7	8	7	2.036708542980182
J89	15	10	97	12	1.33623871123568
J90	15	1	103	15	1.0128012417062164
\\ Dependencies 
150
1	3
1	11
2	4
2	5
3	8
3	9
3	10
4	5
4	6
4	9
4	10
5	9
12	14
12	15
12	16
12	19
12	23
13	19
13	22
15	17
15	22
16	19
16	20
18	19
18	21
18	22
19	21
20	21
20	22
24	28
24	30
24	31
24	32
24	33
25	26
25	27
25	29
25	32
25	33
26	28
26	29
26	30
26	34
27	29
27	35
28	31
28	32
28	33
28	34
29	31
29	36
30	31
30	34
30	36
31	35
31	36
33	36
37	38
37	40
37	42
37	43
37	44
37	45
37	47
38	40
38	42
38	44
38	45
38	48
39	46
39	48
40	44
40	48
41	45
42	45
42	48
43	45
43	47
45	46
45	47
49	50
49	51
49	53
49	54
49	55
50	51
50	58
51	56
52	54
52	56
52	59
53	55
54	56
54	57
55	56
56	59
57	58
60	61
60	64
60	65
60	66
61	67
61	69
62	63
62	64
62	67
62	68
63	67
63	68
64	65
64	66
64	68
65	66
65	68
65	69
66	68
66	69
68	69
70	72
70	74
70	79
71	78
72	76
72	77
72	79
73	74
73	76
73	79
75	79
75	80
77	78
78	80
79	80
81	84
81	86
81	87
82	89
83	84
83	86
83	88
84	86
84	88
85	87
85	88
85	89
85	90
86	87
86	89
87	88
89	90
