\\ machines
7
\\ max power
70
\\ Jobs in machine 1
12
J1	13	11	17	21	0.9836394411218828
J2	16	5	2	34	1.5357232369642295
J3	12	2	47	49	0.7528961369564018
J4	14	7	55	43	0.5655342737797713
J5	15	6	17	5	1.0474907671701654
J6	15	14	74	46	1.2699351304691715
J7	13	7	27	16	1.4586163989696095
J8	15	4	60	49	1.0378128983624257
J9	14	12	34	39	1.1491286123121303
J10	15	8	55	38	1.1359146688802566
J11	14	13	33	1	1.835931569409945
J12	14	12	4	20	0.96989930310355
\\ Jobs in machine 2
12
J13	15	12	54	21	1.0514557182447797
J14	14	2	24	15	0.6587652524943819
J15	14	12	45	50	1.0955232983670973
J16	15	5	57	34	0.44083387639087546
J17	16	12	104	34	1.1476199450769655
J18	13	8	60	2	1.405033071407637
J19	14	11	19	52	1.201944384445827
J20	17	7	74	15	0.7514277715668145
J21	15	7	52	43	0.32514535367710173
J22	15	4	43	17	1.5340953417681615
J23	14	13	63	46	1.5630303887645123
J24	14	4	82	30	1.1531939185378932
\\ Jobs in machine 3
11
J25	17	6	11	45	1.1009239553577561
J26	15	9	31	28	0.9392543287894886
J27	14	5	96	23	0.8574375355931918
J28	15	9	59	45	1.1776866906668746
J29	15	11	34	32	0.6982098513903041
J30	14	10	104	43	1.410745250355445
J31	14	7	74	45	1.3907536416909776
J32	15	1	90	31	1.1675680841831628
J33	15	3	49	52	1.708955528096205
J34	15	5	37	51	0.7024150746924673
J35	14	7	50	5	0.5076902811166997
\\ Jobs in machine 4
13
J36	15	12	14	19	1.7992973673527408
J37	15	13	57	12	1.4227796909041055
J38	16	13	7	5	0.9054742526929898
J39	15	9	94	4	1.861638343663401
J40	15	4	35	24	0.8016064896763304
J41	15	1	59	2	1.3399331907428758
J42	15	14	66	52	1.0676055503481983
J43	16	3	51	47	1.7829976124482159
J44	14	7	60	15	0.9761042727153608
J45	13	8	110	43	1.2560601419127018
J46	15	12	30	32	2.2617760585160287
J47	14	10	78	41	0.549934576784798
J48	15	8	13	1	1.6516658027991837
\\ Jobs in machine 5
11
J49	14	8	42	49	1.2530384475898284
J50	15	9	84	34	1.0674364315655518
J51	14	3	88	19	0.7622551501550445
J52	13	1	24	42	0.26088468828919653
J53	13	14	100	44	1.5459084996637487
J54	16	3	75	3	1.3998993159302153
J55	15	10	26	30	0.6873811137296963
J56	12	7	68	5	0.9653933543729362
J57	15	10	14	38	1.6548694893706188
J58	14	3	64	32	1.323694985412467
J59	16	6	76	41	1.0019488912283927
\\ Jobs in machine 6
11
J60	14	14	21	17	1.2724004357804068
J61	15	12	75	26	0.714010761603274
J62	13	3	52	11	1.0788792832024447
J63	14	12	72	13	1.5577726083984
J64	14	7	61	42	1.5343399960154627
J65	15	9	93	2	1.1765056068623878
J66	17	3	21	32	2.0065173331561876
J67	16	13	71	35	1.1699732744171365
J68	14	13	28	34	1.5827882119603751
J69	15	9	23	18	0.8725263651049064
J70	13	6	62	20	1.147548403264335
\\ Jobs in machine 7
12
J71	16	7	61	35	0.5990030299261468
J72	15	5	62	18	0.983808661693475
J73	15	10	25	37	2.065536335122138
J74	14	9	68	41	0.9553307666115037
J75	13	6	97	5	0.9370576223068592
J76	12	5	20	41	1.3494268111465166
J77	15	12	27	46	1.4319728348277145
J78	15	3	36	50	0.6147248162656346
J79	15	4	42	7	0.8955947739432333
J80	15	6	71	20	1.043863888881722
J81	15	1	5	20	0.894751108226673
J82	15	2	47	30	1.7060735546057504
\\ Dependencies 
170
1	3
1	4
1	5
1	8
1	9
1	10
2	3
2	5
2	6
2	7
3	4
3	10
4	6
4	10
4	11
5	9
6	7
6	8
7	9
7	10
7	11
8	9
8	12
9	12
10	11
11	12
13	15
13	20
13	21
14	15
14	17
14	19
14	22
14	24
15	16
15	18
15	21
16	17
16	18
16	22
16	24
17	18
17	19
17	24
18	19
18	22
18	23
20	21
20	23
21	22
22	23
22	24
23	24
25	26
25	27
25	28
25	32
26	27
26	31
27	28
27	32
27	35
28	33
28	35
29	31
29	33
29	34
30	33
30	35
31	32
31	33
31	34
31	35
32	33
32	34
33	34
34	35
36	41
36	43
36	44
36	46
36	47
37	38
37	39
37	41
37	43
37	44
37	45
37	48
38	41
38	45
38	46
39	45
39	47
40	42
40	43
40	46
41	44
41	45
41	47
42	47
42	48
44	45
44	47
45	46
45	48
46	47
46	48
49	51
49	52
49	54
49	58
50	51
50	53
50	54
50	58
50	59
51	55
51	56
52	53
52	55
52	56
52	57
52	59
53	56
53	59
54	55
54	58
55	56
55	58
57	58
58	59
60	67
60	70
61	64
61	65
61	68
62	63
62	64
62	66
62	69
63	64
63	66
63	67
63	70
64	66
64	70
65	68
66	69
66	70
67	70
68	69
68	70
71	73
71	78
71	80
72	78
72	80
72	81
73	75
73	80
73	81
74	80
75	80
75	82
77	82
78	82
79	81
79	82
80	82
