\\ machines
8
\\ max power
80
\\ Jobs in machine 1
10
J1	13	10	38	6	2.1949819986090895
J2	15	6	102	19	0.8111434522632347
J3	16	6	44	38	0.9598807447567632
J4	15	7	45	11	0.9779174417768988
J5	13	5	84	24	0.709320345996
J6	16	14	32	3	0.8110328301951872
J7	14	2	34	9	0.35690821334404055
J8	14	9	54	21	0.8571670139892122
J9	15	5	4	40	1.276865969765457
J10	13	8	75	37	0.8182353668166684
\\ Jobs in machine 2
12
J11	14	1	86	7	1.2039578904345836
J12	14	5	99	20	1.2572807283446432
J13	13	8	73	1	1.772080252202804
J14	15	5	109	18	1.7016022884598438
J15	15	1	74	40	1.0654247066500044
J16	14	9	93	35	0.9396068365868953
J17	13	7	104	30	1.5499190799419726
J18	15	11	25	34	1.9409136864464962
J19	14	4	94	24	1.586855573059958
J20	15	1	65	29	2.142224777811867
J21	17	13	47	8	1.2361895739121775
J22	14	7	58	27	1.4371762946915991
\\ Jobs in machine 3
12
J23	15	3	22	19	0.5444468885022109
J24	15	9	18	38	1.698107923663512
J25	13	1	57	24	0.728941475981524
J26	16	2	51	4	0.6033347533950254
J27	15	8	25	34	0.3432953353663528
J28	14	7	37	2	1.3488553108855288
J29	14	4	32	21	1.9543097793700785
J30	14	4	37	31	0.6279978031575686
J31	13	1	109	13	1.405707312760141
J32	15	14	98	25	0.7561154972695898
J33	15	3	11	24	1.3455370420858677
J34	13	5	3	9	1.2016948330920312
\\ Jobs in machine 4
11
J35	15	11	13	13	1.139483558738885
J36	13	11	92	18	0.5751017746855174
J37	14	14	49	19	1.7686050518833973
J38	14	8	40	33	1.0297562670289506
J39	15	6	47	14	1.0959116594354095
J40	15	3	38	24	1.6173652430728649
J41	15	14	39	36	1.1728271494565794
J42	15	12	23	9	0.1
J43	14	9	36	13	1.1601655246422715
J44	13	13	109	14	1.496487865378559
J45	16	7	72	8	1.6397571190447136
\\ Jobs in machine 5
11
J46	14	8	64	26	1.5039256596695074
J47	15	7	48	18	1.5982810323643044
J48	16	9	90	36	1.6725439872143137
J49	15	9	87	36	1.9461984185460057
J50	15	10	51	12	1.8999730730541042
J51	12	5	15	10	1.161485643555599
J52	13	10	110	40	1.2261416244879082
J53	16	1	60	16	1.337442934780791
J54	16	10	15	39	1.1726691083788299
J55	14	5	28	38	1.1887908889451224
J56	15	7	77	30	1.048863473514602
\\ Jobs in machine 6
12
J57	14	8	33	5	1.6002123600278177
J58	16	6	81	20	1.4690615899954547
J59	16	3	14	29	1.6199785179662578
J60	14	11	28	21	2.182139862781561
J61	16	8	5	22	2.250278193452081
J62	15	14	69	39	1.4801081726458
J63	14	9	2	28	2.35670460447721
J64	15	13	97	17	1.108378346417037
J65	15	12	106	29	0.7083006944974702
J66	14	9	26	12	1.1791431254626128
J67	15	10	34	38	1.3938499766602817
J68	15	10	73	6	1.0174921869538913
\\ Jobs in machine 7
11
J69	13	9	18	30	0.7921921402596795
J70	14	8	25	1	0.9234261262410575
J71	15	1	61	24	2.2090133526973523
J72	13	7	6	40	1.3559694548932848
J73	15	1	106	33	1.446102372772911
J74	14	5	45	4	1.4040399576445926
J75	12	1	78	6	1.1933183375624368
J76	15	14	18	2	1.4216561637054503
J77	14	13	6	3	0.7276046355629778
J78	16	6	6	36	0.4436024101723882
J79	15	3	19	29	0.6267990511111937
\\ Jobs in machine 8
11
J80	15	1	27	6	1.7276624005102055
J81	15	14	16	2	1.3578171385474382
J82	15	13	55	38	1.7492405052346887
J83	15	2	39	9	0.43957531630013535
J84	17	4	24	20	2.162561866193583
J85	15	14	17	2	1.408229829023452
J86	13	2	35	26	0.9822542303583974
J87	15	3	39	1	1.433996900852529
J88	14	11	2	37	1.4336572314814338
J89	13	7	57	23	1.681462630631808
J90	14	13	44	11	0.20227072186499484
\\ Dependencies 
197
1	2
1	8
2	3
2	7
2	8
3	4
3	6
3	9
4	7
4	8
5	6
6	7
6	8
7	8
7	10
11	15
11	18
11	21
11	22
12	13
12	14
12	15
12	17
12	18
12	19
13	14
13	22
14	16
14	17
14	20
15	18
15	20
15	22
16	17
16	20
16	21
17	20
18	19
18	20
18	22
19	21
19	22
20	21
23	26
23	27
23	28
23	29
23	34
24	25
24	26
24	30
24	31
25	26
25	30
25	32
26	28
26	30
26	33
26	34
27	28
27	32
28	29
28	30
28	31
28	33
29	32
29	33
29	34
30	32
31	32
31	33
33	34
35	37
35	39
35	40
35	41
35	42
35	44
35	45
36	40
36	41
36	43
36	45
37	39
37	42
37	45
38	39
38	40
38	41
38	42
38	44
38	45
39	43
40	42
40	43
40	44
42	43
42	44
42	45
43	44
44	45
46	48
46	49
46	50
46	53
46	54
46	55
47	48
47	49
47	51
47	54
48	49
48	52
48	56
49	52
49	55
49	56
50	52
50	53
50	56
51	52
51	54
52	53
52	54
52	55
53	55
53	56
57	60
57	64
57	67
57	68
58	59
58	60
58	62
58	64
58	66
59	60
59	62
59	63
59	64
59	67
60	63
60	64
60	65
60	67
61	62
61	63
61	65
61	68
62	66
62	68
63	64
63	66
63	68
65	68
69	71
69	74
69	75
69	76
69	78
70	74
70	75
70	78
71	73
71	75
71	76
71	78
72	73
72	76
72	78
73	75
73	78
74	76
74	79
76	77
76	78
76	79
78	79
80	81
80	86
80	89
81	83
81	84
81	90
82	86
82	88
82	89
83	88
83	90
84	87
84	88
85	86
86	90
87	89
87	90
88	89
89	90
