\\ machines
6
\\ max power
60
\\ Jobs in machine 1
10
J1	16	7	13	2	1.228207270825832
J2	13	4	6	9	1.4689340606645445
J3	15	13	11	15	0.7641781320586571
J4	15	5	49	11	1.314800303152848
J5	15	11	104	15	1.0724426193430503
J6	15	6	3	3	0.9597941514694166
J7	14	13	53	15	0.627299180047684
J8	14	10	8	12	1.2254441092118151
J9	15	14	82	7	1.1914261867276892
J10	12	12	104	10	1.0297202784099007
\\ Jobs in machine 2
12
J11	15	14	13	2	1.4316105800573513
J12	14	11	75	7	2.0399931267790636
J13	16	9	29	5	1.6461305515209532
J14	15	4	16	4	1.4224780616441015
J15	15	5	50	5	0.2173503966258573
J16	13	4	72	6	1.036105891445983
J17	16	5	24	10	0.9303899911129496
J18	13	5	82	9	1.7019287993320051
J19	15	3	51	13	0.9799545880324062
J20	13	13	34	6	1.3630408932936016
J21	16	5	98	4	1.2339775128186867
J22	13	11	97	6	1.6535906136209575
\\ Jobs in machine 3
10
J23	15	14	104	1	1.4805116134662186
J24	16	9	55	15	1.8778263291002921
J25	16	14	7	13	1.2519942805746704
J26	14	4	61	14	2.000156447134552
J27	14	3	10	11	1.3390132173848353
J28	15	2	29	5	0.7455443750791432
J29	15	8	40	11	1.3646645117538292
J30	14	14	95	15	1.984233009929108
J31	15	13	3	1	0.6687619647389887
J32	14	5	86	7	1.440122061536014
\\ Jobs in machine 4
11
J33	15	10	54	10	1.6566804827015766
J34	15	6	87	14	0.7787907450349976
J35	15	1	75	13	0.5919872580289928
J36	15	4	33	10	1.036091136136775
J37	15	10	10	5	1.508737476158599
J38	12	13	100	12	1.1880404358259566
J39	15	14	70	10	1.9592078157948087
J40	13	9	71	9	0.612929310138365
J41	13	1	48	11	1.5141304282198982
J42	16	9	52	3	0.8810066890634535
J43	14	8	41	3	0.9592896906667162
\\ Jobs in machine 5
11
J44	14	1	15	8	2.191264835709023
J45	13	10	43	7	1.690893931014855
J46	15	2	108	15	1.200118644654082
J47	13	6	49	4	1.64618185350892
J48	14	8	50	9	1.7355553735678484
J49	15	12	104	5	1.3057255709122129
J50	15	13	38	8	0.5204324609988735
J51	13	1	31	6	1.0297265298832377
J52	15	3	90	15	1.4350472128168423
J53	17	9	74	5	2.473149305660784
J54	15	5	18	3	2.0666280351690096
\\ Jobs in machine 6
10
J55	16	11	28	5	0.902066517024655
J56	14	3	94	11	1.8309284369570311
J57	15	13	53	10	1.325071151363807
J58	14	3	108	7	1.0524799989036717
J59	14	2	23	10	0.9726847070212314
J60	16	13	46	2	0.8871879346978626
J61	16	10	8	8	0.6901746422013473
J62	14	10	26	13	1.8547533532962173
J63	17	7	29	7	1.2956310229457895
J64	16	11	106	14	1.1354682313481295
\\ Dependencies 
160
1	2
1	3
1	4
1	5
2	3
2	5
2	6
2	7
2	8
2	9
2	10
3	5
3	7
3	8
3	9
3	10
4	6
4	10
5	6
5	9
5	10
6	7
6	8
6	10
7	8
7	10
9	10
11	12
11	13
11	17
11	20
11	21
12	20
13	14
13	15
13	17
13	18
14	16
14	18
14	20
14	22
15	16
15	21
16	17
16	18
16	19
16	22
17	19
17	20
17	21
17	22
18	19
20	21
23	24
23	26
23	27
23	28
23	29
23	30
23	31
24	29
24	30
24	31
24	32
25	31
25	32
26	27
26	28
26	31
26	32
27	32
28	31
28	32
29	30
29	31
30	31
30	32
31	32
33	34
33	35
33	36
33	39
33	40
33	42
33	43
34	35
34	36
34	37
34	38
34	39
34	40
34	42
34	43
35	39
35	40
35	42
35	43
36	39
36	40
36	41
36	43
37	39
37	42
38	41
38	43
39	41
39	42
40	41
40	43
41	42
41	43
42	43
44	45
44	46
44	49
44	50
44	51
44	53
45	47
45	48
45	50
45	51
45	54
46	48
46	49
46	53
47	48
47	49
47	50
47	53
48	52
48	53
49	52
49	53
49	54
50	53
51	52
51	53
52	54
55	56
55	57
55	58
55	59
55	60
55	61
55	64
56	57
56	58
56	59
56	60
56	61
56	63
57	58
57	59
58	61
58	64
59	62
60	64
61	63
61	64
