\\ machines
12
\\ max power
120
\\ Jobs in machine 1
10
J1	16	9	34	26	0.9066959519695477
J2	15	8	50	1	2.092589368390829
J3	17	10	9	22	1.7279869567696877
J4	14	10	75	79	0.9330453735925125
J5	14	5	12	7	1.7932541362245746
J6	13	3	40	22	0.1058309981444463
J7	13	12	83	51	1.514752208624632
J8	16	1	38	18	0.8465593462589034
J9	12	1	33	9	1.2863499397967102
J10	14	12	90	20	1.4342777681048149
\\ Jobs in machine 2
11
J11	15	2	90	77	1.1187686662158178
J12	15	7	89	11	1.3089810874301
J13	14	8	16	5	0.6395352175179249
J14	15	4	53	73	0.9703158490538131
J15	16	11	4	46	0.6015759927859373
J16	16	2	26	64	0.1
J17	15	2	81	44	0.6167370310272661
J18	13	7	84	45	1.1097853122893295
J19	13	2	13	57	1.1052074125732094
J20	14	9	7	68	1.9014103955646253
J21	14	11	7	76	2.2158913432879435
\\ Jobs in machine 3
11
J22	15	5	106	1	1.2667604672937247
J23	14	4	68	38	1.2558854445485155
J24	14	9	75	11	0.9212376928544774
J25	13	6	28	49	1.0486987291885688
J26	14	6	60	84	0.8681424031891964
J27	14	1	110	61	1.7832436204003315
J28	16	13	72	87	1.9041257922810044
J29	14	12	110	42	1.7289332659104777
J30	13	7	108	72	2.297356825803078
J31	15	2	47	19	0.2997672213537278
J32	15	1	24	43	0.8356978524286707
\\ Jobs in machine 4
11
J33	16	3	44	61	1.0126880360483739
J34	14	13	4	6	2.3877750662439468
J35	15	14	6	25	1.1086737399349005
J36	13	12	84	59	1.736936377670013
J37	14	1	60	76	1.443020915914659
J38	15	14	63	50	1.7210063859546245
J39	15	1	19	78	1.5721402957995263
J40	14	10	19	73	1.2518247875049486
J41	15	5	27	2	1.3054168277983407
J42	13	2	91	23	1.1982148710263827
J43	14	9	89	64	1.1044244126792964
\\ Jobs in machine 5
11
J44	14	12	58	58	2.2653319374064176
J45	14	12	75	29	0.1
J46	14	5	24	4	0.9946836289302119
J47	14	1	97	35	1.3000250928763908
J48	14	1	84	55	1.0361611750362805
J49	15	14	9	66	0.8418748807215319
J50	14	14	77	76	0.7055019905586173
J51	13	9	29	38	1.4696848611685471
J52	16	4	47	53	1.468212749935994
J53	16	7	50	62	0.8107058928899171
J54	15	14	54	88	0.6624848981525208
\\ Jobs in machine 6
12
J55	14	12	3	4	1.0218143989772668
J56	12	11	23	71	1.7971335419783894
J57	14	14	64	3	0.8484920980670276
J58	15	14	11	42	1.867109292202538
J59	14	12	88	5	1.2610609496772767
J60	16	7	89	50	2.440568704479548
J61	14	6	49	54	0.3127138879983057
J62	15	14	7	2	1.882743618145661
J63	14	1	70	60	0.7447248330664544
J64	15	13	56	46	0.6002465727271424
J65	14	11	17	45	0.14062973798634726
J66	14	12	22	2	1.4909898349715398
\\ Jobs in machine 7
10
J67	16	3	49	16	1.8451499824526443
J68	14	12	3	76	1.1658211433743917
J69	17	13	76	85	0.6664931270782878
J70	15	7	91	39	1.4705861178530526
J71	15	14	62	29	2.010380475509208
J72	15	3	95	82	0.9122101793981963
J73	16	5	32	41	0.49820403889138853
J74	14	10	101	33	0.8613887951297816
J75	14	14	17	85	1.0573748584589917
J76	14	14	21	84	0.7494417756494716
\\ Jobs in machine 8
9
J77	13	1	102	49	1.749115411067244
J78	13	9	18	59	1.280238295813882
J79	16	2	89	22	1.661252950694609
J80	14	14	80	8	0.1
J81	17	3	92	51	1.5167752622112443
J82	16	11	22	15	1.6817780016159005
J83	15	14	7	59	1.1109078058757975
J84	15	2	61	77	1.4784852725875652
J85	14	1	89	60	0.6598589891142851
\\ Jobs in machine 9
10
J86	16	12	57	85	1.4441056815948214
J87	15	7	97	43	0.8690979233589367
J88	14	6	15	62	0.9733480621752887
J89	13	3	2	33	1.3996897573039533
J90	14	14	41	49	1.3507057793163986
J91	15	4	22	3	0.35896457651045544
J92	17	6	15	89	0.2801323303353167
J93	15	7	23	12	1.4114839198942284
J94	14	11	33	21	1.099078811306658
J95	15	9	17	52	1.644872254720542
\\ Jobs in machine 10
10
J96	14	8	12	51	1.1295011489584796
J97	16	5	48	10	1.1134585017825238
J98	15	3	27	65	1.1444010944433398
J99	15	7	12	39	1.0769518226594363
J100	15	14	108	51	0.6202235687916754
J101	14	11	91	90	1.5710791989089032
J102	14	10	61	55	1.0886761761512536
J103	13	5	40	17	0.9051331511216527
J104	15	14	90	76	1.1917782433838497
J105	14	12	24	43	1.614329940837128
\\ Jobs in machine 11
12
J106	14	9	16	20	1.6896183441599781
J107	14	6	39	20	1.1367717748794728
J108	14	5	109	60	1.5230263379747526
J109	14	13	81	90	1.3333709952252366
J110	13	9	96	14	1.1545200964512228
J111	14	4	63	5	1.3036869448412607
J112	15	14	99	19	2.277307624707259
J113	16	12	98	25	0.8015818897493894
J114	14	3	2	43	0.8762530950162252
J115	16	7	103	78	0.964385154396713
J116	15	10	15	49	0.3888214793430049
J117	15	10	47	88	0.4292113012336406
\\ Jobs in machine 12
11
J118	14	7	65	6	0.1
J119	15	13	33	6	2.699438124880822
J120	15	12	6	53	1.4868273568501413
J121	12	7	30	31	1.270187993711279
J122	12	13	78	27	1.1873826840118074
J123	15	4	105	81	1.5700639692332368
J124	16	11	105	89	1.404992088582314
J125	14	13	104	1	1.297567754781749
J126	15	13	101	18	1.7118479331579635
J127	15	9	84	23	1.850164777680952
J128	14	1	92	66	2.4882414078242214
\\ Dependencies 
495
1	2
1	3
1	4
1	5
1	7
1	8
1	9
1	10
2	3
2	4
2	5
2	8
2	9
2	10
3	4
3	6
3	7
3	8
3	9
3	10
4	5
4	6
4	7
4	9
4	10
5	6
5	7
5	8
5	9
5	10
6	7
6	9
7	8
7	9
7	10
8	9
8	10
9	10
11	12
11	13
11	14
11	15
11	16
11	17
11	19
11	20
11	21
12	14
12	15
12	17
12	18
12	19
12	20
13	14
13	15
13	17
13	19
13	20
13	21
14	15
14	17
14	18
14	19
14	20
14	21
15	16
15	17
15	18
15	19
15	20
15	21
16	17
16	18
16	19
16	20
16	21
17	18
17	19
17	20
17	21
18	20
18	21
20	21
22	23
22	26
22	27
22	28
22	29
22	31
22	32
23	24
23	25
23	26
23	27
23	29
23	31
23	32
24	26
24	27
24	28
24	29
24	30
24	31
24	32
25	26
25	27
25	28
25	30
25	32
26	27
26	28
26	30
26	31
27	28
27	29
27	31
27	32
28	29
28	30
28	31
28	32
29	30
29	31
29	32
30	31
30	32
31	32
33	34
33	35
33	36
33	38
33	40
33	43
34	35
34	37
34	38
34	39
34	40
34	41
34	42
34	43
35	36
35	38
35	39
35	40
35	42
36	37
36	38
36	39
36	40
36	42
36	43
37	38
37	39
37	40
37	42
37	43
38	39
38	40
38	41
38	42
38	43
39	40
39	41
39	42
39	43
40	41
40	42
40	43
41	42
41	43
42	43
44	45
44	46
44	49
44	50
44	52
44	53
44	54
45	47
45	48
45	49
45	50
45	51
45	52
46	47
46	48
46	49
46	50
46	51
46	52
47	49
47	51
47	52
47	53
47	54
48	49
48	50
48	51
48	53
49	50
49	52
49	53
49	54
50	51
50	52
50	53
50	54
51	52
51	54
52	53
52	54
53	54
55	56
55	57
55	58
55	60
55	61
55	62
55	63
55	64
55	65
55	66
56	57
56	58
56	59
56	60
56	61
56	62
56	63
56	64
56	66
57	59
57	60
57	61
57	62
57	65
57	66
58	59
58	60
58	61
58	62
58	64
58	65
59	60
59	62
59	63
59	66
60	61
60	62
60	63
60	65
61	63
61	64
62	63
62	64
62	65
62	66
63	65
64	66
67	68
67	69
67	71
67	72
67	73
67	74
67	75
67	76
68	69
68	70
68	71
68	72
68	73
68	74
68	75
68	76
69	70
69	71
69	72
69	73
69	74
69	75
69	76
70	71
70	74
70	76
71	72
71	73
71	74
71	75
71	76
72	73
72	74
73	74
73	75
74	75
74	76
75	76
77	78
77	79
77	80
77	81
77	82
77	84
77	85
78	79
78	80
78	82
78	83
78	84
78	85
79	81
79	82
79	83
79	85
80	81
80	82
80	83
80	85
81	82
81	83
81	84
81	85
82	83
82	84
82	85
83	84
86	87
86	89
86	90
86	91
86	92
86	94
87	89
87	91
87	92
87	93
87	94
87	95
88	89
88	90
88	91
88	92
88	94
88	95
89	90
89	91
89	92
89	93
89	94
90	91
90	92
90	93
90	94
90	95
91	92
91	93
91	94
92	93
92	94
93	94
93	95
94	95
96	98
96	99
96	100
96	102
96	103
97	99
97	100
97	101
97	103
97	104
98	99
98	100
98	101
98	102
98	103
98	105
99	100
99	101
99	102
100	101
100	103
100	104
100	105
101	102
101	103
101	104
101	105
102	103
102	105
103	104
103	105
104	105
106	107
106	108
106	109
106	110
106	111
106	112
106	113
106	114
106	116
107	108
107	109
107	110
107	111
107	112
107	114
107	115
107	117
108	109
108	110
108	111
108	112
108	114
108	115
108	116
108	117
109	110
109	112
109	113
109	114
109	115
109	116
110	111
110	112
110	113
110	116
110	117
111	112
111	113
111	114
111	115
111	117
112	113
112	116
112	117
113	114
113	116
113	117
114	115
114	117
115	116
115	117
118	119
118	120
118	121
118	122
118	123
118	125
118	126
118	127
118	128
119	121
119	122
119	123
119	125
119	126
119	127
119	128
120	121
120	122
120	123
120	124
120	125
120	126
120	127
120	128
121	122
121	123
121	124
121	125
121	126
121	128
122	123
122	124
122	125
122	127
122	128
123	124
123	125
123	126
123	127
123	128
124	125
124	127
124	128
125	126
125	127
125	128
126	127
126	128
127	128
