\\ machines
6
\\ max power
60
\\ Jobs in machine 1
11
J1	14	12	34	15	1.6461943781780783
J2	15	1	62	14	1.1316617001310598
J3	15	8	67	2	0.9953803179529134
J4	14	11	60	12	0.2376142048926707
J5	14	7	86	20	1.1701948620411002
J6	16	9	22	12	1.8986517714050566
J7	15	5	96	20	1.7822661868701855
J8	14	11	47	9	1.1773765903382931
J9	15	2	103	3	2.101996338742112
J10	14	3	31	2	0.9224013060279614
J11	14	7	59	12	1.1824432015807873
\\ Jobs in machine 2
11
J12	16	1	26	18	1.54831877849474
J13	14	4	37	21	0.779824959753916
J14	15	1	62	10	1.0889762367381486
J15	14	4	106	26	1.202174761554552
J16	16	12	81	29	0.1
J17	15	8	78	8	0.1345639359668731
J18	16	2	100	27	0.9999585381687451
J19	15	5	27	10	0.3518659146295119
J20	15	4	61	27	0.884736856277498
J21	16	1	106	7	0.7332220726372578
J22	14	14	35	24	1.3366395227414003
\\ Jobs in machine 3
12
J23	15	1	90	24	0.8095051071639736
J24	15	4	101	28	0.7133776532972181
J25	14	9	88	29	1.7106655755626865
J26	14	5	4	27	1.9931321280794116
J27	14	6	11	18	1.9291232661870155
J28	15	10	55	4	1.3664880829273036
J29	15	1	92	16	1.8220391889802277
J30	13	7	75	7	0.8235892369713528
J31	16	1	83	11	1.0023963378695044
J32	12	11	14	7	1.8866006458519595
J33	13	11	50	22	1.539109805070799
J34	14	10	55	17	1.115182153768306
\\ Jobs in machine 4
11
J35	14	5	97	9	0.5040367447394781
J36	14	12	33	28	0.9605342848436141
J37	16	5	35	21	1.1404359093717928
J38	16	9	38	22	0.5982239232367125
J39	16	14	80	6	1.662317350051596
J40	14	13	27	19	1.3299476173424245
J41	14	3	72	16	1.4286753435770225
J42	12	1	33	21	1.5981743257077459
J43	14	6	95	4	0.8797469881929714
J44	15	5	42	6	0.7334931987737348
J45	15	2	108	7	1.042866991399151
\\ Jobs in machine 5
9
J46	14	13	13	25	1.251362418920496
J47	13	13	6	15	1.3165874426067816
J48	16	10	102	16	0.7255107688231799
J49	14	13	76	17	1.5187415129146913
J50	16	5	54	24	1.6872805111550635
J51	13	4	44	26	0.7082752186847222
J52	16	11	64	9	1.4721358514703455
J53	16	13	51	10	1.905818232123837
J54	13	7	108	2	1.8590754006311205
\\ Jobs in machine 6
12
J55	13	3	30	8	0.4265305385279231
J56	13	8	4	16	0.9754266957428542
J57	12	1	6	16	1.9293338067054409
J58	15	2	102	4	1.0926257305430394
J59	15	1	64	29	1.3753745906804011
J60	14	4	46	29	0.8766373674500538
J61	15	9	20	22	0.5578603182426868
J62	15	7	10	11	0.1
J63	14	5	102	18	0.1
J64	14	6	108	25	1.8819370775095874
J65	16	3	94	9	1.440849773052549
J66	15	4	104	7	0.7895474162007519
\\ Dependencies 
136
1	7
1	8
1	9
2	3
2	4
2	5
2	6
2	8
2	9
2	11
3	5
3	6
3	7
3	10
4	10
5	7
6	8
6	11
7	11
8	10
9	11
12	13
12	14
12	17
12	22
13	15
13	20
14	15
14	16
14	18
14	19
14	22
16	18
16	20
17	19
17	20
19	20
19	21
20	21
23	28
23	29
23	30
23	31
23	32
24	25
24	26
24	30
24	32
25	27
25	33
26	27
26	28
26	29
26	31
26	32
26	34
27	28
27	29
27	31
27	33
28	31
28	33
28	34
29	31
29	32
29	34
30	31
30	33
30	34
31	33
31	34
33	34
35	36
35	40
35	41
35	42
35	45
36	37
36	40
37	40
37	43
38	41
39	41
39	44
40	43
40	44
41	42
41	43
41	44
42	44
44	45
46	48
46	51
46	53
47	49
47	50
47	51
47	53
47	54
48	50
48	52
49	51
49	53
50	52
50	53
51	52
51	53
52	54
55	57
55	62
55	66
56	58
56	59
56	61
57	58
57	62
58	61
58	62
58	63
58	64
59	60
59	61
59	62
59	66
60	61
60	62
60	63
61	62
61	63
61	64
61	65
62	64
62	65
63	64
63	65
65	66
