\\ machines
9
\\ max power
90
\\ Jobs in machine 1
9
J1	13	14	77	6	2.0217033410297898
J2	15	7	51	21	0.7854790367143313
J3	14	13	40	7	1.261659573386215
J4	13	1	13	8	1.4772931972975858
J5	15	11	43	9	0.7979375120913966
J6	13	13	107	11	1.6642553760142376
J7	14	14	27	11	0.1
J8	15	10	37	20	0.6762932574348699
J9	14	9	32	8	0.9444916435361981
\\ Jobs in machine 2
12
J10	16	14	28	12	1.186576266605234
J11	13	1	41	13	0.4292733149910085
J12	14	9	82	15	1.1827737118034571
J13	15	8	67	17	0.9106778957426707
J14	15	8	82	12	1.3923053412806556
J15	14	4	3	19	0.7835566842740236
J16	15	13	95	15	1.6616137979571872
J17	14	9	47	21	1.124094140674503
J18	13	2	99	12	0.7983140785104659
J19	16	8	51	17	1.9372332975397641
J20	15	8	83	22	1.2394980568387068
J21	14	7	40	8	1.9643227024383982
\\ Jobs in machine 3
10
J22	15	10	102	15	0.9871653343261891
J23	14	2	37	20	0.5040671104093625
J24	14	6	12	10	1.548012331862012
J25	15	8	56	14	0.6498110610706888
J26	14	9	61	5	2.048058111333893
J27	15	6	32	17	0.1
J28	15	13	13	2	1.404483305471565
J29	17	5	78	13	0.5534274548099165
J30	15	6	5	8	1.8112130401252111
J31	15	4	10	19	1.1752866864698195
\\ Jobs in machine 4
11
J32	16	13	75	6	0.5249579418401684
J33	15	3	110	6	2.269945954977337
J34	13	8	85	5	0.6729149896784095
J35	14	11	70	17	0.9933687655864366
J36	15	5	78	6	2.047657624667053
J37	14	11	15	14	0.7568486734582087
J38	14	10	94	16	1.9234839647350999
J39	16	14	90	19	1.3247992034819949
J40	13	14	39	13	0.8240480244168836
J41	14	4	38	8	2.30824503256584
J42	15	7	5	14	1.922962897064786
\\ Jobs in machine 5
9
J43	14	3	38	8	1.8720579857720094
J44	14	7	12	12	1.7024544912455024
J45	15	10	41	19	1.7884898599634624
J46	15	7	93	7	1.1031869567000812
J47	16	14	13	20	1.3134050015976613
J48	13	3	94	18	1.196673478134132
J49	15	14	74	5	0.620984522436945
J50	13	10	66	8	1.8170777553146626
J51	16	4	100	11	2.016840770115958
\\ Jobs in machine 6
11
J52	15	13	105	8	1.6170762376258567
J53	15	3	36	11	1.4010482997497336
J54	14	1	26	12	1.5523364461281313
J55	14	12	34	21	0.5563169649244145
J56	14	9	21	14	1.2301861345659326
J57	15	5	40	12	1.2089713660072439
J58	15	2	8	16	0.8204873121018708
J59	15	6	74	21	1.224439918769259
J60	14	6	17	21	0.7664797380535883
J61	15	1	75	18	0.5716100162961906
J62	15	3	97	8	1.1501853329926706
\\ Jobs in machine 7
11
J63	15	5	48	14	0.6820468358739572
J64	14	10	27	18	2.2244178099161904
J65	15	7	59	16	0.9776150110164613
J66	14	2	25	3	0.9459453936200781
J67	14	14	36	15	1.2337653601193428
J68	13	10	8	12	0.8877941537119085
J69	17	5	22	12	0.8107254537345265
J70	13	2	87	15	1.3636395848999925
J71	13	10	98	15	0.8701843205131913
J72	14	1	14	9	0.1
J73	15	6	72	15	2.1363989312824714
\\ Jobs in machine 8
11
J74	15	4	15	20	1.5592906957086081
J75	14	10	22	1	1.3582903845378267
J76	15	9	30	4	0.9961253313661051
J77	14	10	89	7	0.7662301905426341
J78	16	4	29	3	1.5616232662093164
J79	14	11	91	6	1.1688081040605907
J80	15	9	38	22	1.0848868079492773
J81	15	14	38	15	1.5776561458135046
J82	15	7	83	8	1.9738326296198792
J83	13	13	65	13	1.11998164343898
J84	15	1	39	16	0.6425098609576504
\\ Jobs in machine 9
11
J85	14	7	77	7	1.469807115049316
J86	15	13	74	17	1.3769854919150502
J87	14	9	54	1	1.16215766263947
J88	14	8	8	18	0.6905354647176164
J89	14	10	104	18	0.7315994418313985
J90	14	14	103	18	1.1683724059179297
J91	15	2	36	3	1.1872152839717554
J92	16	12	46	12	1.4354068735385823
J93	16	4	82	5	2.0857566484278074
J94	13	8	85	23	1.4539090628936475
J95	15	10	64	9	1.7381573419859353
\\ Dependencies 
109
1	3
2	5
2	8
4	9
5	6
10	12
10	13
10	18
10	21
11	19
12	14
13	14
13	16
14	15
14	19
14	20
14	21
16	17
16	20
16	21
17	19
17	20
20	21
22	26
22	28
22	29
23	28
24	26
24	29
25	26
25	29
25	30
28	31
29	30
30	31
32	33
32	36
33	36
33	39
35	38
35	39
35	40
36	38
36	41
36	42
37	38
38	42
40	41
43	45
43	46
44	46
44	48
44	49
44	50
44	51
46	47
46	51
47	48
47	49
52	53
52	54
52	59
52	61
53	54
53	56
53	58
54	56
55	56
55	62
56	60
57	58
57	60
57	62
58	59
58	62
59	61
60	62
63	64
63	69
64	66
64	70
64	71
66	68
66	69
66	71
68	70
69	72
70	71
72	73
76	77
76	79
76	83
77	80
77	83
77	84
78	82
78	84
79	81
80	84
85	88
85	89
85	90
86	90
87	91
88	89
88	92
88	95
89	94
91	92
