\\ machines
7
\\ max power
70
\\ Jobs in machine 1
10
J1	14	13	73	6	1.9495599345158994
J2	14	13	66	11	1.1088472497670125
J3	14	3	28	1	0.7732710820698843
J4	14	3	48	10	0.1
J5	14	9	69	17	0.49055972680988
J6	16	4	49	15	1.5115100351226978
J7	14	5	93	9	1.7325947522340726
J8	15	14	35	8	1.2906560016808335
J9	16	1	86	4	1.57665577823842
J10	14	11	64	16	1.9980038599011205
\\ Jobs in machine 2
10
J11	15	9	16	9	1.1909156448373122
J12	15	10	13	9	0.7821564650259232
J13	14	11	68	11	0.9358094386310081
J14	14	7	44	3	1.3717305928515566
J15	15	9	97	4	1.2125315762372628
J16	15	6	16	16	1.0792077028801166
J17	13	9	30	16	1.2207040536163352
J18	14	4	89	6	0.953911260640841
J19	15	8	53	3	1.6389301715099474
J20	14	1	56	8	1.3538024201608008
\\ Jobs in machine 3
9
J21	15	2	22	3	1.361397056224801
J22	15	11	35	11	1.420928240119902
J23	14	10	68	9	1.0516216489779828
J24	14	7	48	17	1.1984889386384503
J25	15	2	58	4	1.3135434327634041
J26	15	7	35	5	0.9978191479687089
J27	13	12	93	8	2.5386240333647194
J28	15	8	94	10	0.7548589851381926
J29	13	4	70	14	1.044104028569865
\\ Jobs in machine 4
13
J30	14	14	95	7	1.6484078129690665
J31	14	13	3	5	1.7138194688735569
J32	16	1	107	2	0.5166668724365338
J33	15	3	91	11	1.4584711727992223
J34	14	6	15	13	1.1290465336362117
J35	14	12	10	7	1.438299937012522
J36	14	5	77	6	1.7639982879285712
J37	14	13	82	16	0.7343769002016429
J38	16	4	16	6	0.8223346087717707
J39	14	6	91	18	1.000324809560458
J40	12	5	38	16	1.3500327028158199
J41	16	9	22	17	0.843150968549672
J42	15	11	42	14	1.0202853091584825
\\ Jobs in machine 5
10
J43	15	10	47	18	1.7292563825727552
J44	14	13	35	7	0.28578205281677804
J45	15	13	15	4	1.3217969233761875
J46	16	6	103	15	0.9570576002240725
J47	14	3	103	15	1.6529249392611665
J48	13	11	90	13	1.249847533633796
J49	13	12	98	18	0.7011705685221725
J50	14	6	55	6	0.6873932845506084
J51	13	9	56	15	1.739033841833899
J52	17	3	65	13	1.4109136551799217
\\ Jobs in machine 6
12
J53	15	6	37	13	1.7253329597578717
J54	14	1	40	7	0.9893691496183554
J55	15	13	63	15	1.8815815470434936
J56	15	5	68	7	1.732095367816009
J57	15	4	25	4	1.6708506007488355
J58	13	1	35	15	0.11365182839907773
J59	13	10	10	12	1.6904845334091443
J60	14	2	27	7	1.322236693383461
J61	15	4	109	11	1.2409209154938918
J62	17	3	59	18	1.149118295980801
J63	15	3	52	15	1.1097293301761622
J64	15	12	85	6	0.30207510796653436
\\ Jobs in machine 7
12
J65	16	1	10	17	2.100748624139456
J66	16	14	27	9	0.18049762296194127
J67	16	13	40	15	1.611593932063043
J68	14	3	21	9	1.2578343547426911
J69	16	7	89	18	1.3515249129595837
J70	14	10	33	8	1.9584044089284518
J71	14	2	61	3	1.5862734008248502
J72	13	1	78	14	0.5927066534283303
J73	14	14	53	9	0.9945261762404062
J74	17	1	86	15	1.9174216431204916
J75	15	11	9	12	0.4389172901015769
J76	15	10	63	16	1.6668787685652002
\\ Dependencies 
182
1	2
1	7
2	5
2	8
3	4
3	6
3	7
3	10
4	6
4	7
4	8
4	9
5	6
5	7
5	9
5	10
6	8
7	9
7	10
9	10
11	15
11	16
11	18
12	13
12	15
12	17
13	14
13	17
13	18
13	20
14	16
14	18
14	19
14	20
15	16
15	19
15	20
16	17
17	18
18	19
18	20
19	20
21	23
21	24
21	26
21	27
21	28
21	29
22	23
22	24
22	25
22	26
22	28
22	29
23	24
23	29
24	28
24	29
25	27
25	28
25	29
27	29
30	31
30	32
30	33
30	34
30	36
30	38
30	39
31	32
31	33
31	35
31	37
31	38
31	40
31	41
32	33
32	36
32	41
32	42
33	36
33	37
33	38
33	39
33	40
34	35
34	36
34	37
34	38
34	41
34	42
35	36
35	38
35	40
36	37
36	38
36	42
37	38
37	41
38	39
38	40
38	42
39	42
40	41
40	42
43	47
43	48
43	52
44	47
44	48
45	46
45	47
45	48
45	49
45	50
45	51
46	47
46	48
46	49
46	51
46	52
47	49
47	50
50	51
53	55
53	64
54	55
54	56
54	58
54	59
54	64
55	57
55	58
55	63
56	57
56	59
56	61
56	62
56	63
56	64
57	58
57	60
58	62
58	63
58	64
59	60
59	61
59	62
59	63
60	61
60	64
61	62
61	63
62	63
65	66
65	69
65	73
65	76
66	70
66	73
66	76
67	69
67	76
68	74
68	76
69	70
69	74
69	76
70	73
70	74
70	75
70	76
71	72
71	74
71	75
71	76
72	73
72	74
73	74
73	75
73	76
74	75
