\\ machines
4
\\ max power
40
\\ Jobs in machine 1
10
J1	15	7	87	19	0.945168889392556
J2	15	10	22	11	1.538042501037699
J3	15	12	16	11	1.0276969294503493
J4	15	7	107	3	2.013473472645937
J5	15	6	31	12	2.0706486473047323
J6	14	10	9	14	0.7798597551634985
J7	16	1	13	18	0.9098706641842425
J8	15	5	23	4	0.713387164351494
J9	13	12	81	11	0.6639889466331244
J10	16	14	92	3	1.730906173329095
\\ Jobs in machine 2
11
J11	16	9	98	11	1.07844638099805
J12	14	13	88	6	1.2600282570242811
J13	14	5	35	2	1.6175941862393262
J14	15	8	57	4	1.1230034943422629
J15	15	10	71	2	1.7567593434391937
J16	13	12	15	13	0.6857459290539687
J17	15	2	66	1	1.3715514375650684
J18	15	3	92	2	0.1
J19	13	6	84	2	1.73329502115595
J20	16	1	93	9	0.7928513807372886
J21	14	11	80	13	0.899556274640794
\\ Jobs in machine 3
12
J22	15	2	80	15	1.1607439226931855
J23	15	10	13	7	1.8065837710450574
J24	13	13	77	2	0.3658193173478439
J25	15	12	67	10	1.575781095842701
J26	14	3	93	1	1.581606935458633
J27	15	12	21	13	1.167507953614537
J28	15	11	90	13	1.7518139100977579
J29	12	8	60	15	0.3894685274648024
J30	16	11	66	7	1.5034159548565325
J31	16	11	105	7	0.5018016802989093
J32	14	8	98	1	0.605352621875134
J33	15	7	45	15	1.6139541878693875
\\ Jobs in machine 4
10
J34	13	13	26	1	1.0338167540199465
J35	15	3	11	12	1.0976618220274879
J36	15	9	110	20	1.8510269263114485
J37	16	7	103	1	1.9057235691019274
J38	15	6	10	9	1.459407850537524
J39	12	6	40	17	0.5404765920656008
J40	14	5	68	15	1.7992270658338736
J41	14	3	96	17	1.2528074889201481
J42	15	6	30	15	0.9373524637378755
J43	14	11	16	2	2.1533134985577504
\\ Dependencies 
21
2	10
4	10
5	6
6	7
12	21
13	17
15	18
18	21
19	21
22	24
23	26
24	27
26	30
27	30
27	31
34	42
35	38
37	41
38	40
39	43
40	42
