\\ machines
15
\\ max power
150
\\ Jobs in machine 1
10
J1	16	12	36	1	1.3140263035889685
J2	15	12	56	73	1.7641876186067909
J3	14	10	35	85	0.7427153733903735
J4	16	3	62	58	0.797487955146619
J5	13	4	60	12	1.134389740410429
J6	15	11	106	40	0.999195762491521
J7	15	2	28	47	2.0399762994049784
J8	15	7	92	17	1.3935050262210773
J9	16	6	35	109	1.149747942465805
J10	13	3	95	58	1.781402708342387
\\ Jobs in machine 2
12
J11	16	4	29	50	1.2687708489169642
J12	16	1	44	76	1.196490218342077
J13	15	9	82	70	1.8379108021634822
J14	15	12	55	35	0.6334931195424262
J15	15	12	19	65	1.3278805316524178
J16	14	2	87	30	1.9879115524126052
J17	13	10	85	97	1.222455585374783
J18	13	7	70	29	0.7290310443484243
J19	16	6	10	81	1.346583977876368
J20	15	5	4	38	1.3095242115417505
J21	15	13	20	74	1.0052559097906493
J22	16	8	2	105	1.4148939089742072
\\ Jobs in machine 3
10
J23	16	9	74	42	0.48947475430275333
J24	13	11	30	99	1.362847311206744
J25	13	11	58	99	1.20372233318311
J26	14	8	31	10	2.24277892412781
J27	15	9	74	55	1.1251642433513764
J28	14	5	17	22	1.6031428682649818
J29	16	3	44	55	1.274507712230639
J30	13	3	2	63	0.3005595580272298
J31	12	4	88	110	0.696621744200286
J32	15	2	65	82	1.5204493606374962
\\ Jobs in machine 4
10
J33	14	3	41	86	1.0929339093159331
J34	16	9	86	91	0.4144355884163745
J35	15	14	12	5	0.19287064524086572
J36	13	7	5	18	2.1885727276981037
J37	15	7	61	86	2.2152107137572115
J38	14	4	24	84	1.500625482040986
J39	15	11	20	25	2.106889088029265
J40	14	10	78	6	0.9834388385318039
J41	15	10	94	10	1.0180312357031542
J42	14	8	103	8	0.8533247848183436
\\ Jobs in machine 5
11
J43	14	10	24	92	0.805678210857991
J44	14	10	48	71	0.4555449257963139
J45	13	7	23	96	0.9361082851956729
J46	15	11	76	45	1.480235629366977
J47	15	12	11	62	1.3947936405078727
J48	14	6	94	8	0.7928127418688069
J49	15	8	13	25	1.1223653432477918
J50	14	7	100	102	0.9727815642241382
J51	13	11	66	44	1.402038706970445
J52	15	4	61	85	1.2522845691851687
J53	15	9	28	84	0.7493283174739284
\\ Jobs in machine 6
11
J54	14	3	83	10	1.8171032223235621
J55	16	12	61	20	2.1965805796587645
J56	14	10	25	95	0.5938294952697358
J57	14	4	53	32	1.6236361136759894
J58	14	14	14	15	1.191020562801404
J59	14	4	52	86	1.3243627296304394
J60	16	4	74	75	1.3712633493167747
J61	16	5	106	70	0.7927202983246083
J62	13	9	28	58	1.1496569477056717
J63	16	3	87	26	0.6572623627210002
J64	14	6	85	78	0.996961355568448
\\ Jobs in machine 7
11
J65	13	14	14	59	1.2821836127522932
J66	14	6	34	48	0.6953332434044812
J67	15	6	23	105	1.013450594692738
J68	14	2	89	85	1.3802109035310524
J69	13	1	82	91	0.8435343626570138
J70	14	4	98	77	1.4327322727141611
J71	14	7	46	33	0.7974285233538323
J72	16	5	84	11	1.3591550959229863
J73	12	12	41	95	1.643540358183188
J74	15	1	109	41	0.5796583571770331
J75	14	1	88	54	1.745362702634069
\\ Jobs in machine 8
11
J76	12	14	58	2	0.799014987999648
J77	14	5	70	61	0.8910816113517559
J78	16	1	59	74	1.8033568735136631
J79	14	11	110	79	1.5441622877176555
J80	14	7	104	102	0.727422823002741
J81	14	9	25	56	0.8926268381000124
J82	14	12	88	59	0.8093640724089837
J83	13	12	2	65	0.5836341881784014
J84	13	14	29	70	1.1946023327686062
J85	16	4	20	42	0.9904663663756856
J86	15	5	78	39	1.5472635474037935
\\ Jobs in machine 9
9
J87	15	1	8	110	1.0086015887849242
J88	15	4	83	111	1.291759460818332
J89	15	1	96	88	2.116852888051598
J90	15	9	35	34	1.1937048474611347
J91	15	2	100	50	0.9149049083567895
J92	15	7	73	40	0.9560378978512935
J93	15	12	14	69	1.3039648444969394
J94	14	9	66	25	0.8181541168561407
J95	14	8	56	105	1.8886919809401257
\\ Jobs in machine 10
11
J96	16	2	110	98	2.3166530236592244
J97	14	13	89	48	1.2296961712978776
J98	16	1	32	97	1.6942148796175591
J99	15	6	50	40	2.095734314492414
J100	16	1	27	21	0.522201857130432
J101	15	10	19	26	0.47648678071745365
J102	16	14	54	85	2.2224731467658723
J103	14	11	78	66	1.4915173218096767
J104	16	5	60	108	1.366513211562169
J105	15	4	26	28	1.2969264558645723
J106	16	8	51	68	1.5561962355898376
\\ Jobs in machine 11
13
J107	15	13	87	66	1.2267262095994023
J108	14	14	28	109	1.7207335824544878
J109	13	10	60	44	2.0683727314801486
J110	14	11	52	35	1.6620104627644308
J111	14	7	18	52	0.6892148955171908
J112	14	5	107	107	1.8736898695883082
J113	13	7	107	89	0.14180364292619285
J114	14	3	35	38	1.032825359801299
J115	14	10	47	89	1.4622362982140404
J116	16	4	20	83	1.8004116921817428
J117	16	7	7	14	1.0214883696695054
J118	15	12	51	9	0.1
J119	13	3	63	74	0.9217101506492222
\\ Jobs in machine 12
12
J120	14	1	73	39	0.9852817023585617
J121	15	11	28	38	1.1855492806634338
J122	14	13	105	52	0.8653227194391078
J123	16	5	51	11	1.3238250120647668
J124	15	8	54	22	1.1592518906014473
J125	13	7	61	40	1.5070264146920804
J126	15	4	56	38	1.8551329540937327
J127	14	3	106	73	1.518940868686967
J128	13	14	106	89	1.931875761285334
J129	14	6	80	102	1.9567434033373448
J130	15	8	44	33	0.6932415400272939
J131	14	8	99	108	1.244357821704757
\\ Jobs in machine 13
9
J132	14	14	25	113	1.3479583436596667
J133	14	9	110	78	0.5255232848450023
J134	15	11	64	26	1.0867490232632635
J135	13	13	85	102	0.6633648908548885
J136	15	2	55	98	0.8791456158127023
J137	14	2	16	78	1.6074505814478317
J138	16	14	60	74	1.7211096354750315
J139	13	1	87	11	1.174190387964757
J140	13	14	54	69	1.567572896653107
\\ Jobs in machine 14
12
J141	15	13	37	35	0.8248981879595165
J142	14	3	5	47	1.221757319798158
J143	14	3	6	88	0.3490865371209382
J144	16	10	104	36	0.780663975130012
J145	15	6	9	94	0.518206372983472
J146	15	4	11	30	1.3667721100735923
J147	13	7	28	2	0.9703818452917211
J148	13	14	62	9	1.348174797825815
J149	15	9	31	64	1.1804525448644285
J150	14	13	26	111	0.20587609307471189
J151	16	14	99	100	1.4558051148349187
J152	15	14	14	105	2.2927905830570996
\\ Jobs in machine 15
12
J153	15	4	51	106	1.3954574912248006
J154	14	5	66	76	1.2176960951315265
J155	14	9	70	37	0.45630966284552277
J156	16	14	31	53	0.7333842575908163
J157	14	10	97	13	1.8619277298050978
J158	14	9	89	1	0.23937201027334754
J159	14	7	108	61	1.1577426193447984
J160	16	12	80	75	0.6979752544715881
J161	13	6	15	74	0.6284188536083715
J162	14	2	43	68	0.723919666334293
J163	16	6	21	108	1.6381814675210613
J164	15	6	9	65	0.9783303544950452
\\ Dependencies 
247
1	2
1	6
1	7
1	9
1	10
2	3
2	6
2	8
3	9
4	5
4	7
5	6
5	7
5	10
6	7
7	10
9	10
11	14
11	15
12	18
12	20
13	16
13	18
13	19
13	20
13	22
14	20
14	21
14	22
15	18
15	22
16	18
17	19
18	20
18	21
21	22
23	28
23	30
24	27
24	29
24	32
25	26
26	32
27	30
27	31
27	32
28	31
29	30
29	32
33	36
33	40
34	37
34	40
34	41
35	38
35	41
37	38
37	42
38	41
39	42
40	41
41	42
43	48
43	50
43	51
44	46
44	52
45	46
45	48
47	48
47	52
48	50
49	50
54	55
54	62
54	64
55	64
56	59
56	61
56	64
57	59
57	60
57	63
58	59
58	60
58	61
58	64
59	61
59	63
60	63
61	62
61	64
65	70
65	72
65	75
66	67
67	72
68	72
68	73
68	75
69	70
69	72
69	73
69	74
70	72
70	73
71	75
72	74
74	75
76	78
76	84
77	83
78	80
78	81
78	82
78	84
78	86
79	83
79	85
80	84
81	82
81	83
82	84
82	86
83	86
87	88
87	93
88	92
89	90
89	91
89	93
89	95
91	92
92	95
93	94
93	95
96	98
96	103
96	104
96	106
97	101
98	104
98	106
99	104
99	105
99	106
100	101
100	102
100	103
100	104
100	105
100	106
101	102
101	103
101	105
102	106
103	106
104	105
104	106
107	108
107	113
107	114
107	117
108	109
108	110
108	111
108	114
108	116
109	113
111	112
111	113
111	114
111	116
111	117
112	113
112	119
113	115
113	116
114	115
115	118
116	118
116	119
117	118
118	119
120	125
120	126
121	123
121	125
122	124
122	125
123	124
123	129
123	131
124	125
124	126
124	130
124	131
125	127
125	129
126	127
127	130
132	135
132	139
133	135
133	138
133	140
135	138
136	140
137	139
137	140
141	142
141	143
141	148
141	149
141	152
142	144
142	149
142	150
142	152
143	148
143	149
144	147
144	148
144	150
145	146
145	150
146	150
146	151
147	152
148	149
149	151
149	152
150	151
153	157
154	161
154	162
155	157
156	158
156	161
156	162
156	163
157	161
158	159
158	160
158	162
160	163
163	164
