\\ machines
20
\\ max power
200
\\ Jobs in machine 1
12
J1	15	1	12	45	0.7165044681405315
J2	15	13	110	69	1.4511586288874856
J3	15	13	58	99	1.114101924550418
J4	14	14	86	68	0.1
J5	16	1	26	13	1.2072581338326782
J6	15	12	47	60	1.7584276347654226
J7	14	1	33	31	0.6737359432413019
J8	15	13	58	61	1.4915663759663522
J9	12	6	94	95	1.6060020604691967
J10	16	1	52	15	0.47777506909295264
J11	14	12	83	44	1.126221935722072
J12	14	11	89	59	1.3910283570998345
\\ Jobs in machine 2
11
J13	15	9	89	75	0.39430235751473075
J14	17	4	109	73	0.7018093971577505
J15	14	13	83	39	1.1492228743385244
J16	15	9	11	50	1.3403061315794982
J17	15	4	12	60	0.3977858226239851
J18	15	4	70	73	0.7758244185058818
J19	15	7	18	44	1.442439328037454
J20	14	4	30	2	1.2225313940945857
J21	15	14	70	99	1.2391889533477873
J22	15	10	58	21	1.512699117523562
J23	14	1	25	52	0.36100832632940183
\\ Jobs in machine 3
12
J24	14	8	87	10	1.5682556440213622
J25	14	7	92	63	1.2396552661933846
J26	15	4	30	31	1.4446791821292477
J27	15	12	2	64	1.3088207850243754
J28	14	5	41	9	1.5826365891723189
J29	12	5	34	81	1.0906064799232007
J30	14	1	49	26	1.5065478111091892
J31	16	9	85	19	1.8481858594930616
J32	15	5	65	44	1.353961078942011
J33	16	12	20	51	2.216217809807228
J34	16	3	45	26	1.9145577455426896
J35	13	11	5	44	2.346479145478474
\\ Jobs in machine 4
11
J36	14	12	71	12	1.2739885494749787
J37	16	1	79	73	1.5745214790434896
J38	15	2	23	40	0.9008269339965937
J39	12	13	101	13	1.4727271550262935
J40	14	14	72	36	1.624100069997853
J41	14	4	59	8	0.628142243290576
J42	14	5	70	63	1.3848754037113924
J43	13	11	80	58	1.9330577574132635
J44	15	11	11	99	1.373142009432142
J45	13	2	48	35	1.3940524865915114
J46	13	13	7	86	0.43756327046557464
\\ Jobs in machine 5
12
J47	14	2	96	26	0.9095239024759061
J48	13	8	89	19	1.273938016498032
J49	16	13	14	74	1.33938043525912
J50	13	10	23	45	1.3334376213479626
J51	13	4	7	75	0.712951486769761
J52	15	5	26	67	1.3725456395317894
J53	16	10	92	5	2.0096680825110527
J54	15	14	49	100	1.2957687421158794
J55	16	2	102	90	1.0252642329444372
J56	13	4	90	84	0.7932482285656417
J57	15	14	69	27	1.1124235950541437
J58	14	14	17	82	1.0035017259757422
\\ Jobs in machine 6
12
J59	15	1	43	5	1.660994380903537
J60	15	13	23	75	1.7441174800656947
J61	13	7	110	62	1.51205339796682
J62	15	12	3	55	1.0948907904026137
J63	15	6	41	92	0.756791995065826
J64	14	3	70	70	0.8484359312844295
J65	15	14	17	41	1.5747606431755736
J66	15	2	2	33	1.4819469982091336
J67	15	11	31	66	1.3751639383614915
J68	16	11	98	86	1.8992983085173658
J69	14	10	34	19	1.3533566737097522
J70	14	6	93	62	1.4400782385479982
\\ Jobs in machine 7
11
J71	14	7	29	46	1.8044008333422878
J72	13	8	63	25	1.266071406289717
J73	12	11	95	9	0.8947540034018583
J74	14	3	95	96	1.557832954924624
J75	14	13	82	99	1.335100763359653
J76	15	13	9	75	0.9571353577718389
J77	15	4	20	84	1.0841135500433858
J78	13	4	92	3	1.3111448703899398
J79	14	11	13	23	0.5390538057291172
J80	15	13	5	5	1.4410838198453269
J81	15	14	99	22	1.5791282616618654
\\ Jobs in machine 8
10
J82	15	13	101	31	1.9713019159684313
J83	14	2	54	78	0.5526191584641523
J84	16	3	70	26	1.6209968862329844
J85	14	9	6	69	1.0977705447499766
J86	15	10	44	53	1.808593627016493
J87	14	14	67	47	0.8252238841582531
J88	13	2	39	33	1.6695984407996414
J89	16	3	60	40	0.7276634728957587
J90	15	13	7	31	1.1181786010716206
J91	14	10	51	19	1.8058721595280627
\\ Jobs in machine 9
10
J92	14	1	67	2	1.243557449708727
J93	16	6	12	87	1.3116090166477212
J94	16	2	73	28	1.0488008306471754
J95	14	5	19	6	1.6155393347865674
J96	16	12	14	73	1.6521860368694252
J97	15	9	98	94	0.5479133184185307
J98	13	9	99	98	1.0869627449167132
J99	16	10	56	78	1.81527534781273
J100	13	7	42	92	1.102255064815962
J101	17	12	24	4	0.8279908092229298
\\ Jobs in machine 10
12
J102	15	14	103	9	0.9885536074600427
J103	13	1	32	50	0.5642493910113812
J104	15	4	52	29	1.0463230362457665
J105	15	14	31	52	1.709508100090918
J106	14	8	15	47	2.4272725704733538
J107	14	9	54	99	0.5129872447895222
J108	15	8	22	97	1.1866268205396184
J109	14	10	52	52	0.21671533204486138
J110	13	4	25	71	2.0206139504945284
J111	13	12	88	13	1.043606928320426
J112	15	11	106	32	1.2592993945905961
J113	15	12	29	74	1.1489701530331582
\\ Jobs in machine 11
13
J114	13	13	24	72	2.2194256872622162
J115	14	12	45	71	0.811950892783273
J116	15	10	23	58	0.990217806976006
J117	14	11	68	21	1.912131818123007
J118	13	5	19	1	0.8352607993674988
J119	15	6	25	37	0.9486087174234695
J120	14	11	2	1	1.273371835241317
J121	14	7	13	17	2.1737543869359945
J122	14	10	97	19	0.852742742791192
J123	14	2	95	40	0.1
J124	15	13	42	27	1.0859486567427905
J125	14	1	58	61	1.295224558833344
J126	14	14	67	68	1.2369312270009711
\\ Jobs in machine 12
10
J127	16	9	47	43	2.156901858551479
J128	16	10	49	75	1.3374217688329135
J129	15	12	14	76	0.1
J130	16	11	39	67	1.2105000165824307
J131	14	9	100	37	1.3617477333113595
J132	15	4	15	49	0.7220037654069075
J133	13	8	109	39	2.0838394364682946
J134	14	14	58	27	1.5123769321539735
J135	16	2	90	93	1.082295300989264
J136	14	13	42	4	0.9897935461402066
\\ Jobs in machine 13
12
J137	15	14	78	42	1.2647189693024017
J138	14	8	95	28	2.38882396608701
J139	14	12	82	9	1.2879817597080505
J140	14	10	47	45	1.0525548006579346
J141	15	3	57	60	0.8601377576918947
J142	14	1	21	77	1.5478761843043436
J143	15	13	39	18	1.8654700837027252
J144	14	3	82	3	1.0926968127691463
J145	15	3	86	18	1.8273548268616393
J146	14	4	84	49	2.332307566048791
J147	13	9	101	53	0.7637023767313436
J148	14	6	56	78	0.1
\\ Jobs in machine 14
12
J149	14	11	77	92	1.2128711360502804
J150	15	5	16	87	0.9491429332006828
J151	15	2	10	92	1.6528716126783964
J152	12	2	76	11	1.0930482210447159
J153	14	1	41	92	0.9457481729219712
J154	13	1	70	83	0.5375735921623401
J155	15	4	18	90	1.0346126155395046
J156	15	2	74	10	0.5443138215500968
J157	15	1	60	47	0.8762206040225096
J158	13	3	20	56	1.202260463761633
J159	15	6	49	49	1.023419595342114
J160	16	8	12	100	1.3640261154386195
\\ Jobs in machine 15
10
J161	17	12	82	9	0.8609910581434279
J162	15	11	43	87	2.5743132030424376
J163	14	14	86	47	0.8894451980690077
J164	13	9	88	16	0.6398499223226173
J165	13	7	82	30	1.0251724479929567
J166	14	14	60	50	0.9288631216945245
J167	15	3	47	49	0.7670588601067951
J168	14	8	58	41	1.3340087714043973
J169	13	7	83	64	0.9912955014661025
J170	17	14	2	100	1.0275162492385026
\\ Jobs in machine 16
12
J171	13	1	93	6	0.7997542550682265
J172	13	10	41	81	2.1699816802259844
J173	12	13	35	43	0.9200731504615522
J174	16	1	104	51	0.9577868366234057
J175	15	3	30	52	1.8869026069464243
J176	14	14	44	13	0.31980281496352037
J177	15	8	20	17	1.7527547055111818
J178	15	3	102	63	1.5795872510338749
J179	13	10	73	87	1.7192155285063588
J180	13	14	85	34	1.7232766836449454
J181	12	4	88	5	0.9553615062396918
J182	15	4	99	62	0.4997572470129087
\\ Jobs in machine 17
10
J183	14	8	72	61	1.0067511138488097
J184	16	12	80	73	1.3756633100171367
J185	13	7	38	24	1.2290829015841893
J186	14	11	46	59	1.744088330887422
J187	15	9	39	97	1.5000616104349127
J188	15	1	28	27	1.6353649488974438
J189	16	7	16	38	0.8528812689564318
J190	14	13	83	79	0.556929325033478
J191	14	8	86	71	1.0459678547043456
J192	16	3	65	74	0.1
\\ Jobs in machine 18
12
J193	15	12	66	48	0.7684100575896683
J194	14	7	34	78	0.9569289082723078
J195	14	2	58	87	1.9737039788530408
J196	17	7	83	39	1.9778911626361242
J197	14	2	33	68	1.6953057640074665
J198	17	12	35	19	0.8817244456681159
J199	15	8	101	53	1.3290318694310974
J200	15	1	14	28	1.9652804434150979
J201	16	8	47	42	0.6580321844559028
J202	15	5	8	51	0.8560257658556334
J203	16	5	109	75	1.1165773748284153
J204	12	10	22	30	1.8168922988397171
\\ Jobs in machine 19
11
J205	14	7	72	85	0.7885862974742689
J206	13	2	51	61	1.7182303386663653
J207	14	1	104	11	0.956502666585054
J208	16	5	55	97	0.8311195782219312
J209	16	8	12	38	1.0310423755910822
J210	14	7	54	4	1.2601886286892963
J211	14	12	7	58	1.3225102583340111
J212	13	6	35	61	1.1893301265004228
J213	15	8	5	62	0.9165857717799986
J214	15	11	43	71	0.4564059652775021
J215	17	10	38	36	1.2606639450865795
\\ Jobs in machine 20
10
J216	14	6	47	75	1.225391819818479
J217	14	13	38	86	0.6228623079267537
J218	15	6	81	55	1.3395587401083628
J219	16	12	84	66	1.5460381886292853
J220	14	5	47	94	0.8474088837234746
J221	16	14	53	25	0.8890437082500966
J222	15	2	35	4	0.4904727185773805
J223	15	12	96	15	1.8162490066195582
J224	15	14	96	51	2.2029919342536166
J225	16	11	33	58	0.5328128386168697
\\ Dependencies 
579
1	4
1	6
1	7
1	9
1	10
1	12
2	3
2	4
2	5
2	9
2	10
2	12
3	4
3	5
3	6
3	8
3	10
3	12
4	6
4	8
4	12
5	9
5	11
6	9
6	11
7	8
7	11
8	9
8	10
8	11
9	10
9	12
10	12
11	12
13	17
13	19
13	20
13	21
13	23
14	15
14	16
14	17
14	19
14	20
14	22
14	23
15	18
15	21
15	22
16	17
16	18
16	19
16	21
16	22
16	23
18	22
18	23
19	20
19	22
19	23
20	21
20	22
20	23
22	23
24	25
24	27
24	28
24	32
24	33
24	35
25	27
25	30
25	31
25	33
26	27
26	29
26	30
26	31
27	28
27	30
27	31
27	35
28	29
28	30
28	32
28	35
29	30
29	32
29	33
29	34
29	35
30	31
30	33
31	34
33	34
33	35
34	35
36	39
36	41
37	40
37	43
38	39
38	40
38	41
38	43
38	44
38	45
38	46
39	40
39	42
39	45
39	46
40	41
40	44
40	45
41	43
41	44
42	43
42	45
42	46
43	46
44	45
47	48
47	49
47	50
47	51
47	53
47	54
48	49
48	52
48	56
49	50
49	53
49	54
49	58
50	52
50	54
50	56
50	57
51	52
51	53
51	54
51	55
51	56
51	58
52	53
52	56
52	57
53	54
53	55
53	57
53	58
54	56
54	57
54	58
59	62
59	64
59	65
59	67
59	70
60	63
60	65
60	66
60	67
60	69
60	70
61	63
61	64
61	67
61	68
61	70
62	66
62	67
62	69
63	65
63	66
63	69
63	70
64	66
64	67
64	69
65	66
65	68
65	70
66	68
66	70
71	75
71	76
71	77
72	74
72	76
72	78
72	79
72	80
72	81
73	74
73	76
73	77
73	80
73	81
74	75
74	77
74	78
74	79
75	78
76	78
76	79
76	80
76	81
77	78
77	79
77	80
79	80
79	81
80	81
82	84
82	88
82	89
83	84
83	85
83	86
83	88
83	89
83	91
84	86
84	87
84	88
85	89
85	90
86	87
86	88
86	89
86	90
86	91
87	88
87	89
87	90
88	89
88	91
89	90
89	91
92	94
92	96
92	100
92	101
93	95
93	96
93	97
93	98
93	100
93	101
94	96
94	98
94	99
95	96
95	97
95	99
96	97
96	98
96	101
97	98
97	99
98	99
98	101
99	100
99	101
100	101
102	103
102	104
102	108
102	109
102	110
103	104
103	109
103	111
103	113
104	108
104	111
104	112
105	106
105	109
105	110
105	111
105	113
106	110
106	111
106	112
107	109
107	110
107	111
107	112
107	113
108	110
108	111
108	113
109	110
110	111
110	113
111	113
114	117
114	122
114	126
115	117
115	118
115	120
115	122
115	123
115	126
116	117
116	118
116	121
116	124
117	118
117	122
117	123
117	124
118	119
118	120
118	121
118	126
119	121
119	123
119	124
119	126
120	126
121	122
121	124
121	126
122	123
122	124
122	125
122	126
123	124
124	126
125	126
127	131
127	132
127	135
127	136
128	134
128	135
128	136
129	131
129	133
129	136
130	132
130	134
130	135
131	133
132	133
132	135
132	136
133	135
133	136
134	136
137	138
137	139
137	142
137	145
137	146
138	139
138	140
138	145
138	146
138	147
138	148
139	142
139	143
139	145
139	146
139	148
140	141
140	143
140	144
140	146
140	147
141	143
141	145
141	146
142	148
143	147
144	146
145	147
146	147
146	148
149	153
149	155
149	156
149	157
149	158
149	159
150	151
150	152
150	156
150	157
150	159
150	160
151	153
151	154
151	157
151	158
151	159
151	160
152	156
152	158
153	158
153	160
154	155
154	156
154	158
154	160
155	156
155	160
156	159
156	160
157	159
158	159
161	162
161	163
161	165
161	166
161	168
161	170
162	163
162	165
162	166
162	169
162	170
163	164
163	169
164	165
164	166
165	167
165	168
165	169
166	167
166	169
167	169
167	170
168	169
171	175
171	180
171	181
171	182
172	175
172	177
172	179
173	174
173	175
173	177
173	179
173	180
173	182
174	175
174	176
174	178
174	179
175	176
175	177
175	178
175	179
175	180
175	181
175	182
176	179
176	180
176	182
177	178
177	179
177	180
177	181
178	179
178	181
179	181
180	181
181	182
183	184
183	185
183	186
183	187
183	188
183	191
184	187
184	189
184	192
185	186
185	188
185	192
186	187
186	188
187	188
187	189
187	190
188	192
189	190
189	191
189	192
193	194
193	195
193	196
193	197
193	202
193	204
194	195
194	197
194	198
194	200
194	201
195	197
195	198
195	199
195	201
195	202
196	198
196	199
196	202
196	203
196	204
197	198
197	200
197	202
197	204
198	203
199	200
199	201
199	202
199	203
199	204
200	204
201	202
201	203
202	203
205	206
205	210
205	213
206	207
206	209
206	211
206	214
207	209
207	211
207	213
207	215
208	209
208	212
208	215
209	210
209	213
209	214
210	211
210	212
210	213
211	212
211	214
211	215
212	214
213	214
216	217
216	219
216	220
216	221
216	223
216	224
217	218
217	220
217	221
217	223
217	224
218	220
218	223
218	225
219	220
219	221
219	222
219	223
219	225
220	223
220	225
224	225
