\\ machines
10
\\ max power
100
\\ Jobs in machine 1
11
J1	12	2	60	2	0.1
J2	14	12	30	47	0.851541653804216
J3	15	5	9	25	1.3057936982901215
J4	15	2	21	26	0.6441362653075989
J5	12	11	108	25	2.0764874252596592
J6	15	2	93	28	0.5934808347701681
J7	13	12	2	4	1.2655011551541877
J8	14	11	106	42	1.809628425630899
J9	18	8	68	17	1.742727085655837
J10	15	9	85	6	1.8781037149607782
J11	16	5	70	14	0.32128668504120816
\\ Jobs in machine 2
14
J12	15	8	33	35	0.8578974720115945
J13	15	6	36	30	1.011270771470722
J14	14	3	33	33	1.1150781895615225
J15	16	6	92	12	1.5555395011187878
J16	15	11	60	19	0.9783290829854757
J17	13	2	62	16	0.5772173467787457
J18	14	6	47	28	1.1044277260498148
J19	15	14	11	15	0.9606799633038168
J20	15	9	28	35	1.768000153684739
J21	14	3	47	4	0.8003510242020282
J22	14	6	13	15	0.9635265899387826
J23	14	8	42	18	0.4079110492959538
J24	15	14	61	37	0.48319984055455945
J25	16	9	77	36	1.1375084455997555
\\ Jobs in machine 3
12
J26	13	3	17	2	0.6696881178212346
J27	15	10	20	15	1.1113652366377473
J28	15	3	80	8	0.3714285849535631
J29	14	2	29	3	1.7868629077013423
J30	14	2	70	39	1.9955032387022436
J31	13	6	86	17	1.363771804720365
J32	14	11	75	31	1.2254701872148774
J33	14	6	46	48	1.4488358945200681
J34	15	11	65	45	1.9293159722517286
J35	16	6	59	39	0.9673736212846682
J36	16	8	37	10	1.0533746049208204
J37	16	11	27	17	0.4459595803410652
\\ Jobs in machine 4
12
J38	14	14	14	41	0.8618521640093472
J39	14	12	100	38	1.3978409325214831
J40	14	9	17	11	2.37862728087985
J41	14	3	15	19	0.8824184577957217
J42	14	9	9	8	0.7070613282950131
J43	15	5	84	13	1.4001566653116357
J44	15	6	82	7	1.492174426346741
J45	17	11	34	21	1.2165791133584665
J46	15	8	42	47	0.8028753481491921
J47	13	2	11	24	0.8242417332514713
J48	15	11	89	2	1.5996707008051159
J49	14	8	24	47	1.3135846816415335
\\ Jobs in machine 5
11
J50	15	13	104	23	0.8449850072895252
J51	16	14	83	27	1.2307962897474705
J52	14	3	47	45	1.63195997264167
J53	15	12	82	48	0.91365084079184
J54	14	8	53	13	0.8429345265278593
J55	15	10	11	2	1.158186298452601
J56	16	10	37	26	1.2591641386290333
J57	15	13	16	45	1.570306593150626
J58	15	14	43	50	0.8377359520623326
J59	16	12	67	32	1.978700475846472
J60	14	4	9	37	1.0538689832875616
\\ Jobs in machine 6
12
J61	15	2	102	18	0.3088379085919176
J62	14	6	33	47	0.8106833294286633
J63	14	1	55	36	1.1883555000874222
J64	15	6	20	47	1.8362253890551736
J65	14	1	19	50	0.7957345609852033
J66	16	1	6	22	0.8575412261041889
J67	14	11	50	41	0.8182711968511296
J68	15	10	91	33	0.8169557031133783
J69	14	6	33	46	0.41822040731246424
J70	16	2	50	48	1.71107373679012
J71	14	3	9	43	0.270170729416528
J72	16	4	14	4	1.521664880624003
\\ Jobs in machine 7
12
J73	16	2	47	36	0.1
J74	13	13	107	47	0.5982134991476442
J75	13	7	31	25	1.8165786176142074
J76	13	9	58	17	2.654821917021093
J77	15	13	83	6	1.1841554297682462
J78	16	2	102	25	1.7784745539693732
J79	14	12	74	5	1.3142969418988135
J80	16	9	61	48	0.5545207569952761
J81	15	4	15	12	1.0415969292277585
J82	14	3	44	16	1.0852603312049809
J83	13	9	78	15	0.9863748262522809
J84	13	13	67	41	1.7151699806011138
\\ Jobs in machine 8
9
J85	14	3	39	42	0.9868062081233884
J86	13	3	65	32	1.450414127359882
J87	15	13	109	4	1.5225921858054705
J88	14	3	99	3	2.0511715320012427
J89	14	14	90	7	1.3994279735359385
J90	14	7	26	10	1.5357513530004177
J91	17	11	109	5	0.9781143060770571
J92	14	10	108	34	0.7362115235148801
J93	16	9	33	42	0.9557128382417953
\\ Jobs in machine 9
11
J94	15	6	55	21	1.362593751183372
J95	14	12	77	19	0.8549483735689802
J96	13	9	62	25	1.8890493963731303
J97	12	14	42	1	1.1094128645500878
J98	14	4	97	32	0.9355583878648636
J99	14	9	16	23	1.0991653299316868
J100	16	8	102	16	1.7632034303126702
J101	15	4	42	2	1.11008261464034
J102	13	9	71	46	1.635352950811822
J103	17	5	48	34	1.2488891093915513
J104	15	14	57	27	1.1166172103505458
\\ Jobs in machine 10
11
J105	14	5	20	18	1.7409838562369935
J106	14	12	6	24	0.7882531009668245
J107	13	9	5	19	0.7144915322573105
J108	15	1	97	40	2.494500168690233
J109	15	8	103	9	0.856523888213651
J110	15	7	101	49	1.193257001539841
J111	16	3	40	30	1.229510436282677
J112	14	3	89	23	1.209366869519441
J113	14	9	94	45	1.5964045995886131
J114	15	3	3	32	1.1004790624174743
J115	13	12	50	10	1.6049311275720197
\\ Dependencies 
496
1	2
1	3
1	4
1	5
1	7
1	8
1	9
1	11
2	3
2	4
2	5
2	6
2	7
2	8
2	9
2	10
3	4
3	5
3	6
3	7
3	8
3	9
3	11
4	5
4	7
4	8
4	9
4	11
5	6
5	7
5	8
5	9
5	10
5	11
6	7
6	8
6	9
6	10
7	8
7	10
7	11
8	9
8	10
8	11
9	10
9	11
10	11
12	13
12	15
12	16
12	17
12	19
12	21
12	22
12	24
12	25
13	14
13	15
13	17
13	18
13	19
13	20
13	21
13	22
13	23
13	24
13	25
14	15
14	16
14	17
14	18
14	19
14	20
14	21
14	23
14	24
14	25
15	16
15	17
15	18
15	19
15	20
15	22
15	24
16	18
16	22
16	23
16	24
17	20
17	21
17	22
17	23
17	24
17	25
18	19
18	20
18	21
18	22
18	23
18	25
19	20
19	21
19	22
19	23
19	24
19	25
20	22
20	23
20	24
20	25
21	22
21	23
21	24
21	25
22	23
22	24
22	25
23	25
26	27
26	28
26	30
26	31
26	32
26	34
26	35
26	36
27	28
27	29
27	30
27	31
27	33
27	34
27	37
28	29
28	30
28	31
28	32
28	34
28	35
28	36
28	37
29	30
29	32
29	33
29	34
29	35
29	37
30	31
30	32
30	34
30	35
30	36
30	37
31	32
31	34
31	36
32	33
32	35
32	36
32	37
33	34
33	35
33	36
33	37
34	35
34	36
34	37
35	36
35	37
36	37
38	39
38	41
38	42
38	43
38	45
38	46
38	49
39	40
39	41
39	42
39	43
39	44
39	45
39	46
39	48
39	49
40	41
40	44
40	45
40	48
40	49
41	42
41	44
41	45
41	46
41	48
41	49
42	43
42	44
42	45
42	46
42	47
42	48
42	49
43	44
43	45
43	46
43	47
43	49
44	45
44	46
44	47
44	48
44	49
45	46
45	47
45	49
46	47
46	48
46	49
47	48
47	49
48	49
50	51
50	54
50	55
50	56
50	57
50	58
50	59
50	60
51	52
51	53
51	54
51	55
51	56
51	57
51	58
51	59
51	60
52	55
52	56
52	58
52	59
52	60
53	55
53	56
53	57
53	58
53	59
53	60
54	55
54	56
54	58
54	59
55	57
55	58
55	59
56	57
56	58
56	59
56	60
57	58
57	59
57	60
58	60
59	60
61	62
61	65
61	66
61	68
61	70
61	71
61	72
62	63
62	64
62	65
62	66
62	68
62	69
62	70
62	71
62	72
63	64
63	65
63	67
63	68
63	69
63	71
63	72
64	65
64	66
64	67
64	68
64	69
64	70
64	71
65	67
65	68
65	69
65	70
65	72
66	67
66	68
66	69
66	70
66	71
67	68
67	69
67	70
67	71
67	72
68	69
68	70
68	71
68	72
69	70
69	71
69	72
70	71
70	72
71	72
73	74
73	75
73	77
73	78
73	79
73	80
73	81
73	82
73	84
74	76
74	77
74	78
74	80
74	82
74	84
75	76
75	78
75	80
75	82
75	83
75	84
76	77
76	78
76	79
76	80
76	81
76	82
76	83
76	84
77	78
77	80
77	81
77	82
77	83
77	84
78	79
78	80
78	81
78	82
78	83
79	80
79	81
79	82
79	83
80	81
80	82
80	83
81	82
81	83
81	84
82	83
82	84
83	84
85	86
85	87
85	88
85	89
85	90
85	91
85	92
85	93
86	87
86	88
86	89
86	92
86	93
87	88
87	90
87	92
87	93
88	91
88	92
89	90
89	91
89	92
89	93
90	91
90	92
90	93
91	92
91	93
92	93
94	95
94	96
94	101
94	102
94	103
94	104
95	97
95	98
95	99
95	100
95	101
95	102
95	103
95	104
96	97
96	98
96	99
96	100
96	102
96	103
96	104
97	98
97	99
97	100
97	101
97	102
97	103
98	99
98	100
98	101
98	102
98	103
98	104
99	101
99	102
99	103
99	104
100	101
100	102
100	103
100	104
101	102
101	103
102	104
103	104
105	108
105	109
105	110
105	112
105	113
105	115
106	107
106	108
106	109
106	110
106	111
106	112
106	113
106	114
106	115
107	108
107	109
107	110
107	111
107	112
107	114
107	115
108	109
108	110
108	111
108	112
108	113
108	114
108	115
109	110
109	111
109	112
109	113
109	114
109	115
110	111
110	112
110	114
110	115
111	112
111	113
112	113
112	114
112	115
113	114
113	115
114	115
