\\ machines
25
\\ max power
250
\\ Jobs in machine 1
12
J1	14	14	38	31	2.3552305700115674
J2	16	14	44	28	1.5889172489098533
J3	16	2	25	24	0.805111606836051
J4	15	10	87	13	0.7087816088679444
J5	14	7	50	38	0.1
J6	14	12	84	13	1.3685599398410242
J7	14	6	28	64	1.0133730951847573
J8	16	13	26	4	1.2340204517755113
J9	17	14	85	51	1.7274495743152292
J10	14	8	36	108	1.5735292684091595
J11	14	13	47	17	1.2064376256679115
J12	15	8	93	162	0.25639037204206516
\\ Jobs in machine 2
11
J13	14	3	12	164	0.3163925541553303
J14	16	5	101	104	0.8993399374204919
J15	14	9	67	44	2.0517089355859732
J16	14	8	48	129	0.9980018285064052
J17	13	14	82	12	1.3777594028060476
J18	13	4	88	102	1.006473459412062
J19	14	7	9	24	2.8447174524749417
J20	13	11	58	92	0.704608617154467
J21	15	2	56	161	1.1281667751996496
J22	13	13	100	13	1.4910395738735334
J23	14	10	29	110	1.0928620853678106
\\ Jobs in machine 3
11
J24	16	11	15	164	0.5914829704339554
J25	16	9	16	100	1.1556971323483254
J26	15	13	57	76	0.6229901604910861
J27	13	2	96	165	1.0479668183071986
J28	15	4	95	85	0.7417570801733024
J29	14	14	8	51	0.4929929611008109
J30	12	14	55	103	1.2200598771870999
J31	15	12	77	95	1.4589653579655473
J32	16	2	67	5	1.4196759587986776
J33	13	1	58	109	1.5165756137783248
J34	14	5	67	24	1.5389081321749567
\\ Jobs in machine 4
11
J35	13	7	5	6	1.1871620350048384
J36	14	13	71	172	1.1404653157758136
J37	14	6	86	113	1.2810089850195276
J38	15	9	22	136	0.532116902652677
J39	14	5	107	123	1.172257683959649
J40	17	12	104	63	2.1184537332424314
J41	16	6	12	93	1.9523287151146924
J42	15	9	39	26	1.5222704487408543
J43	15	8	5	59	2.0973031590321494
J44	15	8	93	118	0.27765559976940546
J45	14	8	91	167	1.8706043675361816
\\ Jobs in machine 5
12
J46	13	11	25	163	2.0777017248290806
J47	15	11	15	46	1.7527226766650865
J48	16	5	91	24	1.0128055755627432
J49	16	1	102	42	1.6796826581101683
J50	17	6	25	106	1.3579099480877155
J51	14	1	98	136	0.981728453958079
J52	13	7	87	160	1.3651761540011784
J53	17	13	77	104	0.3129527846816472
J54	14	7	109	4	0.3501195196283069
J55	13	12	106	149	1.2084955120056122
J56	14	12	36	145	1.1153754715780155
J57	13	13	88	114	1.6753256574167317
\\ Jobs in machine 6
11
J58	14	14	31	6	0.982577248212109
J59	16	14	44	136	1.9042688451458019
J60	16	6	3	167	0.8179591357829763
J61	15	7	7	164	0.7138076033673885
J62	14	11	76	51	1.2354524614844011
J63	15	3	32	76	2.383822619483079
J64	16	10	53	121	1.3733918663589912
J65	16	11	26	25	1.1962112391779254
J66	14	6	43	117	0.9821858572137373
J67	14	9	21	133	0.8507211150282752
J68	16	12	74	108	0.642538780003274
\\ Jobs in machine 7
10
J69	15	8	78	8	1.0760961587657294
J70	13	7	28	47	2.0440212525908525
J71	13	11	52	38	1.5009363294995137
J72	14	8	107	166	0.9902044061773883
J73	14	11	16	150	1.232880453100248
J74	14	14	98	142	1.2336413309053957
J75	16	3	48	151	1.3830010901137455
J76	14	3	23	104	0.6491418132907654
J77	15	10	40	168	1.2537112035237505
J78	15	8	9	102	1.8135993676421482
\\ Jobs in machine 8
11
J79	16	10	13	101	1.8827818243213368
J80	12	14	74	175	1.0978320038349951
J81	13	9	39	153	1.4123627569080062
J82	13	5	81	186	1.0721140405848113
J83	14	11	37	143	1.013499467147814
J84	14	13	88	151	0.9177587563346044
J85	14	6	73	164	1.3354449385108496
J86	14	13	63	163	0.656139405145987
J87	14	2	4	73	1.3340495078360513
J88	15	4	77	5	0.8652142357645884
J89	17	9	87	113	1.7299085242444476
\\ Jobs in machine 9
11
J90	13	2	92	166	0.6363989938330049
J91	14	14	59	41	1.6307571457122312
J92	16	2	43	85	1.6218892719871612
J93	14	10	79	181	0.9566371987806961
J94	15	10	100	27	0.6284697450100706
J95	15	3	21	119	1.4401393088827337
J96	15	1	28	64	1.6511900602390077
J97	14	12	47	90	0.5784273273792728
J98	15	14	83	8	0.8586372651426302
J99	14	1	107	147	1.4329724518826714
J100	15	1	74	167	0.7047698262776956
\\ Jobs in machine 10
13
J101	15	2	91	64	0.8055085264939258
J102	14	3	6	148	0.1
J103	15	7	47	17	0.34137226268069176
J104	16	7	90	134	0.7447141223831387
J105	14	5	59	181	2.0225085361424586
J106	15	3	88	112	1.8115219484749598
J107	14	12	92	175	1.5350063739423168
J108	16	7	68	143	1.2077775856002215
J109	14	1	42	40	1.0854524700948645
J110	15	6	65	39	1.925271724803797
J111	14	12	34	156	1.2176029053486788
J112	15	7	110	79	0.9067450218471933
J113	16	3	74	139	2.445916973788521
\\ Jobs in machine 11
10
J114	15	4	87	108	1.3925775386919692
J115	14	5	47	127	1.1047266879844488
J116	13	8	54	51	0.7314167430486878
J117	16	2	26	114	0.8426348114085471
J118	13	14	44	129	2.1498066642769054
J119	15	2	38	73	1.7255077548413327
J120	14	7	95	154	1.0936771165830586
J121	14	3	10	125	1.8640232143966244
J122	13	11	60	3	1.6567104174590865
J123	17	4	76	105	1.5089853479250424
\\ Jobs in machine 12
8
J124	12	1	104	59	1.1262040414302128
J125	16	6	70	43	1.4745598709888985
J126	14	13	52	122	0.9178415700455157
J127	15	4	30	165	1.057957197669221
J128	13	14	70	138	1.2613761705508233
J129	15	6	104	78	0.8484313209012186
J130	16	4	29	84	1.237481767487749
J131	14	4	110	175	1.0018880911142598
\\ Jobs in machine 13
12
J132	16	4	2	87	1.596226368891695
J133	15	3	85	41	2.027330273311124
J134	14	8	14	159	1.770771915377574
J135	14	8	105	6	1.8746688992246987
J136	13	14	102	8	0.5507931535785714
J137	15	9	70	120	1.6909559525570186
J138	13	3	37	109	1.7688234009859665
J139	15	10	66	68	0.9103480409302964
J140	15	2	89	83	0.8434540373960913
J141	14	14	82	86	0.8314952223165679
J142	13	6	41	70	1.6062379480127766
J143	14	2	50	170	1.598390861159969
\\ Jobs in machine 14
14
J144	14	12	64	92	1.3519936774846344
J145	14	1	50	131	1.0625881438342115
J146	16	7	20	7	0.1
J147	16	2	18	7	0.9030976106161479
J148	16	7	30	32	1.2042978872561616
J149	15	1	79	41	1.2701854898545775
J150	15	8	65	109	2.0108395076741603
J151	13	7	54	182	1.0216957822262351
J152	15	8	12	33	1.349156967705072
J153	15	11	10	65	1.126595232702145
J154	15	3	15	74	1.2570928778435302
J155	14	8	76	97	1.6087957284857812
J156	14	14	95	114	1.2509934509529717
J157	15	7	82	33	1.348896369113065
\\ Jobs in machine 15
11
J158	16	3	29	120	1.3031279521967427
J159	14	14	37	95	1.4896328562795496
J160	13	3	29	65	0.1
J161	16	8	58	144	0.8749179715269155
J162	14	4	3	8	0.353807911637814
J163	12	11	11	102	0.9016607058085075
J164	15	2	67	105	0.1
J165	16	14	86	6	0.8457431005659841
J166	15	8	13	171	0.408803135360271
J167	15	13	33	35	1.1986254419899478
J168	16	5	68	67	0.4021438760244632
\\ Jobs in machine 16
12
J169	14	1	33	47	1.2618110902398183
J170	15	4	37	54	2.0880567006507813
J171	14	9	79	135	2.280192236832688
J172	13	3	45	29	0.5720695411886333
J173	13	4	74	127	1.3692778755857757
J174	16	12	22	26	1.3016637768645398
J175	15	12	57	179	1.453264713112544
J176	11	5	9	115	1.3949986837358874
J177	14	12	29	108	0.3583062202530616
J178	15	12	103	149	2.3395815011212813
J179	13	2	92	122	1.6986103777756232
J180	16	8	87	123	1.1885561704359249
\\ Jobs in machine 17
12
J181	15	12	57	9	1.7650475715069667
J182	16	10	47	164	1.4354400745697304
J183	13	5	110	71	1.681566662032068
J184	13	2	4	14	1.7824596657640839
J185	15	10	71	87	1.294215588921566
J186	16	3	35	36	0.9360661963783159
J187	14	5	59	165	1.370454948375508
J188	14	13	11	25	0.9442361832410109
J189	13	13	81	93	1.3487337233042778
J190	15	14	27	61	1.7835580309698886
J191	15	4	93	100	1.3352068466489257
J192	16	10	45	26	1.1017559013798106
\\ Jobs in machine 18
11
J193	16	11	40	119	1.0390864702406994
J194	14	3	30	52	0.5883231079329345
J195	14	13	100	20	1.8365141162330598
J196	13	10	19	94	1.281624542566552
J197	15	11	81	185	1.5643970793763275
J198	16	5	69	180	0.9350579085236959
J199	15	9	39	156	1.2040211137952617
J200	14	12	24	122	2.278885343289547
J201	15	12	37	122	1.1267733803641042
J202	14	7	53	12	0.6369962176100463
J203	15	10	90	86	1.5354718633157969
\\ Jobs in machine 19
11
J204	14	5	78	130	1.8599042787776643
J205	14	12	96	76	1.4298671197593742
J206	15	7	99	72	1.0566647666099396
J207	14	8	3	38	1.6605237917364928
J208	14	3	69	90	1.1936348331204039
J209	15	4	27	56	1.0549860720869306
J210	14	7	59	111	1.514616000569571
J211	13	11	84	119	1.311466307690251
J212	14	2	58	106	1.1353781940544323
J213	15	11	72	11	2.1098558196364756
J214	14	3	103	145	1.7404237440588417
\\ Jobs in machine 20
9
J215	13	9	71	15	1.6243530281195824
J216	15	7	90	14	0.6509249421895704
J217	14	7	100	163	1.6875707805452378
J218	13	2	90	138	1.3245052598069238
J219	15	3	68	126	1.4919507089274544
J220	14	14	49	120	0.8346070602287938
J221	14	8	81	146	2.1229076855819313
J222	13	4	49	47	1.5369907932226952
J223	14	14	109	177	0.8182842736073334
\\ Jobs in machine 21
9
J224	16	9	91	22	0.4117630438365487
J225	14	4	24	13	1.696391731008927
J226	15	1	83	99	1.4369088865997837
J227	16	4	33	181	2.1859308259199244
J228	15	12	52	85	0.29595825792685804
J229	13	6	3	126	1.6616316204314647
J230	16	10	85	173	1.5576993128159953
J231	16	14	16	157	1.2751279631862789
J232	15	14	50	5	1.9603855178285223
\\ Jobs in machine 22
12
J233	16	10	71	60	1.845107103924723
J234	15	11	25	3	1.0281072635272328
J235	14	14	101	80	1.1870209515318195
J236	13	2	9	101	1.0433308963658585
J237	15	3	22	129	2.32170307142598
J238	15	12	22	55	1.705771418965806
J239	15	4	44	181	0.9335074759349626
J240	15	3	76	30	0.865853500950312
J241	15	9	29	43	1.0025859649057558
J242	14	12	69	141	1.0316799593354151
J243	15	14	44	85	1.2246792597122431
J244	14	9	95	162	1.9037433191327118
\\ Jobs in machine 23
13
J245	13	3	8	99	2.0331082654615513
J246	14	11	89	94	1.706910067360586
J247	14	1	99	14	0.9506250193138104
J248	14	14	85	66	1.2892073943095472
J249	14	5	93	104	1.926589154284351
J250	14	11	92	15	0.9142224722691289
J251	14	1	57	132	2.101147135990121
J252	14	11	97	95	1.1097918169089813
J253	14	9	18	109	0.6727779523958913
J254	15	3	18	20	1.8291894840408967
J255	16	2	56	116	1.2992276960240017
J256	15	11	12	87	1.3765041970457756
J257	14	1	69	81	1.5897501012040973
\\ Jobs in machine 24
12
J258	15	4	35	84	1.516416466003953
J259	14	11	58	132	0.85595605847931
J260	14	1	24	123	1.1010971625191641
J261	16	11	10	120	0.5031897655398121
J262	15	14	36	8	0.3343465035378521
J263	14	8	15	33	0.8735239207334122
J264	17	2	2	178	1.275258110771071
J265	14	8	10	85	1.4834609737035276
J266	15	7	82	39	2.1064438556556686
J267	15	3	2	53	1.0916315724514347
J268	14	10	101	52	1.4891783739602582
J269	14	3	110	72	1.4870358598542586
\\ Jobs in machine 25
10
J270	15	1	46	49	1.671658983348523
J271	14	3	8	142	1.0038856435222105
J272	13	10	63	12	1.7037994275864452
J273	14	12	70	47	0.8313674506247954
J274	14	5	36	138	1.2325604568386352
J275	14	2	71	123	1.681062552500943
J276	14	11	49	158	1.9128324898360158
J277	14	2	32	31	0.5903608232706472
J278	14	1	89	1	2.4066874815470864
J279	13	7	29	143	1.8500399301481631
\\ Dependencies 
996
1	6
1	7
1	8
1	9
1	11
1	12
2	4
2	5
2	6
2	7
2	9
2	10
2	11
3	4
3	6
3	7
3	8
3	9
3	11
3	12
4	9
4	12
5	6
5	7
5	8
5	10
5	11
6	8
6	9
6	10
6	11
6	12
7	8
7	9
7	10
7	11
7	12
8	10
8	12
9	11
9	12
10	12
11	12
13	14
13	15
13	17
13	18
13	20
13	21
13	22
13	23
14	15
14	16
14	17
14	19
14	22
14	23
15	16
15	17
15	18
15	21
15	22
15	23
16	17
16	18
16	19
16	20
16	22
16	23
17	18
17	19
17	21
17	22
17	23
18	20
18	21
18	22
19	20
19	21
19	22
19	23
20	21
20	22
21	22
21	23
24	25
24	30
24	31
24	32
24	33
24	34
25	26
25	27
25	28
25	31
25	34
26	27
26	28
26	29
26	30
26	31
26	32
26	34
27	28
27	29
27	30
27	31
27	32
27	33
27	34
28	29
28	31
28	32
28	33
28	34
29	30
29	31
29	32
29	33
29	34
30	31
30	33
30	34
31	32
31	33
32	34
33	34
35	38
35	39
35	40
35	41
35	42
35	43
35	44
35	45
36	38
36	39
36	40
36	41
36	42
36	44
37	38
37	39
37	40
37	43
37	44
38	39
38	40
38	42
38	44
38	45
39	40
39	42
39	43
39	44
39	45
40	43
40	44
40	45
41	42
41	43
42	43
43	44
44	45
46	49
46	50
46	51
46	53
46	55
46	56
46	57
47	48
47	52
47	53
47	54
47	56
47	57
48	49
48	51
48	54
48	55
48	56
48	57
49	50
49	52
49	55
50	51
50	52
50	53
50	54
51	56
51	57
52	53
52	55
52	56
52	57
53	54
53	55
53	56
53	57
54	55
54	56
55	56
55	57
56	57
58	62
58	63
58	64
58	65
58	66
58	67
58	68
59	60
59	61
59	63
59	64
59	65
59	66
59	67
59	68
60	61
60	63
60	64
60	66
60	67
60	68
61	62
61	63
61	65
61	67
61	68
62	63
62	64
62	66
62	67
62	68
63	64
63	65
63	66
63	67
64	65
64	66
64	67
64	68
65	66
66	67
66	68
67	68
69	71
69	72
69	74
69	76
69	78
70	72
70	74
71	72
71	73
71	74
71	75
71	77
71	78
72	73
72	74
72	76
72	77
72	78
73	78
74	77
74	78
75	77
75	78
76	77
76	78
77	78
79	80
79	81
79	82
79	83
79	84
79	85
79	86
79	87
79	88
80	81
80	82
80	83
80	84
80	85
80	88
81	82
81	83
81	84
81	85
81	87
81	88
82	83
82	84
82	86
82	88
82	89
83	84
83	85
83	88
83	89
84	87
84	88
84	89
85	86
85	87
85	88
85	89
86	87
86	88
86	89
87	88
87	89
88	89
90	91
90	92
90	93
90	94
90	96
90	97
90	98
90	99
91	92
91	93
91	95
91	98
91	99
91	100
92	93
92	94
92	96
92	99
93	94
93	95
93	98
93	99
94	96
94	98
94	99
95	96
95	98
95	99
96	97
96	98
96	99
97	98
98	99
98	100
99	100
101	102
101	103
101	104
101	105
101	107
101	108
101	109
101	113
102	103
102	104
102	108
102	109
102	110
102	111
102	113
103	104
103	105
103	106
103	107
103	108
103	109
103	110
103	111
103	113
104	105
104	106
104	107
104	108
104	109
104	110
104	111
104	112
104	113
105	107
105	108
105	110
105	112
105	113
106	108
106	111
106	112
106	113
107	110
107	111
107	112
108	109
108	110
108	111
108	112
108	113
109	110
109	111
109	112
109	113
110	111
110	112
110	113
111	112
111	113
114	115
114	116
114	117
114	118
114	119
114	121
114	122
115	117
115	119
115	120
115	123
116	117
116	119
116	121
116	123
117	119
117	120
117	121
117	122
117	123
118	120
118	121
118	122
118	123
119	122
119	123
120	121
120	122
120	123
121	122
121	123
122	123
124	125
124	126
124	129
124	130
124	131
125	126
125	127
125	128
125	129
125	130
126	128
126	129
126	130
126	131
127	129
127	131
128	129
128	130
128	131
130	131
132	134
132	135
132	136
132	141
132	143
133	135
133	136
133	137
133	138
133	139
133	141
133	142
133	143
134	135
134	136
134	139
134	140
134	142
135	137
135	141
135	142
135	143
136	137
136	139
136	140
136	141
136	142
137	138
137	139
137	140
137	141
138	139
138	140
138	142
138	143
139	141
139	142
139	143
140	142
140	143
141	142
141	143
142	143
144	145
144	146
144	147
144	148
144	149
144	150
144	152
144	153
144	156
145	146
145	147
145	148
145	149
145	150
145	151
145	152
145	153
145	154
145	155
145	156
146	147
146	148
146	149
146	150
146	153
146	155
146	156
146	157
147	149
147	157
148	149
148	151
148	153
148	154
148	157
149	151
149	152
149	153
149	154
149	156
149	157
150	152
150	153
150	154
150	155
150	157
151	152
151	153
151	155
151	156
152	153
152	154
152	155
152	156
153	154
153	156
154	155
154	156
154	157
155	157
156	157
158	159
158	160
158	162
158	164
158	165
158	166
158	168
159	160
159	161
159	162
159	163
159	164
159	165
159	166
159	167
159	168
160	161
160	162
160	164
160	165
160	168
161	165
161	167
161	168
162	164
162	165
162	166
162	167
162	168
163	165
163	166
163	167
164	166
164	167
165	166
165	167
165	168
166	167
167	168
169	171
169	173
169	174
169	175
169	176
169	177
169	179
169	180
170	171
170	172
170	176
170	178
170	179
170	180
171	173
171	174
171	175
171	176
171	177
171	180
172	173
172	175
172	176
172	178
172	179
172	180
173	174
173	175
173	177
174	175
174	177
174	180
175	177
175	178
175	179
175	180
176	177
176	178
176	179
176	180
177	178
177	179
177	180
181	182
181	183
181	184
181	185
181	186
181	188
181	189
181	190
181	191
182	185
182	186
182	187
182	188
182	189
182	192
183	186
183	188
183	190
183	191
184	186
184	191
185	186
185	187
185	188
185	189
185	190
185	191
185	192
186	187
186	188
186	190
186	192
187	189
187	190
187	191
187	192
188	189
188	190
188	191
188	192
189	190
189	192
190	192
193	194
193	195
193	196
193	197
193	198
193	199
193	200
193	201
194	196
194	197
194	199
194	200
194	201
194	202
194	203
195	196
195	197
195	198
195	200
195	202
196	198
196	199
196	200
196	201
196	203
197	198
197	202
198	200
198	202
198	203
199	202
199	203
200	201
201	202
201	203
202	203
204	205
204	206
204	207
204	210
204	212
204	214
205	206
205	207
205	208
205	210
205	211
205	212
205	213
205	214
206	207
206	208
206	209
206	210
206	212
206	213
207	209
207	210
207	211
207	213
208	209
208	210
208	211
208	212
208	213
208	214
209	210
209	211
209	214
210	211
211	212
211	213
211	214
212	213
212	214
213	214
215	217
215	218
215	219
215	220
215	222
215	223
216	218
216	220
216	221
216	222
216	223
217	219
217	220
217	221
217	223
218	219
218	220
218	221
218	222
219	220
219	221
219	222
219	223
220	221
220	223
221	222
221	223
224	225
224	227
224	228
224	229
224	230
224	231
224	232
225	228
225	230
225	231
225	232
226	228
226	229
226	232
227	228
227	231
227	232
228	229
228	232
229	230
229	231
229	232
230	231
230	232
233	234
233	235
233	236
233	237
233	238
233	239
233	240
233	242
233	244
234	236
234	237
234	238
234	241
234	243
234	244
235	236
235	237
235	238
235	239
235	240
235	241
235	242
235	243
236	237
236	239
236	241
236	242
236	243
236	244
237	238
237	239
237	240
237	241
237	243
237	244
238	241
238	243
238	244
239	240
239	242
239	244
240	241
240	242
241	242
241	243
241	244
245	246
245	247
245	248
245	249
245	251
245	252
245	253
245	254
245	255
245	256
245	257
246	247
246	248
246	249
246	251
246	252
246	253
246	254
246	255
246	257
247	248
247	249
247	250
247	251
247	252
247	253
247	254
247	255
247	256
247	257
248	249
248	250
248	252
248	253
248	254
248	256
249	250
249	252
249	253
250	252
250	253
250	254
250	255
250	256
251	252
251	254
251	256
251	257
252	254
252	255
252	257
253	256
254	255
254	256
254	257
255	256
258	259
258	260
258	261
258	263
258	264
258	265
258	266
258	268
258	269
259	261
259	262
259	263
259	265
259	266
259	267
259	268
259	269
260	261
260	262
260	263
260	264
260	267
260	269
261	263
261	264
261	265
261	266
261	267
262	263
262	264
262	265
262	267
262	268
263	264
263	265
263	268
264	265
264	266
264	267
264	269
266	267
266	268
267	269
270	271
270	272
270	273
270	274
270	275
270	276
270	278
270	279
271	272
271	275
271	277
271	279
272	273
272	274
272	275
272	277
272	278
273	274
273	275
273	276
273	278
274	276
274	278
274	279
275	276
275	277
275	279
276	277
276	279
277	278
277	279
278	279
