\\ machines
8
\\ max power
80
\\ Jobs in machine 1
10
J1	13	7	87	17	1.214655100419572
J2	15	8	60	18	1.1454793520627264
J3	14	5	13	1	1.3054866643138174
J4	16	9	35	2	0.826245258419184
J5	14	3	2	7	1.3256731959334735
J6	15	11	72	5	2.005624110569538
J7	14	1	66	18	0.4830049442649187
J8	15	12	92	16	1.2125850497355533
J9	16	5	56	8	0.7616403738871613
J10	14	2	102	1	0.7915117890357461
\\ Jobs in machine 2
12
J11	15	1	69	9	1.6042049149654765
J12	15	5	64	3	0.8355812502831337
J13	14	10	104	2	1.130403252439143
J14	14	8	46	20	0.4137210964601823
J15	15	13	81	19	1.0791232294041482
J16	13	3	102	6	1.3897940641674067
J17	16	6	102	3	0.9146793881275044
J18	16	12	28	2	0.3635284061808358
J19	14	9	103	4	0.8206673503921282
J20	15	8	10	19	0.9568568853130698
J21	14	12	103	15	1.4261740672430057
J22	15	4	29	14	1.5525559099345982
\\ Jobs in machine 3
10
J23	16	6	79	7	1.9867108596319916
J24	16	8	76	6	0.9837284473761841
J25	14	14	9	4	0.5465842311307209
J26	14	3	45	5	0.9758668648509538
J27	15	12	31	4	0.8705261058405415
J28	14	9	38	3	1.642820190586676
J29	14	12	40	9	0.2843685456625862
J30	15	7	77	13	0.8688013707397901
J31	14	11	23	17	1.0320760815505146
J32	14	1	25	19	0.16315215510036962
\\ Jobs in machine 4
11
J33	14	13	38	7	0.15976737469639968
J34	15	5	18	12	0.6240539903825345
J35	15	6	8	12	1.5774074916291072
J36	15	5	82	4	1.2867226990077816
J37	14	1	89	11	1.8828795114290726
J38	15	4	19	11	1.8566366473003542
J39	14	9	17	17	1.5574327492383513
J40	14	8	82	16	1.1272848481756659
J41	15	1	56	20	1.1312004544252656
J42	15	6	49	13	0.7346898564799247
J43	15	1	73	16	1.70704031961092
\\ Jobs in machine 5
12
J44	16	10	97	5	1.056526009802045
J45	14	9	9	8	1.4258846880874756
J46	14	7	83	18	1.5720460833216214
J47	14	14	76	10	0.8803429482417455
J48	14	7	105	9	0.8935928997422425
J49	15	4	41	15	0.8786189484024371
J50	16	13	19	15	0.9705675148553012
J51	14	10	48	17	2.0328615087044932
J52	15	4	107	19	0.8992616836255433
J53	14	6	77	5	1.395003579089987
J54	13	3	79	20	1.0767114106504605
J55	15	13	45	18	1.117916773447588
\\ Jobs in machine 6
10
J56	14	12	97	3	0.38516671749734954
J57	15	5	60	20	0.9130608906873453
J58	13	5	92	5	1.6815253979808427
J59	14	9	54	5	0.9998002265463872
J60	14	4	105	2	0.7468677364320739
J61	14	10	68	6	0.7035454079240036
J62	14	13	82	11	1.8900718425557388
J63	13	2	45	11	2.292321806180698
J64	11	3	69	5	1.461639627297454
J65	14	7	74	2	1.3840217893570328
\\ Jobs in machine 7
10
J66	14	6	104	5	0.1
J67	13	1	54	5	0.7514790640170932
J68	16	14	58	19	0.7178203791807718
J69	15	5	74	20	0.48889437342787456
J70	15	11	15	2	1.0913762041862545
J71	16	5	49	20	0.8580480936581573
J72	16	6	101	14	1.934634259705991
J73	14	2	21	8	1.7321797918065238
J74	16	3	87	7	1.0497283914534181
J75	14	5	11	15	0.5433063764161207
\\ Jobs in machine 8
11
J76	13	14	66	5	1.052836692682921
J77	13	6	77	8	1.1516672782847428
J78	15	14	5	4	0.7187291470697282
J79	15	7	97	5	1.7548052231657374
J80	15	8	41	5	1.4486703016723963
J81	17	13	102	10	1.1504562183677587
J82	14	11	2	10	1.5697961002671628
J83	15	12	28	20	1.3101896214404791
J84	15	7	63	10	1.2653403204783478
J85	13	10	78	12	1.212674260708005
J86	16	4	15	7	1.2397316700847358
\\ Dependencies 
383
1	2
1	3
1	4
1	5
1	6
1	7
1	8
1	9
1	10
2	3
2	5
2	6
2	7
2	8
2	9
2	10
3	4
3	5
3	6
3	8
3	9
3	10
4	5
4	6
4	7
4	8
4	10
5	6
5	7
5	8
5	9
5	10
6	7
6	8
6	9
6	10
7	8
7	9
7	10
8	9
8	10
9	10
11	14
11	15
11	16
11	17
11	18
11	19
11	20
11	21
11	22
12	13
12	14
12	15
12	16
12	17
12	18
12	19
12	20
12	21
12	22
13	14
13	15
13	16
13	17
13	18
13	19
13	20
13	21
13	22
14	15
14	16
14	17
14	18
14	19
14	21
14	22
15	16
15	17
15	18
15	19
15	20
15	21
15	22
16	17
16	18
16	19
16	20
16	21
16	22
17	18
17	19
17	20
17	21
18	19
18	20
18	21
18	22
19	20
19	21
20	22
21	22
23	24
23	25
23	26
23	27
23	28
23	29
23	30
23	31
23	32
24	25
24	27
24	28
24	29
24	31
24	32
25	26
25	28
25	29
25	30
25	31
25	32
26	27
26	28
26	29
26	30
26	31
26	32
27	28
27	30
27	31
27	32
28	29
28	30
28	31
28	32
29	30
29	31
29	32
30	32
31	32
33	34
33	35
33	36
33	37
33	38
33	39
33	40
33	41
33	42
33	43
34	35
34	36
34	37
34	38
34	39
34	40
34	41
34	42
34	43
35	36
35	38
35	39
35	41
35	43
36	37
36	38
36	39
36	40
36	41
36	42
37	38
37	39
37	40
37	41
37	42
38	39
38	40
38	41
38	42
38	43
39	40
39	41
39	42
39	43
40	41
40	42
40	43
41	42
41	43
42	43
44	45
44	46
44	47
44	48
44	49
44	50
44	51
44	52
44	53
44	54
44	55
45	47
45	48
45	49
45	50
45	51
45	52
45	53
45	54
45	55
46	47
46	48
46	49
46	50
46	51
46	52
46	53
46	54
46	55
47	48
47	49
47	50
47	51
47	52
47	54
47	55
48	49
48	51
48	52
48	53
48	54
49	50
49	51
49	52
49	53
49	54
50	51
50	52
50	53
50	54
50	55
51	52
51	53
51	55
52	53
52	54
52	55
53	54
53	55
54	55
56	57
56	58
56	59
56	60
56	61
56	62
56	63
56	64
57	58
57	59
57	60
57	61
57	62
57	63
57	64
58	59
58	60
58	61
58	62
58	64
58	65
59	60
59	61
59	62
59	63
59	64
59	65
60	61
60	62
60	63
60	64
60	65
61	62
61	63
61	64
61	65
62	63
62	64
62	65
63	64
63	65
64	65
66	68
66	69
66	70
66	71
66	72
66	73
66	74
66	75
67	68
67	69
67	70
67	71
67	72
67	73
67	74
67	75
68	69
68	70
68	72
68	73
68	74
68	75
69	70
69	71
69	72
69	73
70	71
70	72
70	73
70	74
70	75
71	72
71	74
71	75
72	73
72	74
73	74
73	75
74	75
76	77
76	78
76	79
76	80
76	81
76	82
76	83
76	84
76	85
76	86
77	78
77	79
77	80
77	81
77	83
77	84
77	85
77	86
78	79
78	80
78	81
78	82
78	83
78	84
78	85
78	86
79	80
79	81
79	83
79	84
79	85
80	81
80	82
80	84
80	85
80	86
81	82
81	83
81	84
81	85
81	86
82	83
82	84
82	85
82	86
83	85
83	86
84	85
84	86
85	86
