\\ machines
25
\\ max power
250
\\ Jobs in machine 1
9
J1	14	3	93	2	2.082068879036473
J2	15	3	18	188	1.2929751937078118
J3	14	9	55	104	1.886441284221843
J4	14	9	37	103	1.1428565719406363
J5	14	2	42	74	0.6979325061844023
J6	14	3	21	117	1.5615731480933026
J7	15	2	84	168	0.9619339181455484
J8	13	3	5	160	2.055085680938175
J9	15	1	15	91	0.8427049334328074
\\ Jobs in machine 2
10
J10	15	8	110	158	1.5363006866831972
J11	16	5	95	116	1.1440223674977115
J12	15	13	93	120	1.296963435803109
J13	14	5	23	120	1.4423527141762642
J14	16	8	95	94	2.069950034608829
J15	14	13	23	85	0.5652657944839903
J16	15	3	64	117	1.4281873529861364
J17	14	3	101	168	0.8567741712537511
J18	13	9	19	168	0.6299176741668943
J19	15	9	62	153	0.9599387641392708
\\ Jobs in machine 3
11
J20	14	13	42	23	0.8041397862224576
J21	17	4	78	22	1.4828420846381423
J22	13	7	69	179	0.43697817832402186
J23	14	1	79	128	0.9364307459317236
J24	16	6	83	110	1.03265041456271
J25	16	8	87	44	1.0083764625454066
J26	15	9	42	32	1.2539373011027872
J27	14	10	89	138	1.7988690409468133
J28	14	6	73	146	1.314911623364677
J29	15	9	74	60	1.548865737166666
J30	14	13	67	102	1.3337505003168784
\\ Jobs in machine 4
9
J31	14	3	65	143	1.8404696327771497
J32	15	3	72	20	1.4840176631319615
J33	14	6	102	100	0.7068036386602525
J34	14	10	89	142	1.288115423854815
J35	15	6	76	32	1.417089931587268
J36	14	2	91	95	0.9868150507775371
J37	16	10	16	9	0.8111829787106279
J38	14	1	42	75	1.67056572684419
J39	14	3	41	184	1.2717107860532053
\\ Jobs in machine 5
13
J40	13	5	101	5	1.8865226966458202
J41	13	12	45	123	0.7608741197761014
J42	16	12	28	86	1.626579366512844
J43	15	6	97	38	0.5607547808223754
J44	15	8	39	75	1.2582572562980263
J45	15	11	58	117	1.1528840808233365
J46	15	5	7	132	1.5400674997310995
J47	15	5	46	27	1.576914547423175
J48	15	13	60	22	1.7050133273858765
J49	15	13	95	67	0.5360771756949152
J50	14	5	107	61	1.359071966390867
J51	14	1	32	145	0.8552806985329096
J52	16	12	86	102	1.7503927697177848
\\ Jobs in machine 6
11
J53	15	12	92	6	1.3119694821089187
J54	14	2	52	38	0.9462892071982891
J55	15	3	69	172	1.1311260275690267
J56	13	14	96	23	0.5555008767549487
J57	17	9	110	70	1.9636487362092647
J58	15	14	28	44	1.5336346761575887
J59	12	14	106	143	1.2049833785239286
J60	15	5	74	106	1.680897904420982
J61	13	8	39	8	0.5142844158154815
J62	14	2	86	164	1.5833704763790526
J63	14	13	89	7	1.5233020470448573
\\ Jobs in machine 7
12
J64	14	9	78	36	1.7954201385786188
J65	13	13	61	66	1.6792363489901014
J66	14	9	31	21	1.6552912630996253
J67	14	9	88	63	1.5803443832349169
J68	14	7	9	115	0.9499154053770387
J69	17	2	88	4	1.153326567637915
J70	15	14	9	111	1.2274062720515462
J71	13	7	54	18	0.1
J72	14	11	4	155	1.7175351680212219
J73	15	11	83	123	1.8166789342117875
J74	13	5	58	140	0.6216965673382518
J75	16	6	98	171	2.1433172175155377
\\ Jobs in machine 8
11
J76	14	9	19	171	0.49784804321101395
J77	15	2	40	122	1.4415772596447411
J78	14	2	73	80	0.5687183131895978
J79	15	3	98	24	0.678449088084294
J80	15	9	110	178	0.5473389310728347
J81	14	5	41	50	1.5654782350277463
J82	15	8	106	91	1.4042668633226352
J83	14	4	69	46	1.304481789222868
J84	15	12	73	126	0.9495829071493982
J85	15	9	82	26	1.8090937398594065
J86	13	2	49	123	1.9580716622999825
\\ Jobs in machine 9
9
J87	14	4	57	110	0.7939278141879422
J88	15	3	62	146	0.75759338406405
J89	15	7	20	99	2.3722159832434526
J90	15	1	13	56	1.2093833611393565
J91	16	8	29	169	0.45724559865100856
J92	14	11	31	42	0.748438856100152
J93	16	12	35	41	1.5744161052577508
J94	16	11	78	88	1.4311508047016708
J95	16	12	30	112	1.1689516354267493
\\ Jobs in machine 10
10
J96	14	6	94	145	0.8669553246351562
J97	15	14	27	167	1.188241974679214
J98	14	11	8	175	1.1791877370102544
J99	16	2	106	90	1.1972255262140095
J100	14	1	32	98	2.358058150107732
J101	15	1	76	141	1.554082816280558
J102	14	4	42	55	0.47543943904650454
J103	15	14	4	37	1.3398665879370255
J104	13	2	110	6	1.3717346391415046
J105	15	10	9	60	1.2120250706479474
\\ Jobs in machine 11
10
J106	14	2	54	30	1.8985892168057912
J107	15	10	80	18	0.7864355956913991
J108	14	8	103	89	1.0701359993358586
J109	14	14	97	184	1.8558612812606128
J110	14	12	106	176	1.32992078526137
J111	13	5	73	61	1.6500393142738339
J112	15	12	64	13	1.3153294616788826
J113	14	1	32	160	0.9236214151687698
J114	16	4	105	58	1.705532579257432
J115	16	2	23	44	1.2239284939987358
\\ Jobs in machine 12
11
J116	16	8	48	186	2.1230833544230094
J117	15	13	2	120	0.9353128248552008
J118	15	7	96	110	0.8714877601199158
J119	16	9	48	102	1.3320225501561307
J120	14	4	85	23	1.1100055222902676
J121	14	3	17	85	1.2487915470373283
J122	14	10	109	152	1.4282684012956666
J123	16	8	44	92	1.0199840961127349
J124	15	4	12	178	0.28136486651442316
J125	15	11	40	118	1.666213714017119
J126	15	1	32	92	1.4243181339676934
\\ Jobs in machine 13
11
J127	16	12	100	46	1.4780690590500603
J128	15	3	108	127	1.004158651496087
J129	14	3	40	16	1.3693721623898027
J130	15	3	38	135	0.7949658327414366
J131	15	7	64	157	0.850311608341899
J132	13	1	17	33	1.170508187085068
J133	13	4	54	151	0.9850479468926365
J134	14	12	55	56	1.1391243412091132
J135	14	5	106	91	0.9686040978234856
J136	15	6	23	25	0.9248992178307738
J137	15	10	100	170	1.0578339245374637
\\ Jobs in machine 14
11
J138	13	1	31	145	1.0118152786555343
J139	15	4	36	137	0.7464871872361845
J140	15	14	49	1	1.2298420918455086
J141	14	4	77	101	0.9311176321798957
J142	15	6	31	64	0.9232011481515797
J143	14	3	47	75	1.836763491732935
J144	14	10	21	148	0.7182159976658339
J145	14	5	72	96	1.3270203016994657
J146	16	11	51	30	2.1228626769146937
J147	15	10	82	55	1.3974813521750031
J148	15	14	60	97	2.4237426222788976
\\ Jobs in machine 15
11
J149	13	2	14	66	1.6190539233333459
J150	14	4	37	151	0.9473166555564649
J151	14	3	106	170	0.980195310970586
J152	14	13	5	142	0.785364830158718
J153	13	7	93	1	0.8759217159265822
J154	13	3	60	79	1.6212907265312837
J155	14	12	22	53	1.7400371640366874
J156	14	10	58	164	0.49868857968376434
J157	14	8	80	17	1.5661855825607047
J158	13	5	72	147	0.8705898465630018
J159	14	5	12	64	1.2028326382289873
\\ Jobs in machine 16
10
J160	14	10	20	48	1.1875079119464433
J161	13	4	86	62	0.507144552124905
J162	15	2	43	97	0.5706274775799074
J163	15	3	46	166	1.3497025351881735
J164	14	12	92	73	2.098923452749498
J165	15	10	46	8	1.3725051630315825
J166	13	4	57	25	1.5679831315456227
J167	15	3	69	132	0.997454152956901
J168	15	7	42	155	1.379120654269077
J169	15	5	50	25	0.8017486541360759
\\ Jobs in machine 17
11
J170	16	9	62	148	1.36093651226675
J171	16	7	3	32	0.40728581616369186
J172	16	4	77	144	0.7422726579553015
J173	14	5	52	171	0.3541674987021255
J174	16	4	46	168	0.4796543449511551
J175	15	3	38	2	1.7464532445469272
J176	14	11	106	104	1.1853620277913213
J177	13	5	72	135	0.4132335685827341
J178	16	8	104	119	0.6519566449529692
J179	13	10	80	75	1.3127335985829889
J180	14	3	28	82	1.6461438789758265
\\ Jobs in machine 18
12
J181	16	4	58	42	1.3993603859011146
J182	16	11	86	53	0.7106673542440956
J183	15	8	24	187	1.7444218382462942
J184	13	4	13	166	0.8977899562010043
J185	16	10	101	15	2.0224734557943056
J186	12	14	56	137	1.1730908578299708
J187	16	3	65	186	0.9510183983285738
J188	15	6	46	33	0.2744750113590937
J189	14	7	37	130	0.7739865484842257
J190	14	9	79	34	0.5121163210977137
J191	15	6	104	72	1.2181058129933806
J192	13	2	68	65	0.868372441529585
\\ Jobs in machine 19
11
J193	15	5	44	41	0.23565872895894158
J194	15	7	101	52	0.7634072741463547
J195	15	6	10	174	1.274400506424821
J196	15	12	96	117	1.4086508444082848
J197	15	8	65	52	0.6133445379249288
J198	14	8	106	182	1.4916774871652054
J199	13	2	70	46	1.3718943886217367
J200	13	11	17	109	1.650249509527674
J201	16	3	93	97	0.49328649025025584
J202	14	5	49	64	1.464969235250219
J203	15	5	70	174	1.6890694421950951
\\ Jobs in machine 20
12
J204	15	7	44	187	1.1424775938134855
J205	14	9	88	44	2.5318384919076795
J206	16	4	108	99	1.7552066726821365
J207	15	11	79	43	1.2189583501806707
J208	15	8	44	139	0.5986657553759057
J209	14	3	21	147	1.4609033761929897
J210	15	13	22	140	0.8917374190118329
J211	14	4	79	21	1.135292627956141
J212	15	12	106	116	1.7864023749464595
J213	14	6	9	24	1.231822578797016
J214	14	6	67	63	1.101769118693672
J215	14	6	54	36	0.7635265068005591
\\ Jobs in machine 21
11
J216	14	3	99	71	1.3099954526374793
J217	14	1	37	43	0.7372567208952052
J218	16	3	109	100	0.9416325698025692
J219	16	6	13	70	0.4652343887873306
J220	15	5	3	27	1.2762872433571975
J221	12	8	60	57	0.9225813957982971
J222	15	13	39	154	1.9515000559052558
J223	14	14	63	23	1.066392549752127
J224	14	12	2	176	1.3277785818828383
J225	14	14	13	54	1.3577330557449183
J226	16	5	15	150	1.8360533726976613
\\ Jobs in machine 22
11
J227	14	7	79	133	0.9619578906484554
J228	13	1	57	139	0.7395402425117186
J229	14	2	91	159	1.018931595082206
J230	14	10	26	100	0.533886516616533
J231	14	11	4	28	0.35813119210211375
J232	14	12	103	12	0.822014356911814
J233	15	11	94	57	1.1528753518835944
J234	14	11	63	188	1.916533557667997
J235	13	12	50	34	1.0459901049740599
J236	16	3	75	95	0.5038248003658029
J237	14	9	25	30	1.2621275096418039
\\ Jobs in machine 23
11
J238	16	3	91	132	0.8120211122142127
J239	15	1	19	186	1.3272251104668287
J240	15	10	109	171	2.105229934825867
J241	15	9	75	51	1.0964683835771203
J242	16	11	109	186	1.1084615115793524
J243	13	4	107	116	0.6212711147065768
J244	15	5	55	121	2.132576606235124
J245	14	8	42	21	1.0738607138394363
J246	14	8	19	27	0.9370566515765493
J247	16	7	95	71	1.27206110886051
J248	14	5	94	188	0.9696883336435336
\\ Jobs in machine 24
11
J249	13	9	106	126	1.920862835449744
J250	15	13	76	58	1.0967964204102933
J251	14	6	29	114	1.1652794259822314
J252	15	10	65	146	1.2573804293577164
J253	17	2	64	107	0.9669323123506627
J254	14	13	81	9	1.2077142455132397
J255	15	12	13	86	0.8914460068999627
J256	14	5	99	59	1.6372102714659431
J257	13	4	43	143	1.1721221435718292
J258	16	13	57	24	2.264781923463263
J259	14	8	92	158	2.011216298554718
\\ Jobs in machine 25
13
J260	15	6	40	30	0.8384663662402612
J261	13	12	68	157	1.2652999491074042
J262	16	1	48	60	1.4893093989950366
J263	16	14	9	33	1.4152782232730574
J264	16	13	41	141	1.0876439419690704
J265	16	5	5	133	0.4022306733019557
J266	15	11	43	26	1.4023803677955404
J267	14	14	53	17	0.8728874129175866
J268	13	14	15	21	1.5283720545344164
J269	15	5	12	83	0.6509532650647318
J270	13	5	103	21	0.5669950051134413
J271	14	8	71	55	1.207529205838724
J272	15	13	94	109	0.4609174467430126
\\ Dependencies 
153
1	2
1	7
3	8
5	6
10	17
11	13
11	16
11	19
12	16
13	16
15	17
20	22
21	24
22	23
22	26
22	27
22	29
22	30
32	33
34	37
35	39
37	38
40	45
42	44
42	50
44	47
47	48
47	49
47	51
53	56
55	63
59	63
64	67
68	71
69	70
69	71
73	74
76	86
78	82
78	85
82	84
89	92
90	95
93	94
93	95
97	103
97	105
98	101
98	104
99	104
103	105
108	113
110	111
112	113
117	124
117	125
117	126
118	122
118	126
119	121
120	124
123	124
127	131
127	133
127	136
129	135
131	133
131	136
138	145
138	148
139	146
140	147
141	144
143	146
143	147
149	150
149	156
150	157
153	154
154	158
160	163
160	168
161	162
161	165
162	163
162	166
162	168
164	166
164	167
168	169
173	179
176	178
176	179
177	178
181	190
181	191
182	184
185	188
193	200
193	202
195	200
197	199
197	202
197	203
198	200
200	203
204	213
205	207
205	212
206	207
206	208
209	210
212	215
217	222
220	222
221	224
222	225
224	225
227	233
228	231
229	232
229	233
229	235
230	235
231	235
231	237
232	236
233	234
236	237
238	242
239	246
239	248
240	241
240	247
241	244
249	253
249	258
250	257
250	259
252	255
252	256
253	258
260	265
260	267
260	268
260	270
261	262
261	268
262	269
262	271
264	269
267	269
271	272
