\\ machines
9
\\ max power
90
\\ Jobs in machine 1
10
J1	15	7	14	23	0.1
J2	16	4	45	11	0.8061698752096295
J3	15	4	93	12	0.8616838213763878
J4	15	5	101	9	1.596667363214797
J5	15	1	4	13	0.1
J6	15	3	97	21	0.7818888678654806
J7	13	10	104	1	1.1768580409996037
J8	16	11	31	10	0.41252380528362675
J9	14	5	49	21	1.5726389696010095
J10	15	9	25	6	0.1
\\ Jobs in machine 2
11
J11	16	13	102	8	1.2515625452401586
J12	13	1	108	7	1.523414650577263
J13	13	2	81	8	0.9127666306625954
J14	14	5	23	20	1.5170918516227638
J15	14	6	45	4	0.9600499144973027
J16	14	3	9	17	0.9337837732877199
J17	15	14	88	2	1.3283908286480084
J18	14	5	106	5	1.6391740749488797
J19	13	7	50	19	1.8052426486724582
J20	15	1	7	4	1.3099879725492598
J21	15	8	29	3	1.1005559387692263
\\ Jobs in machine 3
10
J22	15	8	97	3	0.9185603438845606
J23	14	5	32	14	1.0227682851517341
J24	14	1	20	1	1.847403988565675
J25	15	5	23	15	0.7100616983228982
J26	15	2	105	20	1.1010753395723831
J27	14	12	84	6	1.276836815904657
J28	16	8	24	16	1.6478150597885408
J29	14	11	103	1	0.7191439917119844
J30	14	14	24	3	1.6887224899973685
J31	15	11	90	18	0.7722289429275555
\\ Jobs in machine 4
12
J32	13	2	59	4	1.1204245871511573
J33	16	8	7	10	1.6406553567070952
J34	14	7	60	2	0.17877342761648563
J35	15	4	101	20	1.1116422451753092
J36	15	3	24	19	0.8990340414971139
J37	13	4	13	5	1.447086151566384
J38	13	9	64	7	1.0737039109946545
J39	14	8	74	14	2.491113398558937
J40	15	13	67	9	0.22717426529463836
J41	15	2	101	10	0.5646598487075561
J42	14	2	12	16	1.1455884777145722
J43	15	5	79	6	1.060707861451069
\\ Jobs in machine 5
11
J44	15	9	71	10	0.8866334910238769
J45	15	12	35	16	1.662968589342865
J46	16	1	32	7	1.7083263557183077
J47	15	7	73	14	1.3634718465687135
J48	14	8	78	20	0.7956282261356771
J49	15	2	55	12	1.3239445545449688
J50	15	1	58	4	1.4783627788873857
J51	15	6	27	9	1.21374932063053
J52	14	4	91	20	1.7483075763888312
J53	15	8	65	16	1.0870651188689298
J54	15	7	101	14	0.7036662606280015
\\ Jobs in machine 6
10
J55	14	1	103	10	1.2215376050191342
J56	14	14	22	23	0.7856616131845385
J57	15	12	83	19	1.2666154582452576
J58	14	7	47	12	0.7040337600475772
J59	13	8	72	10	1.8145485461679045
J60	13	11	16	14	1.6701606170333214
J61	15	1	46	19	1.4679700165392002
J62	14	14	30	13	0.7636988139884894
J63	16	12	70	3	1.6121727128271437
J64	13	2	95	2	1.447613138862001
\\ Jobs in machine 7
12
J65	16	8	18	16	1.6536855823342844
J66	14	13	11	14	1.2647221264357513
J67	14	11	93	19	0.7015022963864173
J68	15	14	81	6	1.3484141486297214
J69	14	11	78	18	1.2154737547229726
J70	14	5	17	5	1.4963433004193438
J71	16	14	45	3	1.947311878495057
J72	16	9	43	17	2.3524942819643115
J73	15	11	46	18	1.2065205661360352
J74	14	7	60	10	0.9293307996933946
J75	13	8	73	6	1.942527516456501
J76	15	5	29	15	1.1695495109652423
\\ Jobs in machine 8
11
J77	13	1	66	14	0.6390140836881711
J78	14	8	62	17	0.8530693987331925
J79	15	3	59	2	1.7266541984350021
J80	15	11	2	18	0.860923862115695
J81	14	10	45	22	2.2360573276826994
J82	14	11	6	18	0.19230192463227636
J83	13	9	93	7	0.7255775947947736
J84	14	11	26	22	1.9751519441692016
J85	15	12	57	22	1.0932722419822736
J86	13	4	31	13	1.370270946392216
J87	15	14	10	4	0.9424234348239177
\\ Jobs in machine 9
12
J88	15	10	84	1	1.239986345971013
J89	13	6	19	8	0.9621210469072049
J90	15	10	99	14	1.3042671823858552
J91	14	5	101	16	1.0704664761189429
J92	14	4	22	1	1.2822744525704621
J93	13	8	69	2	1.7930302848833812
J94	15	11	93	21	1.476190115571835
J95	14	5	24	14	0.8998073447058816
J96	15	2	13	12	1.5545332136443988
J97	13	8	14	7	1.6790219757209666
J98	15	1	49	4	1.1836670784708985
J99	16	11	77	22	1.8485306761792386
\\ Dependencies 
446
1	2
1	3
1	4
1	5
1	6
1	7
1	8
1	9
1	10
2	3
2	4
2	5
2	6
2	7
2	8
2	9
2	10
3	4
3	5
3	6
3	7
3	8
3	9
4	5
4	6
4	7
4	8
4	9
4	10
5	6
5	8
5	9
5	10
6	7
6	8
6	10
7	8
7	9
7	10
8	9
8	10
9	10
11	13
11	15
11	17
11	19
11	21
12	13
12	14
12	15
12	16
12	17
12	18
12	19
12	20
12	21
13	16
13	17
13	18
13	19
13	20
13	21
14	15
14	16
14	17
14	18
14	19
14	20
14	21
15	16
15	17
15	18
15	20
15	21
16	17
16	18
16	20
16	21
17	19
17	20
17	21
18	19
18	20
19	20
19	21
20	21
22	23
22	24
22	25
22	26
22	27
22	28
22	29
22	30
22	31
23	24
23	25
23	26
23	27
23	28
23	29
23	30
23	31
24	25
24	26
24	27
24	28
24	29
24	31
25	26
25	27
25	28
25	29
25	30
26	27
26	28
26	29
26	30
27	28
27	29
27	30
27	31
28	29
28	30
28	31
29	30
29	31
32	33
32	34
32	35
32	37
32	38
32	39
32	40
32	41
32	42
32	43
33	34
33	35
33	36
33	37
33	40
33	41
33	42
33	43
34	35
34	36
34	37
34	39
34	40
34	41
34	43
35	36
35	37
35	38
35	40
35	41
35	42
35	43
36	37
36	39
36	40
36	41
36	42
36	43
37	38
37	39
37	40
37	41
37	42
37	43
38	39
38	40
38	41
38	42
38	43
39	40
39	41
39	42
39	43
40	41
40	43
41	43
42	43
44	46
44	47
44	48
44	49
44	50
44	51
44	52
44	53
44	54
45	46
45	48
45	49
45	51
45	52
45	53
45	54
46	47
46	48
46	49
46	50
46	51
46	52
46	53
46	54
47	48
47	49
47	50
47	51
47	52
47	53
47	54
48	49
48	50
48	51
48	52
48	53
48	54
49	50
49	52
49	53
49	54
50	51
50	52
50	53
50	54
51	52
51	53
51	54
52	53
52	54
53	54
55	56
55	57
55	59
55	60
55	61
55	63
55	64
56	57
56	58
56	59
56	60
56	62
56	63
56	64
57	58
57	59
57	61
57	62
57	64
58	59
58	60
58	61
58	62
58	63
58	64
59	60
59	61
59	62
59	63
59	64
60	61
60	62
60	63
60	64
61	62
61	63
61	64
62	63
63	64
65	66
65	67
65	68
65	69
65	70
65	71
65	72
65	73
65	75
65	76
66	67
66	68
66	69
66	70
66	71
66	72
66	73
66	74
66	76
67	68
67	69
67	70
67	71
67	72
67	73
67	74
67	75
67	76
68	69
68	71
68	72
68	73
68	74
68	75
68	76
69	70
69	71
69	72
69	73
69	74
69	75
69	76
70	71
70	72
70	73
70	74
70	75
70	76
71	72
71	73
71	74
71	75
71	76
72	73
72	74
72	75
72	76
73	74
73	75
73	76
74	76
75	76
77	78
77	79
77	80
77	81
77	82
77	83
77	84
77	85
77	86
77	87
78	79
78	80
78	81
78	82
78	83
78	85
78	86
79	80
79	81
79	82
79	83
79	84
79	86
79	87
80	81
80	82
80	83
80	84
80	85
80	86
80	87
81	82
81	84
81	86
81	87
82	83
82	84
82	85
82	86
82	87
83	84
83	85
83	86
84	85
84	86
84	87
85	86
85	87
86	87
88	90
88	92
88	93
88	94
88	95
88	96
88	97
88	98
88	99
89	90
89	91
89	92
89	93
89	94
89	95
89	96
89	97
89	98
89	99
90	91
90	92
90	93
90	94
90	95
90	96
90	97
90	98
90	99
91	92
91	93
91	94
91	95
91	96
91	97
91	98
91	99
92	93
92	94
92	95
92	96
92	99
93	94
93	95
93	96
93	97
93	98
93	99
94	95
94	96
94	97
94	98
94	99
95	96
95	97
95	98
95	99
96	97
96	98
96	99
97	99
98	99
