\\ machines
9
\\ max power
90
\\ Jobs in machine 1
13
J1	15	13	84	48	0.9614730294845785
J2	16	3	104	31	1.1123201624698822
J3	15	1	46	5	1.5770367012204036
J4	14	7	74	53	1.0045252103197535
J5	14	8	8	30	1.03371452622689
J6	13	11	60	2	1.2269839048132356
J7	14	8	73	48	1.7255717644101343
J8	15	10	85	9	1.535074074896181
J9	14	12	107	26	1.4823852497833205
J10	14	8	105	8	1.2808381357475433
J11	15	11	25	25	1.2410673553168188
J12	14	9	65	53	1.3749950166415703
J13	16	9	34	45	1.2527651349950872
\\ Jobs in machine 2
11
J14	14	8	103	7	1.2622133560477513
J15	15	12	53	2	1.25949892571939
J16	16	7	57	29	0.9470604996005262
J17	16	11	19	35	1.8868907404621789
J18	15	10	32	50	1.6518816232525786
J19	14	2	71	25	1.6373897912963302
J20	16	8	51	5	0.9406028245204945
J21	14	12	3	61	1.0196267833412787
J22	14	5	53	33	0.4343774886382924
J23	13	7	80	66	0.9539531343233509
J24	13	10	92	46	1.3333509805728325
\\ Jobs in machine 3
11
J25	14	3	95	19	0.1
J26	14	9	41	22	0.9642142445306063
J27	14	10	31	62	1.3780937675640434
J28	16	2	25	23	2.292644466366407
J29	15	10	42	56	0.14425571897660472
J30	16	4	93	22	1.8297732295949531
J31	16	5	26	60	0.8220814192183838
J32	15	10	30	57	1.9034450456961383
J33	13	4	106	46	1.4879722373435935
J34	14	9	58	7	0.18779289518374598
J35	15	7	64	9	1.6557718950315627
\\ Jobs in machine 4
11
J36	13	7	6	24	1.3172893545868343
J37	14	6	18	60	1.5197892710061918
J38	18	7	50	48	0.9970659729397184
J39	13	8	62	4	0.1
J40	16	11	32	24	0.5147635004163357
J41	15	4	6	11	1.2995993569336635
J42	13	3	19	20	1.3668781193451636
J43	15	11	75	55	1.2316839813204685
J44	13	11	92	50	0.4102904031838893
J45	15	5	34	8	0.5012112338871643
J46	15	9	43	42	1.3452605550240757
\\ Jobs in machine 5
10
J47	15	3	87	64	1.1519843256778495
J48	16	7	87	27	1.973413166902323
J49	14	4	41	64	0.6433457694152148
J50	15	10	80	57	0.1
J51	14	7	41	33	1.8302199594116142
J52	16	1	106	67	1.419525533522568
J53	14	10	2	27	1.122047839265413
J54	14	5	85	66	1.3395516453809673
J55	14	10	4	58	0.7063139216229204
J56	14	7	32	19	0.894017025849569
\\ Jobs in machine 6
11
J57	15	1	41	15	0.7517191449493391
J58	16	6	31	26	0.5994207495185506
J59	13	8	80	7	1.1387499931717229
J60	14	5	3	59	1.2148334275732677
J61	15	3	7	38	0.6885084236989414
J62	15	11	90	26	1.4091600061999405
J63	15	7	45	25	0.7939273092375844
J64	15	10	101	33	1.1476605337004517
J65	15	8	106	29	0.6705634759583031
J66	13	9	108	65	0.6250588762242417
J67	15	6	23	66	0.739841984624261
\\ Jobs in machine 7
11
J68	14	13	87	46	1.0998085995129747
J69	16	9	45	37	0.6081661906049177
J70	15	1	7	4	2.2944838679961332
J71	15	2	89	41	0.533220074312803
J72	14	7	89	68	1.9824289657656164
J73	15	5	22	64	2.2876586140683743
J74	14	6	64	54	0.5111034438810629
J75	15	11	94	37	1.3297171193547461
J76	17	14	54	34	1.7584442827903741
J77	17	4	75	14	0.8842669772545101
J78	13	11	109	26	1.002323011697365
\\ Jobs in machine 8
11
J79	14	1	11	61	0.9763136136971756
J80	15	3	36	14	1.12537540198206
J81	15	4	104	13	1.6304982817231393
J82	15	13	67	43	0.9712995960097799
J83	17	14	108	32	0.1
J84	17	9	38	49	2.827943621580381
J85	15	7	39	3	1.915456121772345
J86	15	6	106	28	0.5630128839584695
J87	14	8	37	22	1.244424615609132
J88	16	8	35	22	0.931042465834464
J89	13	7	30	53	1.0811194811385496
\\ Jobs in machine 9
13
J90	15	14	91	58	0.7418714011350622
J91	15	5	72	58	0.5405597914358522
J92	14	11	63	10	0.564225101392943
J93	15	6	53	63	0.6421482885979107
J94	15	10	95	54	1.3576569353394012
J95	13	5	73	65	0.526623831937312
J96	15	4	56	63	0.47092786760062766
J97	15	6	96	30	0.6849680658681511
J98	15	12	46	49	1.2617453389949342
J99	13	8	35	33	0.8789250087202659
J100	16	13	65	29	1.4148875525715638
J101	15	8	56	59	0.8600236752268298
J102	14	3	84	29	0.9973349902470936
\\ Dependencies 
137
1	2
1	8
2	4
2	9
3	10
3	11
4	6
4	12
5	7
6	7
6	8
7	10
9	12
12	13
14	15
14	24
15	16
15	19
15	20
15	21
15	23
15	24
16	20
18	22
18	24
19	20
19	23
20	21
25	29
25	32
25	33
26	28
26	29
26	30
26	33
26	35
27	28
27	31
28	30
28	33
29	32
34	35
36	40
36	43
36	46
37	38
37	41
38	39
38	40
38	41
38	44
39	46
40	42
41	44
44	46
47	48
47	50
47	55
47	56
48	52
49	51
49	54
49	55
50	53
50	54
50	55
51	52
51	55
54	55
54	56
57	67
58	60
58	61
58	63
59	67
60	61
60	64
61	62
61	63
62	65
68	69
68	73
68	74
68	76
69	73
69	74
69	76
69	77
70	72
70	73
70	74
70	76
70	77
71	74
71	77
72	73
72	78
73	74
73	75
73	78
75	77
75	78
79	80
79	82
79	87
80	83
81	85
81	88
81	89
83	87
87	89
88	89
90	93
90	94
90	96
91	92
91	93
91	95
91	96
91	99
91	100
92	93
92	96
92	100
93	96
93	101
93	102
94	101
95	97
95	99
95	100
96	97
96	98
97	102
98	100
99	100
100	102
