\\ machines
8
\\ max power
80
\\ Jobs in machine 1
12
J1	16	14	9	10	1.296411302944409
J2	14	3	80	21	1.4222338136373585
J3	14	11	84	18	1.284989910787945
J4	15	7	5	9	0.8837761748744855
J5	13	4	36	29	1.0047574288455572
J6	14	12	104	38	0.5553542790068079
J7	14	13	25	23	1.8020257596889435
J8	16	5	91	20	0.782947214092036
J9	16	5	72	30	1.7578030508021285
J10	15	9	13	17	1.16047999837435
J11	15	8	5	39	0.651419493451449
J12	16	10	83	18	1.597426893783774
\\ Jobs in machine 2
11
J13	14	7	62	2	2.16351783487193
J14	13	7	78	34	0.9421781805450709
J15	15	1	88	21	1.5131170100018694
J16	14	11	13	13	0.5505795906228707
J17	15	11	97	29	0.4475160167857126
J18	15	6	3	13	0.5583792994771037
J19	15	6	3	16	1.9826276020264224
J20	14	5	89	11	2.344752625061024
J21	15	9	85	37	1.0958354838868927
J22	14	10	35	12	0.9015304638763071
J23	14	7	13	37	1.1313285455851494
\\ Jobs in machine 3
11
J24	13	10	50	29	1.8346886207752915
J25	15	14	94	22	1.111314450775019
J26	14	14	29	28	1.4648894029882809
J27	16	12	10	30	0.7553576186282328
J28	15	8	6	7	2.0011955544930133
J29	14	8	49	16	1.323403131694983
J30	16	7	82	6	0.5138535950489057
J31	14	8	87	1	1.1314405846747493
J32	14	12	7	18	1.6422211230468686
J33	17	4	100	13	1.5582699466614747
J34	14	3	53	7	0.9917410961066209
\\ Jobs in machine 4
11
J35	12	6	6	7	1.31317029676328
J36	15	5	96	16	1.0655128306687445
J37	12	1	92	16	1.3184941588190837
J38	15	8	105	15	0.9908715721751187
J39	13	8	27	8	0.9479128854128758
J40	15	10	4	15	1.066558190943967
J41	16	3	54	33	1.4783618638196603
J42	14	1	66	27	0.9293316624761834
J43	12	14	36	33	0.3366435405721454
J44	15	1	22	11	1.848198304636703
J45	13	7	39	25	1.7947571438680714
\\ Jobs in machine 5
10
J46	15	14	43	3	1.5670737974591473
J47	13	11	70	5	0.763775888403383
J48	15	14	110	13	2.293190882155217
J49	15	8	11	12	1.4071993192931211
J50	15	10	67	15	0.8111864540749691
J51	16	9	48	34	1.1759893341898513
J52	13	5	58	25	0.6023417021008383
J53	15	14	39	40	1.3283292341654818
J54	14	3	102	14	0.8852944524875483
J55	14	3	41	33	0.1
\\ Jobs in machine 6
12
J56	15	4	41	28	1.0190558086953134
J57	14	6	26	11	0.9074437688361545
J58	14	2	36	36	0.9423756831198236
J59	15	8	14	17	1.6270958655170547
J60	14	12	82	16	1.513324074310673
J61	14	3	56	30	0.7694428167910752
J62	15	9	48	7	1.3583800561187487
J63	14	2	102	6	1.450297285978457
J64	14	8	26	15	0.7098693555025062
J65	16	4	98	22	1.9983768282473358
J66	15	5	100	2	1.398296145487314
J67	15	7	96	30	0.6538302939944557
\\ Jobs in machine 7
10
J68	16	7	65	18	1.2130708121650577
J69	13	8	7	11	2.1382590921839517
J70	15	13	48	7	1.4901143945035649
J71	15	7	64	38	0.7941258616749196
J72	14	8	82	8	1.6595788763464636
J73	16	2	18	9	1.6618326956152332
J74	16	6	87	39	1.6250420719363896
J75	14	5	55	26	0.3850540728100602
J76	14	2	23	16	2.0309251458841837
J77	14	13	17	6	1.8126997526410422
\\ Jobs in machine 8
11
J78	15	14	54	22	1.1952739906789354
J79	14	4	88	27	1.3662422738862505
J80	16	9	49	27	1.7298795783948924
J81	15	2	71	34	1.2842870877702934
J82	14	7	57	5	1.7090968858507805
J83	13	11	95	40	1.1610388560532483
J84	13	3	57	4	1.2237387047468227
J85	15	8	30	11	1.1386730245318692
J86	15	14	79	36	0.8942968303423225
J87	14	5	26	40	1.0506545896706045
J88	14	13	87	7	1.1838119546634978
\\ Dependencies 
179
1	5
1	9
1	11
2	6
2	9
2	11
3	7
3	8
3	9
4	5
4	6
4	12
5	6
6	7
6	9
6	10
6	11
6	12
7	11
7	12
8	9
8	11
9	10
9	11
10	11
13	15
13	20
13	22
14	20
14	23
15	16
15	18
16	22
16	23
17	18
17	21
17	23
18	21
20	21
24	25
24	27
24	28
24	30
24	31
24	32
24	33
25	26
25	27
25	29
25	30
25	32
25	33
25	34
26	33
27	29
27	30
27	33
28	29
28	31
28	32
28	33
29	32
29	33
29	34
30	31
32	34
35	37
35	44
36	37
36	44
37	38
37	39
37	42
37	45
38	39
38	41
38	43
38	44
39	41
39	42
39	43
39	45
40	41
40	42
41	42
41	43
41	44
41	45
42	43
42	45
46	49
46	51
46	54
46	55
47	49
47	52
47	53
47	54
48	49
48	50
48	51
48	55
49	54
49	55
50	51
50	54
51	52
51	53
51	54
52	54
53	54
56	58
56	61
56	62
56	64
56	66
56	67
57	59
57	62
57	63
57	64
57	66
58	59
58	61
58	63
58	66
59	62
59	65
60	63
60	64
60	66
60	67
61	64
62	65
63	66
64	65
65	67
68	71
68	73
68	77
69	71
69	73
69	76
70	73
70	74
70	77
71	72
72	74
72	76
72	77
73	75
73	76
73	77
75	76
76	77
78	81
78	87
78	88
79	80
79	84
79	85
79	87
80	83
80	86
81	83
81	85
81	86
81	87
82	83
82	84
82	85
82	88
83	86
84	85
84	87
85	87
85	88
86	88
87	88
