\\ machines
7
\\ max power
70
\\ Jobs in machine 1
13
J1	14	4	94	43	1.0860182244594654
J2	14	10	91	49	1.0597416449786028
J3	14	13	59	32	1.1883379208225895
J4	15	2	88	27	1.873691568308687
J5	14	11	74	52	0.34600606175865567
J6	13	13	95	7	1.053935239331773
J7	15	3	67	21	1.3801824259442639
J8	14	1	9	51	0.35575058217573263
J9	14	9	63	30	1.9033269342041916
J10	15	13	66	29	1.5379163513904945
J11	15	9	77	33	1.794755142791729
J12	15	11	34	42	1.079412997625603
J13	12	4	80	23	1.5553833725641297
\\ Jobs in machine 2
10
J14	14	1	32	43	1.5313474091097476
J15	15	6	31	23	0.9322408823010293
J16	15	5	92	50	1.3888115023718837
J17	14	14	24	18	1.2120568983538338
J18	14	13	91	19	1.6494395225916598
J19	14	12	39	17	1.250021735409052
J20	14	6	86	14	1.2981646038757895
J21	16	12	90	2	1.0237551057889962
J22	13	8	79	18	0.44125438139977746
J23	14	10	103	8	1.325965399298807
\\ Jobs in machine 3
11
J24	16	7	3	3	1.4595472813563273
J25	15	1	27	25	1.109698437588006
J26	14	6	50	1	1.3224831543287723
J27	14	8	49	10	2.5396759653482937
J28	14	11	94	33	0.5056983147636719
J29	14	6	29	52	1.2885625455671796
J30	15	12	23	37	1.9068174474614743
J31	15	5	93	20	0.1731461211920251
J32	14	3	100	23	1.8682713089166063
J33	12	3	75	25	1.1377881496557554
J34	14	6	82	48	1.651314477579084
\\ Jobs in machine 4
11
J35	16	1	7	25	1.2235890381578172
J36	15	6	74	9	1.5768207575437712
J37	14	7	18	42	0.8742502404404577
J38	15	5	103	37	1.5289929746259947
J39	16	1	46	23	1.8242602863039745
J40	15	11	59	8	1.1805374271480018
J41	15	13	20	22	0.7903632424569512
J42	15	9	56	36	1.64320439538515
J43	16	6	106	18	1.7955119299891424
J44	14	7	12	45	1.6369202917747312
J45	14	10	72	36	1.5281099930622721
\\ Jobs in machine 5
13
J46	16	7	54	19	0.7283067300652888
J47	16	7	2	35	1.4367617607603467
J48	15	8	76	46	2.287586865197338
J49	15	10	23	30	1.2134877381949054
J50	13	2	33	15	1.1962234566600392
J51	14	8	73	41	0.8668984647523661
J52	14	14	35	16	1.8821885580332784
J53	13	3	26	24	1.4650296677037804
J54	16	12	56	14	0.6152518299076366
J55	14	7	105	49	0.5269591662474026
J56	14	7	12	37	1.133463041828629
J57	16	11	80	31	1.0947451153530925
J58	13	14	50	15	0.49069034708612236
\\ Jobs in machine 6
12
J59	15	8	92	40	0.4285858461187617
J60	15	11	38	1	0.6681822948117737
J61	15	13	85	37	1.0796319588853218
J62	15	10	39	19	1.6397430975022433
J63	14	9	83	52	0.7435842237490159
J64	15	13	96	25	0.9784080989392719
J65	15	6	14	53	1.856543364342686
J66	14	8	17	46	1.516363772077313
J67	15	13	47	12	1.6363059427556492
J68	14	4	43	7	1.1434520664430947
J69	15	2	31	29	0.9484857488211476
J70	15	6	43	18	0.9558055848176908
\\ Jobs in machine 7
10
J71	15	2	5	10	1.4737598252157047
J72	15	3	30	12	1.5575704522355074
J73	14	2	63	43	0.34021158240056326
J74	14	14	103	44	0.5766775395251691
J75	14	6	49	7	1.2555967838704496
J76	12	3	105	7	0.5220985769317075
J77	14	9	60	11	0.3304889213385027
J78	14	2	67	46	0.8336151998217058
J79	13	1	90	25	1.451266614121619
J80	13	6	78	7	1.7163646430374497
\\ Dependencies 
258
1	2
1	3
1	4
1	8
1	10
2	4
2	6
2	8
2	11
2	12
2	13
3	4
3	5
3	6
3	7
3	8
3	9
3	13
4	7
4	8
4	9
4	10
4	11
5	7
5	11
5	12
5	13
6	7
6	10
6	11
6	12
7	9
7	10
7	11
8	10
8	11
8	12
8	13
9	10
9	12
9	13
10	11
10	12
10	13
11	12
12	13
14	15
14	17
14	20
14	21
14	23
15	19
15	21
15	23
16	17
16	18
16	19
16	21
16	22
17	18
17	19
17	21
17	22
17	23
18	19
18	21
18	22
19	20
19	22
20	21
20	23
24	25
24	26
24	27
24	29
24	30
24	32
24	33
25	28
25	29
25	30
25	31
25	33
26	27
26	28
26	29
26	30
26	31
26	32
26	33
26	34
27	33
28	30
28	31
28	32
28	33
28	34
29	30
29	32
29	33
29	34
30	32
31	32
31	33
32	33
35	36
35	38
35	40
35	42
35	44
35	45
36	39
36	41
36	42
36	43
36	44
37	38
37	39
37	42
37	43
37	45
38	39
38	40
38	41
38	44
38	45
39	40
39	41
39	42
39	43
40	41
40	43
40	44
41	42
41	43
41	44
41	45
42	43
42	44
42	45
43	44
43	45
46	47
46	48
46	49
46	50
46	51
46	53
46	55
46	56
46	57
46	58
47	48
47	52
47	53
47	54
47	55
47	56
47	57
47	58
48	50
48	52
48	54
48	55
48	56
49	50
49	52
49	53
49	55
49	56
49	57
50	51
50	54
50	55
50	56
50	58
51	55
51	56
51	58
52	53
52	57
52	58
53	54
53	55
53	57
53	58
54	55
54	57
54	58
55	57
55	58
56	57
57	58
59	60
59	61
59	62
59	64
59	65
59	66
59	67
59	68
59	69
60	61
60	63
60	65
60	66
60	67
60	69
60	70
61	62
61	63
61	65
61	67
61	68
61	69
62	63
62	64
62	65
63	64
63	66
63	67
63	69
64	67
64	68
64	69
64	70
65	66
65	68
66	67
66	68
66	70
67	68
67	70
69	70
71	72
71	73
71	74
71	76
71	77
71	80
72	75
72	76
72	77
72	78
72	79
73	74
73	75
73	76
73	79
74	76
74	77
75	76
75	78
75	79
75	80
77	78
77	80
78	79
