\\ machines
9
\\ max power
90
\\ Jobs in machine 1
11
J1	17	12	61	47	1.1994279609562422
J2	14	2	72	25	0.7391716868323792
J3	15	1	82	5	1.5260568599193085
J4	15	4	76	64	0.70610404928657
J5	15	7	26	50	1.663147822641419
J6	15	8	106	7	1.2489967207215238
J7	15	2	102	53	1.1155769792944228
J8	16	1	28	52	1.5225063888574315
J9	15	11	43	39	1.0757747842222858
J10	13	9	78	16	1.1444464293013907
J11	14	1	40	22	0.8873376392827985
\\ Jobs in machine 2
11
J12	14	11	19	60	0.5604233322403394
J13	15	3	50	55	1.099546037001379
J14	13	3	68	27	0.8044548407991479
J15	14	2	36	36	0.642407571650614
J16	16	6	58	34	1.823789080137526
J17	13	5	14	36	1.7225157340840458
J18	16	5	59	45	1.1251469503881113
J19	15	14	32	41	0.1
J20	16	2	87	5	1.0409504542604706
J21	13	2	69	59	1.0999642246051633
J22	14	13	13	28	1.130022450729907
\\ Jobs in machine 3
11
J23	13	1	64	59	1.572654740345952
J24	14	9	70	16	1.8423309164800759
J25	15	10	73	8	1.3160854777649185
J26	15	14	55	36	1.2890332471942172
J27	15	11	53	47	1.2260780177933088
J28	11	4	79	14	0.5136408650159668
J29	15	14	72	63	1.0319230533808872
J30	14	8	86	4	1.095243319382109
J31	13	3	83	52	1.6058683933954419
J32	16	4	82	32	1.1280440666957117
J33	13	10	5	35	1.257664013742468
\\ Jobs in machine 4
10
J34	14	11	92	38	1.4747358705750901
J35	14	12	67	64	0.7707258289929511
J36	15	7	75	35	0.5923833920587396
J37	15	6	23	57	0.2013469301459354
J38	14	7	17	41	1.655340783833853
J39	16	13	108	40	0.6740171113393593
J40	13	2	43	56	0.8671824926000722
J41	15	8	66	62	0.8515383175504667
J42	15	13	65	52	1.3267253605022757
J43	15	9	43	6	1.2329241304430643
\\ Jobs in machine 5
13
J44	14	10	87	54	0.9317871432715037
J45	16	4	8	38	1.3975799379915894
J46	14	11	9	9	1.5263851894966063
J47	14	11	100	30	1.1126429896779688
J48	16	5	85	37	1.1218288039428719
J49	14	8	40	54	0.7775831945794318
J50	14	11	31	27	0.8580243049236347
J51	14	1	106	55	0.8684629339667378
J52	13	5	19	51	1.4385794156595408
J53	15	6	79	19	0.8584666176273488
J54	11	13	43	41	0.8978912467219002
J55	15	12	94	13	0.9622208365168947
J56	14	6	72	4	0.8779047481813227
\\ Jobs in machine 6
12
J57	14	4	67	27	1.4530619670203264
J58	15	3	37	10	0.8244388397180916
J59	14	2	68	10	0.48157781014113454
J60	14	7	12	35	2.1118324498129444
J61	15	9	18	53	0.5168608248103687
J62	16	3	44	40	1.1089285982823573
J63	16	4	97	8	0.9761940125362627
J64	13	4	13	57	0.7190838270580788
J65	14	13	4	48	1.1548582403687655
J66	15	5	75	40	0.8995191352940164
J67	13	10	52	1	1.0445603600899556
J68	15	3	62	6	0.7919432056747562
\\ Jobs in machine 7
11
J69	14	11	65	31	0.487979731658182
J70	14	4	53	63	2.2130121674739445
J71	15	10	83	6	0.7020316504855889
J72	14	2	19	19	1.4492251701245642
J73	14	6	60	33	1.2304322175274252
J74	15	9	34	36	1.733793655275568
J75	15	7	8	7	0.1
J76	15	13	36	63	1.6223338398994582
J77	15	5	4	43	1.2110444181383022
J78	16	12	20	45	1.0795467632662998
J79	14	10	81	49	1.3238416643090596
\\ Jobs in machine 8
11
J80	13	11	20	39	1.2795682647816016
J81	13	9	87	65	0.569280005143859
J82	15	6	49	52	1.5743693060322403
J83	13	14	16	2	0.7348370512575741
J84	14	9	43	34	1.0389829371888566
J85	15	4	88	47	1.1537572379220997
J86	15	5	60	22	1.5660490093396071
J87	14	5	73	67	0.6628462022294231
J88	13	13	99	10	1.2979676462057113
J89	13	1	34	15	1.4002539278465949
J90	17	8	28	40	0.21067699337456613
\\ Jobs in machine 9
10
J91	13	4	58	64	1.1666550008567693
J92	15	11	6	55	1.6229764605101102
J93	14	1	36	32	0.8947422817909789
J94	16	4	55	60	1.5381093575854154
J95	15	11	87	4	0.7807772848048047
J96	13	4	19	26	0.8512336382468136
J97	15	2	104	34	0.8735694268026076
J98	14	11	98	1	1.7418454110373802
J99	16	2	54	48	0.5243610830648715
J100	14	9	32	52	1.1458663683174726
\\ Dependencies 
412
1	2
1	3
1	4
1	6
1	7
1	9
1	10
2	3
2	4
2	6
2	8
2	10
2	11
3	4
3	5
3	6
3	7
3	8
3	9
3	10
3	11
4	5
4	6
4	7
4	8
4	9
4	10
4	11
5	6
5	7
5	8
5	9
5	10
5	11
6	7
6	8
6	10
7	8
7	9
7	11
8	9
8	10
8	11
9	10
9	11
10	11
12	13
12	14
12	15
12	16
12	17
12	18
12	19
12	20
12	22
13	14
13	15
13	16
13	17
13	18
13	20
13	22
14	16
14	17
14	18
14	19
14	20
14	21
15	16
15	17
15	18
15	19
15	20
16	17
16	18
16	19
16	20
16	21
17	18
17	19
17	20
17	21
18	19
18	20
18	21
18	22
19	20
19	21
19	22
20	21
21	22
23	24
23	25
23	26
23	29
23	30
23	31
23	32
23	33
24	25
24	26
24	28
24	29
24	30
24	31
24	32
25	27
25	29
25	30
25	32
25	33
26	27
26	28
26	30
26	31
26	32
26	33
27	28
27	29
27	32
27	33
28	29
28	30
28	31
28	32
28	33
29	30
29	32
30	31
30	33
31	32
32	33
34	35
34	36
34	37
34	38
34	39
34	40
34	41
34	42
34	43
35	36
35	38
35	39
35	40
35	41
35	42
35	43
36	37
36	38
36	39
36	40
36	41
36	42
36	43
37	39
37	40
37	42
37	43
38	39
38	40
38	41
38	42
39	40
39	41
39	42
39	43
40	41
40	42
40	43
41	42
42	43
44	45
44	46
44	47
44	48
44	49
44	51
44	52
44	54
44	55
44	56
45	46
45	47
45	48
45	51
45	52
45	53
45	55
45	56
46	47
46	48
46	49
46	51
46	52
46	53
46	55
47	48
47	49
47	50
47	51
47	52
47	53
47	54
47	55
47	56
48	49
48	50
48	51
48	53
48	54
48	55
49	50
49	52
49	53
49	54
49	55
49	56
50	51
50	53
50	56
51	52
51	53
51	54
51	55
52	54
52	55
52	56
53	54
53	55
53	56
54	55
54	56
55	56
57	58
57	59
57	61
57	64
57	65
57	66
57	67
57	68
58	59
58	60
58	61
58	63
58	64
58	66
58	67
59	60
59	61
59	62
59	63
59	64
59	65
59	68
60	61
60	62
60	64
60	67
60	68
61	62
61	63
61	64
61	66
61	67
61	68
62	64
62	65
62	66
62	67
62	68
63	64
63	65
63	66
63	67
63	68
64	66
64	68
65	67
65	68
66	68
67	68
69	70
69	71
69	74
69	75
69	76
69	77
69	78
69	79
70	71
70	73
70	74
70	75
70	76
70	77
70	78
70	79
71	72
71	73
71	74
71	75
71	76
71	77
71	78
72	74
72	75
72	76
72	77
72	78
72	79
73	75
73	76
73	79
74	75
74	76
74	77
74	78
74	79
75	77
75	78
75	79
76	77
76	78
76	79
77	79
78	79
80	81
80	82
80	83
80	84
80	85
80	86
80	87
80	88
81	82
81	83
81	84
81	85
81	86
81	87
81	88
81	89
82	83
82	84
82	85
82	86
82	87
82	89
82	90
83	84
83	85
83	87
83	88
83	90
84	85
84	86
84	87
84	88
84	90
85	86
85	87
85	88
85	90
86	87
86	89
87	89
87	90
88	89
89	90
91	92
91	93
91	94
91	95
91	96
91	97
91	98
91	99
91	100
92	93
92	94
92	95
92	96
92	97
92	98
92	99
92	100
93	94
93	95
93	96
93	97
93	98
93	99
93	100
94	95
94	96
94	97
94	98
94	99
94	100
95	96
95	98
95	99
96	97
96	98
96	99
97	98
97	100
98	99
98	100
99	100
