\\ machines
10
\\ max power
100
\\ Jobs in machine 1
9
J1	15	14	55	42	0.883743367371955
J2	13	4	49	23	1.1593805954729535
J3	15	12	29	29	1.6424662913990875
J4	14	13	54	16	0.365887348900657
J5	16	5	38	30	1.3260527980025925
J6	12	1	66	13	2.17506653819415
J7	15	8	99	11	1.3913022667899773
J8	14	6	3	45	1.2688670654198795
J9	14	13	31	28	1.334552261918569
\\ Jobs in machine 2
10
J10	14	1	104	34	1.1408218486848893
J11	16	2	27	29	1.073293324542101
J12	15	10	53	17	2.054436007223663
J13	15	3	109	33	0.9333001019091481
J14	15	10	72	18	2.16430095175023
J15	14	12	23	46	0.9316206598519712
J16	14	5	90	38	1.4931234349621434
J17	16	5	22	6	1.1884239912304835
J18	15	11	20	22	1.721845635810342
J19	16	4	24	26	0.751646380899026
\\ Jobs in machine 3
11
J20	17	11	62	50	0.6404052194209973
J21	15	4	66	14	1.1037908048403544
J22	18	6	36	31	0.291938848530654
J23	14	10	99	47	1.7686954686997454
J24	15	4	46	50	1.9134777818022473
J25	14	9	49	17	0.89376506077346
J26	14	3	58	33	1.7228267792203353
J27	14	7	16	21	1.5771441118976104
J28	15	10	110	12	1.2966015241068032
J29	13	12	24	25	1.1777600433419766
J30	13	10	8	48	1.0627832104755535
\\ Jobs in machine 4
7
J31	13	13	38	27	1.706287189354867
J32	16	5	46	32	1.2130097297365716
J33	15	13	62	18	1.3884521402593972
J34	15	2	40	9	1.6671394792014578
J35	15	5	89	11	1.6761166122846198
J36	14	7	22	21	1.5871078871604305
J37	17	12	67	48	1.970200539868665
\\ Jobs in machine 5
11
J38	16	4	46	24	0.45970030358103964
J39	12	12	40	50	0.6729621567676988
J40	15	7	73	45	1.189344382173923
J41	15	4	110	10	0.9348565301975376
J42	14	2	84	37	1.9897089503700687
J43	15	8	59	44	1.086327428065035
J44	14	13	57	30	1.251064044283145
J45	15	13	21	19	0.8110559108256361
J46	14	12	30	6	1.0435274696189463
J47	15	2	34	3	2.109415711865194
J48	14	13	2	36	0.8733852539949484
\\ Jobs in machine 6
10
J49	15	6	18	42	1.93491540054913
J50	15	12	43	10	1.1424755661045878
J51	16	8	56	37	1.697676169763187
J52	16	8	44	20	1.7287735170838787
J53	15	10	53	1	0.9525709483710172
J54	14	10	25	27	1.4866633789588835
J55	15	9	56	42	1.0870680077326405
J56	14	12	36	39	1.6804430289702454
J57	15	11	19	48	1.5971238611688445
J58	15	11	11	5	0.5402550550438846
\\ Jobs in machine 7
11
J59	13	6	39	15	1.4442472194246827
J60	15	14	52	12	1.1236411178977208
J61	15	9	26	36	1.761854784785192
J62	17	12	67	18	1.7787373351894895
J63	15	3	61	15	1.2568972316593947
J64	15	14	5	40	0.645336175094402
J65	14	6	5	16	1.116417675517659
J66	14	2	16	37	1.1115224242878898
J67	15	13	23	32	2.6129526616648393
J68	15	1	47	40	0.9700486691705671
J69	15	2	75	49	1.16599285434163
\\ Jobs in machine 8
11
J70	14	4	64	39	0.34427331385874715
J71	14	9	22	3	1.5299688787402803
J72	14	1	77	1	2.354987466851922
J73	14	9	30	49	1.0226582569002098
J74	15	5	101	29	0.7418740109736373
J75	14	11	64	2	1.895981228903794
J76	15	5	5	24	1.4000605087685976
J77	15	1	16	3	1.0395695051470584
J78	15	1	68	12	1.0245305124611432
J79	15	9	17	10	1.2085311678242978
J80	16	14	6	23	0.9839320054760952
\\ Jobs in machine 9
12
J81	14	5	5	47	0.7803627710502927
J82	15	14	69	43	2.154267507698094
J83	14	3	86	5	0.9655075781019292
J84	14	13	33	44	1.4844754714288195
J85	13	13	94	15	2.1066149977339084
J86	15	4	33	1	1.9095992508579083
J87	15	6	79	23	0.49620193640483823
J88	15	13	5	41	0.1
J89	16	7	81	29	0.9468685410874494
J90	14	3	26	23	0.46939242177830576
J91	15	9	74	49	1.5988281337101122
J92	16	7	80	38	1.6182584619704086
\\ Jobs in machine 10
11
J93	15	7	18	44	2.0305320051207953
J94	14	10	86	49	1.502014783256745
J95	15	13	50	24	1.3566224969932275
J96	15	14	100	10	0.6857603984468779
J97	15	1	110	2	2.100711265399179
J98	15	7	51	46	1.470080407429714
J99	14	13	22	38	0.5540801624141051
J100	14	11	20	29	1.1576986022334987
J101	15	14	84	44	1.1138155532182747
J102	15	1	87	11	0.5353658467619272
J103	15	11	17	12	2.0048279106715987
\\ Dependencies 
448
1	2
1	3
1	4
1	5
1	6
1	7
1	8
1	9
2	3
2	4
2	6
2	7
2	8
2	9
3	4
3	5
3	6
3	7
3	8
3	9
4	5
4	7
4	9
5	7
5	8
5	9
6	7
6	8
6	9
7	8
7	9
8	9
10	11
10	12
10	13
10	14
10	15
10	16
10	17
10	18
10	19
11	12
11	13
11	14
11	16
11	17
11	19
12	13
12	14
12	15
12	16
12	17
12	18
12	19
13	14
13	15
13	16
13	18
13	19
14	15
14	16
14	17
14	18
14	19
15	16
15	17
15	18
15	19
16	18
16	19
17	18
17	19
18	19
20	21
20	22
20	23
20	24
20	25
20	26
20	27
20	28
20	30
21	24
21	25
21	26
21	27
21	28
21	29
21	30
22	23
22	24
22	26
22	27
22	28
22	29
22	30
23	24
23	25
23	26
23	27
23	28
23	29
24	25
24	26
24	27
24	28
24	29
24	30
25	26
25	27
25	28
25	29
25	30
26	27
26	29
26	30
27	28
27	29
27	30
28	29
28	30
29	30
31	32
31	33
31	34
31	35
31	36
31	37
32	33
32	34
32	35
32	36
32	37
33	34
33	35
33	36
33	37
34	35
34	36
35	36
35	37
36	37
38	39
38	40
38	41
38	42
38	43
38	44
38	45
38	46
38	47
38	48
39	40
39	41
39	42
39	43
39	44
39	45
39	46
39	47
39	48
40	41
40	42
40	43
40	44
40	45
40	46
40	47
40	48
41	43
41	44
41	45
41	47
41	48
42	44
42	45
42	46
42	47
42	48
43	45
43	46
43	47
43	48
44	45
44	46
44	47
44	48
45	46
45	47
45	48
46	47
46	48
47	48
49	50
49	51
49	52
49	53
49	54
49	55
49	56
49	57
49	58
50	51
50	52
50	53
50	54
50	55
50	56
50	57
50	58
51	52
51	53
51	54
51	55
51	56
51	57
51	58
52	53
52	54
52	55
52	56
52	57
52	58
53	54
53	55
53	56
53	57
53	58
54	55
54	57
54	58
55	56
55	58
56	57
56	58
57	58
59	60
59	61
59	62
59	63
59	64
59	65
59	66
59	67
59	68
59	69
60	61
60	62
60	63
60	64
60	65
60	66
60	67
60	68
61	62
61	63
61	65
61	66
61	67
61	69
62	63
62	64
62	65
62	67
62	68
62	69
63	64
63	65
63	66
63	67
63	69
64	65
64	66
64	67
64	68
64	69
65	66
65	67
65	68
65	69
66	67
66	68
66	69
67	69
68	69
70	71
70	72
70	73
70	74
70	75
70	76
70	77
70	78
70	79
70	80
71	72
71	73
71	74
71	75
71	76
71	77
71	78
71	79
71	80
72	73
72	74
72	75
72	76
72	77
72	78
72	79
72	80
73	74
73	75
73	76
73	77
73	79
73	80
74	75
74	76
74	77
74	79
74	80
75	76
75	77
75	78
75	79
75	80
76	77
76	78
76	80
77	78
77	79
78	79
78	80
79	80
81	82
81	83
81	84
81	85
81	86
81	87
81	88
81	89
81	90
81	91
81	92
82	83
82	84
82	85
82	86
82	87
82	88
82	89
82	90
82	91
82	92
83	84
83	85
83	86
83	87
83	89
83	90
83	91
84	87
84	88
84	89
84	90
84	91
84	92
85	86
85	87
85	88
85	89
85	90
85	91
85	92
86	87
86	88
86	89
86	90
86	91
86	92
87	88
87	89
87	90
87	91
87	92
88	89
88	90
88	91
88	92
89	90
89	91
89	92
90	91
90	92
91	92
93	94
93	96
93	97
93	98
93	99
93	101
93	102
93	103
94	96
94	97
94	98
94	99
94	100
94	101
94	102
94	103
95	96
95	97
95	99
95	100
95	101
95	102
95	103
96	97
96	98
96	99
96	100
96	101
96	102
96	103
97	98
97	99
97	100
97	101
97	102
97	103
98	99
98	100
98	101
98	102
98	103
99	100
99	101
99	102
100	101
100	102
100	103
101	102
101	103
102	103
