\\ machines
6
\\ max power
60
\\ Jobs in machine 1
11
J1	15	3	12	8	2.007350221122019
J2	16	8	5	5	1.1664333121350665
J3	13	2	68	28	1.2717440300369005
J4	16	9	90	5	1.3380735828221342
J5	15	14	91	32	0.31742979386765047
J6	13	4	8	26	1.5803561300113333
J7	15	10	92	27	0.7035886342719374
J8	15	10	89	41	1.56067035876537
J9	14	3	84	30	0.39086009232343755
J10	14	6	71	44	1.0818627175977025
J11	13	10	20	42	1.421905625074432
\\ Jobs in machine 2
9
J12	14	13	44	11	1.1047080299740153
J13	14	11	58	15	0.7292696570053921
J14	13	3	39	3	0.9693043122286665
J15	14	13	9	16	0.9886364050811767
J16	14	6	40	32	0.7369535015174569
J17	14	7	37	39	1.135391018152028
J18	16	12	53	26	1.6185834174304168
J19	16	13	9	22	0.921140308295243
J20	16	2	16	31	0.1
\\ Jobs in machine 3
11
J21	14	4	60	44	1.664057391550482
J22	16	11	9	2	0.9808698142164177
J23	14	1	88	30	1.5925522911236745
J24	14	13	2	45	2.4940128916370847
J25	17	14	24	24	1.0747758068143438
J26	15	7	5	21	0.7718698699244576
J27	14	1	66	29	2.0059372263767266
J28	14	13	50	6	2.1868911806116063
J29	15	1	39	14	1.963448629129477
J30	14	13	56	1	1.1467266920779169
J31	15	2	54	44	0.6551417638218485
\\ Jobs in machine 4
12
J32	14	4	87	45	1.0255543756427163
J33	14	13	54	3	1.2986238769636438
J34	17	5	20	27	0.1
J35	15	7	9	29	1.151776172972397
J36	15	9	87	25	0.49354869333668494
J37	16	7	81	4	1.107592146770446
J38	14	5	23	36	1.861293278745289
J39	16	11	73	27	0.761470063754933
J40	12	7	110	28	1.5751773052523972
J41	15	12	57	22	1.2955195055460194
J42	14	10	96	38	1.2110647554787457
J43	14	13	100	13	1.6829943223556652
\\ Jobs in machine 5
12
J44	14	4	2	18	2.049870072473096
J45	16	5	107	25	1.57739794384323
J46	14	13	85	3	0.7775610931197008
J47	14	2	96	20	0.9713661188856925
J48	14	12	80	40	1.2778186679935837
J49	16	5	72	22	1.0787665523244439
J50	13	9	6	14	1.3917485666634013
J51	14	8	42	26	0.9426186596910093
J52	14	10	102	3	1.234747546885732
J53	15	14	109	25	1.1411588943756055
J54	13	5	33	43	1.4516070494071318
J55	14	4	78	23	1.353232120672588
\\ Jobs in machine 6
11
J56	15	10	3	25	0.9269769261585525
J57	16	2	68	12	1.2615458745492292
J58	15	4	23	7	1.4709796101769375
J59	15	14	70	37	0.6770859726775373
J60	16	11	71	27	1.4824450036619616
J61	16	10	35	32	1.8193304201299718
J62	14	10	52	7	1.6736030348196194
J63	16	14	42	42	0.6574567355275212
J64	15	1	79	41	1.3934880330628856
J65	15	1	20	35	0.5051054246691224
J66	14	2	66	33	0.8800689834845381
\\ Dependencies 
131
1	3
1	5
1	6
1	9
1	10
2	6
2	9
4	5
4	6
4	11
5	9
6	8
6	9
6	10
7	8
8	10
9	10
12	13
12	15
12	16
12	17
13	20
14	15
15	20
16	17
16	18
17	18
17	19
21	24
21	27
21	28
21	30
22	27
22	29
22	30
23	24
23	29
23	31
24	25
24	26
24	28
24	30
25	31
26	27
26	28
26	29
26	30
26	31
27	28
27	29
27	31
28	30
28	31
29	31
32	33
32	42
33	34
33	36
33	40
33	43
34	35
34	40
34	43
35	38
35	39
35	43
36	38
36	42
37	38
37	41
37	43
38	40
38	41
38	43
39	41
39	42
39	43
40	41
40	42
42	43
44	45
44	48
44	49
44	50
44	51
44	53
45	46
45	50
45	51
45	54
46	49
46	54
46	55
47	48
47	50
47	54
47	55
48	50
48	53
48	55
49	50
49	54
50	52
50	53
51	53
51	54
52	55
53	54
56	58
56	62
57	60
57	61
57	63
57	65
57	66
58	60
58	66
59	60
59	61
59	62
59	63
59	64
59	65
60	63
60	64
61	66
62	65
63	64
63	65
63	66
65	66
