\\ machines
20
\\ max power
200
\\ Jobs in machine 1
11
J1	13	8	65	98	0.22793764019838525
J2	15	14	2	4	0.1
J3	14	8	5	20	1.4360609121933208
J4	13	5	21	68	1.5690112139886447
J5	14	14	89	35	0.5486016984048249
J6	14	13	42	25	1.3452183249392424
J7	14	6	45	29	0.5679042835767053
J8	14	2	109	92	0.4991235077345887
J9	12	12	7	59	1.59405252090036
J10	15	8	26	44	0.8535449743003023
J11	14	5	29	93	1.3606296864171588
\\ Jobs in machine 2
10
J12	14	5	83	99	2.08533440902554
J13	14	7	90	67	0.3775961774159621
J14	14	6	88	56	0.7514195875638032
J15	14	12	32	90	0.7813833395391956
J16	14	11	100	90	0.7898679492001248
J17	13	6	47	28	1.4458529237259148
J18	14	14	57	48	1.6783114022844456
J19	14	12	3	6	0.2564214145936463
J20	14	3	104	89	1.1389453965060512
J21	14	14	51	42	1.0382387654960976
\\ Jobs in machine 3
11
J22	13	10	93	63	0.49181739099518684
J23	15	13	15	52	0.1669700795013198
J24	16	5	86	21	0.5770087095060434
J25	16	8	62	23	0.6078251859150737
J26	12	13	10	15	1.2076618558113148
J27	14	7	30	92	1.083360962071781
J28	17	14	16	6	1.5172176599895038
J29	15	4	74	82	1.1457802327499897
J30	15	4	49	86	1.0300723217102075
J31	12	3	78	49	0.5685952536600911
J32	14	11	13	60	1.946536201848398
\\ Jobs in machine 4
10
J33	15	5	55	13	0.1
J34	14	6	106	72	1.0421970953202384
J35	14	5	110	99	0.9059444888901504
J36	13	8	30	36	0.7013068600738979
J37	14	14	56	54	1.8249546469446343
J38	14	4	64	56	1.1753177203683942
J39	15	4	92	52	1.2732244340142838
J40	18	2	24	55	1.1673076862126182
J41	14	2	107	19	0.7987332553966343
J42	15	10	73	81	1.857303842007811
\\ Jobs in machine 5
10
J43	15	9	14	67	1.527169063696689
J44	15	3	89	74	0.43729467460184634
J45	15	10	96	70	0.33686330084132177
J46	13	8	57	43	0.3538437969074637
J47	14	7	54	76	1.4177897062119194
J48	14	6	65	51	1.0719142794387875
J49	15	4	28	17	1.1069894906935047
J50	15	9	19	24	0.49240500436052537
J51	12	4	68	15	1.0900765145408566
J52	14	2	13	15	0.6503195599658623
\\ Jobs in machine 6
12
J53	15	11	10	74	2.123469910165525
J54	14	7	84	93	1.2229704348972161
J55	13	9	9	8	1.2193321516392328
J56	15	5	26	52	0.6815567689881021
J57	14	10	83	11	0.7276158653530562
J58	14	11	2	49	1.5948157043247468
J59	14	8	2	37	1.4067884499307994
J60	15	2	22	87	1.2086028423789927
J61	14	1	110	70	1.4181538149298594
J62	15	14	76	53	1.004862207535208
J63	14	8	26	41	1.6688219669396513
J64	13	8	100	71	1.1470659813725752
\\ Jobs in machine 7
11
J65	15	2	6	67	0.6603093102012759
J66	15	14	45	31	1.3924428042279517
J67	15	12	26	99	0.5313425476190179
J68	15	4	80	97	1.1824923834205152
J69	15	13	51	15	1.4790943496488014
J70	15	8	45	38	1.3674792252504018
J71	13	3	34	66	1.133190494010446
J72	15	13	104	55	1.145022328689734
J73	15	9	18	67	1.7908561447514675
J74	14	14	27	36	0.15983500808449103
J75	15	12	33	34	1.1865678344477646
\\ Jobs in machine 8
11
J76	13	12	8	97	0.9436886560959106
J77	15	7	46	85	1.3006714997148938
J78	13	1	53	63	2.458011327311142
J79	13	9	12	92	0.5531125769316544
J80	15	12	76	83	1.6705278901966407
J81	14	14	33	52	0.19646956481656752
J82	14	4	94	87	1.5890135761483628
J83	15	13	57	32	0.37167098914491437
J84	16	8	58	26	1.340625598985527
J85	15	1	39	10	0.4618562138866915
J86	15	8	8	41	1.7416293129368523
\\ Jobs in machine 9
10
J87	12	13	73	36	1.5058398527192831
J88	15	6	31	62	1.50064245788189
J89	12	13	5	17	2.0147445962659782
J90	15	4	67	61	1.4888918082897562
J91	15	1	39	94	0.7423841480366777
J92	13	10	18	21	1.0952490425001071
J93	13	3	95	27	1.4162849502188517
J94	15	3	99	86	1.5046446942750533
J95	13	10	9	47	1.0628456923770482
J96	14	8	25	72	0.5819531599361454
\\ Jobs in machine 10
11
J97	14	14	99	31	0.7499677972390665
J98	12	5	30	4	0.8712403720711172
J99	15	1	25	19	1.584386774410906
J100	15	11	32	94	1.7108220893250818
J101	15	7	87	5	1.1980374024123357
J102	14	13	22	24	1.7908736726116365
J103	15	8	71	27	1.3929625827829186
J104	15	13	26	14	0.5421297263072504
J105	13	13	60	82	1.6341424854709448
J106	12	10	75	43	0.49780051545906756
J107	13	4	41	27	0.9881686183889441
\\ Jobs in machine 11
12
J108	14	12	29	41	0.4496491181161155
J109	14	2	17	67	0.6120337657835201
J110	14	6	101	22	0.9865134144305295
J111	15	14	75	96	1.4360240415258196
J112	15	3	56	30	2.1225200848351236
J113	15	4	96	71	1.7816095909204512
J114	14	13	83	60	1.306584009756933
J115	12	5	107	37	0.43371410043474046
J116	14	13	45	29	1.528454860979017
J117	15	9	51	38	0.1
J118	15	1	18	92	1.5926225334529618
J119	12	13	97	54	1.1937794491879226
\\ Jobs in machine 12
10
J120	14	12	61	46	1.7356455989503994
J121	14	1	15	77	1.446059509687723
J122	13	2	66	41	1.7642148454206565
J123	15	4	103	87	0.7527144118563909
J124	15	12	80	55	1.655057780246928
J125	15	3	64	66	1.6553590781867666
J126	15	1	109	12	1.0397687101580604
J127	16	12	2	46	1.1120796518750011
J128	15	9	50	80	1.1083514127481084
J129	14	14	73	45	0.8557803494276793
\\ Jobs in machine 13
11
J130	15	1	26	11	1.5523008181030333
J131	14	5	108	56	1.3120799144811912
J132	15	11	31	93	0.3702386130418376
J133	14	11	2	74	1.4226538178841783
J134	12	11	68	63	0.5016874177793604
J135	15	3	9	23	1.5033929499944967
J136	12	11	14	21	1.754406036794658
J137	14	7	91	83	0.1
J138	14	13	44	60	0.8289427438162457
J139	15	5	71	34	1.325127539388295
J140	15	2	98	37	1.7051913992767223
\\ Jobs in machine 14
10
J141	13	7	33	37	1.6153930848295974
J142	13	5	35	12	0.8484865659423468
J143	15	13	36	3	0.9611279654568297
J144	14	8	49	44	0.9370960898751404
J145	12	14	57	7	0.9607653645874277
J146	13	6	48	19	0.5111846292259529
J147	14	12	27	48	0.3149517573539936
J148	14	11	75	76	2.124292260144037
J149	15	11	10	92	1.042446790162302
J150	15	7	53	49	1.2307478048158615
\\ Jobs in machine 15
12
J151	14	1	60	68	0.7242853220489402
J152	15	7	42	33	0.4842125181999911
J153	15	9	10	74	0.8789149433860803
J154	15	14	88	21	0.5074836141063014
J155	16	10	64	58	0.7772794429898592
J156	13	4	39	84	1.3442956437061309
J157	14	4	102	48	0.46090385575932014
J158	13	8	45	54	1.5513771327593147
J159	15	13	75	28	0.8773170513580619
J160	14	2	109	30	1.4141840909301404
J161	15	4	55	53	1.5214487214411134
J162	14	5	74	14	1.5899134138118396
\\ Jobs in machine 16
12
J163	12	14	84	66	1.4471572651617488
J164	14	11	107	9	0.9988568581319336
J165	15	9	28	2	1.1818056470882679
J166	14	2	85	84	1.354867375577358
J167	15	8	42	65	1.6498786686731801
J168	14	9	96	76	1.001875226247877
J169	14	8	70	71	0.6301304649511538
J170	14	4	92	65	1.0651104717580742
J171	16	6	88	77	1.5173520843861636
J172	16	2	45	23	0.9760928447553416
J173	17	10	58	53	0.7911495956949731
J174	13	2	68	11	1.2789459966358412
\\ Jobs in machine 17
12
J175	14	8	102	90	1.8187908562400068
J176	15	6	36	10	0.6533607701438355
J177	13	3	68	80	0.8440102940918689
J178	15	11	104	26	1.3636310072842366
J179	15	13	98	71	1.7053117004410356
J180	13	1	88	4	1.1465606952554597
J181	13	1	88	76	0.9111163283452861
J182	15	12	62	57	0.7518088176495625
J183	15	9	96	25	0.5243697553298314
J184	16	12	76	47	0.9227785284802128
J185	15	11	71	79	0.7377160526996788
J186	14	6	8	15	0.606685793409397
\\ Jobs in machine 18
12
J187	13	13	9	35	0.6937896843183281
J188	14	14	16	91	1.0682992442921249
J189	15	12	102	63	1.494563247161828
J190	14	1	53	10	1.1989429404079004
J191	15	12	95	49	1.0640558239906148
J192	16	14	91	66	1.0691956425187708
J193	12	12	97	35	1.2541837020103348
J194	14	6	22	70	1.484179599480953
J195	13	2	14	6	1.5667280503932624
J196	15	8	38	32	0.8992655242803063
J197	15	5	110	91	1.1813417367165624
J198	16	9	88	29	1.0845022242121913
\\ Jobs in machine 19
12
J199	14	9	85	86	1.4694516200574697
J200	13	3	88	3	1.2941639888277239
J201	15	1	39	38	2.075756929974461
J202	16	11	84	92	0.1
J203	15	5	3	19	0.5992568843197501
J204	14	4	110	60	1.2592767921610835
J205	16	8	15	63	1.3500164856416483
J206	16	8	12	35	1.2943107128929028
J207	14	10	74	49	0.6354921176770478
J208	15	2	13	51	1.3562106847000353
J209	14	6	62	35	1.7284692135119555
J210	15	14	22	69	2.1040877155741278
\\ Jobs in machine 20
11
J211	14	12	65	29	0.8040869182613991
J212	15	10	50	97	0.9550448798413724
J213	14	4	64	30	1.2077841443574378
J214	14	3	57	77	1.2546973823973167
J215	15	13	43	58	0.8826610213099275
J216	15	11	14	88	0.7440396880752616
J217	14	4	58	78	0.2827321977853119
J218	15	14	90	67	1.8984437454104381
J219	12	3	59	98	0.1
J220	14	10	48	42	2.7703778726226083
J221	16	10	4	65	0.9592029022358757
\\ Dependencies 
323
1	3
1	5
1	6
1	9
2	5
3	5
3	7
3	10
4	5
4	6
4	7
4	8
4	11
5	9
5	10
5	11
6	7
7	8
7	11
8	9
12	15
12	16
12	19
12	21
13	15
13	18
14	15
14	16
14	19
14	21
15	17
15	19
15	20
16	17
17	20
18	20
22	27
22	28
23	24
23	25
24	29
24	32
25	31
26	28
27	30
27	31
28	30
29	30
29	32
30	32
33	34
33	38
33	39
33	40
33	41
35	40
35	42
36	39
36	40
38	42
39	40
39	42
43	44
43	45
43	52
44	45
44	49
44	52
45	49
46	50
47	51
47	52
48	52
50	51
53	54
53	57
53	61
54	55
54	56
54	63
54	64
55	59
56	58
56	62
57	62
57	63
58	60
58	64
60	63
61	63
61	64
62	64
63	64
65	70
66	71
66	73
67	69
67	70
67	73
68	73
69	72
71	73
71	74
72	73
73	74
74	75
76	79
76	80
76	84
76	86
77	78
77	81
77	82
78	80
78	83
79	83
79	84
80	81
80	82
80	85
80	86
81	82
81	85
82	84
83	85
84	85
87	88
88	91
88	93
88	95
89	93
89	94
89	96
90	95
91	96
92	93
92	94
92	96
94	95
97	99
98	99
98	104
98	107
100	104
102	107
103	106
103	107
104	106
105	107
108	110
109	113
109	118
110	119
111	113
111	116
111	117
111	119
112	114
112	115
112	116
112	119
113	114
113	119
114	117
115	117
115	118
117	118
120	122
121	124
121	127
121	129
122	125
122	128
122	129
123	125
123	128
124	128
125	129
127	128
130	136
130	137
131	139
131	140
132	136
132	140
133	137
133	138
133	139
134	135
134	139
135	137
135	138
136	140
137	138
138	140
141	143
141	144
142	145
142	147
143	146
143	147
144	145
145	148
145	149
146	148
147	150
151	158
152	155
152	160
152	161
153	154
153	159
154	155
154	158
154	159
154	160
155	160
156	160
156	162
159	160
160	161
163	167
163	169
163	170
163	174
164	167
164	169
164	172
164	174
165	166
165	169
165	172
165	173
165	174
166	167
166	169
166	172
167	170
167	172
167	174
168	169
169	172
170	172
171	172
171	174
172	174
173	174
175	185
175	186
176	180
176	182
176	184
176	186
177	180
177	181
177	185
178	179
178	180
178	182
180	181
180	183
180	185
181	182
181	185
183	185
183	186
184	185
187	190
188	192
188	193
189	192
189	193
189	195
189	196
189	197
189	198
190	193
190	195
190	196
191	195
191	197
192	196
192	198
193	194
193	195
193	198
195	197
195	198
196	197
199	200
199	203
199	209
201	202
201	204
201	206
202	207
203	206
203	207
204	205
205	207
205	210
206	209
206	210
207	210
211	212
211	214
211	216
211	217
211	219
211	220
213	214
213	216
214	215
214	217
214	219
214	220
215	218
215	219
216	218
216	219
218	221
219	220
220	221
