\\ machines
18
\\ max power
180
\\ Jobs in machine 1
10
J1	15	7	81	7	0.9084881186490021
J2	15	13	79	15	0.6516735872151789
J3	13	14	7	11	1.3149032799351332
J4	13	6	63	18	1.2263572992865528
J5	16	11	61	14	0.43483329732211196
J6	15	4	42	33	0.681104478105954
J7	15	10	82	27	1.107399047698946
J8	16	8	55	16	1.0262113033505633
J9	15	8	25	12	1.3720949221168304
J10	15	12	45	23	0.1
\\ Jobs in machine 2
12
J11	14	4	88	13	1.0045937687493318
J12	15	3	11	10	0.5956592702925779
J13	16	9	82	35	1.4666679962291318
J14	13	2	6	19	1.3341166909477962
J15	12	14	68	34	1.0815789731050642
J16	13	14	108	18	1.0701315631998902
J17	13	9	105	27	1.0777014252371497
J18	14	14	104	20	1.6149354562888516
J19	15	10	51	17	1.8322500076518868
J20	14	2	95	13	1.3244911631504523
J21	15	2	82	5	1.9169793412281022
J22	16	5	33	23	1.8835037204932645
\\ Jobs in machine 3
11
J23	14	10	34	11	0.37090233102161707
J24	12	11	25	41	1.1147755183966217
J25	14	6	18	43	0.8865479327799637
J26	16	4	94	33	1.4349374136790722
J27	14	2	102	28	1.2557854975744558
J28	13	14	8	27	1.8738928559672332
J29	16	10	105	11	1.6639360323766477
J30	15	4	29	32	0.1
J31	13	6	47	31	1.7173437927139321
J32	16	12	4	35	0.6087321255039005
J33	14	3	12	45	1.442404083874413
\\ Jobs in machine 4
10
J34	15	12	19	32	0.7584849166505743
J35	14	3	49	32	0.8778024939539761
J36	16	11	42	42	0.7221634866740533
J37	14	12	83	39	0.4105385733260335
J38	15	4	24	26	0.670349289264058
J39	16	3	69	4	1.0925271652566677
J40	14	14	21	11	1.914383350641097
J41	14	4	2	34	1.3139484054628339
J42	16	14	35	30	1.116301263222458
J43	13	13	108	8	0.9304650023267467
\\ Jobs in machine 5
10
J44	14	13	95	35	0.1
J45	15	14	52	19	1.0604559686663315
J46	13	10	105	27	1.4533107082443846
J47	14	8	51	4	1.3120979864991325
J48	17	12	95	45	1.4410846139410343
J49	15	11	40	40	1.9789674608207037
J50	13	7	97	44	0.1
J51	14	8	10	4	1.2235932491849313
J52	15	9	83	32	0.6274821149627918
J53	15	13	3	40	1.2921377185794516
\\ Jobs in machine 6
10
J54	15	5	65	2	1.3804652354056994
J55	16	5	4	45	0.6167126954163401
J56	14	9	19	20	0.5821484582302157
J57	16	2	21	24	1.4863476399281343
J58	14	5	110	25	1.233057593608449
J59	14	11	76	41	1.5019566855192026
J60	14	12	40	33	1.2935082662847601
J61	14	11	26	5	1.424360043014701
J62	13	4	47	3	0.7440101601551343
J63	15	10	44	22	1.3217918144491807
\\ Jobs in machine 7
10
J64	15	1	15	43	1.0493139252961168
J65	17	12	28	41	1.6581319753089965
J66	15	9	103	1	0.9965729976814565
J67	14	13	13	8	1.1708693165803545
J68	14	10	99	14	1.501527264719504
J69	14	7	78	12	1.2477387929538493
J70	15	10	55	4	1.5229377677684057
J71	13	13	85	22	0.8833580389096205
J72	14	7	19	40	1.5822924866515264
J73	16	11	26	6	0.7740563059774318
\\ Jobs in machine 8
11
J74	15	1	83	23	1.197209466650328
J75	16	1	28	20	0.3892866984377098
J76	14	4	102	38	1.4182994081798752
J77	13	7	82	45	1.6412506403447367
J78	16	10	80	22	0.9296002937424266
J79	14	8	77	22	1.5127347297582079
J80	14	14	95	6	0.1
J81	14	13	36	20	1.1393027569858132
J82	15	8	54	7	0.7003927417573141
J83	14	1	10	18	2.024238290343588
J84	13	4	78	38	1.227167596536257
\\ Jobs in machine 9
10
J85	13	7	28	10	1.185879116474814
J86	15	14	90	23	1.456576894437165
J87	16	5	11	5	0.9888380752877772
J88	13	9	85	6	1.7577133546930401
J89	14	12	9	6	1.0591838331707364
J90	13	9	36	10	1.4140652410878045
J91	15	7	65	5	1.0383732726166799
J92	15	13	50	7	1.3898546477055316
J93	17	11	46	31	0.2440979606772593
J94	15	1	29	17	1.105014599104738
\\ Jobs in machine 10
9
J95	14	4	83	4	1.0280285689194373
J96	15	4	109	43	1.9024115704883746
J97	15	2	30	41	1.4341264238609472
J98	16	2	84	35	1.6266106586544722
J99	17	1	104	10	1.7090942574532813
J100	14	8	6	7	0.6261808602310126
J101	15	14	79	32	1.6313549056056122
J102	14	10	27	28	0.9901970865234082
J103	13	12	43	15	1.0189647307025358
\\ Jobs in machine 11
11
J104	14	14	19	38	0.6359778208776575
J105	13	11	77	8	1.0123765003809102
J106	14	5	89	35	1.1510361181174007
J107	15	11	82	38	1.0312537534827455
J108	14	13	5	42	1.2570950635689464
J109	15	8	3	34	0.5836735796011032
J110	15	4	73	28	2.228380335775594
J111	14	1	38	7	1.0719115843958875
J112	14	13	13	7	1.1037914180587367
J113	14	9	50	42	0.9852918807820877
J114	17	13	70	14	0.5596627388252611
\\ Jobs in machine 12
11
J115	14	1	5	16	0.6943572247157007
J116	15	12	73	10	1.8965307667559461
J117	16	14	91	10	0.5864898430511052
J118	13	1	93	4	1.1640197934639536
J119	15	2	5	27	1.0420503075623617
J120	14	6	76	29	0.927985453780886
J121	16	6	72	16	1.2640569268639485
J122	15	7	105	23	1.2050443577541403
J123	13	7	63	37	0.3773199610302669
J124	14	1	79	37	1.570912082608221
J125	15	1	55	45	0.1
\\ Jobs in machine 13
10
J126	15	9	22	42	0.9378210156345443
J127	14	14	106	24	1.5308359553180013
J128	14	3	48	43	0.42511954105112104
J129	16	5	58	16	1.5622526207101246
J130	15	14	109	44	1.501433249455787
J131	14	2	88	8	1.1130800633422893
J132	13	7	89	1	1.358282984368808
J133	15	12	27	6	1.1270674309510997
J134	14	1	47	29	1.1813064077424598
J135	13	1	38	26	0.479078996485544
\\ Jobs in machine 14
12
J136	13	4	4	1	0.9428884354706673
J137	15	13	76	8	1.8528569655632485
J138	14	3	76	39	1.0062916007575464
J139	17	10	8	33	0.5121981096228262
J140	15	11	84	16	0.9788144625786249
J141	14	14	83	29	1.6223892131920938
J142	16	13	56	36	1.938242116723979
J143	15	11	4	27	0.1
J144	14	11	109	4	0.5468048736676964
J145	15	4	12	16	1.773954540349206
J146	14	7	88	31	2.065197319089604
J147	12	10	77	32	0.8669797441804812
\\ Jobs in machine 15
10
J148	15	2	2	30	1.5108125084406576
J149	15	6	21	42	1.332833831210388
J150	14	4	91	25	0.9394301376037436
J151	14	8	47	4	1.307387941235238
J152	14	2	40	20	1.3852467602885898
J153	14	14	59	16	1.2853962971196997
J154	16	6	37	22	1.6461911295458242
J155	16	2	75	34	1.4046380390356892
J156	15	3	28	26	1.2336295989245323
J157	15	10	105	15	1.073233322988035
\\ Jobs in machine 16
12
J158	16	3	107	34	1.3371978768644202
J159	15	6	21	31	0.6694379557297072
J160	15	6	62	22	1.3772165088733397
J161	14	7	38	28	1.9288724474046337
J162	13	13	59	20	0.8878440562659031
J163	15	13	41	35	1.4996614836566118
J164	15	10	104	32	1.1270812418005052
J165	16	14	19	19	0.9979304036521129
J166	14	10	92	35	1.7413820185725446
J167	15	2	44	17	0.1
J168	15	2	38	26	1.0782251763945798
J169	16	12	70	14	1.2144081592774019
\\ Jobs in machine 17
11
J170	15	5	98	43	1.2747769972952212
J171	14	1	52	15	0.5616176193018808
J172	15	2	90	10	1.7080011906182242
J173	13	14	102	22	0.5099790231974285
J174	15	6	10	43	1.2686863692371173
J175	13	4	42	41	0.7459700121296091
J176	14	9	20	22	0.1
J177	16	14	84	8	1.0999072787728144
J178	14	10	32	13	0.9740740034881252
J179	15	2	95	44	0.6263267266587684
J180	15	11	53	15	0.16419913025804633
\\ Jobs in machine 18
13
J181	16	11	19	27	1.509629132399088
J182	13	14	47	31	1.2702842555495217
J183	14	12	61	23	1.2993353346425711
J184	13	3	93	18	1.6277582272810662
J185	14	6	76	21	0.9501387924741096
J186	14	7	94	28	2.0017639006572505
J187	14	7	97	19	1.4026259356502178
J188	14	10	37	23	1.9060059864503316
J189	15	9	35	29	0.4333504403062963
J190	14	8	78	40	1.3663806639889367
J191	14	7	61	41	2.1146138561104717
J192	14	7	79	10	1.8572367612366232
J193	14	7	62	2	1.220683871382938
\\ Dependencies 
347
1	3
2	3
2	4
2	6
2	8
2	10
3	9
4	7
5	8
5	9
6	8
6	9
7	8
7	9
8	9
8	10
9	10
11	15
11	16
11	20
11	21
12	16
12	18
12	19
13	16
13	17
13	19
13	20
13	22
14	16
14	18
14	20
14	21
16	20
16	22
17	19
17	22
18	21
18	22
19	20
23	25
23	26
23	28
23	30
24	26
24	32
25	27
25	29
25	30
26	31
26	33
28	30
28	33
29	31
29	32
29	33
30	32
30	33
31	32
31	33
34	37
34	39
34	40
34	41
35	38
36	42
37	39
37	40
37	42
38	41
38	43
39	40
39	43
40	41
41	43
44	47
44	48
44	49
44	52
44	53
45	49
45	50
46	47
46	50
46	52
48	51
49	50
49	51
49	52
49	53
51	53
52	53
54	60
54	62
55	56
55	58
55	61
56	57
56	59
56	63
57	61
57	62
58	60
58	63
59	62
59	63
60	62
60	63
64	72
65	66
65	67
65	68
65	72
65	73
66	67
66	71
66	72
67	69
67	72
68	69
68	70
68	71
69	70
69	73
71	72
71	73
74	75
75	78
75	80
76	82
76	83
76	84
77	79
77	80
77	83
78	79
78	80
78	81
78	84
79	80
79	83
80	82
81	82
82	83
83	84
85	86
85	87
85	92
85	94
86	87
86	93
86	94
87	89
87	90
87	92
87	93
87	94
89	92
89	94
90	92
90	93
91	92
91	93
92	93
95	98
95	102
96	99
96	100
96	102
97	98
97	99
97	100
98	100
99	100
99	101
100	103
101	102
101	103
102	103
104	106
105	109
105	113
106	107
106	108
106	109
106	111
106	112
107	109
107	110
107	112
107	114
109	110
109	113
110	113
111	112
111	113
111	114
112	113
113	114
115	116
116	119
116	125
117	118
117	123
117	124
117	125
118	119
118	120
118	122
118	123
119	122
119	124
120	124
121	123
122	124
123	125
126	128
126	129
126	130
126	135
127	129
127	131
127	132
127	133
127	135
128	129
128	130
128	134
128	135
130	131
130	134
130	135
131	132
131	134
132	134
132	135
134	135
136	140
136	141
136	143
137	140
138	143
138	144
139	140
139	141
139	142
139	143
139	146
140	141
140	145
141	146
142	145
142	146
144	146
145	147
146	147
148	150
148	152
148	156
149	152
150	151
150	154
150	155
151	152
151	157
152	157
153	154
153	155
153	157
154	155
154	156
155	156
158	161
158	164
158	167
158	168
158	169
159	162
159	166
159	169
160	162
160	167
160	168
161	162
161	163
161	165
161	168
162	167
164	166
164	167
164	169
165	167
165	169
166	168
167	168
167	169
170	171
170	177
170	178
171	174
171	177
171	179
171	180
172	179
172	180
173	176
173	177
173	178
173	179
173	180
174	176
174	177
175	179
175	180
176	179
176	180
178	179
178	180
181	183
181	186
181	187
181	190
181	191
181	192
182	183
182	184
182	186
182	189
182	190
182	192
183	187
183	189
183	190
184	193
185	189
185	190
185	192
185	193
186	190
187	191
187	193
188	189
188	192
189	192
189	193
190	191
191	193
