\\ machines
18
\\ max power
180
\\ Jobs in machine 1
11
J1	14	1	26	111	0.8193430103380631
J2	15	3	51	66	0.8405243990129807
J3	15	3	60	7	0.730690130564801
J4	13	10	61	75	2.181615136882616
J5	14	7	47	41	1.1002721597626859
J6	16	13	71	22	0.9829104385423884
J7	15	10	92	21	0.8306632145940611
J8	15	3	7	62	1.3899824992761074
J9	14	8	23	65	1.320456657310239
J10	14	5	3	95	0.7427285451404508
J11	13	6	81	89	1.4086365995362942
\\ Jobs in machine 2
11
J12	16	2	4	4	1.570765708241889
J13	14	2	33	126	1.3626700850090068
J14	15	1	32	134	1.652096267859382
J15	16	14	61	54	1.1860208813480375
J16	16	11	105	99	0.1992367156434045
J17	15	8	54	116	0.7436765358399666
J18	16	11	67	21	0.7086449540689499
J19	18	7	67	4	1.2770611491289143
J20	15	11	81	39	1.339753811652732
J21	14	5	101	128	1.4323250038000839
J22	15	7	65	44	1.0190582186321895
\\ Jobs in machine 3
12
J23	14	8	103	100	1.7049259130457646
J24	16	13	77	70	0.5904639326746085
J25	15	1	61	121	0.9877567774499998
J26	16	11	82	74	1.2665561124691036
J27	13	7	32	95	1.5447486246962323
J28	14	3	106	17	1.3577312564149244
J29	14	13	32	43	0.6675212234953176
J30	14	11	8	72	1.2834848048397038
J31	15	8	10	56	0.9078708843983272
J32	16	13	93	102	0.1
J33	15	14	65	27	0.898205682927796
J34	15	11	93	19	1.1496206770965005
\\ Jobs in machine 4
12
J35	14	9	62	89	1.0811597376518916
J36	15	1	21	124	0.37399655624956607
J37	14	10	27	34	1.038122730509326
J38	14	3	97	34	1.044324811795764
J39	16	12	3	131	1.3709575125761522
J40	12	3	58	130	2.1748351001764683
J41	15	7	105	56	1.6327949722930664
J42	14	3	64	29	1.0026524433160868
J43	16	10	54	55	1.4686032529696609
J44	14	5	45	133	0.9097819537113342
J45	15	12	19	76	0.49859108498945703
J46	17	2	85	28	1.4646056049265082
\\ Jobs in machine 5
12
J47	15	11	49	22	0.5435427425895787
J48	13	9	86	111	0.9251197480012905
J49	13	4	73	12	1.4256686796344749
J50	13	2	64	125	1.3809622640204635
J51	14	6	54	58	0.4309985832059414
J52	13	13	16	62	1.1726567510149597
J53	14	14	43	30	0.9833848718012539
J54	13	8	70	30	1.5602568437671493
J55	14	7	101	118	2.366362928394044
J56	12	5	65	43	2.345878232572091
J57	16	13	38	27	0.6578809197605715
J58	16	6	14	111	1.3219507233542263
\\ Jobs in machine 6
12
J59	14	6	27	65	1.7474548523656508
J60	16	14	26	64	0.6753150083506253
J61	13	12	90	99	0.45954835877878764
J62	12	11	79	28	0.4314562111940877
J63	15	11	3	98	1.4605001168785487
J64	15	6	70	123	1.411043769342586
J65	13	11	31	125	1.837834904538962
J66	12	6	34	58	1.4204781519612864
J67	16	12	59	134	1.6781295785637196
J68	13	11	9	135	1.4576309257303595
J69	14	10	104	2	0.49512316477094
J70	15	4	43	121	1.440439190776223
\\ Jobs in machine 7
10
J71	14	9	10	121	0.4552247556890737
J72	17	9	93	42	0.6714700162102586
J73	14	1	39	15	1.1137935031006845
J74	15	5	36	56	1.8522105549361365
J75	14	14	30	103	2.102911966288586
J76	14	9	95	44	1.316078929379951
J77	14	12	47	12	1.8045263428755525
J78	14	7	82	60	1.0151783143597726
J79	14	6	44	14	0.9856374628377094
J80	14	13	39	39	1.1757769451752589
\\ Jobs in machine 8
10
J81	14	7	47	102	1.321611536727866
J82	14	3	6	118	0.4340545937537654
J83	15	6	9	70	1.9578947531139947
J84	14	7	14	27	1.5586349301491995
J85	15	12	37	42	1.2148966220927475
J86	15	4	100	24	1.1665822375798107
J87	15	4	100	131	1.1171395985391421
J88	13	2	58	31	0.7026276959418766
J89	15	13	8	94	1.6925630718111033
J90	15	2	63	29	0.995742564740858
\\ Jobs in machine 9
10
J91	13	8	58	30	0.9084734886301487
J92	15	11	11	103	1.283444809588948
J93	14	6	108	120	1.1096236741756589
J94	13	3	49	38	0.7370193255724788
J95	14	7	64	14	0.8771488849299397
J96	15	1	99	53	1.622391925050998
J97	14	1	50	52	0.977774498370318
J98	14	7	89	2	0.7745258590328997
J99	15	5	20	72	1.7600552170844328
J100	14	13	62	98	1.8371439647224912
\\ Jobs in machine 10
11
J101	15	13	76	133	0.8872084740578348
J102	15	8	84	53	0.5125339430524724
J103	14	4	7	130	0.653092625126152
J104	16	5	54	96	0.695926288371945
J105	16	7	23	128	1.6320501140601904
J106	16	7	40	25	0.889831999145726
J107	15	7	7	132	1.5002050417851869
J108	14	14	24	14	1.4253607025566468
J109	15	7	13	75	1.473540298280796
J110	15	11	76	47	1.2352772228072402
J111	17	14	58	86	1.3926861279374996
\\ Jobs in machine 11
10
J112	12	3	25	121	0.9529087451909423
J113	15	6	40	46	1.1331945100279015
J114	15	3	92	36	1.035848775303082
J115	14	5	62	48	0.907421919051475
J116	15	10	37	26	1.4181235522713034
J117	14	14	55	77	0.7320086657368025
J118	14	7	60	104	1.1412726201211412
J119	13	14	64	22	1.0322369068611421
J120	16	6	23	93	0.8551868414384267
J121	15	5	16	71	1.0987676929124202
\\ Jobs in machine 12
11
J122	15	14	29	116	1.3228622336771216
J123	15	10	33	19	1.6411683079845267
J124	15	12	75	43	1.9975137553971911
J125	13	10	54	36	0.985696076298865
J126	16	7	93	7	0.8907619862048083
J127	15	5	107	100	0.67606483920737
J128	15	9	17	116	1.2350105971774772
J129	15	14	86	100	1.3869404820713997
J130	14	14	105	94	1.1959072259528913
J131	13	14	10	18	1.2881419543099417
J132	14	8	95	115	0.8577809672529574
\\ Jobs in machine 13
12
J133	15	14	81	95	0.5761001025506411
J134	15	9	70	113	1.9131662343532885
J135	14	12	56	67	1.668036722538849
J136	13	11	73	135	1.609194634911278
J137	13	8	21	115	0.4228965806510533
J138	15	12	5	19	1.6744060064087691
J139	14	5	31	51	0.7943752655238765
J140	14	6	109	49	0.9906318767745369
J141	13	6	34	55	1.2456853458401187
J142	16	1	4	84	0.8515639187875228
J143	14	9	14	72	0.4262928095318472
J144	15	8	31	18	0.7924807595393464
\\ Jobs in machine 14
10
J145	15	9	25	63	1.6858367431866115
J146	14	13	97	77	0.37555835395819415
J147	14	14	47	85	2.034227004174152
J148	14	13	55	15	0.8585108585868118
J149	14	6	40	52	1.0240462628901577
J150	13	11	102	135	1.753964712734854
J151	16	9	58	110	1.4492649470146566
J152	17	1	96	34	0.2999802655422932
J153	14	2	62	71	0.8517869705125751
J154	14	10	54	60	0.9956576129164423
\\ Jobs in machine 15
11
J155	14	7	57	97	0.6406570980562465
J156	16	9	53	13	1.3249858012382474
J157	13	7	44	40	1.1958783836893239
J158	12	10	26	92	1.4253521185556588
J159	15	11	27	69	0.7164214307828735
J160	15	9	102	127	1.5185055943314605
J161	15	7	14	133	1.6803318357156842
J162	14	14	48	97	0.9356576096556027
J163	15	14	15	54	1.714844330576096
J164	14	4	17	66	1.402964728644213
J165	16	11	5	7	1.164081206167659
\\ Jobs in machine 16
9
J166	13	10	58	122	1.192616929695233
J167	18	1	67	64	0.7984492090254078
J168	15	6	7	95	1.3264601179195499
J169	14	3	15	1	0.6615084963346093
J170	15	3	70	114	1.0027633510832732
J171	16	6	67	37	0.8251415492931049
J172	15	1	63	66	2.21689504764955
J173	16	12	37	67	1.4486230170383794
J174	15	5	17	6	0.9149416008221796
\\ Jobs in machine 17
11
J175	15	9	16	94	1.0537421649691778
J176	16	4	40	72	1.5616286173619245
J177	14	3	51	111	1.6510235506605457
J178	15	11	59	14	0.9110317838224733
J179	16	8	55	87	0.5859927339551777
J180	15	1	10	63	0.5733952813279717
J181	15	8	107	1	1.5204215236670113
J182	15	14	7	8	1.7199433763898222
J183	16	8	35	95	0.8531641090016482
J184	13	3	67	32	1.412084153469443
J185	15	8	48	20	0.9585611558285272
\\ Jobs in machine 18
9
J186	15	7	81	25	1.2068994226301775
J187	16	3	29	18	0.9622504745771243
J188	14	1	47	38	1.0310264072145747
J189	15	5	93	103	0.6406926986388773
J190	13	11	76	8	1.9057105320034338
J191	15	11	35	88	1.2268159656562343
J192	15	8	76	74	1.6968176998178783
J193	15	10	15	58	0.7688519942110743
J194	14	2	31	110	1.7241938096475589
\\ Dependencies 
553
1	3
1	4
1	6
1	7
1	10
1	11
2	5
2	7
2	8
2	11
3	5
3	6
3	7
3	9
4	6
4	7
4	8
4	9
5	6
5	7
5	8
5	9
5	11
6	8
8	9
8	10
8	11
9	11
10	11
12	13
12	14
12	19
12	21
13	14
13	15
13	18
13	19
13	21
14	20
14	21
14	22
15	17
15	20
15	21
16	17
16	18
16	19
16	22
17	18
17	21
17	22
18	22
19	20
19	22
20	22
23	26
23	27
23	30
23	31
23	32
24	25
24	26
24	27
24	32
24	34
25	28
25	30
25	31
25	32
26	29
26	30
26	31
26	32
26	34
27	28
27	29
27	30
27	32
28	29
28	30
28	31
28	33
29	30
29	31
29	33
29	34
30	31
31	34
32	33
32	34
33	34
35	36
35	41
35	42
35	43
35	44
35	46
36	37
36	38
36	39
36	40
36	42
36	43
36	44
36	46
37	39
37	40
37	43
37	44
37	45
38	42
38	46
39	41
39	43
39	44
39	45
39	46
40	42
40	43
40	44
40	45
41	42
41	44
41	45
42	43
42	44
42	46
43	44
47	53
47	55
47	56
47	57
48	49
48	50
48	51
48	53
48	54
48	56
48	58
49	52
49	54
49	55
49	56
50	51
50	52
50	56
50	57
50	58
51	54
51	56
51	57
51	58
52	57
53	54
53	55
53	58
54	55
54	57
54	58
55	57
55	58
56	58
57	58
59	60
59	61
59	63
59	65
59	66
59	67
59	68
59	69
59	70
60	61
60	64
60	69
61	62
61	63
61	64
61	65
61	66
61	69
61	70
62	64
62	65
62	66
62	67
62	68
63	64
63	65
63	66
63	68
63	70
64	65
64	70
65	68
65	69
65	70
66	67
66	69
67	68
68	69
68	70
71	73
71	74
71	75
71	76
71	77
71	78
71	79
71	80
72	73
72	76
72	77
72	79
72	80
73	77
73	80
74	78
74	80
75	78
75	79
75	80
76	78
76	79
77	78
77	79
77	80
78	80
79	80
81	84
81	85
81	86
81	89
82	84
82	86
82	87
82	88
83	84
83	85
83	86
83	87
83	88
83	89
83	90
84	85
84	88
84	90
85	87
85	88
85	89
86	88
86	89
87	88
87	89
88	90
89	90
91	92
91	93
91	95
91	97
91	98
92	93
92	94
92	96
92	98
92	99
92	100
93	94
93	95
93	98
94	95
94	97
94	100
95	96
95	98
95	99
96	98
96	99
96	100
97	98
97	99
98	99
101	104
101	106
101	108
101	110
102	104
102	108
102	109
102	110
102	111
103	105
103	106
103	107
103	109
103	110
103	111
104	105
104	106
104	107
104	108
104	110
105	107
105	109
105	110
105	111
106	108
106	109
106	110
107	109
107	111
108	109
109	110
109	111
112	113
112	114
112	116
112	117
112	118
112	119
112	121
113	115
113	116
113	117
113	119
113	121
114	115
114	116
114	117
115	117
115	118
115	119
115	120
115	121
116	117
116	118
116	119
116	120
117	118
117	119
117	120
117	121
118	119
122	124
122	126
122	129
122	130
122	131
122	132
123	124
123	125
123	126
123	127
123	128
123	129
123	132
124	125
124	126
124	127
124	128
124	131
124	132
125	126
125	127
125	128
125	131
125	132
126	128
126	129
126	131
127	129
127	131
128	130
128	131
129	130
129	131
130	131
130	132
131	132
133	134
133	135
133	136
133	137
133	141
133	142
133	143
133	144
134	135
134	137
134	138
134	139
134	140
134	143
134	144
135	136
135	138
135	139
135	142
135	143
136	139
136	140
136	141
136	143
137	138
137	140
137	142
137	143
137	144
138	139
138	140
138	141
138	142
138	143
138	144
139	140
139	142
139	143
140	141
140	142
140	143
140	144
141	143
141	144
142	144
143	144
145	147
145	149
145	150
145	151
146	147
146	148
146	150
146	152
146	154
147	149
147	150
147	152
147	153
148	149
148	150
148	152
148	154
149	150
149	152
149	153
149	154
150	151
150	152
151	154
152	153
155	157
155	159
155	161
155	162
155	163
155	164
156	157
156	158
156	160
156	161
156	162
156	163
156	164
157	158
157	160
157	161
157	162
158	160
158	163
159	160
159	163
160	161
160	162
160	165
161	164
161	165
162	164
162	165
163	165
166	169
166	170
166	171
166	174
167	169
167	172
167	173
168	169
168	173
168	174
169	170
169	171
169	173
169	174
170	172
171	172
171	173
171	174
172	173
172	174
173	174
175	176
175	178
175	180
175	181
175	182
175	183
175	184
175	185
176	178
176	179
176	183
176	184
176	185
177	179
177	181
177	183
177	184
178	180
178	182
178	183
178	184
178	185
179	181
180	184
180	185
181	182
181	183
181	184
182	183
182	184
182	185
183	184
184	185
186	187
186	188
186	189
186	192
186	193
186	194
187	188
187	189
187	192
187	193
188	189
188	190
189	190
189	191
190	191
190	193
191	193
191	194
192	193
192	194
