\\ machines
10
\\ max power
100
\\ Jobs in machine 1
11
J1	14	2	10	38	2.0423257858571278
J2	16	7	108	13	1.45374225635598
J3	16	11	67	73	1.2777915408349627
J4	15	11	104	62	1.57689160737811
J5	16	2	47	71	1.888855188851002
J6	14	9	54	50	0.5059548210455438
J7	14	2	29	46	0.6600848372740069
J8	14	3	94	17	1.3680925506894455
J9	14	3	17	63	2.168476328812595
J10	15	10	91	65	1.8662394824340827
J11	15	5	18	48	1.5387347853991185
\\ Jobs in machine 2
11
J12	15	6	97	62	0.9105848402048742
J13	14	13	57	71	0.7151459014602541
J14	13	9	9	4	1.173677059675889
J15	16	11	26	1	1.403836334617909
J16	16	9	4	51	1.3398803545974838
J17	13	7	106	66	0.2980190509926771
J18	17	7	101	67	1.4231776450232012
J19	14	8	54	28	0.6350614619683105
J20	15	14	76	34	2.0322354920242116
J21	14	5	55	54	0.8100638541062362
J22	13	6	98	18	1.5041484873951718
\\ Jobs in machine 3
10
J23	15	10	53	47	0.9020970570754485
J24	15	4	94	41	0.7612785276068545
J25	14	1	17	36	0.7131019546236976
J26	13	14	73	74	0.6165082639591668
J27	16	6	86	25	1.2205035961482167
J28	13	13	38	12	0.7235855488397922
J29	13	12	96	22	1.0055275578884666
J30	16	3	68	10	1.268761583793432
J31	14	14	14	19	0.8036677541260038
J32	15	8	19	2	0.3909601272466462
\\ Jobs in machine 4
9
J33	15	2	94	17	0.8440729873827653
J34	14	4	76	68	0.41951402790302983
J35	15	6	7	62	0.7744427392936217
J36	14	8	48	52	1.758058829106869
J37	14	10	37	55	1.2748609551233367
J38	14	11	108	40	1.684499855230511
J39	14	8	81	56	1.6959959338311235
J40	15	5	18	14	0.8651157410534399
J41	13	8	80	43	1.5680224133770233
\\ Jobs in machine 5
12
J42	15	14	103	53	2.35725998763878
J43	14	5	78	29	0.9412327710028658
J44	13	13	14	60	1.5807686717515328
J45	13	5	82	18	0.7200697979026709
J46	17	5	28	32	0.6232834672440116
J47	15	13	57	2	2.055194284106126
J48	14	14	31	44	1.2070554983042898
J49	15	10	102	11	1.1056998143466594
J50	14	5	47	62	1.1782498989109507
J51	15	13	66	70	0.36819729655859046
J52	16	13	104	59	0.8254438451198491
J53	15	14	18	42	1.0043487911126086
\\ Jobs in machine 6
9
J54	17	2	51	66	1.5985475267659246
J55	13	8	49	27	1.6525992911884821
J56	15	1	11	46	0.7590344544893279
J57	15	2	44	6	1.7265993084035234
J58	15	8	21	65	2.1094860730032554
J59	15	4	40	75	1.7305776489611064
J60	15	13	27	39	0.7755327383549541
J61	15	13	36	56	2.292812220295005
J62	13	12	106	9	0.8795126698010631
\\ Jobs in machine 7
11
J63	14	9	21	73	1.2415513043392983
J64	15	1	4	46	1.6988777214770905
J65	13	4	99	59	1.6756334383606355
J66	13	7	15	70	0.8620286188767022
J67	14	7	69	57	0.9086046980270523
J68	15	12	39	59	0.8448878289546623
J69	14	6	102	43	1.0540736857284876
J70	12	9	9	72	0.6955715449378568
J71	15	14	28	50	0.9428007386036806
J72	14	14	33	39	0.9996548014455194
J73	15	8	3	67	1.3070411500298162
\\ Jobs in machine 8
10
J74	13	4	8	26	1.5832252228484942
J75	12	3	29	72	1.3397498006598099
J76	15	4	16	63	0.9087779706495728
J77	15	7	47	46	0.3186571560129934
J78	14	8	81	68	1.3740815164405071
J79	15	13	93	15	0.7696867380608096
J80	16	4	25	14	1.1690010623547489
J81	16	12	46	28	2.2045282855816377
J82	15	10	103	41	1.220065029065073
J83	14	12	6	25	1.8521264898900158
\\ Jobs in machine 9
11
J84	13	14	13	52	1.1051500754958212
J85	13	9	89	11	0.3350284981612146
J86	15	13	66	26	0.11999332200704416
J87	14	7	99	14	0.511307581920572
J88	15	14	61	73	0.4108765750362068
J89	14	7	71	64	1.185581898956055
J90	15	4	3	23	0.6320360679942559
J91	14	7	10	58	0.9730530792899321
J92	16	14	54	29	1.8278190973625128
J93	16	12	30	39	1.2541936220734402
J94	15	8	22	48	0.8444598535416137
\\ Jobs in machine 10
11
J95	14	14	89	62	1.8018637498263386
J96	15	7	41	17	0.6599679872887018
J97	13	9	31	20	0.7983599972744119
J98	14	12	89	21	0.5580535978749434
J99	13	11	72	16	1.0532945614546048
J100	14	14	84	26	0.6733457255422709
J101	14	13	47	61	1.0156558890970508
J102	14	12	94	35	1.8512537979987007
J103	16	12	72	66	0.8163722646800229
J104	15	10	83	10	2.3155847176953404
J105	15	2	22	58	0.48735097440593533
\\ Dependencies 
160
1	3
1	4
1	8
2	4
2	7
3	4
3	9
3	11
4	5
4	9
4	11
5	9
6	7
7	10
12	13
12	15
12	18
12	20
12	21
13	16
13	17
14	17
14	18
14	22
15	17
15	20
16	19
17	21
17	22
18	19
18	21
18	22
20	21
21	22
23	26
23	29
24	26
24	27
24	29
24	30
24	31
25	26
26	32
27	32
29	31
30	31
31	32
33	35
33	36
33	38
33	39
34	35
35	39
35	40
36	38
39	40
40	41
42	47
42	49
42	51
42	53
43	45
43	47
43	48
43	50
44	47
44	48
44	50
44	53
45	47
45	48
45	53
46	48
46	52
47	52
48	49
48	51
49	50
50	53
54	55
54	60
55	57
56	58
56	62
57	58
58	60
59	60
63	67
63	68
64	70
65	66
65	69
65	70
65	72
66	68
66	69
66	72
68	69
68	73
70	71
70	72
74	75
74	76
75	77
75	78
75	79
75	80
75	81
75	82
76	80
76	83
77	78
77	80
77	82
78	82
79	81
80	82
81	83
82	83
84	85
84	87
84	92
85	86
85	88
85	92
85	94
86	87
86	88
86	89
86	94
87	88
87	92
88	90
88	91
88	94
89	91
89	94
90	94
91	94
92	94
93	94
95	97
95	98
95	103
96	97
96	100
96	105
97	101
98	100
98	101
99	101
99	103
99	104
100	101
100	105
101	103
101	105
102	104
103	104
103	105
