\\ machines
7
\\ max power
70
\\ Jobs in machine 1
11
J1	15	5	80	45	1.0996879376329718
J2	16	11	66	28	0.8529097708673434
J3	16	6	76	26	1.3018458808252034
J4	17	8	22	29	1.5881777756278255
J5	14	6	76	14	1.4742502689430694
J6	15	9	62	22	1.8798149951326066
J7	13	9	76	15	1.202215866022743
J8	15	10	54	51	1.1905233395712187
J9	14	11	79	18	0.21439378543530907
J10	14	7	84	3	1.4847240678904776
J11	14	14	76	49	1.635281244166519
\\ Jobs in machine 2
12
J12	14	3	105	23	0.8063296956833401
J13	15	4	30	40	1.0903430951007878
J14	16	11	89	12	0.9860875426653847
J15	14	6	100	49	1.2757753149951792
J16	14	10	10	53	1.4669032751321502
J17	13	4	56	43	1.7109309099984413
J18	14	11	52	29	0.9818160816558406
J19	16	13	39	34	1.0211908187639214
J20	16	6	6	16	1.6923070192134593
J21	14	4	42	49	0.9542664863906003
J22	14	7	51	36	0.9616438618448371
J23	14	5	64	17	1.5835089795900466
\\ Jobs in machine 3
11
J24	16	11	43	50	1.387906066589641
J25	15	1	91	48	1.401356764268064
J26	13	6	85	50	1.8399710270925094
J27	15	8	108	3	1.7067388096031366
J28	14	9	91	31	1.4523439872897113
J29	16	2	73	48	0.1
J30	15	13	90	46	0.42514041506644695
J31	15	12	59	5	0.6859720563214662
J32	15	13	87	35	1.5103014412574343
J33	14	3	68	27	1.7810687776476675
J34	13	14	66	32	1.2667003343419654
\\ Jobs in machine 4
11
J35	15	1	27	36	0.9654868314800378
J36	15	2	100	25	0.8779594101852817
J37	14	10	107	15	1.903744956951805
J38	15	8	85	5	2.0802900636214927
J39	14	6	62	5	2.0590496743583255
J40	14	6	58	10	1.4580204048963368
J41	14	9	69	22	0.4357551062455468
J42	16	4	75	49	1.3295943034672666
J43	16	14	37	37	1.7385168422488033
J44	16	4	55	13	1.616791283537877
J45	15	5	80	48	1.2194716108946433
\\ Jobs in machine 5
10
J46	16	13	54	30	0.31892485552846916
J47	14	13	76	28	1.0388218168778065
J48	15	5	25	41	0.9943304336422032
J49	16	4	33	24	0.33638730873184675
J50	14	3	4	47	2.338357566139946
J51	15	3	31	31	1.9226844603383262
J52	15	3	38	27	1.870128079621004
J53	14	12	70	35	1.0389766786021943
J54	13	3	43	32	0.9209629270064164
J55	16	11	24	42	1.462478396485396
\\ Jobs in machine 6
10
J56	13	9	14	49	1.085670293025613
J57	14	8	47	31	0.8650524231784318
J58	15	10	63	24	0.23509560741672286
J59	15	8	99	15	0.9662168845321963
J60	14	12	78	8	1.1718802049272654
J61	17	8	28	6	0.32263442968767375
J62	14	14	31	7	1.8258833415304405
J63	16	7	45	15	1.2543740690063656
J64	15	1	69	46	1.4006397698479922
J65	14	10	69	53	1.5324666229179167
\\ Jobs in machine 7
12
J66	13	5	34	48	0.9893913827874361
J67	16	6	86	44	1.7848234766039957
J68	14	5	49	25	2.0244841335998176
J69	14	1	94	40	1.157752745528584
J70	14	5	18	48	1.2113093206785308
J71	14	12	36	24	0.3099332550241296
J72	12	7	61	24	0.6391518380106938
J73	17	4	24	51	1.519060899499905
J74	16	11	89	43	0.9111819964085728
J75	15	9	85	11	1.5715701133406168
J76	16	2	73	11	1.5463969829314486
J77	15	2	83	4	0.8949402997415514
\\ Dependencies 
316
1	3
1	4
1	5
1	6
1	7
1	8
1	9
1	10
1	11
2	3
2	4
2	5
2	6
2	7
2	8
2	11
3	4
3	5
3	6
3	7
3	9
3	10
3	11
4	5
4	7
4	8
4	9
4	10
4	11
5	6
5	8
5	9
5	10
5	11
6	7
6	8
6	9
6	10
6	11
7	8
7	9
7	10
8	9
8	10
9	10
9	11
10	11
12	13
12	14
12	16
12	18
12	19
12	20
12	21
12	22
12	23
13	16
13	17
13	18
13	19
13	21
13	22
14	15
14	16
14	17
14	19
14	20
14	21
14	23
15	17
15	18
15	19
15	20
15	21
15	22
15	23
16	18
16	20
16	21
16	22
16	23
17	19
17	21
17	22
17	23
18	19
18	20
18	21
18	23
19	20
19	21
19	23
21	22
21	23
22	23
24	25
24	26
24	27
24	28
24	30
24	31
24	32
24	33
24	34
25	26
25	28
25	29
25	31
25	32
25	33
25	34
26	27
26	28
26	31
26	32
26	33
26	34
27	29
27	30
27	31
27	32
27	33
27	34
28	29
28	30
28	32
28	33
28	34
29	31
29	32
29	33
29	34
30	32
30	33
31	32
31	33
32	34
33	34
35	36
35	37
35	38
35	39
35	42
35	43
35	44
35	45
36	38
36	39
36	40
36	41
36	42
36	43
36	44
36	45
37	38
37	39
37	40
37	41
37	43
37	44
37	45
38	39
38	41
38	42
38	43
38	44
38	45
39	40
39	41
39	42
39	44
39	45
40	41
40	42
40	45
41	43
41	44
41	45
42	43
42	44
42	45
43	44
43	45
44	45
46	47
46	48
46	49
46	50
46	51
46	52
46	53
46	54
46	55
47	48
47	50
47	51
47	52
47	54
48	49
48	51
48	53
48	54
49	50
49	51
49	53
49	54
49	55
50	51
50	52
50	53
50	54
50	55
51	52
51	53
51	55
52	53
52	54
52	55
53	55
54	55
56	57
56	58
56	60
56	61
56	62
56	64
56	65
57	58
57	59
57	60
57	61
57	62
57	63
57	64
57	65
58	59
58	61
58	62
58	63
58	64
58	65
59	60
59	61
59	62
59	63
59	64
59	65
60	61
60	62
60	63
60	64
61	62
61	63
61	64
61	65
62	63
62	64
63	65
66	67
66	68
66	69
66	70
66	71
66	75
66	76
66	77
67	68
67	69
67	70
67	72
67	73
67	74
67	75
67	76
67	77
68	70
68	71
68	72
68	73
68	74
68	75
68	76
68	77
69	70
69	71
69	73
69	74
69	75
69	76
69	77
70	71
70	72
70	73
70	74
70	75
70	76
70	77
71	72
71	73
71	75
71	76
71	77
72	73
72	74
72	75
72	76
72	77
73	74
73	75
73	77
74	75
74	76
74	77
75	76
75	77
76	77
