\\ machines
9
\\ max power
90
\\ Jobs in machine 1
11
J1	12	12	63	20	0.39842775372603745
J2	15	14	16	4	2.0513586580641356
J3	15	5	2	23	0.8777382605860098
J4	14	10	33	12	0.9254593368511671
J5	14	13	41	20	1.0583340418348322
J6	14	9	69	10	0.8241039281948703
J7	14	11	64	13	1.196434889304581
J8	15	1	5	8	0.4904122531766024
J9	14	9	24	15	1.8140048750971585
J10	13	9	7	8	1.370509482065716
J11	14	10	82	14	0.7008817689762592
\\ Jobs in machine 2
11
J12	13	2	12	22	0.8730831459766327
J13	14	1	10	7	1.1651155395795236
J14	15	2	74	23	0.4387333835498387
J15	13	8	20	11	0.637891085913018
J16	15	7	8	9	1.583817092211605
J17	16	10	51	10	0.4924602920916994
J18	15	8	94	4	2.200632297250717
J19	15	7	7	14	1.539083348245587
J20	14	7	46	12	1.7566748311604927
J21	13	13	81	15	1.62198318526682
J22	15	11	95	11	0.1
\\ Jobs in machine 3
11
J23	14	10	56	20	0.5155807952982209
J24	14	8	101	9	1.4037791435583375
J25	15	12	54	12	0.1
J26	14	5	12	8	1.410579821573294
J27	14	4	7	15	1.9439643134823366
J28	16	7	30	21	0.7793407114290086
J29	14	11	100	10	1.073365344559319
J30	13	11	66	18	1.2347900687745932
J31	15	5	104	8	1.2831923166006047
J32	15	11	110	11	2.0348008302573044
J33	14	3	88	14	0.8861550698974582
\\ Jobs in machine 4
12
J34	14	8	42	6	1.5155475285218492
J35	14	4	47	14	0.8499710897427154
J36	14	3	83	16	2.0506561892087087
J37	17	7	24	1	1.6800867166551057
J38	13	5	27	14	1.3230222195790602
J39	13	4	75	18	0.5949079367725151
J40	15	14	54	10	1.5350896959330687
J41	14	4	5	10	0.694089970525404
J42	15	2	8	6	1.2190718492040804
J43	15	8	38	6	1.8100946302594432
J44	16	1	83	19	1.1571026998207183
J45	13	14	78	6	0.1311061162151137
\\ Jobs in machine 5
12
J46	16	2	35	12	1.1594409882174423
J47	15	5	98	12	1.0808893454236137
J48	14	13	53	9	1.063690410280699
J49	14	7	85	5	0.6257911213788355
J50	15	5	102	6	1.232220087280633
J51	14	14	29	6	1.2886400697829659
J52	14	12	10	22	2.4548992059892925
J53	15	5	37	8	1.141363164509365
J54	15	14	73	9	2.0033934028036513
J55	15	9	45	20	1.3068702973759165
J56	13	4	49	21	1.6147632575497934
J57	16	7	89	14	1.6984364768449602
\\ Jobs in machine 6
11
J58	15	7	58	1	1.0615251728249215
J59	15	8	64	8	0.9864186749261241
J60	12	3	53	12	0.8723118142988755
J61	15	13	18	13	1.2645513230207786
J62	14	9	18	22	1.666138132499136
J63	15	2	27	3	0.521696444766036
J64	13	13	48	11	1.6315365976542366
J65	15	13	110	15	1.6086476654915716
J66	15	8	35	22	1.6879560006226197
J67	15	14	97	22	1.423451840959388
J68	15	13	22	1	1.2170281927385138
\\ Jobs in machine 7
10
J69	14	9	85	3	1.1526507990770245
J70	15	5	68	2	0.5249186358674044
J71	14	9	109	20	1.5737564209005013
J72	15	4	108	2	0.9783884841652525
J73	14	7	47	23	1.1304249330035323
J74	14	2	88	7	1.7524229061501875
J75	16	4	3	2	0.5861378312272303
J76	14	12	2	14	1.9952449003551544
J77	14	11	103	15	1.2470865554148893
J78	15	9	88	16	0.5534035184553892
\\ Jobs in machine 8
10
J79	15	10	58	9	1.1806677759026494
J80	15	8	59	3	1.0248232898028764
J81	14	5	65	11	0.905542950474003
J82	14	2	8	11	1.3531642324608932
J83	14	6	58	3	0.9344485927489488
J84	15	9	45	12	0.7318828616939907
J85	16	11	6	20	1.4790959990401449
J86	14	5	102	3	1.0819154925636272
J87	13	9	53	17	1.5105056638195062
J88	14	5	109	15	1.1342042462616801
\\ Jobs in machine 9
10
J89	16	14	102	19	1.032779562229812
J90	14	11	40	16	0.6207932730693894
J91	14	4	5	23	1.3087091128962778
J92	14	10	93	21	0.6655002565563
J93	14	4	93	16	0.44497340384788975
J94	13	14	21	2	0.4997310488733312
J95	14	8	59	22	1.8354844816021985
J96	14	5	65	22	0.23750154200497353
J97	16	9	92	15	1.2019033245234714
J98	15	14	47	19	1.0389799084102938
\\ Dependencies 
201
1	2
1	5
1	7
2	5
2	7
2	8
3	4
3	6
4	10
4	11
5	6
5	8
5	11
6	9
7	8
8	11
12	14
12	16
12	17
12	18
12	22
13	17
13	19
13	20
13	22
14	15
14	16
14	18
14	19
14	22
15	19
15	20
15	21
15	22
16	17
16	18
16	19
16	22
17	19
17	20
17	21
18	19
18	20
18	22
19	20
19	21
19	22
23	28
23	30
24	25
24	29
24	31
25	27
25	31
25	32
25	33
27	28
27	29
27	30
27	32
28	29
28	31
29	30
30	31
30	33
32	33
34	36
34	41
34	42
35	38
35	41
36	38
36	40
36	44
37	38
37	39
37	40
37	44
38	43
38	45
39	40
39	41
39	42
39	43
39	45
40	41
40	45
41	42
42	43
42	44
46	48
46	49
46	52
46	53
46	57
47	50
47	53
48	49
48	50
48	54
49	51
49	53
49	55
49	56
50	52
50	54
50	56
50	57
51	53
51	55
52	54
52	55
54	56
54	57
55	56
55	57
56	57
58	60
58	61
58	62
58	64
58	66
58	67
59	61
59	62
59	65
60	62
60	65
60	66
60	67
61	64
61	67
63	64
63	65
63	66
63	67
64	67
64	68
65	66
65	68
66	68
67	68
69	71
69	73
69	74
69	76
69	78
70	72
70	75
71	75
71	76
71	77
71	78
72	74
72	77
73	75
73	76
74	75
74	76
74	77
79	85
79	87
79	88
80	82
80	87
81	82
81	83
81	84
81	86
82	83
82	84
83	86
84	87
85	87
87	88
89	91
89	93
89	94
89	95
89	97
89	98
90	91
90	92
90	94
90	95
90	97
90	98
91	92
91	96
91	97
91	98
92	93
92	94
92	97
93	95
94	95
94	96
94	98
95	96
95	97
97	98
