\\ machines
6
\\ max power
60
\\ Jobs in machine 1
11
J1	16	11	75	17	1.4616164185554439
J2	14	4	16	4	0.9550726894785206
J3	15	7	76	30	1.1615729505751848
J4	14	9	25	25	1.4004456585285598
J5	15	4	86	21	1.1635115261475508
J6	14	3	66	19	0.4698361245485092
J7	13	9	15	25	1.3560486243227001
J8	16	1	2	3	1.2649643951425724
J9	15	11	107	22	0.857264994227401
J10	15	13	37	28	1.5462087894922734
J11	15	13	83	23	1.3354458360959074
\\ Jobs in machine 2
12
J12	14	4	31	17	1.5933802805564619
J13	12	13	104	11	0.9624680640425586
J14	15	9	61	23	0.5258607149592656
J15	15	11	101	7	1.4995275819107672
J16	15	14	68	13	0.8935484759746277
J17	13	10	50	2	1.7047487702080515
J18	14	4	13	29	0.19103010081919058
J19	14	13	4	4	1.4591296324918082
J20	15	7	83	19	0.9707335433965223
J21	14	13	11	11	1.2654504455244064
J22	16	14	104	29	0.8701170215807947
J23	15	8	19	11	0.8711202830669079
\\ Jobs in machine 3
11
J24	15	6	2	13	1.0366497587411088
J25	14	7	36	11	0.27039891454566234
J26	15	14	77	27	1.2259322833571893
J27	16	2	60	1	1.0077392998466759
J28	15	1	84	24	2.0586621076136997
J29	15	3	105	19	1.198257181628281
J30	14	4	37	14	2.0863358095132694
J31	16	12	85	4	1.8157836639539147
J32	13	6	66	21	1.4889170463921046
J33	14	2	15	5	1.4495446018812743
J34	13	4	90	27	0.893286076789021
\\ Jobs in machine 4
12
J35	13	3	92	13	1.1797137703885818
J36	15	4	98	11	1.4952232324614694
J37	14	5	51	5	0.1
J38	14	11	95	20	1.2025226769967166
J39	14	4	94	26	1.7238038425670936
J40	14	10	110	26	1.983280247063353
J41	13	12	40	26	1.2443088788087944
J42	14	5	59	20	1.5418283603272327
J43	14	12	46	12	1.3478407476098986
J44	15	1	98	7	0.8698848547912266
J45	14	4	81	26	1.3176715935934742
J46	14	3	60	10	1.5158383548374503
\\ Jobs in machine 5
10
J47	13	11	46	13	2.182802122582757
J48	14	13	61	16	1.4299966577609613
J49	13	9	37	15	0.7086411637758038
J50	16	12	4	29	0.5873847499925253
J51	16	14	12	23	1.1910477240673734
J52	14	13	45	11	0.3485996151330214
J53	15	9	16	24	1.4632370544746527
J54	13	6	24	20	0.1
J55	13	12	70	28	1.1507753388497233
J56	14	3	4	30	2.233735932265762
\\ Jobs in machine 6
12
J57	14	5	49	30	0.6874890576429147
J58	15	12	38	28	1.2948494075436137
J59	13	10	8	2	1.084422349539429
J60	14	5	35	20	0.5792936900113018
J61	17	14	35	19	1.6845935654755606
J62	14	11	61	14	0.4832703431018409
J63	15	14	6	6	1.2448119514145597
J64	14	6	67	11	1.309424189142501
J65	13	1	30	21	0.9028109877748445
J66	15	3	109	28	1.7681663411090347
J67	16	3	99	23	1.079576987085633
J68	15	2	38	25	1.3134881894282977
\\ Dependencies 
200
1	2
1	5
1	9
1	10
2	3
2	5
2	6
2	7
2	8
2	10
2	11
3	4
3	5
3	7
3	9
3	10
4	8
4	9
5	8
5	10
5	11
6	7
6	8
6	9
6	10
7	9
7	10
7	11
8	9
8	10
8	11
9	10
9	11
12	13
12	14
12	17
12	19
12	21
13	14
13	15
13	16
13	17
13	19
13	20
14	15
14	16
14	17
14	19
14	21
14	23
15	16
15	17
15	19
15	21
15	22
15	23
16	17
16	19
16	20
17	18
17	20
17	22
17	23
18	19
18	23
19	21
19	22
20	23
21	22
21	23
22	23
24	25
24	28
24	30
24	31
24	33
25	26
25	27
25	28
25	29
25	31
26	28
26	29
26	31
26	32
26	33
27	28
27	29
27	30
27	31
27	32
27	33
27	34
28	29
28	31
28	33
28	34
29	32
29	34
30	31
30	32
30	33
30	34
31	34
32	33
32	34
35	36
35	38
35	39
35	40
35	41
35	43
35	44
35	45
35	46
36	37
36	40
36	43
36	45
36	46
37	39
37	41
37	42
37	44
37	45
37	46
38	40
38	41
38	42
38	43
39	42
39	43
39	44
39	45
39	46
40	42
40	43
40	44
40	45
41	43
41	45
42	46
43	44
43	45
43	46
45	46
47	48
47	49
47	50
47	51
47	53
47	54
49	50
49	51
49	53
49	54
49	55
49	56
50	53
50	55
50	56
51	52
51	55
52	55
52	56
53	54
53	55
53	56
55	56
57	59
57	60
57	63
57	66
57	67
58	60
58	63
58	64
58	67
58	68
59	61
59	62
59	64
59	67
59	68
60	61
60	62
60	65
60	66
60	67
60	68
61	67
61	68
62	66
62	67
62	68
63	65
64	67
64	68
66	68
67	68
