\\ machines
12
\\ max power
120
\\ Jobs in machine 1
12
J1	14	13	43	51	0.896951877226902
J2	12	11	66	23	1.4938912630792986
J3	13	4	65	18	1.1580106131447399
J4	16	2	38	27	1.6528933603143048
J5	15	10	41	9	1.1683830993220854
J6	14	2	110	29	0.5095109066746283
J7	15	1	10	33	1.7071124381069482
J8	14	7	40	3	1.5842700978941806
J9	15	3	7	54	1.9413099040688022
J10	14	9	71	47	1.4465159784496076
J11	13	12	48	40	0.8590510097895458
J12	14	9	79	26	0.3909094973371756
\\ Jobs in machine 2
9
J13	15	11	19	30	1.0484334001605657
J14	15	12	92	4	1.404116276545083
J15	14	13	41	36	1.8797412030447043
J16	13	1	20	13	1.679156490443078
J17	15	6	14	53	2.4592026666413327
J18	13	1	34	16	0.2858391258143489
J19	15	6	102	8	0.7007231056533276
J20	14	13	43	1	0.7306055431552644
J21	14	12	40	21	1.444422707056241
\\ Jobs in machine 3
11
J22	14	8	23	17	0.7701757176556301
J23	14	6	19	46	1.1346173138952707
J24	16	5	102	45	1.444934357206329
J25	15	6	95	45	1.7708763200275666
J26	15	1	46	17	1.6822325324358396
J27	15	7	25	34	0.8831437414731422
J28	14	4	28	14	0.9844298090591524
J29	14	14	96	32	0.976969848767072
J30	16	6	62	36	1.2301564740551139
J31	15	14	107	45	1.770024495752979
J32	15	14	24	46	1.1795446783066097
\\ Jobs in machine 4
10
J33	14	13	51	35	1.9441812354659684
J34	14	2	104	40	2.0674218036012677
J35	13	13	13	57	1.4675753206667908
J36	15	7	60	45	1.8998560857358036
J37	12	14	69	13	0.9598836481452637
J38	14	13	102	25	1.450241405768184
J39	13	8	100	26	1.2400782778098145
J40	16	10	62	25	1.078925909329268
J41	16	2	30	18	2.144044976727923
J42	15	11	38	8	1.5927765306675525
\\ Jobs in machine 5
9
J43	15	1	3	5	1.5289979338473032
J44	15	1	70	7	1.2936548203109972
J45	14	3	105	23	0.984513179304071
J46	13	11	84	55	1.5106768386703742
J47	13	7	34	51	1.1826269689929727
J48	14	6	105	34	1.3867921843194666
J49	15	3	98	47	1.0038228455945264
J50	14	11	58	40	0.8238352062427111
J51	13	2	61	56	1.208982220045117
\\ Jobs in machine 6
12
J52	14	3	4	27	1.1907248408260842
J53	14	2	16	7	1.5906255302716703
J54	15	7	39	45	1.9903424459688588
J55	14	11	68	19	1.6477687217872896
J56	15	9	108	9	1.3359101401426923
J57	14	5	96	6	0.7205208029650676
J58	15	7	10	15	1.3111717831519334
J59	14	9	104	34	0.9143072063183466
J60	15	11	11	48	1.202109941758374
J61	14	8	64	14	1.1821336386766166
J62	15	3	15	54	1.7787769351336435
J63	14	5	40	45	2.2184912355285205
\\ Jobs in machine 7
11
J64	15	7	71	13	1.1753454870382285
J65	15	2	54	50	1.8905602460325144
J66	13	7	92	51	1.6182464005998938
J67	13	1	40	44	1.71208536324745
J68	15	12	54	34	0.5136216258721478
J69	15	10	94	34	1.0661344045633365
J70	14	13	17	30	0.2969944845601562
J71	14	3	9	36	1.1567118934208391
J72	14	1	107	6	1.167335395320334
J73	17	11	58	12	0.8162735846240079
J74	14	6	78	22	1.9420362950415118
\\ Jobs in machine 8
11
J75	15	1	47	41	1.2290251157767156
J76	15	5	4	43	1.4470626351343174
J77	15	9	91	24	1.1920746630350239
J78	14	5	49	30	1.663779772553503
J79	13	11	32	16	1.092319281075957
J80	17	6	103	53	1.690355869679751
J81	15	4	3	48	0.6912804774880158
J82	15	3	64	43	1.3201255433443921
J83	15	6	5	13	0.49243822980438057
J84	16	11	40	5	0.5958392818249149
J85	15	8	76	56	1.3947595251200187
\\ Jobs in machine 9
9
J86	15	11	21	9	1.0958264969496903
J87	15	13	103	28	1.9896632342167238
J88	13	9	12	50	0.4969174224340931
J89	14	8	86	23	1.4823764022613037
J90	16	7	91	32	1.280087884700411
J91	15	7	99	20	1.8641105291303788
J92	16	11	5	34	1.3189881926657785
J93	15	10	34	42	1.470333198050971
J94	14	8	85	15	1.5503686859152452
\\ Jobs in machine 10
10
J95	15	4	87	45	1.8841794760551442
J96	16	12	38	12	0.6550767792393439
J97	14	2	53	53	0.9833972159702628
J98	13	14	96	24	0.3193928927121813
J99	13	11	70	33	1.1874992930881605
J100	17	14	28	40	1.4951153990171397
J101	15	6	78	19	1.518527516221888
J102	14	14	56	51	0.40358228816250075
J103	16	3	54	51	1.6339608548120867
J104	15	14	46	38	1.5116610540349857
\\ Jobs in machine 11
10
J105	14	4	9	19	0.9501115795358558
J106	12	6	71	41	1.1838559337900276
J107	15	7	18	24	0.5781541054449855
J108	15	3	87	44	1.2232344283482697
J109	14	9	110	46	1.9484154084778127
J110	15	1	33	55	0.7617250922290288
J111	17	12	105	17	1.649297578497582
J112	16	2	37	13	0.47262305928601744
J113	15	9	32	25	1.0308477662066293
J114	15	9	35	50	1.109490111451429
\\ Jobs in machine 12
11
J115	15	6	96	18	0.5891401703343885
J116	14	6	13	48	0.5634315615444755
J117	14	12	78	55	1.0906436553733332
J118	14	5	107	8	1.1068981225638643
J119	14	7	56	50	0.7900769234423178
J120	16	10	11	55	1.3884609635910297
J121	14	3	80	41	1.6207348415668013
J122	15	10	66	28	1.4802491775746491
J123	15	5	5	16	0.9306704338487106
J124	16	4	4	22	1.503795050563404
J125	13	6	73	22	0.8776371803885735
\\ Dependencies 
302
1	4
1	7
1	8
1	9
1	10
1	11
1	12
2	3
2	4
2	8
2	12
3	5
3	6
3	7
4	5
4	6
4	7
4	8
4	10
5	7
5	8
5	10
5	12
6	7
6	8
6	9
6	11
7	8
7	10
7	11
7	12
8	9
8	10
8	11
8	12
9	10
9	11
9	12
10	11
11	12
13	14
13	15
13	16
13	18
13	19
13	20
14	15
14	16
14	18
15	16
15	18
15	21
16	18
16	19
17	18
17	20
18	20
18	21
19	21
20	21
22	24
22	25
22	27
22	30
22	32
23	24
23	25
23	28
23	29
23	30
24	25
24	26
24	29
24	31
24	32
25	27
25	28
25	29
25	30
25	31
25	32
26	27
26	29
26	30
26	31
26	32
27	28
27	30
27	32
28	29
29	30
29	31
30	31
31	32
33	38
33	39
33	42
34	35
34	36
34	38
34	41
35	36
35	38
35	40
36	37
36	39
36	40
36	42
37	38
37	39
37	40
37	41
37	42
39	40
39	41
40	41
40	42
43	47
43	48
43	49
43	51
44	45
44	47
44	48
44	50
44	51
45	46
45	50
45	51
46	49
47	48
48	49
48	50
49	50
50	51
52	53
52	54
52	58
52	59
52	60
52	62
53	54
53	57
53	58
53	62
54	55
54	57
54	58
54	60
54	61
55	59
55	60
55	63
56	59
56	60
56	63
57	60
57	63
58	60
58	61
58	62
60	62
61	63
62	63
64	68
64	71
64	73
65	67
65	69
65	71
66	68
66	69
66	70
66	72
66	73
66	74
67	71
67	74
68	69
68	73
68	74
69	70
69	72
69	73
69	74
70	71
70	72
71	74
73	74
75	78
75	79
75	80
75	81
75	83
75	84
76	77
76	82
76	83
76	85
77	78
77	79
77	84
78	79
78	81
78	84
78	85
79	80
79	81
79	82
79	84
79	85
80	82
80	83
80	85
81	82
81	85
82	84
82	85
83	84
84	85
86	89
86	91
87	90
87	92
87	94
88	89
88	94
89	90
91	92
91	93
92	93
93	94
95	97
95	98
95	99
96	97
96	99
96	100
96	101
96	104
97	101
97	103
98	99
98	100
98	101
98	104
99	100
99	101
99	102
99	103
99	104
101	102
101	103
102	103
103	104
105	106
105	107
105	112
105	113
105	114
106	109
106	110
106	111
106	113
106	114
107	108
107	109
107	111
107	112
107	113
108	109
108	111
108	113
108	114
109	111
109	112
109	114
110	111
110	114
111	112
111	114
115	117
115	119
115	120
115	121
115	123
115	124
116	119
116	121
116	122
116	125
117	120
117	121
117	123
118	122
118	123
118	124
119	120
119	122
122	124
122	125
123	124
