\\ machines
12
\\ max power
120
\\ Jobs in machine 1
10
J1	15	9	46	3	0.7469351902042158
J2	15	13	58	44	0.8392413172354389
J3	15	10	84	31	1.3858138384115959
J4	12	4	38	11	0.6534694829744945
J5	13	2	18	35	1.3173899145798869
J6	15	10	87	38	1.6066295350374418
J7	15	8	57	32	1.1217787090114812
J8	16	7	9	41	0.9905155197528278
J9	15	5	94	11	1.9877691287216506
J10	16	5	101	45	0.2351927330672242
\\ Jobs in machine 2
12
J11	16	6	98	39	1.8859634606171918
J12	15	8	68	47	0.9478526374762328
J13	15	1	63	6	1.7106438119872718
J14	14	5	91	2	1.6834388737969814
J15	13	8	39	12	1.1237033250720352
J16	15	3	23	35	1.5676551551647426
J17	12	11	47	58	0.1
J18	14	1	73	49	1.2399016530604823
J19	16	10	18	4	1.0393646761549125
J20	14	3	74	28	1.270993831110718
J21	14	3	74	17	0.47963049845563355
J22	14	4	80	13	1.431342101009914
\\ Jobs in machine 3
11
J23	13	6	66	10	1.360947744011065
J24	16	6	64	38	1.0947949288834025
J25	14	1	72	12	1.48643017411249
J26	15	11	50	35	1.4296757331979248
J27	14	9	87	37	0.3142779205910887
J28	14	11	45	17	1.8021521710347987
J29	15	7	8	50	1.7086725094996527
J30	15	6	107	25	1.6651742705094312
J31	14	3	19	36	0.9105937904853583
J32	14	4	77	40	2.1054880421954802
J33	13	6	110	29	1.27449462515247
\\ Jobs in machine 4
11
J34	14	13	105	51	0.37417170499465835
J35	16	5	71	3	1.5238994475796488
J36	15	8	42	25	0.7524618098634148
J37	15	8	65	5	1.8106411364462023
J38	14	3	6	38	1.282165739776771
J39	14	6	78	31	0.40758577177305877
J40	15	13	99	20	1.3231831704401409
J41	13	5	48	20	0.6819117274836944
J42	12	3	102	37	1.8320295204962775
J43	15	13	99	1	1.1568986556863485
J44	14	9	110	42	1.1415899005086774
\\ Jobs in machine 5
11
J45	15	12	88	28	1.6845888197539443
J46	16	3	95	52	1.747266636505356
J47	13	12	92	14	1.3110359978241952
J48	14	1	59	41	0.9771391409555493
J49	15	13	77	32	1.3058515066985987
J50	16	11	87	3	2.023711686017526
J51	14	13	28	8	1.613447801677616
J52	15	7	75	23	1.3637307552781253
J53	14	9	44	36	1.3790092898094368
J54	13	13	70	52	1.9648949506152273
J55	14	11	40	2	1.3157536509366554
\\ Jobs in machine 6
11
J56	15	6	10	29	1.7324499013639105
J57	14	4	106	14	1.298208034369005
J58	15	7	91	16	1.050003506579054
J59	13	8	34	43	1.9065029509514761
J60	14	3	96	11	1.3582343840638553
J61	16	12	43	48	1.3778197548196753
J62	14	6	22	24	1.4943102391287175
J63	14	2	99	4	0.7773820107475805
J64	13	3	45	40	1.262450701603601
J65	16	6	80	5	1.5958595227597154
J66	13	2	108	58	1.443910125945481
\\ Jobs in machine 7
9
J67	14	11	63	36	1.1007097759360462
J68	14	7	10	49	1.3593476054837623
J69	14	3	28	26	1.26303738093873
J70	14	1	54	10	1.4605807859858382
J71	15	12	67	25	0.9186757594507282
J72	15	11	59	36	1.0997680663037608
J73	14	10	61	33	0.9567626503294286
J74	14	6	44	16	1.3866037430326426
J75	16	10	54	26	0.675878413158643
\\ Jobs in machine 8
10
J76	14	10	26	8	1.5296289926264939
J77	15	14	19	37	1.3113446437118779
J78	13	1	56	22	1.9498789611543779
J79	13	9	78	6	1.215324025046877
J80	14	6	105	3	0.7193251275853945
J81	14	8	82	54	1.5789434004688452
J82	16	13	45	48	1.7599825758050274
J83	15	12	100	22	1.7663846015719773
J84	15	1	110	58	0.9310019220657391
J85	14	14	17	21	0.5390700646700867
\\ Jobs in machine 9
10
J86	14	4	109	58	1.8809536058900898
J87	16	5	72	57	1.2829701891642376
J88	14	4	98	51	1.961175168019877
J89	14	9	40	7	1.4185307352708199
J90	14	1	65	23	1.3791489615670989
J91	15	4	3	17	1.1655722782322422
J92	15	11	76	37	0.5408732271261205
J93	15	3	85	13	1.5905844960732352
J94	14	12	85	37	1.1999243497859013
J95	16	7	10	25	0.6593703563130859
\\ Jobs in machine 10
11
J96	16	9	39	3	0.8955541620366809
J97	15	10	80	48	0.1
J98	14	1	89	52	0.9329985590542995
J99	14	9	91	33	1.147496465382168
J100	13	3	16	34	2.1682153786887173
J101	15	2	74	7	1.1618237834387737
J102	13	7	85	19	0.4500599932193595
J103	14	7	49	42	0.8205838463934712
J104	14	5	69	45	1.2612564640337025
J105	16	2	106	31	0.5496907429967
J106	14	1	22	16	1.8873001210829554
\\ Jobs in machine 11
13
J107	13	5	59	7	1.7972845874668455
J108	13	5	101	24	1.1664081901331713
J109	15	3	76	7	0.9106593730473644
J110	14	3	12	24	0.7396613133912715
J111	15	4	69	6	1.4813018438255505
J112	13	5	79	11	0.9583381648970504
J113	14	1	41	4	0.8733364569992459
J114	16	8	74	25	0.6252461192769855
J115	14	10	51	3	1.09380928930834
J116	16	9	101	1	0.1
J117	14	14	64	55	1.9764444507557504
J118	15	5	88	7	1.3153291272097793
J119	16	4	55	17	1.593875410891905
\\ Jobs in machine 12
12
J120	14	12	57	24	1.2278591009764588
J121	13	12	55	50	1.6149103041854078
J122	16	7	26	4	0.563399068896867
J123	15	1	41	1	0.8384332109995487
J124	14	11	91	33	1.426970467089088
J125	16	1	18	23	1.1328443534857437
J126	16	4	13	9	1.0985895295402863
J127	14	14	78	7	1.8049711901581826
J128	14	5	40	48	1.1554352924321631
J129	15	10	105	50	0.9372761776052048
J130	15	6	18	18	2.1291889430533804
J131	14	9	74	41	1.8600187465174811
\\ Dependencies 
189
1	5
1	7
2	5
2	6
2	10
3	7
3	8
3	9
4	7
4	8
4	10
5	10
6	7
6	8
8	9
11	13
11	15
11	16
11	19
11	22
12	15
12	16
12	21
13	14
13	16
13	18
13	19
14	15
14	18
14	20
14	22
15	18
15	20
15	22
16	20
16	21
17	19
17	22
18	19
19	20
21	22
23	25
23	30
23	32
24	33
25	29
25	30
25	31
26	27
26	32
27	32
28	33
29	32
29	33
30	33
31	32
34	35
34	38
34	40
35	37
35	39
35	42
35	44
36	37
36	38
36	40
37	38
37	40
39	42
39	44
40	41
41	42
42	44
45	47
45	52
45	54
46	49
46	52
46	55
47	49
47	55
48	54
49	52
50	51
50	53
52	55
56	61
56	62
56	65
57	61
57	64
58	61
58	64
59	62
59	63
59	64
60	65
60	66
62	64
63	64
63	65
67	70
67	72
68	71
68	74
70	71
70	75
72	74
76	78
76	80
77	79
78	81
79	83
80	81
80	85
81	82
81	84
82	83
82	85
83	84
84	85
86	87
86	89
86	94
87	93
87	94
88	91
89	91
89	93
89	95
90	92
90	94
92	95
96	99
96	101
97	100
97	101
98	99
98	104
99	101
99	104
99	105
100	101
100	104
101	103
103	106
104	105
107	109
107	112
107	117
107	119
108	112
108	113
108	116
109	110
109	117
109	118
110	111
110	112
110	115
111	112
111	113
111	116
111	117
111	118
111	119
112	113
112	114
113	118
114	117
114	119
120	126
120	129
121	127
121	128
122	127
123	129
124	126
124	129
125	126
125	128
125	130
125	131
126	128
126	129
126	130
127	128
127	130
127	131
