\\ machines
9
\\ max power
90
\\ Jobs in machine 1
12
J1	14	2	48	65	1.6280369706672104
J2	14	2	84	20	0.8882786531398918
J3	14	1	41	15	0.8294523164596743
J4	15	9	40	65	1.541665534244196
J5	15	2	60	65	0.7366827740190952
J6	16	2	44	64	1.598516870070524
J7	15	3	5	48	0.9130761843800115
J8	13	4	66	36	1.467692764232434
J9	15	4	78	27	0.1
J10	16	1	88	54	0.9703389132805659
J11	15	9	34	50	0.994277305228663
J12	15	14	70	18	1.729493308343725
\\ Jobs in machine 2
11
J13	15	2	79	40	1.0791005650092185
J14	16	11	92	10	1.35671762691577
J15	15	13	64	62	0.7155198075921756
J16	13	11	22	66	0.45116930092536756
J17	15	8	52	52	1.1229553234249723
J18	13	3	85	20	0.52835764174315
J19	15	5	90	18	0.8436594653218086
J20	14	10	64	48	1.3037355170377456
J21	14	14	14	5	1.1184753059689294
J22	14	7	23	40	1.1121768509697028
J23	14	1	47	57	0.9612402175584123
\\ Jobs in machine 3
10
J24	15	7	106	37	1.211407974385931
J25	15	1	86	11	1.2215852640450138
J26	16	9	43	61	0.7949311778889273
J27	15	3	44	48	1.2467699951275337
J28	15	4	6	12	1.3393842293877851
J29	14	8	6	46	1.8316401649300622
J30	16	1	104	17	0.9534675092231483
J31	16	7	97	11	2.0140598287862286
J32	15	8	18	46	1.3980001494946808
J33	17	6	87	5	0.7437936995617849
\\ Jobs in machine 4
10
J34	15	8	58	6	0.9024806977601421
J35	14	14	32	11	1.4237191629663424
J36	14	3	7	36	0.8220971304315821
J37	15	2	89	62	1.8359397061649938
J38	15	14	2	51	0.8393504649286945
J39	16	8	92	55	1.2690294594966152
J40	14	14	52	46	1.1700969022667356
J41	15	4	7	62	1.7299079926542504
J42	15	9	8	56	1.0892906932690143
J43	16	1	90	9	1.2323776224843868
\\ Jobs in machine 5
9
J44	14	3	50	63	0.7336561639015253
J45	12	2	77	26	1.6494578548256087
J46	14	6	98	7	1.543878104838714
J47	13	5	78	15	2.175332303822765
J48	14	14	69	13	0.9352204361883217
J49	15	13	39	28	1.46491878949174
J50	14	13	35	10	1.3067910701774321
J51	15	2	52	67	1.0959132615092306
J52	14	12	90	66	1.0354668232932038
\\ Jobs in machine 6
12
J53	13	12	89	13	0.29743485355687205
J54	14	9	109	45	0.9733362656169515
J55	15	2	110	66	1.5909986333905137
J56	14	10	79	32	1.5125862903426701
J57	15	2	64	56	0.8198490230791682
J58	15	12	66	41	1.6509310689918704
J59	15	8	87	7	1.2199691556784427
J60	15	4	24	16	0.6616571456500073
J61	14	13	64	22	1.635555693239839
J62	15	8	26	60	2.074960396956055
J63	13	7	26	35	0.9868976638919671
J64	16	3	81	52	1.1680398389962365
\\ Jobs in machine 7
11
J65	15	13	29	65	0.477340759684698
J66	13	5	18	66	1.731745370088873
J67	13	1	104	38	1.638153789900959
J68	15	3	101	37	0.8271310130758918
J69	15	8	74	61	1.4940093976656659
J70	14	12	57	53	2.0684238877810315
J71	13	10	85	14	0.7125340078828684
J72	13	5	110	31	0.8317551526745044
J73	14	11	30	56	1.2310924223095359
J74	15	9	49	58	1.7180575230836235
J75	16	4	99	57	1.018641961741655
\\ Jobs in machine 8
12
J76	16	2	105	13	1.1137208250185369
J77	15	4	94	36	0.6634696449838233
J78	14	14	44	34	1.3013672055140098
J79	14	5	60	41	2.338390432105224
J80	15	5	4	25	2.0014834604780023
J81	13	12	35	4	1.3670044000629902
J82	14	14	41	21	1.5707385686882678
J83	14	14	8	50	1.4415848011621413
J84	12	7	4	15	0.9933262598406518
J85	16	12	14	14	1.1620491640578812
J86	15	14	83	28	1.682550335027997
J87	14	9	70	17	1.492318835263182
\\ Jobs in machine 9
11
J88	15	11	77	26	0.5310768330047045
J89	14	14	33	54	0.4121369888156483
J90	14	10	15	28	1.5374757090480395
J91	15	3	57	18	0.6515677075244215
J92	17	10	81	14	0.4400189562155351
J93	15	3	60	12	1.2877399906533566
J94	16	14	45	44	1.5310315453027976
J95	14	11	40	15	2.3744858488300022
J96	15	3	28	48	0.4094004238337495
J97	13	12	95	26	1.0158134697330867
J98	16	11	89	13	0.6825771243851493
\\ Dependencies 
439
1	2
1	3
1	4
1	5
1	6
1	7
1	8
1	10
1	11
1	12
2	3
2	5
2	6
2	7
2	8
2	9
2	10
2	11
2	12
3	5
3	6
3	7
3	8
3	9
3	10
3	11
3	12
4	6
4	8
4	9
4	10
4	11
4	12
5	6
5	7
5	8
5	9
5	10
5	11
5	12
6	7
6	8
6	9
6	10
6	11
6	12
7	8
7	9
7	10
7	11
7	12
8	9
8	10
8	11
8	12
9	10
9	12
10	11
10	12
11	12
13	15
13	16
13	17
13	18
13	19
13	20
13	22
13	23
14	16
14	17
14	18
14	19
14	20
14	21
14	22
14	23
15	16
15	17
15	18
15	19
15	20
15	22
15	23
16	17
16	18
16	20
16	21
16	22
16	23
17	18
17	19
17	21
17	22
18	19
18	20
18	22
18	23
19	20
19	22
19	23
20	21
20	22
20	23
21	22
22	23
24	25
24	26
24	27
24	28
24	29
24	30
24	31
24	32
24	33
25	26
25	27
25	28
25	30
25	31
25	32
25	33
26	27
26	28
26	29
26	32
26	33
27	28
27	29
27	30
27	31
27	32
28	29
28	30
28	31
28	32
28	33
29	30
29	31
29	32
29	33
30	32
30	33
31	33
32	33
34	35
34	37
34	38
34	40
34	41
34	42
34	43
35	36
35	37
35	38
35	39
35	41
35	42
35	43
36	37
36	38
36	40
36	41
36	42
36	43
37	38
37	39
37	40
37	41
37	42
37	43
38	39
38	40
38	41
38	42
38	43
39	40
39	41
39	42
39	43
40	41
40	42
40	43
41	42
41	43
42	43
44	46
44	47
44	48
44	49
44	50
44	51
44	52
45	46
45	47
45	48
45	49
45	50
45	51
46	47
46	48
46	49
46	50
46	51
46	52
47	48
47	49
47	50
47	51
48	49
48	50
48	51
48	52
49	50
49	51
49	52
50	51
50	52
51	52
53	54
53	55
53	57
53	58
53	59
53	60
53	61
53	62
53	63
54	55
54	56
54	57
54	58
54	59
54	60
54	61
54	62
54	63
54	64
55	56
55	57
55	58
55	59
55	60
55	61
55	62
55	63
55	64
56	58
56	59
56	60
56	61
56	62
56	64
57	58
57	59
57	60
57	61
57	62
57	63
58	59
58	60
58	61
58	62
58	63
58	64
59	60
59	61
59	62
59	63
59	64
60	61
60	62
60	63
60	64
61	62
61	63
61	64
62	63
62	64
63	64
65	66
65	67
65	68
65	69
65	70
65	71
65	72
65	73
65	74
65	75
66	67
66	68
66	69
66	70
66	71
66	72
66	73
66	74
66	75
67	68
67	69
67	70
67	71
67	72
67	73
67	75
68	69
68	70
68	71
68	72
68	73
68	74
68	75
69	70
69	71
69	72
69	73
69	74
69	75
70	71
70	72
70	73
70	74
70	75
71	72
71	73
71	74
71	75
72	73
72	74
72	75
73	74
73	75
74	75
76	77
76	78
76	79
76	80
76	81
76	82
76	83
76	84
76	85
76	86
76	87
77	79
77	81
77	82
77	83
77	84
77	85
77	86
78	79
78	81
78	82
78	83
78	84
78	85
78	86
79	80
79	81
79	82
79	83
79	84
79	86
79	87
80	82
80	83
80	84
80	85
80	86
80	87
81	82
81	83
81	84
81	85
81	86
81	87
82	83
82	84
82	85
82	86
82	87
83	84
83	85
83	86
83	87
84	85
84	86
84	87
85	86
85	87
86	87
88	89
88	91
88	92
88	93
88	94
88	95
88	96
88	98
89	90
89	91
89	92
89	94
89	95
89	97
89	98
90	91
90	92
90	94
90	95
90	96
90	97
90	98
91	92
91	93
91	94
91	95
91	96
91	97
91	98
92	93
92	94
92	96
92	97
92	98
93	95
93	96
93	97
93	98
94	96
94	97
94	98
95	96
95	97
95	98
96	97
96	98
97	98
