\\ machines
7
\\ max power
70
\\ Jobs in machine 1
11
J1	15	11	15	1	0.5173355445698841
J2	14	1	16	12	1.5904230934040016
J3	15	7	98	8	1.4827226636751927
J4	13	9	29	14	2.147109348060794
J5	15	10	106	4	0.9672615366735909
J6	15	3	46	3	0.1
J7	14	9	4	1	1.3763106803860592
J8	14	6	90	3	0.8798605244220741
J9	15	13	42	6	0.9140492054893249
J10	14	11	10	13	0.8515831724335163
J11	13	8	75	6	0.9788954216296979
\\ Jobs in machine 2
12
J12	15	12	2	9	0.7434852548059695
J13	15	14	68	17	0.9904396189253563
J14	14	14	19	18	1.956628172977869
J15	15	9	58	9	1.9665798695125614
J16	14	14	93	7	1.5162293365777344
J17	15	6	59	2	1.9679776092952248
J18	16	11	56	16	1.3820803914474822
J19	14	8	14	15	0.46022036009400535
J20	16	8	107	5	1.4103479023321777
J21	15	3	104	13	0.1630999861147855
J22	14	12	19	11	1.6557323664652188
J23	15	5	21	12	1.0067262296383233
\\ Jobs in machine 3
12
J24	14	10	60	6	1.567878616076839
J25	14	4	23	3	0.9774036915435157
J26	13	3	65	14	0.913846877896148
J27	15	14	17	4	1.1162900272928908
J28	13	5	25	2	0.8322500741550893
J29	15	1	11	4	1.2516927437871463
J30	15	11	45	14	1.7281491614624946
J31	14	8	37	5	2.4112104145166935
J32	15	6	25	6	1.7752539818890858
J33	14	13	22	11	1.8569905546372802
J34	15	11	15	2	1.096383747393373
J35	15	7	42	10	0.8394971213163016
\\ Jobs in machine 4
12
J36	14	9	32	8	0.9729499862177965
J37	14	9	50	3	1.6202003496587905
J38	14	13	64	14	0.37581588727219817
J39	14	11	32	4	1.71949123137943
J40	15	6	100	2	0.9818222076520249
J41	13	14	93	8	1.6001106877276698
J42	14	10	78	15	0.27058317588160397
J43	15	4	6	7	1.5913513789257174
J44	13	13	37	9	1.0784592053551776
J45	15	2	77	16	1.3426526130827892
J46	17	1	99	13	1.5484318451649748
J47	14	9	77	8	1.6113528809818063
\\ Jobs in machine 5
11
J48	14	5	106	2	1.3498488074618529
J49	13	9	99	15	1.5858897751229608
J50	16	1	108	4	1.007009545293794
J51	14	13	67	15	1.8680553227294578
J52	16	5	28	2	0.9473928765959468
J53	13	6	57	9	0.8450848472975292
J54	14	7	81	7	1.0111109672528686
J55	14	8	79	4	0.46310480640802976
J56	14	4	50	12	0.7561486095902288
J57	14	10	55	10	0.921076523697083
J58	14	9	59	13	1.0950894022069955
\\ Jobs in machine 6
12
J59	15	9	73	3	1.9136650950142196
J60	14	6	4	15	1.1845619092789732
J61	14	3	3	9	1.7747092324882991
J62	14	12	30	9	0.45051194746654644
J63	15	3	87	3	1.500858800109155
J64	17	7	49	2	1.9270715455474576
J65	15	14	59	12	0.9626235601325637
J66	13	11	38	11	1.304959272466995
J67	14	10	73	9	1.3558666933349524
J68	15	3	51	8	0.6280159368971001
J69	15	11	97	2	0.8155720993797948
J70	15	6	25	11	1.4678646528858064
\\ Jobs in machine 7
11
J71	14	6	84	11	1.9059489558581826
J72	15	11	40	5	1.8176890773289627
J73	14	12	73	15	1.053169096787641
J74	15	1	71	16	0.5597219830239202
J75	15	4	69	8	0.5879484017222378
J76	15	6	24	1	1.6756980737408824
J77	16	3	63	12	2.353735811743271
J78	15	6	94	1	1.3086785227938786
J79	15	10	49	5	0.44183238548830317
J80	14	7	110	13	1.6642939140180824
J81	14	10	56	5	1.5389725317881577
\\ Dependencies 
345
1	2
1	3
1	4
1	5
1	8
1	9
1	10
1	11
2	3
2	4
2	5
2	6
2	7
2	8
2	9
2	10
2	11
3	4
3	5
3	6
3	7
3	8
3	10
3	11
4	5
4	6
4	7
4	8
4	10
4	11
5	6
5	7
5	8
5	9
5	10
5	11
6	7
6	8
6	9
6	10
6	11
7	8
7	9
7	10
7	11
8	9
8	10
8	11
9	11
10	11
12	13
12	14
12	15
12	17
12	18
12	19
12	21
12	23
13	14
13	15
13	16
13	17
13	19
13	20
13	21
13	22
13	23
14	15
14	16
14	17
14	19
14	20
14	21
14	22
14	23
15	16
15	17
15	18
15	19
15	20
15	21
15	22
15	23
16	20
16	21
16	22
17	18
17	19
17	20
17	21
17	22
17	23
18	19
18	21
18	22
18	23
19	20
19	21
19	22
19	23
20	21
20	22
20	23
21	22
22	23
24	25
24	31
24	32
24	33
24	34
24	35
25	26
25	27
25	28
25	29
25	30
25	31
25	32
25	33
25	34
25	35
26	28
26	29
26	30
26	31
26	32
26	33
26	34
26	35
27	28
27	29
27	30
27	31
27	33
27	34
28	29
28	30
28	31
28	32
28	33
28	35
29	32
29	33
29	34
30	32
30	33
30	34
30	35
31	32
31	33
31	34
32	33
32	34
32	35
33	34
33	35
34	35
36	37
36	38
36	39
36	40
36	41
36	42
36	43
36	44
36	45
37	38
37	39
37	40
37	41
37	42
37	43
37	44
37	46
37	47
38	39
38	40
38	41
38	42
38	43
38	44
38	45
38	46
38	47
39	40
39	41
39	43
39	44
39	45
39	46
39	47
40	41
40	42
40	43
40	44
40	45
40	46
40	47
41	42
41	44
41	46
41	47
42	44
42	45
42	46
42	47
43	44
43	45
43	46
43	47
44	45
44	46
45	46
45	47
48	50
48	51
48	52
48	53
48	55
48	56
48	57
48	58
49	51
49	52
49	54
49	56
49	57
49	58
50	51
50	52
50	53
50	54
50	55
50	58
51	52
51	53
51	55
51	57
51	58
52	53
52	54
52	55
52	56
52	58
53	54
53	55
53	56
53	57
53	58
54	55
54	57
54	58
55	56
55	57
55	58
56	57
57	58
59	61
59	62
59	63
59	66
59	67
59	68
59	70
60	63
60	65
60	68
60	69
61	63
61	64
61	65
61	68
62	63
62	65
62	66
62	67
62	68
62	70
63	65
63	66
63	67
63	68
63	69
63	70
64	65
64	67
64	69
65	66
65	67
65	68
65	69
65	70
66	67
66	68
66	69
66	70
67	68
67	69
67	70
68	69
68	70
69	70
71	73
71	75
71	78
71	80
71	81
72	73
72	74
72	75
72	76
72	79
72	80
72	81
73	74
73	75
73	76
73	77
73	78
73	79
73	81
74	75
74	76
74	77
74	78
74	79
74	80
74	81
75	76
75	77
75	78
75	79
75	80
75	81
76	77
76	78
76	79
76	80
77	78
77	79
77	81
78	80
78	81
79	81
80	81
