\\ machines
4
\\ max power
40
\\ Jobs in machine 1
8
J1	14	6	11	27	1.0588716208144433
J2	13	6	44	19	1.1564558918857213
J3	16	2	97	9	1.9710201920274204
J4	15	13	76	7	0.5276576205756258
J5	14	9	34	4	0.9906922603842622
J6	14	5	65	29	0.52503662008151
J7	15	11	15	10	1.0949975400018304
J8	14	9	103	9	0.9396657289929262
\\ Jobs in machine 2
9
J9	14	11	47	4	0.6814469353822667
J10	16	6	105	23	1.661348923289339
J11	15	7	107	17	0.8383980075576768
J12	15	10	101	21	1.3116149177449508
J13	15	7	59	29	1.0332127023261064
J14	13	3	95	13	1.7601626913431967
J15	16	1	18	24	1.5524727196111354
J16	15	3	53	7	1.1059007086218584
J17	14	6	97	29	0.8264492760982143
\\ Jobs in machine 3
12
J18	13	10	82	20	2.303703709908771
J19	13	5	11	8	2.0534462459388405
J20	17	13	67	21	1.383663527905742
J21	14	4	35	5	1.1719715720984263
J22	14	11	109	11	1.0468208564019292
J23	14	4	54	7	1.6653640976564046
J24	15	4	89	18	0.8416354364461803
J25	15	5	24	20	0.3073600459557263
J26	15	1	2	19	0.25881234024635125
J27	16	2	84	20	0.7395394644786917
J28	13	7	23	25	1.4630920437766792
J29	14	8	64	27	0.3804998220756196
\\ Jobs in machine 4
11
J30	15	4	95	24	1.0728971591500143
J31	15	3	31	30	1.7468655397302295
J32	13	9	43	10	1.2641752499747412
J33	13	9	75	26	0.8530140350169195
J34	15	1	4	1	1.065087566674786
J35	13	8	109	14	1.1950402158588684
J36	14	14	3	2	1.0502583812939275
J37	15	8	88	8	1.8353214739674686
J38	14	10	5	5	1.0138943719354838
J39	16	5	18	26	1.602576180359934
J40	15	11	80	8	0.5849823248682562
\\ Dependencies 
21
1	5
2	3
2	8
4	8
9	17
11	13
11	16
12	13
14	16
18	28
21	26
23	26
23	29
30	35
30	36
31	39
31	40
34	38
35	37
36	37
36	39
