\\ machines
7
\\ max power
70
\\ Jobs in machine 1
13
J1	15	12	68	17	0.6775036818163632
J2	12	3	56	6	1.4622287876219935
J3	14	1	14	18	0.8286480497844375
J4	13	13	75	9	0.45167520453211696
J5	16	5	16	12	1.2476250364704986
J6	13	9	56	5	0.7979012849537603
J7	16	9	86	15	0.9706410754776236
J8	14	7	28	5	2.2429530232293446
J9	13	7	98	8	1.0074552892519972
J10	14	10	13	5	2.2207444421569256
J11	16	2	39	12	1.3197407453740004
J12	14	13	62	12	1.3966510642853696
J13	14	6	83	11	0.7307044196998899
\\ Jobs in machine 2
11
J14	15	11	23	4	1.0271384529764254
J15	15	14	68	16	1.637124697776834
J16	15	1	28	8	0.4860150366278124
J17	13	13	49	10	1.3822579284568481
J18	15	9	17	6	0.8086645803509451
J19	14	11	110	7	0.7529932588035257
J20	16	1	2	11	1.2363659463762664
J21	16	8	82	11	1.5116277582068056
J22	14	9	41	1	0.4026596205175803
J23	13	1	50	8	0.6542450589088928
J24	15	2	65	14	0.6466811697218786
\\ Jobs in machine 3
11
J25	16	9	8	10	0.5892977481290236
J26	15	8	22	17	1.4053364342740984
J27	16	4	31	7	0.22762136925715848
J28	14	2	96	10	1.2078979527473714
J29	13	2	7	13	0.846868419353902
J30	16	12	67	14	0.9138758989024218
J31	16	10	33	5	1.0528281143337521
J32	14	9	15	5	1.8456531416114927
J33	14	8	79	17	0.5929327829270222
J34	16	9	100	4	0.7275668448542916
J35	14	3	42	8	2.618055792876407
\\ Jobs in machine 4
11
J36	14	11	62	17	0.874333540769198
J37	15	13	55	14	1.1396678601342356
J38	14	4	63	4	1.6446287211016677
J39	14	3	69	1	1.5582367647025992
J40	15	3	110	5	0.6366683195441576
J41	14	6	52	11	1.5030804602805365
J42	12	3	65	9	1.336053387303464
J43	12	11	94	9	1.7844827280834605
J44	16	6	72	5	0.8157446224568607
J45	14	12	53	13	1.969167700699358
J46	15	7	11	5	1.5686522832269798
\\ Jobs in machine 5
10
J47	16	11	18	4	1.5477221510585377
J48	17	7	16	11	0.7462341933321416
J49	14	8	65	14	0.736605660087645
J50	15	8	65	2	1.8348936885822436
J51	14	4	49	6	2.073249460485383
J52	16	8	26	11	0.7023588509297014
J53	15	2	20	7	1.9110334526565156
J54	14	12	78	11	1.4182473978063386
J55	14	1	32	14	1.486112661765067
J56	13	7	30	13	1.5365003441438871
\\ Jobs in machine 6
10
J57	14	5	90	7	0.6571461810239647
J58	15	13	9	11	1.1967106398544871
J59	13	4	93	6	0.9422017857300462
J60	15	10	80	2	0.9903018428180932
J61	14	2	14	8	0.318144560039858
J62	16	11	5	3	2.4161224313016536
J63	13	5	60	18	0.8633897179639286
J64	15	10	92	8	1.1887573446784243
J65	13	13	73	4	1.3155569129310445
J66	14	11	44	17	1.9532418776142861
\\ Jobs in machine 7
8
J67	15	8	32	13	1.6309853558665142
J68	13	1	20	9	0.7160873427131133
J69	13	12	95	18	1.9730560311065921
J70	15	12	102	5	1.4068097134245194
J71	13	1	52	17	0.6178427152689525
J72	14	10	72	5	1.3123405795509526
J73	15	4	77	6	0.6830220948391783
J74	13	6	93	7	0.9076763920658915
\\ Dependencies 
221
1	3
1	10
1	11
1	12
1	13
2	3
2	5
2	6
2	7
2	9
2	10
2	11
2	12
2	13
3	5
3	7
3	10
3	12
3	13
4	5
4	7
4	8
4	9
4	10
4	12
5	6
5	7
5	8
5	9
5	10
5	11
5	12
6	11
6	12
6	13
7	9
7	11
7	12
7	13
8	9
8	10
8	11
8	13
9	10
9	11
10	11
10	12
11	13
12	13
14	15
14	16
14	17
14	19
14	20
14	22
14	23
15	17
15	19
15	20
15	21
15	22
15	23
16	18
16	19
16	20
17	19
17	20
17	21
17	22
17	23
17	24
18	21
18	23
19	20
19	21
19	24
20	21
20	22
20	23
21	22
21	24
23	24
25	27
25	28
25	29
25	30
25	31
25	32
25	34
25	35
26	27
26	29
26	30
26	31
26	34
26	35
27	31
27	33
27	34
27	35
28	29
28	31
28	33
28	34
28	35
29	30
29	31
29	32
29	33
30	31
30	34
30	35
31	32
31	33
31	34
31	35
32	33
32	34
32	35
33	35
36	38
36	40
36	42
36	44
36	45
36	46
37	38
37	40
37	43
37	44
37	45
38	41
38	45
38	46
39	40
39	42
39	43
39	44
39	46
40	41
40	43
41	42
41	46
42	44
42	45
43	45
43	46
44	45
44	46
47	48
47	50
47	51
47	52
47	53
47	54
47	55
47	56
48	49
48	50
48	53
48	56
49	50
49	52
49	53
49	56
50	51
50	52
50	55
50	56
51	52
51	55
51	56
52	53
52	54
52	56
53	56
54	55
54	56
57	60
57	61
57	62
57	63
57	64
58	62
58	63
58	64
58	65
58	66
59	60
59	61
59	62
59	63
59	66
60	62
60	65
60	66
61	63
61	64
62	63
62	66
63	64
63	65
63	66
64	66
65	66
67	68
67	72
67	74
68	69
68	70
68	71
68	73
68	74
69	70
69	74
70	71
70	72
70	73
71	73
71	74
72	74
