\\ machines
15
\\ max power
150
\\ Jobs in machine 1
11
J1	17	3	5	51	1.0914125032888544
J2	14	6	43	92	0.9233475081140294
J3	14	7	29	20	1.9004339972564634
J4	14	9	87	5	0.8857520767755146
J5	13	14	88	56	1.9478960371614535
J6	13	4	2	50	1.297052020664992
J7	12	14	8	68	0.7264791968978246
J8	15	11	51	47	0.8892039034817975
J9	13	4	4	17	1.339203674984514
J10	12	1	22	17	1.881024846687731
J11	15	2	69	46	1.005604041422175
\\ Jobs in machine 2
11
J12	14	9	85	57	1.3529208592273918
J13	13	1	102	38	1.949259099878731
J14	17	12	46	38	1.3559786491904897
J15	14	1	57	2	0.35337680993453446
J16	15	2	49	97	1.1489179495781077
J17	14	13	42	4	1.8430238226987903
J18	15	5	98	88	1.763370579291232
J19	15	12	44	103	0.827029063060045
J20	13	4	86	74	1.7457918309663243
J21	14	9	20	16	1.214890051202852
J22	14	12	86	8	0.727699331520956
\\ Jobs in machine 3
11
J23	15	2	38	62	0.8941687314247496
J24	16	9	20	94	1.6133025879928298
J25	15	5	36	4	1.6811376754311056
J26	15	5	68	52	1.0825218905633167
J27	16	12	85	36	0.32249674027128283
J28	12	6	43	93	1.7746960110572767
J29	16	5	79	76	1.7072896506774948
J30	14	7	75	105	0.5419841776732931
J31	14	13	98	85	1.759795598105391
J32	12	3	29	5	1.482847966582944
J33	16	4	51	100	1.3913316773130815
\\ Jobs in machine 4
10
J34	13	6	8	112	1.4132601993929876
J35	14	7	61	84	0.8705621880249383
J36	15	3	64	90	1.4744242575267466
J37	15	12	88	99	1.8976469239223022
J38	15	1	106	68	0.4658129901441077
J39	14	12	2	30	0.5673475594838688
J40	15	11	82	97	1.0800856489708
J41	14	13	110	71	1.3734967867898467
J42	14	14	70	44	1.6912799888659111
J43	14	8	57	75	0.7099204329110201
\\ Jobs in machine 5
12
J44	14	14	48	96	1.724207389620465
J45	13	7	80	34	0.6537563233936339
J46	15	4	11	61	1.7992996855212589
J47	14	13	54	97	1.454666396330325
J48	14	4	47	15	1.1401853810542595
J49	14	2	44	1	0.9886628110302461
J50	15	1	65	15	1.8693054093538886
J51	14	14	3	29	1.448119756151721
J52	15	9	110	14	1.7895218850559425
J53	14	5	79	55	1.3954684083257796
J54	14	9	16	93	1.2048383636927609
J55	15	8	13	73	2.0470615880642375
\\ Jobs in machine 6
11
J56	14	3	65	86	1.5691232063900165
J57	15	12	32	45	1.345396173290949
J58	14	2	22	103	2.041148704989245
J59	15	14	96	9	0.1
J60	14	2	50	90	2.5548189130979173
J61	14	13	37	11	1.0137954560901297
J62	14	8	102	92	1.2955677104540906
J63	16	4	34	1	0.26505197425521965
J64	14	1	15	20	1.8813764614315396
J65	16	1	2	26	1.6942960108958751
J66	15	8	63	35	1.3489824239297792
\\ Jobs in machine 7
11
J67	14	12	50	14	1.4262819699827094
J68	17	3	27	48	1.2258742458713412
J69	16	8	97	66	1.081962818240373
J70	16	2	41	11	1.9974004100901468
J71	14	13	22	7	1.3973611320347699
J72	14	5	3	41	1.3613649736273314
J73	14	13	75	94	0.9543242041799831
J74	14	11	81	102	1.218306901961859
J75	17	3	36	53	1.646033809422627
J76	14	3	101	28	2.314792911951256
J77	14	10	96	80	1.411046936733257
\\ Jobs in machine 8
12
J78	14	9	69	89	0.8926039378747466
J79	14	2	32	30	2.045593925154914
J80	14	5	23	100	1.3915945367569267
J81	17	3	84	38	1.8056840038258468
J82	15	3	97	3	0.969281297193543
J83	17	10	77	35	1.4202466305087382
J84	15	9	33	56	0.5136993938487072
J85	12	14	59	96	1.4031823128123593
J86	13	14	36	28	0.7606524648535944
J87	14	4	57	93	0.6676405111757492
J88	14	9	28	56	0.8780119663622072
J89	15	14	14	64	0.9841634759009672
\\ Jobs in machine 9
9
J90	16	6	57	81	0.611408126018808
J91	15	8	108	104	0.4651155645790015
J92	16	5	98	2	1.49018120807335
J93	14	14	50	27	2.2722807252929833
J94	16	5	63	98	0.9534576231594508
J95	15	9	79	73	1.1415923565709951
J96	14	3	52	13	1.1730246129032798
J97	14	9	84	76	2.057818710670931
J98	15	6	74	52	1.1787409636868467
\\ Jobs in machine 10
11
J99	14	10	16	35	0.4615756851536008
J100	14	2	50	62	1.039769718566971
J101	13	12	7	16	0.915703909031967
J102	15	11	73	90	1.5616401443772967
J103	15	8	94	71	1.660137360675305
J104	14	14	37	90	1.174641471422269
J105	14	6	31	51	1.3851322793849863
J106	15	7	31	1	1.5533758678699137
J107	15	5	34	93	1.4677020775162712
J108	15	13	6	43	0.466107730821971
J109	14	4	80	6	1.1174132813065027
\\ Jobs in machine 11
9
J110	14	3	82	86	1.6392170903692072
J111	13	4	109	91	1.7310446965906818
J112	14	2	66	28	0.1
J113	16	4	52	30	1.5154181063423136
J114	15	3	91	32	0.7314823297051327
J115	16	11	53	5	0.98326063035233
J116	14	12	81	101	1.6386459583606658
J117	14	12	16	14	0.9206506503360021
J118	14	5	76	29	1.1688983007237195
\\ Jobs in machine 12
11
J119	15	14	16	98	0.7867400219191377
J120	16	8	97	109	0.8287756110017948
J121	14	3	89	23	1.3180524754412382
J122	15	6	50	45	1.0259827199051748
J123	16	10	49	97	0.7278018178043892
J124	17	3	104	5	0.8710579985456298
J125	14	5	64	26	2.026999804293048
J126	16	14	76	87	1.2777724693169281
J127	17	13	62	112	1.4093780228015114
J128	14	8	15	4	0.9661956022248639
J129	15	8	109	25	1.4435104235157619
\\ Jobs in machine 13
10
J130	14	14	88	68	0.5727583732745871
J131	16	13	59	98	1.2248611664075888
J132	14	3	42	105	1.055224684372936
J133	15	13	34	68	1.2771363691350472
J134	15	8	33	3	1.324442585358107
J135	13	9	70	12	1.1434041691988415
J136	15	3	65	27	1.1137994874950128
J137	14	6	72	96	0.4355257400027486
J138	15	10	32	43	0.630970679421628
J139	14	5	102	73	0.9526557172706649
\\ Jobs in machine 14
11
J140	13	3	91	55	1.1126266870615193
J141	14	12	61	15	1.340111278780212
J142	13	1	54	24	1.6244562468269388
J143	14	10	56	51	1.3161213481006797
J144	14	11	104	22	1.1868970706419681
J145	14	10	6	49	0.6682872079412483
J146	15	4	37	37	1.5802946476681947
J147	16	1	8	62	1.7111833477989613
J148	15	7	11	36	1.4538964189293604
J149	15	12	9	55	1.1005806887659573
J150	15	8	55	97	1.456239394905585
\\ Jobs in machine 15
12
J151	14	5	47	32	1.6471372995394427
J152	14	14	69	2	1.7641956872406648
J153	15	3	89	37	1.549760016851198
J154	12	14	48	22	0.5573784214110274
J155	14	3	97	3	1.2042798459288124
J156	13	12	64	101	1.4414507561861645
J157	14	3	68	100	1.5164218860882146
J158	16	12	59	21	0.9148774307064635
J159	15	1	84	74	1.1577856864201623
J160	17	4	14	61	0.8290472698875232
J161	14	10	83	37	0.8564325102092807
J162	13	9	51	1	1.5953958327518967
\\ Dependencies 
223
1	3
1	5
1	9
1	10
2	8
2	11
3	7
3	10
4	8
4	10
5	9
5	10
6	8
7	8
7	11
8	10
9	10
12	14
12	16
13	14
13	20
13	22
14	16
14	18
14	22
15	19
15	20
15	22
16	17
16	19
17	18
17	21
17	22
18	20
20	22
23	24
23	26
23	30
24	29
24	31
24	33
25	26
25	27
26	29
27	30
27	32
29	30
29	33
30	31
30	32
30	33
34	40
35	43
36	38
36	39
36	41
36	42
37	38
37	40
37	41
38	39
38	41
38	42
39	40
39	42
39	43
40	41
40	43
41	43
44	50
44	51
44	55
45	46
45	47
45	54
46	48
46	50
46	55
47	48
47	50
47	52
48	49
49	52
50	51
50	53
50	54
52	54
52	55
56	63
56	66
57	62
57	63
58	59
58	62
58	66
60	61
60	63
60	64
60	65
60	66
61	62
61	66
62	64
62	66
64	65
64	66
65	66
67	68
67	74
67	77
68	71
68	75
69	72
70	72
70	73
70	74
70	75
70	77
72	75
75	77
76	77
78	81
78	86
78	87
78	89
79	80
79	83
79	85
80	85
81	82
81	85
81	86
82	85
82	87
83	84
84	85
84	86
84	87
84	89
85	89
90	91
90	92
91	95
92	93
93	94
94	95
94	97
96	97
99	100
99	104
99	106
99	109
100	104
100	105
100	108
100	109
101	107
101	109
102	109
104	109
110	116
110	118
111	113
111	114
112	115
113	115
113	118
114	116
115	117
115	118
116	117
119	124
119	127
120	122
120	124
120	126
120	127
120	128
121	126
121	128
123	124
123	128
123	129
124	126
125	128
126	127
126	128
130	132
131	134
131	135
131	138
132	135
132	138
132	139
133	136
133	137
133	139
135	136
137	138
140	142
140	148
140	150
142	145
142	150
143	145
143	146
144	146
145	146
146	149
147	150
151	152
151	158
151	159
152	160
153	160
153	162
155	156
155	161
155	162
156	159
156	162
159	162
160	161
