\\ machines
25
\\ max power
250
\\ Jobs in machine 1
11
J1	15	11	100	51	0.6143178877665816
J2	14	5	69	47	2.4224916238623946
J3	16	7	78	33	1.3988280110161249
J4	15	9	40	25	1.2760939354508778
J5	15	7	27	8	0.9383336189302588
J6	14	10	51	8	1.0654231325188959
J7	17	3	79	34	1.4330126763141016
J8	15	9	56	55	1.0902963559547239
J9	14	10	60	24	0.45267412069296187
J10	13	7	41	31	0.8551052214028856
J11	14	7	6	59	1.5396766812440026
\\ Jobs in machine 2
10
J12	14	14	28	58	1.6176745688991687
J13	15	2	51	56	1.399987149479841
J14	13	8	42	5	0.12277965576751937
J15	16	10	72	54	1.4700929766479103
J16	14	9	49	3	1.3683638214061047
J17	15	3	108	54	0.5896444717483058
J18	15	2	4	38	1.8412364208296192
J19	16	8	82	50	1.5292370687219625
J20	13	7	14	8	0.855572998427303
J21	15	12	3	24	1.9631760352339787
\\ Jobs in machine 3
10
J22	14	11	69	23	0.9268211302715406
J23	14	6	69	51	2.3105557209354863
J24	16	9	39	45	1.034953461758554
J25	16	1	65	18	1.5866236587385258
J26	14	11	78	23	0.6540560348450413
J27	15	10	26	15	0.7575528059714516
J28	15	5	14	4	1.4420065031182472
J29	15	2	90	2	1.521399318557585
J30	15	5	93	8	0.8533322951917417
J31	16	14	89	23	0.7164404183272657
\\ Jobs in machine 4
11
J32	14	13	79	3	1.148564572024813
J33	13	5	75	1	1.4176920598880418
J34	15	5	30	61	1.271442156730482
J35	15	10	60	28	0.8858597962639113
J36	16	4	90	39	1.1557256978357997
J37	17	2	9	48	1.2672748966277245
J38	14	7	25	5	0.7493403083257915
J39	15	6	100	52	2.5758813051947307
J40	16	4	87	3	1.3977956399117342
J41	14	10	8	15	1.1370753071175297
J42	13	10	10	54	2.1388325002614246
\\ Jobs in machine 5
12
J43	15	9	4	30	1.8897422156982397
J44	13	3	28	14	1.2471093207812738
J45	15	12	34	8	1.8188365301595373
J46	15	4	92	49	1.541053361665735
J47	13	4	6	34	1.4959475352400529
J48	14	3	83	16	1.8062965384210121
J49	15	10	84	9	0.9239404403623118
J50	14	4	71	1	2.0989733772911787
J51	15	11	76	45	1.1403338848527185
J52	14	1	42	46	1.6270897439087266
J53	13	1	82	4	1.0827136654548013
J54	16	4	75	48	0.43431366875655986
\\ Jobs in machine 6
12
J55	15	4	64	24	0.3303205165143013
J56	13	3	107	19	0.9251075703754188
J57	15	5	50	24	1.4257666286603814
J58	15	13	102	18	1.536879746204665
J59	14	5	57	32	1.847638680966735
J60	14	9	54	27	1.1403466704347138
J61	12	7	57	56	2.0884722837486933
J62	14	9	110	29	1.5798918682593892
J63	14	13	98	7	1.54622661765262
J64	14	4	100	62	0.9892466198940957
J65	14	13	77	36	1.180970213233798
J66	17	10	106	51	2.021664697666879
\\ Jobs in machine 7
11
J67	14	7	27	41	2.0862958291948184
J68	14	7	108	31	0.44995165927627645
J69	15	2	86	47	1.438466314992618
J70	14	2	40	48	2.299839965706122
J71	13	3	96	39	0.840690097919607
J72	14	11	74	23	1.039511987885972
J73	16	8	4	1	1.3220817688441373
J74	16	11	9	11	1.9897843987671457
J75	15	10	56	7	1.185608881805826
J76	14	5	69	30	1.3734391360262304
J77	13	14	21	24	1.1119518330989318
\\ Jobs in machine 8
10
J78	15	11	83	32	1.2487323815081242
J79	14	3	37	22	1.544560042667822
J80	14	6	49	13	1.392568603545437
J81	15	6	56	30	1.0075263048984842
J82	14	10	73	44	0.6788367675798465
J83	15	6	6	43	0.7010117250605601
J84	14	1	37	54	1.544371708743049
J85	14	1	37	62	1.9972543985475197
J86	15	13	47	9	0.6791520095695804
J87	16	8	96	36	0.5886663712996141
\\ Jobs in machine 9
10
J88	14	14	38	19	0.25091031106286044
J89	15	2	98	56	0.7857799112382622
J90	14	3	10	14	1.301871194371395
J91	14	6	68	30	1.9823139076340988
J92	15	6	66	25	0.7707943421129139
J93	13	7	85	41	2.0523651938853447
J94	15	12	53	59	0.8577699960049301
J95	15	1	8	7	1.4980613615478606
J96	15	6	16	25	1.6278236913127377
J97	15	1	51	62	0.845317099038768
\\ Jobs in machine 10
10
J98	14	13	85	4	0.6235463016625797
J99	14	5	49	26	1.3418661412239778
J100	12	11	56	59	1.5033848062258444
J101	17	13	72	62	2.045668995790715
J102	15	3	16	28	1.042886413576338
J103	14	9	35	14	1.2698653872264072
J104	13	6	10	56	0.9570897591813289
J105	12	13	87	57	1.1424166450393136
J106	15	11	56	43	1.4690076916379875
J107	15	12	62	55	1.8962980008156929
\\ Jobs in machine 11
11
J108	15	13	66	21	0.9518583562083583
J109	16	14	10	49	0.6469951847098907
J110	16	13	24	1	1.408534565461256
J111	14	9	23	60	1.8187001261471252
J112	14	2	79	1	1.3226143680264892
J113	15	3	95	34	2.6258224952098175
J114	14	13	71	36	0.8919504062010527
J115	15	11	2	23	1.3611368358518652
J116	15	8	53	39	1.539124032695373
J117	15	14	45	1	0.8603779057096331
J118	14	8	12	59	1.1027329907416514
\\ Jobs in machine 12
11
J119	16	6	32	47	1.2204436788302635
J120	14	4	30	29	1.4628348862195628
J121	15	1	55	10	0.7258663011274155
J122	16	11	87	27	1.1996198755491252
J123	15	13	55	19	0.1
J124	13	14	65	5	0.7501477684128616
J125	16	5	110	61	1.2926429156973869
J126	14	2	58	11	0.5847707847841597
J127	14	9	8	6	2.213534124513662
J128	15	10	81	61	1.3841933827551987
J129	14	10	98	11	0.36060527195755177
\\ Jobs in machine 13
11
J130	14	2	6	59	1.4311421293980342
J131	15	11	74	31	0.6382747038048755
J132	16	1	43	8	1.4457419037278512
J133	14	6	102	19	0.9542883307453813
J134	14	7	32	12	0.6950089152258502
J135	13	13	104	32	1.6656569561686356
J136	15	6	87	20	1.6446890352436179
J137	14	14	104	14	0.6616965761238979
J138	14	9	106	13	0.865352542101034
J139	16	7	32	2	1.2920888956456782
J140	15	13	42	3	1.2620139145461733
\\ Jobs in machine 14
11
J141	14	3	20	52	2.1802311916929082
J142	15	5	108	41	0.5730905307235046
J143	15	2	98	45	1.5535921675531892
J144	16	13	65	27	0.6387702649609414
J145	15	4	89	3	0.565904628850605
J146	15	1	68	46	1.0111651159843524
J147	14	11	95	49	2.1264869736715646
J148	15	6	51	28	1.7459274067442214
J149	16	7	18	34	1.0580974757735686
J150	14	1	16	30	2.2125996314562273
J151	15	3	21	21	2.068519825346976
\\ Jobs in machine 15
11
J152	15	8	57	19	0.6405697660865195
J153	15	4	106	61	1.3324169502487988
J154	16	2	102	2	2.006316763695359
J155	15	8	25	52	1.4341716919272107
J156	14	8	104	53	0.7160704411612233
J157	14	3	13	14	0.877195769030745
J158	15	13	61	46	1.7000498208741184
J159	13	12	85	23	2.0187037712475986
J160	13	2	13	8	0.8952553987637288
J161	13	14	99	9	1.1694719152628958
J162	14	6	81	5	1.4878304938622144
\\ Jobs in machine 16
12
J163	16	2	89	38	1.655157461400703
J164	16	10	21	44	1.2193243289045446
J165	15	6	66	32	0.5427474680401548
J166	13	10	85	40	0.7839261135247122
J167	14	1	103	45	1.4082831909671532
J168	18	7	76	45	0.38283890130804576
J169	14	9	48	55	1.6407065732750574
J170	16	14	25	49	2.2591802261656193
J171	17	1	83	23	1.600037725461366
J172	13	13	16	20	1.611755658319359
J173	14	14	37	43	0.6876393301131422
J174	15	10	45	27	1.3700515274352234
\\ Jobs in machine 17
11
J175	15	7	38	21	1.8512176619647518
J176	15	3	110	53	1.7056703154466806
J177	15	1	104	22	0.9608917336971161
J178	16	6	20	2	2.20029233961435
J179	12	5	37	53	0.5440707751533462
J180	14	2	41	54	1.2935688665169267
J181	14	2	66	39	0.7141475965338628
J182	15	11	94	23	0.5118563561493809
J183	14	14	23	15	1.0950333778451147
J184	15	4	57	17	1.481540413544751
J185	14	3	7	38	2.31199291638807
\\ Jobs in machine 18
12
J186	15	7	83	16	1.2989143386901527
J187	16	1	85	30	1.6375509387431548
J188	15	13	66	29	0.9053754622919128
J189	14	9	26	1	1.466646248749402
J190	15	2	80	4	0.7993161596943119
J191	14	7	86	40	2.388835755127761
J192	14	8	54	9	0.6504088652095344
J193	15	5	88	13	1.6220994800027184
J194	14	6	70	62	0.7444111958032178
J195	15	3	55	41	0.9933561246621253
J196	16	8	12	29	1.9243735176864154
J197	16	13	84	39	0.973248784118974
\\ Jobs in machine 19
10
J198	13	1	66	50	1.5443282158731386
J199	16	13	97	52	0.3087254733663435
J200	15	14	43	28	0.8910890842290498
J201	14	7	97	36	0.9899955563586701
J202	15	5	43	5	0.26301793353569225
J203	15	6	91	53	1.0635307532712028
J204	14	12	82	20	0.4996665449161899
J205	15	12	81	57	1.2238499371896947
J206	17	9	49	56	0.7791516601578362
J207	14	10	16	30	1.1124264346484107
\\ Jobs in machine 20
8
J208	14	3	110	13	1.5507926055595573
J209	13	14	105	3	1.1366835907840294
J210	13	12	66	63	1.6708342854962726
J211	13	4	75	28	0.3452541683251301
J212	16	4	6	1	1.6068862447981322
J213	12	5	47	30	1.0304596821010041
J214	15	6	81	12	1.1155354237258936
J215	13	2	101	33	1.2771175429578852
\\ Jobs in machine 21
10
J216	14	5	9	25	0.29102808884615705
J217	15	3	80	3	1.9749334946534354
J218	14	2	42	38	1.2537794836063851
J219	15	1	11	36	2.0703541352695916
J220	14	6	102	5	0.8361908121597532
J221	15	10	85	13	1.3479509231595945
J222	15	11	12	20	1.4075762628559152
J223	15	3	105	47	1.354896536871591
J224	15	6	80	48	0.3813297070291958
J225	14	9	97	28	1.6792238216708375
\\ Jobs in machine 22
11
J226	15	14	28	35	0.7721084485622318
J227	16	12	30	29	1.135072236037557
J228	15	3	95	12	1.3572793455914591
J229	15	11	86	28	1.5551034434731519
J230	15	11	75	5	1.3226320054291103
J231	13	12	13	9	1.1539245858268388
J232	14	3	25	1	0.6128984453706889
J233	15	11	28	2	0.9135637030902812
J234	15	10	21	42	1.4798432597773385
J235	15	8	54	62	1.1683194324114217
J236	14	3	104	32	0.3971708041774489
\\ Jobs in machine 23
12
J237	14	12	109	1	1.1069077662223339
J238	14	12	59	29	1.5444627239976565
J239	15	7	53	58	0.47150493199995425
J240	14	12	93	3	1.4751495476876686
J241	16	7	49	11	0.6158160541497082
J242	14	2	67	3	1.0681805754079685
J243	14	11	50	36	1.7039444877150682
J244	16	3	75	55	1.4975175540509518
J245	14	2	60	50	1.5952857605898032
J246	14	5	19	6	2.24161959709777
J247	14	14	45	10	1.787525819052374
J248	15	13	43	51	2.1993995362596666
\\ Jobs in machine 24
11
J249	13	12	42	26	0.11796705552492726
J250	14	14	96	34	1.075137500511889
J251	15	5	104	7	1.1027380914254703
J252	15	13	47	13	0.5873062945048676
J253	17	13	107	33	1.4605573525418045
J254	15	6	41	11	1.9403285693729924
J255	14	6	86	3	1.1432272388224127
J256	14	6	7	62	0.7591640631005341
J257	13	9	57	60	1.5553486565959003
J258	16	5	67	11	0.6694160207992437
J259	14	8	97	5	1.7617108483387511
\\ Jobs in machine 25
11
J260	14	1	67	52	1.3944189167948837
J261	14	12	23	43	2.2072014807824276
J262	15	9	71	18	1.9466907439402412
J263	13	11	56	33	0.930179637929398
J264	13	11	96	15	0.7387819552041892
J265	15	11	9	34	2.2681761072459725
J266	14	14	29	24	0.9330049393958936
J267	16	13	21	18	2.582864108883885
J268	15	14	8	8	0.6516227860569551
J269	14	3	14	60	0.9120186095848295
J270	14	11	20	6	1.6339529262947583
\\ Dependencies 
1197
1	2
1	3
1	4
1	5
1	6
1	7
1	8
1	9
1	10
1	11
2	3
2	4
2	5
2	6
2	7
2	8
2	9
2	10
2	11
3	4
3	5
3	6
3	7
3	8
3	9
3	10
3	11
4	5
4	6
4	7
4	8
4	9
4	10
4	11
5	6
5	7
5	8
5	9
5	10
5	11
6	7
6	8
6	9
6	10
6	11
7	8
7	9
7	11
8	9
8	10
8	11
9	10
9	11
10	11
12	15
12	16
12	17
12	18
12	19
12	20
12	21
13	14
13	15
13	16
13	17
13	18
13	19
14	15
14	18
14	19
14	20
14	21
15	16
15	17
15	18
15	19
15	20
15	21
16	17
16	18
16	19
16	20
16	21
17	18
17	19
17	20
18	19
18	20
18	21
19	20
19	21
22	23
22	24
22	25
22	27
22	28
22	29
22	30
22	31
23	25
23	26
23	27
23	28
23	29
23	30
23	31
24	25
24	26
24	27
24	28
24	29
24	30
24	31
25	26
25	27
25	28
25	29
25	30
25	31
26	29
26	30
26	31
27	28
27	29
27	31
28	29
28	31
29	30
29	31
32	33
32	34
32	35
32	37
32	38
32	40
32	41
32	42
33	34
33	35
33	36
33	37
33	38
33	39
33	40
33	41
33	42
34	35
34	36
34	37
34	38
34	39
34	40
34	41
35	36
35	37
35	38
35	39
35	40
35	41
35	42
36	38
36	39
36	40
36	42
37	38
37	39
37	40
37	41
37	42
38	39
38	40
38	41
38	42
39	40
39	41
39	42
40	41
40	42
41	42
43	45
43	46
43	47
43	48
43	49
43	50
43	51
43	52
43	53
43	54
44	45
44	46
44	47
44	48
44	49
44	50
44	51
44	52
44	53
44	54
45	46
45	47
45	48
45	49
45	50
45	51
45	52
45	53
45	54
46	47
46	48
46	49
46	50
46	51
46	52
46	53
46	54
47	49
47	52
47	53
47	54
48	49
48	50
48	51
48	52
48	53
48	54
49	50
49	51
49	52
49	53
49	54
50	51
50	52
50	54
51	52
51	53
51	54
52	53
52	54
53	54
55	56
55	57
55	58
55	59
55	60
55	61
55	62
55	63
55	64
55	65
55	66
56	58
56	60
56	61
56	62
56	63
56	64
56	65
56	66
57	58
57	59
57	60
57	61
57	62
57	63
57	64
57	65
57	66
58	60
58	61
58	62
58	63
58	64
58	65
58	66
59	60
59	61
59	62
59	63
59	64
59	65
60	61
60	62
60	63
60	64
60	65
60	66
61	62
61	63
61	64
61	65
61	66
62	63
62	64
62	65
62	66
63	64
63	65
63	66
64	65
64	66
65	66
67	68
67	70
67	71
67	72
67	73
67	74
67	75
67	76
68	69
68	70
68	71
68	72
68	73
68	74
68	75
68	76
68	77
69	70
69	71
69	72
69	73
69	74
69	75
69	77
70	71
70	72
70	73
70	74
70	75
70	76
70	77
71	72
71	73
71	74
71	76
71	77
72	73
72	74
72	77
73	74
73	75
73	76
73	77
74	75
74	76
74	77
75	76
75	77
76	77
78	79
78	80
78	81
78	82
78	83
78	84
78	85
78	86
78	87
79	80
79	81
79	82
79	83
79	84
79	86
79	87
80	81
80	82
80	83
80	84
80	85
80	86
80	87
81	82
81	83
81	85
81	86
81	87
82	83
82	85
82	87
83	85
83	86
84	85
84	86
84	87
85	86
85	87
88	90
88	92
88	93
88	95
88	96
88	97
89	90
89	91
89	92
89	93
89	94
89	95
89	96
89	97
90	91
90	92
90	93
90	94
90	96
90	97
91	92
91	93
91	95
91	96
91	97
92	93
92	94
92	95
92	97
93	94
93	95
93	96
93	97
94	95
94	96
94	97
95	96
95	97
96	97
98	100
98	101
98	102
98	103
98	104
98	105
98	107
99	100
99	101
99	102
99	104
99	105
99	106
99	107
100	101
100	102
100	103
100	104
100	105
100	106
100	107
101	102
101	103
101	104
101	105
101	106
101	107
102	103
102	104
102	105
102	106
102	107
103	104
103	105
103	106
103	107
104	105
104	106
104	107
105	106
105	107
106	107
108	109
108	110
108	111
108	112
108	113
108	114
108	115
108	116
108	117
109	110
109	111
109	112
109	113
109	114
109	115
109	116
109	117
109	118
110	111
110	112
110	113
110	114
110	116
110	117
110	118
111	112
111	113
111	115
111	116
111	117
111	118
112	113
112	115
112	116
112	118
113	114
113	115
113	116
113	117
113	118
114	115
114	116
114	117
114	118
115	116
115	117
115	118
116	117
116	118
117	118
119	120
119	121
119	122
119	123
119	124
119	126
119	127
119	128
119	129
120	122
120	123
120	125
120	126
120	127
120	128
121	122
121	123
121	124
121	125
121	126
121	127
121	128
122	123
122	124
122	125
122	126
122	127
122	128
122	129
123	125
123	126
123	127
124	126
124	127
124	128
124	129
125	126
125	127
125	128
126	127
126	128
127	129
128	129
130	131
130	132
130	133
130	134
130	135
130	137
130	138
130	139
130	140
131	132
131	133
131	134
131	135
131	136
131	137
131	138
131	140
132	133
132	134
132	136
132	137
132	139
132	140
133	134
133	136
133	137
133	138
133	139
133	140
134	135
134	136
134	137
134	138
134	139
134	140
135	136
135	137
135	138
135	139
135	140
136	137
136	138
136	140
137	139
137	140
138	140
139	140
141	142
141	144
141	145
141	146
141	147
141	148
141	149
141	150
141	151
142	143
142	144
142	145
142	146
142	147
142	148
142	149
142	150
143	144
143	145
143	146
143	147
143	148
143	149
143	150
143	151
144	145
144	146
144	147
144	148
144	149
144	150
144	151
145	146
145	147
145	148
145	149
145	150
145	151
146	147
146	148
146	149
146	150
146	151
147	148
147	150
147	151
148	149
148	150
148	151
149	150
149	151
150	151
152	153
152	155
152	156
152	157
152	158
152	159
152	160
152	161
152	162
153	154
153	155
153	156
153	157
153	158
153	159
153	160
153	161
153	162
154	155
154	156
154	157
154	158
154	159
154	160
154	161
155	157
155	158
155	159
155	160
155	161
155	162
156	157
156	158
156	159
156	160
156	161
156	162
157	158
157	159
157	160
157	161
157	162
158	159
158	160
158	161
158	162
159	160
159	161
159	162
160	161
160	162
161	162
163	164
163	165
163	167
163	168
163	170
163	171
163	172
163	173
163	174
164	165
164	166
164	167
164	168
164	169
164	171
164	172
164	173
164	174
165	166
165	167
165	168
165	169
165	170
165	171
165	173
165	174
166	167
166	168
166	169
166	170
166	171
166	172
166	173
166	174
167	168
167	170
167	172
167	174
168	169
168	170
168	171
168	172
168	173
168	174
169	170
169	171
169	172
169	173
169	174
170	171
170	172
170	174
171	172
171	173
171	174
172	173
172	174
173	174
175	176
175	177
175	178
175	179
175	180
175	181
175	182
175	183
175	184
175	185
176	177
176	178
176	179
176	180
176	181
176	182
176	183
176	184
176	185
177	178
177	179
177	180
177	181
177	182
177	183
177	184
177	185
178	179
178	180
178	182
178	183
178	184
178	185
179	181
179	182
179	183
179	184
179	185
180	181
180	182
180	183
180	184
180	185
181	182
181	183
181	184
181	185
182	183
182	185
183	184
183	185
184	185
186	187
186	188
186	189
186	191
186	192
186	194
186	195
187	188
187	189
187	190
187	191
187	192
187	193
187	194
187	195
187	196
188	189
188	190
188	191
188	192
188	193
188	194
188	195
188	196
188	197
189	190
189	191
189	192
189	193
189	194
189	195
189	196
189	197
190	191
190	192
190	193
190	194
190	195
190	196
190	197
191	192
191	193
191	194
191	195
191	196
191	197
192	193
192	194
192	196
192	197
193	195
193	196
193	197
194	195
194	196
194	197
195	196
195	197
196	197
198	200
198	201
198	202
198	203
198	204
198	205
198	207
199	200
199	201
199	202
199	203
199	204
199	205
199	206
199	207
200	201
200	202
200	203
200	204
200	205
200	206
200	207
201	202
201	203
201	204
201	205
201	206
201	207
202	203
202	204
202	206
202	207
203	204
203	205
203	206
203	207
204	205
204	206
204	207
205	206
205	207
206	207
208	209
208	210
208	211
208	212
208	213
208	214
208	215
209	210
209	211
209	212
209	213
209	214
209	215
210	211
210	212
210	213
210	214
210	215
211	212
211	213
211	214
211	215
212	213
212	214
212	215
213	214
213	215
214	215
216	217
216	218
216	219
216	220
216	221
216	223
216	224
216	225
217	219
217	220
217	221
217	222
217	223
217	224
217	225
218	219
218	220
218	221
218	223
218	224
218	225
219	220
219	222
219	223
219	224
219	225
220	221
220	222
220	223
220	224
220	225
221	222
221	223
221	224
221	225
222	223
222	224
222	225
223	224
223	225
224	225
226	227
226	228
226	229
226	230
226	231
226	232
226	233
226	234
226	236
227	228
227	230
227	232
227	234
227	235
227	236
228	230
228	231
228	233
228	234
228	235
228	236
229	230
229	232
229	233
229	234
229	235
229	236
230	231
230	232
230	233
230	234
230	236
231	233
231	236
232	233
232	234
232	235
232	236
233	234
233	235
233	236
234	235
234	236
235	236
237	238
237	239
237	242
237	243
237	244
237	245
237	246
237	247
237	248
238	239
238	240
238	241
238	242
238	243
238	244
238	245
238	246
238	247
238	248
239	240
239	241
239	243
239	244
239	245
239	246
239	247
239	248
240	241
240	242
240	243
240	245
240	246
240	247
240	248
241	242
241	243
241	244
241	246
241	247
241	248
242	243
242	244
242	245
242	247
242	248
243	244
243	245
243	246
243	247
243	248
244	245
244	246
244	248
245	246
245	247
245	248
246	247
247	248
249	250
249	251
249	252
249	253
249	254
249	255
249	256
249	257
249	258
249	259
250	251
250	252
250	253
250	254
250	255
250	256
250	257
250	258
250	259
251	252
251	253
251	254
251	255
251	256
251	257
251	258
251	259
252	253
252	254
252	255
252	256
252	257
252	258
252	259
253	254
253	255
253	256
253	257
253	258
253	259
254	255
254	256
254	257
254	258
255	256
255	257
255	258
255	259
256	257
256	258
256	259
257	258
257	259
258	259
260	261
260	262
260	263
260	264
260	265
260	266
260	267
260	268
260	269
260	270
261	266
261	267
261	268
261	269
261	270
262	263
262	265
262	266
262	267
262	268
262	269
263	264
263	265
263	266
263	268
263	269
263	270
264	265
264	266
264	267
264	268
264	269
264	270
265	266
265	268
265	269
265	270
266	267
266	268
266	269
266	270
267	268
267	269
267	270
268	269
268	270
269	270
