\\ machines
7
\\ max power
70
\\ Jobs in machine 1
13
J1	17	4	74	13	1.105860246687838
J2	15	14	34	3	1.2736913941108536
J3	14	1	2	3	1.8154394411334343
J4	15	11	55	13	0.8637452902988974
J5	15	10	76	17	1.0378228702244323
J6	15	9	91	3	1.5589483402664404
J7	14	14	39	16	0.5094572696160292
J8	12	2	50	10	0.9395656947316446
J9	15	2	28	9	0.21488883804514958
J10	15	7	96	14	2.046292953539583
J11	15	12	70	4	1.0323054186538818
J12	15	12	94	13	1.0536932369283096
J13	14	12	49	11	1.2978895493202238
\\ Jobs in machine 2
11
J14	14	8	59	18	1.057996028263323
J15	14	13	67	9	0.6743578617851153
J16	15	10	57	7	0.722450125388766
J17	18	12	17	3	0.6725661046039494
J18	15	6	87	3	1.4936903422167032
J19	15	14	97	11	1.059939261182157
J20	17	10	21	10	1.573013571391627
J21	13	1	73	1	2.0485361681484267
J22	15	11	29	11	1.0131517110302946
J23	17	7	89	6	0.4192554214228773
J24	15	13	72	4	1.1223205827267153
\\ Jobs in machine 3
10
J25	15	5	98	12	1.2423934960858725
J26	14	4	63	13	0.8094450407502645
J27	14	8	107	7	0.6646764690391662
J28	15	9	12	12	0.8459845464442967
J29	14	7	110	14	0.7771149833695523
J30	14	3	27	10	1.246124261297974
J31	15	12	20	14	2.6304519774285477
J32	14	11	89	4	0.1
J33	14	13	22	18	0.2862245463570403
J34	16	10	43	13	1.3318202829677093
\\ Jobs in machine 4
10
J35	15	3	29	12	1.8312282928415466
J36	14	1	47	15	1.073689011163141
J37	12	1	84	5	1.5369580955906703
J38	14	4	11	11	1.7998415635475193
J39	15	10	53	2	1.9601074541030123
J40	15	14	60	12	1.529337665705824
J41	16	14	27	5	1.1389425189824385
J42	14	6	39	3	1.6955497116524576
J43	15	5	39	13	1.1775013917371198
J44	15	11	42	3	1.7002452713608698
\\ Jobs in machine 5
10
J45	15	7	63	6	1.1924537304187617
J46	16	8	68	6	0.6225819598584676
J47	13	4	24	10	1.3306806477572657
J48	13	14	77	12	1.9044549068127488
J49	12	13	33	15	0.40744353680633305
J50	14	2	63	9	1.5018094537465885
J51	13	3	29	13	1.5424096830316674
J52	16	6	29	10	1.3208033191026933
J53	16	7	32	8	0.621763817459955
J54	15	8	91	14	0.8212687615718747
\\ Jobs in machine 6
10
J55	15	9	6	4	1.8667044043858652
J56	13	10	81	13	1.6251707613415305
J57	15	9	9	17	0.21649708169825632
J58	13	2	8	9	1.5032320291067527
J59	14	10	60	6	0.8042388157982022
J60	14	1	5	2	0.7488088764033282
J61	14	10	101	2	1.0886123181216447
J62	15	12	83	9	0.9110551939583533
J63	15	1	19	10	0.9813072779177847
J64	15	13	100	8	1.884203361746374
\\ Jobs in machine 7
10
J65	14	11	3	17	0.6162834081656252
J66	14	10	34	9	1.3355765340378094
J67	14	7	75	16	1.549434933564808
J68	14	7	63	11	1.1993558781618598
J69	14	4	12	16	0.5696366130573207
J70	15	12	26	15	0.9904065452268107
J71	14	13	28	9	0.6056846273739903
J72	13	9	29	16	1.0180851111027927
J73	15	11	81	4	1.4549437331472987
J74	14	14	104	18	1.4072424354756314
\\ Dependencies 
95
1	3
1	4
1	9
1	10
2	3
2	8
3	7
3	10
4	9
5	6
5	9
6	7
6	9
6	10
8	9
8	11
8	12
8	13
10	11
11	12
14	17
14	19
14	20
14	24
16	19
16	22
16	23
17	20
17	22
18	22
19	24
21	22
21	23
21	24
25	27
25	29
26	33
26	34
27	31
27	34
28	29
29	30
29	33
29	34
30	31
30	33
33	34
35	44
37	38
37	40
38	41
38	44
41	42
42	43
42	44
45	47
45	48
45	51
45	54
46	48
46	49
46	50
46	51
47	51
47	52
48	49
49	50
55	60
56	58
56	61
57	58
57	61
57	62
57	64
58	62
58	64
59	60
59	61
60	61
63	64
65	68
65	69
65	70
65	72
66	73
66	74
67	72
67	74
68	70
68	71
68	73
68	74
69	72
71	72
73	74
