\\ machines
7
\\ max power
70
\\ Jobs in machine 1
11
J1	16	2	86	10	1.2669247914280837
J2	15	3	11	16	1.6323011296068473
J3	16	9	79	12	1.7590985375151562
J4	15	8	35	2	0.8962603731834913
J5	14	4	74	16	0.861045082978808
J6	15	14	25	5	1.4513561913194053
J7	17	1	37	13	1.5416012782324247
J8	14	3	24	4	0.716908179029867
J9	15	2	81	5	0.6791205046082006
J10	15	3	2	11	1.8123489023155253
J11	14	11	33	7	0.8108332240233279
\\ Jobs in machine 2
12
J12	15	10	95	10	1.8415961532031138
J13	15	5	81	6	1.244712312397413
J14	14	8	4	13	0.8276475976914541
J15	14	9	81	9	1.6975320472587332
J16	14	4	105	12	0.602073716183526
J17	13	6	25	3	1.2809129690773207
J18	15	2	70	10	1.2521367310609586
J19	13	2	51	5	0.6439066634408214
J20	14	13	50	16	0.9964130175967506
J21	14	1	99	9	0.8928790751491662
J22	16	7	78	7	0.9121653069115134
J23	16	10	17	12	0.1
\\ Jobs in machine 3
10
J24	14	13	5	11	1.1987163827825247
J25	14	6	67	16	1.011457476977586
J26	14	8	89	9	1.6248480571480242
J27	14	12	69	17	1.0040400026409
J28	15	3	13	7	0.8586443587731356
J29	15	3	15	4	0.6515986607850703
J30	14	1	35	15	1.853045440338589
J31	14	13	10	3	1.6198965194027375
J32	13	5	52	9	1.452037359774894
J33	14	1	100	14	1.8884433315573936
\\ Jobs in machine 4
10
J34	16	2	76	10	1.0875146535827542
J35	14	3	74	1	1.3866391193378391
J36	14	14	10	11	1.6136801507753755
J37	14	9	31	3	0.9645510174931995
J38	16	4	50	14	1.4953245644054678
J39	16	10	77	3	0.48308797631904976
J40	15	11	5	1	0.1544472433780122
J41	14	10	44	15	1.3280331986859477
J42	15	13	49	3	1.3664598100507828
J43	15	7	95	9	1.1923024454417062
\\ Jobs in machine 5
12
J44	14	7	31	17	0.8231944060076428
J45	16	2	8	10	1.5733394902306557
J46	15	10	9	1	1.302652889910564
J47	14	3	59	14	1.3514433869009428
J48	14	10	62	12	1.1560286009113703
J49	14	1	87	1	1.2019612929241226
J50	14	11	50	18	0.32524129325044937
J51	14	10	6	13	0.8555822264561967
J52	14	14	12	5	2.1158454110707745
J53	16	2	79	14	1.342910813148177
J54	13	9	22	2	1.5532896648422807
J55	14	14	19	6	1.1743175439343976
\\ Jobs in machine 6
12
J56	14	6	6	2	1.1721281044325438
J57	13	13	44	4	0.9250949568006814
J58	14	1	51	5	0.26213119965714815
J59	15	14	59	16	1.6575021890970023
J60	15	11	16	12	0.9316201844458061
J61	15	2	17	14	1.7380914124401625
J62	15	8	70	9	0.7934872737373666
J63	14	4	36	10	1.618677860980336
J64	14	12	69	1	0.5917656926598789
J65	15	7	59	2	1.3697216425910197
J66	14	7	109	13	0.6288284289135815
J67	14	3	78	7	1.1359941337159836
\\ Jobs in machine 7
11
J68	14	4	73	12	1.8119703999361536
J69	14	5	67	12	0.38888917852052607
J70	14	3	93	8	0.9320265626472047
J71	16	4	61	3	1.8285683866834592
J72	13	4	99	1	0.6133482379424525
J73	13	6	56	14	1.7830384510028008
J74	15	5	74	1	0.43322514809457413
J75	15	11	96	17	1.4910812358770456
J76	15	10	57	3	0.7831520925157953
J77	14	9	98	10	1.4287672332309038
J78	13	11	4	17	1.6791670346123566
\\ Dependencies 
201
1	3
1	4
1	7
1	10
1	11
2	4
2	5
2	6
2	7
2	8
2	9
3	4
3	6
3	10
3	11
4	6
4	7
5	10
6	9
6	10
6	11
7	8
7	9
7	10
8	9
8	11
9	10
9	11
10	11
12	17
12	19
12	20
12	21
12	22
13	16
13	19
13	21
13	22
13	23
14	18
14	19
14	22
14	23
15	17
15	18
15	20
15	21
15	23
16	18
17	19
17	21
17	23
18	20
18	21
18	22
19	22
20	21
20	22
20	23
24	27
24	31
24	32
25	27
25	28
25	30
25	31
25	33
26	27
26	28
26	29
26	30
27	28
27	29
27	30
27	32
28	31
28	32
28	33
29	31
30	31
30	32
31	32
31	33
34	36
34	37
34	39
34	41
34	43
35	36
35	39
35	40
36	38
36	39
36	42
37	39
37	40
37	41
37	43
38	41
38	43
39	40
39	41
39	43
40	41
40	42
40	43
41	42
41	43
44	45
44	46
44	48
44	49
44	50
44	51
44	52
44	53
44	54
45	47
45	49
45	50
45	51
45	52
45	54
45	55
46	47
46	49
46	54
46	55
47	49
47	50
47	51
47	53
47	55
48	50
48	51
48	53
48	54
49	50
49	53
49	55
50	52
51	52
51	54
51	55
52	55
56	60
56	63
56	64
56	66
57	58
57	63
57	67
58	59
58	61
58	63
58	65
59	63
59	64
59	66
59	67
60	61
60	62
60	65
61	63
61	64
61	65
62	66
62	67
63	65
63	66
64	65
64	67
65	67
66	67
68	69
68	70
68	75
68	77
68	78
69	72
69	73
69	74
69	75
70	73
70	77
70	78
71	72
71	75
71	76
71	77
72	74
72	76
72	77
73	74
73	75
73	77
73	78
74	76
74	77
76	77
76	78
