\\ machines
12
\\ max power
120
\\ Jobs in machine 1
11
J1	15	12	19	10	1.08337876157046
J2	13	8	11	5	1.4544277907135394
J3	15	12	67	15	0.8515235191726267
J4	15	8	105	6	1.2793258547090998
J5	14	4	14	21	1.8742828496924884
J6	17	5	34	21	1.1772053771144555
J7	15	3	68	10	1.3218964235807211
J8	15	6	32	4	1.8997243516247002
J9	14	7	23	29	1.4535426292344968
J10	14	4	90	22	0.8202375187727213
J11	15	13	56	29	1.6050555190870264
\\ Jobs in machine 2
12
J12	15	8	109	23	2.095106214912693
J13	16	3	73	23	1.4446053990901617
J14	13	12	102	17	1.5568172084815803
J15	16	14	97	10	1.8605883290196579
J16	14	9	55	21	0.6514079263147015
J17	14	2	10	4	1.0656499219150604
J18	16	13	96	18	0.8687525134566231
J19	16	2	66	21	0.90762389718257
J20	15	14	17	27	2.110206215115675
J21	14	7	11	19	1.0308180457376663
J22	15	3	12	10	0.5014250218358925
J23	14	8	108	4	0.9799291554921418
\\ Jobs in machine 3
12
J24	13	6	50	28	0.9203439013827792
J25	15	11	7	27	1.364306482156947
J26	15	7	49	19	1.0707391097433094
J27	13	12	96	17	1.8786819672862314
J28	15	6	64	4	0.91839281775503
J29	14	3	75	18	1.1967001612530108
J30	14	3	8	2	0.8189253177465348
J31	14	13	100	11	1.1478685015998011
J32	14	4	97	30	0.5471407393701573
J33	14	11	5	20	1.6085867328085288
J34	14	5	65	3	0.841311836603261
J35	15	10	104	17	0.17666369363949763
\\ Jobs in machine 4
13
J36	16	11	108	21	1.5845512453174908
J37	14	6	105	10	1.863599465333847
J38	14	5	64	8	1.4272408354202968
J39	15	7	81	11	1.204445598762493
J40	16	1	25	6	0.7729549102704041
J41	14	13	46	3	1.7664017929536482
J42	14	8	3	8	0.1544328106870696
J43	15	13	48	16	1.061650309185612
J44	15	14	103	11	1.3647010912264426
J45	13	1	30	22	2.234352334655416
J46	14	7	67	10	1.0473031688817318
J47	13	10	69	8	0.8108526667550118
J48	14	9	35	30	1.4248104296850792
\\ Jobs in machine 5
11
J49	14	7	27	12	1.4723118945689162
J50	16	4	38	23	0.8491765757657703
J51	14	8	72	26	0.42000513435691245
J52	14	11	95	12	0.6305468723914209
J53	16	8	99	17	1.1581790363279811
J54	14	8	44	4	1.42137431281582
J55	16	4	47	23	0.9358618833601962
J56	15	6	38	15	0.1
J57	14	6	43	19	1.3168131228949551
J58	16	5	22	5	0.6573490555339312
J59	13	13	70	11	1.156019332890189
\\ Jobs in machine 6
12
J60	15	1	110	23	1.2110170088219003
J61	15	4	73	4	1.5067329652886274
J62	12	5	82	12	1.9367727864493869
J63	16	8	40	20	1.312416567047464
J64	16	3	30	5	1.4385811281412335
J65	15	3	75	6	1.3711085294095118
J66	15	6	13	2	0.877418445578567
J67	14	7	51	8	0.7392358945229518
J68	16	8	27	20	1.2403875354307354
J69	14	7	81	10	1.4232616620267813
J70	16	2	11	21	1.9341676686058058
J71	15	2	86	1	1.7355066589327284
\\ Jobs in machine 7
11
J72	14	14	99	30	1.1105643513911096
J73	15	9	24	22	0.1
J74	14	2	78	24	1.9765098276429331
J75	14	14	56	2	1.6368699141787473
J76	14	1	94	9	0.10882849990617194
J77	16	3	84	19	0.926515434656508
J78	14	6	76	16	1.5257572504462447
J79	15	3	59	6	1.6975021696080328
J80	14	9	48	13	1.5444114497407804
J81	14	5	72	10	1.5763473192724802
J82	15	2	22	12	2.1738668520661806
\\ Jobs in machine 8
11
J83	15	13	13	21	1.372441668454079
J84	16	14	101	11	1.483352080395725
J85	14	7	66	11	1.5943377048674676
J86	15	4	7	9	1.2296719858992216
J87	12	9	56	7	0.1
J88	14	4	34	26	0.9902411186906748
J89	16	12	35	4	1.3230245144739172
J90	14	6	53	17	2.243098423513776
J91	16	8	92	29	1.6660315370638767
J92	15	13	33	27	1.4209222466679423
J93	15	2	93	17	1.2160837422529225
\\ Jobs in machine 9
12
J94	16	6	98	3	1.6242904065383832
J95	13	12	91	10	0.6533838492789615
J96	14	13	84	25	0.5312228668259455
J97	14	8	35	1	1.351874751305203
J98	14	2	18	21	0.9928976770487058
J99	13	14	79	16	1.641391620624683
J100	15	6	39	22	1.2598498066328714
J101	15	7	69	13	0.6874462263640134
J102	15	8	61	7	0.668684156494781
J103	14	8	21	28	1.1554471112046178
J104	16	1	66	24	1.3135766917842984
J105	14	13	88	29	1.4910187153330419
\\ Jobs in machine 10
11
J106	16	7	81	13	2.26963860955325
J107	15	12	18	12	1.2275239839576346
J108	16	1	27	18	1.396713119162883
J109	15	5	17	16	1.2219418992326014
J110	15	3	17	18	1.7861184774058356
J111	15	11	10	24	0.9613776451312144
J112	13	2	79	29	1.067903033458634
J113	13	1	22	6	1.198530117990623
J114	16	8	68	17	0.6616902398048959
J115	17	5	58	30	1.2669784717768016
J116	15	8	9	5	1.6979851644235013
\\ Jobs in machine 11
10
J117	16	11	82	21	0.9684785998718297
J118	13	14	39	1	1.4004018499409496
J119	17	6	107	14	1.7651012593136666
J120	16	12	79	23	0.967553604152778
J121	14	4	86	18	1.0964321467955203
J122	13	4	96	16	0.9413861521540459
J123	14	10	4	5	0.9534441716265332
J124	15	13	83	9	0.6781926463171295
J125	14	7	21	9	0.7656590858540956
J126	15	13	101	1	1.3116136147765365
\\ Jobs in machine 12
11
J127	15	14	87	21	0.3305255986356549
J128	15	4	85	24	1.0557756849033901
J129	14	10	108	16	1.3937215529076088
J130	14	11	28	12	0.21322073675935438
J131	14	3	13	16	1.4034426179104162
J132	13	1	97	20	0.9099852696644548
J133	16	11	7	17	0.5943161825339706
J134	15	6	104	16	2.323736593797337
J135	15	11	53	17	0.45279375249631937
J136	16	14	23	1	1.561752159404869
J137	14	3	19	15	1.4905043188286098
\\ Dependencies 
423
1	2
1	3
1	4
1	5
1	7
1	8
1	9
1	10
1	11
2	3
2	5
2	6
2	7
2	9
2	10
3	4
3	5
4	6
4	8
4	10
5	6
5	8
6	7
6	8
6	9
6	10
6	11
7	8
7	9
7	10
8	9
8	10
8	11
9	11
10	11
12	13
12	16
12	17
12	18
12	19
12	22
13	14
13	16
13	17
13	18
13	20
13	22
13	23
14	15
14	16
14	17
14	19
14	21
14	22
15	22
16	19
16	20
16	21
16	22
16	23
17	19
17	22
18	21
18	22
18	23
19	21
19	22
19	23
20	21
22	23
24	25
24	27
24	28
24	29
24	31
24	34
25	29
25	30
25	31
25	32
25	33
25	34
26	28
26	29
26	30
26	32
26	33
26	34
26	35
27	29
27	30
27	31
27	32
27	35
28	29
28	31
28	32
28	35
29	31
29	32
29	35
30	31
31	32
31	33
32	34
33	35
36	37
36	38
36	40
36	41
36	43
36	44
36	46
36	48
37	40
37	43
37	45
37	46
37	47
38	40
38	44
38	46
39	40
39	42
39	43
39	44
39	45
39	46
39	48
40	41
40	43
40	44
40	45
40	47
40	48
41	42
41	43
41	44
42	43
42	44
42	46
42	47
42	48
43	44
43	45
43	46
44	45
44	47
44	48
45	47
46	47
47	48
49	50
49	51
49	53
49	55
49	57
50	53
50	54
50	55
50	57
50	58
51	52
51	53
51	54
51	56
51	58
51	59
52	53
52	54
52	56
52	57
52	58
53	54
53	55
53	56
53	57
54	55
54	56
54	57
54	59
55	57
55	58
56	59
57	59
58	59
60	62
60	63
60	65
60	66
60	67
60	70
60	71
61	63
61	64
61	66
61	68
61	70
62	63
62	64
62	65
62	66
62	70
62	71
63	64
63	66
63	67
63	69
63	70
63	71
64	65
64	66
64	70
65	67
65	68
65	70
65	71
66	67
66	70
66	71
67	68
67	69
69	70
69	71
70	71
72	74
72	75
72	76
72	77
72	78
72	79
72	80
72	81
72	82
73	75
73	76
73	77
73	79
73	80
74	76
74	79
74	80
74	81
75	76
75	77
75	78
75	79
75	80
75	82
76	81
76	82
77	78
77	79
77	80
77	82
78	82
79	80
79	82
80	82
81	82
83	86
83	88
83	89
83	90
83	91
84	86
84	89
84	92
84	93
85	86
85	89
85	91
85	93
86	87
86	89
86	90
86	91
86	92
86	93
87	89
87	90
87	91
87	92
87	93
88	89
88	90
88	91
88	93
89	90
89	91
89	92
89	93
90	92
92	93
94	101
94	102
94	103
94	104
94	105
95	96
95	97
95	98
95	99
95	100
95	101
95	102
95	104
96	98
96	100
96	101
96	102
96	103
96	105
97	99
97	100
97	102
97	103
97	104
97	105
98	99
98	100
98	102
98	104
98	105
99	101
99	102
100	101
100	103
100	104
101	102
101	103
102	103
102	104
102	105
103	105
104	105
106	107
106	110
106	111
106	112
106	115
106	116
107	112
107	113
107	115
107	116
108	110
108	111
108	112
108	113
108	114
108	115
109	110
109	112
109	113
109	114
110	113
110	114
110	115
110	116
111	112
111	116
112	113
112	114
112	115
112	116
113	115
114	115
117	118
117	119
117	121
117	122
117	124
117	126
118	119
118	120
118	122
118	124
118	125
118	126
119	121
119	122
119	126
120	126
121	122
122	123
122	124
122	126
123	125
123	126
124	126
125	126
127	128
127	130
127	131
127	134
127	135
127	136
127	137
128	129
128	130
128	131
128	133
128	135
129	133
129	134
129	136
130	131
130	133
130	134
130	135
130	136
130	137
131	133
131	134
131	135
131	136
132	134
132	136
133	136
134	135
135	136
135	137
