\\ machines
10
\\ max power
100
\\ Jobs in machine 1
10
J1	15	7	55	22	1.7278195155065643
J2	14	13	14	18	0.13781595554602832
J3	14	2	64	11	0.752395878433781
J4	14	4	71	4	1.6344219490874028
J5	13	2	9	4	1.221834410960171
J6	15	3	13	17	1.1706751493783472
J7	15	12	57	12	1.7119842090411317
J8	12	9	18	21	1.9697015417855006
J9	15	9	29	4	1.3041673600765111
J10	14	5	38	18	0.9073712993183962
\\ Jobs in machine 2
10
J11	16	4	66	7	0.7741981996384422
J12	15	14	5	18	1.1367092417329485
J13	15	13	71	23	1.354869945740313
J14	14	10	96	22	1.087046038679273
J15	14	9	48	15	1.9116656204656644
J16	14	9	46	23	2.4066881075060667
J17	15	13	43	10	1.2702288849314907
J18	14	9	85	17	0.5737986635042656
J19	15	2	57	18	0.8518251975389726
J20	16	8	35	9	1.1783719426477182
\\ Jobs in machine 3
13
J21	15	9	19	16	0.7481209809349305
J22	15	1	18	1	1.3696280363363975
J23	15	2	24	13	2.2594731879786814
J24	13	4	67	4	1.2418562553773111
J25	15	7	27	25	0.7348030670319738
J26	16	10	88	23	0.9593899046904699
J27	15	4	91	12	1.3525879320240803
J28	14	12	13	2	1.3447052970670925
J29	15	12	27	23	0.7405217814734268
J30	13	7	20	21	1.6967713193525884
J31	13	13	92	21	1.0153227895765538
J32	15	7	33	2	0.6848106455828188
J33	13	4	35	24	2.0569277895969558
\\ Jobs in machine 4
10
J34	14	1	4	8	1.0917210123148682
J35	14	2	7	6	1.3021683942640292
J36	15	10	80	20	0.8001126933529854
J37	14	2	91	16	0.9394851186027084
J38	14	8	49	13	1.2851686506100648
J39	16	3	27	25	1.6485402711399406
J40	15	1	103	19	0.9721975476345324
J41	16	6	13	6	1.3243865020429384
J42	14	4	7	6	0.7086751967730985
J43	15	3	48	15	1.036007865394365
\\ Jobs in machine 5
11
J44	14	11	34	18	0.6322660207900096
J45	15	3	91	14	1.699256478948632
J46	14	11	47	3	1.1483413638209206
J47	13	9	63	25	1.551013820733464
J48	15	4	2	17	1.7518153068937607
J49	15	10	36	6	0.2643356460425108
J50	15	4	41	24	0.740147289749155
J51	16	7	94	3	1.6663104346738726
J52	13	10	68	11	1.752387458228484
J53	14	1	98	9	2.016310019355391
J54	15	11	73	8	0.644343870007973
\\ Jobs in machine 6
10
J55	16	13	29	3	0.46786498882113403
J56	14	8	7	2	0.5279671686395108
J57	14	13	8	11	1.126954483221838
J58	15	10	92	5	0.9974454125361235
J59	14	7	102	9	1.1773429574629481
J60	15	8	81	13	0.8100898678406779
J61	14	13	28	3	0.8680495751497314
J62	14	6	13	7	1.6128319348388858
J63	14	10	104	1	2.1103128925342682
J64	14	2	73	14	1.5621298608572687
\\ Jobs in machine 7
13
J65	14	13	34	21	1.3140917475321081
J66	14	2	104	23	1.519536716467814
J67	15	14	2	13	1.4332439388316243
J68	14	4	36	16	0.18852202478436264
J69	15	3	63	19	0.9469682832193633
J70	14	8	52	6	0.5326311747705773
J71	16	8	3	10	1.1436498951677179
J72	15	6	67	24	1.4524219973915224
J73	14	14	106	9	0.5909282882406912
J74	14	11	22	24	0.8641287005223155
J75	15	4	23	11	1.1107680750768156
J76	15	9	86	4	0.5812176984426823
J77	13	9	33	10	1.8667702316670751
\\ Jobs in machine 8
11
J78	13	14	17	20	1.9332016178285958
J79	16	9	94	14	0.9761517502789605
J80	16	6	60	6	1.6739421742685223
J81	14	12	64	11	0.9715702208069426
J82	14	10	4	25	1.443954891674009
J83	15	7	99	9	0.7729098137675297
J84	16	4	58	17	2.05053539101387
J85	14	9	3	4	1.2142287059140218
J86	15	14	43	1	1.0760386007466065
J87	16	6	37	4	0.42313263244059207
J88	13	3	72	25	1.3979370441272132
\\ Jobs in machine 9
11
J89	14	6	64	24	0.3044237162050142
J90	16	8	51	18	1.207053172438219
J91	12	8	30	10	1.1182690570917195
J92	14	6	29	9	1.349991812685097
J93	16	1	92	1	1.1677030963416306
J94	14	11	56	3	0.35478526127693877
J95	14	10	5	3	1.4171355312938543
J96	15	1	52	18	1.68962317124628
J97	13	4	52	7	1.842013082220409
J98	15	10	107	15	2.0459679365665653
J99	13	7	26	14	1.7242696644916378
\\ Jobs in machine 10
11
J100	14	10	73	4	0.7240119307090824
J101	14	14	86	14	0.47147272117047445
J102	15	14	108	16	1.335849883833799
J103	15	3	41	16	1.6483458001029514
J104	15	3	105	19	1.7473473489438944
J105	14	6	9	14	1.2815761077706878
J106	14	6	101	3	1.7350526619950848
J107	15	10	81	14	0.9884604595560892
J108	17	2	95	19	0.6877456434303897
J109	15	4	53	16	0.552374071481557
J110	14	1	103	24	1.9191434815557327
\\ Dependencies 
162
1	5
1	6
2	4
3	8
4	5
4	7
4	9
4	10
5	6
6	7
6	8
6	9
7	8
9	10
11	15
11	16
11	20
12	13
12	14
12	17
13	17
15	16
15	18
17	18
17	20
18	20
21	25
21	28
21	29
21	33
22	25
23	24
23	28
23	32
24	25
24	30
24	31
25	27
25	29
25	33
26	27
26	28
26	30
26	33
27	30
28	29
28	31
28	33
29	30
29	31
30	32
30	33
31	33
32	33
34	40
35	37
35	39
36	40
37	41
38	39
38	43
39	40
39	41
39	43
40	41
41	42
44	45
44	46
44	47
44	53
44	54
45	48
45	53
46	49
46	54
47	48
47	49
47	53
47	54
48	54
49	50
50	52
50	54
52	53
52	54
55	58
55	59
55	64
56	63
56	64
57	62
57	64
58	59
58	61
58	63
59	61
59	63
61	62
65	68
65	72
65	76
66	69
66	70
66	76
66	77
67	68
67	73
67	77
68	74
69	72
69	75
70	75
70	76
70	77
71	74
71	76
72	75
72	76
73	76
75	76
75	77
78	80
78	82
78	83
78	84
79	80
79	84
79	86
79	88
80	81
80	88
81	87
81	88
82	88
83	86
86	87
86	88
87	88
89	96
89	98
91	98
93	94
93	97
94	98
94	99
95	99
96	97
100	102
100	105
100	106
101	104
102	103
102	105
102	108
102	109
103	108
105	107
105	108
105	109
106	109
107	110
109	110
