\\ machines
4
\\ max power
40
\\ Jobs in machine 1
10
J1	12	3	102	6	2.1220667073119244
J2	14	2	88	1	0.6402063271646852
J3	16	13	89	8	2.2984393368018674
J4	14	12	58	8	1.5162701697052547
J5	17	14	31	2	1.2487891066090056
J6	14	5	100	7	2.152693672856463
J7	14	1	43	6	1.7116073123211455
J8	14	14	52	9	1.5659400884353547
J9	13	4	30	10	0.5409470482100476
J10	14	14	66	2	1.0582093565678048
\\ Jobs in machine 2
11
J11	13	2	3	6	1.6095615889141182
J12	14	7	54	2	0.3436660257792803
J13	14	12	107	7	1.6011190812889413
J14	15	3	73	9	1.3041542775172916
J15	15	10	86	7	1.4033859426503674
J16	13	3	64	8	1.337268877509068
J17	15	5	17	3	0.1
J18	15	7	5	3	0.6392040489748522
J19	15	4	92	1	1.2695680446669235
J20	14	11	83	8	1.659517601983893
J21	15	10	88	9	1.379193095034261
\\ Jobs in machine 3
11
J22	14	9	44	8	1.011976816738463
J23	14	10	13	10	1.4731081166973383
J24	14	2	53	7	0.9622773399211054
J25	14	14	21	9	0.4796913625493051
J26	14	11	43	10	2.066231403770856
J27	15	2	84	1	1.1674065147595967
J28	15	3	87	1	1.1048836330024547
J29	15	13	95	5	0.8965566414911168
J30	14	12	85	7	1.73982358791481
J31	13	4	28	2	1.6855052863713702
J32	14	11	24	3	1.8115001398495867
\\ Jobs in machine 4
14
J33	14	9	2	8	1.0743163731975294
J34	14	1	41	7	0.9856950832917817
J35	16	14	12	6	1.8286472515720495
J36	16	13	106	5	0.6785697026484251
J37	15	4	14	10	0.3736617493182792
J38	15	5	5	5	0.2654747507915153
J39	17	9	98	1	1.8723615816174295
J40	14	12	20	7	1.4062865613708366
J41	15	7	90	8	2.1842304369221646
J42	15	11	11	9	1.6491659739154452
J43	14	11	59	8	1.6676365910692643
J44	15	2	16	8	0.1293968856921437
J45	15	11	76	1	1.488087571290055
J46	15	8	77	10	1.1060537946886138
\\ Dependencies 
40
5	6
5	8
7	10
11	16
12	15
12	18
12	19
13	17
13	18
15	17
15	18
16	18
16	20
17	20
18	20
19	20
22	23
22	24
24	27
24	32
25	27
25	31
28	30
28	31
30	32
33	36
34	41
35	42
35	44
36	40
36	42
37	38
37	41
38	40
38	42
38	44
39	40
39	41
40	46
42	44
