\\ machines
8
\\ max power
80
\\ Jobs in machine 1
10
J1	15	3	44	20	1.409904958573251
J2	14	3	13	32	1.3028296070860161
J3	14	14	57	18	1.491866834482954
J4	16	3	37	1	0.8310383310169641
J5	14	11	11	3	0.9637118540831373
J6	13	4	33	1	1.1930813850036097
J7	12	2	79	20	1.3927935185623854
J8	14	4	41	24	0.9993524598661532
J9	15	2	69	28	1.7448293892875644
J10	14	3	53	7	0.9766031617343254
\\ Jobs in machine 2
12
J11	15	13	51	12	0.44245231965019616
J12	15	10	35	20	0.9690634516448697
J13	15	6	35	13	0.9741182971481768
J14	12	5	47	4	1.083513593801719
J15	14	7	86	40	1.5522492095888394
J16	14	7	29	34	1.7134088406824346
J17	14	10	32	7	1.0898514373522754
J18	14	7	26	25	0.36751912255233377
J19	14	7	31	15	0.1
J20	15	3	43	18	1.3693295848991092
J21	14	9	12	24	0.5519765097201667
J22	15	8	52	18	1.368768922018399
\\ Jobs in machine 3
11
J23	15	13	62	38	0.44543392804250714
J24	15	1	21	20	1.2248054738343601
J25	13	5	89	17	1.9115209972866527
J26	14	11	97	12	1.144475827811349
J27	14	1	9	25	0.7881232795649364
J28	13	8	59	30	0.3748344325023927
J29	14	11	18	39	0.9115408173370962
J30	14	9	64	39	1.755859069670389
J31	14	3	84	1	2.099776692405232
J32	15	10	104	40	0.6137129228544534
J33	15	2	101	13	1.5040201692411346
\\ Jobs in machine 4
11
J34	13	11	71	2	0.5832738666748024
J35	15	14	33	16	0.7861384842924899
J36	13	8	103	1	1.6375371136373247
J37	15	13	73	4	1.5226300887101636
J38	16	9	10	8	1.3618843457450405
J39	16	4	76	31	0.8137573545204597
J40	15	12	75	34	1.511731824660871
J41	12	14	31	35	1.632795272749562
J42	14	8	58	21	0.69311478158933
J43	14	12	14	26	1.122253188018704
J44	15	7	100	35	1.0898254546897446
\\ Jobs in machine 5
12
J45	12	14	36	35	0.8094493277418613
J46	14	14	12	7	0.49120165600722876
J47	14	4	17	26	0.4342318661065546
J48	15	13	102	14	1.5033581279665946
J49	14	9	109	5	0.8369671440780109
J50	14	10	25	22	1.487091704735587
J51	14	10	21	22	1.1398878452271117
J52	13	13	76	13	1.9278014014827707
J53	13	2	12	12	1.850390737670512
J54	12	8	67	9	1.3142175240346983
J55	14	3	108	29	0.4039719204457113
J56	14	1	11	39	0.3929829345178739
\\ Jobs in machine 6
11
J57	17	1	79	35	1.3775688407362217
J58	15	1	98	31	1.494532005911068
J59	14	9	86	39	1.0447439599124198
J60	14	4	3	23	0.9238759296803354
J61	14	4	17	38	0.6937467238770174
J62	16	8	82	31	0.5976964350569818
J63	15	1	54	20	0.9649257586789183
J64	14	6	71	16	1.1251109308776712
J65	14	5	26	6	1.4351767768777957
J66	14	7	79	24	1.4416486781657534
J67	15	4	76	6	1.6596980096023588
\\ Jobs in machine 7
11
J68	14	14	93	40	1.8545794041459298
J69	13	13	108	39	0.4104305342478165
J70	15	13	6	6	0.7601921286833503
J71	14	2	17	10	1.1641843924553064
J72	15	5	101	26	0.5518647491424897
J73	16	10	9	6	0.8947155021568924
J74	14	6	108	7	0.44108968711661034
J75	14	5	20	30	1.1598986033676244
J76	14	5	46	11	1.0033863446055498
J77	15	9	42	32	1.5100769469860182
J78	15	14	73	4	1.419848234889771
\\ Jobs in machine 8
10
J79	15	10	109	23	1.0892100618365101
J80	12	12	93	25	0.902492716820352
J81	14	2	19	36	1.9110708932038283
J82	16	11	33	22	1.147145590505227
J83	14	10	107	4	1.9669105605362345
J84	15	1	48	3	1.759902419390008
J85	14	6	94	28	0.4975087597957859
J86	13	6	81	22	0.7989892404350731
J87	15	7	105	37	1.042546916973915
J88	15	3	2	3	2.081537092356282
\\ Dependencies 
271
1	2
1	3
1	6
1	8
1	9
2	3
2	4
2	5
2	8
2	9
2	10
3	4
3	5
3	6
3	7
3	9
4	6
4	7
4	9
5	6
5	8
5	9
5	10
6	7
6	9
7	8
8	9
8	10
9	10
11	12
11	13
11	15
11	16
11	18
11	20
11	21
11	22
12	13
12	14
12	15
12	17
12	20
13	16
13	17
13	18
13	22
14	15
14	18
14	19
14	22
15	17
15	18
15	20
16	18
16	19
16	20
16	22
17	18
17	19
17	20
17	22
18	20
18	21
18	22
21	22
23	24
23	25
23	26
23	28
23	29
23	30
23	31
24	25
24	28
24	30
24	32
24	33
25	26
25	28
25	30
25	31
25	32
25	33
26	28
26	29
26	30
26	31
26	32
27	28
27	30
27	31
28	30
28	31
28	33
29	30
29	33
30	31
30	32
31	32
34	36
34	37
34	38
34	39
34	41
34	43
34	44
35	36
35	37
35	38
35	39
35	40
35	42
35	43
36	37
36	39
36	42
36	43
36	44
37	38
37	39
37	40
37	41
37	42
37	43
38	39
38	41
38	42
38	43
38	44
39	44
40	42
40	43
40	44
41	42
41	43
42	43
43	44
45	47
45	48
45	51
45	52
45	56
46	47
46	49
46	53
46	54
46	55
47	48
47	49
47	50
47	51
47	53
47	55
48	50
48	51
48	52
48	54
48	56
49	50
49	53
49	55
50	51
50	53
50	54
50	55
50	56
51	52
51	54
52	53
52	54
52	56
53	55
54	55
54	56
55	56
57	60
57	61
57	62
57	63
57	65
57	67
58	59
58	60
58	61
58	67
59	60
59	63
59	64
60	62
60	63
60	65
60	66
60	67
61	62
61	64
61	66
62	63
62	64
62	65
62	66
62	67
63	64
63	66
64	65
65	66
66	67
68	70
68	72
68	74
68	77
68	78
69	70
69	71
69	73
69	74
69	75
69	76
69	77
69	78
70	71
70	72
70	75
70	77
70	78
71	72
71	74
71	75
71	76
71	78
72	73
72	74
72	76
72	77
73	74
73	75
73	76
74	75
74	77
74	78
75	77
75	78
76	77
76	78
77	78
79	81
79	82
79	84
79	85
79	87
80	81
80	82
80	83
80	85
80	86
80	87
81	82
81	83
81	84
81	85
81	86
82	83
82	85
82	86
82	87
83	86
83	88
84	85
84	87
84	88
85	88
86	88
