\\ machines
10
\\ max power
100
\\ Jobs in machine 1
10
J1	15	11	12	20	0.8940856567676352
J2	16	11	98	3	1.1902508236471794
J3	14	1	86	7	1.0824940541221921
J4	16	12	46	23	1.1075786829574217
J5	15	1	40	5	1.2893760210482756
J6	13	9	53	18	1.3764519420026518
J7	13	5	17	20	1.1434195468623074
J8	15	2	47	20	1.592073518401013
J9	13	13	27	10	0.2587899614943572
J10	13	13	13	10	1.2766395734376395
\\ Jobs in machine 2
10
J11	15	5	60	16	0.8510026256101925
J12	14	9	19	9	0.8368228618840836
J13	13	12	92	24	1.00337880199828
J14	15	11	52	23	2.4004058686186687
J15	16	13	98	24	1.9882476300045242
J16	13	14	60	1	2.2067660432486584
J17	14	5	61	1	1.630947760949906
J18	15	11	104	25	1.0268113147005395
J19	12	7	57	18	1.4439810978864018
J20	16	13	4	13	0.7639127405892132
\\ Jobs in machine 3
11
J21	14	3	33	5	1.1110032583086196
J22	13	5	3	16	0.9596923032392116
J23	12	14	77	12	1.3656806912055948
J24	14	6	97	25	1.324792140417087
J25	13	3	108	12	0.7948499391413226
J26	13	2	56	18	1.0449559303775584
J27	13	1	48	5	1.2592275245537021
J28	14	4	100	21	1.02337823088153
J29	15	11	54	5	1.3988250471366084
J30	15	11	77	16	1.3306899707122763
J31	12	5	46	15	1.2405911308335793
\\ Jobs in machine 4
11
J32	14	2	10	6	1.004810600891481
J33	16	3	10	25	1.6733386601702627
J34	14	2	15	17	1.0075907319564934
J35	15	1	106	17	1.4223422920323447
J36	14	14	13	13	1.4934116111757834
J37	15	11	16	14	1.1164501471506711
J38	14	3	47	14	0.9222505595842239
J39	13	12	84	15	0.730865498697141
J40	16	9	52	12	1.8355629095478245
J41	14	10	42	23	0.9563198280443294
J42	16	4	66	24	1.1643722949346804
\\ Jobs in machine 5
12
J43	16	10	37	25	0.5948674231353762
J44	14	14	26	9	1.300973076432379
J45	13	12	81	5	1.2735070587509374
J46	14	11	64	23	1.0034788441050146
J47	13	12	26	18	1.1180912447765692
J48	15	8	18	23	1.5340888218490587
J49	12	4	48	13	1.036098273175499
J50	14	5	89	13	1.3206009156512943
J51	15	6	95	21	0.5346327925923148
J52	12	2	12	22	1.702546113178613
J53	14	4	50	2	0.6913682786588659
J54	14	7	57	22	0.574651679573538
\\ Jobs in machine 6
10
J55	17	14	65	18	1.7836322048761915
J56	14	2	14	14	1.8210863542200049
J57	14	13	18	14	1.4325490365208047
J58	15	9	37	10	1.4475418196047611
J59	15	1	51	18	0.3765767491569507
J60	15	5	36	7	1.1497260305850212
J61	12	11	84	1	0.994674347877071
J62	15	2	59	7	1.1546711153364395
J63	15	12	49	25	0.6828442026786309
J64	16	2	38	16	0.9883967101868907
\\ Jobs in machine 7
10
J65	15	12	37	21	0.5463467003536904
J66	16	3	85	6	0.674740318198731
J67	14	9	73	16	1.525869689783946
J68	15	10	15	22	0.8393778306493728
J69	13	11	108	9	1.52642869663463
J70	14	6	74	20	0.4837781460118201
J71	14	12	40	19	0.909725817555443
J72	15	14	93	25	1.371209786866722
J73	15	14	77	8	1.4148262185202731
J74	14	3	53	14	1.6827263603023548
\\ Jobs in machine 8
11
J75	15	1	44	9	2.6254294626619954
J76	14	7	50	5	0.6744695016810901
J77	15	5	55	7	1.899029449560645
J78	14	2	24	13	1.0398421948229246
J79	14	4	91	17	0.815586367262281
J80	15	3	11	14	0.3753035422019574
J81	15	12	55	13	0.7766124930569345
J82	13	1	45	6	1.385603819928647
J83	14	2	64	23	0.7564220488209579
J84	15	12	45	3	1.3753762624540167
J85	13	10	48	8	1.2102603105398761
\\ Jobs in machine 9
12
J86	13	3	72	11	0.9167885629917671
J87	15	3	27	23	0.8373042304343572
J88	13	3	96	13	1.4469843044699742
J89	14	11	108	20	0.803134496828077
J90	14	8	21	8	1.579052825568646
J91	14	13	36	22	0.7151629758173422
J92	16	5	46	18	1.6448099262782008
J93	14	4	58	8	2.09251169574372
J94	16	10	92	23	1.906012152125605
J95	15	3	100	2	0.6806869243226499
J96	15	6	110	5	0.40844285749851217
J97	15	11	76	12	1.2332338996129817
\\ Jobs in machine 10
12
J98	14	14	40	9	0.770404736991233
J99	13	2	23	13	0.7920576019745966
J100	13	3	8	25	1.414708793284413
J101	15	5	97	24	1.2541730617327294
J102	14	9	11	6	0.18149103276151646
J103	14	5	87	22	1.895776358744446
J104	15	8	103	12	0.92895993089772
J105	13	13	50	22	1.2598168178009537
J106	15	8	109	20	1.1249211782538706
J107	15	14	35	10	1.0162092190661367
J108	16	7	13	21	1.1541718533448788
J109	15	7	19	17	1.2021470533176024
\\ Dependencies 
320
1	2
1	3
1	4
1	7
1	8
1	10
2	5
2	7
2	8
2	10
3	4
3	5
3	8
4	5
4	6
4	7
4	8
4	9
5	6
5	10
6	8
6	10
7	9
8	9
11	12
11	13
11	17
11	18
11	19
12	14
12	15
12	17
12	18
12	20
13	14
13	16
13	17
13	18
13	19
14	16
14	17
14	19
15	17
15	19
15	20
16	17
16	18
16	19
16	20
17	19
17	20
18	19
18	20
21	22
21	23
21	25
21	26
21	27
21	28
21	30
21	31
22	25
22	26
22	27
22	28
22	29
22	31
23	27
23	30
24	26
24	27
24	28
24	30
25	27
25	28
25	29
25	30
25	31
26	28
26	30
27	28
28	30
28	31
30	31
32	33
32	37
32	39
32	40
32	41
32	42
33	36
33	39
33	40
33	41
34	38
34	40
34	41
35	36
35	38
35	39
35	40
35	42
36	37
36	38
36	40
36	42
37	38
37	41
37	42
38	39
38	40
38	41
38	42
39	40
39	42
41	42
43	49
43	50
43	53
43	54
44	46
44	48
44	50
44	53
44	54
45	47
45	49
45	50
45	52
45	53
46	49
46	50
46	51
46	53
46	54
47	49
47	51
47	52
47	53
47	54
48	51
48	52
48	53
48	54
49	50
49	51
49	53
49	54
50	51
50	52
50	53
51	52
51	54
53	54
55	57
55	61
55	63
56	59
56	61
56	62
57	58
57	59
57	60
57	61
57	64
58	60
58	61
58	62
58	63
58	64
59	61
59	62
60	64
62	64
63	64
65	66
65	67
65	68
65	69
65	70
65	71
65	72
66	71
66	73
66	74
67	68
67	69
67	72
67	73
68	69
68	70
68	72
68	74
69	70
69	72
69	73
70	72
70	73
70	74
71	74
72	73
72	74
73	74
75	78
75	83
75	85
76	80
76	81
76	85
77	80
77	82
78	79
78	82
78	83
78	84
78	85
79	82
79	84
79	85
80	84
81	82
81	83
81	84
81	85
82	85
83	84
83	85
86	91
86	92
86	94
86	96
87	88
87	89
87	92
87	93
87	94
87	96
87	97
88	90
88	91
88	92
88	93
88	95
88	97
89	91
89	92
89	93
89	95
89	96
89	97
90	91
90	93
90	94
90	96
90	97
91	92
91	94
91	95
91	96
91	97
92	95
92	97
93	95
93	96
94	95
94	96
94	97
95	97
96	97
98	99
98	100
98	101
98	102
98	103
98	104
98	106
98	107
98	108
98	109
99	100
99	101
99	102
99	104
99	106
99	108
99	109
100	101
100	102
100	103
100	104
100	106
100	108
100	109
101	102
101	103
101	104
101	107
101	108
101	109
102	103
102	104
102	105
102	107
102	108
102	109
103	104
103	105
103	106
103	107
103	108
103	109
104	107
104	109
105	107
105	109
106	107
106	108
106	109
107	109
108	109
