\\ machines
18
\\ max power
180
\\ Jobs in machine 1
13
J1	13	2	54	13	1.2437301357231836
J2	14	6	46	31	1.0125786082465853
J3	16	5	99	46	1.1797724975879336
J4	14	1	15	128	0.6669308601367686
J5	14	5	66	110	2.1877537010813723
J6	15	10	52	92	1.8044913896754582
J7	15	5	36	4	0.33687655095368096
J8	15	12	48	87	0.9147557119510991
J9	13	5	13	105	0.37440720732875
J10	14	10	52	122	1.0166065321644815
J11	15	10	42	69	2.5040109675968836
J12	13	9	65	44	0.9212133821138009
J13	16	4	105	100	1.1392188944784893
\\ Jobs in machine 2
11
J14	16	2	19	111	1.22401755991003
J15	15	13	81	73	2.1637276410469215
J16	13	7	29	106	0.606750116087262
J17	16	12	80	57	0.9273441921154637
J18	15	11	17	51	1.5557474327182268
J19	14	7	10	29	2.1595331479025908
J20	15	8	66	47	1.059544083494415
J21	14	12	89	103	1.77747243876614
J22	16	7	79	89	1.9367965206471618
J23	15	8	42	81	1.6199474957254867
J24	14	7	52	96	1.7686152951363803
\\ Jobs in machine 3
11
J25	14	14	17	102	1.086451163452004
J26	14	7	82	108	1.6029893295636952
J27	15	6	22	53	1.2548903300104013
J28	17	2	34	91	0.8328363212565921
J29	14	13	79	101	1.4333235208230373
J30	14	3	6	56	1.772360553269965
J31	13	1	9	126	1.6371493685369598
J32	16	4	73	112	1.4616244663651123
J33	15	1	22	77	1.4887843447743583
J34	14	12	104	45	2.1243476078899692
J35	15	2	62	68	0.6479693496817239
\\ Jobs in machine 4
11
J36	14	4	53	86	0.7916279981659767
J37	16	6	72	8	0.25704611477220796
J38	13	12	41	40	1.959196643406691
J39	14	13	15	77	0.5982091078332061
J40	15	6	100	55	1.6470153728385228
J41	13	14	51	47	1.0548202101659845
J42	15	12	106	118	1.08329850235582
J43	14	6	8	23	1.3138382600902878
J44	15	14	64	115	1.7436952687232021
J45	16	8	46	67	1.2285390393706783
J46	14	2	4	23	1.4001147677429353
\\ Jobs in machine 5
11
J47	15	2	81	81	1.7877428493752214
J48	15	5	48	7	1.3355772124912877
J49	15	2	86	23	0.6703280054298117
J50	14	1	26	62	1.319966528845513
J51	13	3	62	41	0.7665940920072218
J52	15	5	58	13	0.1
J53	15	5	17	20	1.4441002412449078
J54	16	1	39	101	0.1321140521889188
J55	16	1	91	108	0.7693947408205435
J56	14	10	8	87	0.4850378854687354
J57	15	9	9	39	1.3349472679280727
\\ Jobs in machine 6
10
J58	14	12	3	48	1.2312366191455795
J59	15	10	42	51	1.2840962864263317
J60	14	5	105	108	1.75479109801491
J61	15	5	7	127	1.2067124594669347
J62	14	13	97	119	1.602428166743905
J63	14	13	50	128	1.773193476351652
J64	15	3	74	122	0.7814574744475099
J65	14	10	7	22	1.5391344312980797
J66	13	4	105	109	0.8133456552650208
J67	14	10	59	55	1.44915444500344
\\ Jobs in machine 7
10
J68	15	1	101	60	1.348559329700914
J69	15	2	41	72	0.8726462209449335
J70	15	12	42	57	1.5047773830797702
J71	15	14	30	102	0.9034405940219663
J72	14	11	90	117	1.7394687108368116
J73	14	5	45	24	1.1319921969889686
J74	15	3	47	58	1.3332943089253677
J75	15	6	2	21	1.0679338203742947
J76	15	8	69	98	0.9909531343573336
J77	16	11	78	96	1.1761409676228027
\\ Jobs in machine 8
12
J78	14	8	89	135	1.0395886810952846
J79	14	13	20	21	1.5195970358316404
J80	14	6	71	125	1.096981825563846
J81	16	3	56	85	1.1417145916382399
J82	14	8	67	125	0.4210977396907307
J83	14	11	22	50	0.8486183594899659
J84	13	6	9	113	1.2126726411088375
J85	14	6	68	45	1.0866539940224877
J86	14	14	83	46	0.6071204929213171
J87	14	5	60	123	0.17926884427050616
J88	14	2	11	111	0.8406807234857725
J89	15	9	72	19	1.3067405951221456
\\ Jobs in machine 9
11
J90	14	10	40	51	0.7967692551990442
J91	15	5	106	127	1.234506934159448
J92	13	7	102	123	1.30192587540805
J93	14	9	33	36	0.1
J94	15	13	34	122	1.1111534163578585
J95	13	6	41	4	1.0040466123377483
J96	15	1	15	120	1.0053212062064842
J97	14	11	74	54	1.022355470680477
J98	15	9	98	48	0.7868384880742612
J99	15	7	108	86	1.6284546518825553
J100	14	5	72	69	0.8500566603740816
\\ Jobs in machine 10
9
J101	15	4	37	66	0.2539409519963861
J102	13	4	12	6	2.0901953224541203
J103	14	10	108	30	2.433151922708086
J104	14	7	54	116	0.8695715022037813
J105	12	8	101	83	0.8186698573611957
J106	14	13	7	78	1.6755409583691971
J107	14	3	29	98	1.9136120573578674
J108	13	4	68	5	1.2519746939847995
J109	15	2	13	45	1.5038912282032726
\\ Jobs in machine 11
11
J110	15	11	77	25	0.7455940377901847
J111	16	1	109	67	0.8490611636894103
J112	17	1	56	99	1.1383102056640542
J113	16	8	31	53	2.031012527562244
J114	15	3	69	103	2.047842727466944
J115	15	10	11	99	1.400808409628513
J116	14	6	58	128	0.6885107874181674
J117	16	8	51	50	0.31093709970941796
J118	13	14	52	81	1.0499304362854904
J119	14	10	46	120	1.1717688315397201
J120	15	4	32	26	1.7813046118569722
\\ Jobs in machine 12
12
J121	13	13	71	40	0.8110772933275732
J122	16	11	25	20	0.8687888198474041
J123	15	10	85	48	0.46797108673979426
J124	16	12	82	112	1.0200081093115996
J125	14	10	66	46	1.5931196296070442
J126	15	4	10	69	1.4797942298178233
J127	14	1	66	65	0.1
J128	13	4	54	79	2.2793363217374685
J129	16	7	96	25	0.7456875067060212
J130	14	1	52	74	1.1089000595128478
J131	13	3	67	1	1.681604481059194
J132	16	7	66	117	1.2020489445431712
\\ Jobs in machine 13
11
J133	16	4	80	66	1.3050723234256967
J134	13	4	12	18	1.2384816915423036
J135	14	11	13	40	0.6737659441393429
J136	16	7	18	9	0.14339469913825909
J137	12	7	101	67	1.1915427566952987
J138	15	8	63	39	1.5685581108523263
J139	15	12	88	107	1.4567874571005226
J140	14	1	29	83	0.7237444595924027
J141	15	6	73	12	0.5629589129054571
J142	16	5	31	91	1.3499515982885173
J143	14	13	35	88	1.386810491798294
\\ Jobs in machine 14
12
J144	16	9	43	114	0.7337997916851142
J145	14	6	110	13	2.012426283891272
J146	15	13	72	21	2.0938872507758237
J147	16	12	106	134	1.5094435546256715
J148	13	7	53	108	0.43059084787262336
J149	15	9	102	129	0.747464174733804
J150	14	8	65	98	1.4526904709438395
J151	15	1	10	29	1.6039612663324119
J152	16	13	52	13	0.9882135333751633
J153	12	8	81	12	0.35643254354368525
J154	13	6	12	80	1.1560459425082432
J155	14	5	7	7	1.5194281741505715
\\ Jobs in machine 15
10
J156	14	5	50	99	1.4951093188239117
J157	15	5	22	4	0.6513329591965346
J158	15	9	104	30	0.35776926742593795
J159	16	10	94	73	0.7252142816612691
J160	16	3	37	51	1.0492908180072478
J161	13	9	55	47	0.2772865926445266
J162	15	9	104	28	2.5322913079884604
J163	15	1	97	114	1.4633827929306913
J164	14	11	72	15	0.7939376142499126
J165	15	11	69	103	1.5562746350315382
\\ Jobs in machine 16
10
J166	15	8	31	64	1.1355402834172885
J167	13	5	93	118	1.4948474869728985
J168	15	8	60	6	1.8142847465072753
J169	15	13	77	45	1.012852044909128
J170	14	12	26	91	1.3228359309281652
J171	15	4	67	79	1.7747335698408708
J172	15	10	86	46	2.0253833018877665
J173	14	7	96	12	0.7732279153968425
J174	15	5	71	117	1.4633543540701501
J175	13	13	46	11	2.3649519744444865
\\ Jobs in machine 17
11
J176	15	6	48	72	1.018926770750593
J177	16	13	52	99	0.1
J178	14	10	13	105	1.250431520475073
J179	14	14	65	118	1.0940341533892803
J180	16	9	2	131	0.7966472185089912
J181	15	13	17	58	0.7288775711913975
J182	15	13	106	84	0.5064481054676728
J183	14	4	101	15	0.8136069931941021
J184	13	2	81	69	1.0836961725504395
J185	13	2	65	129	0.6410745111912504
J186	15	3	85	27	0.7120752945301017
\\ Jobs in machine 18
12
J187	14	4	6	62	2.05164102626014
J188	12	13	57	24	1.268951211373121
J189	16	4	62	104	1.339259069704688
J190	15	4	47	106	2.0589099758829863
J191	14	14	40	28	1.5602788732502775
J192	13	3	31	93	1.1340654516262556
J193	16	11	45	34	1.6187044993661823
J194	14	1	39	105	1.6264649707566639
J195	15	7	103	94	2.311661164732868
J196	15	1	82	25	0.9446194048106415
J197	16	11	3	8	1.7180774239841012
J198	15	5	98	52	2.015756237988432
\\ Dependencies 
314
1	4
1	10
1	11
2	3
2	5
2	10
2	13
3	6
3	7
3	11
3	12
4	8
4	11
5	8
5	10
6	11
6	12
6	13
7	8
7	13
8	10
8	12
11	13
14	17
14	20
14	22
15	18
15	21
15	23
16	24
17	19
17	24
18	20
18	22
18	24
19	21
19	24
20	22
21	24
22	23
25	26
25	30
25	31
26	34
27	32
27	34
27	35
29	32
30	33
31	32
31	34
31	35
32	33
32	34
36	40
36	41
36	43
37	41
37	43
37	44
38	40
39	45
40	46
41	43
41	44
41	45
42	44
42	46
47	49
47	53
47	54
48	51
48	54
48	55
48	56
49	50
49	51
49	53
50	51
50	52
50	55
50	56
51	54
51	55
51	56
52	53
52	55
52	56
54	56
55	56
55	57
58	63
59	62
59	64
59	67
60	62
61	65
61	67
62	63
62	65
63	65
64	67
66	67
68	69
68	70
68	77
69	71
70	73
70	75
70	77
71	72
71	76
72	73
72	74
73	75
75	77
78	79
78	80
78	84
78	87
78	89
79	80
79	81
79	83
79	86
79	87
80	84
80	85
80	87
80	89
81	83
81	84
81	85
82	83
82	86
83	84
83	87
83	89
84	88
86	87
86	89
87	89
90	91
90	92
90	94
90	98
91	93
92	96
92	97
92	99
93	96
93	100
94	95
94	98
95	97
95	99
97	99
99	100
101	104
101	107
102	103
102	104
102	105
102	106
102	108
103	109
104	105
104	106
104	107
104	108
105	108
106	107
110	111
110	115
111	113
111	117
112	118
112	119
113	116
114	119
115	120
116	118
116	119
118	120
121	123
121	124
121	129
122	124
122	125
122	128
122	130
122	131
122	132
123	127
123	129
123	131
124	126
124	129
124	131
125	127
125	130
126	128
127	129
128	130
129	131
133	135
133	137
133	141
134	136
134	137
134	140
134	141
135	139
136	138
136	140
136	142
137	143
138	141
138	143
139	140
139	143
140	142
141	143
144	147
144	148
144	150
144	151
144	153
144	154
144	155
146	147
146	149
146	155
147	151
148	149
148	154
149	151
150	152
150	153
150	154
151	153
151	154
152	153
152	154
153	155
156	158
156	164
157	158
157	160
158	163
159	164
160	161
160	165
161	162
162	165
163	164
166	167
166	170
167	170
167	171
167	172
167	173
168	172
168	175
169	170
169	171
169	172
169	174
170	174
171	172
172	173
173	174
174	175
176	181
176	183
177	180
177	183
177	186
178	183
179	182
179	183
179	184
180	182
181	185
181	186
182	183
182	186
183	185
184	185
184	186
185	186
187	188
187	191
187	192
187	193
187	196
187	197
188	190
188	191
188	192
188	196
189	190
189	193
189	196
189	197
191	192
191	195
192	196
192	198
193	195
193	197
194	198
195	197
195	198
