\\ machines
6
\\ max power
60
\\ Jobs in machine 1
10
J1	14	3	48	10	1.1284390092266847
J2	15	8	72	13	0.9972759630645047
J3	14	4	12	10	1.6218762325371223
J4	16	14	45	11	1.475549420349049
J5	13	3	96	1	1.0888195921757047
J6	16	3	70	9	1.3228634692578538
J7	15	5	93	13	1.1146274956610709
J8	14	4	86	9	1.0381970956359279
J9	13	8	87	12	1.27549544842857
J10	14	3	99	10	1.1096886947547604
\\ Jobs in machine 2
10
J11	14	2	32	6	0.441734908659981
J12	14	14	98	4	1.459541154831042
J13	15	14	26	9	0.760316375083924
J14	15	3	68	11	1.0397012246772332
J15	14	12	60	9	0.5144548943852909
J16	13	7	70	11	1.088104331538841
J17	13	6	42	7	1.0857704573103426
J18	15	7	99	1	0.7009553484928519
J19	15	6	48	2	0.39007628048431753
J20	15	4	37	2	0.1
\\ Jobs in machine 3
11
J21	14	10	71	7	1.5205378793607895
J22	14	14	51	13	1.2676369048001004
J23	14	10	96	4	2.029670967300646
J24	14	8	95	2	1.3892568434566532
J25	14	8	95	10	1.2664216608301542
J26	15	13	100	5	1.780048132766002
J27	15	10	83	1	1.4072960008720246
J28	14	7	92	13	1.3205070681732725
J29	14	14	90	12	0.981620048979285
J30	16	13	99	8	0.1
J31	14	5	35	10	1.6222738649772506
\\ Jobs in machine 4
12
J32	15	13	69	11	0.9165832193937514
J33	14	9	62	12	1.2515758895845164
J34	14	1	22	4	1.535843814232797
J35	15	9	106	7	1.5369344840652448
J36	16	3	56	15	1.2318798789619803
J37	14	2	39	13	1.9103945850113042
J38	16	9	92	4	1.5261927274825071
J39	16	13	45	9	2.1666322293512423
J40	14	1	93	6	1.207062903820263
J41	14	6	31	8	1.033166168835726
J42	15	6	32	6	0.9629287300966077
J43	13	2	107	13	0.6890673254014986
\\ Jobs in machine 5
12
J44	13	9	26	7	1.5346577967138209
J45	15	2	20	14	1.7708720659292483
J46	16	6	103	1	1.994671609091838
J47	13	11	12	5	1.2551119605871892
J48	13	13	60	2	1.1497695989313321
J49	14	10	60	15	1.9846872756982357
J50	16	8	18	6	1.9060429745832832
J51	15	3	52	13	0.5064710454219545
J52	15	2	46	14	1.5835704258790997
J53	14	13	19	10	1.2113413173339185
J54	15	8	2	3	1.9295068816574532
J55	15	6	90	7	0.41863656675281224
\\ Jobs in machine 6
11
J56	16	12	25	3	0.5057237645498283
J57	15	3	76	7	1.818637460373595
J58	13	2	65	1	1.387023779076186
J59	14	11	38	2	1.5101067509099928
J60	15	4	100	11	1.2966822556887865
J61	16	1	30	5	1.2233076630741262
J62	14	11	48	13	1.3904900020442514
J63	16	5	87	2	1.6062560243562087
J64	14	1	17	15	1.1378463802322467
J65	15	8	104	13	1.0911618804336967
J66	15	10	23	2	0.9735222454829964
\\ Dependencies 
289
1	4
1	5
1	6
1	7
1	8
1	9
1	10
2	4
2	5
2	8
2	9
3	4
3	5
3	6
3	7
3	8
3	9
3	10
4	5
4	6
4	7
4	8
4	9
4	10
5	6
5	7
5	8
5	9
5	10
6	7
6	8
6	9
6	10
7	8
7	9
7	10
8	9
9	10
11	12
11	13
11	14
11	15
11	16
11	17
11	18
11	19
11	20
12	13
12	14
12	15
12	16
12	17
12	18
12	19
12	20
13	14
13	15
13	18
13	19
14	15
14	16
14	18
14	19
14	20
15	16
15	18
15	19
15	20
16	17
16	18
16	19
16	20
17	18
17	19
17	20
18	19
18	20
19	20
21	22
21	23
21	24
21	25
21	26
21	27
21	28
21	29
21	30
21	31
22	24
22	25
22	26
22	27
22	28
22	29
22	30
22	31
23	24
23	25
23	26
23	27
23	29
23	30
23	31
24	25
24	29
24	30
24	31
25	26
25	27
25	28
25	29
25	30
25	31
26	27
26	28
26	29
26	30
26	31
27	28
27	29
27	30
27	31
28	30
28	31
29	30
30	31
32	33
32	34
32	35
32	36
32	37
32	38
32	39
32	40
32	41
32	42
32	43
33	34
33	35
33	36
33	37
33	38
33	40
33	41
33	42
33	43
34	35
34	36
34	37
34	39
34	41
34	43
35	36
35	37
35	39
35	40
35	41
35	42
35	43
36	37
36	38
36	39
36	41
36	42
36	43
37	38
37	41
37	42
38	39
38	40
38	41
38	42
38	43
39	40
39	41
39	42
39	43
40	41
40	42
40	43
41	42
41	43
42	43
44	45
44	46
44	48
44	49
44	50
44	51
44	53
44	54
45	46
45	47
45	48
45	49
45	50
45	54
45	55
46	47
46	48
46	49
46	52
46	53
46	54
47	48
47	49
47	50
47	51
47	52
47	53
47	54
47	55
48	49
48	50
48	51
48	52
48	53
48	54
48	55
49	50
49	51
49	52
49	53
49	54
50	51
50	52
50	53
50	54
50	55
51	52
51	54
51	55
52	53
52	54
52	55
53	55
54	55
56	57
56	58
56	59
56	60
56	61
56	62
56	63
56	64
56	65
56	66
57	58
57	59
57	60
57	61
57	62
57	63
57	64
57	65
57	66
58	59
58	60
58	61
58	63
58	64
58	65
58	66
59	60
59	61
59	62
59	63
59	65
59	66
60	61
60	62
60	63
60	64
60	65
60	66
61	62
61	63
61	65
61	66
62	63
62	64
62	65
62	66
63	64
63	65
63	66
64	65
64	66
65	66
