\\ machines
9
\\ max power
90
\\ Jobs in machine 1
11
J1	15	14	4	7	1.54563790968844
J2	15	3	33	17	1.0047566207339678
J3	13	3	101	23	2.416502646113098
J4	13	13	80	13	0.6243693788056472
J5	15	8	31	3	0.6084855771745468
J6	15	2	32	7	0.6606963123543181
J7	15	5	44	2	0.8904301252087183
J8	15	5	21	4	0.9198869950347626
J9	15	6	73	3	1.3405835254520928
J10	14	9	37	17	1.1837372661275989
J11	14	8	81	11	2.047178459344426
\\ Jobs in machine 2
10
J12	16	5	19	18	1.5870308605555086
J13	15	10	90	9	0.4223261797410416
J14	14	2	20	21	0.2072813294703013
J15	14	8	109	19	0.7416416657134206
J16	15	8	27	17	1.1459713809821026
J17	14	10	64	10	1.1530066480732295
J18	14	9	61	13	2.137671745090197
J19	14	14	74	17	2.166942922553109
J20	15	4	14	21	1.042855992384118
J21	14	9	63	11	1.2543270513338463
\\ Jobs in machine 3
13
J22	14	10	93	13	1.2349655877867916
J23	13	1	35	4	1.3155015649794353
J24	14	3	58	21	0.9208465505502055
J25	13	8	93	19	0.8943327192609161
J26	13	10	97	3	1.4503532907580907
J27	14	3	49	15	0.7160364263256751
J28	15	14	6	19	1.343034627463993
J29	16	6	109	7	0.6467053798254684
J30	17	1	104	16	1.9867156124576575
J31	13	9	68	22	1.2318954461571918
J32	15	14	11	12	1.2238068576163577
J33	15	14	40	12	1.38514749021983
J34	14	3	36	3	0.4076013899672868
\\ Jobs in machine 4
11
J35	15	3	80	11	0.514053042958327
J36	14	14	23	10	2.7457180155921446
J37	15	1	73	7	1.4204288007734078
J38	15	1	14	3	1.639115321544706
J39	14	3	35	6	1.2619466350710096
J40	13	14	55	2	0.4514462300505402
J41	13	7	90	13	0.3048203744101349
J42	13	3	89	16	1.4203534885795983
J43	15	14	17	19	1.7548552740515282
J44	16	9	23	18	1.9251582015017346
J45	15	3	96	11	1.448757415038361
\\ Jobs in machine 5
12
J46	15	13	24	20	1.2786327650757032
J47	12	9	56	7	0.40357421098836543
J48	16	11	81	22	1.0353029202285462
J49	17	2	97	9	1.5062969962300796
J50	13	1	95	23	1.6101077495879341
J51	15	12	47	5	1.781992810447107
J52	14	14	71	14	1.039870445272478
J53	16	12	92	17	1.2300918739858406
J54	14	14	29	22	0.5560928226333551
J55	16	8	60	4	0.9069011024317255
J56	14	13	55	3	0.68283901642855
J57	15	14	33	7	0.6414076114953121
\\ Jobs in machine 6
11
J58	15	6	23	9	0.835316312767784
J59	16	14	89	15	0.9336546972045969
J60	15	11	83	9	1.1007502872366686
J61	16	4	39	8	1.3758259538029507
J62	13	12	11	3	1.9502532607521361
J63	14	6	25	12	2.7400574415533105
J64	14	3	86	12	1.6923971765474635
J65	16	6	71	3	1.0312975264960296
J66	16	6	15	8	1.5521178284484267
J67	15	8	47	5	1.4751973807585315
J68	14	14	73	16	0.7015938936542921
\\ Jobs in machine 7
12
J69	13	1	98	8	0.659792757116507
J70	13	9	9	16	0.5777769410179157
J71	14	14	29	11	1.1263033857025666
J72	15	2	58	4	2.0941586896366777
J73	14	14	6	3	1.4760195749004805
J74	15	14	33	22	0.9148426671216716
J75	13	3	81	5	1.0346972902587535
J76	15	1	28	22	1.4836025361364535
J77	14	7	39	4	1.0533660797714506
J78	13	5	52	22	1.3007445151741068
J79	13	13	60	14	1.6889391115145114
J80	15	1	39	7	1.523186205712549
\\ Jobs in machine 8
13
J81	14	5	92	15	1.7262489458688037
J82	15	8	7	3	1.3346413206605008
J83	15	6	93	1	0.8564611683819705
J84	15	13	91	4	0.9291110539400582
J85	15	7	2	22	1.9256430600730372
J86	16	3	7	15	0.971770195800674
J87	14	8	12	11	2.061750311054471
J88	15	8	62	22	1.0263567905719346
J89	13	11	14	20	2.1553284121087586
J90	12	3	81	2	1.3067360950188298
J91	14	12	76	14	1.9288424129459703
J92	15	12	39	20	1.7494341017810138
J93	15	8	77	5	0.7364168050533166
\\ Jobs in machine 9
11
J94	14	10	86	9	1.5259565483587063
J95	14	7	88	3	0.6736589011712906
J96	13	8	93	20	0.1
J97	14	5	103	13	1.0508567861125089
J98	14	3	76	19	0.1
J99	13	9	29	10	1.4855348545451375
J100	15	3	59	12	1.4212264761716604
J101	14	9	104	15	1.4621463000803714
J102	13	7	91	4	1.4329521203150128
J103	15	7	90	7	1.53407186627937
J104	14	13	78	10	1.6763181270565077
\\ Dependencies 
398
1	2
1	4
1	5
1	6
1	7
1	8
1	9
1	10
1	11
2	3
2	6
2	7
2	8
2	9
2	10
3	4
3	6
3	8
3	9
3	11
4	6
4	10
4	11
5	7
5	9
5	10
6	7
6	8
6	9
6	10
6	11
7	8
7	9
7	10
7	11
8	9
8	10
8	11
9	10
9	11
12	13
12	14
12	17
12	19
12	21
13	14
13	16
13	17
13	18
13	19
13	20
13	21
14	16
14	18
14	19
14	20
14	21
15	16
15	17
15	19
15	20
15	21
16	17
16	19
16	20
16	21
17	18
17	19
17	21
18	19
18	20
18	21
22	23
22	24
22	26
22	28
22	29
22	30
22	34
23	25
23	26
23	27
23	28
23	30
23	31
23	33
23	34
24	25
24	26
24	27
24	28
24	29
24	31
24	32
24	33
24	34
25	26
25	27
25	29
25	30
25	32
25	33
25	34
26	27
26	28
26	29
26	31
26	32
26	33
27	29
27	30
27	31
27	33
27	34
28	30
28	32
28	34
29	30
29	31
29	33
29	34
30	33
30	34
31	32
31	34
32	33
35	36
35	37
35	38
35	39
35	40
35	41
35	42
35	43
35	44
35	45
36	39
36	40
36	41
36	44
36	45
37	39
37	40
37	41
37	43
37	44
37	45
38	39
38	40
38	41
38	42
38	43
38	44
38	45
39	40
39	42
39	43
39	45
40	41
40	42
40	43
40	45
41	42
41	43
41	45
42	43
43	44
43	45
44	45
46	47
46	48
46	49
46	51
46	52
46	54
46	55
46	56
47	48
47	49
47	50
47	51
47	52
47	53
47	55
47	56
47	57
48	50
48	52
48	53
48	54
48	55
48	56
48	57
49	50
49	51
49	52
49	53
49	54
49	55
49	56
50	51
50	52
50	53
50	54
50	55
50	56
51	52
51	54
51	57
52	53
52	54
52	55
52	56
53	55
54	56
54	57
55	56
56	57
58	60
58	61
58	65
58	66
58	67
59	62
59	64
59	65
59	66
59	67
60	63
60	64
60	65
60	66
60	67
60	68
61	62
61	63
61	65
61	66
61	67
61	68
62	63
62	66
62	67
62	68
63	65
63	66
64	65
64	66
65	66
65	67
65	68
66	67
67	68
69	70
69	72
69	73
69	74
69	75
69	77
69	78
70	71
70	72
70	73
70	75
70	76
70	77
70	78
70	79
70	80
71	73
71	74
71	75
71	76
71	77
71	78
71	79
71	80
72	73
72	74
72	75
72	76
72	77
72	78
72	79
72	80
73	74
73	78
73	80
74	75
74	76
74	77
74	78
74	79
74	80
75	76
75	77
75	78
75	79
75	80
76	80
77	78
77	79
78	79
78	80
81	83
81	84
81	85
81	88
81	90
81	92
82	84
82	85
82	86
82	87
82	88
82	89
82	91
82	92
83	84
83	85
83	86
83	87
83	88
83	89
83	91
83	93
84	85
84	87
84	88
84	89
84	90
84	91
84	92
84	93
85	86
85	87
85	88
85	92
85	93
86	88
86	89
86	91
86	93
87	89
87	90
87	91
87	92
87	93
88	89
88	91
88	92
88	93
90	92
90	93
91	92
94	95
94	96
94	97
94	98
94	99
94	101
94	102
94	104
95	97
95	99
95	101
95	103
95	104
96	98
96	100
96	101
96	102
96	103
97	98
97	99
97	100
97	101
97	102
97	103
97	104
98	100
98	101
98	102
98	103
98	104
99	100
99	101
99	102
99	103
99	104
100	101
100	102
100	103
101	102
101	103
102	103
102	104
103	104
