\\ machines
18
\\ max power
180
\\ Jobs in machine 1
12
J1	15	14	44	98	1.7922428151792782
J2	15	14	14	59	1.1579004981114138
J3	16	3	110	39	0.7687878188606891
J4	15	2	6	31	1.6652439205825402
J5	14	9	16	119	1.0538301606997946
J6	14	1	50	4	1.3107232199522392
J7	14	7	32	108	1.6173273107028552
J8	15	10	40	135	0.7643629799343731
J9	15	9	44	80	0.9524536446320153
J10	12	7	63	38	1.0758472117953346
J11	15	1	6	55	1.1983805393300984
J12	14	1	84	27	0.7783797292646415
\\ Jobs in machine 2
11
J13	15	11	9	23	0.900888873797881
J14	14	5	53	127	1.252077440258349
J15	15	14	92	68	2.4216260007886437
J16	14	10	54	135	1.7154464342276512
J17	14	11	74	56	0.35763830006105923
J18	14	5	105	122	1.2226377576322047
J19	14	4	67	25	1.6730166480130597
J20	15	3	16	19	0.9101010538796708
J21	16	2	8	129	1.3174071330600876
J22	15	14	84	42	0.6959026899195084
J23	15	1	3	30	0.6915643210757265
\\ Jobs in machine 3
11
J24	16	12	43	25	1.1407261829642616
J25	15	4	64	21	1.3143480549017217
J26	14	10	42	15	0.7281282366563755
J27	15	5	62	6	0.1
J28	16	11	30	33	1.4351216905109658
J29	14	12	69	3	0.1
J30	14	6	47	35	1.070731384565189
J31	15	7	31	3	1.7416607835955333
J32	14	6	86	50	1.1654395319089574
J33	15	4	70	87	1.114193958324659
J34	14	12	101	74	1.024086706766212
\\ Jobs in machine 4
10
J35	14	6	11	45	0.259876288913519
J36	14	1	72	65	1.2427575618967528
J37	15	2	63	129	1.1242862344137339
J38	14	10	9	86	0.6326363423408884
J39	13	6	49	114	0.55621792587255
J40	15	4	10	72	1.0032533707880837
J41	16	10	38	24	2.0131597935961643
J42	14	11	98	109	1.2415130036705404
J43	15	7	67	110	1.5046589311635568
J44	14	11	100	29	0.1
\\ Jobs in machine 5
10
J45	14	6	103	133	0.8565606289295923
J46	14	10	98	58	0.8963441820038358
J47	15	7	21	51	0.5601198336587997
J48	16	6	73	74	0.8933549421126425
J49	15	1	11	49	0.8401080417372426
J50	15	8	36	2	1.572121258566563
J51	15	2	58	114	0.8143099681213084
J52	16	3	45	89	1.6311117227502625
J53	15	14	49	93	0.8743522481108279
J54	14	9	27	95	1.2195503914463925
\\ Jobs in machine 6
11
J55	16	2	102	129	1.9714574971278707
J56	16	12	31	59	0.7942297586379424
J57	14	13	2	104	1.8558486559184693
J58	15	12	28	109	1.869449939136631
J59	13	4	99	77	1.8515063600308914
J60	15	8	7	65	2.277431631296702
J61	14	13	82	69	1.3121468798653193
J62	14	10	27	65	1.4381441951914977
J63	12	3	55	73	0.568912850004853
J64	14	5	93	80	1.7839808283732521
J65	14	10	66	60	2.0009370837461455
\\ Jobs in machine 7
12
J66	15	3	69	75	1.368789864547682
J67	15	10	59	97	1.0522865849158294
J68	15	3	94	113	0.8514119571847125
J69	15	6	52	28	1.5366909590451665
J70	14	3	68	83	1.5170441212930887
J71	14	7	38	113	1.0298568159197676
J72	15	5	73	16	0.6357621033516221
J73	15	2	77	127	0.6670117373509767
J74	14	2	12	76	1.5054412277421252
J75	14	3	34	3	2.4549089681587866
J76	16	5	98	11	1.954993226509166
J77	15	9	51	111	1.7054789167493698
\\ Jobs in machine 8
10
J78	13	7	11	48	0.921593810438132
J79	14	13	24	129	1.7506505200944806
J80	15	5	51	65	1.8288484464527937
J81	14	1	98	118	1.0161166149138343
J82	14	8	94	28	1.3633202699937794
J83	15	7	87	105	0.5231729528304587
J84	13	4	77	114	2.2550589281786952
J85	15	5	22	42	0.5635502614791534
J86	14	8	105	128	1.2211896349257045
J87	15	9	62	67	1.4910492215335462
\\ Jobs in machine 9
11
J88	12	14	31	116	0.8441272930864924
J89	15	2	46	45	1.5481907716029324
J90	15	9	72	60	1.0751297134490991
J91	16	3	69	52	1.23922471044415
J92	13	12	14	2	1.5375146148731915
J93	14	8	61	30	0.2698973754518612
J94	14	13	15	48	1.4611153630329532
J95	15	13	45	42	0.2767924453453704
J96	14	11	17	114	1.053448889672575
J97	16	9	35	101	1.1524452247798629
J98	16	10	13	115	1.6239490639971483
\\ Jobs in machine 10
11
J99	14	3	26	20	0.9227892506827289
J100	15	9	44	2	0.8372562598879392
J101	15	8	25	5	1.110683570477668
J102	14	1	28	13	1.6138899165961718
J103	14	2	84	127	0.6555522715163493
J104	15	6	30	41	1.5447590877126711
J105	15	14	19	14	1.4767552678261184
J106	14	4	9	130	0.7623965308726453
J107	14	9	9	55	0.9373748963882934
J108	13	7	35	31	1.6129291512067374
J109	14	9	92	16	0.5029525561981135
\\ Jobs in machine 11
11
J110	15	2	85	1	1.2014684201481747
J111	13	7	104	123	0.5872469856364119
J112	13	3	18	120	1.1362367965363882
J113	15	9	12	91	0.9308681913896337
J114	15	11	22	16	1.0566729274570097
J115	14	2	20	124	1.4300910559678792
J116	16	14	45	99	1.3026301802850249
J117	15	6	80	53	1.0614550668820106
J118	12	9	18	89	1.0466046289865414
J119	12	6	55	26	1.0613124210490397
J120	15	3	68	19	0.2228318115843929
\\ Jobs in machine 12
11
J121	13	4	84	51	1.0692655839256233
J122	14	3	103	23	1.4986650501745147
J123	14	7	73	34	2.023551725927283
J124	15	1	106	103	1.6962805402261367
J125	16	9	52	56	1.0366680367460608
J126	16	10	77	23	0.882367023181619
J127	13	7	30	69	1.3974084892334508
J128	15	8	103	38	1.0231979878803619
J129	14	5	4	27	0.7008715645254426
J130	14	1	85	81	1.3036796924184713
J131	16	11	91	28	1.0826811704594614
\\ Jobs in machine 13
10
J132	15	7	4	17	1.2319338853209258
J133	15	6	64	99	0.1
J134	14	6	4	111	0.9010972075547817
J135	13	8	3	126	1.243540094497533
J136	14	10	70	20	1.7941204478256965
J137	15	13	17	9	1.8589589171436236
J138	14	1	49	77	1.225395127083512
J139	15	3	109	134	0.46557551518935036
J140	16	12	27	63	0.8935399553558729
J141	15	5	108	48	0.6886938092358353
\\ Jobs in machine 14
12
J142	15	2	7	27	1.194597684246539
J143	15	13	105	48	1.3181975317338148
J144	13	11	96	105	1.4404501639087313
J145	15	3	46	121	1.5383701724158487
J146	16	6	3	8	2.35115717856259
J147	13	6	66	84	0.8850547847542583
J148	14	4	92	54	1.527380127419147
J149	13	10	107	30	1.6205992193946037
J150	14	12	20	40	1.63836450874524
J151	14	4	64	43	2.13632436668777
J152	13	1	32	66	1.976398167765813
J153	14	13	71	71	1.6672334644271962
\\ Jobs in machine 15
11
J154	14	13	102	13	1.7647523644446401
J155	15	6	49	133	0.9673898487192031
J156	14	9	34	7	1.302421662240332
J157	16	7	24	118	0.9094357154555948
J158	15	12	82	31	1.8542845528274343
J159	14	3	2	55	1.1006569887943911
J160	14	12	50	14	0.656911035589914
J161	13	14	71	3	0.7884467088381177
J162	16	14	84	17	1.3189020226255994
J163	15	5	4	6	1.2241557027001129
J164	14	4	7	133	2.221636803046315
\\ Jobs in machine 16
11
J165	15	3	65	73	0.9362129825501027
J166	16	1	24	31	1.846704427111005
J167	14	7	106	96	2.1764453392151215
J168	14	14	59	54	0.5914503797678984
J169	14	10	107	125	1.6735512133524095
J170	14	1	20	135	1.488692731484796
J171	14	2	70	24	0.6521995569693209
J172	13	12	87	6	0.835497890419274
J173	14	13	89	47	0.2249324923083672
J174	14	6	108	80	0.7489786592376543
J175	14	5	66	30	2.497762911422097
\\ Jobs in machine 17
12
J176	17	5	79	127	2.200535121151314
J177	15	8	79	98	1.0147885514680328
J178	13	2	13	60	2.1332721620110915
J179	16	1	48	96	0.9545642385433242
J180	12	6	13	84	0.8157032734311099
J181	15	3	8	38	0.4720417938115873
J182	15	12	9	69	0.770754812745791
J183	13	1	86	65	0.853487194224292
J184	15	1	81	1	1.4711751835471436
J185	14	14	54	113	1.643006895808548
J186	16	7	106	8	0.807624585025823
J187	14	7	95	129	1.4920262293522843
\\ Jobs in machine 18
11
J188	14	8	93	124	1.1040575179054186
J189	13	10	89	67	1.6760735651635348
J190	16	4	67	102	0.8076617065107925
J191	14	11	85	15	1.401176151578573
J192	12	1	105	89	0.4635258951603288
J193	16	13	97	90	0.9324623263278696
J194	14	8	2	95	1.3429586778725446
J195	13	11	98	4	0.4296513584290407
J196	14	14	63	122	1.4166432410485827
J197	15	4	92	92	1.0091684998073818
J198	13	14	87	27	1.3385698606763912
\\ Dependencies 
689
1	3
1	5
1	6
1	7
1	8
1	10
1	12
2	3
2	4
2	5
2	6
2	8
2	9
2	10
2	11
2	12
3	4
3	5
3	6
3	7
3	8
3	9
3	10
3	11
4	5
4	6
4	7
4	9
4	10
4	11
4	12
5	6
5	7
5	8
5	9
5	10
6	7
6	8
6	9
6	10
6	11
6	12
7	8
7	9
7	10
7	11
7	12
8	9
8	10
9	12
10	11
10	12
11	12
13	14
13	15
13	16
13	17
13	19
13	21
14	16
14	17
14	19
14	20
14	22
14	23
15	16
15	17
15	18
15	19
15	20
15	21
15	22
15	23
16	19
16	22
16	23
17	18
17	21
17	22
17	23
18	19
18	20
18	22
19	22
19	23
20	22
20	23
21	22
22	23
24	26
24	27
24	29
24	30
24	31
24	32
24	33
24	34
25	26
25	27
25	28
25	29
25	30
25	31
25	33
25	34
26	27
26	29
26	30
26	32
26	33
26	34
27	28
27	30
27	32
27	33
28	29
28	31
28	32
28	33
28	34
29	31
29	32
29	33
30	32
30	34
31	32
31	34
32	33
35	36
35	37
35	38
35	39
35	40
35	41
35	43
36	38
36	39
36	40
36	41
36	42
36	44
37	39
37	40
37	43
37	44
38	39
38	40
38	42
39	41
39	42
39	43
39	44
40	41
40	42
40	43
40	44
41	44
42	43
42	44
45	46
45	47
45	48
45	49
45	51
45	52
45	53
46	47
46	48
46	51
46	52
46	53
46	54
47	49
47	50
47	52
47	53
47	54
48	50
48	53
48	54
49	51
49	52
49	54
50	53
50	54
51	52
51	53
51	54
52	53
52	54
53	54
55	57
55	58
55	60
55	61
55	63
55	65
56	58
56	59
56	61
56	62
56	63
56	65
57	58
57	59
57	60
57	64
57	65
58	60
58	61
58	62
58	64
58	65
59	60
59	62
59	64
59	65
60	61
60	63
60	64
60	65
61	64
62	63
62	64
63	65
64	65
66	68
66	69
66	70
66	71
66	72
66	73
66	74
66	75
66	76
66	77
67	68
67	69
67	70
67	71
67	72
67	73
67	75
67	77
68	69
68	71
68	73
68	74
68	76
68	77
69	70
69	71
69	73
69	74
69	75
69	76
69	77
70	71
70	72
70	73
70	74
70	76
71	72
71	74
71	75
71	76
72	75
72	76
72	77
73	74
73	75
73	76
73	77
74	75
74	76
74	77
75	76
76	77
78	80
78	81
78	82
78	83
78	84
78	85
78	87
79	82
79	83
79	86
80	81
80	82
80	83
80	84
80	85
80	86
80	87
81	82
81	83
81	85
82	85
82	86
82	87
83	84
83	85
83	86
84	85
84	86
85	86
85	87
88	89
88	90
88	93
88	94
88	95
88	97
89	90
89	91
89	92
89	94
89	96
89	98
90	91
90	92
90	93
90	94
90	95
90	97
90	98
91	92
91	94
91	95
91	97
92	96
92	97
92	98
93	94
93	97
93	98
94	98
95	96
95	97
96	97
96	98
97	98
99	100
99	101
99	102
99	103
99	105
99	106
99	107
99	108
99	109
100	101
100	102
100	104
100	105
100	107
100	108
100	109
101	102
101	108
101	109
102	103
102	104
102	105
102	107
102	108
104	107
104	108
104	109
105	109
106	108
106	109
107	108
107	109
108	109
110	111
110	113
110	114
110	116
110	117
110	119
110	120
111	113
111	114
111	116
111	117
111	119
112	113
112	114
112	115
112	117
112	119
112	120
113	114
113	115
113	116
113	118
113	119
113	120
114	116
114	117
114	118
114	119
114	120
115	120
116	117
116	118
116	119
116	120
117	118
117	120
118	119
118	120
121	122
121	123
121	124
121	126
121	127
121	131
122	123
122	124
122	125
122	126
122	127
122	129
122	130
122	131
123	124
123	127
123	128
123	129
123	131
124	126
124	127
124	128
124	129
124	130
124	131
125	126
125	128
125	131
126	128
126	129
126	130
126	131
127	128
127	129
127	131
128	130
129	130
132	134
132	135
132	136
132	141
133	134
133	135
133	137
133	138
133	139
133	140
133	141
134	135
134	138
134	139
134	140
134	141
135	136
135	137
135	139
135	141
136	137
136	138
136	139
136	140
137	138
137	139
137	140
137	141
138	139
138	140
138	141
139	140
139	141
140	141
142	143
142	144
142	146
142	147
142	148
142	149
142	150
143	145
143	146
143	147
143	148
143	150
143	152
143	153
144	146
144	147
144	148
144	150
144	151
144	152
144	153
145	147
145	149
145	150
145	151
145	152
146	147
146	148
146	149
146	151
146	152
147	148
147	149
147	150
147	151
147	152
148	150
148	151
148	152
148	153
149	150
149	151
149	152
149	153
150	151
150	152
150	153
151	153
154	155
154	158
154	159
154	161
154	162
155	156
155	158
155	163
156	157
156	158
156	159
156	160
156	161
156	162
156	163
156	164
157	158
157	159
157	160
157	161
157	163
157	164
158	159
158	161
158	163
158	164
159	160
159	161
159	162
160	162
160	163
160	164
161	162
161	163
162	163
162	164
163	164
165	166
165	167
165	168
165	169
165	170
165	171
165	173
165	174
166	167
166	168
166	171
166	172
166	173
166	175
167	169
167	170
167	171
167	172
167	174
168	169
168	170
168	171
168	174
169	171
169	175
170	172
170	173
170	174
170	175
171	172
171	174
171	175
172	173
172	174
174	175
176	178
176	179
176	180
176	181
176	182
176	183
176	185
176	186
177	178
177	180
177	181
177	182
177	183
177	187
178	180
178	182
178	183
178	184
178	186
178	187
179	180
179	183
179	184
179	185
179	186
179	187
180	182
180	183
180	184
180	186
181	182
181	185
181	186
181	187
182	183
182	184
182	185
182	187
183	184
183	187
184	186
184	187
185	187
188	190
188	192
188	193
188	194
188	196
188	197
188	198
189	191
189	193
189	195
189	196
189	197
189	198
190	192
190	193
190	194
190	195
190	196
190	197
190	198
191	192
191	193
191	194
191	195
191	197
192	193
192	195
192	196
192	197
192	198
193	194
193	195
193	196
193	197
193	198
194	197
194	198
195	196
195	198
196	197
196	198
