\\ machines
18
\\ max power
180
\\ Jobs in machine 1
10
J1	16	13	23	7	0.9393530367032967
J2	15	8	24	10	1.7014938046677597
J3	14	4	69	3	0.8283650914656145
J4	15	12	86	16	1.3197683518132435
J5	15	4	68	39	0.9640143620256602
J6	14	10	107	19	0.5665476437147794
J7	15	7	107	17	0.8892425876131864
J8	15	6	80	31	1.0755874661949143
J9	15	3	19	3	0.5812830783536779
J10	14	7	85	32	0.9885310500510929
\\ Jobs in machine 2
11
J11	14	12	52	31	1.2926194909683302
J12	13	14	55	30	1.79414874961688
J13	15	12	50	3	1.770656689851653
J14	14	11	47	44	1.117598325761561
J15	15	5	70	13	1.1985188672412892
J16	13	7	110	24	1.3614537882018805
J17	15	2	94	39	1.2053586287611908
J18	15	10	18	33	0.2348651357271293
J19	17	8	14	2	1.0740515090094698
J20	14	12	27	27	1.7309545978717145
J21	14	13	15	35	1.9506383427098888
\\ Jobs in machine 3
10
J22	14	11	92	39	0.5696984256750094
J23	15	3	102	4	0.1
J24	13	11	87	14	1.6509987174630378
J25	13	7	32	44	2.196734771601881
J26	14	6	92	41	0.8802242408191728
J27	14	11	4	6	1.2297943385456023
J28	13	13	57	4	1.6589209903304796
J29	13	7	97	40	1.4702431104509643
J30	15	6	93	21	1.1319144783186939
J31	14	11	79	11	0.4041707827032671
\\ Jobs in machine 4
13
J32	15	8	92	21	0.716113306795735
J33	15	4	50	9	0.875263645876237
J34	14	7	41	4	0.9671455828168194
J35	17	10	66	14	1.014685442160519
J36	16	10	35	42	0.987366382125172
J37	13	8	93	36	0.7616652987254795
J38	16	13	106	30	0.875215757670583
J39	14	10	82	37	1.1783589499158478
J40	15	4	23	18	2.0434067467402244
J41	16	9	2	43	0.4814369759176521
J42	15	8	46	30	0.7966846964925953
J43	14	10	16	14	1.1907838416399115
J44	14	11	54	9	1.3333848143184737
\\ Jobs in machine 5
12
J45	14	13	37	13	0.6024944395992154
J46	13	1	43	17	0.673658899068379
J47	15	7	63	3	1.217147325514779
J48	15	11	57	18	1.457052557733565
J49	14	2	101	10	1.0711710205592746
J50	15	6	15	39	1.105477775148466
J51	15	12	74	16	1.344611270232662
J52	16	12	60	12	1.0286683862285635
J53	16	12	76	10	2.08869588196374
J54	13	1	14	3	1.3664758588687593
J55	14	4	67	39	1.227835766563715
J56	14	7	43	31	1.231905823995731
\\ Jobs in machine 6
12
J57	15	1	92	5	1.603705168757219
J58	15	6	110	23	1.404966794552018
J59	15	13	52	4	0.8451963881822517
J60	14	9	57	16	0.5588501040807131
J61	17	13	73	5	2.4966953816553237
J62	16	2	107	34	0.29447366895254445
J63	14	13	74	34	1.5644507747784908
J64	16	5	61	37	0.7964536638071247
J65	14	2	61	43	1.0376245138865106
J66	14	10	108	11	1.335699164386538
J67	14	6	38	42	1.2428894741212566
J68	15	3	17	25	0.6374761888654483
\\ Jobs in machine 7
10
J69	15	11	34	10	1.0717401307344518
J70	15	6	98	22	1.3274562936955085
J71	13	2	13	45	1.405292394861881
J72	15	13	30	22	1.038428290907344
J73	17	14	28	29	1.7281757016903294
J74	13	12	43	5	1.042664972636506
J75	16	2	4	8	1.62974436130584
J76	15	2	6	19	1.7699099357496397
J77	14	1	110	27	0.1
J78	13	2	12	29	1.8769330481676434
\\ Jobs in machine 8
10
J79	15	9	49	44	1.0383318318072783
J80	15	13	18	27	0.7860971875066672
J81	14	8	93	13	1.5622608508995692
J82	14	4	31	11	1.945146668179595
J83	14	9	64	40	1.9699991687566158
J84	15	12	31	33	1.1051669321016053
J85	14	1	76	36	1.8109007612669483
J86	13	2	51	9	0.5414748525110884
J87	13	7	98	1	1.5171806879224685
J88	14	2	93	5	1.0499648231520669
\\ Jobs in machine 9
11
J89	14	2	45	45	0.46652434138853827
J90	14	11	49	31	1.4362246376861791
J91	14	2	2	43	0.7815564747798258
J92	13	4	4	31	1.5355640870871625
J93	14	13	52	10	1.3558307319253267
J94	15	5	66	23	1.3967540280892432
J95	13	3	91	12	0.8451340115102698
J96	13	1	99	1	0.3340812774528188
J97	15	2	49	32	0.8963805922383445
J98	14	7	59	38	1.2841359964207089
J99	15	12	100	28	1.3059952359036129
\\ Jobs in machine 10
10
J100	15	3	50	21	0.7137482749324409
J101	15	5	18	45	0.956916075212792
J102	14	3	87	36	1.6358948876502435
J103	13	1	22	41	1.6878996424991723
J104	14	13	64	9	0.7601656141795208
J105	14	3	11	31	1.916639816620726
J106	14	6	75	17	1.4179026761027655
J107	14	4	47	28	1.3481096001182835
J108	13	12	72	21	0.5061874808074353
J109	14	7	98	40	1.2186256744212196
\\ Jobs in machine 11
12
J110	16	8	53	31	0.7472067963495239
J111	14	12	13	7	1.0140646628633052
J112	15	9	54	4	0.31772083046992605
J113	14	10	7	32	1.8860378100248274
J114	13	5	49	26	0.8844391399194131
J115	15	2	84	23	1.6905778161866898
J116	15	7	102	22	0.7609804915821964
J117	14	1	39	11	1.2545767367175558
J118	14	13	88	26	1.4134244814506005
J119	14	13	66	21	0.5040571821548069
J120	13	3	49	25	1.5937092025247863
J121	16	6	63	37	1.0515374984964079
\\ Jobs in machine 12
11
J122	17	5	52	21	1.191437878168093
J123	16	5	30	29	1.0887978030124044
J124	14	9	47	28	0.9762908636947842
J125	16	14	102	18	1.3290821732823526
J126	15	12	91	23	1.6130907633396012
J127	15	14	98	38	1.2599222794111034
J128	13	4	73	12	1.4201801127576208
J129	16	11	85	27	1.4336468585146078
J130	12	2	78	22	1.0579120245294713
J131	14	7	64	8	1.819991290224085
J132	14	4	107	37	1.2134292324638745
\\ Jobs in machine 13
10
J133	15	7	109	19	1.3248314553466625
J134	13	1	105	40	1.3973437313275392
J135	13	14	19	5	1.1901589848426213
J136	16	12	52	21	1.3613830032340621
J137	13	1	71	18	0.1
J138	15	1	49	16	1.081587340329993
J139	15	4	62	12	1.5075777078398984
J140	13	5	27	34	1.8152025917136076
J141	15	5	58	37	1.7468338615331755
J142	15	5	78	42	0.9088897101849764
\\ Jobs in machine 14
10
J143	13	12	94	8	0.32904145579948896
J144	14	11	57	4	1.5098867682127035
J145	15	7	12	7	1.3783951083924542
J146	14	9	105	21	0.1
J147	14	5	40	32	1.481233146053465
J148	15	9	85	19	1.2888729657168858
J149	13	7	65	36	2.5449109185751304
J150	13	10	39	34	1.527170308370443
J151	16	13	73	38	1.094341619784408
J152	15	2	20	19	0.1
\\ Jobs in machine 15
11
J153	14	8	23	27	0.7699360033569219
J154	13	5	12	41	0.8358991348170903
J155	14	6	9	28	1.5810593296594997
J156	15	8	99	43	1.0179947108206853
J157	16	14	85	15	1.3907733087022927
J158	15	1	17	18	1.1106098252455145
J159	16	1	108	23	1.3610010241593429
J160	13	5	105	9	0.3816318675100314
J161	14	2	86	43	1.80605990994882
J162	14	12	60	33	0.7700193068473868
J163	15	5	82	42	0.7661040302124091
\\ Jobs in machine 16
12
J164	16	9	17	13	1.7195778492644913
J165	16	1	75	18	0.5906083127385819
J166	13	1	88	4	1.1211221401107558
J167	15	9	63	32	0.6877958815677255
J168	14	11	52	44	0.45047737309220703
J169	15	4	110	7	0.7500896297893551
J170	16	12	63	3	1.2645459235706051
J171	14	1	46	41	0.382498651458013
J172	16	13	86	5	1.2263699593952802
J173	14	7	76	39	1.0717838367201462
J174	14	7	42	31	2.1702935121740885
J175	15	4	109	32	1.1368039988166587
\\ Jobs in machine 17
11
J176	15	9	39	24	1.8538024805498865
J177	13	4	70	35	0.8091042820807264
J178	15	8	58	43	0.6394028778444609
J179	16	13	58	39	1.9073283632486635
J180	14	7	18	30	1.3037547215207395
J181	15	5	2	11	1.0820795078325551
J182	15	3	55	39	0.38129883469641346
J183	16	5	13	2	0.9234573387605576
J184	15	4	26	42	1.1890973672915999
J185	14	5	21	42	0.997060795423036
J186	15	3	87	35	1.2992461323034845
\\ Jobs in machine 18
12
J187	13	12	43	9	2.648387789808321
J188	13	7	51	34	0.6423055874919205
J189	14	3	9	1	1.6015141322794642
J190	16	1	52	22	0.6090638415632696
J191	16	8	101	23	1.223891703802296
J192	14	10	8	33	2.171502488132083
J193	13	10	87	22	1.254688808599198
J194	16	13	95	20	0.8037422100663283
J195	14	2	10	16	0.8471760739993746
J196	14	5	59	6	0.38240169781514266
J197	15	12	65	6	0.503252207068401
J198	13	3	10	8	0.1
\\ Dependencies 
682
1	2
1	3
1	4
1	5
1	7
1	8
2	3
2	4
2	6
2	7
2	10
3	5
3	6
3	7
3	8
3	9
3	10
4	7
4	8
4	9
4	10
5	6
5	7
5	9
5	10
6	7
6	8
6	10
7	9
8	9
11	12
11	13
11	14
11	15
11	16
11	17
11	18
11	19
11	20
11	21
12	13
12	14
12	18
12	19
12	20
12	21
13	14
13	16
13	17
13	18
13	20
13	21
14	15
14	16
14	19
14	20
15	18
15	19
15	21
16	18
16	19
16	20
16	21
17	18
17	19
17	20
17	21
18	20
18	21
19	20
19	21
20	21
22	23
22	24
22	28
22	29
22	31
23	24
23	25
23	26
23	27
23	29
23	30
24	25
24	26
24	27
24	28
24	29
24	30
24	31
25	27
25	28
25	29
25	31
26	27
26	28
26	29
26	30
27	28
27	29
27	30
27	31
28	29
28	30
28	31
29	30
29	31
32	37
32	39
32	40
32	41
32	43
33	36
33	37
33	38
33	40
33	41
33	43
33	44
34	35
34	36
34	38
34	39
34	41
34	42
34	43
34	44
35	38
35	39
35	40
35	41
35	42
36	37
36	38
36	39
36	40
36	41
36	42
36	43
37	39
37	40
37	41
37	42
37	43
37	44
38	39
38	41
38	42
38	43
39	40
39	41
39	42
39	43
39	44
40	41
40	42
40	43
40	44
41	42
42	43
43	44
45	46
45	49
45	50
45	53
45	54
45	55
46	48
46	49
46	50
46	51
46	54
46	55
46	56
47	48
47	49
47	51
47	52
47	53
47	54
47	56
48	49
48	50
48	51
48	53
48	54
48	55
48	56
49	50
49	51
49	52
49	54
49	55
50	53
50	54
50	55
50	56
51	52
51	53
51	54
52	54
52	55
52	56
53	54
53	55
53	56
54	55
54	56
55	56
57	60
57	61
57	63
57	67
57	68
58	59
58	60
58	61
58	62
58	63
58	64
58	65
58	66
59	60
59	62
59	63
59	65
59	66
59	68
60	61
60	62
60	63
60	64
60	65
60	66
60	67
61	62
61	63
61	64
61	65
61	66
61	67
61	68
62	63
62	64
62	65
62	66
62	67
63	64
63	65
63	67
63	68
64	65
64	66
64	67
65	66
65	67
65	68
69	71
69	72
69	74
69	75
69	76
69	77
69	78
70	71
70	74
70	75
70	76
70	77
70	78
71	72
71	73
71	74
71	75
72	73
72	74
72	75
72	78
73	74
73	75
73	76
74	75
74	76
74	77
75	76
75	77
76	78
77	78
79	81
79	82
79	87
79	88
80	81
80	83
80	84
80	85
80	86
81	82
81	83
81	84
81	85
81	87
81	88
82	83
82	84
82	88
83	84
83	85
83	86
83	88
84	87
84	88
85	86
85	88
86	87
86	88
87	88
89	90
89	91
89	92
89	93
89	94
89	95
89	98
89	99
90	92
90	93
90	94
90	95
90	97
90	98
90	99
91	92
91	93
91	95
91	98
92	94
92	95
92	97
92	98
92	99
93	94
93	95
93	96
93	97
93	98
93	99
94	96
94	97
94	99
95	96
95	97
95	98
96	97
96	98
97	98
97	99
100	101
100	104
100	105
100	106
100	109
101	102
101	103
101	104
101	105
101	106
101	107
102	104
102	105
102	106
102	107
102	108
102	109
103	104
103	107
103	108
104	108
104	109
105	109
106	107
107	108
107	109
110	111
110	112
110	113
110	114
110	115
110	116
110	117
110	118
110	119
110	121
111	114
111	115
111	116
111	117
111	120
111	121
112	113
112	114
112	115
112	116
112	117
112	118
112	121
113	114
113	116
113	117
113	120
113	121
114	116
114	119
114	120
115	117
115	118
115	119
115	120
116	117
116	118
116	119
116	120
117	118
117	121
118	120
118	121
119	120
119	121
122	123
122	125
122	128
122	130
122	131
123	126
123	127
123	129
123	130
123	132
124	126
124	127
124	128
124	130
124	131
125	127
125	129
125	131
126	127
126	129
126	132
127	128
127	130
127	131
127	132
128	129
128	130
128	131
129	130
129	131
129	132
133	134
133	135
133	136
133	137
133	138
133	140
133	141
133	142
134	136
134	137
134	138
134	140
134	142
135	137
135	138
135	139
135	140
135	142
136	137
136	138
136	139
136	140
136	141
137	139
137	140
137	141
137	142
138	139
138	140
138	142
139	140
140	141
140	142
141	142
143	144
143	145
143	146
143	148
143	149
143	151
143	152
144	146
144	147
144	148
144	149
144	150
144	151
144	152
145	146
145	147
145	148
145	149
145	150
146	147
146	148
146	149
146	150
146	151
146	152
147	149
147	151
147	152
148	152
149	150
149	151
149	152
150	151
150	152
151	152
153	154
153	155
153	156
153	157
153	158
153	159
153	161
153	162
153	163
154	156
154	158
154	159
154	161
154	163
155	157
155	158
155	160
155	161
155	163
156	157
156	159
156	163
157	159
157	160
157	161
157	162
157	163
158	161
158	162
158	163
159	161
159	162
160	161
160	162
161	162
161	163
164	165
164	166
164	167
164	168
164	169
164	170
164	171
164	172
164	173
164	175
165	166
165	167
165	171
165	173
165	175
166	167
166	168
166	174
167	168
167	169
167	171
167	174
167	175
168	169
168	171
168	172
168	173
169	170
169	171
169	172
169	173
169	174
170	174
170	175
171	172
171	175
172	173
172	174
174	175
176	177
176	178
176	179
176	180
176	182
176	183
176	184
176	185
177	179
177	180
177	181
177	182
177	183
177	186
178	179
178	180
178	181
178	184
178	186
179	181
179	183
179	184
179	185
179	186
180	185
180	186
181	182
181	183
181	184
181	185
181	186
182	184
182	185
182	186
183	184
184	185
184	186
187	191
187	192
187	193
187	194
187	195
187	196
187	197
188	189
188	193
188	194
188	195
188	196
188	198
189	190
189	193
189	194
189	196
189	197
190	191
190	193
190	194
190	197
191	192
191	194
191	195
191	196
192	193
192	194
192	195
192	196
192	197
192	198
193	194
193	195
193	197
193	198
194	197
194	198
195	197
195	198
196	197
197	198
