\\ machines
6
\\ max power
60
\\ Jobs in machine 1
10
J1	14	4	33	11	1.5857132901003443
J2	14	3	83	10	1.0871966545555207
J3	14	9	53	4	0.6599182484927371
J4	14	12	73	3	1.6376399169692206
J5	15	3	21	9	0.10418142160795085
J6	16	10	68	1	1.5298771202166104
J7	14	7	26	14	1.8271673445295304
J8	15	3	101	12	1.0269756100566998
J9	15	1	27	12	0.9524742464063805
J10	15	7	71	15	0.632188120197862
\\ Jobs in machine 2
10
J11	14	2	48	14	1.1504096497661414
J12	16	1	25	9	1.349599107756326
J13	15	6	42	7	1.8951682572922377
J14	13	12	49	2	1.7692547213616687
J15	16	11	96	9	1.6422025164114176
J16	15	6	73	6	1.4646115150051022
J17	15	6	20	5	0.964782018847242
J18	14	13	27	8	1.8439829337705445
J19	15	2	93	5	0.5972411092909319
J20	14	9	61	8	1.1024667003430408
\\ Jobs in machine 3
11
J21	15	3	94	2	1.9687124994811327
J22	14	7	26	3	1.990171073874138
J23	15	2	73	11	1.4706732350286573
J24	15	12	26	10	1.9402345930566784
J25	15	2	100	15	1.0845665150086115
J26	15	12	50	14	1.9804732071221656
J27	15	13	82	3	1.9746376643476853
J28	15	2	88	14	1.709702870057427
J29	16	9	21	15	0.8269997762773071
J30	16	8	44	4	0.6638148748127701
J31	14	9	13	11	1.608503563239055
\\ Jobs in machine 4
12
J32	14	8	32	8	1.7688546365062365
J33	13	8	69	12	0.9206959397098532
J34	14	11	76	6	1.087713650956856
J35	14	11	32	9	1.579534059131061
J36	14	8	76	8	0.1
J37	15	14	24	14	2.1111950373031694
J38	16	1	8	15	0.6396457842679782
J39	16	2	7	9	1.1219550260302933
J40	15	6	77	8	0.6887148070985086
J41	15	3	57	10	2.010929211818236
J42	13	11	58	6	1.0655163336324016
J43	14	9	102	7	0.1
\\ Jobs in machine 5
13
J44	16	7	58	7	1.1672525574718773
J45	15	7	48	2	1.6741834969740983
J46	16	4	20	9	0.9308650553164549
J47	15	7	89	5	0.37120274217147964
J48	13	12	28	5	1.3030291919466157
J49	15	10	28	14	0.8569354833377801
J50	15	5	40	7	1.7182220011346996
J51	15	3	40	1	1.2650142759265073
J52	14	1	34	3	1.680295871689905
J53	16	8	50	10	1.5063637916158403
J54	15	6	6	2	1.6011962808592997
J55	13	2	6	15	1.1649566015333073
J56	15	4	13	5	1.260884978502087
\\ Jobs in machine 6
13
J57	15	8	20	15	2.542835776744016
J58	13	9	79	4	1.2864172560208464
J59	14	11	78	9	2.001038299385079
J60	15	2	83	10	0.4663560423138392
J61	15	8	22	15	1.0517557691193118
J62	12	3	110	12	0.7361731861188361
J63	13	7	31	11	0.8672565023655721
J64	15	2	94	6	0.8261241633335137
J65	15	5	29	3	1.584748063125251
J66	14	3	26	9	1.0666174997920415
J67	14	11	62	1	1.4780622925048443
J68	14	9	106	6	0.8060102626374648
J69	14	5	22	6	0.2949971965006142
\\ Dependencies 
271
1	2
1	5
1	7
1	9
1	10
2	3
2	5
2	10
3	5
3	8
3	9
3	10
4	5
4	7
4	8
4	9
5	7
5	9
5	10
6	8
6	9
6	10
7	9
7	10
8	9
8	10
9	10
11	12
11	13
11	15
11	16
11	17
11	18
11	19
11	20
12	13
12	14
12	15
12	16
12	17
12	18
12	20
13	15
13	16
13	18
13	19
14	15
14	16
14	17
14	18
14	19
14	20
15	16
15	17
15	18
15	19
15	20
16	17
16	19
16	20
17	18
17	19
17	20
18	20
21	23
21	24
21	25
21	26
21	27
21	29
21	31
22	23
22	24
22	26
22	27
22	29
22	30
22	31
23	24
23	25
23	26
23	27
23	28
23	29
23	31
24	25
24	27
24	28
24	29
24	30
24	31
25	26
25	28
25	29
25	30
26	27
26	29
26	31
27	29
27	30
27	31
28	29
28	30
28	31
32	34
32	35
32	36
32	37
32	38
32	39
32	40
32	42
32	43
33	34
33	35
33	37
33	38
33	39
33	40
33	41
33	42
33	43
34	35
34	36
34	37
34	38
34	39
34	40
34	41
34	42
35	37
35	38
35	41
35	42
35	43
36	37
36	40
36	43
37	38
37	39
37	40
37	41
37	42
37	43
38	39
38	41
38	42
38	43
39	40
39	41
39	42
39	43
40	42
42	43
44	46
44	47
44	49
44	50
44	51
44	52
44	53
44	54
44	55
44	56
45	46
45	51
45	52
45	54
45	56
46	48
46	49
46	50
46	51
46	52
46	53
46	55
46	56
47	48
47	49
47	50
47	51
47	52
47	53
47	54
47	55
47	56
48	50
48	53
48	55
48	56
49	50
49	53
49	54
49	56
50	51
50	52
50	53
50	54
50	55
50	56
51	52
51	53
51	54
51	55
51	56
52	53
52	55
52	56
53	54
53	55
54	55
55	56
57	58
57	60
57	61
57	63
57	64
57	65
57	66
57	67
57	69
58	59
58	60
58	61
58	62
58	63
58	64
58	65
58	66
58	68
58	69
59	60
59	63
59	64
59	65
59	66
59	67
59	68
60	61
60	64
60	65
60	66
60	67
60	69
61	62
61	63
61	64
61	65
61	66
61	67
61	68
62	63
62	64
62	66
62	68
62	69
63	65
63	67
63	68
63	69
64	66
64	69
65	66
65	67
65	68
65	69
66	67
66	68
66	69
67	68
67	69
