\\ machines
10
\\ max power
100
\\ Jobs in machine 1
12
J1	15	10	41	42	1.6206124109386433
J2	16	8	41	31	1.5721458804209756
J3	14	3	85	11	0.892470103909422
J4	14	14	53	36	0.7596026583089488
J5	14	12	61	31	0.5069795627019765
J6	14	10	27	27	1.8356056941321093
J7	15	13	30	35	0.7631556585588108
J8	13	4	69	37	1.8710703197263894
J9	15	10	73	40	1.4261922586988185
J10	13	13	40	30	0.7752882215828515
J11	14	4	35	36	2.6461783140248536
J12	14	3	15	28	0.7112939396276894
\\ Jobs in machine 2
10
J13	14	9	73	16	2.0210171762452744
J14	15	6	27	41	1.8413148355002948
J15	14	13	66	46	1.4400635015373275
J16	14	9	10	40	1.6791893790173096
J17	15	4	9	32	0.5428966905055622
J18	13	5	94	35	0.8490017657495612
J19	13	4	37	8	1.0448295380947588
J20	16	11	92	42	1.2899748279563048
J21	16	4	78	5	0.8618105249961017
J22	14	11	66	6	0.9517672659010408
\\ Jobs in machine 3
11
J23	14	4	93	48	1.4783300081349688
J24	15	7	78	20	2.0199471925711667
J25	16	4	88	42	1.3052744302569808
J26	15	10	58	24	1.1840317573389347
J27	14	14	51	13	1.5230411203590415
J28	14	2	71	29	1.2871545501292951
J29	14	5	47	15	0.4250513823114469
J30	14	8	22	40	1.8804144721074691
J31	14	9	106	9	1.0801728498538619
J32	14	9	44	35	1.3793091636866586
J33	15	13	77	5	1.3602048385227665
\\ Jobs in machine 4
11
J34	14	6	46	6	0.8674724696205525
J35	14	6	41	24	1.1920711358182607
J36	14	13	12	25	0.5600800335490501
J37	13	10	81	49	0.7111468505788539
J38	14	10	6	43	1.0458147403188611
J39	12	7	72	42	0.4807076232957366
J40	14	12	12	17	0.8043185036785894
J41	15	14	78	19	0.696314553421236
J42	14	11	108	21	0.16305996239342457
J43	15	6	18	27	1.4393151615229154
J44	14	9	82	28	1.6337728993830183
\\ Jobs in machine 5
10
J45	15	8	73	22	1.487314322094977
J46	13	12	16	38	0.972828575794971
J47	15	2	93	12	1.5723844632675377
J48	15	5	72	15	1.366886842063225
J49	14	7	64	2	1.5240190600468766
J50	13	7	28	10	1.012029056877946
J51	14	1	97	5	1.3209591467541986
J52	16	1	43	25	1.4554986485929262
J53	15	10	8	48	0.8166383715908863
J54	16	11	42	3	1.9868165324505143
\\ Jobs in machine 6
12
J55	15	4	17	17	2.167850471461687
J56	15	13	58	27	1.4937658349113607
J57	16	2	93	11	1.5028034363495857
J58	13	3	9	14	1.5154777693008152
J59	13	13	27	46	1.887132991856081
J60	14	4	34	4	1.333547414731022
J61	14	9	102	23	1.2777819973918751
J62	15	12	85	17	0.4565994415955088
J63	17	13	16	34	1.5554973237545453
J64	15	2	84	39	0.801944558595023
J65	15	2	74	38	1.612700907198039
J66	14	5	49	1	1.0149750126834451
\\ Jobs in machine 7
12
J67	15	7	54	11	1.249799927482661
J68	15	6	46	6	0.8154683966214074
J69	14	3	98	28	1.037056734088577
J70	16	9	74	9	1.0747775447544643
J71	15	11	82	18	1.6004104242268131
J72	16	3	34	14	1.1523770036458298
J73	16	9	110	4	0.898876138994454
J74	17	9	105	29	1.508688202440253
J75	13	8	65	7	1.3980981018189071
J76	14	3	80	46	0.9172035627171333
J77	15	1	72	36	1.3211975952163293
J78	15	6	32	36	0.5837552576723943
\\ Jobs in machine 8
9
J79	14	10	42	49	0.5779211992579264
J80	15	14	82	38	1.2626084875217591
J81	14	7	78	21	0.5546113199345408
J82	15	14	16	13	1.3093922029255913
J83	14	4	82	32	1.0229766913841032
J84	15	12	2	13	1.836813914557276
J85	14	2	33	40	1.3706690417342229
J86	15	13	63	41	1.3087991011401012
J87	15	3	60	8	1.6755415977952706
\\ Jobs in machine 9
13
J88	13	3	98	1	0.9358618754785273
J89	12	14	91	28	0.8012871778425329
J90	13	6	44	19	1.2219279584634535
J91	14	14	63	19	0.7359633744198983
J92	14	8	79	13	2.120409855324694
J93	14	9	60	42	1.0436809043799242
J94	15	13	6	48	0.9811617862711779
J95	14	12	90	48	0.5780494823181077
J96	16	12	79	43	1.700561895198116
J97	14	10	82	1	1.2358405997803434
J98	15	12	16	25	1.2892648282994839
J99	13	7	86	2	1.6643448298517545
J100	13	8	59	29	1.1924332068274088
\\ Jobs in machine 10
10
J101	15	11	27	35	1.4098820842558168
J102	15	14	10	11	1.2286504286893114
J103	15	12	6	4	1.1401794085612749
J104	13	10	31	30	1.4497622840304032
J105	15	1	83	48	1.2682596412732128
J106	15	6	69	15	1.5911553287831204
J107	14	8	61	21	0.4624144329606207
J108	14	8	25	50	0.5676233066615402
J109	14	14	68	31	0.661046641350864
J110	13	8	20	38	1.7666810993262994
\\ Dependencies 
168
1	6
1	10
1	12
2	3
2	5
2	7
2	8
2	10
2	11
3	4
3	8
3	11
4	7
4	9
4	10
4	12
5	8
5	10
6	8
6	10
7	11
8	10
8	11
8	12
13	14
13	16
14	17
15	16
15	19
15	20
17	20
18	19
18	21
19	20
19	22
21	22
23	29
24	25
24	26
24	28
24	31
24	32
25	27
25	28
25	30
25	31
26	30
26	31
27	31
27	32
27	33
28	29
28	32
29	30
29	33
30	32
31	32
31	33
34	37
35	40
36	37
36	38
36	44
38	42
39	40
40	44
42	43
43	44
45	46
45	47
45	50
45	52
45	53
46	50
46	51
46	52
46	54
47	48
47	49
47	51
48	49
48	52
53	54
55	57
55	59
55	60
55	63
55	64
56	57
56	59
56	60
56	66
57	62
57	65
58	59
58	62
58	64
59	60
59	61
59	65
60	62
60	65
61	64
61	65
61	66
64	65
67	73
67	74
67	77
67	78
68	71
68	73
68	75
69	73
69	74
69	78
70	71
70	74
70	76
70	78
71	76
71	77
73	75
73	77
74	76
79	80
79	83
79	84
80	81
81	82
81	83
81	84
82	86
83	86
85	87
86	87
88	89
88	90
88	97
88	99
88	100
89	90
89	91
89	92
89	93
90	93
90	97
90	100
91	94
91	95
91	97
92	97
92	99
92	100
93	96
93	99
94	99
95	100
96	98
96	100
97	99
102	108
103	104
104	107
105	108
106	107
106	110
107	108
