\\ machines
7
\\ max power
70
\\ Jobs in machine 1
10
J1	14	13	39	27	0.8757258333263821
J2	13	2	60	5	1.485342254153628
J3	14	7	62	34	0.7024752932938912
J4	14	11	40	39	1.7307554547381987
J5	13	7	9	15	0.8925994667415115
J6	15	9	43	28	2.197693376173696
J7	15	4	26	31	1.480921383180984
J8	13	8	39	37	0.9196675908063763
J9	14	3	105	20	1.0980350839171162
J10	14	9	7	42	0.38354863825176433
\\ Jobs in machine 2
10
J11	17	13	96	2	1.9266836117992723
J12	16	5	23	25	0.15083738888981935
J13	15	14	14	26	1.1275044645152532
J14	17	12	39	14	1.7910991616423493
J15	14	5	24	24	0.7833804869479898
J16	14	8	57	5	1.5388786344799936
J17	14	12	58	25	1.8161902394683862
J18	15	11	94	33	0.7417755444852807
J19	15	3	24	11	1.3485964078363704
J20	14	8	85	53	1.2658264779479733
\\ Jobs in machine 3
10
J21	13	2	55	13	1.4640623847072134
J22	15	8	62	6	2.152989220953667
J23	15	8	6	31	1.2838182250644594
J24	14	7	56	34	0.9056066674353471
J25	14	1	33	1	1.9407193361335167
J26	14	2	49	46	1.6643118566628905
J27	13	4	29	30	1.2139094089898763
J28	15	4	57	7	0.8767515135384992
J29	14	8	61	51	1.0742348438325249
J30	14	7	26	27	0.6366411794365359
\\ Jobs in machine 4
12
J31	15	11	2	25	1.165674416195129
J32	15	3	55	38	1.0683212690342823
J33	15	8	49	44	1.2489645764781427
J34	14	14	98	31	0.7899326789302811
J35	14	10	67	41	1.9086928194071575
J36	15	3	12	12	0.6481950198489929
J37	15	1	17	37	1.4049159544263805
J38	14	3	48	42	1.586657749738857
J39	15	8	5	31	0.7579351006701138
J40	16	6	52	42	0.7152549555367134
J41	15	7	73	30	0.9416797855213983
J42	14	6	52	24	0.8401456548550793
\\ Jobs in machine 5
11
J43	16	11	109	21	1.2443272717522185
J44	15	9	28	3	1.7319778458316915
J45	13	1	97	2	1.2718994746597705
J46	15	4	40	7	1.4395939003970342
J47	16	4	82	3	1.0596748953265878
J48	14	10	74	40	1.2404686719953126
J49	12	14	71	47	1.5304393457228334
J50	13	7	66	15	1.1492640773795046
J51	16	1	19	43	1.2463606448486757
J52	13	2	31	22	1.7678228674760765
J53	15	12	39	15	1.6833644882588052
\\ Jobs in machine 6
11
J54	15	13	66	33	0.1
J55	14	1	20	37	0.6141506296320735
J56	13	10	83	14	1.945312616504653
J57	14	10	83	32	0.1
J58	15	8	27	39	1.5573810261852004
J59	14	11	90	43	2.0401861451570333
J60	15	5	16	17	1.6443115318042705
J61	15	9	84	3	1.1083305588184362
J62	14	13	89	16	1.4204647345472128
J63	15	14	43	47	0.9520019740191237
J64	16	5	8	24	1.2355790265161293
\\ Jobs in machine 7
11
J65	14	11	62	20	1.7503790586720243
J66	15	5	33	24	0.7000618735540394
J67	14	12	10	24	0.21406801351912685
J68	16	10	62	4	0.3841012560511201
J69	16	8	70	26	1.5095691217422473
J70	16	2	72	44	2.111036492130327
J71	13	8	30	40	1.540388014769631
J72	14	12	104	22	0.9533946431000935
J73	15	8	100	43	1.5359463315039656
J74	14	9	36	20	1.7429367445011472
J75	17	9	105	23	0.3448182167904541
\\ Dependencies 
81
1	2
1	3
1	8
3	5
3	8
3	10
4	5
4	8
4	9
5	7
6	10
11	15
11	20
13	14
13	19
17	19
18	19
21	24
23	28
24	28
24	30
26	27
31	32
31	33
31	36
31	37
31	41
32	39
33	35
34	36
34	39
35	39
35	42
36	37
36	38
36	39
37	39
37	40
37	41
39	40
40	42
43	44
43	46
43	47
43	48
43	52
44	45
44	46
44	48
45	48
45	49
45	51
45	52
46	47
46	49
46	52
46	53
47	48
49	53
54	58
54	64
55	57
55	64
56	59
56	62
58	61
60	61
60	62
61	62
61	64
65	66
65	70
65	72
65	75
66	68
66	71
67	73
68	73
69	75
70	72
74	75
