\\ machines
18
\\ max power
180
\\ Jobs in machine 1
12
J1	14	12	13	59	0.8111109925247386
J2	14	2	72	89	1.2494466095699979
J3	15	1	58	69	0.1
J4	14	5	59	53	0.6422628936451564
J5	17	14	47	9	1.5501430343583396
J6	14	3	88	35	1.656161304997179
J7	15	10	96	50	1.9424076253927405
J8	14	9	43	33	0.16582542695729763
J9	15	8	2	132	1.0039198724058054
J10	14	6	76	129	1.2521577058798425
J11	15	12	77	100	2.1215235069842096
J12	14	12	6	34	0.8852362266366136
\\ Jobs in machine 2
12
J13	13	5	98	99	0.15963783480037974
J14	14	8	57	29	1.369980542729268
J15	14	9	86	82	0.7335048639302522
J16	14	8	14	114	1.8144267585546983
J17	16	8	35	7	0.3468287874706275
J18	14	10	84	73	1.3115353110763919
J19	14	11	97	101	0.21986196364124744
J20	14	2	96	112	1.2314562752726756
J21	16	10	71	50	0.1
J22	13	10	14	93	1.0860847921415422
J23	14	6	10	57	0.8029039114163601
J24	14	7	28	27	0.33643873081217635
\\ Jobs in machine 3
10
J25	16	14	49	94	1.1991863674867358
J26	15	14	25	45	0.8585812969098017
J27	15	6	3	135	1.4630059968764024
J28	14	7	42	109	0.7139265606276373
J29	16	14	109	21	0.8432452700265134
J30	15	9	42	95	1.232998515054198
J31	14	7	19	45	1.5377826689982723
J32	15	2	70	60	1.6042565951843324
J33	14	12	29	12	0.7867998742427003
J34	14	9	90	93	0.6819894249881908
\\ Jobs in machine 4
14
J35	15	2	48	43	1.588093716904119
J36	15	5	82	42	0.5107222740355075
J37	14	4	52	33	0.8338475228396813
J38	14	4	68	120	0.22930141068138465
J39	16	14	105	11	0.9391123381949795
J40	14	11	50	99	0.7103868103632325
J41	14	2	103	60	0.8650804474747096
J42	14	6	101	70	0.7902180543940522
J43	14	3	77	68	1.7261064040317895
J44	16	12	60	18	1.6852872724461994
J45	15	1	33	89	1.5698110489528334
J46	15	10	104	17	0.9687970288365159
J47	16	13	57	30	0.535282620043149
J48	15	1	16	44	0.9359162703247276
\\ Jobs in machine 5
11
J49	16	6	108	110	0.9570800495616509
J50	14	14	9	20	1.8666635235659963
J51	15	14	98	74	1.668608240334225
J52	16	12	49	46	0.8152501493938815
J53	15	10	42	95	1.0467201199052432
J54	15	5	43	64	1.4066734928560547
J55	14	7	8	95	0.9443740159760641
J56	13	4	90	78	0.4089875458930523
J57	15	2	32	120	0.7643461535591038
J58	14	9	69	116	0.595331325169658
J59	14	8	59	82	1.3437950677199422
\\ Jobs in machine 6
12
J60	13	7	59	55	1.080656033321704
J61	14	4	60	39	2.885085836910946
J62	14	10	49	127	2.0798881335797375
J63	14	14	101	105	1.4830172507675903
J64	16	8	55	127	1.6915075728081983
J65	13	4	25	23	1.219524665899257
J66	15	14	44	85	0.8989647579319533
J67	14	6	66	108	0.8470427660836071
J68	17	4	39	53	1.2121894823192654
J69	16	6	15	86	1.4271187157663163
J70	15	1	101	4	1.3217763818564385
J71	13	10	27	110	1.054819489822334
\\ Jobs in machine 7
12
J72	15	2	94	42	1.496675947612406
J73	15	14	31	31	0.6966625724448279
J74	15	1	43	121	1.7974665546892714
J75	16	7	79	108	1.1916223607866752
J76	15	6	67	114	1.9274974034418992
J77	14	2	39	117	1.0642921560463665
J78	15	8	57	74	0.8379850111012719
J79	16	12	84	15	1.8926614349443645
J80	16	10	75	36	0.1
J81	14	8	52	22	1.094802925321519
J82	14	11	12	76	1.0519439252008866
J83	15	11	15	72	1.4767596332037052
\\ Jobs in machine 8
12
J84	15	3	109	55	0.6193287974377486
J85	16	2	110	6	1.0697487728431418
J86	14	3	32	68	1.1785044779510254
J87	14	11	71	52	0.38211875594413736
J88	14	7	98	92	1.042743536624303
J89	14	10	68	66	2.064158094669013
J90	13	14	43	98	0.15187906861616618
J91	14	13	69	110	0.5052967737552694
J92	15	3	61	69	0.5350382538431805
J93	15	11	37	110	1.5216145467481337
J94	14	6	110	41	1.3813946479981354
J95	13	11	50	83	1.8571008485036313
\\ Jobs in machine 9
11
J96	14	7	18	69	1.49309378232813
J97	13	12	74	11	0.1
J98	15	7	110	33	0.3432547408646507
J99	15	9	28	72	1.2993033566945122
J100	15	14	95	92	2.0689127316389535
J101	15	8	18	107	1.089950228954897
J102	16	7	41	42	0.9103296366799437
J103	15	14	86	69	1.4187337616140012
J104	15	10	103	107	1.3289964140227397
J105	14	10	104	118	0.6532660172298173
J106	15	4	22	82	0.5688380662934616
\\ Jobs in machine 10
11
J107	15	6	33	47	1.2676978465280389
J108	14	6	67	88	0.983816555575055
J109	15	11	107	4	0.2254682634131162
J110	15	8	72	72	0.42210686051619617
J111	15	9	28	73	1.7389383816205124
J112	15	12	90	57	0.8251878375840436
J113	15	2	37	64	1.480205863036865
J114	14	1	102	98	1.6432013426176244
J115	15	2	50	82	0.27477871942576304
J116	16	6	29	102	1.2005239215512487
J117	15	11	66	92	2.3244772054824905
\\ Jobs in machine 11
11
J118	16	4	91	52	1.431854104112237
J119	15	6	36	47	1.2267544557760475
J120	15	5	35	101	1.476247555073006
J121	16	2	86	51	0.8307324707152461
J122	14	12	46	48	2.0041411185711553
J123	14	12	97	93	1.6685798795796734
J124	14	1	34	23	0.4712112990176226
J125	16	2	70	121	0.1
J126	16	14	93	61	0.7546277328017988
J127	15	6	24	64	1.0533343713028644
J128	14	4	4	27	0.9958205814501072
\\ Jobs in machine 12
11
J129	15	13	54	35	1.363283299755692
J130	16	10	98	121	1.4740495029983491
J131	13	13	21	17	0.8630014804358737
J132	13	7	95	55	1.3721471107799776
J133	13	1	7	7	1.0244442292379288
J134	16	8	49	54	1.5944963022736367
J135	13	12	92	133	1.5162020994805636
J136	16	1	47	48	0.9883250396009955
J137	14	4	7	88	1.6142064061815733
J138	15	9	13	127	0.6955023070600502
J139	14	7	36	85	0.9724926644887686
\\ Jobs in machine 13
10
J140	14	3	32	60	0.8250767257945673
J141	14	1	15	46	2.0116555231806834
J142	16	13	97	57	1.1962841195117102
J143	16	8	75	135	1.2347001168578968
J144	15	11	84	98	0.6635209868661694
J145	15	8	32	35	1.2613894470674194
J146	13	12	66	57	1.289320059366833
J147	16	6	4	6	0.8697333256118258
J148	14	1	51	89	1.8506149339940041
J149	14	2	72	97	0.5525208035269784
\\ Jobs in machine 14
14
J150	14	11	65	17	1.741567551246809
J151	13	11	35	108	0.9401003804943775
J152	15	14	14	16	1.4729337012595114
J153	14	3	19	86	1.3226011479337474
J154	13	11	58	86	2.042806843871893
J155	13	7	7	88	0.1
J156	14	1	15	43	1.112897890859918
J157	15	8	41	11	0.5871086631234999
J158	15	4	23	17	1.3313444999724715
J159	15	8	72	85	1.4797205122965567
J160	15	10	51	106	1.2729938210763623
J161	14	14	64	119	0.9520225319784495
J162	13	2	97	32	1.573951819060038
J163	14	3	52	82	0.9928105560648146
\\ Jobs in machine 15
12
J164	14	12	19	42	0.9952101790343675
J165	14	13	25	79	0.7485115438428894
J166	14	9	49	96	0.7592104278469619
J167	14	9	17	119	0.9971019975359618
J168	15	3	43	25	1.101043250472336
J169	16	9	63	75	0.9144716725560957
J170	14	5	15	80	1.6223871072860534
J171	17	6	84	1	1.4151711672043954
J172	15	11	31	3	1.8888408647346515
J173	14	12	32	4	0.1415016092330008
J174	14	12	4	68	1.0062825208025858
J175	15	9	93	22	0.8002199062204441
\\ Jobs in machine 16
11
J176	14	13	19	129	1.4904828261786496
J177	16	8	36	120	1.6864025499152044
J178	14	9	81	113	1.284096341276335
J179	14	9	76	28	0.12906725592341672
J180	14	2	61	87	0.488272431554023
J181	14	1	59	4	1.7287836938287466
J182	15	9	47	106	0.6083376277375728
J183	14	2	80	126	1.2628582076459338
J184	14	13	17	120	1.4718738692412896
J185	12	7	48	55	1.1255488300257068
J186	16	11	68	26	0.17403129694964647
\\ Jobs in machine 17
11
J187	13	10	50	39	1.0860724991379986
J188	14	14	104	9	1.6649207407067192
J189	15	4	75	64	0.8519940786275653
J190	16	13	5	135	1.3543074997155393
J191	15	9	9	74	1.6596051904579494
J192	17	1	68	1	1.9460735349254619
J193	13	14	50	97	0.31705660366044897
J194	14	7	18	56	1.562261777073629
J195	13	5	54	53	1.165445599524056
J196	14	1	94	90	0.5361564588312459
J197	15	6	25	79	0.6994979257831327
\\ Jobs in machine 18
11
J198	13	9	30	109	1.175867138205515
J199	15	2	107	82	0.7586840959731289
J200	15	4	58	119	0.1
J201	14	1	40	91	1.3930655755775565
J202	13	2	88	68	1.0926619506313462
J203	14	2	88	134	1.0392097053734475
J204	14	11	45	42	0.7901695874836707
J205	14	5	96	113	0.9677201167476102
J206	13	4	11	108	2.008209342766604
J207	15	5	43	93	1.0549828737030897
J208	15	13	36	128	0.8506793125582524
\\ Dependencies 
983
1	3
1	4
1	5
1	6
1	7
1	8
1	9
1	11
1	12
2	3
2	4
2	5
2	7
2	8
2	9
2	10
2	11
2	12
3	4
3	5
3	6
3	7
3	8
3	9
3	10
3	11
3	12
4	5
4	7
4	8
4	9
4	10
4	11
4	12
5	6
5	7
5	8
5	9
5	10
5	11
5	12
6	7
6	8
6	9
6	11
6	12
7	8
7	9
7	10
7	11
8	9
8	10
8	12
9	10
9	11
9	12
10	12
11	12
13	16
13	17
13	18
13	20
13	21
13	22
13	23
13	24
14	15
14	16
14	17
14	18
14	19
14	20
14	21
14	22
14	23
14	24
15	16
15	17
15	19
15	20
15	21
15	22
15	23
15	24
16	17
16	18
16	20
16	21
16	22
16	23
16	24
17	18
17	19
17	21
17	22
17	23
17	24
18	20
18	21
18	22
18	23
18	24
19	20
19	21
19	22
19	23
19	24
20	21
20	22
20	24
21	22
21	23
21	24
22	23
23	24
25	26
25	27
25	28
25	29
25	30
25	31
25	32
25	34
26	27
26	28
26	29
26	30
26	31
26	32
26	34
27	28
27	29
27	30
27	31
27	32
27	33
27	34
28	29
28	30
28	31
28	32
28	33
28	34
29	30
29	31
29	32
29	33
29	34
30	31
30	32
30	33
30	34
31	32
31	34
32	33
33	34
35	36
35	37
35	38
35	39
35	40
35	41
35	42
35	43
35	44
35	45
35	46
35	47
35	48
36	37
36	38
36	39
36	40
36	41
36	42
36	43
36	44
36	45
36	46
36	47
36	48
37	38
37	40
37	41
37	42
37	43
37	44
37	45
37	46
37	47
37	48
38	39
38	40
38	41
38	42
38	43
38	44
38	45
38	46
38	47
38	48
39	40
39	41
39	42
39	43
39	44
39	45
39	46
39	48
40	42
40	43
40	45
40	46
40	47
40	48
41	42
41	43
41	44
41	45
41	46
41	47
41	48
42	43
42	45
42	47
43	44
43	45
43	46
43	47
43	48
44	45
44	46
45	46
45	47
46	47
46	48
47	48
49	50
49	51
49	52
49	53
49	54
49	55
49	56
49	57
49	59
50	51
50	52
50	53
50	54
50	55
50	56
50	57
50	58
50	59
51	52
51	53
51	56
51	57
51	58
51	59
52	53
52	54
52	56
52	57
52	58
53	54
53	56
53	57
53	58
53	59
54	55
54	56
54	57
54	58
54	59
55	56
55	57
55	58
55	59
56	57
56	58
56	59
57	58
58	59
60	61
60	62
60	63
60	64
60	65
60	66
60	67
60	68
60	69
60	70
60	71
61	62
61	63
61	64
61	67
61	68
61	69
61	70
61	71
62	63
62	64
62	65
62	66
62	67
62	68
62	69
62	70
62	71
63	64
63	65
63	66
63	67
63	68
63	70
63	71
64	65
64	66
64	67
64	68
64	69
64	70
64	71
65	66
65	67
65	68
65	69
65	70
66	67
66	69
66	70
66	71
67	68
67	69
67	70
68	69
68	70
68	71
69	70
70	71
72	74
72	75
72	76
72	78
72	79
72	80
72	81
72	82
72	83
73	74
73	75
73	76
73	77
73	78
73	79
73	80
73	81
73	83
74	75
74	76
74	77
74	78
74	79
74	80
74	81
74	82
74	83
75	76
75	77
75	78
75	79
75	80
75	81
75	82
75	83
76	77
76	78
76	79
76	80
76	81
76	82
76	83
77	78
77	79
77	80
77	81
77	82
77	83
78	79
78	80
78	81
78	82
78	83
79	80
79	81
79	82
79	83
80	81
80	82
80	83
81	83
82	83
84	85
84	86
84	87
84	88
84	89
84	91
84	92
84	93
84	95
85	87
85	89
85	90
85	91
85	93
85	94
85	95
86	87
86	88
86	89
86	90
86	91
86	92
86	94
86	95
87	89
87	90
87	91
87	92
87	93
87	94
87	95
88	89
88	90
88	91
88	92
88	93
88	94
88	95
89	90
89	92
89	93
89	94
89	95
90	91
90	92
90	94
90	95
91	92
91	93
91	94
91	95
92	93
92	94
92	95
93	94
93	95
94	95
96	97
96	98
96	99
96	100
96	101
96	102
96	103
96	104
96	105
97	98
97	99
97	100
97	102
97	104
97	105
97	106
98	99
98	100
98	101
98	102
98	103
98	104
98	105
98	106
99	101
99	102
99	103
99	104
99	105
99	106
100	101
100	102
100	103
100	104
100	105
100	106
101	102
101	103
101	104
101	105
101	106
102	103
102	104
102	106
103	104
103	105
103	106
104	105
104	106
107	108
107	110
107	111
107	112
107	113
107	114
107	116
107	117
108	110
108	111
108	112
108	113
108	114
108	115
108	116
108	117
109	110
109	111
109	112
109	113
109	114
109	115
109	116
109	117
110	111
110	112
110	113
110	114
110	115
110	116
110	117
111	112
111	113
111	114
111	115
111	116
111	117
112	113
112	114
112	115
112	117
113	114
113	115
113	116
113	117
114	115
114	116
114	117
115	116
115	117
116	117
118	119
118	120
118	121
118	122
118	123
118	124
118	125
118	126
118	127
119	120
119	121
119	122
119	123
119	124
119	125
119	126
119	127
119	128
120	121
120	122
120	123
120	124
120	125
120	126
120	127
120	128
121	122
121	123
121	124
121	125
121	126
121	127
121	128
122	123
122	124
122	125
122	126
122	127
122	128
123	125
123	126
123	127
123	128
124	125
124	126
124	127
124	128
125	126
125	127
125	128
126	127
126	128
129	130
129	131
129	132
129	133
129	134
129	135
129	136
129	137
129	138
129	139
130	131
130	132
130	133
130	134
130	135
130	136
130	137
130	138
130	139
131	132
131	133
131	135
131	137
131	138
131	139
132	133
132	135
132	136
132	138
132	139
133	135
133	136
133	137
133	138
133	139
134	137
134	138
134	139
135	136
135	137
135	138
136	137
136	138
136	139
137	138
137	139
138	139
140	141
140	142
140	143
140	144
140	145
140	146
140	147
140	149
141	142
141	144
141	145
141	146
141	147
141	148
141	149
142	143
142	144
142	145
142	147
142	148
142	149
143	144
143	145
143	146
143	147
143	148
143	149
144	145
144	146
144	147
144	148
144	149
145	147
145	148
145	149
146	148
146	149
147	148
147	149
148	149
150	151
150	152
150	153
150	154
150	155
150	156
150	157
150	159
150	161
150	163
151	152
151	153
151	154
151	155
151	156
151	157
151	158
151	159
151	160
151	161
151	163
152	153
152	154
152	155
152	156
152	157
152	158
152	159
152	160
152	161
152	162
152	163
153	154
153	155
153	157
153	158
153	159
153	160
153	161
153	162
153	163
154	155
154	156
154	157
154	159
154	160
154	161
154	162
154	163
155	156
155	157
155	158
155	159
155	160
155	161
155	162
155	163
156	157
156	158
156	159
156	160
156	161
156	162
156	163
157	158
157	159
157	160
157	161
157	162
158	159
158	160
158	161
158	162
158	163
159	160
159	161
159	162
159	163
160	162
160	163
161	162
161	163
162	163
164	165
164	166
164	167
164	169
164	170
164	171
164	172
164	173
164	174
165	166
165	167
165	168
165	169
165	170
165	171
165	173
165	174
165	175
166	167
166	168
166	169
166	170
166	171
166	173
166	174
166	175
167	168
167	169
167	170
167	171
167	172
167	173
167	174
167	175
168	169
168	170
168	171
168	172
168	173
168	174
169	170
169	171
169	172
169	173
169	174
169	175
170	171
170	172
170	173
170	174
170	175
171	172
172	173
172	174
172	175
173	174
173	175
174	175
176	177
176	178
176	179
176	181
176	182
176	184
176	185
176	186
177	178
177	179
177	180
177	181
177	182
177	183
177	184
177	185
177	186
178	179
178	180
178	182
178	183
178	184
178	185
178	186
179	180
179	182
179	183
179	185
179	186
180	181
180	182
180	183
180	184
180	185
180	186
181	182
181	183
181	184
181	185
181	186
182	183
182	184
182	185
182	186
183	184
183	185
183	186
184	185
184	186
185	186
187	188
187	189
187	190
187	191
187	192
187	193
187	194
187	196
188	189
188	190
188	191
188	192
188	193
188	194
188	196
188	197
189	190
189	192
189	193
189	194
189	195
189	196
189	197
190	191
190	192
190	193
190	194
190	195
190	196
190	197
191	192
191	193
191	194
191	195
192	194
192	196
193	195
193	197
194	195
194	196
194	197
195	197
196	197
198	199
198	200
198	201
198	202
198	203
198	204
198	205
198	206
198	207
199	201
199	202
199	203
199	204
199	205
199	207
199	208
200	201
200	202
200	203
200	205
200	206
200	208
201	202
201	203
201	204
201	205
201	206
201	207
201	208
202	203
202	205
202	206
202	207
202	208
203	205
203	206
203	207
203	208
204	205
204	206
204	207
204	208
205	206
205	207
205	208
206	207
207	208
