\\ machines
12
\\ max power
120
\\ Jobs in machine 1
12
J1	15	3	48	3	2.04513480526547
J2	15	12	106	12	1.2633368503700564
J3	15	4	74	88	1.9259327321142514
J4	15	10	72	49	1.5259787897442436
J5	16	3	17	90	1.5338989901823485
J6	15	2	9	73	1.0557719829335273
J7	15	6	13	50	1.5037994917860242
J8	15	13	87	64	0.7655394107432797
J9	14	13	37	58	0.971005685071342
J10	15	11	38	59	0.8465530740369794
J11	16	1	59	68	1.022533000216361
J12	14	10	6	80	1.4870984825213551
\\ Jobs in machine 2
12
J13	15	4	57	7	0.7621878782418674
J14	15	11	92	29	1.4694650833241925
J15	14	14	20	19	1.4342990368741166
J16	17	6	7	25	1.4890800764713812
J17	12	10	72	81	0.3575577483275134
J18	13	10	71	76	1.4384462303844838
J19	14	4	99	38	1.0183845170447485
J20	15	6	56	65	1.574365226724601
J21	14	1	82	65	1.450799863314247
J22	15	4	33	35	1.6026434224211943
J23	13	12	41	84	1.6703644171310783
J24	13	9	98	4	0.5265814035310897
\\ Jobs in machine 3
12
J25	14	12	69	15	2.2544672753839228
J26	13	8	27	77	1.0953168792811678
J27	14	8	29	20	1.0426994343459999
J28	15	8	32	1	1.236803863706306
J29	14	10	55	11	0.5139218148102135
J30	15	10	81	83	1.2438006976082605
J31	14	10	106	76	0.784256114605839
J32	17	8	64	48	1.4829354385750053
J33	15	13	24	32	1.6503582765830047
J34	13	10	63	67	1.2409921263790988
J35	15	8	95	54	1.3401420433032
J36	15	5	99	9	1.379879851714452
\\ Jobs in machine 4
11
J37	14	10	96	84	1.6058752095896152
J38	14	11	7	43	1.7539165784403474
J39	14	11	38	41	0.5808851282120459
J40	15	3	82	6	0.2537395217702154
J41	14	12	97	17	1.2481982711996007
J42	16	5	94	70	1.2200370829296914
J43	15	5	47	60	2.1015504826385563
J44	13	9	19	33	1.507991214523599
J45	15	14	59	45	1.0977172192876257
J46	14	9	37	63	1.1344407644521677
J47	16	6	7	74	1.4179690314688465
\\ Jobs in machine 5
12
J48	14	8	59	67	1.4329397938152915
J49	13	1	89	41	2.4654769612301397
J50	16	9	96	78	1.9086276602662573
J51	14	11	77	33	1.544487259878342
J52	15	11	107	61	1.403104225225401
J53	14	4	24	9	2.159376851174728
J54	16	8	107	50	1.3941540966634867
J55	15	11	25	1	2.7153441904284206
J56	15	1	21	72	0.7027695707384849
J57	15	5	29	7	0.9927960592211464
J58	16	7	73	87	0.8437496513775273
J59	17	10	35	12	0.714652229553816
\\ Jobs in machine 6
10
J60	15	14	85	3	1.3300460193471488
J61	14	8	64	37	0.25442316458048153
J62	14	10	69	13	1.8000614232005565
J63	15	11	45	73	1.5873550888864485
J64	14	8	50	19	0.6437940154952979
J65	14	7	23	88	0.9243859846749134
J66	15	12	38	30	2.232650647115194
J67	15	12	79	16	2.1014873402824623
J68	15	4	6	49	1.5319328166251334
J69	14	2	28	33	1.6600162992480905
\\ Jobs in machine 7
11
J70	14	5	18	1	1.2839787220304058
J71	15	4	103	34	1.4352090552171333
J72	15	10	4	19	0.9555250562079775
J73	14	6	75	58	0.1
J74	16	4	61	24	1.0750151890419128
J75	14	2	8	89	1.735516068897498
J76	14	14	19	36	2.195447245678558
J77	14	13	49	14	1.8143701834481565
J78	14	10	73	41	1.6411742384770216
J79	15	11	45	86	0.8498243083529119
J80	16	12	79	15	0.5711013853683553
\\ Jobs in machine 8
13
J81	12	8	46	58	0.9803183812460119
J82	16	12	88	84	0.9232703859571776
J83	14	11	4	12	1.9198045401998813
J84	14	2	64	63	1.382937046004109
J85	15	7	82	4	1.5426559366861134
J86	14	9	49	80	1.8269446273950365
J87	13	9	80	26	0.5896745872296805
J88	16	3	104	58	0.8311006694240812
J89	15	5	78	52	1.8822459720650733
J90	15	2	53	42	1.0027675937799438
J91	13	13	93	67	1.2601926037549698
J92	13	10	10	83	0.42832985485546293
J93	14	14	95	54	1.19716864583241
\\ Jobs in machine 9
11
J94	14	13	4	34	0.8374110567387028
J95	15	5	49	88	0.7224942729367517
J96	15	1	98	68	1.2570750033007327
J97	14	6	105	36	1.4941158854257608
J98	15	2	7	72	1.9766098480043863
J99	14	8	24	31	1.4780802073271357
J100	14	12	68	63	1.577910403665404
J101	17	10	102	62	0.600229208131737
J102	14	7	50	39	0.9282144893897524
J103	14	6	48	85	1.9089131857246324
J104	13	8	10	5	0.8670920908232244
\\ Jobs in machine 10
11
J105	17	11	55	67	0.9971448621796748
J106	15	11	58	36	1.3937704875558539
J107	12	5	59	46	1.5182161834028574
J108	15	5	45	11	1.4276754386749162
J109	16	2	27	1	0.9061864082024145
J110	14	5	70	1	1.4037163829720634
J111	15	13	3	71	1.6349988462075897
J112	15	6	7	58	1.210852096439239
J113	15	4	105	9	1.347517905320732
J114	14	11	27	55	0.8381691293617707
J115	15	9	101	4	0.6530213138748098
\\ Jobs in machine 11
11
J116	14	5	61	8	0.25977473508546634
J117	15	14	13	73	1.3115920931477252
J118	14	6	40	21	1.8976201456681305
J119	13	7	72	45	1.4461041482061743
J120	14	10	84	22	2.2778428373419137
J121	13	7	72	81	0.5453578249526584
J122	16	2	61	23	1.4927816819667497
J123	14	7	56	72	1.4864328302665137
J124	14	14	25	4	2.2045569847594106
J125	14	14	19	36	0.9540216252674992
J126	16	8	100	57	0.673979314579376
\\ Jobs in machine 12
11
J127	17	4	16	36	1.1967848907419518
J128	17	2	11	30	2.2568359662786435
J129	14	9	45	50	1.833002999245444
J130	13	10	102	44	1.1513040720336976
J131	14	5	60	79	2.16828063328612
J132	16	5	57	81	1.0614937463913847
J133	15	11	44	71	1.8066473003075088
J134	14	13	46	33	1.371811712362463
J135	16	8	35	14	0.33747442860275356
J136	15	1	27	46	1.017456796413743
J137	15	11	105	11	0.8949910731928608
\\ Dependencies 
633
1	2
1	3
1	4
1	5
1	6
1	7
1	8
1	9
1	10
1	11
2	3
2	4
2	5
2	7
2	8
2	9
2	10
2	11
3	4
3	5
3	6
3	7
3	8
3	9
3	10
3	11
3	12
4	5
4	6
4	7
4	8
4	9
4	10
4	11
5	6
5	7
5	8
5	9
5	10
5	11
5	12
6	7
6	8
6	9
6	10
6	11
6	12
7	8
7	9
7	10
7	12
8	9
8	11
8	12
9	10
9	11
10	11
10	12
11	12
13	14
13	15
13	16
13	17
13	18
13	19
13	20
13	21
13	22
13	23
13	24
14	15
14	16
14	17
14	18
14	19
14	20
14	21
14	22
14	23
14	24
15	16
15	18
15	19
15	20
15	21
15	22
15	23
15	24
16	17
16	18
16	19
16	22
16	23
16	24
17	18
17	19
17	20
17	21
17	23
17	24
18	19
18	20
18	21
18	22
18	23
18	24
19	20
19	21
19	22
19	23
20	21
20	22
20	23
20	24
21	22
21	23
21	24
22	23
22	24
23	24
25	26
25	27
25	28
25	29
25	30
25	31
25	32
25	33
25	34
25	35
26	27
26	28
26	29
26	30
26	31
26	32
26	33
26	34
26	35
26	36
27	28
27	29
27	30
27	31
27	32
27	34
27	36
28	29
28	31
28	33
28	34
29	30
29	31
29	32
29	33
29	34
29	35
29	36
30	31
30	34
30	36
31	32
31	33
31	35
31	36
32	33
32	34
32	35
32	36
33	34
33	35
33	36
34	35
34	36
35	36
37	38
37	39
37	40
37	41
37	42
37	43
37	44
37	46
37	47
38	39
38	40
38	42
38	43
38	44
38	45
38	46
38	47
39	40
39	41
39	42
39	44
39	47
40	41
40	42
40	44
40	45
40	46
40	47
41	43
41	44
41	45
41	46
41	47
42	44
42	45
42	46
42	47
43	44
43	45
43	46
44	45
44	46
44	47
45	46
45	47
46	47
48	49
48	51
48	52
48	53
48	54
48	55
48	56
48	57
48	58
48	59
49	50
49	51
49	52
49	53
49	54
49	55
49	56
49	57
49	58
49	59
50	51
50	52
50	53
50	54
50	55
50	56
50	57
50	59
51	52
51	53
51	54
51	55
51	56
51	57
51	58
51	59
52	53
52	54
52	55
52	56
52	57
52	58
52	59
53	54
53	56
53	58
53	59
54	55
54	56
54	58
54	59
55	58
56	57
56	58
56	59
57	58
57	59
58	59
60	61
60	62
60	65
60	66
60	67
60	68
60	69
61	62
61	63
61	64
61	65
61	66
61	67
61	68
61	69
62	63
62	64
62	65
62	66
62	67
62	68
62	69
63	64
63	65
63	68
63	69
64	65
64	67
64	68
64	69
65	66
65	67
65	68
66	67
66	68
66	69
67	68
67	69
68	69
70	71
70	73
70	74
70	75
70	76
70	77
70	78
70	79
70	80
71	72
71	73
71	74
71	75
71	76
71	77
71	78
71	79
71	80
72	74
72	76
72	78
72	79
72	80
73	74
73	75
73	76
73	77
73	78
73	80
74	75
74	76
74	77
74	78
74	80
75	76
75	77
75	78
75	79
75	80
76	77
76	78
76	80
77	78
77	79
77	80
78	79
78	80
79	80
81	82
81	83
81	84
81	85
81	86
81	87
81	88
81	91
81	93
82	83
82	84
82	85
82	86
82	87
82	88
82	89
82	90
82	91
82	92
82	93
83	84
83	85
83	86
83	87
83	88
83	89
83	90
83	91
83	92
83	93
84	85
84	87
84	88
84	89
84	90
84	91
84	92
84	93
85	86
85	87
85	89
85	90
85	91
85	93
86	87
86	88
86	89
86	90
86	91
86	92
87	88
87	89
87	90
87	91
87	92
88	89
88	90
88	91
88	92
89	90
89	91
89	93
90	91
90	92
90	93
91	92
91	93
92	93
94	95
94	97
94	98
94	99
94	100
94	101
94	102
94	103
94	104
95	96
95	97
95	99
95	100
95	101
95	102
95	103
95	104
96	97
96	98
96	99
96	100
96	101
96	103
96	104
97	98
97	99
97	100
97	101
97	102
97	103
97	104
98	99
98	100
98	101
98	103
98	104
99	100
99	101
99	102
99	103
99	104
100	101
100	102
100	103
101	102
101	103
101	104
102	103
102	104
103	104
105	106
105	107
105	108
105	109
105	111
105	112
105	113
105	114
105	115
106	107
106	108
106	109
106	110
106	111
106	112
106	113
106	114
106	115
107	108
107	109
107	110
107	111
107	112
107	113
107	114
107	115
108	109
108	111
108	113
108	114
108	115
109	110
109	112
109	113
109	114
109	115
110	111
110	112
110	113
110	115
111	112
111	113
111	115
112	113
112	114
112	115
113	114
113	115
114	115
116	117
116	118
116	119
116	120
116	121
116	122
116	123
116	124
116	125
116	126
117	118
117	119
117	120
117	121
117	122
117	123
117	124
117	125
117	126
118	119
118	120
118	121
118	122
118	123
118	124
118	125
119	120
119	121
119	122
119	123
119	124
119	125
119	126
120	121
120	122
120	123
120	124
120	125
120	126
121	122
121	123
121	124
121	125
121	126
122	125
122	126
123	124
123	125
123	126
124	125
124	126
125	126
127	128
127	129
127	130
127	131
127	132
127	133
127	134
127	135
127	136
127	137
128	129
128	130
128	132
128	133
128	134
128	135
128	136
128	137
129	130
129	132
129	133
129	134
129	135
129	136
129	137
130	131
130	132
130	134
130	135
130	137
131	133
131	134
131	135
131	136
131	137
132	133
132	134
132	135
132	136
133	134
133	135
133	136
133	137
134	135
134	136
134	137
135	137
136	137
