\\ machines
7
\\ max power
70
\\ Jobs in machine 1
11
J1	15	11	97	52	1.3789196993084174
J2	14	2	29	9	1.2946692796166586
J3	16	1	98	7	1.7834977888968564
J4	14	6	85	27	1.9475610743880898
J5	13	1	100	12	1.415638559978585
J6	14	3	86	50	1.8148654428499027
J7	14	6	76	39	0.8903602429212495
J8	15	4	107	12	0.7639503405098044
J9	15	8	4	28	1.5597293902473672
J10	13	9	11	10	1.0882380684563004
J11	14	12	15	43	0.2480163710540314
\\ Jobs in machine 2
13
J12	15	4	109	40	1.372752947099435
J13	15	7	86	41	1.8363557154827188
J14	13	6	32	27	0.518642499702414
J15	14	2	99	30	1.5009175507205095
J16	13	8	40	47	1.5412549088316643
J17	15	6	36	52	0.8870378858549582
J18	14	2	69	30	0.529860654725493
J19	14	10	20	51	1.2167912147577793
J20	14	13	69	18	1.0839927412415922
J21	14	10	31	15	1.4181656599668047
J22	14	1	42	44	1.3455617156981983
J23	14	13	28	15	1.4460354594646057
J24	14	3	32	29	1.1340270890973907
\\ Jobs in machine 3
9
J25	14	6	69	15	0.6066606844000095
J26	13	5	72	50	0.9753600770622155
J27	14	2	31	7	1.8091622372354639
J28	14	7	24	20	1.3707673252339865
J29	13	8	102	20	1.4560546373238898
J30	15	9	27	12	1.1481990989447985
J31	13	14	93	2	1.8462556440996567
J32	16	6	74	51	1.780791110113534
J33	16	8	71	15	1.3347057442762418
\\ Jobs in machine 4
12
J34	13	1	68	21	1.5765915161464679
J35	13	1	107	42	2.1327975188967763
J36	15	9	82	9	1.2050280603572754
J37	14	7	97	48	0.6973837766047948
J38	14	2	61	53	0.5627204287191427
J39	15	10	71	9	1.228615090117291
J40	14	9	55	9	1.1547513953175015
J41	12	13	13	29	1.483328327726417
J42	15	9	5	17	1.110670949365255
J43	14	5	86	20	1.1862839843627755
J44	16	7	72	44	1.539639149143082
J45	15	3	2	10	1.0876330890547146
\\ Jobs in machine 5
12
J46	15	5	41	14	1.355143967891998
J47	15	3	18	6	1.0671183084951827
J48	15	7	19	50	0.7657179912193774
J49	16	4	26	19	1.635272347070835
J50	14	12	64	26	0.8203197330709877
J51	13	14	67	7	1.5303327810709726
J52	14	12	57	47	1.6001813917416543
J53	14	4	43	45	1.2060593664419579
J54	15	10	82	42	1.3074933047043371
J55	13	1	101	33	1.1851645966562327
J56	14	1	110	40	0.844963423106569
J57	16	6	81	44	1.8971309011158457
\\ Jobs in machine 6
13
J58	16	3	68	7	0.9604773289737585
J59	15	5	70	24	0.9564847749190355
J60	14	2	66	22	1.2795670383701512
J61	16	1	109	12	0.9245628735581183
J62	14	5	5	18	1.8073256179401294
J63	14	12	18	51	0.8658064888206181
J64	13	7	51	46	1.046065416474494
J65	13	9	71	30	1.9056271169502756
J66	14	6	27	51	1.508332590937807
J67	14	11	92	21	1.637017064056808
J68	15	11	69	46	2.119310009413969
J69	14	5	103	12	0.9837046737359736
J70	14	5	104	45	0.3416250270227985
\\ Jobs in machine 7
10
J71	14	8	86	50	0.8015424582399657
J72	15	14	97	42	1.70670097907813
J73	15	8	34	20	1.4328244938662298
J74	15	8	28	22	1.3913492286488225
J75	15	2	85	19	1.5288937399967002
J76	14	10	99	2	1.2639923435557356
J77	15	3	91	45	1.539161783005865
J78	13	2	13	16	0.5404543060306789
J79	14	14	86	2	1.0103678154925886
J80	16	2	13	41	1.6652224519859689
\\ Dependencies 
219
1	4
1	10
1	11
2	4
2	5
2	6
2	7
2	8
3	4
3	6
3	8
3	9
3	11
4	5
4	8
4	10
4	11
5	7
5	8
5	10
5	11
6	7
6	8
6	9
6	10
6	11
7	10
8	10
8	11
9	10
9	11
12	13
12	15
12	17
12	21
13	14
13	17
13	19
13	20
13	21
13	22
13	23
13	24
14	16
14	17
14	18
14	21
15	16
15	19
15	20
16	17
16	18
16	19
16	21
16	22
16	24
17	19
17	20
17	21
17	22
17	24
18	21
19	20
19	24
20	21
20	22
20	24
21	22
21	23
22	23
22	24
25	26
25	28
25	29
25	30
25	33
26	27
26	31
26	32
27	29
27	30
28	30
29	30
29	31
31	32
32	33
34	35
34	36
34	37
34	38
34	39
34	41
34	42
34	43
34	45
35	37
35	40
35	41
35	42
36	37
36	39
36	41
36	42
36	45
37	41
37	42
38	41
38	45
39	40
39	41
39	42
39	43
39	44
40	41
40	45
41	43
41	44
41	45
42	43
42	44
43	44
43	45
46	48
46	49
46	51
46	53
46	54
46	55
46	56
47	48
47	49
47	51
47	53
47	54
48	51
48	52
48	53
48	56
48	57
49	51
49	52
49	53
49	55
49	56
49	57
50	53
50	57
51	53
51	54
51	55
51	56
51	57
52	53
52	54
52	55
52	56
53	55
53	57
55	56
55	57
56	57
58	61
58	63
58	69
59	60
59	61
59	62
59	63
59	66
59	69
60	62
60	64
60	65
60	68
60	70
61	62
61	65
61	67
61	68
61	69
61	70
62	64
62	66
62	68
63	67
63	69
64	65
64	66
64	69
64	70
65	67
65	69
66	67
67	69
67	70
68	70
69	70
71	80
72	77
72	78
72	79
72	80
73	75
73	76
73	79
74	75
74	76
74	77
75	80
76	77
76	78
76	79
76	80
77	78
77	79
77	80
78	79
78	80
79	80
