\\ machines
8
\\ max power
80
\\ Jobs in machine 1
12
J1	13	11	63	6	1.531074907914684
J2	14	4	64	14	0.5594307438078078
J3	15	6	57	10	1.2598938502798855
J4	14	4	45	2	1.397978956266324
J5	17	6	94	9	0.9658378851440547
J6	16	3	13	17	1.5136407785747128
J7	15	11	72	8	0.9639093399620168
J8	16	13	75	9	0.7128044614536986
J9	15	10	101	7	1.7600877113963433
J10	13	12	67	15	0.675003952281735
J11	15	9	37	7	0.9981772274690042
J12	13	3	70	19	1.0104927553522065
\\ Jobs in machine 2
10
J13	15	10	48	19	1.2001379250209319
J14	14	4	11	14	1.886075486845274
J15	15	5	75	16	1.484327313703187
J16	15	8	62	12	1.1290866766936314
J17	14	7	77	9	1.508636446291085
J18	14	5	63	16	1.6571713931102077
J19	15	12	63	4	1.051302276530633
J20	13	13	37	18	0.5297828339988098
J21	14	11	27	18	1.5721780170109354
J22	15	7	23	6	1.8623021123836718
\\ Jobs in machine 3
13
J23	14	13	50	13	1.334961777385165
J24	14	9	108	18	1.1289622616234027
J25	15	13	17	7	0.992369885304833
J26	16	1	13	10	1.7138423301606243
J27	16	11	108	7	0.11699217983724508
J28	16	14	93	13	0.9315482148501477
J29	14	8	94	19	0.6033087019450496
J30	16	3	5	7	1.4174000762637113
J31	15	1	4	19	1.4096248831008582
J32	15	3	101	6	1.2957521972301127
J33	13	11	55	3	1.4656873109532456
J34	16	13	85	3	0.4336035034388118
J35	14	11	23	16	1.2342858075441194
\\ Jobs in machine 4
11
J36	15	5	35	1	1.3610110605284396
J37	16	13	27	2	1.6410581375655984
J38	14	14	59	12	2.421280291014415
J39	15	3	65	3	0.8722109344128155
J40	15	10	14	11	2.1189051452110936
J41	15	4	56	9	0.9115816350639432
J42	15	6	58	16	1.2645575545958818
J43	14	2	102	2	0.8356102322299634
J44	14	3	83	10	1.2285330957134823
J45	16	1	27	18	0.9762341691997827
J46	14	4	40	19	1.015220125283262
\\ Jobs in machine 5
12
J47	12	12	42	14	1.2907374173779083
J48	14	1	97	17	1.6963289064305254
J49	17	14	76	8	0.6379214819579009
J50	14	12	36	17	2.000153821284222
J51	15	3	90	7	0.7201624497906544
J52	14	2	95	19	0.9540857182022586
J53	13	1	20	3	0.6578034115720969
J54	13	8	106	20	1.1427259265065808
J55	14	12	28	18	0.4087883108321908
J56	13	8	73	9	1.7515944272183444
J57	15	6	2	14	1.6416944936064626
J58	12	11	110	14	0.7413356620566518
\\ Jobs in machine 6
11
J59	15	8	28	8	1.0310143307272417
J60	17	5	31	17	1.1837424977180129
J61	14	6	47	5	1.5660601362476592
J62	15	1	55	15	1.0888698050612007
J63	15	2	66	20	1.6285361335886355
J64	15	14	108	3	0.854428044673268
J65	14	4	103	13	1.9718037211408732
J66	16	5	86	8	0.8256300668264989
J67	16	10	49	7	1.422231040092472
J68	14	1	57	15	1.3211588457820993
J69	15	1	107	20	1.9734557292229922
\\ Jobs in machine 7
12
J70	16	3	3	17	1.488270957540998
J71	15	8	57	6	2.184947370322167
J72	14	10	105	17	1.1388824172429752
J73	14	10	15	19	0.9865257001174879
J74	13	1	68	2	1.357883223912972
J75	12	14	58	7	0.8895149466850314
J76	13	10	62	15	0.9306718040913937
J77	14	9	65	12	0.9408536934912891
J78	13	3	8	3	1.813507480583255
J79	15	8	20	18	1.2822418927205188
J80	14	14	12	14	2.0238399199571213
J81	14	13	79	2	1.4822779242331676
\\ Jobs in machine 8
11
J82	15	4	54	13	1.01628488923448
J83	14	9	96	10	0.7881015533520711
J84	13	2	53	16	0.8223836210647733
J85	16	9	6	7	0.7299091592175233
J86	15	13	18	7	1.0108815096350368
J87	14	3	74	14	0.3518385321255071
J88	16	3	47	13	1.6059641008411218
J89	15	9	34	4	1.2528300983313145
J90	15	9	34	5	1.6004875901160678
J91	13	6	82	1	0.6248487416728259
J92	15	5	107	3	0.3919550030780724
\\ Dependencies 
283
1	2
1	5
1	11
1	12
2	4
2	5
2	8
2	9
2	12
3	4
3	6
3	7
3	10
3	12
4	5
4	6
4	8
4	9
4	10
4	12
5	6
5	7
5	8
5	9
5	10
5	11
5	12
6	7
6	9
6	11
6	12
7	8
7	9
7	10
7	11
7	12
8	9
8	10
10	11
11	12
13	14
13	15
13	16
13	17
13	18
13	19
13	21
13	22
14	16
14	19
14	22
15	17
15	18
15	21
15	22
16	17
16	18
17	18
17	19
17	20
17	22
18	19
18	20
18	21
18	22
20	21
20	22
23	24
23	28
23	30
23	32
23	34
23	35
24	27
24	34
24	35
25	26
25	31
26	29
26	30
26	31
26	33
26	35
27	29
27	31
27	32
27	33
27	35
28	30
28	32
29	30
29	33
29	34
29	35
30	31
30	32
30	33
30	35
31	34
31	35
32	33
32	34
32	35
36	37
36	39
36	40
36	41
36	42
36	43
36	44
36	45
36	46
37	38
37	41
37	43
37	44
37	45
37	46
38	40
38	41
38	43
39	42
39	44
39	46
40	41
40	42
40	43
40	44
40	45
40	46
41	45
41	46
42	43
43	44
44	45
44	46
45	46
47	48
47	49
47	50
47	51
47	52
47	54
47	55
47	56
47	58
48	50
48	55
48	56
48	58
49	55
49	56
49	58
50	52
50	54
50	55
50	56
50	57
51	53
51	54
51	55
51	56
52	53
52	56
52	57
52	58
53	54
53	55
53	56
53	58
54	55
54	56
54	58
55	56
55	57
55	58
56	57
56	58
57	58
59	60
59	61
59	63
59	65
59	67
59	69
60	62
60	63
60	65
60	66
60	67
60	68
60	69
61	64
61	65
61	67
62	64
62	65
62	66
62	67
62	69
63	65
63	66
63	67
63	69
64	65
64	67
64	69
65	66
65	68
67	68
67	69
68	69
70	72
70	73
70	74
70	75
70	76
70	77
70	79
70	80
70	81
71	72
71	74
71	75
71	77
71	78
71	79
71	80
72	73
72	74
72	75
72	76
72	78
72	79
72	80
72	81
73	75
73	77
73	79
73	80
73	81
74	75
74	79
74	80
74	81
75	76
75	77
75	80
76	77
76	80
76	81
77	79
78	80
78	81
79	80
82	84
82	87
82	90
82	91
82	92
83	88
83	91
84	88
84	89
84	90
84	91
85	86
85	90
85	91
86	87
86	89
86	90
86	91
86	92
87	88
87	89
87	91
87	92
88	89
88	90
89	90
89	91
89	92
