\\ machines
12
\\ max power
120
\\ Jobs in machine 1
10
J1	14	2	86	57	0.9841146434644864
J2	16	5	11	17	0.36854992256813734
J3	13	5	85	83	1.3971570904104371
J4	13	2	67	5	0.45388923857466845
J5	14	14	10	68	0.6110612875941346
J6	15	12	15	68	0.35585283817395486
J7	17	7	100	67	0.4304715114887202
J8	14	3	53	79	1.2353511219605449
J9	14	13	51	68	1.2164782386866453
J10	13	14	84	27	1.0732890266317934
\\ Jobs in machine 2
11
J11	13	6	28	9	0.9102102446520544
J12	14	8	109	32	0.3231609537376612
J13	16	4	26	53	0.6079727500184391
J14	14	12	56	22	1.5716961295699792
J15	15	9	66	78	0.6129345527184328
J16	14	11	17	63	1.4981823932872256
J17	16	10	29	7	1.4421706078595833
J18	16	12	47	62	1.1480296998948056
J19	14	8	97	70	1.2622091012981702
J20	15	13	85	5	0.9730429229373385
J21	15	6	38	90	1.7187045590580112
\\ Jobs in machine 3
11
J22	14	1	78	4	1.3275728313225659
J23	14	10	5	25	0.49869166669840026
J24	15	8	26	23	1.786354458542486
J25	14	8	87	8	0.8230843078375589
J26	14	5	63	66	1.8447554980961711
J27	15	9	80	3	0.6899601510919009
J28	15	9	108	60	1.2289479315897713
J29	13	13	102	30	2.5928219842678404
J30	15	4	77	44	1.1540783623454727
J31	17	5	103	7	1.3529571094009425
J32	15	9	54	1	1.1136794729398931
\\ Jobs in machine 4
12
J33	16	14	97	61	0.9593876863717719
J34	16	9	69	4	0.9128091384376524
J35	13	10	77	36	1.648006813252328
J36	14	14	58	35	1.1746585598955177
J37	14	12	51	78	0.40909850198616904
J38	15	9	93	3	1.0159982810320278
J39	15	7	84	16	1.5737721613600417
J40	13	7	85	26	0.9217254591765487
J41	15	7	7	58	0.7931459143738282
J42	14	11	80	11	2.945758619043641
J43	15	2	46	50	0.24144232315145353
J44	14	6	43	86	1.6282091786428374
\\ Jobs in machine 5
11
J45	13	11	48	37	0.6056210270192793
J46	14	5	84	90	1.1127336763815705
J47	15	14	83	24	0.9907381365007841
J48	15	8	56	75	0.7877237945712026
J49	14	10	105	60	0.9504894311748088
J50	14	1	82	88	1.2659486536450582
J51	16	9	47	27	0.4556211866472797
J52	14	14	69	80	1.9520341890311794
J53	14	1	56	77	0.5678492787859468
J54	16	13	20	20	1.0907946574562806
J55	13	2	105	75	1.2037361250293561
\\ Jobs in machine 6
10
J56	15	9	75	47	1.0447340421546716
J57	15	5	73	85	0.4773237493974827
J58	13	12	10	45	0.9848537386711044
J59	13	9	20	54	0.9019663432942688
J60	13	1	21	39	0.7288610047574036
J61	14	10	98	78	1.7284952023049338
J62	14	6	53	78	0.8530716481416325
J63	13	12	59	15	0.9033623298801883
J64	14	12	7	82	0.31093350374364626
J65	14	6	40	86	1.8469026671948177
\\ Jobs in machine 7
13
J66	14	10	106	39	0.6980956243687683
J67	16	13	69	61	0.806039825282139
J68	14	11	10	37	1.2334424833385267
J69	14	12	85	71	1.3143673234174311
J70	15	10	31	47	0.8835859034713183
J71	15	6	3	59	1.0865148503845041
J72	14	11	33	1	1.005322330603052
J73	15	7	50	43	0.6117170951880375
J74	13	11	18	36	0.8832199416237558
J75	15	13	5	72	0.5054730143528923
J76	16	2	110	44	1.5327515515541514
J77	14	12	57	47	1.047587572484915
J78	15	6	53	4	1.0457158288014634
\\ Jobs in machine 8
11
J79	15	8	79	1	1.6198468678408837
J80	14	13	20	35	1.4578551172195686
J81	15	1	36	86	1.8495731577999552
J82	15	8	40	63	0.5303536724684143
J83	16	9	85	90	2.5291104427336695
J84	13	8	67	71	0.935289582787824
J85	14	12	40	16	1.8630144485715037
J86	15	6	43	11	0.9428684135937464
J87	17	10	16	30	1.3134402909852636
J88	15	13	50	59	1.4231445779846423
J89	15	9	64	82	0.9397184405414034
\\ Jobs in machine 9
12
J90	15	6	54	14	1.7136809984007697
J91	14	13	3	80	1.2386398972379988
J92	14	7	8	21	2.1532425251746092
J93	14	9	97	38	2.1378885530678113
J94	14	2	44	70	1.451385027432769
J95	15	10	21	25	0.7335362845245366
J96	15	2	106	53	0.1
J97	16	1	34	68	1.242851196908885
J98	16	10	21	80	1.8228976904583991
J99	16	13	17	38	0.5059232005630165
J100	13	10	23	54	1.3853668651499305
J101	15	8	27	42	1.4221057514364746
\\ Jobs in machine 10
10
J102	15	10	4	6	1.353152468643554
J103	13	9	15	52	2.0886640766571576
J104	16	14	5	46	1.3409954032377316
J105	15	9	6	2	1.4978069478230778
J106	13	2	33	1	1.1714265551734682
J107	14	10	42	5	2.1657472475630155
J108	14	14	10	62	1.1236580747031635
J109	14	9	37	54	1.5614120125784465
J110	14	7	55	44	1.6581840080023222
J111	14	6	14	18	1.4793797413027159
\\ Jobs in machine 11
11
J112	12	14	99	31	1.5297265680014427
J113	16	11	47	68	1.2350754526360317
J114	15	3	94	63	0.1
J115	15	8	13	50	1.569495901076048
J116	15	3	40	87	1.806037951090268
J117	15	2	76	31	1.9031446149971387
J118	14	6	11	64	1.3459355605375336
J119	13	1	107	79	0.6028142723787393
J120	13	7	51	48	1.9156662954056867
J121	15	3	110	53	0.94315963109788
J122	15	7	106	22	2.1350288586872077
\\ Jobs in machine 12
10
J123	15	5	61	43	1.146780248496812
J124	15	2	6	4	1.800046612324393
J125	14	5	34	6	1.291191539005079
J126	14	14	86	30	1.1346335139639696
J127	14	8	33	10	2.318462042384901
J128	15	14	50	33	0.5919227014535429
J129	15	9	103	19	1.071241445550998
J130	15	9	57	58	1.1917205900812025
J131	17	7	60	55	1.0889347842408366
J132	14	10	86	33	1.5928755122831622
\\ Dependencies 
393
1	2
1	4
1	5
1	6
1	7
1	8
2	3
2	4
2	5
2	6
2	9
2	10
3	6
3	9
3	10
4	5
4	6
4	9
5	8
5	9
5	10
6	8
7	10
8	9
8	10
9	10
11	12
11	13
11	15
11	16
11	17
11	18
12	16
12	17
12	18
12	20
12	21
13	15
13	18
13	20
13	21
14	15
14	16
14	17
14	18
14	20
14	21
15	17
15	21
16	17
16	19
16	20
16	21
17	19
17	20
18	20
18	21
19	21
20	21
22	25
22	27
22	28
22	29
22	31
22	32
23	25
23	26
23	27
23	29
23	30
23	31
24	26
24	27
24	28
24	30
25	26
25	32
26	27
26	28
26	29
26	31
26	32
27	28
27	30
27	31
27	32
28	32
29	30
30	31
33	37
33	41
33	42
33	44
34	36
34	37
34	38
34	40
34	41
34	43
34	44
35	38
35	39
35	41
35	42
35	44
36	37
36	40
36	42
36	43
37	38
37	39
37	40
37	41
37	42
37	43
37	44
38	39
38	40
38	41
38	42
39	40
39	42
39	44
40	42
40	43
40	44
41	42
43	44
45	46
45	48
45	51
45	52
45	53
45	54
46	48
46	51
47	50
47	51
47	52
47	53
47	55
48	49
48	51
48	52
48	53
48	54
48	55
49	50
49	51
50	51
50	52
50	53
50	54
50	55
51	53
51	54
51	55
52	53
52	54
52	55
53	54
53	55
54	55
56	59
56	60
56	61
56	62
56	63
56	64
56	65
57	59
57	60
57	62
57	65
58	60
58	62
58	63
58	64
58	65
59	60
59	61
59	62
59	63
59	64
60	61
60	63
60	64
61	62
61	63
62	63
62	65
63	65
64	65
66	69
66	70
66	75
66	76
66	78
67	68
67	69
67	71
67	73
67	74
67	75
67	76
67	77
68	70
68	71
68	72
68	78
69	70
69	71
69	74
69	76
69	77
70	73
70	75
70	76
70	77
70	78
71	72
71	74
71	76
71	77
71	78
72	73
72	74
72	75
72	76
72	77
72	78
73	75
73	78
74	76
74	77
74	78
75	76
75	77
75	78
76	77
77	78
79	80
79	81
79	82
79	83
79	84
79	86
79	87
79	89
80	81
80	82
80	83
80	87
80	88
81	82
81	83
81	84
81	85
81	86
81	87
81	88
81	89
82	83
82	85
82	86
82	88
83	84
83	86
83	87
83	88
84	85
84	86
84	87
84	89
85	87
85	88
85	89
90	91
90	93
90	94
90	95
90	96
90	97
91	95
91	99
91	101
92	95
92	96
92	99
92	100
92	101
93	95
93	99
93	100
93	101
94	95
94	96
94	98
94	99
94	100
94	101
95	98
95	100
96	97
96	98
96	99
96	101
97	99
97	100
98	99
98	100
99	100
100	101
102	104
102	105
102	107
102	109
103	104
103	105
103	106
103	110
104	107
104	110
105	106
105	107
105	109
105	110
106	110
108	110
108	111
109	111
110	111
112	114
112	115
112	116
112	117
112	121
113	114
113	115
113	118
113	119
113	121
114	118
114	120
114	121
114	122
115	116
115	117
115	118
116	118
116	119
117	118
117	119
117	120
117	122
118	119
118	120
118	121
118	122
119	121
120	121
120	122
121	122
123	124
123	125
123	129
123	130
123	131
123	132
124	125
124	127
124	129
124	130
124	131
125	127
125	128
125	129
125	131
126	128
126	129
126	131
126	132
127	128
127	129
127	130
127	131
128	129
128	131
128	132
129	132
130	131
130	132
131	132
