\\ machines
7
\\ max power
70
\\ Jobs in machine 1
10
J1	14	11	96	46	0.30644631306960657
J2	13	6	102	9	1.3505682476238365
J3	15	14	31	14	1.124013541712449
J4	14	10	73	27	0.1835909823829991
J5	15	4	9	5	1.7023990889986753
J6	16	6	48	40	0.7512724849576332
J7	14	5	58	19	1.6415462028970833
J8	14	7	99	33	0.9750263290794106
J9	16	7	28	53	0.8346023623908638
J10	15	4	32	30	1.2587814362790941
\\ Jobs in machine 2
10
J11	14	9	92	18	1.2367980232013454
J12	14	5	43	30	1.5931776627908718
J13	15	3	87	45	1.4581255936462703
J14	14	8	48	13	1.807741688827956
J15	13	5	76	40	0.39872629935708803
J16	15	13	104	49	1.2617292498143706
J17	14	3	57	29	1.2324779637325256
J18	15	13	9	20	1.5604276294639692
J19	15	5	89	7	0.9202523845139875
J20	14	14	93	25	1.0634183299461974
\\ Jobs in machine 3
10
J21	18	14	49	50	0.6255321396490371
J22	14	8	47	27	0.15788234532643042
J23	14	8	41	12	2.1786370139914197
J24	14	3	106	21	1.0189775279253488
J25	14	7	26	28	1.0637274340122345
J26	14	9	74	10	1.3576499014385917
J27	14	10	85	3	1.6959039668639453
J28	13	6	34	3	1.5756003918101993
J29	15	5	67	26	1.8530376959722048
J30	14	1	26	9	0.7459545651228517
\\ Jobs in machine 4
11
J31	14	12	51	14	0.8508439027574812
J32	15	14	40	2	0.5444979394067805
J33	14	3	28	36	0.6643837716759615
J34	16	6	101	6	0.9634854825092932
J35	15	10	34	28	1.3248573335465523
J36	16	3	92	10	1.0651116101217144
J37	15	8	32	46	0.4780933535712232
J38	17	2	94	9	1.1756472045304083
J39	13	1	58	47	1.9591652937315027
J40	13	8	39	3	1.095508537091835
J41	14	7	104	26	0.6367158459530317
\\ Jobs in machine 5
11
J42	16	14	14	1	1.4280765368029193
J43	13	9	97	37	1.5884132822089363
J44	16	8	95	28	0.6502165829744971
J45	16	13	43	21	1.1137467234566842
J46	15	8	37	13	1.4365270335577784
J47	15	4	101	35	0.6766150586635421
J48	14	8	56	52	0.7339295464231099
J49	15	7	3	41	1.3475863588407149
J50	14	14	40	34	1.2734900009703136
J51	14	2	64	34	1.6805692315171554
J52	15	7	85	48	0.7048645153176745
\\ Jobs in machine 6
12
J53	16	7	65	7	2.3620041471416737
J54	15	7	96	39	1.2643388957946633
J55	14	13	30	51	1.8399271568874478
J56	15	2	81	36	1.7114237222984994
J57	14	8	9	10	2.146496729161133
J58	17	11	20	53	1.8201882836131187
J59	14	2	8	25	1.0883975216201995
J60	15	3	69	28	1.0927142562568026
J61	14	9	58	32	1.6569846259167769
J62	13	4	81	19	1.043410137805286
J63	16	12	39	31	1.3910337200623744
J64	15	14	71	21	1.8932941788921371
\\ Jobs in machine 7
10
J65	14	8	103	51	1.5371121848458795
J66	14	9	53	1	1.4501088643220075
J67	14	2	75	31	1.4166164344952217
J68	16	13	34	9	1.6626885079671347
J69	16	1	93	35	1.2854023758028186
J70	15	6	39	19	1.3563119312966785
J71	15	11	83	47	0.45544367822600507
J72	15	3	17	5	1.2754489924517955
J73	14	3	82	39	1.323294101971348
J74	14	1	51	36	1.1698216975149927
\\ Dependencies 
175
1	2
1	4
1	6
1	7
1	9
2	7
2	8
2	9
3	4
3	5
3	8
4	7
4	8
4	9
5	7
5	9
5	10
6	9
7	8
8	10
9	10
11	12
11	14
11	15
11	16
11	17
11	18
11	20
12	13
12	14
12	15
12	17
13	14
13	19
14	16
14	17
14	18
14	20
15	18
15	19
16	17
16	20
19	20
21	27
21	30
22	23
22	24
22	25
22	28
23	25
23	26
23	28
23	29
24	28
24	29
25	26
25	29
25	30
26	27
26	30
27	29
29	30
31	32
31	35
31	36
31	38
31	41
32	33
32	34
32	35
32	38
32	39
33	35
33	36
33	38
34	37
34	39
35	36
35	37
36	37
36	40
37	39
37	41
38	40
38	41
39	40
39	41
42	44
42	45
42	47
43	47
43	50
43	51
43	52
44	45
44	47
44	50
44	51
44	52
45	47
45	50
45	52
46	47
46	48
46	49
46	50
47	48
47	49
47	51
47	52
48	49
48	50
48	51
49	50
49	52
50	51
50	52
51	52
53	56
53	57
53	62
53	64
54	55
54	56
54	58
54	60
54	61
54	63
55	57
55	58
55	60
55	61
55	63
55	64
56	57
56	60
56	61
56	64
57	58
57	59
57	60
57	61
57	64
58	62
58	63
58	64
59	61
59	62
59	64
60	61
60	62
61	63
62	63
65	66
65	69
65	70
65	71
66	69
66	71
66	74
67	68
67	71
67	72
67	73
68	69
68	70
68	72
69	70
69	71
69	73
69	74
70	72
70	74
71	72
71	73
