\\ machines
25
\\ max power
250
\\ Jobs in machine 1
11
J1	15	9	77	30	1.5342788292240406
J2	14	8	102	92	0.7713703061359454
J3	14	5	64	83	1.3214326575547328
J4	16	5	15	65	0.34234305008899246
J5	16	13	65	2	0.2774637990741199
J6	14	4	47	121	1.2234304833717733
J7	15	14	25	103	1.870347212829174
J8	12	12	84	81	2.001458791428462
J9	16	1	100	37	1.6656143353086106
J10	14	4	67	48	1.0360726793217276
J11	13	7	56	61	0.5336367522281122
\\ Jobs in machine 2
9
J12	17	12	17	100	0.5561303930371788
J13	16	11	90	53	0.9834890673996076
J14	14	8	93	104	1.2681127787401227
J15	14	14	70	94	0.8432649535618664
J16	16	12	73	30	0.7490866234073812
J17	14	9	9	122	0.7426741323963186
J18	15	8	101	58	1.126139165914351
J19	15	9	80	8	0.7717285121243923
J20	15	12	60	117	0.8481036367317427
\\ Jobs in machine 3
11
J21	14	6	78	37	1.7729597379706252
J22	15	9	95	80	0.9014200371828978
J23	15	3	36	120	0.5515940482666698
J24	15	14	33	67	1.6932949758988105
J25	15	2	105	18	1.6293256157653961
J26	15	13	24	54	0.8099717791459504
J27	13	9	11	88	1.155923661381421
J28	14	13	107	121	1.562757433853568
J29	14	11	6	32	1.02000309366673
J30	15	1	80	26	1.6679802386028795
J31	14	3	15	85	0.558099688807617
\\ Jobs in machine 4
13
J32	14	1	108	121	1.2464489914289885
J33	15	2	96	112	1.9456078380529034
J34	15	6	50	105	0.5634604697718625
J35	14	12	82	82	1.6286841934093588
J36	15	12	8	31	1.0899565338958994
J37	14	4	57	19	0.8385833095019128
J38	14	3	63	67	1.2068556089532225
J39	16	6	40	58	0.9560374801001494
J40	15	8	109	62	1.609492691696905
J41	15	9	61	51	1.1940809678423827
J42	16	4	67	47	1.123516127073755
J43	16	14	11	121	1.8884697529986707
J44	15	5	10	65	0.7440430472790794
\\ Jobs in machine 5
10
J45	14	5	58	49	1.5201152692453699
J46	15	12	82	114	0.15107269355614106
J47	14	11	33	51	1.503472147977971
J48	13	4	59	103	0.7273634526139992
J49	15	10	49	70	0.7575150913962367
J50	14	10	77	107	1.6537522694337299
J51	14	7	87	112	1.562899738050711
J52	16	3	94	65	0.1
J53	14	10	72	41	1.1539512703377803
J54	13	9	75	24	1.3792925255869235
\\ Jobs in machine 6
9
J55	16	10	70	92	1.7366745980592704
J56	15	3	34	86	0.1
J57	15	4	41	26	2.385264006716953
J58	13	8	79	77	0.7552153061065601
J59	15	10	6	31	0.26396601935116737
J60	15	10	107	44	0.9875390453867884
J61	14	2	53	78	1.4284005562799926
J62	15	11	46	103	1.9857205919142555
J63	14	13	88	81	1.201486268738671
\\ Jobs in machine 7
10
J64	14	8	98	121	1.046531101518657
J65	16	10	42	89	0.8451423116248167
J66	15	8	68	109	1.3950165656748448
J67	14	7	79	55	1.420817949626352
J68	14	11	2	29	1.5488892922794189
J69	15	3	60	57	0.4987848549508632
J70	15	9	64	93	1.2285061198246128
J71	14	3	15	107	1.316320243451736
J72	15	6	47	25	1.207730937167438
J73	14	7	26	57	0.4437002857478125
\\ Jobs in machine 8
11
J74	15	13	52	108	0.7314765823694356
J75	14	5	65	51	1.157276824926304
J76	15	7	104	66	1.0978038537807338
J77	15	7	62	77	1.210121667330365
J78	13	4	91	102	1.1382740869457013
J79	14	13	81	118	0.6651068481162516
J80	14	5	66	64	0.6454766188082538
J81	15	2	64	108	0.9958478113508954
J82	15	5	35	31	1.645647604025743
J83	14	4	89	100	1.111473057362184
J84	15	7	89	79	0.3890447839040655
\\ Jobs in machine 9
12
J85	16	13	106	89	0.6382062584497407
J86	14	11	21	36	0.5598098725979928
J87	15	7	9	106	1.3234504971749137
J88	14	7	61	35	0.6197283315805728
J89	16	13	100	6	0.8252705310171943
J90	14	8	75	87	1.5048424780544933
J91	15	10	85	43	1.6583820619499547
J92	12	1	24	101	1.8657753091403784
J93	14	14	82	109	1.4381983040330333
J94	14	1	74	68	1.6597640792286468
J95	14	8	43	2	1.8381122712502105
J96	15	5	84	49	0.6115411497503002
\\ Jobs in machine 10
11
J97	16	1	57	118	0.6794796765685369
J98	14	5	99	45	1.5511055651410839
J99	15	4	98	10	1.204461309625417
J100	14	9	13	50	0.8779921150106222
J101	15	4	70	71	0.2631873264236706
J102	17	2	24	42	1.4619913215193259
J103	14	1	11	51	2.123537645521308
J104	13	13	24	99	1.32445154472867
J105	15	10	109	100	1.0200080884344287
J106	14	14	71	117	0.966101821006001
J107	14	6	99	90	1.5147511501914597
\\ Jobs in machine 11
10
J108	14	2	9	7	1.1854987683535647
J109	13	4	6	104	2.3251675780218246
J110	14	14	93	47	1.1426150074062058
J111	15	6	76	17	1.518907781477671
J112	13	11	27	18	1.9039737291663004
J113	14	13	73	3	2.205736969903934
J114	15	6	67	45	1.9233781965893497
J115	15	8	99	31	0.6715207743722934
J116	16	9	38	93	1.8579921077035713
J117	16	6	65	108	1.880307373977197
\\ Jobs in machine 12
9
J118	12	2	40	4	1.112353694241296
J119	14	1	85	47	0.315744084910084
J120	14	8	4	21	1.622501771638911
J121	15	14	96	94	0.8166356305843345
J122	15	7	109	77	0.770553885247333
J123	15	14	110	18	1.7074974167745425
J124	14	5	25	74	1.3259056898470576
J125	17	12	40	75	1.6653204575181701
J126	15	14	62	114	0.6058173199953232
\\ Jobs in machine 13
12
J127	15	11	84	76	0.8582587849000798
J128	14	4	18	30	1.4001527024502038
J129	16	11	106	71	1.2465201809506263
J130	15	3	100	101	0.6419627383165699
J131	15	11	52	38	1.8413286630920127
J132	14	9	85	74	1.198173755848729
J133	15	9	46	15	1.0797789822864807
J134	14	7	63	88	1.6887831119270802
J135	14	7	16	124	1.188224784196438
J136	15	5	5	26	1.0352751624567922
J137	15	12	81	34	0.7851362434153014
J138	16	5	88	120	0.44451108187676336
\\ Jobs in machine 14
11
J139	15	1	95	91	1.4944743550440314
J140	14	12	67	3	1.9743761506122817
J141	15	8	97	84	1.5333347556578774
J142	15	6	30	112	1.042023869879681
J143	15	14	89	65	1.4488094053319338
J144	15	8	67	59	1.0869116293586676
J145	13	1	60	92	0.6683731076344034
J146	15	13	76	50	0.8696201852342672
J147	15	14	21	24	1.3422742447272478
J148	15	14	110	119	0.3984217610418632
J149	15	6	83	93	1.288435084024623
\\ Jobs in machine 15
11
J150	16	8	75	38	1.7592042123034972
J151	14	8	31	117	1.6793342675612375
J152	17	7	30	40	0.7094301362270545
J153	15	2	99	40	0.7529600118066444
J154	12	13	75	97	2.188317282539763
J155	15	7	33	9	0.9525844445159798
J156	16	12	107	81	0.7575136970682766
J157	15	7	72	37	1.5370393978167478
J158	15	6	96	37	1.4248205201715898
J159	15	10	5	111	1.9616838088103397
J160	14	13	52	6	0.8443765735082603
\\ Jobs in machine 16
11
J161	14	11	105	16	1.867588046067651
J162	14	12	44	72	1.1435154554817812
J163	14	14	21	100	1.268037099038299
J164	18	7	80	70	1.7356217599014276
J165	15	11	36	116	1.1978684507435446
J166	14	5	18	90	0.364525460346259
J167	14	10	32	95	1.4252226075098238
J168	15	12	44	123	0.1591490166264269
J169	14	4	99	111	0.7956027853969867
J170	15	4	59	15	1.1881225367148072
J171	13	3	91	5	1.0492968434455123
\\ Jobs in machine 17
10
J172	14	5	23	36	1.5808794108464854
J173	13	8	65	76	1.2906039779210032
J174	15	5	71	100	1.4203822702352211
J175	14	9	50	14	1.6254472042766417
J176	14	11	19	103	2.4820603041476526
J177	14	12	94	33	1.8918719198804874
J178	13	12	28	76	1.9708596239710618
J179	15	2	81	19	1.5804783456121458
J180	15	2	27	21	1.1559346227879064
J181	13	14	87	119	0.45921100320157104
\\ Jobs in machine 18
9
J182	15	10	5	38	1.3133932035392326
J183	14	5	12	18	0.6167959873956208
J184	15	1	9	125	1.1325444166229854
J185	15	5	32	92	1.5432529043727952
J186	13	4	77	98	0.49804228302994746
J187	14	4	49	82	0.34153856009789996
J188	15	5	66	33	1.331944998727433
J189	16	4	54	26	1.761269536850464
J190	13	11	44	88	1.2386448045558391
\\ Jobs in machine 19
10
J191	15	5	7	49	1.523001142583066
J192	15	11	39	12	1.3873599747306802
J193	14	5	61	22	1.6378049749978207
J194	17	13	16	78	1.2090491418677318
J195	15	10	43	125	0.7819894934997951
J196	15	6	41	23	1.089186170703675
J197	13	4	96	81	0.5408504264868005
J198	15	2	79	70	1.3108024624382517
J199	14	11	6	52	0.5212030353257688
J200	13	10	83	40	1.7544506836051519
\\ Jobs in machine 20
10
J201	14	12	12	50	1.0739697262963237
J202	13	8	46	56	1.0707400210898443
J203	14	5	73	107	0.45065993575624264
J204	15	4	42	95	0.36980071762674105
J205	14	8	52	76	1.4863403775044746
J206	16	13	4	19	1.4810555958298823
J207	13	10	43	108	0.8413601092175439
J208	13	4	15	63	1.331889430443907
J209	13	5	87	51	1.531851102102688
J210	12	1	6	102	0.714075185735034
\\ Jobs in machine 21
10
J211	14	8	14	28	1.9957067928148415
J212	18	4	33	42	0.6703029928576686
J213	13	7	53	31	0.8111605945056612
J214	15	12	56	76	0.6802537822249037
J215	13	3	97	54	1.7705438444022434
J216	13	8	15	104	0.8477685817468341
J217	14	7	47	8	1.3198329237054085
J218	14	5	6	123	1.4183466274518683
J219	13	10	22	103	1.7194506932822806
J220	15	14	97	42	1.2746590296141125
\\ Jobs in machine 22
12
J221	14	2	22	95	1.8949338100249864
J222	14	8	86	3	0.7562452798526347
J223	15	6	3	8	1.5369481488350878
J224	15	6	79	71	0.4811851835165756
J225	14	3	110	36	1.3029451012225948
J226	15	12	60	115	1.2597510243415009
J227	15	1	62	109	1.5656780439370173
J228	14	5	46	107	0.9369658983512734
J229	12	3	29	41	1.2661289445108157
J230	14	3	94	76	0.1
J231	14	11	21	61	1.364662136897615
J232	14	3	71	115	0.3003458738962209
\\ Jobs in machine 23
11
J233	15	11	36	11	0.7657972588191476
J234	15	2	73	111	1.175163547388961
J235	13	2	81	76	1.5127552350580538
J236	15	10	84	59	0.9140596526593324
J237	16	8	68	105	1.4069810221717474
J238	13	12	73	10	1.5088683925678312
J239	14	7	18	20	2.3707868276311226
J240	14	5	100	63	1.3199922200368273
J241	15	8	110	59	2.135282526441625
J242	15	7	96	78	1.467925964473074
J243	14	11	68	49	1.1055272138486465
\\ Jobs in machine 24
9
J244	14	6	33	8	0.23195705538283762
J245	13	13	17	77	1.568787551153851
J246	14	1	72	89	1.1992496534433128
J247	15	5	53	11	0.5724263532168447
J248	15	4	44	64	1.8030554519562751
J249	14	2	85	12	1.4422041231146425
J250	16	4	56	38	1.3548199814021622
J251	14	5	102	80	0.7793087526235004
J252	16	4	53	103	0.19591486718737583
\\ Jobs in machine 25
12
J253	14	7	58	125	1.0621722899177375
J254	16	3	107	70	0.8071897167401327
J255	14	4	105	114	1.3631445774664743
J256	12	3	4	83	1.1433589888481865
J257	13	1	43	51	1.987547576831397
J258	17	10	86	54	2.3842588748481797
J259	14	10	59	66	1.7265498831996486
J260	13	12	20	41	1.0425123141859636
J261	16	11	92	121	2.1509417994187348
J262	17	10	84	48	2.1548705691275574
J263	16	13	13	114	1.670275570940097
J264	14	14	45	114	1.5194697115020972
\\ Dependencies 
897
1	2
1	4
1	7
1	9
1	11
2	3
2	6
2	7
3	8
3	9
3	11
4	7
4	8
4	9
4	11
5	7
5	8
5	9
5	10
5	11
6	8
6	10
6	11
7	8
7	9
7	10
8	9
8	10
8	11
9	10
9	11
12	13
12	14
12	16
12	17
12	18
12	19
13	15
13	16
13	17
13	19
13	20
14	15
14	16
14	17
14	19
15	17
15	18
15	19
15	20
16	17
16	20
17	18
17	19
17	20
18	19
18	20
21	22
21	24
21	25
21	27
21	28
21	30
21	31
22	23
22	24
22	25
22	27
22	29
22	30
22	31
23	24
23	25
23	28
23	29
23	31
24	27
24	28
24	29
24	30
24	31
25	26
25	27
25	28
25	29
25	30
25	31
26	27
26	28
26	29
26	30
26	31
27	28
27	29
27	31
28	29
28	30
28	31
29	30
30	31
32	33
32	34
32	35
32	37
32	40
32	41
33	34
33	35
33	36
33	37
33	40
33	42
33	44
34	35
34	36
34	37
34	38
34	39
34	40
34	42
34	43
34	44
35	36
35	37
35	38
35	39
35	40
35	41
35	43
35	44
36	37
36	39
36	42
36	43
36	44
37	38
37	39
37	40
37	41
37	43
37	44
38	39
38	40
38	41
38	42
38	43
38	44
39	41
39	42
39	43
39	44
40	43
40	44
41	42
41	44
42	43
42	44
43	44
45	46
45	47
45	49
45	50
45	51
45	52
45	54
46	47
46	48
46	49
46	53
47	50
47	51
47	53
47	54
48	49
48	52
48	54
49	50
49	51
49	52
49	54
50	52
51	52
52	53
52	54
55	57
55	58
55	59
56	58
56	60
56	61
56	63
57	58
57	59
57	60
57	62
57	63
58	60
58	62
58	63
60	61
60	62
60	63
61	62
61	63
64	65
64	66
64	67
64	68
64	71
64	73
65	68
65	69
65	72
65	73
66	67
66	69
66	71
66	72
66	73
67	68
67	69
67	70
67	72
67	73
68	69
68	70
68	72
68	73
69	71
69	72
69	73
70	71
71	72
71	73
74	75
74	77
74	78
74	80
74	81
74	82
74	84
75	76
75	77
75	78
75	79
75	80
75	81
75	82
75	84
76	77
76	80
76	81
76	82
76	83
76	84
77	80
77	81
77	82
78	79
78	81
78	82
78	83
78	84
79	81
79	82
79	83
79	84
80	81
80	83
81	82
81	83
82	83
83	84
85	87
85	88
85	89
85	90
85	92
85	94
85	96
86	87
86	88
86	89
86	90
86	91
86	92
86	93
86	94
86	96
87	88
87	91
87	92
87	93
87	94
87	95
87	96
88	89
88	90
88	91
88	92
88	93
88	94
88	96
89	90
89	91
89	92
89	95
89	96
90	92
90	93
90	94
90	95
91	92
91	93
91	94
91	96
92	93
92	94
92	95
93	94
93	95
94	95
94	96
97	98
97	99
97	102
97	103
97	104
97	106
97	107
98	99
98	100
98	101
98	104
98	105
98	106
98	107
99	101
99	105
99	107
100	101
100	102
100	103
100	105
100	107
101	103
101	104
101	105
101	106
101	107
102	103
102	105
102	106
102	107
103	104
103	105
103	106
103	107
104	106
105	106
106	107
108	111
108	112
108	113
108	114
108	115
109	110
109	112
109	113
109	114
109	115
109	116
109	117
110	111
110	112
110	113
110	114
110	115
110	116
111	112
111	113
111	115
111	116
111	117
112	113
112	115
112	116
112	117
113	114
113	115
113	116
113	117
114	115
114	116
114	117
115	117
118	119
118	120
118	121
118	122
118	124
118	125
119	121
119	122
119	123
119	126
120	121
120	122
120	123
120	124
120	125
120	126
121	122
121	123
121	124
121	125
122	123
122	126
123	124
123	125
124	125
124	126
125	126
127	128
127	129
127	131
127	133
127	135
127	136
127	137
128	130
128	131
128	132
128	133
128	136
128	138
129	130
129	131
129	132
129	133
129	134
129	137
129	138
130	132
130	135
130	136
130	137
130	138
131	132
131	133
131	135
131	136
131	137
131	138
132	133
132	135
132	136
133	135
133	136
133	137
133	138
134	135
134	136
135	136
135	137
135	138
136	137
136	138
137	138
139	140
139	141
139	145
139	146
139	147
139	148
139	149
140	141
140	142
140	143
140	144
140	145
140	146
140	149
141	143
141	145
141	146
141	147
141	148
142	144
142	147
142	148
143	145
143	146
143	147
143	149
144	146
144	147
144	149
145	146
145	148
146	148
146	149
147	148
147	149
150	151
150	152
150	154
150	155
150	157
150	158
150	159
150	160
151	152
151	153
151	154
151	155
151	156
151	157
151	158
151	159
151	160
152	153
152	154
152	156
152	158
152	160
153	154
153	155
153	156
153	159
154	155
154	156
154	157
154	158
154	159
154	160
155	156
155	157
155	158
155	160
156	157
156	158
156	159
156	160
157	160
158	159
159	160
161	163
161	164
161	165
161	166
161	167
161	168
161	171
162	163
162	164
162	166
162	168
162	169
162	170
162	171
163	164
163	165
163	166
163	167
163	168
163	169
163	170
163	171
164	165
164	166
164	167
164	170
164	171
165	166
165	167
165	169
165	171
166	167
166	168
166	169
166	171
167	168
167	170
167	171
169	170
169	171
170	171
172	174
172	175
172	176
172	177
172	178
172	180
172	181
173	174
173	175
173	176
173	177
173	178
173	179
173	180
173	181
174	175
174	176
174	177
174	178
174	179
174	180
174	181
175	177
175	178
175	179
175	180
176	177
176	179
177	178
177	179
177	180
177	181
178	179
178	180
178	181
179	180
179	181
182	183
182	184
182	185
182	186
182	189
183	185
183	186
183	187
183	188
183	189
183	190
184	185
184	186
184	187
184	189
184	190
185	186
185	187
185	188
185	189
185	190
186	189
186	190
187	188
187	189
187	190
188	189
189	190
191	192
191	196
191	197
191	198
191	200
192	193
192	194
192	195
192	196
192	197
192	199
192	200
193	194
193	195
193	198
193	199
194	195
194	196
194	197
194	198
194	199
195	197
195	198
195	199
195	200
196	197
196	198
196	199
197	198
197	199
197	200
198	200
199	200
201	202
201	204
201	206
201	208
201	210
202	204
202	205
202	207
202	208
202	210
203	204
203	205
203	206
203	207
203	208
203	209
203	210
204	207
204	208
204	210
205	206
205	207
205	208
205	209
205	210
206	207
206	208
206	209
206	210
207	208
207	209
207	210
208	210
211	212
211	213
211	214
211	215
211	216
211	218
211	219
211	220
212	216
212	217
212	218
212	219
212	220
213	215
213	216
213	217
213	218
213	219
213	220
214	215
214	218
214	219
214	220
215	216
215	219
215	220
216	217
216	220
217	220
218	219
218	220
221	222
221	223
221	224
221	225
221	226
221	227
221	228
221	230
222	223
222	224
222	226
222	228
222	229
222	231
223	224
223	227
223	228
223	229
223	230
223	231
224	225
224	226
224	228
224	229
224	230
224	231
224	232
225	227
225	228
225	229
225	231
225	232
226	228
226	229
226	230
226	231
227	228
227	231
228	229
228	230
228	232
229	230
229	231
229	232
230	232
231	232
233	237
233	242
234	235
234	236
234	238
234	239
234	240
234	241
234	242
234	243
235	236
235	237
235	239
235	241
235	242
235	243
236	237
236	239
236	241
236	242
237	238
237	241
237	242
237	243
238	239
238	240
238	241
238	243
239	240
239	241
239	243
240	241
240	242
241	243
242	243
244	245
244	247
244	249
244	251
245	247
245	248
245	250
245	251
245	252
246	247
246	249
246	250
246	252
247	249
247	250
247	251
247	252
248	249
248	250
248	251
248	252
249	250
249	252
250	251
250	252
251	252
253	255
253	258
253	259
253	261
253	262
253	263
254	257
254	258
254	259
254	260
254	261
254	262
254	263
255	256
255	257
255	258
255	259
255	264
256	257
256	258
256	260
256	262
256	263
257	259
257	260
257	261
257	262
257	264
258	259
258	261
258	262
259	261
259	264
260	261
260	262
260	263
260	264
261	263
262	263
262	264
