\\ machines
18
\\ max power
180
\\ Jobs in machine 1
11
J1	15	2	16	72	1.5364628566928986
J2	15	14	87	27	0.43859207765040287
J3	16	13	48	79	0.6582780192312879
J4	12	9	65	35	0.6625785728171699
J5	14	1	16	59	1.2657415592141859
J6	14	6	35	72	1.3804127778505164
J7	15	6	98	17	0.9979682592397259
J8	13	1	32	56	0.47452591615280804
J9	15	7	65	31	0.578001420380076
J10	15	12	53	110	1.6715136327564464
J11	15	3	3	133	0.7627596175165109
\\ Jobs in machine 2
12
J12	16	5	72	31	0.7332302281269963
J13	13	8	60	47	1.081042370340661
J14	15	9	5	119	1.1493312826502753
J15	15	1	100	34	1.3153227137812389
J16	13	11	100	15	0.4916893891401003
J17	14	3	57	104	1.29669546816137
J18	13	3	8	93	1.662596813121409
J19	15	3	58	33	0.7218058382308944
J20	14	10	68	129	1.6184516386712553
J21	14	5	65	115	1.962356048086141
J22	13	10	99	83	1.0703854629415435
J23	14	11	90	134	0.9042956269915035
\\ Jobs in machine 3
9
J24	13	14	36	117	2.250507453354364
J25	15	6	108	73	0.4873021314603556
J26	15	11	42	123	0.9778954718530188
J27	14	11	28	52	1.2309716201036307
J28	13	10	54	109	1.068433490988621
J29	14	3	90	13	1.7366931044525593
J30	15	9	82	81	0.21970011374306864
J31	16	7	98	78	1.338114800288181
J32	14	11	50	29	1.0669969711494407
\\ Jobs in machine 4
11
J33	13	11	10	6	1.3889600674079674
J34	14	9	102	99	0.3583961743952102
J35	13	10	78	67	1.343547555461734
J36	15	6	104	85	1.1799698543231834
J37	15	12	71	95	1.328302363195407
J38	14	10	74	104	1.2936672772924709
J39	15	8	32	47	1.496974328464001
J40	15	1	42	135	1.6838975000741783
J41	14	1	101	135	2.338477961633539
J42	13	7	78	3	1.5073994157285768
J43	14	6	32	116	1.1858920657490721
\\ Jobs in machine 5
10
J44	16	8	34	58	1.3331653505664678
J45	15	10	23	113	0.7750193229312267
J46	15	1	74	103	0.21004699343897992
J47	14	2	32	103	1.7441577383395774
J48	14	5	79	104	1.2033937952239198
J49	16	3	24	85	0.5087101775361899
J50	16	9	83	60	1.2449475467309021
J51	13	11	110	64	0.9180876251545769
J52	15	4	5	38	0.5316008037768661
J53	14	1	21	66	2.074159440494287
\\ Jobs in machine 6
10
J54	14	10	90	2	1.350909941323537
J55	14	8	15	25	1.6236174988507528
J56	14	12	32	67	1.9518354021074975
J57	15	4	105	132	1.180274974467869
J58	15	1	91	28	0.805832934965979
J59	15	12	34	132	1.2170331229214635
J60	14	10	42	39	0.8242553635311738
J61	14	4	34	5	0.8158060910075566
J62	14	6	7	35	2.1081513692290184
J63	15	6	53	94	0.1
\\ Jobs in machine 7
10
J64	14	13	17	1	0.7545180222405823
J65	15	3	55	38	2.1623415973369173
J66	13	8	50	20	0.4746340423236669
J67	15	12	87	101	0.8166931932625532
J68	14	9	43	13	1.476524913830789
J69	14	13	41	93	1.2725224368607866
J70	13	9	98	114	0.8410906548523207
J71	16	13	108	129	1.204767824927304
J72	13	14	32	50	1.2377406712593306
J73	14	4	79	76	2.203283174283376
\\ Jobs in machine 8
10
J74	14	6	62	55	1.8784174006661503
J75	14	6	21	95	1.129716455159916
J76	15	13	54	64	1.5216113701924379
J77	14	4	7	54	0.725291662133118
J78	13	11	43	83	0.2583062902560552
J79	14	13	16	68	1.2509863557070362
J80	14	11	60	85	2.075042521922586
J81	16	2	79	70	1.4051082960152936
J82	13	12	17	14	1.1337832932889613
J83	15	2	47	13	1.0957677186077963
\\ Jobs in machine 9
11
J84	15	9	57	36	0.23081621503787297
J85	13	9	38	63	1.5658907999689529
J86	15	4	41	17	1.2690183551042313
J87	13	5	14	122	1.4393010180730679
J88	14	10	87	1	0.47495373954336684
J89	15	5	6	5	1.2636159982849362
J90	14	9	43	15	1.754067535938972
J91	13	4	62	47	1.0430113669461272
J92	15	14	15	126	2.074937650681029
J93	16	14	101	35	1.5465136444215457
J94	15	1	21	60	1.4772155086624281
\\ Jobs in machine 10
10
J95	15	11	83	127	1.4058723012164354
J96	16	8	24	32	1.4284618677702279
J97	16	5	19	40	1.346238059048989
J98	16	2	56	84	1.2021816619128416
J99	14	11	75	17	1.6121774297251168
J100	15	2	76	114	0.7641932420685891
J101	14	3	3	20	1.3982918410404552
J102	14	8	75	12	0.6309822385088945
J103	16	2	89	12	1.961172514625003
J104	14	12	69	109	1.8168288534869004
\\ Jobs in machine 11
10
J105	14	8	50	111	1.7363449140435683
J106	15	2	101	32	1.4680331628553813
J107	13	5	50	107	1.5690805842656792
J108	15	1	46	21	1.2527304288473775
J109	15	12	103	2	0.765679587949262
J110	15	8	107	5	2.1752112231348764
J111	14	1	92	108	0.7401743907306138
J112	15	13	57	24	2.05379256954285
J113	16	10	73	64	1.4367261664455404
J114	15	2	10	68	1.9758767013661789
\\ Jobs in machine 12
11
J115	13	3	83	9	1.7107231632761148
J116	14	4	46	65	1.506702155553835
J117	16	3	19	3	0.9412025156013213
J118	13	5	31	44	0.8629651763463551
J119	14	6	94	8	1.0067369537715045
J120	15	1	80	74	0.6113751488854414
J121	16	5	43	36	0.24782749089444456
J122	14	13	20	135	0.579989733050192
J123	16	13	69	31	1.4427272883719915
J124	14	12	16	9	1.2028678410609706
J125	14	14	37	102	0.6513902326018066
\\ Jobs in machine 13
12
J126	13	14	12	123	1.249992412521021
J127	14	2	47	90	1.2133200069013033
J128	15	8	92	86	0.8238557156647355
J129	14	10	52	5	1.5540287232705006
J130	16	9	67	103	1.7756122760737998
J131	16	10	30	124	1.0322893405353886
J132	14	6	87	117	1.5904899766274796
J133	15	7	67	82	1.2197796635483333
J134	17	6	88	1	0.8259773059657671
J135	13	7	48	65	1.2898132460499183
J136	15	8	53	126	1.5557152073186746
J137	14	10	3	103	1.6129246543369278
\\ Jobs in machine 14
11
J138	14	11	65	96	0.7487597129770629
J139	13	1	89	27	0.9982466072451263
J140	15	11	10	70	1.1138058975874925
J141	14	10	99	111	0.6175555668943639
J142	15	9	86	18	0.987588808599163
J143	16	9	98	114	1.4117015489591729
J144	15	1	20	54	0.9582563139593453
J145	15	2	72	131	1.1123820177257948
J146	16	11	18	124	1.7826569193999169
J147	15	2	70	39	0.9787690751116327
J148	14	13	62	13	0.8203777063348401
\\ Jobs in machine 15
11
J149	13	13	16	135	1.8303004138625987
J150	15	4	37	129	1.5194853847096221
J151	15	12	54	115	1.7933469626926284
J152	14	11	18	120	1.3520804109918183
J153	14	7	72	118	1.35179775256645
J154	14	1	36	54	1.0312469297809264
J155	13	12	78	119	1.2554489875572872
J156	14	7	3	129	1.0449566258308163
J157	14	2	28	135	0.9335793019526949
J158	14	1	11	85	0.5254059719144684
J159	15	8	35	27	0.8945829705317689
\\ Jobs in machine 16
11
J160	15	13	91	57	1.0344869688890415
J161	15	13	2	31	1.2916789110549154
J162	15	6	41	84	1.0347298101321545
J163	12	4	92	11	1.5070587155343835
J164	13	9	82	110	1.0469061846803374
J165	15	9	46	56	1.5517472072911966
J166	15	4	85	55	0.7786146306728045
J167	16	9	23	131	1.1795415578991952
J168	14	2	15	120	0.7224608678628932
J169	14	8	18	92	0.607631238289624
J170	15	8	38	119	2.0068413746236637
\\ Jobs in machine 17
11
J171	14	9	79	21	1.3015800017891703
J172	15	5	88	26	1.4702683501750147
J173	15	2	94	13	0.7117482316589481
J174	16	7	57	120	1.5324228065230066
J175	15	11	73	109	1.3064728769265435
J176	12	11	47	44	0.9331717170217814
J177	14	1	42	79	1.4533241479100683
J178	15	3	58	132	0.918531437867685
J179	16	2	2	79	0.8830743829760554
J180	16	7	52	60	1.0052928141592583
J181	15	1	18	68	1.141137779928338
\\ Jobs in machine 18
10
J182	13	3	31	129	0.5220805048511515
J183	17	13	43	102	1.2970095423449248
J184	15	7	109	68	1.0322192074693564
J185	15	10	97	100	0.814312806683017
J186	16	12	74	81	1.0467167751868196
J187	13	5	58	98	1.2195096933854592
J188	16	10	21	16	1.1396140932942351
J189	15	2	57	97	0.8005501730960451
J190	12	3	33	8	1.0933281014200482
J191	14	14	36	37	0.809184798033789
\\ Dependencies 
493
1	4
1	5
1	6
1	7
1	10
2	4
2	8
2	9
2	10
3	5
3	7
3	9
3	11
4	5
4	9
4	10
5	6
5	7
5	9
5	10
5	11
6	8
6	10
6	11
7	8
7	10
7	11
8	9
8	10
9	10
10	11
12	13
12	17
12	18
12	19
12	20
12	23
13	16
13	18
13	19
13	22
13	23
14	18
14	19
14	22
14	23
15	16
15	18
15	21
15	22
16	17
16	18
16	19
16	21
16	22
17	18
17	20
17	21
18	19
18	21
18	22
19	20
19	22
19	23
21	22
22	23
24	25
24	26
24	30
24	31
24	32
25	26
25	27
25	28
25	30
26	27
26	29
26	30
26	31
27	28
27	30
27	32
28	32
29	31
29	32
33	37
33	39
33	41
34	35
34	37
34	38
34	43
35	37
35	41
35	42
36	37
36	39
36	41
37	39
37	41
37	42
37	43
38	39
39	40
39	42
39	43
40	41
40	42
40	43
41	43
44	45
44	46
44	47
44	48
44	49
44	50
44	53
45	46
45	47
45	51
46	47
46	50
46	51
47	48
47	49
47	51
47	52
48	52
49	53
50	51
50	52
50	53
54	55
54	56
54	57
54	59
54	61
54	63
55	59
55	61
55	63
56	57
56	58
56	59
57	60
57	62
57	63
58	59
58	60
58	62
58	63
59	62
59	63
60	62
62	63
64	65
64	66
64	68
64	70
64	72
64	73
65	69
65	72
66	67
66	68
66	72
66	73
67	68
67	73
68	70
68	72
68	73
69	71
69	72
69	73
70	71
70	72
71	72
71	73
72	73
74	77
74	78
74	80
74	81
74	82
74	83
75	76
75	78
75	80
75	81
75	83
76	77
76	78
76	82
77	79
77	83
78	80
78	82
78	83
79	80
79	82
80	81
82	83
84	86
84	87
84	88
84	89
84	94
85	87
85	88
85	90
85	93
85	94
86	89
86	90
86	92
87	90
87	94
88	89
88	91
88	94
89	91
89	92
89	94
90	91
90	92
90	94
91	93
91	94
92	93
93	94
95	97
95	98
95	99
95	100
95	101
95	102
95	104
96	98
96	99
96	102
97	99
97	100
97	101
97	102
97	103
97	104
98	100
98	101
98	102
98	103
98	104
99	100
99	101
99	102
99	104
100	102
100	104
101	102
101	103
101	104
102	104
105	106
105	109
105	110
105	111
105	112
106	107
106	112
107	108
107	110
107	111
107	113
108	112
108	113
109	111
110	111
110	113
110	114
111	112
111	113
112	114
113	114
115	116
115	117
115	118
115	119
115	120
115	124
116	117
116	119
116	120
116	122
116	124
116	125
117	119
117	121
117	125
118	119
118	120
118	121
118	122
118	123
118	125
119	122
119	123
120	124
121	122
121	124
122	123
122	124
122	125
123	124
123	125
126	127
126	128
126	129
126	130
126	131
126	135
126	136
127	128
127	131
127	133
127	137
128	131
128	134
128	135
128	136
128	137
129	130
129	132
129	134
129	136
129	137
130	131
130	136
130	137
131	132
131	134
131	136
132	133
132	136
132	137
133	136
133	137
134	136
134	137
138	141
138	142
138	144
138	145
138	147
138	148
139	141
139	142
139	143
139	144
139	148
140	141
140	143
140	145
141	142
141	144
141	146
141	148
142	144
142	145
142	146
142	148
143	144
143	147
144	145
145	146
145	148
147	148
149	150
149	151
149	152
149	153
149	154
149	155
149	156
149	157
150	152
150	155
150	157
150	158
151	152
151	153
151	155
151	158
152	155
152	157
152	159
153	156
153	157
153	158
153	159
154	155
154	158
154	159
155	156
155	157
156	157
156	158
157	159
158	159
160	162
160	164
160	167
160	168
160	169
161	164
161	165
161	167
161	169
162	163
162	165
162	169
162	170
163	164
163	167
163	169
164	165
164	166
164	167
164	168
164	169
165	166
165	168
165	170
166	169
166	170
167	168
167	170
168	169
168	170
169	170
171	172
171	173
171	174
171	175
171	176
171	179
171	181
172	174
172	175
172	176
172	177
172	180
173	177
173	179
173	180
174	176
174	178
174	180
174	181
175	176
175	177
175	178
175	180
175	181
176	178
176	180
177	178
178	179
178	180
179	180
179	181
182	184
182	188
182	189
182	190
183	184
183	188
183	189
183	191
184	186
184	189
184	190
184	191
185	186
185	187
185	189
186	187
186	188
187	190
187	191
188	189
189	190
189	191
190	191
