\\ machines
18
\\ max power
180
\\ Jobs in machine 1
12
J1	15	9	26	3	0.47612857897351324
J2	14	10	38	45	0.9181773498453024
J3	14	6	105	45	1.6595913918471605
J4	14	5	6	7	1.6061994577367305
J5	16	11	26	39	0.959702091250855
J6	17	11	88	88	2.0438429384531664
J7	14	3	79	89	1.978915525192964
J8	15	2	42	34	0.6429055138602129
J9	14	11	108	74	1.251555721614058
J10	14	12	90	88	1.4454887606196054
J11	13	8	99	42	1.0761382380552136
J12	16	4	91	43	0.4552414323734564
\\ Jobs in machine 2
10
J13	13	14	82	17	1.6942384151076917
J14	15	2	13	84	1.1937109855809145
J15	14	10	66	46	1.9961308789541516
J16	14	4	18	35	1.289017782348127
J17	16	2	36	6	0.5799908989484385
J18	14	9	93	43	1.343307984590432
J19	15	6	2	86	1.8202777144778626
J20	14	2	36	49	0.9889435903332363
J21	15	3	33	12	1.7806679082835077
J22	14	6	69	61	0.9796603899468336
\\ Jobs in machine 3
10
J23	14	10	47	11	1.235930384154978
J24	14	7	77	29	1.3527086882843165
J25	17	14	102	16	2.157876877677321
J26	15	3	75	13	1.2192191554099385
J27	15	8	56	29	0.7626174459692348
J28	14	6	78	79	1.3802240277511728
J29	14	5	68	86	1.4071372942345979
J30	13	7	48	3	1.1572693856989897
J31	14	1	65	73	1.3356863296242802
J32	16	13	54	3	0.5747700361899436
\\ Jobs in machine 4
12
J33	15	1	10	1	1.1990218929237937
J34	16	3	91	56	0.97825439563561
J35	14	8	46	15	0.1
J36	15	7	103	32	1.570777897903816
J37	15	9	18	40	1.6622785593561669
J38	14	3	2	56	1.2885522600171075
J39	15	13	40	17	0.2753810911925161
J40	15	3	106	74	1.465270231564753
J41	14	10	56	43	1.0355861205938737
J42	15	1	79	52	1.2566986748649507
J43	15	14	96	70	2.597216077460758
J44	14	8	98	56	2.2881935062470857
\\ Jobs in machine 5
13
J45	16	13	104	66	1.371445484497687
J46	14	10	4	43	0.503412664487815
J47	15	13	26	35	1.2557614380217328
J48	14	8	19	48	0.6116661839090936
J49	15	1	54	81	1.0204864201506856
J50	14	13	56	2	1.68482238782794
J51	14	5	2	77	1.545561062964658
J52	17	12	101	5	1.421393197992936
J53	14	10	87	8	1.505663180700091
J54	13	13	109	18	1.696245466104945
J55	12	5	49	33	1.2941186086096927
J56	12	13	81	29	1.0197223476865207
J57	15	3	27	49	2.8535365258268937
\\ Jobs in machine 6
10
J58	15	5	53	36	2.1084882911724923
J59	14	2	78	79	1.3781741296742829
J60	16	3	5	73	1.5770971491795307
J61	16	14	27	88	1.7916555881572938
J62	15	11	41	20	1.065665611140242
J63	16	7	110	63	1.173580178865774
J64	15	7	47	73	0.9944877973490605
J65	13	13	16	17	1.8938367954260769
J66	13	4	103	61	0.7754660992037292
J67	15	12	99	22	1.2035169138995614
\\ Jobs in machine 7
10
J68	16	11	31	23	1.8329140635310863
J69	13	6	50	27	1.6997872251682233
J70	15	13	40	30	0.8708404915869512
J71	14	7	59	88	1.226934820043228
J72	14	13	23	46	1.05942362004585
J73	15	10	42	35	0.9906682429267799
J74	15	9	100	85	0.5980966975093636
J75	16	5	83	43	1.564864307495793
J76	16	8	5	1	1.040480764433647
J77	14	13	97	90	1.0563210031491774
\\ Jobs in machine 8
12
J78	14	9	20	55	1.0172223428854998
J79	15	12	98	66	0.29860947937889626
J80	12	3	94	35	1.1479328620453635
J81	15	14	105	71	0.727612027983776
J82	15	8	106	41	1.128032544339324
J83	14	9	62	52	1.3171351688105426
J84	16	6	17	39	1.3043932827457934
J85	14	7	3	77	0.2685250491486926
J86	13	9	9	80	0.6358418534904342
J87	16	9	84	57	0.9526179831407227
J88	13	12	51	57	1.3646278133112604
J89	15	12	76	14	0.4757980142157501
\\ Jobs in machine 9
11
J90	14	14	55	26	1.52106170102407
J91	14	10	32	86	1.735546003051049
J92	14	1	27	62	0.6216746172876308
J93	13	6	5	42	1.4104852142440403
J94	15	10	74	82	1.4896851042361
J95	14	7	59	12	0.8258811990218601
J96	14	12	35	5	0.15816209342920762
J97	16	13	70	80	2.22205518974235
J98	15	14	29	15	1.002546396632204
J99	14	4	63	29	0.30900363487593885
J100	15	6	13	47	1.1804639770341805
\\ Jobs in machine 10
11
J101	14	14	26	30	1.3196424385149723
J102	14	6	105	67	1.425113467749516
J103	14	11	3	84	0.6623474647299938
J104	13	3	86	71	1.0356721987023878
J105	13	12	43	85	1.2365082071436833
J106	15	7	97	26	1.2306375232666755
J107	14	14	25	48	0.3310121533192326
J108	15	1	90	38	0.706056168597395
J109	13	10	78	8	1.028064654503256
J110	13	7	106	33	0.7979736443279548
J111	14	13	19	4	0.6853575917186223
\\ Jobs in machine 11
12
J112	15	6	85	58	1.8663493031327905
J113	14	7	25	80	1.0994783361868368
J114	16	8	26	79	1.59649667525702
J115	16	3	58	57	1.8486803562681255
J116	16	5	20	25	1.135207203596288
J117	15	10	86	42	1.6746918359952292
J118	15	5	3	57	1.1583020306123593
J119	14	7	8	53	0.5771007357163671
J120	11	5	101	53	1.007029578763239
J121	16	4	68	9	0.8345043756778245
J122	16	11	9	26	1.041679699957612
J123	15	6	50	52	0.9403564473351816
\\ Jobs in machine 12
12
J124	15	8	92	55	1.1038661642663095
J125	14	11	97	5	0.9874773290751145
J126	14	9	22	65	1.5295820534825568
J127	16	9	105	76	1.9244291964771842
J128	14	12	10	1	1.8312151069318539
J129	15	6	79	51	0.15254287006278822
J130	15	10	89	20	1.3608694945661675
J131	14	5	95	10	0.8157100462367274
J132	16	9	67	45	1.436190543208338
J133	14	2	104	43	2.1693378186086596
J134	15	10	23	52	0.6852163027789804
J135	17	4	65	87	1.5939977396524845
\\ Jobs in machine 13
11
J136	15	1	82	13	1.0746610998391577
J137	13	7	11	39	0.8993376653602909
J138	15	7	7	57	1.2060955689175747
J139	13	2	69	85	0.473358713817704
J140	14	7	48	71	0.9574412338122662
J141	15	6	16	43	1.507526959896485
J142	14	10	22	5	1.7127570943606396
J143	15	3	25	64	1.9185449222243678
J144	15	7	75	23	0.8458390675554399
J145	14	8	54	19	0.569053741871752
J146	14	1	51	68	0.4659931779978441
\\ Jobs in machine 14
11
J147	16	14	32	62	0.8876467236753296
J148	13	12	86	54	1.9123874072439926
J149	16	7	11	21	1.1085864635638605
J150	13	3	75	8	1.4215183682720143
J151	13	11	14	61	2.29721781150257
J152	12	7	15	44	0.7271713282894101
J153	13	9	31	73	0.5696554695594899
J154	14	8	44	30	2.0961997665613907
J155	14	12	38	46	0.8599790090931019
J156	14	2	98	69	0.8334235308126346
J157	16	2	95	13	1.4503052280258961
\\ Jobs in machine 15
11
J158	13	11	17	33	0.47156130502820315
J159	13	14	61	40	1.3119272672061133
J160	13	6	58	56	1.082120094480869
J161	14	4	65	80	0.8198225167541544
J162	14	9	48	33	0.43418413780864495
J163	14	8	40	6	1.2399983647116144
J164	15	13	92	43	0.6703368504940941
J165	15	2	65	27	1.2557342744448374
J166	14	13	73	37	1.0131396337197027
J167	14	2	31	68	0.19205460029975718
J168	15	5	64	71	1.2696962361706077
\\ Jobs in machine 16
12
J169	13	13	7	81	1.323090980190036
J170	14	6	82	62	0.1
J171	15	12	67	34	2.0521073751081773
J172	13	6	65	90	0.8701498727943756
J173	14	10	43	12	1.069320526399304
J174	17	4	27	51	1.1174442035491503
J175	15	3	48	57	1.772252471055569
J176	14	14	91	2	1.4831661769221482
J177	14	8	87	86	1.7685994749655043
J178	14	4	14	42	2.079763934370359
J179	15	5	74	89	1.818042212596131
J180	14	12	17	45	1.7056269287515444
\\ Jobs in machine 17
10
J181	15	11	49	7	1.5004988976442586
J182	15	5	46	72	1.3695149918859024
J183	14	1	63	24	0.8947591981377219
J184	15	6	70	50	1.7757619159061395
J185	15	1	69	3	1.2220602716587547
J186	15	7	31	20	1.1625053830870626
J187	13	7	16	24	1.8469913377696698
J188	14	2	33	14	1.312054200394992
J189	15	4	82	86	0.8675772355719376
J190	17	11	58	26	1.0340530620179962
\\ Jobs in machine 18
12
J191	13	5	14	24	0.9039027522391682
J192	13	10	25	72	0.5823926791841556
J193	15	1	81	31	1.3287196895716165
J194	14	7	92	39	1.6327527635145964
J195	14	5	78	71	1.2358328669683554
J196	14	4	13	28	0.870572617744464
J197	15	5	65	11	1.5133266529951046
J198	14	14	100	12	0.813290527221326
J199	14	1	25	14	0.3923418583064926
J200	16	4	110	72	0.6372327316272216
J201	14	12	75	79	1.2452161870436902
J202	16	3	22	69	1.4175510360368964
\\ Dependencies 
300
1	2
1	5
1	7
1	8
1	12
2	4
2	8
3	7
3	11
3	12
4	8
5	6
5	11
6	8
6	9
6	10
8	9
8	10
9	12
13	18
13	21
14	22
15	19
15	22
16	19
17	21
18	20
18	21
19	20
19	21
23	29
24	26
24	30
25	27
25	30
26	27
28	30
29	32
30	31
33	38
33	43
33	44
34	38
34	41
35	39
35	40
35	44
36	42
37	38
37	40
37	42
38	39
38	40
39	40
39	43
42	44
45	47
45	48
45	49
45	57
46	51
46	52
46	54
46	56
47	49
47	54
47	57
48	49
48	54
48	55
48	57
49	53
49	54
50	51
50	56
51	52
51	54
53	54
53	56
54	57
55	57
58	61
58	64
58	65
59	61
59	62
59	65
60	61
60	64
60	67
61	62
61	67
63	64
63	67
64	66
68	71
68	74
68	75
69	73
69	74
70	76
71	77
72	73
72	74
74	75
74	76
75	77
78	81
78	85
78	86
78	87
78	89
79	80
79	81
79	89
80	85
80	86
80	88
81	87
82	85
82	88
83	87
84	87
85	89
88	89
90	91
90	93
90	97
90	100
91	93
91	99
92	94
92	97
92	98
92	100
93	99
94	97
94	99
95	100
96	98
97	99
98	100
101	103
101	104
101	106
101	110
101	111
102	103
102	107
102	108
103	106
103	107
103	109
104	109
105	107
105	108
105	109
105	111
106	111
107	109
107	111
108	111
110	111
112	119
112	122
113	114
113	115
113	118
113	121
113	123
114	118
114	119
115	119
115	121
115	122
115	123
116	117
116	123
117	119
120	122
120	123
122	123
124	126
124	127
124	128
125	126
125	128
125	129
125	130
125	132
125	134
126	128
126	129
126	130
126	133
127	130
128	130
128	131
128	134
128	135
129	131
129	135
136	137
137	140
137	142
137	143
137	146
138	142
138	145
139	146
140	142
141	142
141	145
141	146
142	144
143	144
147	148
147	152
147	153
148	155
148	157
149	150
149	151
149	153
149	154
150	153
150	154
151	154
151	155
151	156
151	157
152	155
153	154
153	157
154	157
158	159
158	163
158	167
159	161
159	162
160	161
161	167
163	166
163	168
169	170
169	173
169	175
169	176
169	179
169	180
170	171
170	174
170	177
170	180
171	177
172	175
172	178
173	175
174	177
175	177
175	178
175	179
175	180
176	178
176	179
178	179
179	180
181	182
181	183
181	184
181	186
182	184
182	185
183	184
183	188
183	189
184	189
185	188
185	190
186	188
186	190
187	188
187	189
187	190
188	190
191	198
191	202
192	200
192	202
193	194
193	198
194	197
194	202
195	197
196	197
196	199
196	200
197	202
198	201
201	202
