\\ machines
9
\\ max power
90
\\ Jobs in machine 1
10
J1	16	3	57	4	1.2443950804773285
J2	15	5	38	7	1.262998789476478
J3	14	4	60	8	0.9168787784811719
J4	15	3	100	9	0.9981693271843404
J5	15	14	33	18	1.1761035564446023
J6	16	6	18	18	0.7814129379988786
J7	18	5	62	15	0.5185842956212617
J8	13	7	84	18	1.572824816596993
J9	15	14	69	12	1.649801565324004
J10	14	8	65	19	1.8656894403982474
\\ Jobs in machine 2
11
J11	15	11	102	18	0.5348761419416425
J12	14	14	50	14	0.9220061642297341
J13	14	11	59	5	1.5279450982253102
J14	15	8	103	3	1.3056199889762445
J15	15	13	70	7	1.0956324814419285
J16	14	5	85	17	1.3582912077566516
J17	16	8	109	17	1.5475363487406306
J18	16	7	39	16	1.4689801969142857
J19	15	6	2	21	1.1453952631033315
J20	16	7	105	6	1.4293700660336013
J21	14	14	95	5	1.545522087847696
\\ Jobs in machine 3
12
J22	15	13	100	4	1.6526799445108653
J23	13	5	8	2	0.5831275715538802
J24	14	13	84	9	0.8598240761425562
J25	15	2	83	5	0.65863934858669
J26	15	3	7	20	1.4921695610584789
J27	15	9	43	12	0.12791680521901294
J28	14	8	39	12	0.6760842731664422
J29	15	3	54	14	2.1395959941948783
J30	14	1	51	16	1.36966868457128
J31	14	2	38	23	1.249307136725149
J32	16	4	24	5	1.3169023678078589
J33	14	3	32	4	1.7826735963581126
\\ Jobs in machine 4
10
J34	16	12	19	7	1.7156533649854662
J35	15	13	42	20	1.341995993080098
J36	14	12	93	11	1.4524902763373366
J37	14	10	48	23	1.3370705701901497
J38	14	2	6	8	0.7955753651459078
J39	13	4	66	9	1.5298171033804622
J40	13	1	46	13	0.1
J41	15	14	36	2	1.5376132720137632
J42	16	2	51	20	0.9018648653118767
J43	15	13	3	17	0.9075505977794276
\\ Jobs in machine 5
10
J44	14	4	24	8	1.9617360815208946
J45	16	8	62	16	1.119168515705168
J46	14	13	11	15	0.97367472315682
J47	16	8	82	10	1.7125658300287743
J48	14	13	66	1	2.2320658748600843
J49	12	6	44	8	0.8357816304271094
J50	14	5	107	22	0.8800127548429184
J51	14	6	38	9	1.1729247568556338
J52	15	8	106	18	1.0690933215233307
J53	14	1	40	10	1.8971914055800636
\\ Jobs in machine 6
11
J54	15	12	5	9	0.8049246171479654
J55	14	10	17	15	1.1649222746610082
J56	14	2	44	11	1.263306485601201
J57	14	9	38	7	0.4470554449950743
J58	15	3	67	20	1.6280253179769075
J59	14	9	64	13	1.2098617918297405
J60	15	3	34	5	0.8206665027400162
J61	13	1	62	16	0.9940932569115409
J62	15	1	110	12	0.9588629001146244
J63	15	5	87	17	0.8685681800142917
J64	17	8	76	22	1.0580633802182047
\\ Jobs in machine 7
11
J65	15	5	47	12	1.4898083532317994
J66	15	7	83	13	1.2055998803930703
J67	15	1	61	13	0.42696437231397466
J68	15	10	44	15	1.0964485681823841
J69	14	6	78	5	1.5579109101953863
J70	14	10	6	22	1.2757113835130622
J71	16	1	31	17	1.8056849459088373
J72	15	11	25	20	1.72521469839444
J73	14	2	88	21	1.0553761013470915
J74	14	11	95	7	1.0782183770464582
J75	16	5	105	18	1.685144130737628
\\ Jobs in machine 8
12
J76	14	1	6	9	1.7406223390025266
J77	15	11	55	16	0.6690099542641194
J78	15	2	55	1	1.0000322253122738
J79	13	13	68	12	0.14215043050122955
J80	13	1	28	18	0.580722674906571
J81	15	9	26	7	1.1948839701483864
J82	16	3	98	16	0.5441834355447513
J83	15	10	63	17	1.0250839150081967
J84	14	3	109	5	0.9250355404819738
J85	15	13	36	1	0.9448442585166561
J86	15	10	31	15	0.36116619995772226
J87	14	13	39	14	1.594350188550924
\\ Jobs in machine 9
13
J88	14	9	50	21	0.8873901929425364
J89	16	5	8	3	1.1861175754358522
J90	15	7	19	2	0.4697913374715724
J91	15	4	21	20	0.7757994332707915
J92	14	4	87	16	1.8541585685241193
J93	14	12	48	15	1.3964085606292325
J94	14	13	18	18	0.5528570722522725
J95	14	3	51	18	1.5983468903049414
J96	13	12	43	22	1.1261371557691697
J97	15	11	7	14	1.3002115762509825
J98	16	8	13	18	0.6457314284343071
J99	14	11	3	19	0.5457509937871684
J100	15	13	55	3	0.5485735123796505
\\ Dependencies 
460
1	2
1	3
1	4
1	5
1	6
1	7
1	8
1	9
1	10
2	4
2	5
2	6
2	7
2	8
2	9
2	10
3	4
3	5
3	7
3	9
3	10
4	5
4	6
4	7
4	8
4	9
4	10
5	6
5	7
5	8
5	10
6	7
6	8
6	9
6	10
7	8
7	9
7	10
8	9
8	10
9	10
11	12
11	13
11	14
11	16
11	17
11	18
11	19
11	20
11	21
12	14
12	15
12	16
12	17
12	18
12	19
12	20
12	21
13	14
13	15
13	17
13	18
13	19
13	20
13	21
14	15
14	16
14	17
14	18
14	19
14	20
14	21
15	17
15	18
15	19
15	20
15	21
16	17
16	18
16	19
16	20
16	21
17	18
17	19
17	20
17	21
18	19
18	20
18	21
19	20
19	21
20	21
22	23
22	25
22	27
22	28
22	29
22	30
22	31
22	32
22	33
23	24
23	25
23	26
23	27
23	28
23	29
23	30
23	31
23	32
23	33
24	25
24	27
24	28
24	29
24	31
24	32
24	33
25	26
25	27
25	29
25	30
25	32
25	33
26	27
26	28
26	29
26	30
26	31
26	32
26	33
27	28
27	29
27	30
27	31
27	32
27	33
28	29
28	30
28	32
28	33
29	30
29	31
29	32
29	33
30	31
30	33
31	32
31	33
32	33
34	35
34	36
34	37
34	38
34	39
34	41
34	42
35	36
35	37
35	38
35	39
35	40
35	42
35	43
36	37
36	38
36	39
36	41
36	43
37	38
37	39
37	40
37	41
37	42
37	43
38	39
38	40
38	41
38	42
39	40
39	41
39	42
39	43
40	41
40	42
40	43
41	42
41	43
42	43
44	45
44	46
44	47
44	48
44	49
44	50
44	51
45	46
45	47
45	48
45	49
45	50
45	51
45	52
45	53
46	48
46	49
46	50
46	51
46	52
46	53
47	48
47	50
47	51
47	52
47	53
48	49
48	51
48	52
48	53
49	50
49	51
49	53
50	51
50	52
50	53
51	52
51	53
52	53
54	55
54	56
54	57
54	58
54	59
54	60
54	61
54	62
54	63
54	64
55	56
55	57
55	58
55	59
55	61
55	62
55	63
55	64
56	57
56	58
56	59
56	60
56	61
56	62
56	63
56	64
57	58
57	59
57	60
57	61
57	62
57	63
57	64
58	59
58	60
58	61
58	62
58	63
58	64
59	60
59	62
59	63
59	64
60	62
60	63
60	64
61	62
61	63
61	64
62	63
62	64
63	64
65	66
65	67
65	68
65	69
65	70
65	71
65	72
65	73
65	74
65	75
66	67
66	68
66	70
66	71
66	72
66	73
66	74
66	75
67	68
67	69
67	71
67	72
67	73
67	74
67	75
68	69
68	70
68	71
68	72
68	73
68	74
68	75
69	70
69	71
69	72
69	73
69	74
69	75
70	71
70	72
70	73
70	74
70	75
71	72
71	73
71	74
71	75
72	73
73	74
73	75
74	75
76	77
76	78
76	79
76	80
76	81
76	82
76	84
76	85
76	86
76	87
77	78
77	79
77	80
77	81
77	82
77	83
77	84
77	85
77	86
77	87
78	79
78	80
78	81
78	82
78	83
78	84
78	85
78	86
78	87
79	80
79	81
79	82
79	84
79	85
79	86
79	87
80	81
80	83
80	84
80	85
80	87
81	82
81	84
81	85
81	86
81	87
82	83
82	84
82	85
82	86
82	87
83	84
83	85
83	86
83	87
84	85
84	86
84	87
85	87
86	87
88	91
88	92
88	93
88	95
88	96
88	97
88	98
88	99
88	100
89	90
89	91
89	92
89	93
89	94
89	95
89	96
89	97
89	98
89	99
89	100
90	91
90	92
90	93
90	94
90	95
90	96
90	97
90	98
90	99
90	100
91	92
91	93
91	94
91	95
91	96
91	97
91	98
91	99
91	100
92	93
92	94
92	95
92	98
92	99
92	100
93	94
93	95
93	96
93	97
93	98
93	99
93	100
94	95
94	96
94	97
94	98
94	99
94	100
95	96
95	97
95	98
95	99
95	100
96	97
97	99
97	100
98	99
98	100
99	100
