\\ machines
10
\\ max power
100
\\ Jobs in machine 1
11
J1	15	11	35	20	1.2298075748647146
J2	13	4	80	17	0.7504006333153677
J3	14	5	21	14	0.6851037362192751
J4	15	13	70	3	1.0353622652635113
J5	14	5	108	12	0.18781011573173112
J6	16	8	39	1	0.8201936224493824
J7	15	8	13	18	1.377182710903392
J8	15	4	39	5	1.127352739351817
J9	16	2	75	8	0.3747308494565986
J10	15	8	16	50	1.7479075275899238
J11	15	6	4	19	1.7623728465481394
\\ Jobs in machine 2
11
J12	13	9	31	31	0.9831801486531616
J13	14	6	83	8	1.6377470741192892
J14	15	7	29	11	0.8549479070937653
J15	13	14	47	5	1.0659028538520439
J16	15	14	57	31	0.707899089897625
J17	13	11	103	5	1.1709520383167378
J18	16	10	19	1	0.1168664997623996
J19	15	6	104	48	0.9489702910073428
J20	15	6	5	21	1.0051667144106644
J21	14	6	2	38	0.982500573417487
J22	14	3	102	32	1.2155096287303808
\\ Jobs in machine 3
11
J23	17	7	67	31	0.9667835205637643
J24	15	1	57	14	1.3031423184323652
J25	15	1	100	22	1.0032509689956826
J26	14	5	72	12	2.1015191814780936
J27	15	11	92	4	0.8876883029339667
J28	14	1	55	46	0.7947781904472182
J29	14	2	24	39	1.5035818099198908
J30	16	9	55	33	1.3713456705486469
J31	14	13	87	4	0.8491280525316498
J32	17	9	11	40	1.2684760500601742
J33	15	4	22	34	0.9415719932080286
\\ Jobs in machine 4
12
J34	14	2	94	27	0.9795522626737335
J35	16	12	98	40	1.3254236901520062
J36	14	9	104	39	1.136508775351908
J37	13	11	78	30	1.8346412299629313
J38	15	12	86	41	1.378724637977631
J39	15	14	106	39	1.7438218948842825
J40	14	2	45	40	1.211664298781281
J41	16	10	20	32	0.33006773960096913
J42	15	7	91	30	0.8799225494582334
J43	16	8	45	44	2.0263287973158004
J44	15	13	52	21	0.7191665269238422
J45	15	7	89	13	1.4730001458639923
\\ Jobs in machine 5
11
J46	15	3	31	30	1.0260981507978015
J47	14	14	78	15	1.232831040281449
J48	14	13	72	26	1.1116840384788917
J49	14	12	53	49	0.7646431722010922
J50	16	5	72	38	1.8197451652503518
J51	16	7	42	28	1.307263075445042
J52	14	8	26	32	1.761169696986558
J53	14	13	45	3	1.5662386420314467
J54	14	11	60	28	2.0822501218426166
J55	14	4	26	2	1.7789992268847437
J56	15	10	84	19	0.9745807007225109
\\ Jobs in machine 6
11
J57	13	9	74	11	1.3703092384236066
J58	15	7	84	4	1.3729645739620995
J59	16	6	5	29	1.1134522053202627
J60	15	13	91	35	1.6831439453314807
J61	15	6	45	27	0.6033286528527606
J62	13	13	77	30	1.7149342735213482
J63	17	5	109	48	1.6556926892576038
J64	15	2	54	34	0.687262386001857
J65	12	3	109	23	1.1960862788041853
J66	15	12	85	15	0.6512626011311069
J67	14	5	20	2	1.3018279222050757
\\ Jobs in machine 7
12
J68	14	6	88	23	1.4434701507508285
J69	15	1	17	43	1.4075449388392383
J70	13	3	87	18	0.43091922959922535
J71	15	12	39	26	1.4926825020157617
J72	13	9	107	35	0.7554915472400243
J73	15	5	68	2	1.1927282944652775
J74	15	14	59	25	1.1713751195478208
J75	14	1	54	47	1.2952900577853297
J76	14	2	85	13	0.6827403299201695
J77	17	8	78	46	1.351448773404012
J78	15	2	44	29	1.5126302748471747
J79	14	13	82	39	0.981619470709242
\\ Jobs in machine 8
12
J80	14	4	96	46	0.7137024574133664
J81	14	9	6	17	1.8612218292821079
J82	13	3	71	31	1.421093020685925
J83	16	7	109	39	1.1950580458411522
J84	15	7	25	20	1.0154240938383463
J85	14	9	85	46	1.5639192045079202
J86	13	7	28	42	1.0104622369840344
J87	14	3	94	26	1.1684931182123068
J88	16	13	66	33	0.7520788442573554
J89	15	5	55	2	1.5379699575865602
J90	13	4	37	24	1.5719520569084509
J91	12	4	10	33	1.6054843646795067
\\ Jobs in machine 9
12
J92	13	9	33	46	1.4808984912487873
J93	12	6	95	28	1.595542171121146
J94	15	3	103	45	1.1022084507730794
J95	12	2	91	49	1.1499224965276587
J96	14	1	89	32	2.4803091723031483
J97	14	12	6	40	0.7076254461176692
J98	14	6	2	20	1.0501970859354357
J99	14	14	29	39	1.3574023673982556
J100	16	4	77	15	1.0230947499038316
J101	15	5	53	18	1.9155487715824147
J102	14	13	14	28	1.3175826509534028
J103	12	5	27	19	2.0978365430689827
\\ Jobs in machine 10
10
J104	15	9	74	31	0.370902917567702
J105	13	3	97	45	1.9221285141917916
J106	14	6	15	48	2.263644913072117
J107	15	1	5	7	1.7484628867481624
J108	14	2	8	26	1.5171918992522455
J109	15	8	61	49	0.5293408187014426
J110	15	4	71	14	0.8674847246474342
J111	13	9	50	12	0.9390951835092829
J112	15	9	25	41	0.5906385569540079
J113	14	5	79	16	0.8311154191919625
\\ Dependencies 
114
1	11
2	4
2	10
3	8
4	5
8	9
8	11
12	13
12	18
12	20
13	15
13	16
13	17
14	17
15	19
16	22
17	22
18	22
19	22
23	24
23	27
24	25
24	27
25	28
27	32
28	29
28	30
31	32
35	36
35	37
35	45
36	43
38	39
38	40
38	41
38	42
38	43
39	41
39	43
40	41
40	42
41	44
42	44
42	45
46	50
48	56
49	54
50	51
50	52
51	53
57	63
57	66
57	67
58	62
58	64
59	63
60	61
60	65
60	67
61	65
62	66
63	67
64	65
65	67
68	70
68	73
68	74
69	78
70	76
71	73
72	74
72	76
72	78
73	74
74	75
74	76
76	78
77	78
77	79
80	84
80	89
81	85
81	86
82	90
82	91
83	84
83	90
85	89
86	87
88	89
92	97
92	103
93	97
93	103
94	95
95	98
95	99
95	102
96	97
100	102
104	105
104	107
104	109
104	111
105	106
105	110
105	112
105	113
106	110
106	113
107	108
107	111
107	112
108	113
