\\ machines
12
\\ max power
120
\\ Jobs in machine 1
11
J1	15	2	40	89	0.6846505401518881
J2	14	6	86	6	1.5023503603780037
J3	16	3	104	43	0.46641141146060616
J4	16	4	64	85	0.49080513070526677
J5	14	11	100	17	0.4401636866979928
J6	14	3	63	34	1.5403862873036842
J7	13	11	42	87	2.25455720227718
J8	14	12	20	72	0.9180212288944576
J9	14	3	43	59	1.5291511168393601
J10	12	12	73	48	1.8311904917613142
J11	15	1	86	84	0.5943338335801903
\\ Jobs in machine 2
11
J12	14	11	15	64	1.0811700186082462
J13	15	10	78	35	0.6529317049233562
J14	16	9	29	77	1.324585515801938
J15	15	4	62	12	1.9698534501162195
J16	16	14	45	4	1.891771449420479
J17	14	4	37	65	1.264916779227865
J18	15	13	74	46	1.9942018295132993
J19	14	9	62	16	0.1
J20	14	8	17	15	0.9060670327524993
J21	14	14	54	72	0.4274756094987241
J22	16	1	11	75	0.6355823624577851
\\ Jobs in machine 3
11
J23	14	9	8	81	1.0949118768818988
J24	15	6	2	17	1.1979189803029184
J25	13	6	20	28	1.2747661545792097
J26	14	10	81	51	0.9793794306163162
J27	15	7	90	47	1.0138385204617384
J28	13	4	77	7	0.289709822960751
J29	15	14	65	38	1.4659678872166197
J30	15	8	66	5	1.0281012979809248
J31	14	10	109	16	0.7000122251657274
J32	16	10	66	43	0.8667622170709006
J33	15	12	87	46	1.261209209977074
\\ Jobs in machine 4
12
J34	14	1	15	85	1.467739091467799
J35	14	2	62	30	1.13892339568993
J36	13	10	44	9	1.1393734937547515
J37	15	7	56	38	0.8752012505119249
J38	14	11	95	2	1.6908390396083548
J39	14	6	92	88	0.9307514008683992
J40	16	2	59	62	1.1950212610964652
J41	14	8	25	32	0.8596308665878982
J42	16	3	20	1	1.039102595309895
J43	14	10	59	82	0.9926405952831183
J44	14	10	87	81	1.7880773608682332
J45	14	13	85	89	1.608963970263949
\\ Jobs in machine 5
11
J46	14	2	14	54	1.4170419462916024
J47	14	13	34	82	1.023498772874921
J48	14	4	20	51	1.2367705706453058
J49	14	2	33	27	0.308686465069114
J50	14	3	109	31	1.4363257681429937
J51	14	10	3	49	2.3834237235625984
J52	13	2	52	81	0.21328592066598717
J53	15	1	67	75	0.8458273250391108
J54	16	3	31	51	0.4480828618997975
J55	15	8	69	39	1.2390646930137548
J56	14	10	101	37	0.6151420031452137
\\ Jobs in machine 6
11
J57	15	3	35	89	1.386788126093324
J58	15	14	110	21	1.1190421638496866
J59	13	7	71	63	2.0570553103119598
J60	14	13	5	32	0.4132834716774507
J61	14	7	48	64	1.4640554113544388
J62	14	5	39	90	1.237071503232616
J63	13	8	41	9	1.8642558967442402
J64	16	10	30	25	0.5464425629256966
J65	13	12	36	53	1.0320651811692223
J66	14	2	97	51	0.9224413254960073
J67	14	2	33	45	1.0082035446527633
\\ Jobs in machine 7
9
J68	14	5	36	56	0.830639005843013
J69	15	7	95	82	1.3675797035573012
J70	16	11	61	82	1.034006455013263
J71	15	2	47	11	1.777867902786535
J72	16	8	37	14	2.1896248887737984
J73	14	8	4	78	1.3346930928417176
J74	13	10	58	37	0.6681230427355545
J75	14	12	45	60	1.1111499631025517
J76	16	1	110	5	0.6302173064833017
\\ Jobs in machine 8
11
J77	16	14	27	44	0.5624473290021108
J78	14	4	7	66	0.7683110220830244
J79	14	13	3	34	1.501192214647406
J80	13	14	81	62	1.4793833193077521
J81	15	6	76	62	1.0293572901952377
J82	13	12	72	24	2.3064410971339733
J83	14	3	77	16	1.6719026102804952
J84	14	7	39	2	1.391668452088159
J85	15	7	108	11	0.9237755196072819
J86	13	10	58	48	0.5069758538557242
J87	14	3	22	44	0.6385584987374179
\\ Jobs in machine 9
10
J88	14	3	26	29	1.4999712697738532
J89	14	11	29	74	1.125204854272178
J90	15	1	58	21	1.1750939645576535
J91	15	1	25	31	1.210899483278778
J92	14	4	107	79	1.5344447868144084
J93	15	12	95	48	0.44190280025377615
J94	15	5	51	53	1.4224148517451105
J95	13	1	70	15	1.0447196010353905
J96	16	11	60	15	1.9885083279589737
J97	15	6	110	87	1.3060044740843768
\\ Jobs in machine 10
10
J98	13	8	30	75	0.9986844564084503
J99	16	8	58	6	1.5663740628853908
J100	15	10	13	79	1.351379508063297
J101	13	7	89	78	0.9636991031958733
J102	13	1	73	70	0.3905465978417726
J103	13	8	97	19	1.6464635903301021
J104	14	12	94	29	1.3800426343143408
J105	16	5	78	67	1.732020850570992
J106	15	7	88	9	0.41918558166671493
J107	13	7	67	62	1.206172450929812
\\ Jobs in machine 11
10
J108	15	6	63	32	0.7392377833595714
J109	11	3	7	25	1.8175938850421167
J110	14	14	2	20	0.7788525186669463
J111	15	4	20	9	1.3829876543614419
J112	14	7	48	55	1.3699659942739473
J113	15	13	47	66	0.6910220265167798
J114	15	2	66	89	1.1919746385605547
J115	15	1	21	52	1.465756532454527
J116	16	11	55	34	0.9848128217146492
J117	14	8	41	60	0.8842039775172867
\\ Jobs in machine 12
11
J118	15	10	26	38	1.2973159376215024
J119	13	4	13	35	1.0269357679623716
J120	14	5	97	38	0.9032954193687766
J121	15	3	38	86	1.124959802567648
J122	13	4	41	46	1.0465066538170054
J123	14	7	14	40	2.2345513466385083
J124	15	5	3	66	1.0721480829884753
J125	15	9	101	25	0.9189290147745728
J126	14	5	78	43	1.0076124206016785
J127	15	3	53	62	0.850883921960468
J128	16	1	88	46	0.8291380233515391
\\ Dependencies 
366
1	2
1	3
1	4
1	5
1	7
1	10
2	3
2	4
2	6
2	7
2	8
2	10
2	11
3	5
3	6
3	7
3	9
3	10
3	11
4	5
4	6
4	7
4	11
5	7
5	8
5	9
5	10
5	11
6	8
6	10
6	11
7	8
7	9
7	11
8	9
8	11
9	10
10	11
12	14
12	15
12	16
12	17
12	19
12	20
12	21
12	22
13	15
13	17
13	18
13	19
13	20
13	21
14	16
14	17
14	18
14	21
14	22
15	16
15	17
15	19
15	20
15	21
15	22
16	19
16	20
16	22
17	18
17	21
18	19
18	20
18	21
19	20
19	21
20	21
23	25
23	27
23	29
23	30
23	32
24	26
24	27
24	28
24	31
24	32
25	26
25	27
25	30
25	31
25	32
25	33
26	27
26	28
26	29
27	30
27	31
28	30
28	33
29	30
29	31
30	31
30	32
30	33
31	33
32	33
34	35
34	36
34	37
34	39
34	41
34	42
34	43
34	44
35	37
35	43
36	38
36	39
36	44
36	45
37	40
37	41
37	42
37	43
37	45
38	40
38	41
38	42
38	43
38	44
39	40
39	42
39	43
39	44
40	41
40	42
40	43
40	44
40	45
41	44
41	45
42	43
42	45
43	44
43	45
44	45
46	47
46	50
46	51
46	52
46	53
46	54
46	55
47	48
47	50
47	52
47	53
47	54
47	55
48	52
48	53
48	54
48	55
48	56
49	50
49	55
49	56
50	51
50	53
50	54
50	55
51	52
52	53
52	54
54	55
54	56
55	56
57	59
57	60
57	61
57	62
57	63
57	64
58	59
58	62
58	63
58	64
58	65
59	60
59	66
59	67
60	62
60	63
60	66
60	67
61	62
61	64
61	65
61	66
61	67
62	63
62	66
63	64
63	65
63	66
63	67
64	65
64	66
64	67
65	66
68	71
68	76
69	70
69	71
69	72
69	73
69	76
70	71
70	72
70	76
71	72
71	73
71	74
71	76
72	75
73	74
73	75
74	75
75	76
77	82
77	84
77	86
77	87
78	79
78	81
78	83
78	85
78	86
78	87
79	80
79	83
79	85
79	86
80	82
80	83
80	84
80	86
80	87
81	82
81	83
81	84
81	85
81	86
82	83
82	84
82	85
82	86
82	87
83	84
83	85
83	86
83	87
84	85
84	86
85	86
88	89
88	92
88	93
88	97
89	93
89	94
89	96
90	91
90	92
90	93
90	95
91	93
91	94
91	97
92	93
92	94
92	95
92	97
93	94
93	95
93	97
94	95
94	97
95	96
95	97
96	97
98	100
98	101
98	103
98	105
98	106
98	107
99	100
99	101
99	103
99	104
99	107
100	104
101	102
101	103
101	105
101	106
101	107
102	103
102	105
102	106
103	104
104	106
105	107
108	109
108	110
108	112
108	113
108	115
108	117
109	113
109	114
110	112
110	116
111	112
111	113
111	115
112	114
112	115
112	117
113	115
113	116
113	117
114	115
115	116
116	117
118	120
118	127
118	128
119	122
119	123
119	124
119	125
119	126
119	128
120	121
120	124
120	125
120	126
121	124
121	126
121	127
121	128
122	123
122	124
122	126
122	127
123	125
123	126
123	127
124	127
124	128
125	126
125	127
125	128
126	127
126	128
127	128
