\\ machines
9
\\ max power
90
\\ Jobs in machine 1
11
J1	14	3	65	34	1.476049163356402
J2	15	4	2	31	1.5236834492553717
J3	15	6	93	14	2.015945837700393
J4	13	10	13	22	1.6797513538520943
J5	16	2	25	7	1.5215182517682602
J6	16	8	110	39	1.597697696114086
J7	15	4	8	33	1.3767540900402342
J8	14	11	98	41	0.3306332233687389
J9	14	3	69	47	1.3213210407282099
J10	14	2	108	1	1.422376532015409
J11	14	4	11	58	0.443016171749011
\\ Jobs in machine 2
12
J12	14	11	44	7	0.8435504298870602
J13	14	9	85	33	1.3461097927095598
J14	14	12	71	7	0.6495630115061068
J15	14	14	22	60	1.1266714736767685
J16	16	1	105	48	1.0215583749500798
J17	13	5	83	41	1.6535217897807057
J18	14	7	73	42	2.1189709972519593
J19	14	8	101	53	1.4265149105091548
J20	15	14	14	53	1.5911940140274101
J21	16	3	32	48	0.7454405131642494
J22	14	9	53	35	1.0297170148717993
J23	15	7	23	43	0.7739788740672082
\\ Jobs in machine 3
11
J24	15	1	107	56	1.3165970242354483
J25	13	11	93	49	1.4141469382092486
J26	16	9	2	11	0.6557314896249437
J27	13	14	93	33	2.0022431058070285
J28	15	6	2	23	0.32819894200476407
J29	14	3	48	55	1.3359756189997258
J30	15	2	17	35	1.3809092797443994
J31	14	3	94	28	1.4330075534493072
J32	16	14	102	13	1.6419211816843706
J33	13	14	45	4	1.251409699801783
J34	16	5	9	19	0.6985943741718362
\\ Jobs in machine 4
11
J35	13	12	4	60	1.66759493528604
J36	15	6	74	5	1.076610893321382
J37	16	12	63	33	1.189483724357325
J38	15	3	93	48	1.3842781583827353
J39	15	2	58	8	1.0795935103607157
J40	14	2	75	5	0.35732413701317967
J41	14	1	48	29	2.2064596843570827
J42	15	6	7	61	1.0169825697051906
J43	13	7	31	60	1.8611974155122963
J44	15	9	29	31	1.4081075680332564
J45	15	11	71	49	0.9727619915475176
\\ Jobs in machine 5
12
J46	14	10	74	6	1.1879662176505927
J47	14	13	87	40	1.0799058240133657
J48	14	11	107	1	1.0600393419076306
J49	14	10	104	67	0.3852858428058953
J50	16	8	43	31	0.13455844234720815
J51	15	14	62	38	1.5545175835608065
J52	15	1	52	49	1.3986821683982926
J53	15	8	12	23	1.6520304702060589
J54	14	8	88	49	0.12276702673796214
J55	13	12	25	16	1.018098691191108
J56	16	11	69	6	0.494537599285201
J57	13	9	81	42	1.4422333568273982
\\ Jobs in machine 6
11
J58	15	9	7	33	1.3700244241533848
J59	14	6	41	58	0.6534430093029557
J60	16	11	70	3	0.29380657605537597
J61	13	6	77	24	0.47536699768771473
J62	15	5	68	28	1.475853945941116
J63	17	8	80	28	0.24271764208870295
J64	15	14	98	19	1.9367041415291575
J65	15	3	17	38	1.116852251234471
J66	16	1	21	5	1.3823401026753734
J67	15	4	44	44	1.0563295633283754
J68	13	10	3	19	0.9821702166311852
\\ Jobs in machine 7
11
J69	15	2	46	50	2.77696661959523
J70	14	4	31	67	1.2879581636754505
J71	14	1	88	21	1.3245428921295717
J72	15	1	76	10	0.8323192552052749
J73	14	13	37	43	1.6724454563796112
J74	13	9	50	52	0.41750389677019606
J75	16	1	21	30	0.797774213408706
J76	14	11	31	53	1.6917282468743227
J77	16	8	38	40	1.0486488116976052
J78	15	13	34	34	0.9947552501036937
J79	15	14	20	19	1.524258457763335
\\ Jobs in machine 8
10
J80	14	10	98	38	0.9126818502052809
J81	15	2	58	65	1.6082597055716867
J82	15	8	87	10	1.200647507640085
J83	13	1	49	43	1.2159266835765403
J84	17	11	66	22	0.4054865367046041
J85	14	11	78	7	0.5986366680863116
J86	15	12	99	50	1.9532750789116293
J87	13	14	80	41	1.2755459421460593
J88	14	2	68	52	2.0558786158365514
J89	15	5	93	32	0.3976752230911679
\\ Jobs in machine 9
12
J90	15	13	60	8	2.0463929817109823
J91	17	7	63	57	1.383128723651499
J92	15	1	102	22	0.5461394456105596
J93	15	1	88	47	1.3979181380953667
J94	17	10	92	3	0.5077563867071188
J95	15	12	5	13	0.8299179632090821
J96	13	11	25	34	0.8883936619707341
J97	14	4	67	53	0.47801441450986626
J98	14	6	97	50	1.832911950481482
J99	14	7	96	65	1.0474008378369268
J100	14	11	84	11	0.40451709565767
J101	15	3	94	63	1.88439815868146
\\ Dependencies 
421
1	2
1	3
1	4
1	5
1	6
1	7
1	8
1	9
1	10
1	11
2	3
2	4
2	5
2	6
2	7
2	8
2	9
2	10
2	11
3	4
3	5
3	6
3	8
3	9
3	10
3	11
4	5
4	6
4	8
4	9
4	10
4	11
5	7
5	8
5	9
5	10
5	11
6	7
6	8
6	9
6	10
6	11
7	8
7	9
7	10
8	9
9	10
9	11
10	11
12	13
12	14
12	15
12	17
12	19
12	20
12	21
12	22
13	14
13	15
13	16
13	17
13	18
13	21
13	22
13	23
14	15
14	16
14	17
14	18
14	20
14	21
14	22
14	23
15	16
15	17
15	18
15	19
15	20
15	21
15	22
15	23
16	18
16	19
16	20
16	22
16	23
17	18
17	19
17	20
17	21
17	22
17	23
18	19
18	21
18	22
18	23
19	20
19	22
19	23
20	22
20	23
21	22
21	23
22	23
24	25
24	26
24	27
24	29
24	30
24	31
24	32
24	34
25	27
25	29
25	30
25	31
26	27
26	28
26	29
26	31
26	32
26	33
26	34
27	28
27	29
27	30
27	31
27	32
27	33
27	34
28	29
28	30
28	33
29	30
29	31
29	32
29	33
29	34
30	31
30	32
30	33
30	34
31	32
31	33
32	33
32	34
33	34
35	39
35	41
35	42
35	43
35	45
36	37
36	38
36	39
36	41
36	42
36	43
36	44
36	45
37	38
37	39
37	40
37	41
37	42
37	43
37	44
37	45
38	39
38	40
38	41
38	42
38	43
38	44
38	45
39	40
39	41
39	42
39	45
40	42
40	43
40	44
40	45
41	42
41	43
41	45
42	43
42	44
42	45
43	44
43	45
44	45
46	48
46	50
46	51
46	52
46	53
46	54
46	55
46	56
46	57
47	48
47	49
47	50
47	51
47	52
47	53
47	54
47	55
47	56
47	57
48	49
48	51
48	52
48	53
48	54
48	55
48	57
49	50
49	51
49	52
49	53
49	55
49	56
49	57
50	51
50	52
50	53
50	55
51	52
51	53
51	55
51	57
52	53
52	54
52	56
52	57
53	54
53	56
53	57
54	55
54	56
55	56
56	57
58	60
58	62
58	63
58	64
58	65
58	66
58	68
59	60
59	61
59	62
59	63
59	65
59	66
59	67
59	68
60	61
60	62
60	63
60	65
60	66
60	67
60	68
61	62
61	63
61	64
61	65
61	66
61	67
61	68
62	63
62	64
62	65
62	66
62	68
63	64
63	65
63	66
63	67
63	68
64	65
64	66
65	66
65	67
66	67
66	68
69	70
69	71
69	73
69	74
69	75
69	76
69	77
69	78
69	79
70	71
70	72
70	74
70	75
70	76
70	77
70	78
70	79
71	72
71	74
71	75
71	76
71	77
71	78
71	79
72	74
72	75
72	76
72	77
72	79
73	74
73	75
73	76
73	77
73	79
74	75
74	76
74	79
75	76
75	79
76	77
76	78
76	79
77	78
77	79
78	79
80	81
80	84
80	85
80	86
80	87
80	88
80	89
81	82
81	84
81	86
81	87
81	88
82	83
82	84
82	85
82	86
82	87
83	85
83	86
83	88
84	86
84	87
84	88
84	89
85	86
85	87
85	88
85	89
86	87
86	88
86	89
87	89
88	89
90	91
90	92
90	93
90	94
90	95
90	96
90	97
90	98
90	99
90	100
90	101
91	92
91	93
91	94
91	96
91	97
91	98
91	99
91	100
91	101
92	93
92	94
92	95
92	96
92	97
92	98
92	100
92	101
93	94
93	95
93	96
93	97
93	98
93	99
93	100
94	96
94	97
94	98
94	100
94	101
95	96
95	97
95	101
96	97
96	98
96	99
96	100
97	99
97	100
97	101
98	99
98	101
99	100
100	101
