\\ machines
15
\\ max power
150
\\ Jobs in machine 1
11
J1	15	12	100	37	0.47824419278840524
J2	14	7	4	98	1.068432490259234
J3	14	9	74	68	1.8624025151522863
J4	15	3	11	50	1.262734867827061
J5	14	9	13	59	1.831656188014054
J6	17	7	71	41	0.4854375145269936
J7	15	8	103	33	1.0344570311781565
J8	13	1	39	107	1.0914652296095517
J9	14	8	92	7	1.2787443701880283
J10	14	8	48	85	0.8119223217195013
J11	14	8	102	111	0.6353547499472495
\\ Jobs in machine 2
10
J12	15	4	91	5	0.9708745468142786
J13	14	6	14	47	0.979869163516749
J14	14	4	31	59	1.2445515424605427
J15	15	10	58	92	1.637816113328
J16	15	10	14	101	0.9305165277154916
J17	12	2	59	85	1.277825304577462
J18	12	14	27	10	0.5329783710299345
J19	14	12	34	29	1.5172860957358192
J20	15	5	11	79	0.6926330020669254
J21	12	5	49	60	1.5120100809315689
\\ Jobs in machine 3
11
J22	13	6	34	39	0.350670738970405
J23	15	10	46	37	0.1
J24	14	14	70	20	1.115622616217173
J25	15	14	93	90	1.4447161890921494
J26	16	12	52	94	1.1558750572225
J27	16	3	20	37	1.6052737960662387
J28	14	11	81	103	1.1108186204796966
J29	15	12	6	109	1.7926176857522211
J30	14	2	43	67	1.250785001478158
J31	13	8	14	87	1.4089853782371242
J32	13	14	97	17	0.7629208316058457
\\ Jobs in machine 4
10
J33	15	13	18	24	0.9171969572724562
J34	14	5	66	85	2.4635138815979882
J35	12	9	2	55	0.9498391391695709
J36	15	13	44	93	1.1824494736113045
J37	14	5	107	9	1.0684093675742647
J38	15	7	63	94	0.35197410053550693
J39	16	1	72	41	0.8653548957998807
J40	15	7	60	26	1.3539174596083612
J41	13	4	83	104	0.9674891805159435
J42	15	7	11	60	1.0253823812210032
\\ Jobs in machine 5
12
J43	14	9	14	111	1.0629133592094877
J44	14	13	13	101	1.138117430973636
J45	15	1	100	88	1.4188900000593856
J46	16	14	77	19	1.6289143906451937
J47	15	8	71	103	1.3527651902254032
J48	14	1	44	2	0.8301754121270434
J49	14	13	18	58	1.2772899495026826
J50	14	1	102	3	1.8955784575527812
J51	12	11	74	68	1.022236013101319
J52	15	9	9	16	0.6955609834642753
J53	14	7	59	40	0.9625444181281337
J54	14	5	101	99	1.030769350084967
\\ Jobs in machine 6
12
J55	15	8	27	27	0.9411896824004256
J56	15	5	25	82	1.2500176021195797
J57	13	10	82	71	0.8932741510288523
J58	14	7	51	108	1.9678497141861706
J59	13	7	102	95	0.9721507625815101
J60	14	10	7	94	0.6381829598049161
J61	15	14	98	108	1.2127699003636911
J62	13	5	27	93	1.4238611698804595
J63	17	9	11	8	2.349126507032798
J64	14	10	78	50	0.942466201648603
J65	14	11	32	89	1.1708130560729821
J66	16	2	62	52	1.5905037962010602
\\ Jobs in machine 7
11
J67	15	9	11	12	0.9966900296705201
J68	14	14	37	78	0.734103644552714
J69	14	1	36	93	1.6861033783948316
J70	14	8	95	88	0.8903800034375413
J71	14	4	44	73	0.7968954973911806
J72	17	2	100	98	1.2556123555206302
J73	14	4	22	9	1.5568443795532203
J74	16	13	9	25	1.6111114713393448
J75	15	10	10	75	1.381903799848738
J76	15	9	80	96	0.7585231673926525
J77	16	7	103	35	0.9422394221747539
\\ Jobs in machine 8
9
J78	15	3	91	51	1.0284915976386109
J79	14	2	91	54	0.1
J80	14	14	39	42	0.7774881018427988
J81	15	12	41	4	1.4694140833897997
J82	15	1	86	104	1.22800696293206
J83	15	8	75	93	1.0738080756119364
J84	15	8	10	42	1.6061585989307674
J85	14	1	5	46	1.053641284884097
J86	15	3	27	112	0.4217336237104232
\\ Jobs in machine 9
9
J87	14	13	94	72	0.7312327324702681
J88	15	5	62	80	0.37860479418844717
J89	16	12	52	40	1.2735457190535673
J90	14	3	95	18	1.866752945651453
J91	14	9	97	16	0.4186667679524313
J92	16	3	15	92	1.5603813005402223
J93	14	7	100	14	1.3193761857051285
J94	17	9	61	95	1.211991409082307
J95	14	7	18	2	1.46191439270737
\\ Jobs in machine 10
9
J96	15	6	50	73	1.8047976120299665
J97	15	10	5	1	1.4182893344511387
J98	14	11	67	101	0.8355191425194447
J99	15	10	18	15	1.4127474705336338
J100	15	3	95	75	1.5329587059013223
J101	15	1	106	64	1.1646483587308127
J102	16	14	52	12	0.42978273570123504
J103	15	14	25	100	0.8188154015999893
J104	14	7	68	23	1.2052188188635389
\\ Jobs in machine 11
11
J105	16	5	52	56	0.8354393930723394
J106	15	11	109	28	0.8726520680469394
J107	13	10	56	80	1.5874502534551465
J108	16	12	107	1	2.18868314919042
J109	16	9	39	70	1.1530816988126
J110	15	8	78	7	1.686671488519719
J111	15	1	102	29	1.117447268587805
J112	17	10	55	70	1.2412285977022495
J113	15	9	46	108	1.792419612426789
J114	17	11	105	69	0.6311683100010891
J115	13	7	48	58	0.5939770426285559
\\ Jobs in machine 12
11
J116	14	10	43	82	1.5830006514676382
J117	14	13	110	17	1.156780403453234
J118	14	10	26	10	1.1035848741460261
J119	16	3	99	3	1.194226889462102
J120	14	8	101	101	2.0591748698693597
J121	16	4	103	98	0.5221878058724488
J122	14	1	66	69	1.8283357112169911
J123	16	13	6	83	1.8701445350130237
J124	13	6	53	4	1.0774423597871672
J125	14	14	52	81	0.23308957865455093
J126	15	1	79	50	1.4100116969021865
\\ Jobs in machine 13
9
J127	13	3	61	102	0.7664231143014699
J128	14	11	2	27	0.9071900656742833
J129	14	12	68	71	1.1995013000881114
J130	14	9	77	42	1.3398217129752072
J131	15	12	36	70	0.33884585832635394
J132	15	4	28	110	1.5279786560165125
J133	16	2	16	39	1.06491897193415
J134	17	10	16	5	0.7655370575626688
J135	15	10	7	23	1.6687914416478218
\\ Jobs in machine 14
12
J136	14	1	36	86	0.46728080273404027
J137	15	9	90	103	0.9847670002962325
J138	14	4	92	11	1.0414885014413342
J139	13	1	36	91	1.8959878146036757
J140	14	14	93	82	0.9291236785112166
J141	14	9	76	61	0.8572781993243513
J142	14	12	107	106	0.6759210402922162
J143	14	7	34	29	1.3503266184494593
J144	16	14	60	21	2.5051241595681546
J145	16	3	5	28	1.227533028377468
J146	16	8	69	58	1.6014717453448841
J147	13	3	5	3	0.42824788519180246
\\ Jobs in machine 15
10
J148	16	6	45	75	0.41031795346699584
J149	15	3	57	19	1.211985588139154
J150	15	12	16	93	1.6843353512068995
J151	13	1	81	96	0.5069028889202526
J152	15	8	66	6	0.1
J153	14	8	109	72	2.0098267072190077
J154	14	4	98	105	1.4506457283811987
J155	15	4	36	72	0.5885058728596948
J156	15	4	44	13	0.9937995798544327
J157	15	10	10	37	1.8098865490572196
\\ Dependencies 
597
1	2
1	3
1	4
1	6
1	7
1	8
1	9
1	10
1	11
2	4
2	5
2	6
2	7
2	8
2	9
2	10
2	11
3	4
3	5
3	7
3	8
3	10
3	11
4	5
4	7
4	8
4	10
5	6
5	7
5	8
5	9
5	11
6	7
6	8
6	11
7	9
8	9
8	10
9	10
10	11
12	13
12	14
12	15
12	16
12	17
12	18
12	20
12	21
13	14
13	15
13	16
13	17
13	18
13	19
13	21
14	15
14	17
14	18
14	19
14	20
14	21
15	16
15	17
15	18
15	19
15	20
15	21
16	17
16	18
16	19
16	20
16	21
17	18
17	19
17	20
17	21
18	20
18	21
19	20
19	21
20	21
22	23
22	24
22	25
22	26
22	27
22	28
22	29
22	30
22	31
22	32
23	24
23	25
23	26
23	28
23	29
23	31
24	25
24	26
24	27
24	28
24	29
24	30
24	31
25	26
25	27
25	29
25	30
25	31
25	32
26	28
26	29
26	30
26	31
26	32
27	28
27	29
27	30
27	32
28	29
28	30
28	31
28	32
29	30
29	31
29	32
30	31
30	32
31	32
33	36
33	38
33	40
33	41
33	42
34	35
34	36
34	38
34	39
34	40
34	41
34	42
35	36
35	37
35	38
35	39
35	41
35	42
36	37
36	38
36	39
36	40
37	39
37	40
37	41
37	42
38	39
38	41
38	42
39	40
39	41
39	42
40	41
41	42
43	44
43	45
43	46
43	47
43	49
43	50
43	51
43	52
43	53
43	54
44	45
44	46
44	47
44	48
44	50
44	52
44	53
45	46
45	47
45	48
45	49
45	52
45	53
45	54
46	48
46	50
46	51
46	52
46	53
46	54
47	48
47	49
47	50
47	51
47	52
47	53
47	54
48	49
48	50
48	51
48	54
49	50
49	51
49	52
49	53
49	54
50	51
50	53
50	54
51	54
52	53
52	54
55	56
55	57
55	58
55	61
55	62
55	64
55	65
55	66
56	58
56	59
56	60
56	61
56	62
56	63
56	64
56	65
56	66
57	58
57	60
57	61
57	62
57	63
57	64
57	66
58	59
58	60
58	61
58	63
58	64
58	65
58	66
59	60
59	62
59	63
59	64
59	65
59	66
60	61
60	62
60	63
60	64
60	65
60	66
61	62
61	63
61	64
61	66
62	64
62	65
63	64
63	65
63	66
64	66
65	66
67	68
67	69
67	70
67	71
67	72
67	73
67	74
67	75
67	76
67	77
68	70
68	71
68	72
68	73
68	74
68	75
68	76
68	77
69	71
69	72
69	73
69	74
69	75
69	76
69	77
70	71
70	72
70	73
70	75
70	76
70	77
71	72
71	73
71	74
71	75
71	76
71	77
72	73
72	74
72	75
72	76
72	77
73	74
73	75
73	76
75	76
75	77
76	77
78	79
78	80
78	81
78	82
78	83
78	84
78	85
78	86
79	81
79	82
79	84
79	85
79	86
80	81
80	83
80	84
80	86
81	82
81	83
81	84
81	85
81	86
82	83
82	85
82	86
83	84
83	85
83	86
84	85
84	86
85	86
87	88
87	89
87	90
87	94
87	95
88	89
88	90
88	91
88	92
88	94
88	95
89	91
89	92
89	94
89	95
90	91
90	92
90	93
90	94
90	95
91	92
91	93
91	94
91	95
92	94
92	95
93	94
94	95
96	97
96	98
96	99
96	100
96	103
97	98
97	100
97	101
97	102
97	104
98	99
98	101
98	103
99	100
99	101
99	103
100	101
100	102
100	103
100	104
101	103
101	104
102	103
102	104
103	104
105	107
105	108
105	109
105	110
105	113
105	114
105	115
106	107
106	108
106	110
106	111
106	112
106	113
107	108
107	109
107	110
107	114
107	115
108	110
108	112
108	113
108	114
108	115
109	111
109	113
109	114
109	115
110	111
110	113
110	114
110	115
111	112
111	114
111	115
112	113
112	114
112	115
113	115
114	115
116	117
116	118
116	119
116	120
116	122
116	123
116	124
116	125
117	118
117	119
117	121
117	124
117	125
117	126
118	119
118	120
118	121
118	122
118	123
118	124
118	125
118	126
119	120
119	121
119	122
119	123
119	124
119	125
120	121
120	122
120	123
120	125
120	126
121	122
121	123
121	124
121	125
121	126
122	125
122	126
123	124
123	125
125	126
127	128
127	129
127	131
127	132
127	133
127	135
128	129
128	131
128	132
128	133
128	135
129	130
129	133
129	135
130	131
130	132
130	133
130	134
131	132
131	133
131	134
131	135
132	133
132	134
132	135
133	134
133	135
134	135
136	137
136	138
136	139
136	140
136	141
136	142
136	143
136	144
136	146
137	138
137	139
137	140
137	141
137	144
137	146
137	147
138	140
138	141
138	142
138	143
138	144
138	146
139	141
139	144
139	145
139	146
139	147
140	141
140	142
140	145
140	146
140	147
141	142
141	143
141	144
141	145
141	146
141	147
142	143
142	144
142	145
142	146
142	147
143	145
143	146
144	145
144	146
144	147
145	146
146	147
148	149
148	150
148	151
148	152
148	153
148	154
148	155
148	157
149	150
149	152
149	153
149	154
149	155
149	157
150	151
150	153
150	154
150	155
150	156
150	157
151	153
151	154
151	155
151	156
151	157
152	153
152	154
152	155
153	154
153	155
153	157
154	155
154	156
154	157
155	157
156	157
