\\ machines
6
\\ max power
60
\\ Jobs in machine 1
12
J1	15	5	81	32	1.6652294089560788
J2	15	12	19	34	1.0260099201655615
J3	14	12	88	32	1.2625233226629216
J4	16	9	5	30	1.076054546716887
J5	16	14	13	10	1.2833924357644433
J6	16	5	24	11	1.329997839521191
J7	16	6	44	16	1.1869169042690806
J8	14	10	22	42	0.8819617794440933
J9	13	13	90	3	0.8082607612657031
J10	14	10	69	3	1.0541116789259128
J11	15	8	30	17	0.7988299973509057
J12	13	10	53	32	1.6099307821735054
\\ Jobs in machine 2
12
J13	14	8	40	10	1.5030327273193125
J14	15	14	11	24	0.8632217288012924
J15	15	9	46	32	1.271054420748884
J16	14	7	22	36	1.0175619510919218
J17	13	10	22	31	1.4118935061443258
J18	16	3	25	21	2.174404999997649
J19	12	14	57	20	1.1609890012055424
J20	13	12	95	5	0.6920113323111186
J21	15	2	93	12	1.316475274597225
J22	14	1	46	5	0.6940877351345311
J23	14	2	103	20	0.7239849942975953
J24	14	1	48	1	1.0759850519812348
\\ Jobs in machine 3
12
J25	16	14	25	28	1.7551189364850304
J26	14	2	57	38	1.4062477838605696
J27	14	9	81	36	1.5810457145656154
J28	17	14	103	17	1.8943182537279637
J29	16	6	94	20	0.8899214054402071
J30	15	2	73	38	0.7093050796035881
J31	15	13	68	6	1.6920464662695234
J32	14	6	48	26	1.5561098612364004
J33	14	8	5	27	1.165639024549949
J34	17	10	40	31	0.4413074638954141
J35	14	6	106	43	0.5280151118786085
J36	14	1	19	16	1.4356229897692796
\\ Jobs in machine 4
10
J37	14	8	95	2	2.1008774748335037
J38	15	14	31	26	1.7791724794614017
J39	13	8	51	35	1.5236511856452548
J40	14	1	109	45	1.35392458592809
J41	15	5	12	38	1.9145166719820905
J42	15	10	71	4	1.0299578746180382
J43	15	14	100	10	1.9441393728878509
J44	14	13	43	31	2.250890226358435
J45	15	3	103	25	1.1711688438906644
J46	15	5	6	19	1.3102351426979069
\\ Jobs in machine 5
11
J47	15	7	73	40	0.4430210722572101
J48	14	5	97	20	0.1
J49	15	4	84	6	1.0240836767337618
J50	16	3	48	28	1.3811216791120489
J51	15	9	34	20	0.9842947068610886
J52	14	7	10	8	1.018018310070838
J53	15	11	40	12	1.283051062074199
J54	14	1	39	34	0.9321942717993232
J55	16	13	68	6	1.2603823681427397
J56	16	14	85	39	1.8477098225199846
J57	15	4	3	1	1.1591012414281465
\\ Jobs in machine 6
9
J58	15	1	98	13	1.6530147438605605
J59	13	9	57	24	1.2786328131877926
J60	15	1	101	21	1.3054842336345134
J61	15	3	52	37	1.477953283392297
J62	15	13	16	14	0.710672497808543
J63	13	4	93	36	1.0721781410907019
J64	16	5	83	37	1.1785240851942866
J65	14	11	51	10	1.4574462275931015
J66	13	2	6	8	1.6876272292104222
\\ Dependencies 
243
1	2
1	4
1	5
1	6
1	8
1	9
1	12
2	4
2	6
2	8
2	9
2	10
2	11
2	12
3	5
3	6
3	8
3	9
3	10
3	11
4	5
4	6
4	7
4	9
4	10
4	11
4	12
5	6
5	8
5	10
5	11
5	12
6	7
6	8
6	9
6	10
6	11
6	12
7	8
7	10
7	11
7	12
8	9
8	10
8	11
9	10
9	11
9	12
10	11
10	12
11	12
13	14
13	15
13	17
13	18
13	20
13	22
13	23
14	15
14	16
14	18
14	20
14	21
14	22
14	23
14	24
15	16
15	18
15	19
15	20
15	21
15	22
15	23
16	17
16	18
16	19
16	20
16	21
16	22
16	24
17	19
17	20
17	21
17	24
18	19
18	20
18	22
18	23
18	24
19	20
19	22
19	23
19	24
20	21
21	22
22	23
22	24
25	26
25	27
25	28
25	30
25	31
25	32
25	33
25	34
26	27
26	29
26	33
26	34
26	36
27	28
27	31
27	32
27	33
27	34
27	36
28	30
28	31
28	32
28	33
28	34
28	35
29	30
29	32
29	33
29	34
29	36
30	31
30	32
30	33
30	34
30	35
30	36
31	32
31	33
31	34
31	35
31	36
32	33
32	34
32	36
33	34
34	35
34	36
35	36
37	38
37	39
37	40
37	42
37	43
37	46
38	39
38	40
38	41
38	42
38	43
38	44
38	45
39	40
39	41
39	42
39	44
39	45
39	46
40	41
40	42
40	44
40	45
41	43
41	45
41	46
42	43
42	44
42	46
43	44
43	46
44	45
44	46
45	46
47	50
47	51
47	54
47	55
48	50
48	51
48	52
48	53
48	55
48	56
48	57
49	50
49	51
49	52
49	55
49	56
49	57
50	51
50	52
50	54
50	57
51	52
51	53
51	54
51	57
52	53
52	55
52	56
52	57
53	54
53	55
53	56
54	55
54	56
54	57
55	57
56	57
58	59
58	60
58	61
58	62
58	63
58	64
59	62
59	64
59	65
60	61
60	62
60	63
60	64
60	65
60	66
61	63
61	64
61	65
61	66
62	63
62	64
62	65
62	66
63	64
63	65
64	66
65	66
