\\ machines
7
\\ max power
70
\\ Jobs in machine 1
11
J1	14	8	76	11	0.28108219148332203
J2	14	5	61	7	1.3877810563383606
J3	14	13	24	6	1.1113214589589453
J4	14	4	60	9	1.1947043986409793
J5	15	6	3	8	1.8108784815387458
J6	15	12	90	9	1.182078590773045
J7	13	8	99	17	1.2011795048569118
J8	15	4	62	18	0.8383656798262532
J9	15	13	68	4	1.7870145820275902
J10	14	1	2	7	1.2896659067937404
J11	14	5	102	3	1.1772331115154362
\\ Jobs in machine 2
11
J12	15	13	37	15	0.10711989478082051
J13	16	8	63	11	1.356085579631149
J14	15	6	90	4	1.1924446057058293
J15	14	9	30	4	1.6260969559610756
J16	15	8	52	3	0.1
J17	16	2	26	10	1.6932830279900464
J18	15	2	78	9	0.30736946177918933
J19	17	14	10	11	0.6306741577249878
J20	14	8	59	12	1.4476403273314429
J21	13	1	72	1	0.5777200436190743
J22	15	4	59	17	1.6753146666835699
\\ Jobs in machine 3
9
J23	14	13	29	9	1.3304538355376085
J24	12	6	9	1	0.8951477088173453
J25	14	2	43	10	0.4682877062575267
J26	13	11	69	3	0.3845808665075121
J27	16	3	59	11	1.0821937378877096
J28	16	12	22	4	1.1581043111272955
J29	16	8	86	17	1.3385674410285402
J30	13	8	39	6	1.2065809720018748
J31	15	14	46	10	1.294166490468786
\\ Jobs in machine 4
11
J32	14	6	68	7	0.4548686870872991
J33	15	13	33	15	1.9579166350880894
J34	16	7	44	1	2.3696662292111736
J35	15	4	68	6	1.482370324405934
J36	14	4	84	16	0.7469957445039458
J37	13	14	91	18	1.414483803547462
J38	15	1	10	4	1.4501952410084618
J39	13	13	61	6	1.171636546010043
J40	15	12	105	9	1.7087782959364568
J41	14	14	16	13	1.669498520858569
J42	13	6	25	13	0.7677214522907261
\\ Jobs in machine 5
9
J43	12	13	99	2	1.2171370264263184
J44	15	4	103	12	0.7988821685618023
J45	14	1	105	13	1.5783800863589181
J46	15	4	4	8	0.7367596735935338
J47	13	7	78	4	1.163369270496911
J48	15	7	10	16	0.9231211929348029
J49	16	9	83	1	1.4324383632732336
J50	16	1	85	13	1.1211050071970083
J51	15	8	5	12	0.15407160044730972
\\ Jobs in machine 6
14
J52	14	14	97	17	0.995439281091228
J53	14	10	2	11	0.7629891639350945
J54	15	11	87	7	1.5956322954157365
J55	13	6	102	9	1.0911222702765235
J56	12	1	92	7	0.6703780011031213
J57	14	8	43	13	1.350642367239763
J58	14	7	5	17	0.9535960361041882
J59	15	12	95	11	2.041890286878203
J60	16	8	12	14	1.0741671710830882
J61	12	5	23	14	1.5073598994527746
J62	16	4	10	9	0.5853881176591904
J63	14	2	81	8	0.6250286098895073
J64	13	2	78	14	1.193405381949735
J65	16	6	101	13	0.4215815242769343
\\ Jobs in machine 7
10
J66	13	10	109	15	1.102512543208379
J67	14	10	83	5	0.6714714271316756
J68	14	12	17	3	0.1
J69	15	11	22	11	1.4263744045487836
J70	16	9	63	4	1.4727010392973194
J71	14	4	59	12	0.6664160365809003
J72	14	9	20	1	0.8456065567032107
J73	13	7	24	5	1.258601374885993
J74	13	8	23	4	1.3973135032869306
J75	14	3	101	5	0.5816004118754023
\\ Dependencies 
343
1	2
1	3
1	4
1	5
1	6
1	7
1	8
1	9
1	10
1	11
2	3
2	4
2	5
2	6
2	7
2	8
2	9
2	10
2	11
3	4
3	5
3	6
3	7
3	8
3	9
3	10
3	11
4	5
4	6
4	7
4	8
4	9
4	10
4	11
5	7
5	8
5	9
5	10
5	11
6	7
6	8
6	9
6	11
7	8
7	9
7	10
7	11
8	9
8	10
8	11
9	10
10	11
12	13
12	14
12	15
12	16
12	17
12	18
12	19
12	20
12	21
12	22
13	14
13	15
13	16
13	17
13	18
13	19
13	20
13	21
13	22
14	15
14	16
14	18
14	19
14	20
14	21
14	22
15	16
15	17
15	18
15	19
15	20
15	21
15	22
16	17
16	18
16	19
16	20
16	21
16	22
17	18
17	19
17	20
17	21
17	22
18	19
18	20
18	21
18	22
19	20
19	21
19	22
20	21
20	22
21	22
23	24
23	25
23	26
23	27
23	29
23	30
23	31
24	25
24	26
24	27
24	28
24	29
24	30
24	31
25	26
25	27
25	29
25	30
25	31
26	27
26	28
26	29
26	30
26	31
27	28
27	29
27	30
27	31
28	29
28	30
28	31
29	30
30	31
32	33
32	34
32	35
32	36
32	37
32	38
32	39
32	40
32	41
32	42
33	34
33	35
33	36
33	37
33	38
33	39
33	40
33	41
33	42
34	35
34	36
34	37
34	38
34	40
34	41
34	42
35	37
35	38
35	39
35	40
35	41
35	42
36	37
36	38
36	39
36	40
36	41
36	42
37	38
37	39
37	40
37	41
37	42
38	39
38	40
38	41
39	40
39	41
39	42
40	42
41	42
43	45
43	47
43	48
43	49
43	50
44	45
44	46
44	47
44	48
44	50
44	51
45	46
45	47
45	48
45	49
45	51
46	47
46	48
46	49
46	50
46	51
47	48
47	49
47	50
47	51
48	49
48	50
48	51
49	50
49	51
50	51
52	53
52	54
52	55
52	56
52	57
52	58
52	59
52	60
52	61
52	62
52	63
52	64
52	65
53	54
53	55
53	56
53	57
53	58
53	59
53	60
53	61
53	62
53	63
53	64
53	65
54	55
54	56
54	58
54	59
54	60
54	61
54	62
54	64
54	65
55	56
55	57
55	58
55	59
55	61
55	62
55	63
55	64
55	65
56	57
56	58
56	59
56	60
56	61
56	62
56	63
56	64
56	65
57	58
57	59
57	60
57	61
57	63
57	64
57	65
58	59
58	60
58	61
58	62
58	63
59	60
59	62
59	63
59	64
59	65
60	61
60	63
60	64
60	65
61	62
61	63
61	64
61	65
62	63
62	64
62	65
63	64
63	65
64	65
66	67
66	68
66	69
66	70
66	71
66	72
66	73
66	74
66	75
67	68
67	69
67	71
67	72
67	73
67	74
67	75
68	69
68	71
68	72
68	73
68	74
68	75
69	70
69	71
69	72
69	73
70	71
70	72
70	73
70	74
70	75
71	72
71	74
71	75
72	73
72	74
73	74
73	75
74	75
