\\ machines
10
\\ max power
100
\\ Jobs in machine 1
10
J1	14	1	110	6	0.809451247851202
J2	15	10	25	3	2.123466874028012
J3	12	3	99	2	1.4408354167628235
J4	14	3	81	14	0.36756044341866756
J5	15	14	89	6	1.8624141521790432
J6	12	11	70	25	0.16815567000005371
J7	16	11	84	12	0.7729551979096425
J8	16	5	15	6	1.1820538148441289
J9	14	2	77	12	1.415354930512978
J10	15	7	91	3	1.2292325439497682
\\ Jobs in machine 2
11
J11	15	14	66	5	0.1
J12	14	10	52	12	0.7325516993292884
J13	13	6	83	1	0.9438244831988376
J14	16	5	99	11	1.5621078847104677
J15	14	10	73	13	0.8157694459088596
J16	15	7	30	18	0.8780466080702728
J17	16	8	3	6	1.0883326932768698
J18	15	14	88	14	1.4748183931783792
J19	15	9	86	19	1.4036711612927557
J20	13	7	10	8	0.5640052069027014
J21	15	12	74	8	2.236249206665437
\\ Jobs in machine 3
12
J22	15	1	97	5	1.4420572449888927
J23	14	10	80	10	1.378888465188957
J24	16	9	8	2	1.2375066186791228
J25	14	3	23	19	1.9492759187905881
J26	15	2	21	11	0.7547460444173548
J27	14	4	78	13	1.5416597593549235
J28	14	7	83	22	0.8602341939697434
J29	16	4	24	17	2.1466447200256655
J30	14	1	48	20	1.3351132571470616
J31	13	1	11	13	1.2098257821600413
J32	16	10	49	1	0.7036246653098663
J33	15	7	19	17	0.5146534994531268
\\ Jobs in machine 4
11
J34	16	5	74	14	1.2846103467439398
J35	13	1	15	14	1.2258198495818189
J36	14	8	33	24	0.9495403699976441
J37	13	12	89	24	0.43625741300502385
J38	15	7	34	8	1.3730243943648996
J39	16	3	68	2	1.9636310683194886
J40	17	5	73	4	1.2034873872542562
J41	14	3	53	12	2.243428779004814
J42	13	4	2	5	1.0910881326139252
J43	16	2	86	18	0.8563720378364033
J44	14	4	96	1	1.8087221321208564
\\ Jobs in machine 5
11
J45	15	10	102	2	1.4065169018001835
J46	13	10	92	3	2.29783861421535
J47	15	2	74	10	1.2978057781888541
J48	15	6	49	3	0.4106825558060374
J49	14	1	35	19	1.6615825971088343
J50	13	7	53	10	1.4579211660915365
J51	15	14	68	24	0.9523426041098262
J52	14	8	30	1	0.3925782548402261
J53	14	13	13	3	0.6769595316956143
J54	14	11	10	19	1.9385995546635817
J55	14	5	70	11	1.2983168582562459
\\ Jobs in machine 6
12
J56	14	11	59	4	1.2583770620252155
J57	16	2	43	17	0.8096728374124333
J58	15	6	9	21	0.22563960565733265
J59	14	6	87	16	1.1357151433248505
J60	13	11	94	12	0.12152822881692038
J61	14	14	98	21	0.47193713935549464
J62	15	7	78	19	1.592060500443894
J63	14	14	73	25	1.2116058137121084
J64	14	5	94	3	1.8290109757531474
J65	15	12	104	14	1.2594305561896013
J66	17	6	65	9	1.19225131562094
J67	15	7	55	15	0.22061913141675227
\\ Jobs in machine 7
11
J68	14	8	52	15	1.4493800758010793
J69	14	14	110	23	1.6197222599221823
J70	14	4	55	12	1.9698221243670557
J71	14	10	99	24	0.7848804900911239
J72	15	7	28	18	1.4406934987380546
J73	15	14	73	16	1.5470088942922358
J74	14	4	45	9	0.6841545864968221
J75	15	7	4	18	0.8776730825640224
J76	14	9	50	1	1.342814970875385
J77	17	5	12	25	1.3356927920393442
J78	14	1	23	18	1.6351131268926995
\\ Jobs in machine 8
11
J79	15	11	38	14	0.5206647023276053
J80	15	14	11	8	1.2000471168235334
J81	16	10	56	13	1.2402377023749374
J82	16	5	96	21	0.9337296664683981
J83	14	9	63	10	1.296093226103949
J84	14	5	72	22	1.404540651615382
J85	16	2	80	14	2.0090444419041615
J86	14	2	83	2	1.002817654878732
J87	15	6	21	5	1.4712220840867434
J88	14	5	98	14	0.830627176827776
J89	15	9	38	1	1.1125139234162347
\\ Jobs in machine 9
10
J90	14	5	68	20	0.957035993146708
J91	15	8	85	4	0.6570957204857032
J92	13	3	37	8	0.9350900882217076
J93	14	12	39	19	0.4525056471098866
J94	13	14	32	11	1.8962662081873058
J95	14	9	44	10	1.724007200089146
J96	15	14	86	23	1.237853512089616
J97	11	14	104	2	0.9677296633315029
J98	16	6	101	1	1.3722849046762482
J99	15	11	105	2	1.0018707949062153
\\ Jobs in machine 10
11
J100	14	14	24	7	0.9666754301653606
J101	14	10	20	14	0.606416484413723
J102	15	10	81	18	1.0385844844004417
J103	15	10	65	18	0.7357224166074599
J104	15	8	84	7	0.8499986054459328
J105	13	8	91	14	1.1023394376557518
J106	14	13	68	7	0.5114132906955301
J107	15	2	18	24	1.8371221905940764
J108	13	12	85	12	0.8504000003259125
J109	14	3	10	6	1.4006417272313891
J110	15	1	53	24	0.844512699269621
\\ Dependencies 
63
2	6
2	10
3	9
5	8
11	21
13	20
14	18
16	18
17	21
22	27
23	29
25	27
25	29
25	31
26	29
27	30
27	31
27	32
28	32
34	43
35	38
35	41
36	42
36	43
36	44
38	40
45	52
45	54
46	55
49	52
50	51
57	63
59	61
59	66
60	62
68	69
69	74
70	71
70	77
71	76
79	81
79	83
79	89
80	82
81	85
81	87
82	83
91	93
91	99
92	93
92	94
92	99
93	95
93	99
100	104
100	107
101	103
101	104
102	103
104	107
105	106
107	108
108	110
