\\ machines
5
\\ max power
50
\\ Jobs in machine 1
11
J1	15	10	46	7	1.7893323709312456
J2	16	6	101	8	1.1311565421176917
J3	13	11	99	9	1.605781116430504
J4	14	1	51	2	0.7605526236816492
J5	15	9	81	3	1.0316826341487841
J6	15	2	67	6	0.815865220118273
J7	15	2	4	1	0.9360919586906713
J8	13	1	37	6	1.2324796842597583
J9	17	13	71	8	0.40327399980342016
J10	15	3	35	11	1.8783576715836636
J11	13	7	32	7	0.8659378307745604
\\ Jobs in machine 2
13
J12	15	3	47	2	0.7227474789138678
J13	14	3	6	5	1.2604552677172323
J14	14	4	69	8	1.4410807924484552
J15	13	12	18	12	1.447553663568266
J16	15	2	86	7	2.394973714236773
J17	13	14	68	5	1.9828043573953003
J18	14	3	62	1	1.9092675253804494
J19	15	11	95	10	1.733845220809691
J20	16	14	75	7	1.1494674283982473
J21	15	9	106	2	1.6598495477520672
J22	13	5	94	2	0.9977108510001241
J23	16	13	60	2	1.7888942266311116
J24	14	11	27	5	1.4712228691549103
\\ Jobs in machine 3
11
J25	13	5	9	1	1.0891307700543138
J26	16	7	11	11	0.7410094267836205
J27	13	9	19	3	1.1940443695103067
J28	15	14	49	13	0.4520657201089815
J29	15	13	19	1	0.8179087400959315
J30	15	8	82	9	0.9459966114816699
J31	15	1	63	12	2.0637859213455765
J32	14	14	81	10	1.0779719395217604
J33	16	9	91	7	0.49002932000803456
J34	14	4	4	8	1.6035263089518172
J35	13	1	87	3	1.8438895188814473
\\ Jobs in machine 4
10
J36	14	4	98	12	1.0689695435295372
J37	13	1	32	3	1.2159939088821485
J38	15	10	76	3	1.2136067221490126
J39	14	14	65	9	1.049195275695912
J40	16	13	24	2	1.2892376700717885
J41	14	2	55	3	1.2928600480300605
J42	15	2	91	8	0.9627379865080574
J43	14	11	106	13	1.615877409493622
J44	15	2	53	9	0.8362748861934567
J45	14	14	69	13	0.5578724720513848
\\ Jobs in machine 5
12
J46	14	8	31	10	0.6101222890677812
J47	15	5	82	2	0.3969960504262211
J48	14	1	13	9	1.0872285020391133
J49	16	10	65	11	1.1428240336628694
J50	16	5	9	12	1.0250238203308801
J51	14	13	20	3	2.0291167672205948
J52	13	12	110	4	1.6505610922427338
J53	13	6	65	3	0.49144330405226044
J54	15	7	73	4	0.7763092582838956
J55	15	7	81	9	0.688242035641177
J56	14	12	46	9	0.21300310880900675
J57	15	10	59	6	1.0721321125187449
\\ Dependencies 
26
4	6
4	7
5	7
7	10
8	10
12	24
13	22
17	20
18	19
25	32
26	29
28	30
29	35
31	32
31	33
31	35
36	37
38	43
38	45
40	42
44	45
47	57
48	57
49	55
51	53
52	54
