\\ machines
12
\\ max power
120
\\ Jobs in machine 1
12
J1	15	6	102	71	1.6524017188758462
J2	15	12	85	64	1.0679389365504657
J3	15	5	65	44	1.0326604479698802
J4	13	7	63	14	1.555207033169575
J5	14	10	88	36	1.5655447912535683
J6	14	13	24	28	1.1480730690086849
J7	14	8	27	20	1.293700375103392
J8	14	11	55	62	2.118827602254335
J9	13	10	105	2	0.8724172529209477
J10	15	3	96	68	1.2081721713044762
J11	14	8	59	77	0.9399326836745929
J12	15	11	58	24	0.9092655671703701
\\ Jobs in machine 2
12
J13	15	2	36	13	0.8457305274608748
J14	15	4	60	83	1.2550097591603038
J15	14	10	56	41	0.6462118998386965
J16	14	10	78	52	1.653442423951896
J17	14	12	61	17	1.5820705780299753
J18	16	10	95	80	1.5970389266363627
J19	17	14	48	24	0.6157821133544266
J20	14	3	19	71	0.9319022554237273
J21	14	2	40	25	1.0047422919086133
J22	14	12	89	17	0.9951843224602595
J23	14	12	82	7	1.2074889691888102
J24	15	13	7	51	2.273563080678854
\\ Jobs in machine 3
9
J25	14	6	108	25	0.37283555040268057
J26	14	1	75	8	0.2857280790382174
J27	15	13	55	10	1.4950487655759637
J28	15	2	79	12	1.0889708299822194
J29	15	1	22	34	1.5143783001777265
J30	14	8	2	41	0.864666682480359
J31	13	5	103	52	0.6022804127326464
J32	14	4	22	47	0.706631163980005
J33	16	14	43	4	1.3168810044685548
\\ Jobs in machine 4
12
J34	14	9	64	14	0.30227807227268566
J35	15	13	108	29	1.559161576441048
J36	14	14	48	56	2.4579385957013216
J37	14	1	92	39	0.5743555241598511
J38	15	1	64	82	1.7347819724136917
J39	13	1	36	7	1.0620206578982858
J40	13	13	37	63	0.3671041591824603
J41	17	12	102	74	1.4391869848563965
J42	16	2	3	29	0.9621578433022062
J43	16	4	98	3	0.9649852832046131
J44	15	4	46	87	1.8653236356830085
J45	14	5	61	79	0.9700964589521032
\\ Jobs in machine 5
11
J46	14	4	82	86	0.9103189822271096
J47	14	10	46	69	0.7605707634936709
J48	15	6	79	71	2.0086122047889403
J49	14	12	7	70	0.3706331803152553
J50	15	14	26	3	0.9647611317755985
J51	15	4	33	29	1.4259427307016692
J52	14	9	101	24	0.9996825714714609
J53	14	14	59	83	1.0928236436323608
J54	14	5	22	35	1.5599712674390422
J55	14	5	7	25	1.3395462582366702
J56	13	9	66	20	1.3994998918997812
\\ Jobs in machine 6
11
J57	13	12	87	84	0.990061481028589
J58	15	8	81	41	0.5617957528771014
J59	15	4	43	10	1.1033434570467855
J60	14	13	80	47	0.4349440001343241
J61	15	13	80	17	0.9094701796240918
J62	15	9	9	63	1.5233954193055725
J63	14	6	68	67	1.9941177802679713
J64	14	7	97	33	1.618088755848438
J65	13	11	14	1	1.1047757942301668
J66	16	9	63	38	1.3054047900302526
J67	14	11	41	46	1.3069787214301036
\\ Jobs in machine 7
10
J68	15	13	89	82	1.4097299921209339
J69	14	8	50	59	1.4595721733533615
J70	15	2	9	45	1.195746764951202
J71	15	13	70	35	0.7335059278665101
J72	15	1	96	8	1.8344036891411089
J73	15	12	71	32	1.1384974082005013
J74	14	5	95	83	0.6618098430481825
J75	14	7	97	6	1.296581327911446
J76	15	2	60	79	1.878339878575644
J77	16	2	56	2	0.8112395266730293
\\ Jobs in machine 8
11
J78	15	6	76	71	0.7703080144131391
J79	14	13	28	2	2.2018839984523577
J80	14	5	25	61	2.1370576455764505
J81	15	9	22	64	0.7062098275040638
J82	16	1	39	81	1.81436652584622
J83	15	12	81	38	0.21705836389179445
J84	13	5	96	38	1.0564644645090389
J85	15	7	3	83	2.08333004683905
J86	13	8	83	79	0.8334744938558034
J87	14	5	54	56	2.3010461529175466
J88	17	13	93	27	1.190615659439729
\\ Jobs in machine 9
9
J89	14	1	86	12	2.3094638133003604
J90	15	7	5	53	0.856316556046796
J91	15	12	8	46	1.866656757278907
J92	15	7	48	59	2.1015944019757287
J93	14	12	6	86	0.8113970047780366
J94	15	12	60	80	1.9720956426285938
J95	14	7	65	35	1.737049457568254
J96	14	6	22	21	2.3556639476249117
J97	15	14	77	11	1.27809860638842
\\ Jobs in machine 10
11
J98	16	3	5	32	1.2970185169566413
J99	16	4	19	68	0.822986644859105
J100	14	8	104	59	1.7308660607997153
J101	16	13	33	36	1.0797772457135417
J102	13	13	17	32	0.5510167427441541
J103	14	3	26	41	0.8777215357327088
J104	14	6	102	13	2.2739896665280543
J105	13	10	95	36	0.4217862918813685
J106	16	9	65	21	0.9232077366419251
J107	13	13	78	22	1.326396840690788
J108	14	10	29	83	1.8017378027320714
\\ Jobs in machine 11
11
J109	16	7	10	58	1.2390760856892604
J110	14	10	56	61	1.5242066634691807
J111	15	12	68	45	1.0398256650778828
J112	14	9	36	34	1.4186237723695845
J113	16	5	90	4	1.5976784301692264
J114	16	8	30	85	1.6893164999253516
J115	15	12	26	32	1.4214618530728833
J116	14	10	78	70	1.9758212847255456
J117	15	5	16	26	0.1
J118	16	3	30	1	0.4238773245528852
J119	14	8	110	3	0.1
\\ Jobs in machine 12
12
J120	14	5	11	47	1.9589932357987272
J121	16	5	17	66	0.9264955905340376
J122	16	1	73	20	0.7692940148149829
J123	15	12	4	13	1.478862647654551
J124	14	7	95	9	0.7645599900222982
J125	15	11	17	37	0.10860050187907921
J126	17	14	63	63	1.4423402595753796
J127	15	3	89	70	0.35225361409498235
J128	14	8	52	85	0.572372979283367
J129	14	12	72	11	0.8576876161068595
J130	15	2	29	24	0.573238974242209
J131	14	2	109	41	0.780460211823903
\\ Dependencies 
120
1	5
2	5
2	8
2	10
3	4
4	7
5	6
7	10
9	11
10	11
13	15
14	16
14	20
15	20
16	22
16	23
18	20
21	22
21	23
25	27
25	31
26	30
26	32
28	32
31	32
34	39
34	41
34	44
35	39
35	40
36	39
36	40
36	43
37	40
39	41
39	45
40	43
40	44
42	45
46	47
46	49
47	55
49	50
49	52
51	54
53	55
57	63
57	65
58	60
58	66
59	63
60	62
60	66
61	66
63	67
64	65
68	74
68	76
69	70
69	74
69	76
70	74
71	72
72	73
72	74
73	75
73	77
74	75
74	76
74	77
75	77
78	84
78	88
79	84
79	86
80	82
80	87
81	84
82	84
82	86
82	87
83	86
85	86
89	90
90	97
93	96
94	97
98	105
98	108
99	101
99	105
99	107
100	102
101	104
101	106
101	108
102	103
102	108
103	106
104	107
109	111
109	118
111	118
112	113
113	117
113	118
114	116
114	119
115	119
121	128
121	129
122	123
122	124
122	131
123	131
124	125
124	128
124	130
127	130
128	130
