\\ machines
12
\\ max power
120
\\ Jobs in machine 1
12
J1	14	10	50	61	1.2497996481620224
J2	14	3	2	43	1.454051242726928
J3	14	9	59	59	1.098406111684309
J4	14	3	57	84	1.4133145822517181
J5	15	9	24	10	1.7786077247441883
J6	14	10	33	78	0.961178922126835
J7	16	6	98	50	0.6310291716901881
J8	15	11	15	71	1.5142418904150383
J9	14	14	31	65	1.5358646752805976
J10	14	14	16	75	1.0119172628729767
J11	13	1	91	80	1.673808458913968
J12	14	11	12	77	1.420858048160107
\\ Jobs in machine 2
12
J13	15	12	46	30	1.466235311820293
J14	15	11	65	7	1.7755131580403007
J15	14	8	20	52	1.8469262685041157
J16	15	8	74	49	1.602263387548078
J17	15	1	41	17	1.255640502916651
J18	14	3	14	68	1.1200979786465826
J19	14	12	77	10	1.8937577325277033
J20	14	12	79	17	1.4239596331597149
J21	14	9	89	89	0.7697598650959692
J22	15	1	44	27	1.3531385938655858
J23	15	2	29	88	1.5804895338225362
J24	15	12	16	54	0.9259550412596479
\\ Jobs in machine 3
11
J25	15	9	43	86	0.28524803222603623
J26	13	10	8	53	1.8039205922798076
J27	16	2	23	64	1.1938184453588352
J28	15	7	76	46	1.5731273181164234
J29	15	3	76	8	0.986223221757897
J30	15	9	66	9	1.1441903719944801
J31	15	5	20	71	0.668066090231476
J32	14	3	10	35	0.9745806910886627
J33	13	3	99	65	0.6018003918835045
J34	14	1	67	40	0.5249469002358351
J35	15	10	40	57	0.18340451350779285
\\ Jobs in machine 4
10
J36	14	5	2	88	1.036894279666592
J37	15	1	63	42	1.5151546536312515
J38	14	12	105	68	1.7662092895162993
J39	15	3	94	80	1.3550426110179263
J40	13	14	100	55	2.5766483547611614
J41	16	4	107	23	1.135360381690707
J42	15	2	91	33	0.5669708159715993
J43	16	9	80	1	1.24169416325468
J44	14	13	109	39	0.9661655024395699
J45	15	3	9	56	1.4467431324977966
\\ Jobs in machine 5
12
J46	15	7	4	63	1.841102094129083
J47	15	6	92	47	1.7012610527525092
J48	13	7	84	88	0.9822835457013641
J49	15	12	101	80	1.8257539022230613
J50	15	11	39	7	1.070467822827503
J51	13	12	109	48	1.4555415885058287
J52	15	8	104	44	1.4628351426728456
J53	14	2	52	37	0.1734087073841062
J54	15	9	58	15	0.6103654063013642
J55	14	14	100	67	0.5781643557143408
J56	14	7	81	10	1.3775856902453543
J57	14	11	5	2	2.1684061104124757
\\ Jobs in machine 6
10
J58	15	1	24	22	1.0595929855491373
J59	14	10	105	33	0.9829329867588837
J60	13	1	68	85	0.6405670877454597
J61	15	2	43	79	1.2683168223319825
J62	13	13	50	56	0.8800003203119495
J63	13	8	66	22	1.1623529542702735
J64	14	4	15	63	1.2381408287803737
J65	12	10	89	79	1.2483294094423127
J66	13	11	22	22	1.280701111018599
J67	14	9	18	40	1.174482651920962
\\ Jobs in machine 7
11
J68	14	11	106	32	1.3958595542760477
J69	14	3	96	81	2.00417081916681
J70	15	1	88	11	1.193637441252218
J71	16	11	107	19	1.2568065125730443
J72	15	13	70	28	1.071846908242677
J73	15	13	5	38	1.024771141808721
J74	14	1	91	75	1.288074101706816
J75	15	6	36	79	0.9139115792495257
J76	15	4	8	64	0.9659480327267597
J77	15	8	41	26	1.526318313960097
J78	16	2	84	83	0.7616012048504792
\\ Jobs in machine 8
11
J79	16	5	93	77	1.3734248958518693
J80	16	5	22	72	1.4645082476588198
J81	15	5	30	29	0.5726170051587975
J82	15	8	34	3	1.6725166569490342
J83	15	11	30	27	1.8183707759500525
J84	14	2	35	3	1.5981424586392363
J85	15	11	92	2	0.12031840833425678
J86	14	5	21	68	0.6812730745435923
J87	13	10	19	9	1.1864380308642848
J88	17	6	97	64	0.9292478606718153
J89	13	13	95	38	0.9296630174396907
\\ Jobs in machine 9
11
J90	15	1	95	73	2.0407404457365788
J91	15	8	49	38	1.7432468296146513
J92	14	12	68	48	1.6236210325027498
J93	13	13	96	25	1.0243928466463197
J94	15	1	62	87	2.380555070217426
J95	14	14	82	21	0.872106104307934
J96	14	14	6	28	1.931380234546428
J97	14	13	86	43	1.3826913751439793
J98	13	11	22	72	0.7949865774370286
J99	15	3	34	89	0.9714282149153637
J100	15	5	60	41	1.5732170223231519
\\ Jobs in machine 10
11
J101	14	11	83	30	1.1016417352978987
J102	15	12	3	33	0.8845991430996982
J103	16	4	110	15	1.6464411526657143
J104	15	12	110	90	1.5703347819691449
J105	13	8	78	42	1.615122490254116
J106	13	12	93	23	1.0457642952377944
J107	12	10	101	23	1.0425108900944635
J108	16	2	102	44	0.7016813708979535
J109	14	6	7	14	0.9638182678253948
J110	15	1	21	30	1.466242015281558
J111	17	10	11	88	1.3557756557220015
\\ Jobs in machine 11
10
J112	14	5	38	84	1.2163667559450109
J113	14	3	45	41	1.8070696225377558
J114	14	12	84	15	1.4554091865244172
J115	15	4	4	37	0.7809950588208497
J116	15	9	105	13	0.7114125312999909
J117	14	2	25	8	0.7302562416223257
J118	15	3	60	73	0.8381462844459655
J119	13	12	99	32	0.9836582452714553
J120	16	13	37	14	1.231893073298782
J121	14	2	12	12	0.45484521518664356
\\ Jobs in machine 12
12
J122	14	10	88	82	1.457158956762294
J123	17	10	12	34	0.8098903222878566
J124	14	13	98	6	1.5444676915920708
J125	15	8	74	1	0.4776192140758584
J126	15	14	16	50	2.121512483234836
J127	13	4	104	64	1.3686631644595724
J128	14	7	19	84	0.12290634869994643
J129	15	11	74	66	0.7695385701742801
J130	14	10	39	37	2.137224518890714
J131	15	6	108	37	0.1
J132	13	9	49	52	1.7606041948740183
J133	14	13	3	49	0.9184390610603039
\\ Dependencies 
313
1	6
1	9
2	4
2	6
2	7
2	9
2	11
2	12
3	5
3	10
3	12
4	5
4	6
4	7
4	9
4	12
5	8
5	12
6	8
6	9
6	10
6	11
7	9
7	12
9	10
9	12
10	11
11	12
13	14
13	15
13	18
13	19
13	20
13	21
13	22
13	23
13	24
14	17
14	19
14	20
14	21
14	22
14	24
15	17
15	19
15	22
15	23
15	24
16	17
16	20
16	21
16	22
16	24
17	19
17	20
17	23
17	24
18	20
18	21
18	23
19	20
20	22
21	22
23	24
25	26
25	28
25	29
25	30
25	32
25	34
25	35
26	27
26	28
26	30
27	28
27	31
27	32
27	34
27	35
28	33
29	34
30	31
31	33
31	35
32	33
32	34
33	34
33	35
34	35
36	37
36	39
36	40
37	40
37	41
37	42
37	43
37	44
38	39
38	40
38	41
38	43
39	41
39	44
40	42
40	43
40	45
41	42
42	44
43	44
43	45
44	45
46	47
46	50
46	53
46	54
46	56
46	57
47	48
47	50
47	51
47	54
47	55
47	56
47	57
48	50
48	52
48	56
48	57
49	51
49	52
49	53
49	54
49	55
49	56
50	51
50	54
50	55
50	57
51	56
52	55
53	55
53	56
54	56
55	57
56	57
58	61
58	62
58	63
59	62
59	65
60	61
60	65
61	64
61	65
62	63
62	64
62	66
63	64
64	67
65	66
66	67
68	70
68	71
68	73
68	75
69	70
69	72
69	75
69	76
69	77
70	73
70	74
70	78
71	75
71	77
72	75
72	76
73	74
73	78
74	77
75	78
76	77
76	78
77	78
79	81
79	85
79	86
79	87
79	88
79	89
80	84
80	86
80	88
81	82
81	87
82	84
82	88
83	84
83	86
83	88
84	85
85	88
86	89
87	89
90	91
90	92
90	94
90	95
90	96
90	97
90	98
90	100
91	92
91	93
91	94
91	95
91	98
91	99
91	100
92	95
92	96
92	97
92	99
92	100
94	95
94	99
94	100
95	97
95	99
96	97
96	100
97	98
97	100
98	99
99	100
101	102
101	103
101	104
101	110
102	104
102	110
103	105
103	107
103	109
103	110
103	111
104	105
104	111
105	106
105	108
105	109
105	110
106	107
106	109
106	110
106	111
107	109
108	109
108	111
109	110
112	113
112	115
112	116
112	117
113	114
113	115
113	118
113	121
114	116
114	117
115	116
115	117
115	119
116	117
117	118
117	119
117	121
118	120
118	121
119	120
120	121
122	125
122	128
122	130
122	132
122	133
123	127
123	129
123	133
124	126
124	127
124	129
124	130
124	132
124	133
125	129
125	131
125	132
126	128
126	131
126	132
127	128
127	129
127	130
127	131
127	132
128	129
128	131
128	132
130	132
130	133
131	132
132	133
