\\ machines
18
\\ max power
180
\\ Jobs in machine 1
12
J1	15	5	104	24	1.0171237217039728
J2	14	12	64	33	0.3649759712724928
J3	14	2	43	2	1.328138259894675
J4	14	6	31	20	0.8345611346087927
J5	13	7	96	31	1.6200925788203353
J6	14	13	57	30	2.399816384054368
J7	14	2	58	6	1.04484018799316
J8	16	8	99	1	1.0375611570807308
J9	15	6	98	38	0.6709909278746552
J10	14	12	93	44	1.1514368942377988
J11	14	1	52	13	1.447464710042179
J12	15	14	55	8	1.740026599141041
\\ Jobs in machine 2
11
J13	16	13	66	41	0.5547130658505277
J14	17	9	23	24	1.5920951774893004
J15	14	1	88	18	1.210775295251261
J16	13	9	54	2	1.0701273475824427
J17	12	5	109	21	0.8830273446547952
J18	14	14	50	26	0.9296022370512648
J19	14	9	67	34	1.4442174329033806
J20	15	11	79	8	1.7796098554034336
J21	14	1	35	27	1.8371602094628878
J22	13	11	15	15	1.1651562650364928
J23	15	12	67	16	0.1
\\ Jobs in machine 3
10
J24	13	7	104	3	1.2701560365232225
J25	15	5	77	26	1.8652717069235436
J26	16	8	70	27	0.8140037334379797
J27	15	10	40	10	1.3364156443730293
J28	15	12	57	17	1.8116464307126061
J29	17	8	85	31	0.1
J30	13	1	51	27	1.5008515662714057
J31	16	6	30	25	1.0022008056008356
J32	14	13	24	38	1.3210127208775182
J33	14	1	91	18	1.7803521978715047
\\ Jobs in machine 4
9
J34	15	5	24	38	1.601827531381972
J35	14	6	95	10	1.823907130843752
J36	13	9	21	14	0.6776833553992658
J37	17	12	65	6	1.4574430775004674
J38	12	11	103	29	0.9543359129308835
J39	15	1	92	35	1.150603588113293
J40	14	12	37	5	1.164822390181936
J41	13	2	4	15	1.6617890094323775
J42	15	4	84	6	1.7279157678123003
\\ Jobs in machine 5
10
J43	17	13	93	28	1.3298156003946782
J44	14	12	4	44	0.4732930753560701
J45	17	10	29	12	0.8304102822209511
J46	15	14	24	37	1.4304428990171565
J47	15	9	64	34	0.7030187616327226
J48	15	12	32	10	0.7239532778329553
J49	13	5	36	27	0.5955268102040021
J50	14	13	93	23	1.5270594535701916
J51	14	14	83	2	0.6036991656023886
J52	15	14	105	33	1.7605192551845632
\\ Jobs in machine 6
11
J53	14	6	30	17	1.0159114936010865
J54	15	11	68	29	1.5586763529295329
J55	14	5	26	4	0.6511031083746007
J56	16	1	51	19	1.100354030060319
J57	12	9	17	35	1.6562147290701443
J58	14	12	81	26	0.4932838512373099
J59	14	7	96	31	0.7272484881198793
J60	14	1	25	18	0.767482646820387
J61	15	4	21	40	1.5856078323862701
J62	14	3	41	8	0.8379252859559928
J63	14	12	15	7	0.6975285642423604
\\ Jobs in machine 7
11
J64	14	13	44	19	0.6801048077609115
J65	16	8	55	23	1.6134993038685999
J66	14	12	9	14	1.794531361066621
J67	13	5	19	40	1.7039656991159084
J68	15	1	90	29	0.6493451410319537
J69	16	9	88	26	1.0452856050196617
J70	14	1	106	10	0.6720873212401429
J71	13	5	22	36	1.100763777961182
J72	13	2	100	13	1.2590155299304888
J73	14	9	41	28	1.7548971265724287
J74	15	11	6	19	0.6824768650595294
\\ Jobs in machine 8
11
J75	12	7	74	42	1.4140364267367531
J76	12	8	40	30	1.3630299852168757
J77	15	5	48	10	1.7332062530598478
J78	15	7	65	32	1.4084779612595844
J79	14	1	84	3	0.5989957205529819
J80	16	9	36	1	2.1642133966195973
J81	14	9	44	4	0.9223178304491724
J82	14	9	73	7	1.0039233333172406
J83	13	3	47	20	1.5196648839955744
J84	15	12	73	10	1.5821160591116141
J85	15	7	17	17	1.644522938027648
\\ Jobs in machine 9
12
J86	15	3	66	29	1.5001849187697185
J87	17	10	26	31	1.0877161847977204
J88	13	8	30	30	0.7229930298801683
J89	14	13	81	43	0.8657473295625349
J90	14	11	91	6	1.0458741238840055
J91	14	13	50	29	2.1943315372052226
J92	14	14	69	43	1.9843169873249427
J93	14	13	82	24	1.8089988571701996
J94	14	9	50	43	1.3791400358851336
J95	16	3	42	31	1.8459269269827323
J96	15	2	87	17	1.9084898304595797
J97	14	13	107	19	2.4286493518329912
\\ Jobs in machine 10
11
J98	15	10	54	13	1.0969859916260072
J99	13	13	92	37	1.2311828832036986
J100	15	3	59	41	0.8891832176878832
J101	15	8	46	32	0.4150870631661745
J102	15	4	50	18	0.9607854675721944
J103	13	12	90	9	1.1598819223812855
J104	16	4	80	29	1.5154840227886333
J105	14	13	62	31	1.0772659888723755
J106	15	6	56	22	1.688155612946809
J107	15	9	97	14	1.718244383985183
J108	14	3	87	7	0.6355774007402446
\\ Jobs in machine 11
9
J109	14	1	87	11	1.6714898302224006
J110	15	12	49	36	1.9499813416030265
J111	14	6	102	18	1.2068092362391025
J112	14	5	54	12	1.6651101477164385
J113	16	11	103	23	1.6283564292235595
J114	14	11	30	13	0.7749206837489369
J115	15	10	26	1	2.9496905156131303
J116	15	4	15	10	0.6578588604182839
J117	15	3	77	16	1.5924437304846197
\\ Jobs in machine 12
12
J118	13	5	34	30	0.8953765277680911
J119	16	3	24	33	0.8629558103283566
J120	13	11	16	35	1.5776509782379868
J121	14	7	71	38	1.022904827973815
J122	15	5	107	23	1.54704730663331
J123	13	7	46	12	0.5301214368269717
J124	14	14	11	45	0.9813594343663783
J125	15	10	36	10	0.8444831279358869
J126	14	10	103	7	1.4418202643682723
J127	15	2	100	16	0.1
J128	14	10	90	11	0.9709750674859677
J129	14	13	70	31	1.8789234543295306
\\ Jobs in machine 13
11
J130	16	3	19	27	2.400205067152536
J131	16	7	71	31	0.7747656106986293
J132	15	5	33	9	1.4922021161098635
J133	17	5	27	32	1.0779360593211331
J134	15	4	68	33	1.5358211194446314
J135	13	11	10	4	0.17677043866127629
J136	16	3	9	6	1.0914039226015786
J137	15	5	63	22	0.9670553840423955
J138	15	8	70	40	1.1639445866450189
J139	11	9	25	4	1.418121487266665
J140	13	14	28	44	1.5337305368733656
\\ Jobs in machine 14
11
J141	15	4	73	23	0.6021000885775748
J142	14	8	109	45	1.599530306401264
J143	13	3	93	38	0.7811765223702325
J144	14	4	25	1	0.9015686495518263
J145	15	1	48	27	1.5285119575062076
J146	13	8	84	37	1.7735757528367246
J147	12	10	26	4	1.4331004095880544
J148	15	6	87	22	1.1336180430186795
J149	13	9	65	41	0.5998200129360596
J150	16	13	42	17	1.333515312475632
J151	13	1	62	27	2.1803397432953004
\\ Jobs in machine 15
11
J152	13	11	96	42	0.8204819052777583
J153	14	11	55	44	1.2459341628086293
J154	16	13	13	32	1.2978634303872005
J155	15	12	43	23	0.9351295863208711
J156	15	1	85	14	1.4917318594446503
J157	14	5	10	3	1.4999040871639766
J158	14	5	91	33	0.521600657532197
J159	16	13	88	35	1.4929349641392182
J160	13	12	14	34	1.7283248500567223
J161	14	9	10	30	0.6863491915558855
J162	13	5	93	35	0.5543313939515142
\\ Jobs in machine 16
12
J163	16	5	13	8	1.963065201117621
J164	14	4	96	27	0.9853250824491511
J165	15	12	30	16	1.4721221741561832
J166	15	5	93	39	1.7278651309679351
J167	15	12	6	38	1.0224107401219038
J168	16	13	89	29	0.5952563746641953
J169	16	8	77	7	1.225211660616288
J170	15	5	79	42	1.7449818482821284
J171	15	5	42	37	0.5816104660910844
J172	14	11	29	7	2.2543785128871248
J173	14	11	106	39	1.275516962292149
J174	14	13	35	23	1.2380475902527368
\\ Jobs in machine 17
10
J175	14	7	93	35	1.774219826338837
J176	14	5	34	22	1.291558792712796
J177	14	12	3	33	1.3341336175687968
J178	16	3	45	1	0.97274216999698
J179	14	3	95	8	1.6375115382165235
J180	16	5	77	3	1.1496107416493018
J181	16	5	88	5	1.4635957900174166
J182	15	5	84	10	1.249343287784373
J183	14	11	98	6	0.5739261280496185
J184	13	7	108	7	1.0253066189351023
\\ Jobs in machine 18
11
J185	14	12	54	9	1.5631365099100012
J186	16	4	6	31	0.8154548567622492
J187	14	4	46	13	1.5198009793566376
J188	17	4	9	19	1.7518346977278965
J189	15	6	52	39	1.0268028683388442
J190	16	5	30	3	1.345901583221337
J191	13	11	98	4	0.5918118254875983
J192	13	12	42	16	2.11285382852194
J193	15	13	58	43	0.656855233576047
J194	14	6	103	8	0.9402212118257702
J195	15	1	71	36	1.708754728782433
\\ Dependencies 
875
1	2
1	3
1	4
1	5
1	7
1	8
1	9
1	10
1	12
2	3
2	4
2	5
2	6
2	8
2	9
2	10
2	11
2	12
3	4
3	5
3	6
3	7
3	8
3	9
3	10
3	11
3	12
4	5
4	7
4	8
4	9
4	11
4	12
5	7
5	8
5	9
5	10
5	11
5	12
6	7
6	8
6	9
6	10
6	11
6	12
7	8
7	9
7	10
7	11
7	12
8	9
8	10
8	11
8	12
9	10
9	11
9	12
10	11
10	12
11	12
13	14
13	16
13	17
13	19
13	20
13	21
13	22
13	23
14	15
14	17
14	18
14	19
14	20
14	21
14	22
14	23
15	16
15	17
15	18
15	19
15	20
15	21
15	22
15	23
16	17
16	19
16	20
16	21
16	22
16	23
17	18
17	20
17	21
17	22
18	19
18	20
18	21
18	22
18	23
19	20
19	21
19	22
20	21
20	22
20	23
21	22
21	23
22	23
24	25
24	26
24	27
24	28
24	29
24	32
24	33
25	26
25	27
25	28
25	30
25	31
25	32
25	33
26	27
26	28
26	29
26	31
26	33
27	28
27	29
27	30
27	31
27	32
27	33
28	29
28	30
28	31
28	32
29	30
29	31
29	32
29	33
30	31
30	32
30	33
31	32
32	33
34	36
34	37
34	38
34	39
34	40
34	41
34	42
35	37
35	38
35	39
35	40
35	41
35	42
36	37
36	38
36	39
36	40
36	41
37	38
37	39
37	40
37	41
37	42
38	39
38	40
38	41
38	42
39	40
39	42
40	41
40	42
41	42
43	44
43	45
43	46
43	47
43	48
43	49
43	50
43	51
44	45
44	46
44	47
44	48
44	49
44	50
44	51
44	52
45	46
45	47
45	48
45	49
45	50
45	51
45	52
46	47
46	48
46	50
46	51
47	48
47	49
47	50
47	52
48	49
48	50
48	51
48	52
49	50
49	51
49	52
50	51
50	52
51	52
53	55
53	56
53	57
53	58
53	59
53	60
53	61
53	62
53	63
54	55
54	56
54	57
54	58
54	59
54	60
54	62
54	63
55	56
55	57
55	58
55	59
55	61
55	62
55	63
56	57
56	58
56	60
56	61
56	62
56	63
57	58
57	59
57	60
57	61
57	62
57	63
58	60
58	61
58	62
58	63
59	60
59	61
59	62
59	63
60	61
60	62
60	63
61	63
62	63
64	65
64	66
64	67
64	68
64	69
64	70
64	71
64	72
64	73
64	74
65	66
65	67
65	68
65	69
65	70
65	71
65	73
65	74
66	67
66	68
66	69
66	70
66	71
66	72
66	73
66	74
67	68
67	69
67	70
67	71
67	72
67	73
67	74
68	69
68	70
68	71
68	72
68	73
68	74
69	70
69	71
69	72
69	73
69	74
70	71
70	72
70	73
70	74
71	72
71	73
72	73
72	74
73	74
75	76
75	77
75	78
75	79
75	80
75	81
75	82
75	83
75	84
75	85
76	77
76	78
76	79
76	80
76	81
76	82
76	83
76	84
76	85
77	78
77	79
77	80
77	81
77	83
77	84
77	85
78	79
78	80
78	81
78	82
78	83
78	84
78	85
79	80
79	81
79	82
79	83
79	84
79	85
80	81
80	82
80	83
80	84
80	85
81	82
81	83
81	84
81	85
82	83
82	85
83	84
84	85
86	87
86	88
86	89
86	90
86	92
86	93
86	94
86	95
86	96
86	97
87	88
87	89
87	90
87	91
87	92
87	93
87	94
87	95
87	96
87	97
88	89
88	90
88	91
88	92
88	93
88	94
88	95
88	96
88	97
89	90
89	91
89	92
89	94
89	95
89	96
89	97
90	91
90	92
90	93
90	94
90	95
90	96
90	97
91	92
91	93
91	94
91	95
91	96
91	97
92	93
92	95
92	96
92	97
93	94
93	95
93	96
93	97
94	95
94	96
95	96
95	97
96	97
98	99
98	100
98	101
98	102
98	103
98	105
98	106
98	107
98	108
99	100
99	101
99	102
99	103
99	104
99	105
99	106
99	107
100	101
100	102
100	104
100	105
100	106
100	107
100	108
101	102
101	103
101	104
101	105
101	106
101	108
102	103
102	104
102	105
102	106
102	107
102	108
103	104
103	105
103	107
103	108
104	105
104	106
104	107
104	108
105	106
105	107
105	108
106	107
106	108
107	108
109	110
109	111
109	112
109	113
109	114
109	115
109	116
109	117
110	111
110	112
110	113
110	114
110	115
110	116
110	117
111	114
111	115
111	116
111	117
112	113
112	114
112	115
112	116
113	114
113	115
113	116
113	117
114	115
114	116
114	117
115	116
115	117
116	117
118	119
118	120
118	121
118	122
118	123
118	124
118	125
118	126
118	127
118	128
118	129
119	120
119	121
119	122
119	123
119	124
119	125
119	126
119	127
119	128
119	129
120	121
120	122
120	123
120	124
120	127
120	128
120	129
121	122
121	123
121	124
121	125
121	126
121	127
121	128
121	129
122	123
122	124
122	125
122	126
122	127
122	129
123	124
123	125
123	126
123	127
123	128
123	129
124	125
124	126
124	127
124	128
125	126
125	127
125	128
125	129
126	127
126	128
126	129
127	128
127	129
128	129
130	131
130	132
130	133
130	134
130	136
130	137
130	138
130	139
131	132
131	133
131	134
131	135
131	136
131	137
131	138
131	139
131	140
132	133
132	134
132	135
132	136
132	137
132	138
132	139
132	140
133	134
133	135
133	136
133	137
133	138
133	139
133	140
134	135
134	136
134	137
134	138
134	139
134	140
135	137
135	138
135	139
135	140
136	137
136	138
136	139
136	140
137	138
137	140
138	139
138	140
139	140
141	142
141	143
141	144
141	148
141	149
141	150
142	143
142	144
142	145
142	146
142	147
142	149
142	150
142	151
143	144
143	145
143	147
143	148
143	149
143	150
143	151
144	145
144	146
144	147
144	148
144	149
144	150
145	146
145	147
145	148
145	149
145	150
145	151
146	148
146	150
146	151
147	148
147	149
147	150
147	151
148	149
148	150
148	151
149	151
150	151
152	153
152	154
152	155
152	156
152	157
152	158
152	159
152	160
152	162
153	154
153	155
153	156
153	157
153	158
153	159
153	160
153	161
153	162
154	155
154	156
154	157
154	158
154	159
154	160
154	161
154	162
155	156
155	157
155	158
155	159
155	160
155	161
155	162
156	157
156	159
156	160
156	161
156	162
157	158
157	159
157	160
157	161
157	162
158	159
158	160
158	161
158	162
159	160
159	162
160	161
160	162
161	162
163	165
163	167
163	168
163	169
163	170
163	171
163	172
163	173
163	174
164	165
164	166
164	167
164	169
164	170
164	171
164	172
164	173
164	174
165	167
165	168
165	169
165	170
165	171
165	172
165	173
165	174
166	167
166	168
166	169
166	170
166	171
166	172
166	173
166	174
167	168
167	169
167	170
167	173
167	174
168	169
168	170
168	171
168	172
168	173
168	174
169	170
169	171
169	172
169	173
169	174
170	171
170	172
170	173
170	174
171	172
171	173
171	174
172	173
172	174
173	174
175	177
175	178
175	180
175	181
175	182
175	183
175	184
176	177
176	178
176	179
176	180
176	181
176	182
176	183
176	184
177	178
177	179
177	181
177	182
177	183
177	184
178	179
178	180
178	181
178	183
179	180
179	181
179	182
179	183
179	184
180	181
180	182
180	183
180	184
181	182
181	183
181	184
182	183
182	184
183	184
185	186
185	187
185	189
185	191
185	192
185	193
185	194
185	195
186	187
186	188
186	190
186	191
186	192
186	193
186	194
186	195
187	188
187	189
187	190
187	191
187	192
187	193
187	194
188	189
188	190
188	191
188	194
188	195
189	190
189	191
189	192
189	193
189	194
189	195
190	191
190	192
190	193
190	195
191	192
191	193
191	194
191	195
192	193
192	194
192	195
193	194
194	195
