\\ machines
20
\\ max power
200
\\ Jobs in machine 1
12
J1	15	5	16	17	1.0503770335370666
J2	13	3	33	45	1.752564439815865
J3	14	11	94	25	1.409428774897248
J4	16	11	28	35	1.1937915533034378
J5	14	5	55	34	2.3162277346825046
J6	13	5	83	38	1.109258840622909
J7	14	7	20	32	0.8501229395570995
J8	13	4	93	26	1.1592746719932885
J9	16	14	40	44	1.46023565924015
J10	15	12	26	16	0.5434276596024027
J11	14	8	100	12	1.4079341079650607
J12	15	5	18	14	0.6765812993259651
\\ Jobs in machine 2
12
J13	16	9	58	10	1.6868119689180676
J14	15	10	104	41	0.1
J15	15	9	5	43	1.4449453573793756
J16	13	2	87	23	1.0559323769778481
J17	16	5	31	25	0.7982970562615135
J18	14	8	74	16	1.1565851952188668
J19	13	1	3	2	1.5648110961819768
J20	15	12	96	6	1.4218315429307729
J21	14	9	38	12	1.0282552931408118
J22	14	7	8	48	1.4182369791355194
J23	15	14	29	22	1.451908854112528
J24	13	12	64	26	0.8421493714412001
\\ Jobs in machine 3
12
J25	14	6	90	1	1.046630433285437
J26	13	8	75	14	0.8237915580848207
J27	15	13	44	13	1.3280554991487155
J28	15	5	24	8	1.3132045286250185
J29	14	12	49	22	1.3288400650717733
J30	14	9	14	30	0.7913121046819035
J31	14	14	92	3	1.5939265661013233
J32	14	12	37	40	1.191951437602822
J33	14	3	109	36	0.5675801042042823
J34	15	13	22	24	1.6712687874626795
J35	15	8	37	28	0.7418237410441796
J36	14	2	108	41	0.8915239040760672
\\ Jobs in machine 4
11
J37	15	9	95	8	1.9099423338974384
J38	14	4	60	5	0.23407016458610785
J39	13	10	26	7	1.1398018569356256
J40	13	2	15	4	1.8042187795008697
J41	15	2	69	23	0.6054272647813344
J42	14	2	64	14	0.7680252959724487
J43	14	8	6	49	0.8595530606420887
J44	15	8	42	40	0.7774534794146921
J45	15	14	90	30	1.4563714514865829
J46	16	8	34	1	1.0835012661608308
J47	16	2	49	12	1.3271792568842737
\\ Jobs in machine 5
12
J48	14	14	41	17	0.8562474092344371
J49	15	6	97	22	1.3592427869682973
J50	14	14	41	13	2.0454388056634007
J51	15	13	31	39	1.3234426526778584
J52	16	14	22	9	1.1962869807441925
J53	14	11	58	31	0.7907252670547555
J54	15	12	14	34	1.4265368218049588
J55	17	9	41	21	1.391854050367128
J56	15	9	8	39	1.6669949342584116
J57	15	5	98	10	0.23890883456690004
J58	16	1	15	32	1.589246429269978
J59	15	2	84	28	1.4922210590462488
\\ Jobs in machine 6
10
J60	13	11	31	7	1.6016013494359282
J61	13	7	71	35	0.7045003729569898
J62	15	11	101	14	1.77574042577898
J63	14	2	108	25	1.4901797195363065
J64	15	5	28	8	1.4755669556724311
J65	15	6	61	50	1.5311669251307976
J66	14	12	105	48	1.431873384779324
J67	14	6	4	30	1.4819185541299011
J68	15	6	80	1	1.5530458940410692
J69	14	11	67	7	1.5378262483722547
\\ Jobs in machine 7
13
J70	14	4	85	27	0.7766115671313921
J71	14	3	43	42	0.545732974157863
J72	14	12	15	7	1.1316004697440534
J73	15	11	17	28	1.180101759117996
J74	15	12	81	23	1.4310360247463905
J75	14	1	56	17	0.8849437561226231
J76	14	7	39	33	0.9213406667952709
J77	14	9	38	47	1.7642601335747723
J78	14	5	82	8	1.3238530733472214
J79	14	14	55	7	0.5727552570282928
J80	15	8	67	26	0.45210765784295404
J81	15	8	75	42	1.5705140408693516
J82	14	5	83	15	1.4514858999635711
\\ Jobs in machine 8
12
J83	15	9	73	43	0.18635594863039429
J84	14	12	50	39	0.681187924542966
J85	14	9	45	26	1.5594431591758597
J86	16	13	37	33	1.2186388605630305
J87	14	11	104	42	0.33060312528676694
J88	16	13	57	25	1.1744244536520767
J89	13	4	24	2	1.4171385438113746
J90	15	4	85	49	1.1077869379586411
J91	13	9	64	10	1.1974330892579772
J92	15	7	33	14	0.878613569779781
J93	13	5	29	36	1.25146047866204
J94	15	14	88	14	1.2585058490632577
\\ Jobs in machine 9
9
J95	15	9	4	40	0.7234751007114852
J96	15	4	91	36	1.9346044109391907
J97	15	1	49	4	1.2062327106421835
J98	15	2	75	37	1.690504207290274
J99	16	10	14	6	0.41786716845540073
J100	15	14	2	25	1.695980820768573
J101	16	13	39	8	0.8791554132457737
J102	15	7	65	31	1.212698797217454
J103	12	13	86	17	1.2136281977358978
\\ Jobs in machine 10
11
J104	16	4	109	23	0.8245456141272096
J105	15	14	32	4	1.2948191590015607
J106	15	13	110	23	0.9562688481724193
J107	15	8	2	10	1.391827199347085
J108	15	10	82	30	1.5175850331019132
J109	15	9	37	5	1.0123746238374756
J110	14	6	13	47	0.6543590571410852
J111	14	14	72	48	0.4281358936052141
J112	13	14	26	44	1.427160513227601
J113	14	2	17	24	0.8268598394016262
J114	15	12	12	36	1.996101369150741
\\ Jobs in machine 11
11
J115	12	6	78	45	1.3768782940878155
J116	15	6	73	3	1.8611414675688736
J117	15	12	41	21	1.2542495008313534
J118	15	7	93	31	0.7771290903010837
J119	14	12	12	32	0.4495016389856201
J120	14	2	33	18	0.9118371239519552
J121	14	13	4	1	1.109075438477494
J122	13	1	61	35	0.9482579658859942
J123	15	9	7	28	2.014838720306489
J124	13	9	105	37	1.1488141078463379
J125	15	6	74	41	1.263124128292869
\\ Jobs in machine 12
14
J126	16	10	26	42	1.2897480964439034
J127	13	14	34	11	2.3793843275565862
J128	15	9	39	25	1.14002598727812
J129	14	1	46	37	1.363907138650676
J130	15	8	52	6	1.2518031523635766
J131	15	2	65	42	1.9550001885855264
J132	15	12	13	49	1.3461931391376658
J133	15	10	24	29	0.8970397351836809
J134	13	13	30	9	1.0142209793514778
J135	15	2	83	37	1.3202982356070185
J136	15	4	59	34	1.079463981224158
J137	14	7	79	47	2.118549435783018
J138	12	11	70	34	1.8800648171626522
J139	13	5	4	31	0.9643855968355972
\\ Jobs in machine 13
11
J140	15	8	57	45	0.43882582289756866
J141	16	3	89	14	1.6608518270163506
J142	13	6	78	15	0.7570184617936123
J143	17	14	63	19	0.5763181917020836
J144	14	11	40	35	2.097929912139141
J145	17	6	52	20	1.3270957264701548
J146	17	11	77	22	1.0400923798149118
J147	16	13	49	7	1.5608325884567074
J148	14	14	8	29	0.9272349635909333
J149	16	4	4	17	1.451179960334074
J150	15	2	65	40	0.7568283265933016
\\ Jobs in machine 14
11
J151	13	7	30	10	1.213248358270527
J152	14	3	10	6	1.1469361986687956
J153	15	13	110	10	1.100215564720957
J154	13	6	32	24	1.0038486029898828
J155	13	7	53	28	1.762942483775243
J156	15	7	21	12	0.5777604191288651
J157	14	14	38	16	1.4621756491413658
J158	14	3	94	40	0.18654139343879628
J159	15	4	4	20	1.9313319132908717
J160	14	3	16	23	0.41245169485989663
J161	13	11	87	15	0.3556989809506972
\\ Jobs in machine 15
12
J162	13	2	100	43	1.048783259938285
J163	15	6	109	6	1.5423370952996214
J164	15	3	9	42	0.9160854745206812
J165	15	13	70	48	1.3366642248222393
J166	12	13	18	8	1.0757049822171838
J167	13	7	63	42	0.6726087604241124
J168	15	6	43	33	1.360609556475034
J169	15	10	6	36	1.1104649843219836
J170	15	10	4	43	1.4548606636177062
J171	12	11	79	2	1.3806958199551236
J172	13	14	55	24	1.0696962215246135
J173	13	13	97	21	1.945836070599078
\\ Jobs in machine 16
12
J174	16	6	105	22	0.7149672037216797
J175	15	9	62	22	1.434600443783324
J176	15	4	105	7	0.8388446789529114
J177	15	13	39	49	1.1922322005500319
J178	14	7	46	36	1.5645511660883138
J179	14	13	95	41	0.8008498206208898
J180	16	5	40	30	1.134189625789661
J181	16	7	43	15	1.273042833061976
J182	16	9	96	13	1.7185803938824507
J183	16	4	82	27	1.3927757885202918
J184	13	6	15	2	1.2555904590940274
J185	14	5	42	32	1.2949005498877142
\\ Jobs in machine 17
11
J186	17	3	7	5	0.4031223253119307
J187	14	11	82	2	1.2912060306421291
J188	14	13	65	32	0.32691339150516185
J189	14	7	56	19	1.0494283413879855
J190	16	9	79	9	0.8205837871118891
J191	15	14	8	6	1.3845042117024233
J192	15	5	2	25	1.0618055237457873
J193	15	4	22	27	0.5436727251995246
J194	15	7	106	5	1.0091535949735337
J195	14	2	6	49	1.4996434756151455
J196	14	2	36	38	1.0385077671869478
\\ Jobs in machine 18
11
J197	14	2	101	14	1.1816581599581215
J198	14	12	45	3	0.666223015546176
J199	15	14	101	47	1.2694917795877418
J200	15	2	83	46	1.9882670526820765
J201	13	6	107	5	1.1269586093214248
J202	15	10	70	32	1.8927757261336398
J203	15	4	33	39	2.0181642168970306
J204	15	7	97	47	1.2623837266748275
J205	15	8	96	6	0.2646047006806417
J206	15	6	108	18	2.090342743515401
J207	15	5	98	8	1.7693457889166089
\\ Jobs in machine 19
10
J208	15	5	95	8	1.340855165556154
J209	13	5	82	41	1.2664094482088326
J210	15	12	46	41	1.2567081793376997
J211	14	3	23	3	0.20363108750856052
J212	17	9	59	28	1.6037965379073174
J213	14	11	12	12	1.5972445784362832
J214	14	12	48	34	1.862464133197281
J215	16	13	38	7	1.4310945052043493
J216	15	5	53	39	1.278064494056066
J217	14	7	99	10	0.9078676816045694
\\ Jobs in machine 20
11
J218	15	8	19	47	0.9165004084611936
J219	15	13	106	37	1.5984302470928755
J220	15	14	32	17	1.3795372414782558
J221	15	6	25	29	1.3289666700680325
J222	15	5	96	44	0.33359574803637526
J223	15	12	74	43	1.2607395220923752
J224	16	12	11	2	0.6128095149216037
J225	15	13	52	6	1.5878484368321302
J226	16	8	70	35	0.8790043241708388
J227	14	10	56	40	2.0447702095851428
J228	14	11	33	40	0.851807269267706
\\ Dependencies 
127
3	10
3	12
4	6
5	6
5	12
7	10
9	12
11	12
14	18
16	20
17	18
23	24
25	32
25	34
25	35
26	29
27	28
29	34
34	35
39	41
39	43
41	42
44	46
51	55
53	56
53	58
60	69
62	68
65	69
67	68
67	69
70	76
71	80
72	74
72	77
73	82
80	82
84	91
85	90
85	93
86	92
87	89
87	91
87	93
95	99
104	111
105	109
109	112
110	113
115	116
115	124
116	120
116	121
116	124
117	122
119	122
122	123
123	125
126	130
126	136
126	138
128	132
128	133
128	139
130	133
131	135
133	137
137	138
137	139
140	145
143	146
144	147
144	148
146	147
148	150
151	159
152	154
152	159
152	160
153	161
156	159
162	169
164	169
164	171
166	169
166	170
168	169
168	173
169	172
171	173
172	173
174	178
175	184
175	185
176	178
176	183
178	179
178	181
179	181
186	187
187	193
188	196
190	193
191	192
191	195
191	196
197	205
198	206
199	200
199	202
199	205
199	207
200	202
204	206
209	210
209	211
209	216
210	215
214	215
214	217
220	227
221	223
221	226
222	225
223	224
225	226
226	228
