\\ machines
15
\\ max power
150
\\ Jobs in machine 1
12
J1	14	7	100	26	0.17775763354751262
J2	15	12	32	25	0.9571838740372685
J3	13	1	29	24	0.4061059226095711
J4	14	6	25	27	2.0241199783409276
J5	15	1	61	37	1.47353440804077
J6	14	5	32	7	1.8003895672352639
J7	16	13	3	26	1.8136049279429232
J8	15	7	53	27	0.35680939757028296
J9	15	6	30	8	1.1719526374948388
J10	14	13	45	32	0.8399665799113981
J11	13	3	100	23	1.5255285924260558
J12	15	4	54	19	0.8192750751306469
\\ Jobs in machine 2
13
J13	15	9	67	34	1.2106788588966104
J14	15	11	84	20	1.0327566078691617
J15	15	9	75	5	1.9502336445725945
J16	15	14	87	15	0.5877231215090669
J17	15	14	95	29	1.4951092544431697
J18	15	12	82	24	0.9865619426161811
J19	15	6	60	29	1.2455160482397547
J20	14	4	27	14	0.8134802428060641
J21	15	10	90	21	1.4588987999822411
J22	15	3	72	9	1.3692314288490377
J23	14	10	91	14	1.5311805302297734
J24	13	1	37	17	1.2539784007354613
J25	14	9	91	24	1.278965684127159
\\ Jobs in machine 3
11
J26	17	1	77	34	1.3608440932824613
J27	15	8	37	20	1.1117077490231229
J28	14	4	102	27	0.8411366433921001
J29	14	8	102	12	0.5116457628488928
J30	13	1	68	32	1.5686016714192184
J31	15	13	70	4	1.1226399748368048
J32	14	11	7	24	1.4487545651350182
J33	16	3	73	2	1.8438337076381655
J34	14	12	73	8	0.7626579585941746
J35	16	11	68	1	1.9941653040003193
J36	13	11	70	20	0.9896338604585757
\\ Jobs in machine 4
10
J37	15	11	26	14	1.2342729205113956
J38	13	3	11	15	1.9757196498663507
J39	14	14	91	36	1.5964239821221125
J40	13	12	21	19	2.388058002602657
J41	15	7	77	28	1.0977500545350822
J42	13	3	93	26	1.242708198546259
J43	15	5	89	17	0.6766750238503615
J44	14	2	10	34	0.8416259047710326
J45	14	8	25	31	1.833105417280637
J46	14	11	17	29	1.3094488920041123
\\ Jobs in machine 5
11
J47	14	6	95	4	0.630761494993271
J48	15	7	75	15	0.8846274384672492
J49	14	6	51	19	0.9203651777510031
J50	14	11	56	22	1.4805766111321188
J51	16	13	19	26	1.5994016928210728
J52	13	10	90	30	1.1738778384023785
J53	14	2	31	6	1.607663679324504
J54	15	4	97	26	0.6177276576433394
J55	16	2	93	35	2.5182261875403116
J56	15	4	95	37	1.3461900120497086
J57	16	11	108	2	0.7040466107785818
\\ Jobs in machine 6
13
J58	14	6	59	27	0.9434864295187315
J59	14	4	23	20	1.4529871670025893
J60	13	14	5	18	1.835351620260942
J61	15	13	29	19	0.9123327548266962
J62	18	6	54	20	1.8146594018071993
J63	15	3	62	3	0.394138636194708
J64	13	2	95	7	1.334617289233046
J65	15	12	96	19	1.5524769812471861
J66	12	3	73	36	0.6860479360250369
J67	14	10	68	19	1.0851319420417178
J68	14	4	68	33	1.3141670483960757
J69	16	13	77	34	1.7811016917674354
J70	14	2	81	17	1.2882994954741
\\ Jobs in machine 7
10
J71	15	5	83	21	1.5138378067507299
J72	15	2	11	3	1.340752328098547
J73	15	4	85	16	0.1
J74	14	10	8	11	1.8836630378678032
J75	15	13	50	33	1.6135175455426993
J76	14	3	37	17	0.9392710447258856
J77	15	7	10	16	1.5792146957111015
J78	13	1	28	19	0.5572366539707874
J79	15	14	43	31	2.657072126057918
J80	14	14	7	16	1.5242178760636682
\\ Jobs in machine 8
10
J81	15	10	99	33	1.4096312451288908
J82	15	4	78	6	1.5741878670397034
J83	15	5	76	29	1.383142081042239
J84	16	6	100	8	1.37140103291492
J85	14	11	98	21	0.7930146678785477
J86	14	1	89	36	0.86358995311122
J87	15	6	56	31	1.2416242775827888
J88	14	13	76	14	1.0688945242054024
J89	15	9	75	36	1.3620215100994462
J90	13	14	70	8	0.2696973337166694
\\ Jobs in machine 9
11
J91	13	3	63	25	0.6011954900325955
J92	15	2	22	25	1.7695771117092804
J93	14	7	11	12	0.7594207249709997
J94	15	7	20	12	1.3830687982269831
J95	16	2	51	28	1.0890797089144213
J96	14	11	41	10	1.2122890013460077
J97	13	10	35	5	0.4888625948268701
J98	16	8	46	30	1.3051840808953996
J99	14	3	54	8	0.35443192536246004
J100	14	10	6	38	1.9914260964164296
J101	15	3	80	25	2.2153276488987026
\\ Jobs in machine 10
11
J102	16	6	71	10	0.2179514883483299
J103	14	12	47	31	0.5511642412498978
J104	15	13	8	19	1.0943605086280908
J105	15	13	98	23	1.6247773638259457
J106	15	12	71	18	1.0789424670259986
J107	14	5	59	7	1.378058481048019
J108	15	3	72	23	0.5729902664960338
J109	14	6	58	6	1.1561395951346989
J110	15	2	83	12	1.2845491318099498
J111	16	5	15	31	1.3137947045330736
J112	15	14	103	12	1.4264879016715417
\\ Jobs in machine 11
11
J113	14	4	95	22	1.8006350551350092
J114	13	1	42	29	1.3417387424514993
J115	14	4	36	28	0.9611754320040538
J116	14	11	103	22	0.3843959359735343
J117	16	13	55	5	1.5096363207679546
J118	13	6	71	30	0.908547969499681
J119	14	4	17	32	1.2107000133151442
J120	14	10	101	24	0.9397713044975724
J121	16	10	29	30	1.813452545917801
J122	13	10	82	6	1.363819452104333
J123	14	8	79	2	1.4338017447940012
\\ Jobs in machine 12
8
J124	15	12	54	31	0.9246744297963675
J125	15	2	73	30	0.4923880059687066
J126	16	9	110	2	0.8905481482922225
J127	14	8	18	25	1.4996387968233407
J128	14	11	21	7	0.7899222171129667
J129	14	1	99	7	1.7908782601865885
J130	14	12	23	12	1.3913932162603044
J131	15	8	3	8	0.4109900101855526
\\ Jobs in machine 13
12
J132	15	2	105	32	0.5356908148472769
J133	14	1	103	8	1.829853441533884
J134	16	9	31	1	0.6371025397760377
J135	15	1	20	26	1.3726057578433764
J136	15	10	53	6	0.9321401163239269
J137	15	9	53	32	1.4001776147338758
J138	15	10	73	27	0.9744568710699035
J139	15	14	82	3	1.1225225328861668
J140	14	1	15	38	2.1330700799021325
J141	14	6	48	28	1.193682433882269
J142	13	1	91	28	1.0821886780635979
J143	15	3	73	22	0.7668392616707732
\\ Jobs in machine 14
10
J144	15	5	43	4	0.4291105909069949
J145	15	9	29	28	1.171086038767881
J146	15	3	44	22	0.8085446719917777
J147	13	5	37	31	1.418979144221733
J148	14	11	34	9	1.0164540858509032
J149	15	2	38	9	1.4588360885691685
J150	14	1	85	20	1.4740243949689154
J151	13	14	10	25	1.1174126524659456
J152	16	5	52	14	1.2217895728222854
J153	14	2	74	1	1.7022263133804665
\\ Jobs in machine 15
9
J154	14	1	51	17	1.1824726207726879
J155	15	4	22	2	0.9999357379511497
J156	15	7	27	11	0.8656664759279559
J157	13	1	15	22	0.8765650515493744
J158	15	10	35	29	0.7481829185096414
J159	14	5	32	7	0.990993199859023
J160	15	8	50	23	1.511265657763193
J161	16	13	9	21	1.7214640774261931
J162	17	5	46	35	0.9761752718106833
\\ Dependencies 
575
1	4
1	5
1	6
1	7
1	8
1	9
1	10
1	11
1	12
2	4
2	5
2	7
2	12
3	4
3	5
3	6
3	7
3	9
3	11
3	12
4	6
4	7
4	8
4	9
4	10
4	11
4	12
5	6
5	10
5	11
5	12
6	9
6	11
6	12
7	10
7	11
7	12
8	10
8	11
9	10
9	11
9	12
10	11
10	12
13	15
13	17
13	19
13	21
13	22
13	23
13	24
13	25
14	17
14	18
14	19
14	20
14	21
14	23
14	25
15	16
15	18
15	19
15	20
15	22
15	23
15	24
15	25
16	17
16	18
16	19
16	20
16	21
16	22
16	23
16	24
16	25
17	18
17	22
17	23
17	25
18	19
18	20
18	21
18	23
18	24
19	20
19	21
19	22
19	23
19	24
19	25
20	21
20	22
20	23
20	24
21	22
21	23
22	23
22	24
22	25
23	24
24	25
26	27
26	28
26	29
26	31
26	32
26	34
26	35
27	28
27	29
27	30
27	31
27	32
27	34
27	35
27	36
28	30
28	31
28	32
28	33
28	34
28	36
29	30
29	31
29	34
29	35
30	32
30	34
30	35
30	36
31	32
31	33
31	34
31	35
31	36
32	34
32	35
32	36
33	36
34	35
34	36
37	38
37	41
37	43
37	44
37	45
38	39
38	44
38	45
38	46
39	40
39	42
39	44
39	45
39	46
40	41
40	42
40	43
40	45
40	46
41	43
41	44
41	45
41	46
42	43
42	44
42	46
43	44
43	45
43	46
47	49
47	51
47	53
47	54
47	55
47	56
48	49
48	53
48	54
48	56
48	57
49	50
49	51
49	53
49	54
49	56
49	57
50	51
50	53
50	54
50	57
51	53
51	54
51	55
51	56
51	57
52	55
53	54
54	55
54	56
54	57
55	56
58	59
58	60
58	62
58	63
58	64
58	65
58	67
58	68
58	69
59	61
59	62
59	63
59	64
59	66
59	67
59	68
59	69
59	70
60	61
60	62
60	64
60	65
60	67
60	68
60	69
60	70
61	62
61	65
61	67
61	69
61	70
62	65
62	68
62	69
63	65
63	67
63	68
63	69
63	70
64	66
64	67
65	67
65	69
65	70
66	67
66	68
66	69
66	70
67	68
67	69
67	70
68	69
68	70
69	70
71	72
71	73
71	74
71	75
71	76
71	77
71	78
71	79
72	73
72	76
72	79
72	80
73	74
73	75
73	77
73	80
74	75
74	76
74	77
74	79
74	80
75	76
75	77
75	78
75	80
76	79
76	80
77	78
78	79
78	80
79	80
81	82
81	83
81	85
81	86
81	87
81	90
82	83
82	84
82	85
82	86
82	88
82	89
83	85
83	86
83	88
83	90
84	85
84	86
84	87
84	88
84	89
85	86
85	87
85	88
85	89
86	87
86	88
86	89
87	89
87	90
88	89
91	92
91	93
91	94
91	97
91	98
91	99
92	93
92	95
92	96
92	97
92	98
92	99
92	100
92	101
93	94
93	95
93	97
93	98
93	100
94	96
94	97
94	98
94	99
94	100
94	101
95	96
95	97
95	98
95	99
95	100
95	101
96	97
96	98
96	99
96	100
96	101
97	100
97	101
98	99
98	101
99	100
100	101
102	103
102	104
102	105
102	106
102	107
102	108
102	109
102	111
102	112
103	104
103	105
103	106
103	107
103	108
103	110
103	112
104	108
104	109
104	110
104	111
104	112
105	106
105	107
105	108
105	109
105	110
105	111
106	108
106	109
106	110
106	111
106	112
107	108
107	109
107	110
107	111
107	112
108	109
108	110
108	111
108	112
109	112
111	112
113	115
113	117
113	120
113	121
113	122
113	123
114	115
114	117
114	118
114	119
114	120
114	121
114	122
115	116
115	117
115	118
115	119
115	120
115	121
115	122
116	117
116	118
116	119
116	120
116	121
116	122
117	118
117	119
117	120
117	121
117	122
118	121
118	122
118	123
119	120
119	121
120	121
120	122
120	123
121	122
121	123
122	123
124	125
124	127
124	130
124	131
125	126
125	127
125	128
125	129
125	130
125	131
126	127
126	128
126	129
126	130
127	128
127	131
128	130
128	131
129	130
129	131
130	131
132	134
132	135
132	137
132	138
132	139
132	141
132	143
133	134
133	135
133	136
133	137
133	138
133	139
133	140
133	141
133	142
133	143
134	138
134	140
134	141
134	142
134	143
135	137
135	138
135	139
135	140
135	141
135	142
135	143
136	137
136	138
136	139
136	140
136	141
136	142
136	143
137	138
137	139
137	140
137	141
138	139
138	140
138	143
139	140
139	141
139	142
139	143
140	141
140	142
140	143
141	143
142	143
144	145
144	146
144	147
144	148
144	149
144	150
144	151
144	152
144	153
145	150
145	151
145	152
145	153
146	147
146	148
146	150
146	151
146	152
146	153
147	148
147	152
148	150
148	151
148	152
148	153
149	150
149	152
150	151
150	152
151	152
151	153
152	153
154	156
154	157
154	158
154	159
154	162
155	156
155	157
155	158
155	159
155	162
156	157
156	162
157	159
157	160
157	161
157	162
158	159
158	160
158	161
158	162
159	160
159	161
160	162
161	162
