\\ machines
25
\\ max power
250
\\ Jobs in machine 1
12
J1	15	10	96	17	1.0569917702461453
J2	13	12	7	163	0.7465820469477247
J3	14	5	68	3	0.5416355286662857
J4	15	2	10	112	1.97702289702523
J5	13	1	62	184	1.6901852575191
J6	15	1	47	50	2.28695180043949
J7	16	6	104	173	0.6529868645787427
J8	14	11	52	57	1.1593749331082825
J9	15	10	25	109	2.1428419157818555
J10	14	11	26	83	1.9076827663924165
J11	16	14	12	152	1.3512421322715786
J12	14	12	30	135	1.2962799319284188
\\ Jobs in machine 2
10
J13	13	10	61	65	0.3940554170136965
J14	15	9	16	187	0.6788251400890497
J15	15	8	53	30	0.9469230481372952
J16	15	6	25	173	0.999945396732261
J17	14	14	65	45	1.7819896085202998
J18	14	6	82	62	1.6395654027362496
J19	14	3	81	153	0.7478417338846652
J20	14	8	30	111	1.5091050932997316
J21	15	7	99	129	1.2196101415377534
J22	15	9	83	33	1.0492327291461714
\\ Jobs in machine 3
11
J23	14	7	26	187	1.159599386419643
J24	15	3	81	171	1.312907801139219
J25	15	8	44	32	0.44154364408447
J26	16	9	46	52	0.6899407624329268
J27	14	14	48	58	1.3263941046481242
J28	16	6	64	97	1.056627371508274
J29	17	9	110	46	1.5821109385250518
J30	15	12	48	155	1.3676890686033454
J31	16	5	100	121	1.6937371586722094
J32	13	1	55	43	0.7566647971441209
J33	17	12	3	14	1.288769966905966
\\ Jobs in machine 4
11
J34	13	1	70	86	1.9948534006732985
J35	15	4	45	91	1.9975584190787004
J36	15	1	11	149	1.868112820442888
J37	13	13	39	149	0.9011232272376153
J38	15	2	108	138	2.3326114798918556
J39	15	2	29	118	0.6829010005868968
J40	15	3	40	132	0.8039293753942416
J41	14	6	23	45	0.9419119744318922
J42	16	9	40	47	1.6020700053592423
J43	14	6	18	23	0.1
J44	15	1	31	102	1.3307723262767108
\\ Jobs in machine 5
11
J45	15	13	65	184	1.4276408641231293
J46	14	6	102	62	1.7888453365916999
J47	12	11	22	102	0.9859545884430378
J48	15	4	87	164	0.8500791245923173
J49	15	6	14	153	1.1683815967528515
J50	15	11	17	35	1.2552116167705465
J51	15	1	19	39	0.4056453176739455
J52	13	14	2	46	1.796487467122367
J53	14	1	20	19	1.8883008598195903
J54	14	3	84	95	1.0248076178521646
J55	15	7	56	56	1.5378296982673312
\\ Jobs in machine 6
11
J56	15	11	17	140	1.79191382040834
J57	14	1	108	80	1.5966349581547976
J58	14	4	103	51	1.6687216109005139
J59	14	12	2	155	0.8241729149154586
J60	14	13	45	52	0.7301163180395875
J61	14	7	39	143	0.8180662043889263
J62	14	13	91	1	0.9909795673853029
J63	14	9	76	34	1.2118401400631582
J64	14	1	66	1	1.5489696219439666
J65	14	4	52	121	1.3700547257777762
J66	13	13	27	176	0.6709599007477445
\\ Jobs in machine 7
12
J67	14	4	101	128	0.966621779945597
J68	14	11	14	93	1.1201670665011032
J69	15	7	2	17	2.259161912694119
J70	15	2	82	125	1.3760557118319352
J71	16	6	15	165	0.8848186012070254
J72	16	8	40	47	2.01397621232441
J73	14	12	61	104	1.3196778334910586
J74	14	9	28	126	1.7488617240788673
J75	15	1	4	113	0.6892437069707676
J76	14	3	63	160	0.7980213950529764
J77	14	5	55	4	1.2254474698255864
J78	13	1	71	99	1.296069718115268
\\ Jobs in machine 8
11
J79	15	5	10	16	1.1991504988355657
J80	13	7	53	32	1.2764508186316916
J81	13	1	55	56	1.6730658575218829
J82	14	10	81	122	1.2804500959698277
J83	14	4	100	181	0.7895918372716846
J84	15	2	46	117	0.8882728410323448
J85	14	13	4	145	1.2377824539223667
J86	14	9	65	83	1.695754505646918
J87	16	6	29	163	0.9353182052224481
J88	13	12	22	92	0.8430813173129742
J89	13	8	55	182	1.3852547973044989
\\ Jobs in machine 9
11
J90	16	5	43	47	1.1175175229951397
J91	14	10	54	118	1.953601086051298
J92	16	3	106	177	2.3719337188429233
J93	13	12	51	2	1.208546923963903
J94	15	1	47	96	0.7827319621571063
J95	15	3	96	164	0.6016261047874734
J96	13	2	56	99	2.263745118337333
J97	15	3	30	49	0.5004798879166392
J98	15	5	20	116	0.9629039444314227
J99	15	12	80	106	1.2668838180413065
J100	14	8	17	173	1.0915476850249157
\\ Jobs in machine 10
11
J101	14	5	70	156	0.909009382717906
J102	15	2	61	118	1.3797390045776694
J103	15	4	73	27	0.7177504125695513
J104	14	5	110	146	1.2471429080395757
J105	13	12	53	33	1.0948003012380954
J106	14	7	20	110	1.1296777152561994
J107	15	2	66	141	1.1293073247638188
J108	13	11	41	118	1.894053448365482
J109	15	11	21	4	1.148686409408528
J110	16	13	59	40	0.5253141971299194
J111	16	8	19	166	1.3355873035300956
\\ Jobs in machine 11
9
J112	15	9	80	47	0.6401635160831151
J113	15	4	35	26	0.8007669790418479
J114	15	6	64	39	1.66189366084082
J115	14	9	79	170	0.7751493470612596
J116	16	5	8	181	1.1202431407163316
J117	16	6	95	135	0.9331004027726474
J118	17	8	94	72	0.3992752603806108
J119	13	2	26	115	1.129972920233503
J120	14	4	53	142	0.9667259880270684
\\ Jobs in machine 12
11
J121	14	12	86	47	1.4056762522947501
J122	15	10	82	80	1.504492098410914
J123	14	10	57	187	1.7025994872436117
J124	16	11	73	24	1.880669753036413
J125	15	13	6	158	1.4484357670735655
J126	14	6	38	77	0.3648374085063705
J127	16	12	34	63	1.3703431924113623
J128	15	14	11	65	1.130703495697787
J129	17	3	59	97	1.2751497461623071
J130	15	4	109	100	0.9056727224166446
J131	14	12	43	95	0.6616118784873597
\\ Jobs in machine 13
12
J132	17	2	40	93	0.5040408589109603
J133	17	5	83	183	1.0459650060470034
J134	15	8	40	65	1.6011404817985617
J135	15	7	12	94	1.0124713354021286
J136	13	1	37	130	1.1942350046305419
J137	13	7	9	151	1.4571242090474446
J138	14	3	104	87	0.5643061291045711
J139	14	6	64	173	0.8591740666052154
J140	13	6	76	107	1.1371255874464463
J141	14	7	68	39	0.3155884866627142
J142	16	3	64	16	1.359388943601683
J143	13	2	94	16	1.8464072276635073
\\ Jobs in machine 14
10
J144	15	9	56	1	1.3631034193298563
J145	14	4	85	91	1.039646331557113
J146	15	9	45	152	2.0104072460327753
J147	15	5	62	172	1.4558494135448083
J148	14	10	58	87	0.7962529318659732
J149	13	5	103	143	0.28686954857612235
J150	14	9	103	79	1.9290409768001526
J151	16	7	39	160	0.7310399556175621
J152	14	13	19	168	1.5548993757930998
J153	15	4	89	75	0.1
\\ Jobs in machine 15
11
J154	16	7	18	152	2.507229797329064
J155	15	8	25	29	0.8322306678521556
J156	16	6	105	28	1.3756485910895373
J157	16	7	88	92	1.362340912448209
J158	13	8	50	131	0.9746291398224782
J159	16	13	40	113	1.4988690417620978
J160	13	13	19	23	1.5957363341740487
J161	14	6	55	61	2.0023149414521373
J162	15	6	30	129	0.864366328284785
J163	14	1	43	8	1.4115770350795895
J164	13	7	62	16	1.6468639305209378
\\ Jobs in machine 16
11
J165	14	2	82	113	1.124979153071712
J166	15	11	59	150	0.72925845471096
J167	14	6	103	140	1.0550012973799037
J168	14	3	85	28	1.408912368712421
J169	16	8	44	43	1.4140656779202825
J170	13	13	101	159	0.2624736924297203
J171	16	3	73	176	1.7858131270473252
J172	16	11	31	32	1.1449132437170042
J173	15	10	50	74	1.5878993270972135
J174	15	14	93	61	1.7565125327178004
J175	14	11	110	170	1.0215785810409963
\\ Jobs in machine 17
10
J176	15	8	82	76	1.546342537391618
J177	14	9	85	48	0.8261402023716232
J178	15	7	15	43	0.8784005166506754
J179	15	13	47	71	0.7159879135923284
J180	14	2	93	64	0.5475884514291584
J181	16	2	22	145	1.4791481833304556
J182	14	10	89	166	1.3001217959039355
J183	13	11	57	50	1.6604976235538564
J184	15	13	89	64	0.8123234479257493
J185	17	14	3	96	1.4036189772782226
\\ Jobs in machine 18
12
J186	14	7	41	52	0.5151098545441704
J187	14	8	79	125	1.2775345335262174
J188	14	7	30	54	0.8109514708028511
J189	16	9	9	76	0.43344017989883155
J190	14	3	65	1	0.8907795586034183
J191	16	4	107	172	1.1020155896646475
J192	13	2	11	117	1.897624845498866
J193	13	5	74	95	1.3472180456705896
J194	14	9	10	161	1.0205028259690763
J195	13	13	6	62	1.2047629251873122
J196	13	7	68	4	1.1615636789985162
J197	15	9	15	15	1.3354892454916318
\\ Jobs in machine 19
10
J198	16	9	72	173	1.0365464189633058
J199	16	6	4	127	1.6965840765112365
J200	15	14	100	34	0.9299242715604829
J201	15	13	49	84	1.8557662520000782
J202	16	8	25	116	0.4413780262317957
J203	14	9	52	133	0.8504789366349126
J204	13	14	37	61	0.9301605609318863
J205	14	14	35	26	1.1540088354093483
J206	14	10	43	12	1.256513219277271
J207	14	4	99	46	0.3042255140387252
\\ Jobs in machine 20
12
J208	14	5	95	62	0.1
J209	15	4	42	16	1.7594942045867557
J210	16	7	32	186	1.1526429202741322
J211	14	3	3	146	1.5399804196641333
J212	17	10	104	118	1.266869728684067
J213	15	3	42	178	1.3991556199840713
J214	14	4	67	160	0.5585950281231103
J215	15	2	16	60	1.6913474717082786
J216	15	2	6	32	0.4934140587983804
J217	14	8	85	4	1.008823270432596
J218	16	6	37	66	1.1911515708109954
J219	14	1	15	142	1.5208823397176314
\\ Jobs in machine 21
11
J220	14	2	9	12	0.4334864641273499
J221	13	3	29	27	1.7591079093786894
J222	16	9	105	93	1.5597133520963793
J223	14	12	83	154	0.3810353865270816
J224	13	12	72	101	1.6630001426740155
J225	15	11	84	93	1.2009005692514112
J226	14	13	76	119	2.54760312013365
J227	15	6	69	125	1.2070272403107687
J228	14	1	8	170	2.7822583210005485
J229	14	8	90	166	1.6243322865562877
J230	15	7	42	127	0.11457374837310885
\\ Jobs in machine 22
11
J231	13	6	83	143	1.4956812549440737
J232	15	13	105	25	1.85978441368716
J233	15	10	62	177	2.0436104604551195
J234	14	5	44	60	0.6456979635606698
J235	15	6	87	4	0.9914298990715953
J236	14	10	84	173	1.1741024252161825
J237	14	5	40	47	0.8335220966364197
J238	14	8	55	167	0.697821407174365
J239	16	13	36	119	0.44007207670349757
J240	15	12	67	79	1.258715620119612
J241	16	5	105	30	2.0660754625556796
\\ Jobs in machine 23
10
J242	13	13	26	131	1.5241976234160228
J243	16	9	21	12	0.746629525258866
J244	15	2	44	63	2.135144733874323
J245	14	6	32	92	1.6544384090032014
J246	13	10	22	177	1.1025616972581236
J247	16	3	63	135	1.143829607697234
J248	14	3	99	26	1.1921753102944135
J249	13	12	83	37	0.928618311042245
J250	13	14	83	12	1.6493192565960846
J251	14	3	70	3	0.4085576189058946
\\ Jobs in machine 24
11
J252	15	10	108	66	1.1851470577045389
J253	15	1	22	131	0.6913325399626613
J254	17	13	109	19	1.3249507865149504
J255	16	1	31	144	1.804475325040579
J256	17	4	57	160	1.0276521534967566
J257	14	6	77	20	0.8091366104976618
J258	13	10	50	167	0.9387278493120705
J259	14	3	81	184	0.9568650739606328
J260	15	2	29	171	1.5994229678272003
J261	14	6	27	158	0.4084565728799694
J262	16	6	76	180	1.0580987566734918
\\ Jobs in machine 25
11
J263	14	7	88	13	1.2967295774325065
J264	14	6	97	125	0.7906882231236796
J265	14	2	5	104	0.7794045232767115
J266	15	13	3	17	1.3050823897226556
J267	15	5	4	142	0.8072065516018152
J268	16	12	69	81	1.4903850675636212
J269	15	14	80	162	1.0411463353855759
J270	15	10	44	186	1.7266929385732908
J271	13	8	40	163	0.8195736121823762
J272	15	6	34	150	1.2024800159592273
J273	14	7	87	156	0.7218181122180907
\\ Dependencies 
402
1	2
1	5
1	11
1	12
2	8
3	6
3	10
3	11
3	12
4	6
4	11
5	6
5	7
5	10
6	8
7	12
8	12
9	12
13	14
13	15
13	18
13	20
14	17
14	19
15	17
15	20
16	17
16	19
16	22
23	33
24	25
24	26
24	27
24	28
24	30
24	32
25	27
25	29
25	30
25	32
26	32
26	33
27	28
27	33
28	29
29	31
32	33
34	35
34	36
34	37
35	37
36	37
36	40
37	38
37	41
39	41
40	41
41	42
42	44
45	47
45	48
45	49
45	54
46	51
46	55
47	53
48	51
48	54
48	55
49	50
49	53
50	51
50	52
51	54
51	55
52	54
53	54
56	64
56	65
56	66
57	58
57	62
57	66
58	59
58	64
59	62
60	61
60	62
60	63
60	64
60	65
61	63
63	64
67	70
67	71
67	74
67	76
68	70
68	71
69	70
69	71
69	74
69	75
69	76
70	71
70	75
72	77
73	74
73	77
73	78
75	76
75	78
79	81
79	86
80	86
81	84
81	89
82	83
82	86
82	88
83	84
83	88
84	88
85	87
86	89
87	88
87	89
90	93
90	96
90	99
90	100
91	93
91	94
91	96
91	97
91	99
92	95
92	98
94	95
95	97
95	98
95	100
96	99
97	100
101	103
101	105
102	103
103	105
103	109
104	105
104	107
104	109
105	109
105	111
106	110
107	111
108	109
112	113
112	117
112	118
113	115
113	117
113	119
115	116
115	117
115	119
115	120
116	120
117	120
119	120
121	126
122	123
122	125
122	130
123	130
123	131
124	126
124	127
124	131
125	126
125	128
128	131
129	130
129	131
132	134
132	135
132	136
132	139
133	136
133	141
133	143
134	137
134	140
134	141
134	142
134	143
135	138
135	140
136	137
136	139
136	141
137	139
137	143
138	139
139	141
141	142
141	143
144	145
144	147
145	146
145	152
145	153
146	150
147	151
147	153
148	151
149	151
151	153
154	155
154	156
154	159
154	160
154	161
154	163
156	161
156	163
157	159
157	160
158	159
159	163
160	161
162	163
163	164
165	168
165	171
165	175
166	168
166	169
166	172
166	174
166	175
167	168
168	170
168	175
169	170
171	174
174	175
176	180
176	183
176	184
176	185
177	180
177	183
178	179
178	181
178	184
179	180
181	182
181	184
182	183
183	184
187	188
187	196
187	197
188	194
188	196
189	191
189	194
190	191
190	193
191	194
191	195
191	197
192	193
192	194
192	197
193	196
198	199
198	200
198	203
198	204
198	206
198	207
199	200
199	203
199	204
199	205
199	207
200	202
201	204
201	205
201	207
202	205
203	204
203	206
204	206
205	206
208	214
208	216
208	217
208	218
209	210
209	211
210	212
210	213
210	215
210	218
211	219
212	213
212	215
212	218
213	216
214	215
217	219
220	222
220	224
220	227
220	230
222	223
222	229
223	226
223	227
223	229
223	230
224	228
224	229
225	226
225	230
227	228
227	229
231	239
232	238
232	241
233	234
233	239
233	241
234	235
235	237
235	238
235	241
236	237
236	239
236	241
237	238
237	239
238	239
242	246
242	248
242	249
243	247
243	249
243	251
244	245
244	246
244	248
244	249
244	250
245	248
245	251
246	247
246	250
247	248
247	249
248	249
248	251
249	250
252	256
252	258
252	260
253	256
253	260
254	255
254	259
254	260
254	261
254	262
255	256
255	258
256	258
256	260
257	258
257	259
257	261
257	262
259	260
259	262
260	261
264	265
264	272
265	266
265	273
266	271
266	272
266	273
267	268
267	269
267	270
267	272
268	270
268	271
270	272
270	273
