\\ machines
9
\\ max power
90
\\ Jobs in machine 1
12
J1	13	4	51	3	1.5118266268759672
J2	15	14	97	34	1.7504758327144438
J3	12	6	23	10	2.2741971738353133
J4	15	11	28	6	1.4044838039896819
J5	14	5	48	4	1.6401040649755263
J6	13	5	60	42	0.49987000527902614
J7	14	6	100	18	1.2988540000716422
J8	15	8	58	25	0.7117819721408599
J9	14	7	64	31	0.6358003868181243
J10	14	7	102	12	1.3081923834505365
J11	14	2	49	20	0.56957447482915
J12	15	2	110	18	1.6197437382011826
\\ Jobs in machine 2
12
J13	14	12	19	43	0.9031459368211336
J14	15	6	3	34	1.2623505522542933
J15	13	9	40	22	0.9590058846992938
J16	15	8	108	2	1.037341769242364
J17	15	6	11	9	1.2990013488669028
J18	15	1	44	8	1.7121388892031768
J19	12	14	85	34	0.847578483047466
J20	15	6	52	41	0.7984269624914346
J21	14	9	30	13	2.059845845172121
J22	14	7	83	38	1.1766006618590206
J23	14	14	59	22	0.24694245480209676
J24	14	13	38	12	1.6301409892847656
\\ Jobs in machine 3
11
J25	16	10	102	37	1.1920950049655699
J26	17	9	15	29	1.8351810244384297
J27	15	13	37	40	1.5877712865441924
J28	14	7	36	30	0.8286227209055129
J29	15	9	56	18	0.7929245380583345
J30	15	14	23	38	0.7671011580962023
J31	15	4	53	44	1.5593747954383568
J32	14	2	38	33	1.1108980028409392
J33	16	5	81	23	0.6422011316496654
J34	14	10	38	11	1.0414028761487104
J35	17	7	59	3	2.1607597305713075
\\ Jobs in machine 4
10
J36	13	12	60	17	1.2226299620272905
J37	13	8	109	30	0.8324969061465064
J38	15	7	53	4	0.9856471887783955
J39	16	9	14	23	1.1783615380973052
J40	15	6	50	15	1.9416256252575435
J41	12	9	17	38	1.4719784658333503
J42	15	13	8	1	0.5452528728654044
J43	15	5	21	26	1.1400195362081422
J44	15	6	88	39	1.4811771554514142
J45	16	9	78	15	2.4392256031303057
\\ Jobs in machine 5
11
J46	14	5	60	20	1.6744322241203526
J47	15	11	86	27	0.6885933100587295
J48	13	5	28	34	1.0656813271976395
J49	15	9	11	12	0.6401836624556722
J50	15	11	41	14	1.4205894982312726
J51	16	14	18	32	0.548413967537523
J52	14	13	45	44	1.2111323505002087
J53	17	13	44	28	0.7667542674718422
J54	14	8	20	26	1.309802029372393
J55	15	9	34	13	0.9924070905108586
J56	15	14	66	42	1.5898084266315617
\\ Jobs in machine 6
13
J57	14	14	46	11	1.1151663521720736
J58	15	7	11	18	2.335013864940347
J59	16	13	6	11	1.0402375097246457
J60	14	3	71	16	0.1
J61	15	3	73	13	0.911544472327483
J62	14	14	97	4	1.1958316900164758
J63	14	5	41	30	1.2266837842389033
J64	13	13	13	43	1.6204418678343033
J65	16	10	71	28	0.5850342712486306
J66	13	13	85	10	1.5668433885756652
J67	14	4	13	27	1.1289740534764394
J68	15	5	58	44	1.4836260956697995
J69	15	1	31	1	0.6361831050241534
\\ Jobs in machine 7
10
J70	14	12	5	26	1.9291985503567317
J71	14	1	97	13	0.6214212197798219
J72	14	13	76	44	0.8124043673356678
J73	16	13	82	40	1.1781377800276507
J74	15	4	66	11	2.073782969382969
J75	15	2	43	23	1.6094115292447677
J76	15	8	102	18	0.6086036964403405
J77	16	6	34	13	0.8367131077908992
J78	16	12	58	3	1.9964184602876387
J79	13	2	87	15	1.329169007278415
\\ Jobs in machine 8
10
J80	14	3	57	42	1.0042997447046926
J81	14	14	96	15	0.7728393834373788
J82	13	8	9	29	1.24290872886767
J83	15	8	10	20	2.05469765049371
J84	13	12	37	32	0.5246618548975174
J85	15	1	5	38	0.48773149377301417
J86	13	11	26	20	0.6647326666187863
J87	15	2	17	9	0.11782654234884005
J88	15	6	56	4	2.0890309599692536
J89	13	14	99	36	0.867924633552746
\\ Jobs in machine 9
11
J90	14	13	94	34	1.2354100516486262
J91	14	4	52	21	0.3029945898888603
J92	12	2	14	32	1.33495837096791
J93	15	1	17	18	0.6041299051123938
J94	14	4	101	35	1.419326505658299
J95	15	6	24	40	0.5671516645204272
J96	14	6	69	1	1.7939277397126727
J97	15	8	44	8	0.8094734529159628
J98	13	8	30	5	1.1243931911524423
J99	14	8	3	37	1.3829922841737567
J100	14	4	50	22	1.2076891759962547
\\ Dependencies 
158
1	5
1	7
1	12
2	3
2	4
2	5
2	7
3	6
3	11
3	12
4	5
4	11
5	6
6	8
6	9
7	8
7	9
7	11
8	9
8	10
8	12
10	12
13	14
13	15
13	16
14	18
14	23
15	16
15	21
16	21
18	19
18	20
18	23
19	20
19	21
19	22
20	21
20	24
22	23
22	24
25	33
26	27
26	28
26	29
26	33
27	28
27	29
27	30
27	32
27	33
28	31
28	32
28	33
28	34
28	35
29	33
29	35
30	33
30	34
30	35
31	32
31	34
32	35
33	34
36	38
36	41
36	42
37	39
37	42
39	40
39	43
41	42
41	43
41	44
43	44
44	45
46	49
46	50
46	52
47	48
47	50
47	51
47	54
48	50
48	52
49	50
49	51
50	52
50	53
50	54
51	52
52	53
52	54
52	56
54	55
55	56
57	58
57	60
57	61
57	62
57	63
57	66
57	68
58	66
58	69
59	61
59	64
59	66
60	64
60	67
60	69
61	64
61	69
63	64
63	67
63	68
64	65
64	67
65	67
67	69
70	73
70	78
71	72
71	73
72	75
72	77
72	78
73	78
74	79
75	78
80	85
80	89
81	82
81	84
81	85
81	89
82	84
82	87
82	88
84	86
84	88
85	89
90	95
91	92
91	95
91	98
91	100
92	96
92	98
92	99
92	100
94	96
95	96
95	98
95	99
96	99
96	100
99	100
