\\ machines
8
\\ max power
80
\\ Jobs in machine 1
12
J1	13	14	57	1	1.2434630759702394
J2	13	1	57	7	1.9605739670018685
J3	12	7	76	35	2.168595051491404
J4	15	7	100	17	0.9117337847039539
J5	14	6	9	20	1.0461967261411202
J6	14	8	5	31	1.080028442074124
J7	15	8	78	35	1.2541322797341699
J8	16	6	93	32	0.26539719256398475
J9	16	6	10	2	1.0371385651731757
J10	12	10	18	15	0.4999634871799782
J11	16	13	48	24	1.0821463276426215
J12	15	7	57	29	1.2040191473197683
\\ Jobs in machine 2
11
J13	13	9	20	1	0.7204183697194855
J14	13	8	30	27	0.871046178660627
J15	12	13	2	39	2.6652266340541244
J16	15	6	24	35	1.1096517615481984
J17	15	12	36	32	0.9586700412912188
J18	15	9	87	17	1.5084595074046825
J19	15	2	68	27	0.5214828873043882
J20	16	8	11	13	0.7927247128670808
J21	16	6	36	30	1.1373509144794354
J22	14	10	37	29	0.8992302160790602
J23	14	13	43	7	1.1970649374930422
\\ Jobs in machine 3
11
J24	13	13	16	24	1.744744130243256
J25	14	5	20	22	1.9599032926646662
J26	14	14	45	2	1.447806255696906
J27	14	2	52	33	1.936412719993093
J28	15	13	101	22	0.5137530028977517
J29	14	12	15	3	1.743020095108016
J30	15	6	26	21	1.6036359679633285
J31	16	3	89	39	1.5786467710564809
J32	15	8	24	22	1.450302759372243
J33	15	1	42	36	0.9243289761735904
J34	14	5	40	33	2.281000255094029
\\ Jobs in machine 4
10
J35	15	2	102	15	1.135463592709566
J36	15	13	7	1	1.354025797776489
J37	14	12	16	39	0.7838858607622504
J38	14	4	85	29	1.0758351359600669
J39	15	13	59	13	0.7993369397072956
J40	15	9	31	30	1.124408863135494
J41	15	9	66	13	0.5401746425286923
J42	15	11	35	26	1.476438749634662
J43	14	13	14	16	1.338377698051305
J44	15	7	4	22	1.9733238066379162
\\ Jobs in machine 5
13
J45	15	13	41	5	1.0412530633329231
J46	14	4	61	8	0.7988631072602075
J47	17	9	103	16	0.3772971416255072
J48	16	14	63	4	1.3391012228510022
J49	12	8	20	36	1.2028958169278448
J50	14	11	60	2	1.4449766436117253
J51	14	3	10	10	1.7743309236969536
J52	15	8	37	1	1.048646002666394
J53	14	9	29	25	0.9154159908042943
J54	15	11	15	37	1.0688014127969558
J55	14	7	13	4	1.7475115887142865
J56	14	6	45	14	2.1867400268824317
J57	15	11	98	38	1.6464315179996498
\\ Jobs in machine 6
12
J58	14	12	47	16	1.6546945236902355
J59	16	9	90	36	0.4372724512322754
J60	14	11	97	11	2.1395732673769414
J61	14	9	77	39	1.3639169264488777
J62	15	13	51	20	1.749529859196657
J63	14	13	11	36	1.3653373241530211
J64	13	8	83	38	1.4846628112286429
J65	15	4	20	37	1.244369251070162
J66	15	10	63	39	1.8118522000983526
J67	12	14	21	33	1.378883895905063
J68	16	8	57	15	1.5441951655382091
J69	15	1	108	29	1.6516519218838766
\\ Jobs in machine 7
11
J70	14	5	34	4	0.6217797719138939
J71	13	1	66	10	1.179920270584003
J72	16	9	54	19	1.5692880099964304
J73	15	11	85	36	0.10817191357483269
J74	14	10	15	32	0.8390780235333121
J75	15	7	49	8	1.1682120052462395
J76	16	14	4	9	1.2576660153517967
J77	15	13	73	16	1.134694978543414
J78	14	7	12	37	0.3211104591359226
J79	14	10	50	14	1.570672579248191
J80	14	7	85	36	0.9196160644186793
\\ Jobs in machine 8
11
J81	15	8	4	23	1.5368508675914843
J82	13	1	23	2	0.8584683178542638
J83	16	8	47	37	1.223786812889896
J84	13	3	4	26	1.371812645308308
J85	15	13	51	11	1.0644395904762887
J86	13	3	80	33	1.5438126065167919
J87	13	1	59	2	1.5008266187391734
J88	15	14	43	1	1.7550253102386968
J89	15	13	9	1	1.2312469482712902
J90	15	10	105	24	1.4393564210658767
J91	13	13	94	31	1.2689085238961861
\\ Dependencies 
94
1	11
1	12
2	8
2	10
2	11
2	12
3	4
3	9
3	11
4	9
4	11
4	12
5	11
7	10
8	9
8	10
8	11
8	12
13	14
13	15
14	16
14	17
15	16
15	20
15	21
15	22
16	17
17	18
17	20
17	23
18	22
20	21
26	28
26	31
28	29
28	32
29	32
31	33
35	36
35	38
35	39
35	44
36	41
37	39
37	41
38	41
45	52
45	56
46	51
46	55
47	49
47	55
49	53
49	54
50	56
51	56
52	54
52	55
56	57
58	62
58	65
58	67
60	61
61	62
64	66
65	66
70	75
70	76
70	77
70	80
71	74
72	79
72	80
73	74
73	76
75	80
76	80
77	79
78	80
79	80
81	83
81	87
81	88
82	83
82	86
83	88
83	89
83	91
84	90
84	91
85	89
85	90
86	87
86	89
