\\ machines
10
\\ max power
100
\\ Jobs in machine 1
12
J1	15	10	87	47	0.8671056205569008
J2	14	3	21	23	0.19735524613023014
J3	14	9	90	7	1.2696321414281755
J4	16	2	91	44	2.5062435658491267
J5	15	9	54	5	1.138091793349367
J6	14	3	11	43	1.225086231609562
J7	15	9	82	21	1.3288876590236984
J8	14	12	107	32	2.420517986639908
J9	14	11	29	48	1.8732088150649981
J10	15	5	96	26	1.3681015812214607
J11	13	14	63	43	0.8471096900564001
J12	15	1	22	9	1.1526190827677414
\\ Jobs in machine 2
10
J13	14	9	67	10	1.6804390206377668
J14	15	11	34	7	1.6380153442932175
J15	15	14	48	32	1.3044453424112243
J16	13	10	23	9	1.0971228927980146
J17	15	5	35	24	0.8917701905296016
J18	15	1	56	14	0.5439726960011152
J19	15	11	88	18	1.0102248414946824
J20	15	1	44	11	1.6903604856270795
J21	14	5	88	15	0.9399043125893256
J22	14	14	41	9	1.2722663731031143
\\ Jobs in machine 3
11
J23	14	3	109	5	1.1798050627076315
J24	14	12	32	26	1.2134980509544593
J25	16	6	107	27	1.32928510892192
J26	13	8	100	32	1.5519344718148806
J27	17	2	16	10	1.1874610135830108
J28	15	2	84	23	1.5880259951723634
J29	15	1	91	47	0.36327066415005205
J30	15	7	18	11	2.183807164046139
J31	15	1	107	19	0.6613499032170405
J32	15	6	11	16	1.3330306566363799
J33	17	3	15	18	1.4251884403914248
\\ Jobs in machine 4
12
J34	14	2	51	45	1.0664344154462564
J35	16	12	52	10	0.9221794361258193
J36	15	7	3	18	2.0097471700314387
J37	15	8	70	5	0.18448834612249843
J38	15	9	43	35	0.6220428196393377
J39	17	2	29	8	0.9350115047440952
J40	15	10	86	25	1.204463792436421
J41	15	2	7	11	0.853867360285399
J42	14	5	91	8	1.146858448928239
J43	13	6	76	49	2.162958418235079
J44	14	4	108	26	1.514258190873343
J45	15	8	94	35	1.827474978551537
\\ Jobs in machine 5
11
J46	15	10	63	10	0.7870228659789056
J47	16	7	56	19	1.3667521926404351
J48	14	10	14	35	1.4008961718881328
J49	15	11	6	18	0.7249242941038603
J50	14	12	77	13	0.9283601025939334
J51	14	4	66	45	1.0219454623119544
J52	14	13	99	35	0.7347597563677308
J53	15	6	40	20	1.231150113864667
J54	14	1	14	10	2.40933269070808
J55	15	13	36	14	1.13395846171407
J56	15	9	6	28	1.7898973460704908
\\ Jobs in machine 6
12
J57	14	1	89	10	1.5202835982035705
J58	15	4	103	9	1.6429922337422949
J59	16	1	101	30	1.1703035262746153
J60	16	13	20	25	1.0449947088385863
J61	16	8	109	30	1.260637168628584
J62	14	6	54	10	0.3415743504308367
J63	16	9	56	10	1.5748426909803066
J64	14	11	31	12	1.1758276312322429
J65	15	7	25	20	0.453693096042605
J66	13	13	99	37	0.5229130791307202
J67	14	5	26	10	1.5334833773298695
J68	14	9	14	38	1.8102598631805453
\\ Jobs in machine 7
13
J69	14	3	36	26	0.788960618796416
J70	15	11	104	50	0.4959099535804826
J71	13	13	32	22	1.0843655401446735
J72	14	1	104	2	0.5469768424916259
J73	15	6	47	7	1.4346760114250556
J74	15	10	27	16	1.3348731635009563
J75	15	14	88	46	0.9086504889976881
J76	15	11	82	20	0.647228131218082
J77	15	10	42	9	0.5334672173284228
J78	17	10	39	19	1.0616451288409798
J79	15	13	8	16	0.6263491785696692
J80	14	3	82	22	0.8912390437093983
J81	16	6	47	46	1.2667339385626122
\\ Jobs in machine 8
13
J82	16	12	38	8	0.9389546073667302
J83	14	1	62	32	1.1645415736738396
J84	14	10	50	9	1.1640028746248987
J85	12	13	21	44	0.6032835890808385
J86	14	2	101	27	1.2648235620034876
J87	14	6	65	19	1.1877960311283997
J88	13	9	10	12	0.8695800095433979
J89	15	10	87	38	1.4648756472339433
J90	15	13	7	43	1.907830442250853
J91	12	8	92	36	1.339718141832789
J92	13	12	91	3	1.8097825264491472
J93	13	4	47	16	1.284661615616964
J94	17	7	107	6	1.2392049528237128
\\ Jobs in machine 9
11
J95	14	3	110	40	2.0781440685645696
J96	16	4	62	4	1.6328705407810054
J97	15	8	109	1	1.6214442007926202
J98	14	8	65	47	1.76920972165877
J99	16	13	36	47	0.26639719946525786
J100	13	9	106	11	1.4731625224914315
J101	13	5	63	17	1.973517712650691
J102	14	14	16	15	0.9016465249796712
J103	13	13	78	40	1.079086861807495
J104	14	1	82	10	0.9193527127705851
J105	16	11	76	43	0.8751378372925891
\\ Jobs in machine 10
12
J106	14	8	26	36	0.5738522018502294
J107	15	9	72	15	1.743631977661003
J108	16	6	33	12	1.2405437967363602
J109	14	9	35	44	0.1
J110	13	10	87	17	1.7820171357106878
J111	14	3	100	18	0.3519941986607493
J112	13	14	95	50	2.123623820448323
J113	14	12	92	33	1.473975142994474
J114	13	5	16	42	1.2025765286132086
J115	14	13	7	28	1.2303980810007762
J116	16	4	60	47	1.1065413192742735
J117	17	7	110	32	1.2719582528814208
\\ Dependencies 
202
1	3
1	6
1	8
2	4
3	4
3	5
4	6
4	7
4	8
4	9
4	10
5	6
5	7
5	8
5	11
7	10
9	12
13	17
13	18
13	19
13	22
14	17
14	20
14	21
14	22
15	19
16	22
17	18
17	19
17	21
17	22
18	21
19	22
23	24
23	25
23	28
24	25
24	27
24	32
25	29
25	30
26	27
26	28
27	28
27	32
27	33
29	30
31	32
31	33
34	36
34	37
34	38
34	42
36	37
36	42
36	43
37	39
38	39
38	40
38	42
39	42
39	43
40	41
40	43
41	44
42	45
46	48
46	49
46	50
46	53
46	55
47	48
47	50
47	51
47	54
48	49
48	56
49	50
49	53
50	55
51	52
51	54
51	56
52	53
57	59
57	61
57	65
58	66
58	67
59	60
59	63
59	68
61	65
61	66
61	68
62	63
62	65
62	67
63	64
63	65
63	66
63	68
65	66
69	70
69	75
69	79
69	80
70	71
70	74
70	76
70	78
71	73
71	77
71	78
71	79
71	81
72	78
72	79
72	80
72	81
73	75
73	81
74	75
74	79
74	80
75	78
75	79
75	81
76	77
76	81
77	78
79	80
82	83
82	86
82	89
83	84
83	90
83	92
84	86
84	87
85	91
85	93
86	87
86	91
86	93
87	90
87	91
87	92
87	93
87	94
88	89
88	91
88	92
88	93
89	91
91	94
92	94
95	97
95	99
95	101
95	103
95	105
96	97
96	98
96	100
96	105
97	102
97	103
98	99
98	100
99	101
99	103
99	104
100	102
100	104
101	102
101	104
101	105
102	103
102	105
103	104
103	105
106	110
106	111
106	114
106	116
107	109
107	112
107	116
107	117
108	110
109	110
109	113
109	115
109	116
110	111
110	114
111	113
114	116
115	116
115	117
116	117
