\\ machines
18
\\ max power
180
\\ Jobs in machine 1
12
J1	14	11	48	16	1.10966155122331
J2	16	10	76	45	1.6648939195416628
J3	13	11	39	47	1.0841792399155137
J4	14	1	16	89	1.5040742797371844
J5	14	2	10	88	0.8578038943906827
J6	15	6	6	36	1.176419210227274
J7	14	11	82	32	0.7299357571635681
J8	14	6	14	50	0.9397304218908381
J9	15	1	39	72	0.727297752751892
J10	15	8	9	49	1.6987473224445933
J11	16	5	99	68	0.271244820867806
J12	15	4	52	75	1.5321646054973737
\\ Jobs in machine 2
11
J13	16	10	101	55	1.3738897094592448
J14	14	10	65	39	1.1448093841980325
J15	15	10	50	69	0.9706234954904029
J16	15	3	22	54	0.6921325855388271
J17	15	9	9	16	1.5653542168414394
J18	14	3	8	47	1.8919721256249242
J19	17	9	82	85	0.7481267832583429
J20	15	10	57	63	1.505802949402508
J21	15	12	86	34	1.1526216499531925
J22	14	1	2	20	0.5862450012184975
J23	13	12	78	56	1.9318461160441418
\\ Jobs in machine 3
9
J24	15	4	39	90	1.0711965908781413
J25	15	9	89	65	0.8616742818247711
J26	14	5	67	18	0.9133639550285951
J27	14	9	104	24	1.218351974090181
J28	16	14	102	72	1.1260332650167826
J29	14	6	86	57	1.6161864139034978
J30	15	2	4	46	1.241421253560155
J31	14	10	25	41	0.5267009354376972
J32	14	10	62	77	1.1438663982231736
\\ Jobs in machine 4
11
J33	14	4	73	54	1.3354152253925227
J34	15	8	75	2	2.3376064024406036
J35	16	7	68	53	0.7768124137585217
J36	14	12	86	18	0.7665835409266605
J37	15	10	4	13	1.6952965972457708
J38	15	2	72	8	1.6091543690266525
J39	15	11	49	43	0.9228044128562272
J40	15	8	60	44	1.806536267114787
J41	14	9	102	25	1.5876874221581931
J42	14	2	34	22	0.5227393991458696
J43	14	11	89	78	0.7882634956431736
\\ Jobs in machine 5
11
J44	14	11	98	58	1.1228818947188617
J45	13	8	72	18	1.1138837347319466
J46	14	14	103	4	1.0573420899123336
J47	15	10	9	23	0.9738098857542244
J48	15	14	71	78	0.44604214521949825
J49	15	12	95	46	0.7636544922799524
J50	17	8	9	61	1.3801330331653747
J51	16	10	24	27	0.2741820725219687
J52	15	12	9	68	1.5169921049742123
J53	16	14	41	46	1.2179914377574488
J54	15	11	56	60	0.8759154146747712
\\ Jobs in machine 6
11
J55	14	13	38	3	1.2262257240716463
J56	16	8	22	37	0.1
J57	15	8	86	46	1.8816636784403502
J58	15	12	79	28	1.7257213066608346
J59	14	10	24	3	0.8883128330721481
J60	14	3	73	73	1.0652792268348699
J61	15	12	6	40	1.0006118954040886
J62	14	13	7	64	0.34828404492035336
J63	13	4	12	33	1.2560126308205495
J64	15	9	50	3	0.20083821231785137
J65	15	1	27	29	1.1694527587006023
\\ Jobs in machine 7
11
J66	14	9	105	52	1.5089857507885052
J67	16	7	32	33	0.4646135812748182
J68	16	11	20	52	0.6917760736962315
J69	14	9	33	44	1.7546612698514106
J70	15	9	9	58	0.7128308132639367
J71	13	4	78	59	1.6257783923825238
J72	13	13	94	48	1.928964191485193
J73	12	7	91	55	0.6845875588559571
J74	13	11	110	25	0.8940159887856635
J75	15	8	36	70	1.803494796245867
J76	14	5	72	50	1.3939417911777867
\\ Jobs in machine 8
11
J77	15	14	40	36	0.3448641715849503
J78	14	14	105	49	1.1138240734539555
J79	16	3	107	34	2.061661524277836
J80	13	11	72	19	1.6198646271364063
J81	14	4	65	88	0.8897663928626791
J82	14	14	53	41	2.1007930262761088
J83	14	13	6	33	1.2128071425509037
J84	14	9	2	75	0.8158366997864231
J85	14	6	100	13	1.808944172806344
J86	14	14	30	77	1.49816198603299
J87	15	7	69	79	1.0594927526406768
\\ Jobs in machine 9
12
J88	15	5	55	23	0.5952206545527328
J89	13	12	92	72	0.9914944458925639
J90	15	5	17	19	0.6680783000706749
J91	16	4	46	47	0.7346364211436891
J92	14	5	60	29	1.6456601930248342
J93	16	8	101	44	2.111756336269225
J94	16	2	14	83	1.1953753026402356
J95	14	2	110	81	1.3005669342065753
J96	15	7	102	2	1.4465567308512561
J97	13	8	12	41	0.6288328850979283
J98	15	4	72	15	1.4188360648620988
J99	15	8	13	54	1.1711004495023603
\\ Jobs in machine 10
12
J100	14	9	81	2	1.6856355538663355
J101	14	14	25	32	1.3921892873763184
J102	15	11	97	7	1.1295758626133756
J103	14	7	79	54	1.3500836917536922
J104	15	8	74	38	0.5166857289619395
J105	15	9	12	39	1.6942971256061696
J106	15	13	14	11	0.7414439658324641
J107	14	14	57	4	1.3389364482035138
J108	13	12	22	14	1.142101513021137
J109	16	6	53	79	0.9093966491673824
J110	14	14	101	29	0.7208139129507953
J111	16	4	99	26	1.431628285994222
\\ Jobs in machine 11
12
J112	14	13	48	69	0.9595129194404056
J113	16	9	14	27	1.2318558357048746
J114	15	6	18	54	0.9395775823445949
J115	14	6	76	25	1.3344649038818714
J116	16	5	43	41	1.21947197454621
J117	13	11	32	31	1.2121580845885036
J118	14	3	2	33	0.703784557189207
J119	15	9	93	63	1.671643107168015
J120	14	7	76	81	1.1337606218228067
J121	17	6	89	46	1.0133033927675472
J122	13	8	30	67	2.434386568053774
J123	16	6	74	1	1.2752100470783518
\\ Jobs in machine 12
11
J124	15	11	87	56	1.2626729952836353
J125	13	2	72	83	0.9033012682664995
J126	16	3	77	50	1.3946705311928085
J127	12	1	32	74	0.9107699181016656
J128	15	4	16	16	1.112615936094984
J129	14	6	58	74	1.2740073878354643
J130	14	1	43	8	1.469024795310738
J131	16	12	32	30	1.138571657945882
J132	14	4	91	65	1.2507290119153633
J133	13	7	109	66	0.6331392240977876
J134	13	1	75	67	1.8572749803816464
\\ Jobs in machine 13
11
J135	13	13	31	83	1.2500307680591578
J136	16	12	18	59	1.5870291656783622
J137	16	4	25	20	0.7789702492721445
J138	15	1	73	70	1.5205986817272141
J139	13	14	57	7	1.1820403590886188
J140	16	3	22	51	1.4955431202021534
J141	12	13	35	39	1.2410636775506108
J142	15	13	91	6	1.138344125281977
J143	14	14	62	76	1.118824871612792
J144	16	11	108	36	1.0839863385933408
J145	15	11	38	31	1.5325040823974332
\\ Jobs in machine 14
12
J146	15	10	42	5	1.3881557432138143
J147	15	4	92	6	1.3660560733087626
J148	16	13	72	82	1.2214287844101197
J149	14	4	72	22	2.2104430091099316
J150	13	8	46	14	1.3762631794681646
J151	15	2	80	70	1.7210382950159624
J152	14	10	81	75	1.2351528211926368
J153	15	3	77	32	1.5411795494738478
J154	15	7	60	69	1.0202580020092422
J155	15	9	87	24	0.6344759830082829
J156	15	10	68	20	0.6427694490962029
J157	15	9	29	29	0.32475138249899793
\\ Jobs in machine 15
12
J158	13	13	109	85	2.1198673060484463
J159	15	7	8	4	1.8248509672795703
J160	17	14	27	2	1.8331662464220073
J161	14	3	16	16	1.4798989052076643
J162	14	13	3	59	2.6178571237913935
J163	15	8	69	45	1.2404523882064777
J164	16	8	104	73	1.160666149483017
J165	14	8	33	20	0.8085184056317356
J166	15	14	94	90	1.6964922178962265
J167	14	1	90	31	1.3758972682128232
J168	14	5	89	18	1.4167036382587788
J169	13	11	11	38	1.2589195972415805
\\ Jobs in machine 16
11
J170	14	8	96	35	1.6674159392267849
J171	13	11	21	8	0.6912872204431398
J172	14	9	100	61	0.8804132616615532
J173	14	9	48	88	0.840809581625574
J174	15	11	67	71	1.4224487757778927
J175	14	14	32	26	1.1906038920326794
J176	13	9	39	66	0.8764332737368863
J177	16	8	5	30	1.418072690543526
J178	14	13	38	68	0.4640205496239779
J179	13	4	64	16	1.1062185910596596
J180	15	14	86	90	1.2116749155878945
\\ Jobs in machine 17
12
J181	16	5	106	10	1.4379821295692765
J182	16	12	104	15	0.987384559648802
J183	14	10	86	14	0.6446612323974724
J184	13	9	44	41	1.4768910364739996
J185	15	13	34	52	1.1084585481104396
J186	15	12	87	74	2.018100346683632
J187	14	9	2	45	1.5484647457866219
J188	14	5	19	9	0.9794277876543087
J189	16	8	41	11	1.1913091922729602
J190	13	7	5	69	1.7280642219247901
J191	14	3	3	49	1.9341728155757525
J192	16	13	22	72	0.6455247575547526
\\ Jobs in machine 18
10
J193	15	11	87	35	0.9265991205384183
J194	14	10	79	77	1.349386529194683
J195	15	13	51	59	0.4503435054941448
J196	13	12	15	5	0.8539232860288697
J197	14	14	83	11	0.7958486501441747
J198	15	1	6	62	0.9147993391151998
J199	14	7	4	70	1.1091812876638238
J200	14	7	73	64	0.9451163652001686
J201	16	9	57	36	0.659175443334716
J202	13	8	54	56	1.8007247521891792
\\ Dependencies 
82
1	2
2	10
6	12
9	12
14	20
22	23
24	28
24	29
25	32
27	28
33	37
33	41
38	41
45	50
46	52
49	54
51	53
55	58
55	62
58	60
61	62
78	79
78	80
79	80
79	84
80	84
83	87
84	86
88	91
88	93
90	99
93	95
95	98
97	99
101	107
102	103
102	109
103	105
103	109
105	106
106	107
109	111
112	115
112	123
113	116
113	119
116	121
117	120
121	122
122	123
124	128
125	131
127	129
130	133
131	132
136	142
137	142
139	140
143	145
158	163
158	166
160	167
167	169
170	171
170	177
176	178
178	180
181	183
181	192
183	187
183	189
184	190
186	189
186	191
187	188
188	191
194	198
195	199
195	201
196	202
198	202
200	202
