\\ machines
20
\\ max power
200
\\ Jobs in machine 1
10
J1	14	1	44	81	0.42394554703669196
J2	13	9	25	81	1.1000446847382688
J3	15	3	101	23	1.123738210760151
J4	14	3	9	133	0.9589023025681418
J5	14	1	22	79	1.2878515937694734
J6	14	14	37	35	1.2581590655759536
J7	16	8	34	44	0.8628142964449035
J8	14	3	75	105	0.5579091645346227
J9	13	3	40	73	0.6834733677059022
J10	16	9	58	134	0.8064109526453188
\\ Jobs in machine 2
11
J11	15	10	75	53	0.6143974816310706
J12	16	10	37	8	1.2140451117926556
J13	15	3	108	31	1.004742254498505
J14	15	4	83	150	1.809427529195959
J15	15	2	88	8	1.273627672343524
J16	15	9	86	104	0.9007130490871229
J17	13	13	66	13	1.4373885477625261
J18	15	12	77	11	1.1180817063914443
J19	14	2	104	30	1.1422529362763902
J20	13	11	68	19	1.0135667204966827
J21	14	12	9	129	1.4902324424846138
\\ Jobs in machine 3
12
J22	14	2	109	142	1.3674276685228108
J23	13	6	5	73	0.8903655220491691
J24	15	7	48	136	1.416259539314042
J25	16	6	21	115	1.6380427446146004
J26	14	13	110	140	1.2903601697414893
J27	14	9	23	16	0.8649340367725846
J28	14	7	36	143	0.1
J29	16	5	54	103	1.49944219281575
J30	13	7	74	132	1.9531256079871904
J31	15	2	32	137	1.1567377758060662
J32	16	6	88	11	0.3584537804877842
J33	16	13	107	23	2.145263139873297
\\ Jobs in machine 4
11
J34	13	2	98	98	0.8879674382056783
J35	13	9	95	138	1.5051718932924332
J36	15	12	82	73	0.7707478289662322
J37	13	6	104	41	0.9127580550369186
J38	16	1	90	70	0.8099400653521214
J39	14	11	80	129	0.9688360677433359
J40	15	13	19	62	2.2525458257931357
J41	14	4	77	10	1.214575603535375
J42	12	3	33	84	1.4233361599074843
J43	12	13	35	124	0.988576408171586
J44	16	14	92	60	1.1399329317587994
\\ Jobs in machine 5
12
J45	14	14	46	139	1.4252520780858873
J46	15	9	50	57	0.34857485617885664
J47	14	14	58	138	1.3333224528381216
J48	16	10	67	96	0.6967786213779702
J49	14	2	5	77	1.41642207240435
J50	15	3	23	41	1.4925590561786946
J51	14	2	99	125	0.7788942015684982
J52	15	2	17	3	1.6027178188247162
J53	14	3	77	59	1.1352403971930591
J54	14	6	60	145	1.0713011133850057
J55	16	14	62	84	1.7046474866760577
J56	15	4	81	111	0.8489688456903906
\\ Jobs in machine 6
10
J57	14	1	17	11	0.9449842295291155
J58	14	6	13	79	0.6598041627065714
J59	14	3	56	88	0.5880194381097108
J60	14	13	11	72	0.9492163539907896
J61	14	1	28	56	0.4276527006455664
J62	13	3	79	79	1.1894277487876663
J63	12	6	63	135	1.4686561194654082
J64	14	2	9	43	0.6112581899410428
J65	13	6	38	84	1.1622953704619587
J66	14	13	14	114	0.939225271222839
\\ Jobs in machine 7
12
J67	13	1	90	70	0.4149612456668432
J68	14	9	59	92	1.932777997423422
J69	15	6	45	16	0.2687190395858282
J70	13	6	103	114	1.132972863477145
J71	15	6	22	150	1.902878453383373
J72	14	5	80	33	0.8091347712316084
J73	15	4	105	116	1.068991775200651
J74	14	14	11	1	1.2803598103319054
J75	14	6	88	1	2.007684589038343
J76	15	3	58	82	1.4055839813811537
J77	16	8	110	24	0.8805617230919673
J78	14	1	5	33	1.2786107989428193
\\ Jobs in machine 8
10
J79	14	13	88	35	0.7522262109889699
J80	15	8	22	107	1.5651639504262038
J81	16	5	100	109	1.5072512766178094
J82	14	13	31	94	1.2893237317441653
J83	13	14	108	57	0.6202443506128217
J84	13	4	29	130	1.5414736140053478
J85	14	1	84	13	1.5126724095644297
J86	16	3	66	47	0.8952942152032598
J87	15	3	69	18	0.9744416317253992
J88	15	2	77	108	0.7647516657356883
\\ Jobs in machine 9
11
J89	15	11	54	28	0.6924939011943503
J90	16	3	41	46	1.1651270140333725
J91	14	1	36	122	0.9324835953894499
J92	14	10	2	9	1.3014925957590515
J93	15	13	2	10	0.4626863879149704
J94	13	13	45	128	0.7046630425467721
J95	14	3	70	107	1.4093335042907797
J96	15	14	99	96	1.2713586157098835
J97	15	14	63	77	0.9873558479931019
J98	14	3	16	9	2.686953662574342
J99	12	9	33	105	0.34742246339346416
\\ Jobs in machine 10
10
J100	17	12	75	120	2.0105770245415115
J101	14	1	4	5	1.7159400760586516
J102	14	10	76	65	1.1963863795687182
J103	15	8	21	146	0.9713811329597594
J104	14	12	65	129	1.1942993232665389
J105	16	4	25	33	1.1479676392916662
J106	16	7	48	29	1.7719940783218542
J107	13	5	7	2	1.3427580339195215
J108	13	13	90	27	2.2995686083247326
J109	15	7	20	142	1.8432238854422756
\\ Jobs in machine 11
11
J110	15	11	50	90	1.274948197071715
J111	15	10	46	75	2.0134774845799823
J112	17	7	102	80	1.820881451516583
J113	14	1	5	109	1.5849245847873499
J114	15	5	30	12	1.0398438941582107
J115	14	5	70	47	1.3528094634399843
J116	14	2	71	103	0.3590419673075903
J117	13	6	74	100	1.4791201900187374
J118	15	1	42	128	1.967491750810916
J119	16	3	47	93	0.4418271172157976
J120	16	2	35	75	1.1625473938490714
\\ Jobs in machine 12
11
J121	15	9	20	35	0.9141866440184876
J122	15	4	32	40	0.7894445162518098
J123	13	9	43	140	2.4170762497634737
J124	13	13	66	76	1.6093177746906473
J125	14	11	73	130	0.43837095091935163
J126	14	12	68	43	0.7234796229363114
J127	15	9	96	2	0.4573145362267612
J128	15	2	102	7	1.2034549596649504
J129	15	9	9	79	1.3014714629158548
J130	14	13	2	35	1.0098804504087528
J131	16	9	50	119	1.8355340615684865
\\ Jobs in machine 13
11
J132	14	13	91	45	1.8102346282955109
J133	16	14	34	65	1.3436988109377621
J134	13	11	64	32	1.5765990644260817
J135	13	10	18	50	1.6120229992895236
J136	16	3	97	63	0.1
J137	14	1	106	80	0.944587819253091
J138	14	2	26	26	1.2937997492293105
J139	14	2	5	50	1.0576505817575212
J140	14	6	32	101	1.1153401230828384
J141	16	3	97	60	1.3994588315856382
J142	13	4	45	51	1.636405577469728
\\ Jobs in machine 14
11
J143	14	9	38	97	1.2222959402952405
J144	16	10	69	56	1.2927253491335309
J145	15	12	94	14	1.2316943689578905
J146	14	3	56	104	1.0860517033656625
J147	13	1	35	63	1.8719517461963395
J148	15	4	29	125	1.226787501164644
J149	16	7	98	18	0.3690283865185755
J150	14	2	27	127	0.838733951029695
J151	15	3	102	22	2.3980801468620747
J152	14	12	103	20	0.43075097346324154
J153	15	9	34	42	1.3691666460366225
\\ Jobs in machine 15
12
J154	14	11	70	73	1.1713496101999747
J155	15	13	16	98	0.6789656587187475
J156	13	5	101	146	0.1
J157	15	4	99	91	1.8711011510596551
J158	15	12	26	48	1.329325865736692
J159	13	4	90	77	1.2855836553863917
J160	15	13	55	87	1.7000972557285703
J161	14	5	29	27	1.545789365355581
J162	16	13	37	114	1.1326909265892762
J163	14	5	41	48	1.6149571063815737
J164	15	4	45	72	1.347951098026275
J165	14	5	58	107	1.2874406471398652
\\ Jobs in machine 16
11
J166	15	3	60	100	0.663828727838586
J167	12	8	55	40	0.5809438950865145
J168	14	9	107	93	1.8227262221999925
J169	15	3	59	130	1.4314791963215487
J170	15	7	15	12	1.3630351035937767
J171	14	7	82	6	1.3195260052525646
J172	14	10	72	17	1.5166115726033766
J173	14	10	37	4	1.573982866902223
J174	13	12	108	107	1.2691386052680789
J175	13	5	50	75	1.4786564607774668
J176	15	12	18	62	1.7183021646520853
\\ Jobs in machine 17
9
J177	13	13	56	121	1.757510214499327
J178	14	3	21	10	1.641909489640312
J179	14	1	21	53	1.6391603368922119
J180	14	6	60	104	1.810040009923466
J181	15	7	51	58	1.6300597204750198
J182	14	12	27	106	1.1555838390883197
J183	16	5	13	106	0.8867873812274911
J184	14	11	8	72	1.242140156169253
J185	14	14	33	31	1.8020030771254794
\\ Jobs in machine 18
13
J186	14	12	34	67	1.2066547436340658
J187	14	7	84	100	0.27632636874624306
J188	15	6	66	101	0.5999725155788523
J189	17	3	22	85	0.7228586927484137
J190	16	12	39	16	1.6052502630212138
J191	15	6	32	39	1.832115955769726
J192	15	1	54	3	0.9106542190157199
J193	15	8	63	90	0.6913441202385763
J194	14	6	35	38	0.6827355333088179
J195	14	4	107	45	0.815476372686212
J196	14	10	46	13	1.0113037911066323
J197	17	9	95	71	1.6975294195191641
J198	14	2	8	87	0.4491859889529387
\\ Jobs in machine 19
10
J199	15	6	33	112	0.5174017215302745
J200	13	8	77	112	1.6810997034940138
J201	15	2	14	136	0.5481110439219306
J202	14	4	31	71	1.7726469999606076
J203	15	13	6	136	1.1229494187074047
J204	14	3	96	102	1.5939356532960047
J205	14	5	52	50	0.8802768991266857
J206	15	3	95	27	1.0634581525676046
J207	14	1	9	19	1.057631764125118
J208	16	1	62	9	1.6906456286244962
\\ Jobs in machine 20
11
J209	16	1	80	71	0.1
J210	14	5	59	42	1.2818688957839375
J211	15	13	21	101	0.5590544764232228
J212	14	7	86	105	1.6383913223942628
J213	15	4	101	85	0.8699341265777596
J214	14	2	15	130	0.7576986373731538
J215	14	11	2	87	0.6902112281191448
J216	15	3	21	128	1.533896325984637
J217	16	1	66	86	1.028009492045487
J218	14	12	20	27	1.5678473692946708
J219	17	10	56	139	0.7192817689915312
\\ Dependencies 
464
1	3
1	4
1	9
1	10
2	4
2	8
2	10
3	4
3	6
3	8
4	8
4	9
4	10
5	6
5	7
5	9
6	7
6	8
7	8
8	9
11	12
11	13
11	15
11	16
11	19
12	13
12	14
12	16
13	14
13	15
13	19
13	20
13	21
14	16
14	17
14	18
14	19
14	20
15	17
15	21
16	17
16	18
16	19
16	20
16	21
17	19
17	20
19	21
22	23
22	26
22	30
22	32
23	24
23	26
23	28
23	29
23	31
24	25
24	26
24	27
24	28
24	31
26	30
26	33
27	29
27	30
27	31
27	32
28	29
28	31
28	32
28	33
29	31
30	31
31	32
31	33
34	35
34	36
34	38
34	43
34	44
35	40
35	42
35	44
36	40
37	38
37	42
38	42
38	43
38	44
39	42
39	43
39	44
40	42
40	44
41	43
43	44
45	52
45	54
45	55
45	56
46	47
46	48
46	50
46	51
47	50
47	51
47	53
47	54
47	55
48	49
48	52
48	55
49	51
49	52
49	53
49	55
50	52
51	52
51	53
52	53
53	54
53	55
54	55
54	56
57	59
57	62
57	64
57	65
58	59
58	61
58	62
58	63
59	61
59	64
59	65
59	66
60	61
60	62
60	63
60	64
61	66
62	63
62	64
62	65
63	64
64	66
67	70
67	74
67	76
68	69
68	71
68	73
68	77
68	78
69	72
69	73
69	75
69	76
69	77
70	71
70	73
70	74
70	75
71	74
71	77
72	74
72	76
72	77
72	78
73	78
74	75
74	76
75	76
76	78
79	80
79	81
79	82
80	82
80	83
80	84
81	82
81	84
81	86
82	83
82	85
82	86
83	85
83	87
83	88
85	87
86	87
86	88
89	90
89	92
89	94
89	95
90	94
90	96
90	98
91	92
91	99
92	95
92	96
92	99
93	94
93	99
94	95
94	99
95	96
95	98
96	98
97	98
100	101
100	104
100	105
100	107
100	108
100	109
101	102
101	104
101	105
101	107
102	105
102	107
102	109
103	105
103	106
104	109
105	107
110	111
110	112
110	114
110	116
110	120
111	112
111	114
111	115
111	117
111	119
111	120
112	116
113	115
113	116
113	117
113	118
113	120
114	115
115	116
115	117
116	117
116	118
116	119
117	120
119	120
121	124
121	125
121	126
121	129
121	131
122	123
122	124
122	128
122	129
123	124
123	125
123	129
124	126
124	128
124	130
124	131
125	126
125	129
125	130
125	131
126	128
128	129
128	131
132	135
132	139
132	142
133	135
133	136
133	139
133	141
134	137
134	138
135	136
135	137
135	138
135	141
136	140
137	139
137	141
138	139
139	141
139	142
143	148
143	152
143	153
144	150
144	151
145	146
145	150
146	148
146	149
146	151
147	149
147	152
147	153
148	149
148	153
149	151
149	152
149	153
150	152
152	153
154	155
154	159
154	160
154	162
154	164
154	165
155	157
155	161
155	164
156	160
156	161
156	162
156	163
156	164
157	158
157	159
157	162
157	164
157	165
158	165
159	160
159	161
159	162
159	164
159	165
160	161
160	163
160	165
161	165
162	164
164	165
166	168
166	170
166	171
166	173
166	174
166	175
167	170
167	171
167	173
167	174
168	170
168	171
168	172
168	173
168	174
168	175
169	170
169	172
169	173
169	174
169	175
170	171
170	172
170	174
170	176
171	172
171	174
171	175
171	176
172	173
173	176
177	178
177	179
177	183
177	184
178	180
178	182
178	184
179	181
179	185
180	184
182	183
182	185
183	184
184	185
186	188
186	189
186	191
186	192
186	193
186	194
187	190
187	191
187	197
188	189
188	190
188	194
188	195
188	197
189	193
189	194
189	196
189	197
189	198
190	191
190	194
190	195
190	196
191	194
191	196
192	196
192	198
193	194
193	195
193	197
194	195
194	196
194	197
194	198
196	197
199	200
199	201
199	202
199	203
199	204
199	208
200	201
200	206
200	207
201	206
202	204
202	208
203	205
205	206
205	208
206	207
206	208
207	208
209	210
209	211
209	217
210	212
210	219
211	212
211	213
211	216
211	219
212	214
212	219
213	218
213	219
214	219
216	218
217	218
217	219
218	219
