\\ machines
6
\\ max power
60
\\ Jobs in machine 1
12
J1	14	12	27	32	2.3611173695615477
J2	14	4	74	41	1.0797103897553681
J3	15	5	108	29	0.7414253184441819
J4	16	6	50	26	1.244721924764469
J5	14	3	65	6	1.810182213842712
J6	14	7	73	8	0.9807736164132528
J7	14	3	108	30	0.8882405712648938
J8	14	4	40	16	0.28593107824167874
J9	14	5	82	6	0.7001345757422932
J10	15	2	75	45	1.1271638793069476
J11	16	9	67	38	1.4440787112879274
J12	15	8	7	41	0.6413328496684644
\\ Jobs in machine 2
10
J13	15	13	40	3	1.1151055827528396
J14	14	7	81	2	2.221106099679285
J15	14	1	92	43	1.3490412753429206
J16	14	10	31	3	0.8814843379988346
J17	14	6	8	34	0.9981340232870863
J18	13	7	59	12	1.2262841390782866
J19	14	14	44	32	1.3726259971240684
J20	16	9	48	6	1.6048760191672184
J21	15	12	37	6	1.3282392826318112
J22	13	10	86	28	0.49293219283948553
\\ Jobs in machine 3
13
J23	15	11	37	45	1.3028664704628414
J24	17	14	85	38	1.9612857881874595
J25	15	12	78	45	1.744790995053721
J26	14	14	12	5	1.7778282647361163
J27	15	3	47	21	0.8040489824633692
J28	15	11	63	19	1.39256211319369
J29	14	7	57	40	1.0523754511695327
J30	14	9	87	18	1.5100580910853558
J31	13	1	86	44	1.2223961454274093
J32	13	8	3	11	1.5144691673009294
J33	15	14	105	31	1.3712493645354729
J34	14	7	23	12	1.1727440688311186
J35	13	10	20	1	1.2934227104775013
\\ Jobs in machine 4
9
J36	15	9	10	17	1.499122471512425
J37	14	13	18	24	1.1389783146564767
J38	14	8	87	32	1.0522249810769961
J39	15	8	57	42	1.9863955727180187
J40	14	14	87	26	1.4707932300749291
J41	15	5	32	20	1.513530753322343
J42	14	14	35	30	0.9690635751151273
J43	15	4	9	37	0.9623127388866087
J44	16	7	87	6	1.6228654947202592
\\ Jobs in machine 5
10
J45	13	9	92	7	0.8142963714576723
J46	15	1	68	10	0.6919992805542982
J47	15	7	104	21	2.2600314849346996
J48	13	10	101	26	1.9845968349726828
J49	14	8	97	2	1.9759279236251261
J50	13	2	41	22	0.48322023189427177
J51	15	12	50	36	0.4916898207051984
J52	14	4	41	40	1.7547258956958673
J53	14	7	65	20	1.2477562194546792
J54	14	12	60	27	0.6744753447377773
\\ Jobs in machine 6
10
J55	14	4	78	43	2.0610442851277706
J56	15	6	19	16	0.9855342417127573
J57	15	10	41	1	0.3444729189177431
J58	15	8	18	34	0.6840540345147976
J59	14	7	101	26	1.0565932726534404
J60	15	11	37	28	0.5783667639959473
J61	14	11	60	25	0.15806662123627846
J62	14	11	64	1	1.337954393350113
J63	15	8	66	21	0.6227918342579178
J64	15	11	6	33	1.4576041185568103
\\ Dependencies 
145
1	4
1	5
1	7
1	8
1	9
1	11
1	12
2	5
2	10
2	11
3	5
3	7
3	8
3	12
4	5
4	6
4	10
5	6
5	8
5	9
6	7
6	8
6	10
7	8
7	9
7	10
8	9
13	14
13	15
13	18
13	22
14	15
14	16
14	17
14	20
14	21
15	17
15	18
16	17
16	19
16	20
16	21
17	18
17	19
17	20
18	19
18	20
19	20
19	21
21	22
23	26
23	29
23	31
23	32
23	33
24	31
24	34
24	35
25	26
25	32
25	33
26	28
26	32
26	33
27	30
27	32
27	33
27	34
27	35
28	30
28	31
28	33
29	31
29	33
29	35
30	32
30	35
31	33
31	34
32	33
32	35
34	35
36	40
36	42
36	43
36	44
37	39
37	41
37	43
37	44
38	39
38	40
38	42
38	43
39	41
40	42
40	43
40	44
41	42
41	44
45	46
45	47
45	48
45	49
45	50
45	51
45	52
45	54
46	48
46	50
46	53
46	54
47	54
48	50
48	51
48	52
48	54
49	50
49	52
49	54
51	52
52	53
52	54
55	56
55	59
55	60
56	57
56	58
56	60
56	63
56	64
57	59
57	63
57	64
58	61
58	62
58	64
59	60
59	62
59	64
60	62
60	64
61	63
62	63
62	64
