\\ machines
9
\\ max power
90
\\ Jobs in machine 1
12
J1	16	13	56	3	1.2364292965564647
J2	16	6	23	8	0.9957128563893833
J3	14	14	63	22	0.3537525717601965
J4	15	10	91	20	1.1918144980999277
J5	13	11	26	17	1.378167063960329
J6	14	10	51	4	1.3780269677307375
J7	13	10	98	17	1.6859468281300336
J8	15	2	75	9	1.2183945590848513
J9	15	6	78	21	0.5942084308823681
J10	14	4	75	7	1.097092508381053
J11	14	8	107	19	1.2146310136857885
J12	14	6	86	10	1.4034903298186476
\\ Jobs in machine 2
11
J13	15	1	35	15	1.5806921093423534
J14	16	11	54	21	1.3658792134663948
J15	14	7	82	1	2.1410830080643475
J16	16	8	97	10	1.218943672005994
J17	14	13	35	7	1.3625155673741831
J18	15	10	109	8	0.1
J19	14	11	85	10	1.3146833875326738
J20	13	4	108	11	1.457528527125146
J21	14	2	14	5	2.29747541016222
J22	15	8	62	1	1.1530718071092028
J23	14	1	107	1	0.7901530208706824
\\ Jobs in machine 3
12
J24	14	3	2	3	1.3848914903685376
J25	14	3	73	20	1.0806441794880455
J26	16	4	19	8	0.9901745706222292
J27	14	7	82	11	1.2281678232626911
J28	13	14	95	18	1.0965706952351026
J29	16	9	86	8	2.009675766738125
J30	15	10	19	1	1.112827330379711
J31	13	12	16	13	1.6601176229189158
J32	15	6	45	11	2.0891816221370036
J33	14	14	68	9	1.7547295797383278
J34	15	6	65	14	0.34169754760581605
J35	15	13	13	12	1.553802149801541
\\ Jobs in machine 4
11
J36	16	14	5	15	0.6327659211953421
J37	15	1	59	15	1.9431272035753742
J38	15	1	46	2	1.8181966084280257
J39	17	13	56	6	1.4252702786414453
J40	15	10	67	7	1.5163795709126173
J41	13	13	44	14	1.744671846878687
J42	13	12	14	16	1.460917335696895
J43	15	10	105	6	0.916788456385303
J44	15	8	94	17	1.1350888705875462
J45	14	11	22	14	1.471694714051579
J46	15	4	5	4	1.1454131008140158
\\ Jobs in machine 5
11
J47	14	11	101	20	0.8629662112323446
J48	14	7	74	17	0.2003112027930044
J49	15	1	42	12	1.4405135048733027
J50	16	12	66	13	0.7817403025528114
J51	14	9	6	20	1.4176801254914624
J52	14	6	10	21	1.6160880732831893
J53	14	1	57	6	1.5033068740744016
J54	15	11	98	21	0.81278524315059
J55	13	12	35	5	1.273542671494223
J56	14	13	37	2	1.3408020508283507
J57	15	13	64	22	1.5875075005469816
\\ Jobs in machine 6
10
J58	14	9	106	19	1.8604741535673812
J59	15	9	14	21	0.9401549941248135
J60	14	4	21	14	1.0186409427112513
J61	16	3	65	11	0.6531587276354726
J62	15	14	99	14	0.6288993018732337
J63	15	2	94	21	1.6155758015316968
J64	16	2	42	3	1.4242189794014852
J65	14	14	97	5	1.4327315264319262
J66	15	1	20	3	0.9647560094825693
J67	14	1	10	12	1.011161917480052
\\ Jobs in machine 7
12
J68	15	9	53	11	1.178663495346279
J69	15	5	109	11	1.0777657631610695
J70	16	12	10	7	1.308338158713424
J71	14	2	73	8	0.9898840691838091
J72	17	2	22	11	0.6655345363281944
J73	14	2	78	9	0.25431304403115984
J74	16	2	108	3	1.1005207020873131
J75	14	14	2	14	2.25604652359862
J76	17	11	12	21	1.104675392929375
J77	13	4	37	3	1.4146830393960932
J78	15	5	66	21	0.8905688186738978
J79	13	2	96	15	0.6554543402780715
\\ Jobs in machine 8
12
J80	13	9	63	18	1.3344964500320353
J81	17	1	95	20	1.403533560458969
J82	13	13	38	21	1.3202707059941927
J83	16	1	93	18	0.9751958465376505
J84	14	9	26	7	2.6919450438993913
J85	15	7	83	13	0.8728399369914315
J86	14	10	3	18	2.4013742849106423
J87	15	7	3	15	1.8943354973372069
J88	15	14	65	13	1.5539819903529266
J89	14	14	68	21	0.617718837112399
J90	13	2	51	22	1.093736210515458
J91	16	9	82	18	1.2105829294763186
\\ Jobs in machine 9
12
J92	13	13	73	14	0.9891846103081404
J93	14	1	77	1	1.2888412945997574
J94	15	11	95	14	0.2491590931393649
J95	15	9	76	6	0.42151397910966826
J96	15	4	79	1	0.7004615573921844
J97	16	8	79	7	1.388561947119407
J98	14	1	10	16	0.4843516346150045
J99	15	14	13	4	1.4909481012538364
J100	15	2	78	22	0.7673639830507559
J101	13	4	10	2	1.258471191523755
J102	14	1	101	17	1.267651762637195
J103	14	9	52	11	1.0379555269271383
\\ Dependencies 
430
1	3
1	4
1	5
1	6
1	7
1	8
1	9
1	10
1	12
2	4
2	5
2	6
2	7
2	9
2	10
2	12
3	4
3	5
3	7
3	8
3	9
3	12
4	5
4	6
4	8
4	9
4	10
4	12
5	6
5	7
5	8
5	10
5	11
5	12
6	7
6	8
6	9
6	11
6	12
7	9
7	10
7	12
8	10
8	11
8	12
9	10
9	11
9	12
10	11
10	12
11	12
13	14
13	15
13	16
13	17
13	18
13	19
13	20
13	21
13	22
13	23
14	15
14	16
14	17
14	18
14	19
14	20
14	21
14	22
14	23
15	16
15	17
15	20
15	22
15	23
16	19
16	20
16	21
16	22
16	23
17	18
17	19
17	20
17	22
17	23
18	19
18	21
18	23
19	20
19	21
19	22
19	23
20	21
20	23
21	22
21	23
22	23
24	26
24	27
24	29
24	30
24	31
24	32
24	33
24	34
24	35
25	28
25	29
25	31
25	33
25	34
25	35
26	27
26	29
26	31
26	32
26	33
26	35
27	28
27	29
27	30
27	32
27	33
27	34
28	29
28	30
28	32
28	33
28	35
29	30
29	31
29	33
29	35
30	31
30	32
30	33
30	34
30	35
31	32
31	33
31	34
31	35
32	33
32	34
32	35
33	34
33	35
34	35
36	37
36	38
36	39
36	41
36	43
36	44
36	45
36	46
37	39
37	40
37	41
37	42
37	43
37	44
37	45
37	46
38	40
38	41
38	42
38	43
38	44
38	45
38	46
39	42
39	43
39	44
39	45
39	46
40	41
40	42
40	43
40	44
40	46
41	42
41	44
41	45
41	46
42	44
42	45
42	46
43	45
44	45
44	46
45	46
47	48
47	49
47	50
47	51
47	53
47	54
47	55
47	56
47	57
48	49
48	50
48	51
48	52
48	53
48	55
49	50
49	51
49	52
49	54
49	55
49	57
50	51
50	52
50	53
50	54
50	55
51	54
51	55
51	56
51	57
52	53
52	54
52	55
52	56
52	57
53	54
53	57
54	55
54	56
54	57
55	56
55	57
56	57
58	59
58	60
58	61
58	62
58	64
58	65
58	66
59	61
59	62
59	63
59	64
59	65
59	66
59	67
60	61
60	62
60	64
60	65
60	66
60	67
61	63
61	64
61	65
61	66
61	67
62	63
62	64
62	65
62	66
63	64
63	65
63	66
63	67
64	65
64	66
64	67
65	66
65	67
66	67
68	69
68	70
68	71
68	72
68	73
68	75
68	76
68	77
68	78
68	79
69	70
69	71
69	72
69	73
69	74
69	75
69	76
69	78
69	79
70	71
70	72
70	73
70	75
70	76
70	77
70	78
70	79
71	72
71	73
71	74
71	75
71	77
71	79
72	73
72	75
72	76
72	77
72	78
72	79
73	74
73	75
73	76
73	77
73	78
74	75
74	77
74	78
74	79
75	76
75	77
75	78
75	79
76	77
76	79
77	79
78	79
80	81
80	82
80	83
80	84
80	85
80	86
80	87
80	88
80	89
80	90
80	91
81	84
81	87
81	90
81	91
82	83
82	84
82	86
82	88
82	89
82	90
83	84
83	88
83	89
83	90
84	85
84	86
84	87
84	88
84	89
84	90
84	91
85	86
85	90
85	91
86	87
86	88
86	89
86	90
87	88
88	89
88	90
89	90
89	91
90	91
92	93
92	94
92	95
92	96
92	98
92	99
92	100
92	101
92	103
93	94
93	95
93	97
93	98
93	99
93	100
93	101
93	102
93	103
94	96
94	97
94	98
94	99
94	100
94	101
94	102
94	103
95	96
95	98
95	100
95	101
95	102
95	103
96	97
96	98
96	100
96	101
96	102
96	103
97	98
97	100
97	101
97	102
98	99
98	100
98	102
98	103
99	100
99	101
99	102
99	103
100	101
100	102
100	103
101	102
101	103
