\\ machines
15
\\ max power
150
\\ Jobs in machine 1
10
J1	14	12	87	22	1.3207155079302437
J2	16	5	53	35	0.7824962097169985
J3	15	10	81	13	1.0923684225803345
J4	16	12	95	30	1.8550741172402505
J5	12	3	53	33	1.306092609300354
J6	15	9	2	26	0.9473234230423344
J7	15	6	16	35	0.3326576940642221
J8	13	13	28	2	1.2022105410826065
J9	15	8	38	13	1.1164117808393885
J10	15	14	17	34	0.9871225174210005
\\ Jobs in machine 2
11
J11	15	1	24	34	2.4216620411747796
J12	15	5	15	32	1.3331594349294096
J13	17	14	19	7	1.3699111273140707
J14	14	12	78	14	0.8445262598290211
J15	14	13	58	5	1.6425294260001264
J16	15	13	104	12	1.683306114537448
J17	14	12	22	16	0.9657048905400162
J18	13	9	31	6	1.4138913591475755
J19	14	10	5	29	1.1937190984390278
J20	15	1	14	10	1.5872572924156836
J21	13	8	18	9	1.4049316648495052
\\ Jobs in machine 3
12
J22	14	11	13	21	1.9822627017200127
J23	16	3	46	28	1.5925588690351253
J24	14	14	57	21	0.1955832974492766
J25	14	8	46	20	1.7816186093183024
J26	15	2	14	38	1.6250264529136464
J27	15	9	34	12	1.5147739848851818
J28	14	10	79	23	1.119145719411763
J29	15	9	14	7	0.7679318406686708
J30	14	7	68	29	1.7629369587233104
J31	14	4	85	32	1.0461785111777726
J32	17	9	50	30	1.5565785865968795
J33	13	7	45	34	2.054372192356401
\\ Jobs in machine 4
9
J34	15	4	94	8	0.8686422603646795
J35	16	4	57	17	1.9973297393492313
J36	15	9	3	28	1.027607300804534
J37	14	3	16	2	1.6012158776738916
J38	14	7	77	1	1.3779459374151903
J39	15	14	36	14	1.1336816330645627
J40	14	1	66	8	1.0435694741799102
J41	15	8	39	16	0.8245268671074144
J42	12	11	110	33	0.6685925922183167
\\ Jobs in machine 5
11
J43	14	10	20	16	0.5846354711190617
J44	15	5	15	3	2.3940200921575245
J45	14	13	107	20	1.438791000194767
J46	13	11	77	27	2.00745366939814
J47	16	4	24	33	2.553449833910446
J48	15	6	21	29	1.3999488259248873
J49	14	10	51	26	1.4601241034508337
J50	15	8	32	15	1.1882975355535754
J51	16	14	105	10	0.7201319618854503
J52	14	5	105	33	1.157698237606022
J53	13	13	19	1	1.0906784094615747
\\ Jobs in machine 6
10
J54	14	9	64	36	1.670729966939173
J55	14	8	89	29	1.3320204306290468
J56	15	3	95	1	1.1099771814219646
J57	15	7	58	3	1.1723517563447479
J58	13	4	7	37	1.5158094837451643
J59	15	14	38	21	1.9039065856385502
J60	13	13	9	20	1.3713515354340249
J61	15	2	105	2	1.3163773259399203
J62	13	7	59	28	0.8278238198134444
J63	14	4	108	14	0.9636489226292613
\\ Jobs in machine 7
10
J64	15	2	80	20	0.9226903781674107
J65	17	10	45	10	1.5216332781391322
J66	15	2	74	3	0.9547175486555063
J67	15	7	56	8	2.0156167400033334
J68	16	8	91	23	0.1
J69	13	14	101	32	1.7293205153618416
J70	14	12	100	8	1.8681719215963133
J71	14	11	37	36	1.6961400808107872
J72	15	14	77	31	1.1312577227977463
J73	14	5	68	18	0.8531458191798929
\\ Jobs in machine 8
12
J74	16	11	53	32	0.5404030552737951
J75	15	1	66	10	1.6919949155737928
J76	16	7	110	16	1.842849368096908
J77	14	14	96	20	2.2175412631980853
J78	15	14	85	7	1.6047930537028783
J79	16	1	63	23	1.2209873889637055
J80	14	9	76	38	1.4079841924244694
J81	15	7	31	3	0.6073034717164992
J82	13	8	48	26	1.6092469907125606
J83	14	1	2	30	1.0093226709815504
J84	13	4	82	21	2.130683694481161
J85	16	11	5	15	1.2161169192041832
\\ Jobs in machine 9
10
J86	16	4	94	17	1.4424555108375663
J87	14	2	10	16	1.286930980568558
J88	14	13	14	12	1.5098270195619221
J89	13	3	89	16	1.9395060920667497
J90	16	7	79	18	0.7737362380015849
J91	16	12	5	37	1.4053789105063885
J92	17	14	71	24	0.6047978992390617
J93	16	13	110	23	1.1400327818921399
J94	16	9	34	14	1.2391782163358078
J95	15	8	28	32	2.160042899260562
\\ Jobs in machine 10
11
J96	13	9	59	25	1.5332838651312315
J97	16	2	61	28	1.34897972007302
J98	14	2	49	12	0.5983774477951257
J99	14	6	78	34	0.5893400520123074
J100	16	9	68	18	2.2120601686648715
J101	13	9	36	14	1.612931743573933
J102	14	14	91	32	0.8976481066984108
J103	17	7	19	13	0.546404211964238
J104	14	10	61	26	2.108142904832176
J105	13	3	50	20	1.8803514239442412
J106	15	9	96	36	1.6087109643349706
\\ Jobs in machine 11
10
J107	14	5	14	27	1.3638629158318951
J108	13	13	52	8	0.8470163594263124
J109	13	6	56	22	1.0895461061153668
J110	15	10	45	5	0.8890253895895588
J111	13	8	81	24	1.0383963913697376
J112	15	13	50	23	1.1908689728050872
J113	16	9	50	3	0.4694807635615983
J114	15	3	93	31	1.116881739835186
J115	14	1	53	14	2.148713178344037
J116	15	4	90	2	1.094078926461517
\\ Jobs in machine 12
11
J117	14	9	38	20	2.2866928286785515
J118	14	1	37	28	1.3650234685615577
J119	12	5	32	12	1.5770172372182225
J120	16	4	105	4	0.7085347554719631
J121	14	12	103	13	0.5658423237467954
J122	14	1	94	2	1.6587113787132775
J123	15	8	35	4	1.150906081142063
J124	13	12	24	22	1.02633583238054
J125	14	1	36	10	2.2926138177692623
J126	14	5	96	22	1.7368871711223697
J127	14	11	98	19	1.360263293609867
\\ Jobs in machine 13
11
J128	16	5	96	12	1.817879149371587
J129	14	14	12	15	1.5469298658180295
J130	15	13	3	30	1.5319027825689568
J131	14	13	83	12	1.9678920682250576
J132	15	13	63	6	1.0034107476783856
J133	13	5	48	31	1.0792805300565096
J134	14	13	12	6	1.6091931574133849
J135	15	10	34	16	1.1982878416858838
J136	14	11	64	14	1.6377117166591653
J137	14	12	42	27	0.8945159219042753
J138	15	4	2	12	0.6520301715224958
\\ Jobs in machine 14
9
J139	15	14	84	15	1.3375583318865338
J140	14	10	78	13	0.9765492795299177
J141	14	5	47	6	0.5848289762907545
J142	14	9	79	35	1.8997886059943765
J143	15	4	46	20	1.6123682769445264
J144	14	12	93	27	1.488505093801637
J145	16	2	98	30	1.167600428549466
J146	16	7	33	5	1.8395820202818347
J147	12	5	31	12	1.1507182796737685
\\ Jobs in machine 15
12
J148	15	7	47	21	1.9081827853184357
J149	16	10	79	9	1.956800625483919
J150	16	3	56	19	1.0522004138899537
J151	15	6	42	27	1.208162624102884
J152	15	9	70	24	0.838468780928656
J153	15	10	22	16	0.8936389750004324
J154	15	11	109	18	1.5559116783907967
J155	15	3	16	36	0.5570380512787462
J156	17	12	99	8	0.9031665852315237
J157	14	8	16	20	0.6015487308924332
J158	13	4	109	20	0.8843031168627771
J159	14	14	8	35	1.7844973531081822
\\ Dependencies 
455
1	3
1	5
1	6
1	9
1	10
2	4
2	7
2	9
3	4
3	5
3	6
4	5
5	6
5	9
5	10
6	7
6	9
6	10
7	8
7	10
8	9
8	10
11	13
11	14
11	16
11	17
11	18
11	19
11	20
11	21
12	13
12	14
12	16
12	19
12	21
13	14
13	15
13	17
13	18
13	19
13	20
14	15
14	16
14	17
14	20
15	17
16	20
17	18
17	20
18	19
18	21
19	20
19	21
22	23
22	24
22	25
22	27
22	29
22	30
22	31
22	33
23	24
23	25
23	26
23	27
23	30
23	33
24	27
24	30
24	33
25	26
25	28
25	31
25	32
26	28
26	30
27	28
27	32
27	33
28	29
29	30
29	31
29	32
30	31
30	32
30	33
31	32
31	33
34	36
34	38
34	40
34	41
34	42
35	38
35	39
35	40
36	38
36	40
36	41
36	42
37	38
37	39
37	41
38	41
38	42
40	42
41	42
43	44
43	45
43	46
43	47
43	48
43	49
43	50
43	51
43	53
44	45
44	49
44	51
45	46
45	48
45	49
45	50
45	51
45	52
45	53
46	47
46	48
47	48
47	50
47	51
47	52
47	53
48	49
48	50
48	51
48	53
49	50
49	52
51	52
51	53
54	55
54	56
54	57
54	59
54	60
54	61
54	62
54	63
55	56
55	57
55	59
55	60
55	61
55	62
55	63
56	58
56	59
56	61
57	60
57	61
57	62
57	63
58	60
58	61
58	63
59	60
59	62
59	63
60	61
60	62
61	62
64	65
64	66
64	67
64	69
64	70
65	66
65	67
65	68
65	70
65	71
65	72
65	73
66	67
66	69
66	70
66	72
67	69
67	70
67	73
68	69
68	71
68	72
69	72
69	73
70	71
70	72
70	73
71	72
72	73
74	75
74	80
74	81
74	82
74	83
75	76
75	77
75	78
75	81
75	82
75	84
75	85
76	77
76	78
76	79
76	80
76	84
76	85
77	78
77	79
77	84
77	85
78	81
78	82
78	83
78	84
79	81
79	82
79	83
79	84
80	81
80	82
80	83
81	84
82	83
82	85
83	84
86	87
86	88
86	89
86	90
86	92
86	93
86	95
87	88
87	89
87	90
87	91
87	92
88	89
88	90
88	91
88	93
88	94
89	90
89	92
89	93
89	95
90	92
90	93
90	95
91	92
91	94
92	93
92	95
93	94
93	95
94	95
96	97
96	98
96	99
96	100
96	101
96	102
96	104
96	105
97	98
97	99
97	102
97	104
97	106
98	100
98	101
98	102
98	104
99	100
99	101
99	103
99	104
99	105
100	101
100	105
100	106
101	102
101	104
101	105
102	103
102	105
102	106
103	104
107	108
107	109
107	110
107	114
108	109
108	110
108	112
108	113
108	114
108	115
108	116
109	111
109	112
110	113
110	115
111	112
111	113
111	114
112	113
112	115
113	114
113	115
113	116
114	116
115	116
117	118
117	120
117	121
117	125
117	126
118	120
118	121
118	123
118	124
118	125
118	126
119	120
119	121
119	122
119	123
119	124
119	125
120	121
120	122
120	123
120	124
120	125
120	126
120	127
121	122
121	123
121	124
121	125
121	126
121	127
122	123
122	124
122	126
123	126
123	127
124	127
128	129
128	130
128	133
128	137
128	138
129	130
129	131
129	132
129	133
129	135
129	136
129	137
129	138
130	131
130	132
130	133
130	135
130	136
130	137
130	138
131	134
132	133
132	135
132	136
133	134
133	135
133	136
133	137
133	138
134	135
134	138
136	137
136	138
139	140
139	142
139	143
139	146
140	141
140	142
140	144
140	146
141	142
141	143
141	145
141	146
141	147
142	143
142	144
142	146
142	147
143	146
144	145
144	146
145	146
145	147
146	147
148	150
148	152
148	154
148	156
148	157
148	158
148	159
149	150
149	152
149	153
149	154
149	157
149	158
150	153
150	156
150	157
150	158
151	152
151	153
151	154
151	155
151	156
151	158
151	159
152	159
153	154
153	155
153	159
154	157
154	159
155	156
155	158
155	159
156	157
157	158
157	159
158	159
