\\ machines
9
\\ max power
90
\\ Jobs in machine 1
10
J1	16	10	77	8	1.1568835629080947
J2	15	14	44	11	1.273401655934046
J3	14	8	10	19	1.2993370387238266
J4	14	4	7	4	1.089361054533295
J5	14	6	7	22	1.6749995859425764
J6	12	3	75	20	2.0985386437278817
J7	13	4	78	4	1.7035625377693298
J8	16	4	30	17	0.2686526824830071
J9	14	6	103	14	1.7955178913209848
J10	15	9	89	20	0.7583547932066511
\\ Jobs in machine 2
11
J11	14	14	67	6	0.1
J12	12	3	9	6	0.2303875021468389
J13	13	8	13	16	1.8981469367640558
J14	14	3	65	14	0.9311924316264215
J15	14	8	49	17	1.6833517634782342
J16	16	13	48	6	1.190484802006833
J17	15	9	58	4	0.847542556244193
J18	15	4	41	16	0.8531363354614381
J19	15	1	23	14	0.9627406768270638
J20	14	5	75	3	0.7354240051864149
J21	14	4	63	3	0.731554849057622
\\ Jobs in machine 3
11
J22	14	9	66	13	0.37291336977445744
J23	14	7	101	21	0.8354781261494424
J24	14	7	8	21	1.1384805064631662
J25	14	9	15	13	0.5215176390956017
J26	15	11	15	7	0.8887177048091897
J27	14	6	58	12	1.246834021399497
J28	16	4	100	13	0.6713375181300474
J29	15	6	39	12	0.9848142274325444
J30	15	5	14	17	1.0875795094105298
J31	13	9	23	13	1.199484986519095
J32	13	4	55	11	0.6094318514021534
\\ Jobs in machine 4
11
J33	12	10	101	12	1.2285299044661986
J34	13	7	85	1	1.0475051080849451
J35	13	11	53	1	1.1603258855752432
J36	14	9	98	13	0.5659068573863911
J37	16	3	100	1	1.3144197336530117
J38	14	13	48	13	0.9273064278257702
J39	16	14	18	13	1.7252307613594264
J40	16	1	37	5	1.1717355232458084
J41	14	13	89	3	2.2006483810891364
J42	14	11	81	7	1.2318024030990675
J43	15	14	89	4	1.2566832505467904
\\ Jobs in machine 5
12
J44	15	13	55	15	1.0821730779706216
J45	17	11	63	19	1.979226783063513
J46	14	5	16	17	1.52354345321461
J47	13	12	49	11	0.8671981901941374
J48	14	13	84	7	1.171934574820345
J49	15	4	49	6	2.1805893539024996
J50	14	5	12	15	1.2245403802926729
J51	14	13	107	22	0.9224867554967524
J52	14	11	15	10	2.0369714519592637
J53	16	1	11	12	0.7680725594450974
J54	16	14	33	5	0.7318991889236497
J55	15	13	75	8	0.667809122728941
\\ Jobs in machine 6
12
J56	16	7	25	21	1.4495103658755546
J57	14	12	21	3	1.4086551613311837
J58	16	7	43	18	1.47509341499603
J59	16	11	34	1	1.0807570394076806
J60	15	1	4	17	2.6863848235566676
J61	15	1	37	13	1.449624488256568
J62	14	4	109	16	1.8186442517047223
J63	16	2	49	16	0.9552731105240784
J64	16	1	17	15	1.9171941203467693
J65	14	10	74	9	0.6772303782817902
J66	16	2	109	12	1.0362941668323753
J67	15	10	89	8	0.8396553223927872
\\ Jobs in machine 7
12
J68	14	4	9	6	1.3329624458692138
J69	15	11	98	21	0.19048391249679475
J70	14	2	93	9	1.0845655432694394
J71	14	6	4	10	0.9405882702250563
J72	15	14	75	8	1.564950611260432
J73	15	10	2	23	1.3293946998740593
J74	14	3	80	17	1.9011525194546806
J75	16	8	90	9	0.6932130619233505
J76	15	2	44	11	1.3056589637174567
J77	16	13	21	2	0.6948278791246874
J78	14	9	96	17	1.0191065412370826
J79	14	11	7	20	1.087092941646286
\\ Jobs in machine 8
12
J80	13	1	42	8	0.9100950174141603
J81	17	9	72	6	0.5795087959861699
J82	16	10	91	13	2.3696134189191422
J83	15	3	25	9	0.7256921635190974
J84	14	8	78	2	1.3328362155688134
J85	15	11	57	6	1.0966085309457514
J86	14	12	19	1	1.2529571226875633
J87	14	12	67	10	2.0130239882522694
J88	15	1	69	8	1.0590104667398583
J89	14	8	48	2	1.5510073161812952
J90	15	8	5	3	1.601901071904899
J91	16	14	22	12	1.432472268518533
\\ Jobs in machine 9
11
J92	14	11	82	18	1.6668462048814412
J93	12	8	46	3	1.6851296398703781
J94	14	11	104	8	0.6541621604320867
J95	13	13	102	9	1.7007140271773293
J96	15	12	96	6	1.9125253801198048
J97	13	4	9	12	1.5238112010656735
J98	14	5	57	21	1.843706106269444
J99	15	1	71	20	1.4567362245281454
J100	16	3	15	15	0.1
J101	14	10	21	10	0.18985124158176014
J102	13	12	102	21	0.9374400658516978
\\ Dependencies 
59
2	3
2	5
2	6
4	6
4	7
6	8
12	18
14	17
14	21
15	20
15	21
22	23
22	30
23	32
24	28
24	32
25	29
25	31
27	28
28	32
34	37
34	42
35	37
37	40
38	43
40	43
44	46
44	52
44	54
45	51
46	53
46	54
50	55
51	52
56	59
56	63
56	65
57	67
62	64
63	67
65	67
68	76
68	78
69	73
69	76
70	79
73	75
74	76
76	77
77	78
80	86
81	84
81	88
82	83
84	88
85	86
89	90
98	99
99	100
