\\ machines
12
\\ max power
120
\\ Jobs in machine 1
11
J1	15	1	73	6	0.6472903250323176
J2	14	9	108	19	1.2783992681850131
J3	15	9	50	22	1.8486614731238868
J4	17	3	108	14	1.7213282651965573
J5	16	9	107	15	0.333742610122161
J6	14	10	40	17	1.2323759241411358
J7	14	1	87	28	0.8939690538895928
J8	15	8	30	3	0.958706149407673
J9	17	5	35	27	1.2012757531112321
J10	15	12	81	8	0.452866419161563
J11	16	4	27	22	1.3714567572940328
\\ Jobs in machine 2
12
J12	13	2	30	25	1.8267776038374444
J13	15	9	107	18	1.0445459405497535
J14	14	9	31	4	1.6572625886009296
J15	15	1	14	26	0.8120708263499756
J16	15	6	98	5	0.43411101099905813
J17	15	9	52	9	1.2794212357151649
J18	14	7	19	2	0.6611484108013483
J19	15	4	109	25	1.9807988314537233
J20	13	13	8	17	1.6214974507647102
J21	15	10	101	23	0.8083758944458084
J22	15	4	64	17	1.6381641261907343
J23	13	11	89	26	1.2778970826011282
\\ Jobs in machine 3
11
J24	17	3	95	23	1.106040757714939
J25	15	9	23	13	1.5546222232085158
J26	15	7	46	19	1.5826430129508215
J27	14	5	94	14	0.1
J28	14	13	27	30	1.8565615650251361
J29	13	1	102	24	0.3889511277491039
J30	15	3	66	8	0.1
J31	16	5	44	12	1.2228303429242295
J32	13	8	40	22	2.06791479168529
J33	13	4	54	17	0.40279440743161443
J34	14	8	26	4	1.3279483186476628
\\ Jobs in machine 4
10
J35	13	6	89	15	1.527316153768555
J36	15	8	35	30	0.9385231611422171
J37	15	3	50	18	0.8490756592385094
J38	14	9	100	25	1.9973402580611581
J39	14	5	82	24	0.21162646557287368
J40	13	10	7	28	0.8764501852614837
J41	14	4	37	18	0.8935820157238539
J42	14	9	55	15	1.3702473860441766
J43	15	13	105	16	0.8205567541141335
J44	13	9	56	26	1.042326648845275
\\ Jobs in machine 5
10
J45	14	5	30	30	1.4860326921184939
J46	15	1	60	28	0.5526722396228951
J47	13	10	22	1	1.482960096305286
J48	15	1	11	9	1.3616339095400125
J49	16	6	66	8	1.9804486738335794
J50	16	10	45	5	1.396638433861414
J51	17	1	97	14	0.6943783419606512
J52	15	4	57	11	1.212960037590292
J53	16	13	68	14	1.955229377607834
J54	13	5	109	6	0.7299508296761069
\\ Jobs in machine 6
11
J55	15	3	67	9	0.20846373596040857
J56	15	13	43	26	2.0667353602338547
J57	12	8	73	27	1.0589179898394256
J58	15	2	69	2	1.7144738094008094
J59	15	7	73	29	1.4296069695742963
J60	16	9	4	8	1.761796058917167
J61	14	13	100	20	1.214165275938046
J62	16	5	52	2	1.0622159052988915
J63	14	4	91	1	0.5757976813401393
J64	13	5	16	27	0.12278383105581647
J65	14	2	45	10	0.5302656041839917
\\ Jobs in machine 7
10
J66	16	12	42	16	0.6666811606652846
J67	13	2	7	16	1.1719052080239285
J68	15	1	63	10	1.2748777362909605
J69	13	6	3	27	1.1981236773101462
J70	15	4	72	22	0.9160326138715051
J71	17	5	25	1	1.70329743014902
J72	15	12	39	15	1.5830761382552518
J73	14	9	32	26	2.573958937473262
J74	15	2	108	16	1.0772377422730628
J75	17	9	7	24	1.5212917093685738
\\ Jobs in machine 8
11
J76	13	4	70	22	2.012101446044722
J77	15	4	21	25	1.886012685839277
J78	14	6	8	10	1.9882089607627145
J79	13	12	86	28	0.8357992169767194
J80	14	8	55	8	0.8686853973058857
J81	15	5	92	21	0.6035267021786941
J82	15	10	94	1	0.9483946208827858
J83	14	10	67	9	0.1523567299713915
J84	14	4	54	5	1.3918890112281284
J85	15	14	96	3	1.362630394827663
J86	17	11	51	2	0.8980531259223214
\\ Jobs in machine 9
12
J87	15	2	9	24	2.1451091152525907
J88	15	6	17	14	1.8745255125073106
J89	15	9	42	14	1.0637311503505809
J90	15	2	65	23	1.212297186235021
J91	15	9	16	12	0.1
J92	14	13	14	4	0.7904830762718497
J93	15	8	12	13	0.9881517703990593
J94	13	11	64	3	0.41274019519907235
J95	14	2	29	19	0.6910268271432474
J96	13	7	32	14	0.6257293077883133
J97	15	7	91	7	1.3741725419105029
J98	14	14	87	27	0.6902707019644203
\\ Jobs in machine 10
10
J99	14	12	91	14	1.7727472908678141
J100	15	8	86	13	1.1555947149736567
J101	14	3	100	11	0.907888677016919
J102	15	1	59	6	0.4382209107841155
J103	16	9	105	6	1.1730439241515929
J104	16	4	31	14	0.7898754745635351
J105	15	3	28	9	1.814666763449541
J106	14	1	64	20	0.6587038370947166
J107	16	14	19	28	0.7967489714588263
J108	16	14	64	7	1.2718227117725625
\\ Jobs in machine 11
12
J109	16	7	18	26	0.7437778036295055
J110	15	9	15	5	1.774323506112598
J111	13	6	36	18	1.3451841012699788
J112	15	5	24	2	0.3190634730874802
J113	14	8	74	13	0.6776579220580846
J114	14	4	69	10	0.76070292735869
J115	14	13	98	7	0.2818055703792923
J116	14	10	83	17	1.0949899177844906
J117	14	2	23	17	1.9504375046197957
J118	14	10	67	3	1.083174578560616
J119	16	5	14	30	0.8919829949447526
J120	14	6	34	13	1.9108972352807978
\\ Jobs in machine 12
13
J121	13	6	50	19	0.8531393930277116
J122	15	4	39	23	1.0565959420990385
J123	14	13	101	17	0.7134102095533146
J124	14	4	84	1	0.50130978338593
J125	15	8	68	23	1.177536914695175
J126	16	13	102	16	2.203420927549546
J127	14	1	29	20	1.5678280501169874
J128	14	12	94	24	1.7832869003426306
J129	15	6	10	20	0.9830203323942414
J130	13	14	64	8	1.0213180233200287
J131	13	12	89	11	1.2832613725585926
J132	15	8	73	10	0.11511401734043303
J133	15	6	46	24	0.575348838957158
\\ Dependencies 
414
1	2
1	7
1	8
1	9
1	10
2	3
2	4
2	5
2	6
2	7
2	9
2	10
2	11
3	7
3	8
3	10
3	11
4	5
4	6
4	7
4	8
4	9
4	10
4	11
5	6
5	7
5	8
5	9
5	11
6	7
6	9
6	10
7	8
7	9
7	11
8	11
9	10
9	11
12	13
12	14
12	15
12	17
12	18
12	22
12	23
13	15
13	16
13	17
13	20
13	21
14	15
14	16
14	17
14	20
15	16
15	17
15	19
15	20
15	21
15	22
15	23
16	17
16	21
16	22
16	23
17	18
17	19
17	20
17	21
17	22
17	23
18	19
18	23
19	20
19	21
19	22
19	23
20	23
21	22
21	23
24	26
24	27
24	28
24	29
24	30
24	31
24	32
24	33
25	26
25	27
25	28
25	29
25	31
25	32
26	27
26	28
26	29
26	32
26	33
26	34
27	28
27	30
27	32
27	33
27	34
28	29
28	34
29	30
29	32
29	33
29	34
30	33
31	32
31	33
31	34
32	33
35	38
35	41
35	42
36	37
36	38
36	39
36	41
36	43
37	38
37	39
37	40
37	42
38	40
38	43
39	40
39	43
39	44
40	41
40	42
40	43
41	42
41	43
41	44
43	44
45	46
45	47
45	48
45	52
46	47
46	49
46	53
47	48
47	50
47	52
48	49
48	51
48	52
48	53
48	54
49	54
50	51
51	52
51	54
52	54
53	54
55	56
55	59
55	60
55	61
55	62
55	63
55	64
55	65
56	58
56	59
56	61
56	62
56	63
57	59
57	60
57	62
57	63
57	64
57	65
58	59
58	60
58	61
58	62
58	65
59	60
59	61
59	62
59	63
59	65
60	61
60	62
60	63
60	64
60	65
61	62
61	65
62	63
63	64
64	65
66	68
66	69
66	71
66	73
66	75
67	68
67	69
67	71
67	73
67	74
68	69
68	71
68	72
68	75
69	70
69	73
69	74
69	75
70	71
70	72
70	73
71	72
71	75
72	73
72	74
73	74
73	75
76	78
76	79
76	80
76	81
76	85
77	78
77	81
77	84
77	85
77	86
78	79
78	80
78	81
78	83
78	84
78	85
79	80
79	81
79	82
79	83
79	84
79	85
80	81
80	82
80	83
80	85
80	86
81	82
81	84
82	83
82	85
82	86
83	85
83	86
84	86
85	86
87	89
87	91
87	92
87	93
87	96
87	97
88	90
88	91
88	92
88	93
88	94
88	96
88	98
89	90
89	91
89	92
89	94
89	95
89	96
89	97
89	98
90	91
90	92
90	93
90	94
90	96
90	97
90	98
91	92
91	95
91	96
91	98
92	93
92	94
92	95
92	97
92	98
93	97
93	98
94	95
94	96
94	98
95	96
95	97
95	98
96	97
96	98
99	106
99	107
99	108
100	102
100	103
100	104
100	105
100	106
101	102
101	105
101	108
102	103
102	105
102	106
102	107
102	108
103	105
103	106
103	108
104	106
104	107
105	106
105	107
105	108
107	108
109	112
109	113
109	114
109	115
109	117
109	118
109	119
109	120
110	113
110	115
110	116
110	119
111	113
111	114
111	115
111	116
111	117
111	118
111	119
111	120
112	113
112	114
112	115
112	116
112	118
112	119
112	120
113	114
113	115
113	117
113	118
113	120
114	116
114	117
114	120
115	118
116	120
117	118
117	119
119	120
121	123
121	124
121	125
121	127
121	128
121	129
121	131
121	133
122	123
122	126
122	127
122	131
122	132
122	133
123	124
123	125
123	129
123	130
123	132
123	133
124	125
124	126
124	129
124	131
125	127
125	128
125	129
126	129
126	131
126	132
126	133
127	128
127	130
127	133
128	129
128	131
128	132
129	130
130	133
