\\ machines
6
\\ max power
60
\\ Jobs in machine 1
12
J1	15	4	19	15	0.6956719564165492
J2	14	11	47	1	0.9192539350665967
J3	15	11	79	8	1.3576950936833825
J4	14	4	5	1	2.0328408237199134
J5	14	11	15	4	0.8948414063524923
J6	17	11	18	12	2.091644579851458
J7	14	2	97	15	2.2539588417696104
J8	14	1	42	11	1.3342903330105629
J9	17	10	42	2	0.8209059497375035
J10	16	6	24	11	1.9374993203942013
J11	13	5	76	12	1.1574186256620436
J12	16	14	72	6	1.3397114495844478
\\ Jobs in machine 2
12
J13	13	4	65	8	1.2028504461392917
J14	16	6	50	14	1.5401947369449158
J15	13	4	101	13	0.6046294036394628
J16	13	7	5	10	1.2908832267161654
J17	15	8	81	12	1.4243279404295845
J18	13	10	88	15	0.9757270306917721
J19	16	4	95	4	1.3318429368463796
J20	13	12	6	15	0.7589498492534511
J21	14	3	30	5	2.1679561107761836
J22	14	1	57	8	1.7446852462841478
J23	16	2	69	7	0.234058819459823
J24	14	14	71	7	1.40241002275152
\\ Jobs in machine 3
11
J25	14	4	76	6	1.03244278047675
J26	15	8	80	12	0.613523228932884
J27	14	11	76	3	1.7918032555597572
J28	13	6	23	5	1.3948955078364778
J29	15	14	11	11	0.9406585863600492
J30	13	1	99	5	1.5130781635639616
J31	14	10	8	9	2.155868134106086
J32	15	9	21	5	0.46163631375148184
J33	12	4	76	9	0.900745957274029
J34	14	2	93	1	1.5172028997629077
J35	16	11	73	3	1.32100098049814
\\ Jobs in machine 4
11
J36	13	11	48	1	0.9731494302535912
J37	16	3	11	3	1.306677507783999
J38	13	4	2	15	0.9436202652856829
J39	14	11	49	13	1.4724830668907791
J40	13	9	70	9	1.3539262002427692
J41	13	6	50	1	1.0675476811939968
J42	12	5	11	4	1.306643442024524
J43	16	4	106	4	1.245545907207561
J44	15	9	12	2	1.7823407977467285
J45	16	14	48	8	1.5874173942213792
J46	13	6	7	13	1.4304281965761119
\\ Jobs in machine 5
12
J47	14	5	76	5	1.7181713147708297
J48	15	1	51	11	2.0922003711274106
J49	15	3	15	13	0.7618535619247888
J50	16	8	97	2	0.7241941011840093
J51	14	12	14	1	0.5971022783249919
J52	14	1	60	7	1.866042979273856
J53	17	5	79	6	0.6873532940749428
J54	14	8	82	13	1.083886851812653
J55	15	1	27	1	1.968442355033892
J56	16	11	35	7	1.1970211928262873
J57	13	1	109	2	1.7811916040521414
J58	14	7	79	12	1.8611664933144212
\\ Jobs in machine 6
10
J59	14	3	83	12	3.204944606239027
J60	15	12	65	9	1.7423449003904885
J61	15	4	54	12	1.6354996132913546
J62	15	11	35	8	1.1315604205552954
J63	15	3	28	9	0.9371736155826556
J64	14	12	29	2	1.2578027406384749
J65	15	8	39	1	0.7269821546677651
J66	16	6	8	15	1.2884461639950555
J67	18	3	14	15	0.9376818311056505
J68	13	10	104	15	1.2307844565760233
\\ Dependencies 
109
1	2
1	4
1	8
1	10
2	3
2	7
3	12
4	5
4	9
5	7
5	9
6	11
6	12
7	12
8	10
8	11
8	12
9	12
10	12
13	20
13	23
13	24
14	21
14	22
14	23
15	16
15	18
15	21
15	22
15	23
16	18
16	22
17	20
17	21
18	19
18	21
19	21
19	23
19	24
20	22
20	23
22	23
25	26
25	29
26	28
26	31
26	33
27	28
27	32
28	29
28	32
28	35
29	30
30	31
30	32
31	34
32	33
36	39
36	42
36	43
37	39
37	43
37	46
38	41
39	43
39	44
39	45
39	46
40	41
40	46
42	44
47	49
47	51
47	53
48	49
48	58
49	51
49	53
49	54
49	55
50	54
50	56
51	53
51	55
52	56
53	54
53	55
53	56
53	58
54	58
57	58
59	61
59	62
59	66
60	61
60	63
60	64
60	68
61	62
61	65
61	66
62	64
62	68
63	64
63	68
64	66
64	68
65	66
67	68
