\\ machines
15
\\ max power
150
\\ Jobs in machine 1
10
J1	14	8	107	113	2.249518075577761
J2	16	8	104	29	1.7752544053605068
J3	15	10	56	95	0.9061799682390101
J4	13	7	93	49	2.0574317029291183
J5	18	10	66	17	1.6106339627570503
J6	14	9	71	23	0.8226947974005601
J7	15	3	36	74	1.18039556077281
J8	14	2	58	12	0.5049386483171294
J9	16	1	42	61	1.0538987665581188
J10	15	5	46	103	1.224304952774086
\\ Jobs in machine 2
11
J11	14	6	24	100	1.327900935120922
J12	14	9	104	108	1.068543043050526
J13	15	3	5	55	1.272005894126845
J14	16	8	56	62	0.7360170850069101
J15	15	4	110	73	1.8266748875836956
J16	15	13	70	32	1.3033713736513772
J17	16	11	5	99	1.6019371581944841
J18	15	7	4	78	0.5845528660756582
J19	15	6	100	78	0.47796850470491503
J20	16	5	65	47	0.18605510601045516
J21	15	13	71	71	0.9346342108085828
\\ Jobs in machine 3
11
J22	15	13	48	60	0.2204411092379881
J23	14	12	77	93	0.7710159566143684
J24	15	1	40	72	0.5387587854670121
J25	14	5	65	58	1.7092205910918223
J26	14	6	40	40	1.525638149408389
J27	14	12	12	103	2.1959088171618153
J28	16	1	10	86	2.2212599645826154
J29	15	6	57	62	1.8510522879412394
J30	15	13	90	36	1.1526815906779893
J31	15	5	76	5	1.5863863097048472
J32	16	1	61	20	0.6163550543831338
\\ Jobs in machine 4
10
J33	15	9	109	37	1.805206609878606
J34	15	13	86	76	1.5220965150445989
J35	16	12	41	6	0.7232466633277772
J36	16	9	94	73	1.436381210923919
J37	16	8	108	80	0.8404375875339463
J38	15	6	15	54	2.0132804991236313
J39	14	2	54	57	2.1313157608860207
J40	13	6	15	55	1.4969096004621152
J41	14	14	102	20	0.9145664443522461
J42	15	6	48	13	0.8637390027223932
\\ Jobs in machine 5
10
J43	14	2	72	98	1.788727468640404
J44	14	14	78	47	1.89391811993917
J45	13	14	34	38	0.7066049941883539
J46	15	8	39	63	0.8640802494430138
J47	12	12	26	10	0.9356779939266697
J48	13	13	106	100	0.7736558482834183
J49	14	13	92	30	1.4130883388696878
J50	14	10	5	29	1.5267880463462236
J51	15	12	86	15	1.5161661650126748
J52	14	13	109	101	1.8864650525322983
\\ Jobs in machine 6
11
J53	15	9	28	19	1.1643545865236793
J54	15	12	92	103	0.6939653209316302
J55	16	11	27	75	2.28560054486943
J56	15	9	60	38	1.0226204558712044
J57	14	7	73	51	1.2148717797908286
J58	15	7	21	83	0.9590131033892388
J59	14	13	30	20	1.179467845474625
J60	14	13	80	68	2.016902621005475
J61	17	14	50	33	1.6190046553644604
J62	14	12	91	58	1.2614401613072346
J63	15	4	43	86	0.9364062070583172
\\ Jobs in machine 7
11
J64	12	12	84	45	0.564421169454874
J65	13	7	33	61	1.1790093699478685
J66	16	12	2	112	1.1401215645022809
J67	15	9	106	100	1.1171310272257409
J68	16	3	72	90	1.1308649293850288
J69	13	4	9	105	0.9068360248203754
J70	15	5	38	77	0.7609929228231076
J71	15	7	23	62	1.0865186067242047
J72	15	14	11	32	2.184512287200547
J73	13	5	80	87	0.727195272842586
J74	14	10	18	105	1.1715529463979577
\\ Jobs in machine 8
12
J75	15	4	62	27	1.70365625138257
J76	13	3	73	89	0.30174923856357183
J77	14	7	29	25	0.6091394829901817
J78	14	2	78	63	1.1799926502185347
J79	15	14	24	51	1.1830306684247922
J80	14	10	5	19	1.865317985845543
J81	15	2	32	98	1.7335539975692147
J82	14	4	26	56	1.6193495364427257
J83	15	3	96	21	1.212351991347963
J84	14	6	9	104	0.9653331352448077
J85	14	10	99	30	1.5062672853561991
J86	16	12	55	103	0.6525997929618961
\\ Jobs in machine 9
12
J87	12	7	79	88	1.3182496937209782
J88	16	4	77	48	2.053758177224074
J89	16	8	59	21	0.44247110103627685
J90	16	1	54	20	0.525220831852711
J91	13	4	44	53	1.809533919364584
J92	15	1	2	66	1.1419946555468317
J93	13	6	80	108	0.48139560373953694
J94	14	13	33	90	2.430801681045309
J95	14	6	51	85	0.780254294832484
J96	14	10	33	29	1.445808133699583
J97	16	5	27	100	1.0694757214914896
J98	14	5	27	61	1.0539964600386311
\\ Jobs in machine 10
12
J99	16	2	85	78	0.34772309433761883
J100	14	14	32	45	2.089096700285913
J101	15	9	53	41	1.9832640409505242
J102	15	1	24	27	0.6589333347622878
J103	15	6	58	53	1.3122196858484085
J104	15	7	102	49	0.7024391516141945
J105	14	14	61	67	0.9364463665623719
J106	15	5	92	1	0.9181070752642908
J107	16	5	28	93	1.3648637311842355
J108	14	5	31	4	0.9034002520448411
J109	15	1	47	93	1.820075777370985
J110	14	1	70	23	1.4425438957771615
\\ Jobs in machine 11
9
J111	16	11	66	76	1.2780731497912827
J112	16	1	55	20	0.9954913125155128
J113	14	5	72	13	1.8055941378097606
J114	15	7	80	52	1.0493370528412012
J115	13	1	28	77	1.7487461729872111
J116	12	7	4	107	0.5209484288844594
J117	15	12	73	91	1.7373451460791802
J118	14	10	44	102	0.3887038428935472
J119	15	6	47	15	1.1535971241330614
\\ Jobs in machine 12
11
J120	13	7	62	39	1.7882688753983884
J121	13	4	43	76	1.0624096846308604
J122	16	7	104	112	1.7449766027120042
J123	15	8	64	17	1.6197702895459898
J124	15	12	16	33	0.4847976821732344
J125	14	1	48	31	0.5654064983734535
J126	12	6	81	100	0.8090226873342801
J127	14	9	87	102	1.3563757768393776
J128	15	4	9	82	0.1
J129	16	14	70	78	1.7418153041949647
J130	15	6	103	55	0.9127725526402748
\\ Jobs in machine 13
12
J131	16	11	57	78	1.2798265400178652
J132	14	2	89	60	1.2183621908807623
J133	14	13	64	58	1.5039899058876487
J134	15	10	65	58	0.1
J135	12	6	84	53	1.3542622714300123
J136	16	1	50	2	0.694679284726198
J137	14	12	75	70	0.6639023471747081
J138	13	6	93	23	1.5837453012564005
J139	14	10	7	111	1.3221227262434
J140	14	12	14	58	1.6078688545549074
J141	13	5	43	112	0.9587476607309803
J142	16	5	50	5	1.2984943001056344
\\ Jobs in machine 14
11
J143	15	2	44	43	1.6693295848891818
J144	13	3	51	107	1.7083645358681476
J145	14	7	40	96	1.622252355516656
J146	15	3	46	37	0.7556210672020466
J147	14	7	88	56	1.0399862610659094
J148	12	9	27	53	1.1847137999557806
J149	13	4	106	79	0.8090017125660528
J150	15	14	73	96	1.9072851311880639
J151	15	6	64	23	0.4431490345524197
J152	14	4	6	26	1.0762290581442597
J153	15	6	12	32	0.7362503471463149
\\ Jobs in machine 15
11
J154	13	4	34	102	1.7177858930827528
J155	14	2	99	78	0.624532227747448
J156	14	10	82	38	1.0587664235956835
J157	14	8	68	108	1.1284697891865219
J158	12	2	32	108	1.4810211747096638
J159	15	10	88	64	1.0868702224300177
J160	13	8	3	76	0.6286950501520951
J161	15	3	67	11	1.0773586235386878
J162	14	14	67	44	1.6122634325053602
J163	16	2	54	105	2.1007504489669873
J164	14	14	24	97	0.9018085191735654
\\ Dependencies 
640
1	2
1	3
1	4
1	5
1	6
1	7
1	8
1	9
2	3
2	7
2	8
2	9
2	10
3	5
3	6
3	10
4	6
4	7
4	8
4	10
5	7
5	8
5	9
6	7
6	8
6	9
7	8
7	9
7	10
8	9
8	10
9	10
11	14
11	15
11	16
11	17
11	18
11	19
11	20
11	21
12	13
12	14
12	15
12	16
12	17
12	18
12	19
12	20
12	21
13	14
13	15
13	17
13	18
13	19
13	20
13	21
14	15
14	16
14	17
14	18
14	21
15	17
15	20
15	21
16	17
16	18
16	21
17	18
17	19
17	20
17	21
18	20
19	20
19	21
20	21
22	24
22	25
22	26
22	27
22	28
22	29
22	30
22	31
22	32
23	24
23	25
23	26
23	27
23	30
23	31
23	32
24	27
24	29
24	32
25	26
25	28
25	31
25	32
26	27
26	28
26	29
26	31
27	28
27	29
27	30
27	32
28	29
28	30
28	31
28	32
29	30
29	32
30	31
31	32
33	34
33	35
33	36
33	38
33	39
33	40
33	42
34	35
34	36
34	37
34	38
34	39
34	40
34	41
34	42
35	36
35	37
35	38
35	40
35	41
35	42
36	37
36	38
36	39
36	40
36	41
36	42
37	38
37	39
37	40
37	42
38	39
38	41
38	42
39	40
39	41
39	42
40	41
40	42
41	42
43	44
43	45
43	46
43	47
43	48
43	49
43	50
43	51
43	52
44	45
44	46
44	48
44	49
44	50
44	51
44	52
45	47
45	48
45	49
45	50
45	51
45	52
46	47
46	48
46	49
47	48
47	49
47	50
47	51
47	52
48	49
48	52
49	50
49	51
49	52
50	51
50	52
51	52
53	54
53	55
53	56
53	57
53	59
53	60
53	61
53	62
53	63
54	55
54	56
54	58
54	62
54	63
55	56
55	57
55	60
55	61
55	62
55	63
56	57
56	58
56	59
56	60
56	61
56	62
56	63
57	58
57	59
57	60
57	61
57	62
57	63
58	59
58	60
58	63
59	60
59	61
59	62
59	63
60	61
60	63
62	63
64	65
64	66
64	67
64	68
64	69
64	70
64	71
64	72
64	73
64	74
65	66
65	67
65	68
65	69
65	70
65	72
65	73
65	74
66	67
66	69
66	70
66	71
66	72
66	73
67	68
67	69
67	70
67	72
67	73
67	74
68	69
68	70
68	71
68	73
68	74
69	70
69	72
69	73
69	74
70	72
70	74
71	72
71	73
71	74
72	73
72	74
73	74
75	76
75	77
75	78
75	79
75	80
75	81
75	83
75	84
75	85
75	86
76	77
76	79
76	81
76	83
76	85
76	86
77	78
77	79
77	80
77	81
77	82
77	84
77	85
78	79
78	82
78	83
78	84
78	85
78	86
79	80
79	81
79	82
79	83
79	84
79	85
79	86
80	81
80	82
80	83
80	84
80	85
80	86
81	82
81	83
81	84
81	85
81	86
82	85
82	86
83	84
83	86
84	85
84	86
85	86
87	88
87	89
87	90
87	91
87	92
87	93
87	94
87	95
88	89
88	91
88	92
88	93
88	94
88	95
88	96
89	90
89	91
89	92
89	93
89	94
89	97
89	98
90	92
90	93
90	94
90	95
90	96
90	97
90	98
91	92
91	93
91	94
91	95
91	96
91	97
91	98
92	93
92	94
92	95
92	96
93	94
93	95
93	96
93	97
93	98
94	95
94	96
94	97
94	98
95	96
95	97
96	97
96	98
97	98
99	101
99	102
99	104
99	105
99	106
99	107
99	108
99	109
100	101
100	103
100	104
100	105
100	106
100	107
100	110
101	102
101	104
101	105
101	106
101	107
101	108
101	110
102	103
102	104
102	106
102	107
102	108
102	109
102	110
103	106
103	107
103	110
104	105
104	106
104	108
104	109
104	110
105	106
105	108
105	109
105	110
106	107
106	108
106	109
107	108
108	109
108	110
109	110
111	112
111	113
111	114
111	116
111	117
111	118
112	114
112	115
112	117
112	118
112	119
113	114
113	115
113	116
113	118
113	119
114	115
114	116
114	118
114	119
115	116
115	117
115	118
115	119
116	118
116	119
117	118
117	119
118	119
120	121
120	122
120	123
120	125
120	126
120	127
120	128
120	129
120	130
121	122
121	123
121	124
121	125
121	126
121	127
121	128
121	130
122	124
122	125
122	126
122	128
122	129
122	130
123	124
123	127
123	128
123	130
124	125
124	126
125	127
125	128
125	129
126	127
126	128
126	130
127	128
127	130
129	130
131	132
131	133
131	134
131	135
131	136
131	137
131	138
131	139
132	133
132	134
132	135
132	136
132	137
132	138
132	139
132	140
132	141
132	142
133	134
133	135
133	139
133	140
133	141
134	137
134	138
134	139
134	140
134	142
135	136
135	137
135	138
135	139
135	140
135	142
136	137
136	139
136	140
136	141
136	142
137	138
137	139
137	141
137	142
138	139
138	140
138	142
139	140
140	141
140	142
141	142
143	144
143	145
143	147
143	148
143	149
143	150
143	151
144	145
144	146
144	147
144	148
144	149
144	150
144	151
144	152
144	153
145	146
145	148
145	151
145	153
146	148
146	149
146	150
146	151
146	153
147	148
147	149
147	150
147	151
147	152
148	149
148	151
148	152
148	153
149	151
149	152
150	151
150	152
150	153
151	152
151	153
154	155
154	156
154	157
154	158
154	159
154	160
154	161
154	162
154	163
155	156
155	157
155	158
155	159
155	160
155	162
155	163
155	164
156	157
156	158
156	159
156	160
156	161
156	162
157	158
157	160
157	161
157	162
157	163
157	164
158	159
158	161
158	162
158	164
159	160
159	161
159	162
159	163
160	161
160	162
160	163
161	162
161	163
162	164
163	164
