\\ machines
10
\\ max power
100
\\ Jobs in machine 1
12
J1	15	11	65	38	2.1105775093717556
J2	14	1	16	16	1.5261140190762525
J3	16	9	10	11	0.9697366470757165
J4	16	4	12	15	0.7232765674613544
J5	15	11	24	15	1.9232696710488204
J6	13	2	100	36	1.226211963653478
J7	14	1	5	31	0.42443544819900847
J8	13	9	34	16	1.2022236393944004
J9	15	1	75	37	1.3621923000563434
J10	16	4	53	8	1.2880637243081605
J11	14	12	49	36	1.7249525822199265
J12	15	3	76	49	1.2461645195024051
\\ Jobs in machine 2
11
J13	14	2	56	14	1.2548119262137378
J14	16	13	11	1	0.5694113073427948
J15	15	6	79	49	1.8283822488063826
J16	15	2	64	37	0.5051919374931717
J17	13	7	34	19	0.596717556618793
J18	15	13	39	20	1.1854978115399732
J19	14	11	49	49	0.751239494216236
J20	14	9	67	32	0.5395786506405478
J21	16	14	45	28	0.6134411895034984
J22	14	9	20	45	1.8236840569920751
J23	16	9	110	25	0.3458904709069457
\\ Jobs in machine 3
10
J24	15	3	2	13	1.809134859269986
J25	13	4	18	45	1.812486833249674
J26	15	12	41	28	1.4458676120767833
J27	13	7	49	13	1.0508832436172453
J28	14	14	43	33	1.3788785171425606
J29	14	12	24	43	0.8153911210788054
J30	15	12	74	23	1.466454180791636
J31	15	7	8	42	2.107807862208159
J32	14	7	70	48	0.6476950324760176
J33	16	11	30	41	1.2600341626438873
\\ Jobs in machine 4
12
J34	13	8	14	12	1.1112039991674678
J35	14	4	51	33	1.2579643374635023
J36	14	2	47	26	0.7202915521171799
J37	15	5	71	42	0.8961539444546347
J38	14	11	74	13	0.6343709913562864
J39	16	7	96	23	0.8923700785233657
J40	15	6	34	46	1.6916953822208267
J41	14	10	42	41	2.746272769457856
J42	14	2	85	6	0.8020587153404528
J43	14	6	76	29	0.8060099450522771
J44	13	3	95	3	1.2091746932785008
J45	16	11	95	37	0.8879803437502721
\\ Jobs in machine 5
11
J46	15	1	67	23	0.4897569853432995
J47	14	4	97	35	2.0071633725798295
J48	15	2	41	2	0.7058035687494286
J49	15	13	71	43	0.7223807068191828
J50	15	3	58	7	0.8419574618979138
J51	14	14	26	31	0.9526568437633312
J52	14	7	85	10	1.0252007713460969
J53	15	2	61	39	1.2772915495012818
J54	14	7	2	43	1.329754629173002
J55	16	10	11	39	0.8469942516695446
J56	14	1	7	8	1.0679154551291998
\\ Jobs in machine 6
11
J57	14	10	38	39	1.3988575179433371
J58	16	2	52	47	1.0478972225318497
J59	14	2	88	16	1.4344017351467357
J60	15	9	77	9	0.7162978267621256
J61	15	12	48	27	0.5365253945408542
J62	14	2	74	31	1.1851985953539483
J63	13	14	100	46	1.8742320835338844
J64	15	9	15	36	1.0272487927671017
J65	16	3	27	26	1.029023674435326
J66	15	6	60	27	1.342493437564765
J67	15	2	55	14	1.1029368347704733
\\ Jobs in machine 7
14
J68	15	3	106	13	0.3597782765399379
J69	15	10	26	15	1.4865174740675424
J70	16	6	10	24	0.8208713434551653
J71	14	2	75	40	1.1731140452611077
J72	15	8	76	21	0.361813189127267
J73	14	12	6	45	1.103137378970631
J74	14	11	29	30	1.4478507179605866
J75	14	5	44	19	1.6598928733736877
J76	14	14	67	48	0.9210737247841323
J77	16	10	28	16	0.8826364806823966
J78	15	12	109	45	1.855438654572763
J79	15	5	25	22	0.3696429648262748
J80	15	12	68	2	1.7397714295080013
J81	14	12	78	41	2.138178432098282
\\ Jobs in machine 8
13
J82	14	10	44	24	0.7035967953752806
J83	14	10	72	17	1.4403183102839223
J84	14	14	58	10	0.29780979721806966
J85	14	12	62	39	0.40171536902200755
J86	13	5	68	27	0.8267311730016171
J87	15	14	50	35	2.464843120874727
J88	14	5	49	42	1.2583019557387427
J89	13	4	87	20	1.2551581413366073
J90	14	12	92	48	0.7062369555545958
J91	16	6	54	20	1.0408329798659706
J92	12	14	75	44	0.35989377394694644
J93	16	2	6	4	1.12166061499616
J94	15	9	14	3	0.4645052012628641
\\ Jobs in machine 9
11
J95	15	4	50	25	1.4375869352271908
J96	15	5	16	4	1.269462532847125
J97	14	5	6	21	1.163899671707416
J98	16	11	87	46	0.49987959921579617
J99	16	10	97	45	1.0395649224412722
J100	14	3	50	19	1.7481860856762048
J101	14	13	64	15	1.5965113921758087
J102	14	9	47	6	1.2953015789948292
J103	15	5	26	32	0.8214837778429178
J104	15	2	74	18	2.1414279579491575
J105	14	6	106	38	1.8649333188537534
\\ Jobs in machine 10
10
J106	14	13	86	12	0.588009874303408
J107	14	5	41	27	1.2322982481201425
J108	14	12	34	40	1.2785750646050988
J109	13	6	34	41	2.2162230929460733
J110	14	3	9	7	1.0840059795879695
J111	15	10	38	7	2.22322164051248
J112	16	13	48	1	1.611175818644664
J113	14	3	73	44	1.207446061225855
J114	14	5	79	17	1.3753846740174203
J115	14	4	61	16	0.1
\\ Dependencies 
352
1	2
1	3
1	7
1	9
1	12
2	3
2	4
2	5
2	6
2	9
2	12
3	4
3	5
3	6
3	9
3	10
3	11
4	6
4	11
4	12
5	6
5	7
5	9
5	11
5	12
6	9
6	10
6	11
7	8
7	11
7	12
8	11
8	12
10	12
11	12
13	14
13	15
13	16
13	18
13	20
13	21
13	22
13	23
14	15
14	16
14	18
14	19
14	20
14	22
14	23
15	16
15	17
15	19
15	21
15	22
16	18
16	22
16	23
17	18
17	20
17	21
18	19
18	21
18	23
19	20
19	21
20	23
21	22
21	23
22	23
24	25
24	26
24	29
24	30
24	32
24	33
25	27
25	28
25	32
26	27
26	28
26	30
26	31
26	32
26	33
27	28
27	29
27	30
27	31
27	32
27	33
28	30
28	32
28	33
29	31
30	32
30	33
34	35
34	36
34	38
34	39
34	41
34	42
34	45
35	36
35	37
35	38
35	39
35	41
35	42
35	45
36	37
36	40
36	42
36	43
37	38
37	39
37	42
37	43
37	44
37	45
38	39
38	42
38	43
38	45
39	41
39	42
39	43
39	45
40	44
41	45
42	43
42	44
42	45
43	44
43	45
46	49
46	52
46	53
46	55
46	56
47	48
47	49
47	51
47	52
47	56
48	49
48	50
48	51
48	52
48	53
48	54
48	55
49	50
49	51
49	52
49	53
49	55
50	51
50	53
51	52
51	53
51	54
51	55
51	56
52	55
52	56
53	54
53	55
53	56
54	55
54	56
57	62
57	64
57	65
57	66
57	67
58	60
58	61
58	62
58	64
58	66
59	60
59	62
59	63
59	64
59	65
59	67
60	64
60	65
60	67
61	63
61	65
61	66
62	63
62	65
62	66
62	67
63	64
63	65
65	66
65	67
68	69
68	72
68	74
68	75
68	77
68	80
68	81
69	70
69	71
69	72
69	73
69	74
69	75
69	77
69	78
69	80
69	81
70	72
70	73
70	74
70	75
70	76
70	78
70	79
71	74
71	76
71	79
72	75
72	76
72	77
72	78
72	79
72	80
73	75
73	77
74	77
74	79
74	80
74	81
75	78
75	80
76	77
76	78
76	80
77	80
77	81
78	79
78	81
79	81
80	81
82	84
82	85
82	86
82	87
82	88
82	89
82	90
82	91
82	92
82	93
82	94
83	85
83	86
83	87
83	91
83	93
83	94
84	86
84	87
84	88
84	89
84	91
84	92
84	93
85	88
85	89
85	91
86	87
86	91
86	92
86	93
87	90
87	92
87	93
87	94
88	89
88	91
88	93
88	94
89	91
89	92
89	94
90	91
90	93
91	92
91	94
92	94
93	94
95	96
95	97
95	99
95	100
96	98
96	101
96	102
96	103
96	104
96	105
97	98
97	99
97	100
97	101
97	103
98	100
98	103
98	104
99	100
99	101
99	102
99	103
99	104
99	105
100	101
100	102
100	103
100	104
101	105
102	103
102	104
103	104
104	105
106	109
106	112
106	115
107	110
107	111
107	112
107	113
107	114
108	109
108	110
108	113
109	114
109	115
110	112
110	113
111	113
111	115
112	115
114	115
