\\ machines
8
\\ max power
80
\\ Jobs in machine 1
11
J1	14	1	65	16	0.9592552375948494
J2	15	8	83	20	1.4296897507281126
J3	17	8	64	18	1.4143361475656029
J4	14	14	32	1	0.1
J5	13	3	97	2	1.6335860265996993
J6	15	3	95	10	0.675330518717865
J7	15	4	106	11	1.1096014227371023
J8	15	13	58	12	1.696869379699767
J9	13	1	27	2	0.8860901507802392
J10	14	10	109	5	1.7648430633193817
J11	14	9	6	2	0.9107490017260584
\\ Jobs in machine 2
11
J12	15	6	36	14	1.1456048698181243
J13	15	14	37	4	0.9854609039839557
J14	15	13	20	15	1.2696013184894166
J15	16	1	64	6	1.9558839736235984
J16	14	11	35	4	0.5921223762056779
J17	14	7	65	10	0.9941464535583795
J18	14	10	90	6	1.1634449659503872
J19	15	13	84	2	1.5451457237126465
J20	15	9	66	2	1.4955798332395709
J21	15	10	45	20	1.389767158501689
J22	15	3	70	12	2.111468833826562
\\ Jobs in machine 3
11
J23	15	11	83	5	1.1127376038163799
J24	16	7	82	9	0.4613243904820382
J25	14	1	24	11	1.3086670156036464
J26	15	10	36	6	0.9084832338489521
J27	15	13	49	15	1.7268314078215763
J28	15	11	24	9	1.621694272742717
J29	14	2	24	19	0.9723753738296456
J30	14	7	80	4	1.656828039529509
J31	13	8	12	9	0.1
J32	15	8	53	8	0.8311168293466371
J33	15	11	98	19	1.0056354726932395
\\ Jobs in machine 4
10
J34	16	11	101	20	0.8144863061618699
J35	17	11	59	10	2.120231343697783
J36	15	11	22	12	1.7568454543187326
J37	16	11	57	11	1.9087341607490655
J38	16	1	2	10	1.5311839271395655
J39	15	8	58	13	1.7522880730449053
J40	14	3	80	18	0.9412344264605905
J41	14	9	65	15	1.6801093437920822
J42	15	14	36	20	1.11933076049335
J43	15	12	46	6	0.44588046003203696
\\ Jobs in machine 5
12
J44	15	14	24	5	1.8500812733367793
J45	15	12	107	16	0.7353923796140902
J46	14	8	2	3	1.3202156308248476
J47	14	8	62	16	1.8055683938794203
J48	15	7	34	13	1.256763842568149
J49	15	14	110	7	1.1002494257279534
J50	15	2	9	9	0.599918782440575
J51	14	2	53	15	1.2124509153404583
J52	14	8	16	6	1.2407757625698395
J53	16	14	98	12	1.3175237020753123
J54	17	7	93	20	1.5810623314054073
J55	14	1	39	19	1.1451129339056325
\\ Jobs in machine 6
11
J56	13	9	59	1	1.6162552895659053
J57	15	4	96	13	1.9687797049584872
J58	16	8	97	1	1.1862770203707125
J59	16	3	103	11	1.6285582532107854
J60	13	14	40	12	1.3606230613121535
J61	16	12	97	9	0.6372361730873356
J62	12	2	83	1	1.1870332101731849
J63	15	7	25	8	1.0919995700470606
J64	15	6	36	13	1.6611921793585667
J65	14	10	102	15	1.1760033293681351
J66	14	14	48	6	1.6598520186193244
\\ Jobs in machine 7
12
J67	16	9	93	16	0.5928682794622571
J68	15	10	22	2	0.2612437379822373
J69	12	1	21	19	0.5603766125938318
J70	13	3	109	11	0.9258012706167726
J71	13	6	51	3	0.8158243133481081
J72	12	2	32	16	0.646560099788087
J73	15	11	59	20	0.6050634639602545
J74	14	11	13	4	1.826611929761151
J75	15	9	95	19	1.1641388009566696
J76	14	11	59	11	1.0833666505161466
J77	15	12	63	17	1.3032086526623414
J78	15	9	61	17	1.2140662346617264
\\ Jobs in machine 8
11
J79	15	14	107	12	0.8707720359073992
J80	15	4	93	10	2.212068275132558
J81	16	13	56	13	1.612679827512488
J82	12	10	16	12	1.4058602427654407
J83	12	11	58	6	1.3700808825955302
J84	14	14	66	19	0.8346264332261886
J85	16	3	87	7	0.8591842229765005
J86	15	4	101	10	1.509523170202572
J87	16	3	36	12	1.7960685437557242
J88	14	3	95	10	0.9946611632604798
J89	15	6	86	7	1.692944550220783
\\ Dependencies 
325
1	2
1	3
1	4
1	5
1	6
1	7
1	8
1	9
1	10
1	11
2	3
2	6
2	7
2	8
2	9
2	10
3	6
3	7
3	8
3	9
3	10
3	11
4	6
4	9
5	6
5	9
5	10
5	11
6	7
6	9
6	10
7	8
7	9
7	10
7	11
8	9
8	10
8	11
9	10
9	11
10	11
12	13
12	14
12	15
12	19
12	20
12	21
12	22
13	15
13	16
13	18
13	19
13	21
14	15
14	16
14	17
14	18
14	19
14	21
15	16
15	17
15	18
15	20
15	21
15	22
16	17
16	20
16	21
16	22
17	18
17	20
17	21
18	20
18	21
19	20
19	21
19	22
20	21
20	22
21	22
23	24
23	25
23	26
23	27
23	28
23	29
23	30
23	32
23	33
24	26
24	27
24	28
24	30
24	33
25	26
25	27
25	28
25	29
25	30
25	31
25	33
26	27
26	32
26	33
27	28
27	29
27	32
28	29
28	30
28	32
28	33
29	33
30	31
30	33
31	33
32	33
34	35
34	36
34	37
34	38
34	39
34	40
34	43
35	36
35	37
35	39
35	40
35	42
36	37
36	39
36	41
36	43
37	38
37	39
37	40
37	41
37	42
37	43
38	39
38	42
38	43
39	40
39	41
39	42
39	43
40	41
40	42
40	43
44	47
44	48
44	49
44	50
44	51
44	52
44	53
44	54
44	55
45	46
45	47
45	48
45	49
45	50
45	51
45	52
45	53
45	54
45	55
46	47
46	49
46	52
46	53
47	49
47	50
47	51
47	53
47	54
47	55
48	49
48	50
48	51
48	53
48	54
48	55
49	50
49	51
49	52
49	53
49	54
49	55
50	51
50	52
50	53
50	55
51	52
51	53
51	54
51	55
52	54
52	55
53	54
53	55
56	58
56	60
56	61
56	63
56	64
56	65
56	66
57	58
57	59
57	61
57	62
57	63
57	65
58	63
58	64
58	65
59	60
59	61
59	62
59	63
59	64
59	65
59	66
60	61
60	62
60	63
60	65
60	66
61	63
61	64
62	63
62	64
62	65
62	66
63	64
63	66
64	65
64	66
65	66
67	69
67	70
67	71
67	73
67	74
67	77
68	69
68	71
68	72
68	73
68	74
68	75
68	76
68	77
69	70
69	71
69	73
69	74
69	75
69	76
69	77
69	78
70	71
70	73
70	74
70	75
70	76
70	77
70	78
71	72
71	73
71	74
71	76
71	77
72	74
72	76
72	78
73	74
73	75
73	76
73	77
73	78
74	75
74	78
75	77
75	78
76	78
79	80
79	81
79	82
79	83
79	84
79	85
79	86
79	87
79	88
79	89
80	81
80	83
80	85
80	86
80	88
80	89
81	82
81	83
81	85
81	86
82	83
82	84
82	86
82	87
82	88
83	84
83	85
83	87
83	89
84	88
84	89
85	86
85	89
86	87
86	88
86	89
87	88
88	89
