\\ machines
6
\\ max power
60
\\ Jobs in machine 1
10
J1	16	14	35	1	1.7359840554340207
J2	14	2	58	7	0.6546849853999637
J3	15	9	82	4	1.286303075859661
J4	15	1	78	6	0.9653838499906459
J5	15	9	109	7	1.2975920653479112
J6	12	2	41	3	0.3605771034756009
J7	14	6	86	6	1.1832110741344695
J8	15	9	3	2	1.743716887443365
J9	16	14	33	12	1.6043108689739805
J10	16	11	90	8	0.8199824235043396
\\ Jobs in machine 2
13
J11	17	5	104	11	0.37409503304538005
J12	16	7	92	6	0.1
J13	14	8	77	10	0.4812282735038953
J14	14	14	58	14	1.3554391358074045
J15	15	4	84	3	0.65771374257138
J16	14	7	74	1	1.525313881521222
J17	15	12	86	15	1.6382349324512862
J18	15	1	76	7	0.9010334318987134
J19	15	2	78	6	1.2393806053818321
J20	15	6	44	10	0.49782375681556634
J21	13	13	103	12	1.4742498324229223
J22	13	10	60	2	1.4678550423688383
J23	15	8	90	14	0.4555764534054272
\\ Jobs in machine 3
11
J24	16	14	99	2	1.503021172488184
J25	14	11	88	10	1.152758373759511
J26	16	4	24	2	1.7689065286075998
J27	14	7	56	3	1.3440914039346732
J28	14	10	6	12	1.31656764411445
J29	15	9	110	3	1.4805064268033568
J30	14	14	27	9	1.1738277151442755
J31	14	3	89	1	1.4017369942539948
J32	15	10	93	4	1.396472379993192
J33	15	14	25	10	0.31713463977475764
J34	15	4	11	10	0.8060007040186755
\\ Jobs in machine 4
10
J35	15	3	26	7	0.9945440407482771
J36	15	5	96	4	1.5526764935863269
J37	15	10	86	12	1.427894793890045
J38	14	11	57	13	0.7354763158465933
J39	15	6	70	2	1.8523591298247082
J40	13	1	70	13	0.6372576725539993
J41	16	3	77	14	1.4679812325404198
J42	15	11	107	1	0.27591597603989393
J43	15	8	61	14	1.9835756669314224
J44	17	3	16	13	0.9833789896706941
\\ Jobs in machine 5
13
J45	15	8	70	11	1.334295344488937
J46	14	11	2	13	1.4008782058176152
J47	15	2	55	11	0.49649016926547096
J48	16	5	24	4	1.0591510114882234
J49	14	5	104	5	1.8159239137989465
J50	15	13	19	13	1.1103979651999665
J51	15	5	12	11	1.7659165660259823
J52	13	6	8	4	0.764488351960755
J53	15	6	110	2	1.7563780795018986
J54	16	3	14	4	1.0262008842742116
J55	13	12	28	13	1.110972978502909
J56	15	10	13	14	0.5147839439307854
J57	15	12	69	14	1.949414135041276
\\ Jobs in machine 6
12
J58	14	14	64	9	0.3752949460501841
J59	15	12	98	10	0.5410753923659329
J60	14	11	77	10	1.499932454870514
J61	16	5	65	3	0.9992979645076407
J62	16	11	82	5	2.2275101677056184
J63	15	7	62	6	1.0804135062753397
J64	13	7	8	4	1.5869987896390514
J65	16	10	84	6	1.3586317770068919
J66	14	4	14	12	1.1444882058364718
J67	14	14	92	13	0.631079544652714
J68	13	3	63	6	1.788207196241961
J69	13	1	97	7	1.6752030425829592
\\ Dependencies 
273
1	2
1	4
1	5
1	6
1	8
1	9
1	10
2	3
2	4
2	5
2	8
2	9
2	10
3	4
3	6
3	8
3	9
3	10
4	5
4	6
4	8
4	9
4	10
5	6
5	7
5	8
5	10
6	7
6	8
6	9
6	10
7	9
8	9
9	10
11	14
11	15
11	16
11	17
11	18
11	20
11	21
11	22
11	23
12	13
12	14
12	15
12	16
12	17
12	21
12	23
13	14
13	15
13	16
13	17
13	18
13	19
13	21
13	22
13	23
14	15
14	16
14	17
14	18
14	19
14	20
14	22
15	16
15	17
15	18
15	19
15	20
15	21
15	22
15	23
16	17
16	20
16	21
16	23
17	18
17	19
17	21
17	23
18	20
18	23
19	21
19	22
19	23
20	22
21	23
22	23
24	25
24	26
24	27
24	28
24	31
24	32
24	33
24	34
25	27
25	28
25	30
25	31
25	32
25	34
26	28
26	29
26	30
26	31
26	32
26	34
27	28
27	29
27	30
27	31
27	33
27	34
28	29
28	30
28	31
28	32
28	33
28	34
29	30
29	31
29	32
29	33
30	31
30	32
30	33
30	34
31	32
31	33
32	34
35	36
35	37
35	38
35	40
35	44
36	37
36	38
36	39
36	40
36	41
36	42
37	38
37	40
37	41
37	42
37	43
37	44
38	40
38	44
39	40
39	41
39	42
39	43
40	41
40	43
41	42
41	43
41	44
45	46
45	47
45	50
45	51
45	53
45	54
45	57
46	47
46	48
46	49
46	50
46	51
46	53
46	54
46	55
46	56
46	57
47	48
47	50
47	51
47	54
47	55
47	57
48	49
48	50
48	51
48	52
48	54
48	55
48	56
48	57
49	51
49	52
49	53
49	54
49	55
49	56
49	57
50	51
50	52
50	53
50	54
50	55
50	56
50	57
51	53
51	54
51	55
51	56
51	57
52	54
52	55
52	56
53	54
53	55
53	56
53	57
54	55
54	57
56	57
58	59
58	60
58	61
58	63
58	65
58	66
58	68
58	69
59	60
59	61
59	62
59	63
59	64
59	66
59	68
60	61
60	62
60	64
60	66
60	67
60	68
60	69
61	62
61	63
61	64
61	65
61	67
61	68
61	69
62	63
62	64
62	65
62	68
62	69
63	64
63	65
63	66
63	67
63	68
64	65
64	67
64	68
64	69
65	66
65	67
65	68
65	69
66	67
66	69
67	68
67	69
68	69
