\\ machines
20
\\ max power
200
\\ Jobs in machine 1
12
J1	15	1	32	57	0.2546893970718247
J2	15	3	34	32	0.601207392939187
J3	15	10	3	81	1.5366627750621176
J4	14	4	6	1	1.599807987873704
J5	14	6	54	98	2.4634167634450823
J6	15	7	108	21	1.3124530809465935
J7	15	13	50	51	1.8550596223075317
J8	15	4	28	92	1.1859222051328404
J9	13	12	27	16	1.392481432242286
J10	15	3	20	39	1.9846769715288404
J11	14	9	66	38	1.1885381397463084
J12	14	13	36	33	0.3333581000682815
\\ Jobs in machine 2
11
J13	13	9	43	79	1.7638741293719404
J14	14	12	67	61	0.25633018684989917
J15	16	12	54	35	0.9355287538170922
J16	14	14	84	78	1.036718490262346
J17	14	8	23	6	1.0949461621357892
J18	16	14	31	98	2.096861570100228
J19	14	8	27	54	2.029346949777511
J20	14	13	53	58	0.7741169295082171
J21	15	4	89	47	1.0544573959573742
J22	14	4	76	28	0.3424071389978265
J23	15	10	89	90	1.5448807087893037
\\ Jobs in machine 3
10
J24	14	6	83	22	1.750878287652196
J25	14	14	4	26	1.8179757831601377
J26	13	8	18	7	0.4814410451882075
J27	13	8	57	28	0.9052801535736241
J28	13	2	58	54	1.762326164879255
J29	15	3	23	16	1.1145529239305307
J30	16	13	20	55	1.3750489662772067
J31	12	8	52	83	1.5481295650230484
J32	16	13	35	16	1.7782309568511512
J33	14	10	6	84	1.8832255036588794
\\ Jobs in machine 4
12
J34	15	14	63	39	1.7804842503364684
J35	15	5	49	55	0.2952509253329739
J36	17	3	26	78	0.9346357161274687
J37	15	10	3	28	1.1223670297965367
J38	14	4	70	15	2.0402606438437063
J39	14	4	35	73	2.1273022165831064
J40	15	14	108	59	0.7860328162236236
J41	13	2	44	97	0.754483744382483
J42	15	6	38	37	1.7140823920788604
J43	14	5	104	75	1.0436933625240412
J44	15	3	80	93	0.4621517105429588
J45	16	4	10	28	2.2009571289810888
\\ Jobs in machine 5
11
J46	17	7	66	18	0.5178284963493192
J47	14	9	70	63	0.904314146040126
J48	16	3	66	69	0.9666380790914725
J49	15	3	110	71	0.851692780180201
J50	14	7	89	43	0.7591339312308927
J51	15	14	38	5	1.0568342273614884
J52	14	14	45	39	1.349078036707577
J53	15	5	55	69	1.8587090127944013
J54	14	1	11	45	1.5161956164578825
J55	14	13	33	40	1.014947171849664
J56	15	2	90	66	0.7459344319813594
\\ Jobs in machine 6
11
J57	14	6	95	92	1.4413562630409886
J58	13	6	94	90	1.2935732985705664
J59	15	14	86	36	1.6551196554108674
J60	14	11	91	88	0.6578635862513896
J61	15	11	49	28	1.136257056325387
J62	13	12	76	3	1.3276521969381503
J63	14	4	21	53	0.845378402324902
J64	14	1	14	54	0.6240310485631535
J65	12	13	64	76	1.1599217976174538
J66	13	13	66	57	2.4808749690990965
J67	14	1	66	35	0.8964457569385235
\\ Jobs in machine 7
12
J68	13	13	3	97	0.9471047366936265
J69	13	11	21	29	0.4935181744358027
J70	13	5	84	26	1.8009243272543782
J71	14	6	23	25	1.240571949171676
J72	16	14	70	18	0.48486637459045856
J73	14	12	19	59	0.6015648255413724
J74	16	4	70	17	1.420611662268448
J75	13	10	93	59	1.4276819214822023
J76	14	2	8	20	2.161245108743718
J77	15	12	99	1	1.5230851736878865
J78	14	7	107	60	0.9772371397628653
J79	14	5	106	32	0.40161655640656246
\\ Jobs in machine 8
10
J80	16	14	43	67	1.1861026323608101
J81	15	11	13	62	0.49968891599496934
J82	14	3	5	20	0.7467434083966116
J83	15	5	39	28	1.7334316308467186
J84	15	2	20	40	1.694981377512149
J85	16	4	95	13	0.9049805916847364
J86	14	5	91	19	0.9041759341811959
J87	14	8	78	53	1.290065088593375
J88	14	2	90	5	0.8098857644084155
J89	13	4	34	54	0.4292149371860735
\\ Jobs in machine 9
11
J90	15	5	68	1	1.0914385897472705
J91	15	6	91	77	0.6453694846123417
J92	14	10	44	14	1.872933204960487
J93	17	14	83	82	0.8249560727240921
J94	14	11	91	14	0.8993852686791166
J95	15	2	106	29	0.606437288946757
J96	16	10	84	46	0.8125962613062497
J97	14	10	3	78	2.041828151096322
J98	13	4	26	3	0.20679809546907724
J99	13	5	73	39	1.9312151295433289
J100	13	11	73	52	1.7151732632014305
\\ Jobs in machine 10
11
J101	14	3	70	87	1.0407652568538737
J102	17	6	57	83	1.0363373974456958
J103	14	7	68	66	1.5425885093702751
J104	14	8	18	29	1.234023932914299
J105	14	6	15	56	0.7666114488919822
J106	14	10	80	52	0.7125204633580151
J107	16	2	33	53	0.987345874584189
J108	16	10	60	59	1.4798910162688872
J109	15	11	45	61	0.4260327106274602
J110	14	5	51	75	1.0389054142079106
J111	15	2	26	82	1.373708246254926
\\ Jobs in machine 11
10
J112	15	7	94	100	1.1579368371622576
J113	15	4	40	21	0.540117023785209
J114	15	10	88	2	1.8334262396134902
J115	15	3	75	76	1.2614040439096414
J116	15	5	74	26	2.071871202939665
J117	15	2	32	15	1.8045483445828756
J118	15	14	2	48	1.357418802217577
J119	15	5	9	73	1.0746473903294023
J120	13	13	96	44	1.5983420681398077
J121	16	3	54	56	1.8251067222929578
\\ Jobs in machine 12
12
J122	15	12	80	100	0.9046869932758493
J123	14	1	84	14	1.16054962902268
J124	16	10	62	45	1.1972565612664083
J125	16	8	71	74	1.088876623429716
J126	15	5	5	30	1.6668589725954264
J127	14	8	38	67	0.9739448375810152
J128	14	7	32	84	0.8909540358637522
J129	15	13	82	61	0.7165433334464162
J130	13	2	17	44	1.3757850559030942
J131	16	5	40	73	1.8850327201396233
J132	13	11	8	70	0.9719438736379984
J133	14	7	56	67	0.9870128715904205
\\ Jobs in machine 13
10
J134	14	12	21	77	1.7136935296372453
J135	14	4	15	32	0.5425725013179733
J136	15	2	89	48	1.0065286739622736
J137	15	14	9	53	2.0621338860925675
J138	15	4	91	63	0.6291869856920126
J139	15	6	28	81	0.20932765096748163
J140	14	11	74	81	1.303394382310558
J141	15	8	24	63	1.7496048186106048
J142	16	10	19	79	0.9663193284553788
J143	14	14	48	39	0.9448363956199209
\\ Jobs in machine 14
11
J144	13	8	52	66	0.2883685033992056
J145	14	14	100	12	1.2111353887127174
J146	14	12	98	24	0.956428553181512
J147	15	12	73	53	0.7822668099640535
J148	14	12	62	63	0.7393884391787209
J149	15	3	27	74	1.547443286056216
J150	15	9	81	74	0.37128082077625113
J151	14	8	91	43	1.3643372925165094
J152	14	12	98	11	0.9258815221983563
J153	15	7	60	46	1.0289805109247898
J154	13	13	42	68	0.8706150707902545
\\ Jobs in machine 15
9
J155	13	11	16	46	0.13039970134610068
J156	15	8	61	93	2.0525725022915715
J157	15	11	67	11	0.3808257467259645
J158	13	9	109	56	1.554904546440359
J159	15	13	95	95	0.33262952413701163
J160	15	2	93	45	1.019441966082939
J161	16	14	87	13	1.3743878948846793
J162	14	10	43	33	0.39784603782563843
J163	14	6	94	34	0.8978861128639374
\\ Jobs in machine 16
11
J164	15	3	89	82	0.9370811876906178
J165	15	10	94	31	1.108777078952781
J166	13	13	15	70	1.1291651859561707
J167	14	6	38	90	1.1159766923409007
J168	13	1	71	37	0.8718161036398473
J169	16	7	14	11	1.2966882748698412
J170	15	11	53	40	0.8662458373592525
J171	14	13	75	17	1.6485086991394062
J172	14	14	3	76	2.0889681373138833
J173	14	10	63	91	1.3638500617407778
J174	15	4	85	89	2.010952942232313
\\ Jobs in machine 17
10
J175	14	5	42	8	1.354956571783588
J176	14	3	65	32	1.2158230243526305
J177	15	1	109	71	1.0748763856119201
J178	16	14	65	97	0.7581651379901346
J179	15	14	4	73	1.9041455463103576
J180	13	10	10	22	1.7518267736969273
J181	14	14	26	43	1.1139910592236006
J182	14	7	36	74	0.5826815927576096
J183	15	10	109	7	1.3493490638120904
J184	17	5	4	99	1.2002729615045213
\\ Jobs in machine 18
9
J185	13	5	105	3	1.1841594347547648
J186	14	10	71	70	1.0808926286119043
J187	15	2	102	56	1.2898656623057643
J188	15	12	103	43	0.9989572482288553
J189	16	7	85	27	1.7111932477113294
J190	16	11	9	22	0.7830188612478557
J191	15	9	66	3	1.3229884347133563
J192	14	2	94	76	1.7515648566087179
J193	14	5	17	98	1.353448919273772
\\ Jobs in machine 19
12
J194	15	2	98	45	1.831285220713429
J195	14	11	80	86	0.8781355712567886
J196	15	4	102	88	2.00693162964964
J197	15	13	28	9	1.0407195348707137
J198	15	13	27	12	0.7838425521974575
J199	15	3	71	36	1.1430874263928055
J200	14	10	49	47	1.1172723947821495
J201	14	14	5	76	0.7762573704003456
J202	15	4	22	13	1.7033108526669933
J203	16	10	48	54	1.3729729003394127
J204	14	8	35	97	1.326714610993113
J205	15	8	84	15	0.9260428583710925
\\ Jobs in machine 20
10
J206	13	4	19	70	0.8285985369507727
J207	14	9	9	13	2.1052716272793948
J208	14	8	71	63	1.525746616385692
J209	15	14	30	25	1.235803213558649
J210	14	3	103	97	2.244071683953373
J211	14	11	91	43	1.4723913302456229
J212	13	8	60	56	0.8472799574837157
J213	15	5	95	28	1.587260360657676
J214	13	3	22	94	0.7155339406219654
J215	14	10	11	13	1.169327642124953
\\ Dependencies 
958
1	2
1	3
1	4
1	5
1	6
1	7
1	8
1	9
1	10
1	11
1	12
2	3
2	4
2	5
2	6
2	7
2	8
2	10
2	11
2	12
3	4
3	5
3	6
3	7
3	8
3	9
3	10
3	11
4	6
4	8
4	9
4	10
4	11
4	12
5	6
5	7
5	8
5	10
5	11
5	12
6	7
6	8
6	9
6	10
6	11
6	12
7	8
7	9
7	10
7	11
7	12
8	9
8	10
8	11
8	12
9	10
9	11
9	12
10	11
11	12
13	14
13	15
13	16
13	17
13	18
13	19
13	20
13	21
13	22
13	23
14	15
14	16
14	17
14	18
14	20
14	21
14	22
14	23
15	16
15	17
15	18
15	20
15	21
15	23
16	17
16	18
16	19
16	20
16	21
16	22
16	23
17	18
17	19
17	21
17	22
17	23
18	19
18	20
18	21
18	22
18	23
19	20
19	21
19	23
20	21
20	22
20	23
21	22
21	23
22	23
24	25
24	26
24	27
24	28
24	30
24	32
24	33
25	26
25	27
25	28
25	29
25	30
25	32
25	33
26	27
26	28
26	29
26	30
26	31
26	32
26	33
27	28
27	29
27	30
27	31
27	32
27	33
28	29
28	32
28	33
29	30
29	31
29	32
29	33
30	31
30	33
31	32
31	33
32	33
34	35
34	36
34	37
34	38
34	39
34	40
34	41
34	42
34	44
34	45
35	37
35	38
35	40
35	41
35	42
35	43
35	44
36	37
36	38
36	39
36	40
36	42
36	43
36	44
36	45
37	38
37	39
37	40
37	41
37	42
37	43
37	44
37	45
38	39
38	40
38	42
38	43
38	44
39	40
39	41
39	42
39	43
39	44
39	45
40	41
40	42
40	43
40	44
40	45
41	42
41	43
41	44
42	43
42	44
42	45
43	44
43	45
44	45
46	48
46	49
46	50
46	51
46	52
46	53
46	54
46	55
46	56
47	48
47	49
47	50
47	51
47	52
47	53
47	54
47	55
47	56
48	49
48	50
48	51
48	52
48	53
48	54
48	55
48	56
49	50
49	51
49	52
49	53
49	54
49	55
49	56
50	51
50	52
50	53
50	54
50	55
50	56
51	52
51	53
51	54
51	55
51	56
52	53
52	54
52	55
53	54
53	55
53	56
54	55
54	56
55	56
57	58
57	59
57	60
57	61
57	62
57	63
57	64
57	65
57	66
57	67
58	59
58	60
58	61
58	62
58	63
58	64
58	65
58	66
58	67
59	60
59	61
59	62
59	63
59	64
59	65
59	66
59	67
60	61
60	62
60	63
60	64
60	65
60	66
60	67
61	62
61	63
61	64
61	65
61	66
61	67
62	63
62	64
62	65
62	66
62	67
63	64
63	65
63	66
63	67
64	65
64	66
64	67
65	66
65	67
66	67
68	69
68	70
68	71
68	72
68	73
68	74
68	75
68	76
68	77
68	78
68	79
69	70
69	71
69	72
69	73
69	74
69	76
69	77
69	78
69	79
70	71
70	73
70	75
70	76
70	77
70	78
70	79
71	72
71	73
71	74
71	75
71	76
71	77
71	78
71	79
72	73
72	74
72	75
72	76
72	77
72	78
72	79
73	74
73	75
73	76
73	77
73	78
73	79
74	75
74	76
74	77
74	78
74	79
75	77
75	78
75	79
76	77
76	78
76	79
77	78
77	79
78	79
80	81
80	82
80	83
80	84
80	85
80	86
80	87
80	89
81	82
81	83
81	84
81	86
81	87
81	88
81	89
82	83
82	84
82	85
82	86
82	87
82	88
83	84
83	85
83	86
83	87
83	88
83	89
84	85
84	86
84	88
84	89
85	86
85	87
85	89
86	87
86	88
86	89
87	88
87	89
88	89
90	91
90	92
90	93
90	94
90	96
90	97
90	98
90	99
90	100
91	94
91	95
91	96
91	97
91	98
91	99
91	100
92	93
92	94
92	95
92	96
92	97
92	98
92	99
92	100
93	94
93	95
93	96
93	97
93	98
93	99
93	100
94	95
94	96
94	97
94	98
94	99
94	100
95	96
95	97
95	98
95	99
96	97
96	98
96	99
96	100
97	99
98	99
98	100
99	100
101	102
101	103
101	104
101	105
101	106
101	107
101	108
101	109
101	110
101	111
102	103
102	104
102	105
102	106
102	107
102	109
102	110
102	111
103	104
103	105
103	106
103	107
103	108
103	109
103	110
103	111
104	105
104	106
104	107
104	108
104	109
104	110
105	106
105	107
105	108
105	109
105	110
105	111
106	107
106	108
106	109
106	110
107	108
107	109
107	110
107	111
108	109
109	110
110	111
112	113
112	114
112	115
112	116
112	117
112	118
112	119
112	120
112	121
113	114
113	115
113	116
113	117
113	118
113	119
113	120
113	121
114	116
114	118
114	119
114	120
114	121
115	116
115	117
115	118
115	119
115	120
115	121
116	117
116	118
116	119
116	120
116	121
117	118
117	119
117	120
117	121
118	119
118	120
118	121
119	120
119	121
120	121
122	123
122	124
122	125
122	126
122	127
122	128
122	129
122	130
122	131
122	132
122	133
123	124
123	125
123	126
123	127
123	128
123	130
123	131
123	132
123	133
124	125
124	126
124	127
124	128
124	129
124	131
124	132
124	133
125	126
125	127
125	128
125	129
125	130
125	131
125	132
125	133
126	127
126	128
126	129
126	130
126	131
126	132
126	133
127	128
127	129
127	130
127	131
127	132
127	133
128	130
128	131
128	132
128	133
129	131
129	132
129	133
130	131
130	132
130	133
131	132
131	133
132	133
134	135
134	136
134	137
134	138
134	139
134	141
134	142
134	143
135	136
135	137
135	138
135	139
135	140
135	141
135	142
135	143
136	137
136	138
136	139
136	140
136	141
136	142
137	138
137	139
137	140
137	142
137	143
138	139
138	140
138	141
138	142
139	140
139	141
139	142
140	141
140	142
140	143
141	142
141	143
144	145
144	146
144	149
144	150
144	151
144	152
144	153
144	154
145	146
145	147
145	148
145	149
145	150
145	151
145	152
145	153
145	154
146	147
146	148
146	149
146	150
146	152
146	153
146	154
147	149
147	150
147	151
147	152
147	153
147	154
148	150
148	151
148	152
148	153
148	154
149	150
149	151
149	152
149	153
149	154
150	151
150	152
150	153
150	154
151	152
151	153
151	154
152	153
153	154
155	156
155	158
155	159
155	160
155	161
155	162
155	163
156	157
156	158
156	159
156	160
156	161
156	162
156	163
157	158
157	160
157	161
157	163
158	159
158	160
158	161
158	162
158	163
159	160
159	161
159	162
159	163
160	161
160	162
160	163
161	162
161	163
162	163
164	165
164	166
164	167
164	168
164	169
164	170
164	172
164	173
164	174
165	166
165	167
165	168
165	169
165	170
165	171
165	172
165	173
165	174
166	167
166	168
166	169
166	170
166	171
166	172
166	174
167	168
167	169
167	170
167	171
167	172
167	173
167	174
168	170
168	171
168	172
168	173
168	174
169	170
169	171
169	172
169	173
169	174
170	172
170	173
171	172
171	173
171	174
172	173
172	174
173	174
175	176
175	178
175	179
175	180
175	181
175	182
175	184
176	177
176	179
176	180
176	181
176	182
176	183
176	184
177	178
177	179
177	181
177	182
177	183
177	184
178	179
178	180
178	181
178	183
178	184
179	180
179	181
179	182
179	183
179	184
180	181
180	184
181	182
181	183
181	184
182	183
182	184
183	184
185	186
185	187
185	188
185	189
185	190
185	191
185	192
186	188
186	189
186	190
186	192
186	193
187	188
187	189
187	190
187	191
187	192
187	193
188	189
188	190
188	191
188	192
189	190
189	191
189	192
190	191
190	192
190	193
191	192
191	193
192	193
194	196
194	197
194	198
194	199
194	200
194	201
194	202
194	203
194	204
194	205
195	196
195	197
195	198
195	201
195	202
195	203
195	204
195	205
196	197
196	198
196	199
196	200
196	201
196	202
196	203
196	204
196	205
197	198
197	199
197	200
197	202
197	203
197	204
197	205
198	199
198	201
198	202
198	203
198	204
198	205
199	200
199	201
199	202
199	203
199	204
199	205
200	201
200	204
200	205
201	202
201	203
201	204
201	205
202	203
202	204
202	205
203	205
204	205
206	207
206	208
206	209
206	210
206	211
206	213
206	214
206	215
207	208
207	211
207	212
207	213
207	214
208	209
208	210
208	211
208	212
208	213
208	214
208	215
209	210
209	211
209	212
209	213
209	214
209	215
210	211
210	212
210	213
210	214
210	215
211	212
211	214
211	215
212	213
212	214
212	215
213	214
213	215
214	215
