\\ machines
8
\\ max power
80
\\ Jobs in machine 1
10
J1	15	10	106	26	1.5985001513517891
J2	15	3	39	26	1.3244906758507013
J3	15	11	6	35	0.6010061131648384
J4	16	2	28	37	1.9807905309574303
J5	13	5	15	34	1.6509511845244167
J6	15	13	27	36	1.184820640540039
J7	16	3	85	10	1.347386344644013
J8	16	11	20	26	1.467586139889948
J9	14	5	42	7	1.3821756374065288
J10	14	8	110	13	0.7964316662398689
\\ Jobs in machine 2
11
J11	16	12	93	28	1.4055821017267585
J12	14	6	56	7	1.1115919322322563
J13	14	3	38	40	1.688182851567256
J14	15	9	93	32	1.3782029410748824
J15	14	7	25	29	0.2794661195774275
J16	15	9	13	8	0.7211389695114641
J17	14	9	40	26	1.6264259548941489
J18	16	11	65	7	0.6892545178976407
J19	15	7	63	4	1.4263534657988373
J20	14	8	2	4	0.5727988327796472
J21	15	9	106	19	1.7229042934498202
\\ Jobs in machine 3
10
J22	15	12	69	29	1.597466653941584
J23	17	11	109	4	1.7400544331303762
J24	14	4	12	1	1.0615619107835217
J25	15	8	81	18	0.9690795009136867
J26	14	6	24	6	1.20744764951481
J27	16	2	58	11	1.7080234449676728
J28	15	5	15	39	0.18178088516583246
J29	12	8	29	8	1.2178338900661732
J30	15	10	86	29	1.34802273394872
J31	15	5	29	4	1.1976888330209343
\\ Jobs in machine 4
11
J32	14	14	55	12	1.4971050838305517
J33	13	6	16	15	0.8071842917413533
J34	13	2	71	37	1.4671942866450793
J35	14	9	27	28	1.2358323130631699
J36	15	4	46	23	2.039920358860007
J37	15	2	84	12	1.7000228925030458
J38	15	7	31	7	1.5384114698277578
J39	14	10	23	11	0.6401840613507785
J40	15	6	9	21	0.8200512511312271
J41	15	11	102	9	1.0731636540305338
J42	15	10	44	32	0.9462124102826834
\\ Jobs in machine 5
13
J43	13	2	100	15	1.382618025565636
J44	14	4	24	17	1.194284739784064
J45	16	13	87	27	1.932763690349312
J46	15	5	90	31	1.2871280246147538
J47	14	4	65	20	1.1102400369946626
J48	16	9	50	25	1.5303582083029736
J49	14	7	37	23	0.7600875636835105
J50	14	2	76	22	1.1620556437524603
J51	16	2	46	3	1.0860807428110666
J52	15	5	60	2	0.5204767114721403
J53	16	5	36	2	1.6263221231550393
J54	13	12	16	21	2.015513743687293
J55	16	2	40	36	1.4321506871834084
\\ Jobs in machine 6
12
J56	14	10	10	2	1.6678008758279925
J57	14	14	27	28	1.4564856094926855
J58	15	10	64	25	0.4798732803889919
J59	14	5	108	6	1.3598024577119483
J60	15	11	25	19	1.8024569143177809
J61	15	3	83	24	0.4103734688369427
J62	15	12	22	18	0.996322458968973
J63	14	14	68	35	0.7454214850897738
J64	14	4	8	40	0.9099049705899904
J65	13	1	88	5	1.5247227421664025
J66	15	4	68	28	0.1
J67	14	4	54	25	1.2464952778238236
\\ Jobs in machine 7
11
J68	15	4	51	9	0.885059004626578
J69	14	4	103	14	0.3675103922625973
J70	14	9	51	8	1.266185089692732
J71	15	5	7	5	0.6785899150538932
J72	16	2	17	40	1.237066150303059
J73	14	1	84	37	1.6817512121713067
J74	16	6	14	26	1.9034799644083615
J75	14	1	56	32	0.4864814920109837
J76	16	8	47	3	1.5973047515882424
J77	13	8	73	28	0.41327749589540863
J78	12	8	73	16	1.4131452096287422
\\ Jobs in machine 8
11
J79	14	3	66	16	1.1679526839914771
J80	13	1	66	32	1.2710862713755506
J81	15	5	82	23	1.5065981542516282
J82	14	14	50	10	1.2522305785867924
J83	14	12	75	18	1.8253387386307653
J84	14	11	97	33	0.7753977438576609
J85	15	4	60	1	1.4462536794405503
J86	14	12	94	2	0.9195519427480823
J87	15	11	72	3	0.2920965554324969
J88	15	8	95	36	1.4975800416556937
J89	12	9	13	33	0.5406661820368917
\\ Dependencies 
136
1	4
1	9
2	5
2	6
2	10
3	6
3	7
3	9
3	10
4	10
5	8
5	10
6	7
6	9
6	10
7	9
7	10
8	9
11	21
12	13
12	17
12	21
13	15
13	17
13	20
14	15
15	19
15	21
16	18
16	20
17	19
18	20
20	21
22	27
22	28
22	30
22	31
23	25
23	28
23	31
24	27
24	28
25	29
25	30
25	31
26	29
27	29
27	30
28	29
30	31
32	33
32	34
32	35
32	37
32	39
32	41
33	36
33	39
34	35
35	40
37	38
37	39
38	41
40	42
41	42
43	44
43	47
43	50
43	55
44	50
44	51
44	53
45	46
45	48
45	55
46	48
46	49
46	50
46	52
47	48
47	49
48	50
48	51
48	52
48	55
49	50
49	51
50	53
50	54
50	55
51	52
51	53
52	55
56	57
56	63
57	60
57	65
58	61
58	63
59	61
59	64
59	66
60	61
60	65
61	62
61	64
61	65
62	67
63	67
64	65
66	67
68	69
68	70
68	77
68	78
69	71
69	75
69	76
69	78
71	73
71	74
71	76
72	74
74	76
76	77
79	89
80	81
80	85
81	84
82	85
82	89
83	87
84	85
84	87
86	88
87	88
