\\ machines
8
\\ max power
80
\\ Jobs in machine 1
11
J1	12	6	53	8	1.7158468010669479
J2	15	6	95	51	1.4272567988102536
J3	14	14	53	11	1.4882860762773324
J4	13	7	99	8	1.3143714595302143
J5	14	3	8	22	1.4639047119527004
J6	16	1	103	45	1.4497761575570438
J7	15	2	60	48	1.498280191680476
J8	14	9	82	52	0.7560420987325354
J9	13	14	9	22	0.832977637756265
J10	15	10	46	38	0.7081410346339647
J11	14	5	65	28	0.9957187551661283
\\ Jobs in machine 2
11
J12	16	3	72	32	1.1630443865002622
J13	16	12	52	45	0.9114014821057552
J14	15	12	41	7	2.0121899188494328
J15	15	13	49	56	0.6865170668796857
J16	14	5	5	42	1.1005494847869386
J17	15	9	93	48	1.2073551219212046
J18	14	11	104	27	1.463434756652139
J19	14	7	47	52	1.396613603028908
J20	14	11	103	7	0.642485109521443
J21	14	6	34	37	1.5740116350217743
J22	17	2	64	56	1.3178401186620374
\\ Jobs in machine 3
11
J23	16	10	63	12	0.9389828478878496
J24	15	8	37	17	1.2293428583877215
J25	13	11	6	35	1.2853722937348993
J26	15	14	81	47	0.8460651072149834
J27	15	13	15	44	1.3128319424956387
J28	14	9	108	18	1.0815023978483134
J29	16	8	34	38	0.9880787083011469
J30	15	14	18	32	1.0579078310427608
J31	15	6	32	22	1.6429275590858017
J32	15	5	110	15	0.8524985309365497
J33	16	8	93	34	1.0127438275379432
\\ Jobs in machine 4
11
J34	15	10	18	40	0.6865555625100979
J35	14	6	36	5	1.3802704318320984
J36	15	5	46	16	0.3421629695443996
J37	16	9	83	12	0.7325397064297339
J38	14	13	62	10	1.143127275294624
J39	16	11	17	42	0.8208691458665142
J40	14	3	42	17	1.3678257721281795
J41	14	10	74	58	1.6471239331269565
J42	13	4	43	53	1.5327269214612134
J43	14	14	40	10	1.416622088580544
J44	14	5	54	30	1.6568617683662183
\\ Jobs in machine 5
11
J45	15	1	89	45	0.9818695288376147
J46	16	1	91	16	2.1191368075079646
J47	14	9	70	34	0.825363979841516
J48	15	13	110	16	0.9586358504428103
J49	15	12	99	31	2.1411812454730317
J50	14	6	72	27	1.5970724762293897
J51	16	5	30	49	1.101912938480325
J52	15	2	47	20	0.72426778854771
J53	15	3	50	21	1.2995557975676557
J54	15	14	33	18	2.3664912837444625
J55	16	9	68	2	2.1713124661529375
\\ Jobs in machine 6
12
J56	13	14	86	21	1.1061178603888258
J57	14	4	11	50	0.1
J58	15	3	14	37	0.15187826785017355
J59	13	14	62	26	1.326565960911537
J60	14	11	77	53	0.6277249402654491
J61	14	13	81	49	1.2106950697964332
J62	14	12	100	49	1.1297509977310045
J63	13	10	65	9	1.06349474511019
J64	15	11	65	59	1.0039300277285121
J65	15	13	47	12	0.49913445971901116
J66	14	13	62	20	0.9768879765623629
J67	12	1	60	31	1.394405016598239
\\ Jobs in machine 7
11
J68	12	2	102	58	1.10977850235803
J69	15	12	101	12	0.7382431497485878
J70	13	13	12	54	1.6385453135346837
J71	15	12	15	31	1.0103868778457172
J72	14	9	41	40	2.243249807444265
J73	15	7	57	28	1.2952939604563047
J74	12	10	79	32	1.4852144665521605
J75	14	5	62	6	1.6985794161825587
J76	14	4	86	54	0.9257690607722712
J77	15	8	62	37	1.939153324260099
J78	14	4	49	14	1.2365722841055238
\\ Jobs in machine 8
11
J79	16	11	60	35	0.8818726904278646
J80	13	7	89	24	0.49822296422666656
J81	15	1	11	44	1.6879921675979765
J82	14	10	54	35	1.501447926295405
J83	16	13	75	40	0.38121601788846804
J84	16	8	38	15	0.22789275680226173
J85	16	12	27	45	0.7024736406781245
J86	14	3	48	13	0.6028861547946779
J87	13	13	100	12	1.7178472890746237
J88	14	7	85	48	1.706991302351342
J89	15	2	72	37	0.7539787591527899
\\ Dependencies 
212
1	3
1	4
1	5
1	11
2	5
2	10
3	4
3	7
3	8
3	9
3	10
3	11
4	5
4	6
4	7
4	11
5	8
5	11
6	7
6	9
6	11
7	10
8	9
8	10
12	14
12	15
12	19
12	21
13	14
13	15
13	16
13	17
13	18
13	22
14	15
14	17
14	20
15	16
15	18
15	19
15	20
15	21
15	22
16	17
16	18
16	20
16	21
17	18
17	20
17	21
17	22
18	20
19	20
19	21
20	22
21	22
23	25
23	26
23	28
23	31
23	32
24	25
24	26
24	29
24	30
24	31
24	33
25	26
25	30
25	31
25	32
26	28
26	29
26	33
27	32
28	32
29	30
29	33
32	33
34	35
34	36
34	38
34	39
34	41
34	43
34	44
35	37
36	38
36	39
36	42
37	38
37	40
38	39
38	40
38	44
39	40
39	43
39	44
40	41
40	44
41	42
41	43
42	43
42	44
45	48
45	51
45	53
45	55
46	47
46	49
46	50
46	55
47	51
47	54
47	55
48	50
48	51
48	54
49	51
49	53
49	54
50	51
50	52
50	55
52	53
52	54
56	57
56	58
56	60
56	61
56	62
56	64
56	65
56	66
57	60
57	61
57	62
57	63
58	60
58	63
58	65
58	66
58	67
59	63
59	64
59	65
59	67
60	62
60	66
60	67
61	66
62	64
62	66
63	64
64	65
64	67
65	66
65	67
68	71
68	74
68	75
69	70
69	71
69	73
69	75
69	76
69	77
69	78
70	73
70	74
70	75
70	76
71	72
71	78
72	73
73	77
73	78
74	78
75	77
77	78
79	80
79	83
79	84
79	85
79	88
79	89
80	81
80	83
80	84
80	85
80	86
80	87
80	88
81	82
81	87
81	88
82	84
82	85
82	87
82	88
82	89
83	86
83	87
83	88
84	86
84	88
84	89
85	86
85	89
86	87
86	88
86	89
