\\ machines
20
\\ max power
200
\\ Jobs in machine 1
13
J1	12	3	28	53	1.2527295243430387
J2	16	2	27	65	2.0114447829547455
J3	16	2	45	22	0.5931092350762743
J4	14	11	57	92	0.4270922315877229
J5	15	11	48	147	1.3989354799819527
J6	14	12	70	117	1.4391275215997361
J7	15	14	54	41	1.300209361402109
J8	14	13	7	148	0.9786086106695364
J9	15	11	16	130	1.3207283921189743
J10	14	4	20	99	0.8337386210515328
J11	15	5	11	135	1.96928658700346
J12	16	9	103	51	1.7741962164383696
J13	16	5	94	12	1.7243916644828836
\\ Jobs in machine 2
11
J14	14	8	63	62	0.8145867765474999
J15	15	6	92	149	1.9989641609753082
J16	16	2	96	114	1.3447394670409827
J17	14	8	33	114	0.6642639904164125
J18	13	12	9	63	0.8303921507306963
J19	14	13	22	5	0.757051704516881
J20	16	8	21	12	1.4341978856409971
J21	16	9	75	105	1.6103138473069898
J22	14	13	33	62	1.1757423691617113
J23	14	7	16	90	1.0912820606226932
J24	15	5	64	117	0.5323404295161025
\\ Jobs in machine 3
10
J25	15	12	109	46	1.5249224122544298
J26	14	14	2	103	0.3054324435713537
J27	13	2	21	27	0.37557659230919593
J28	14	11	91	106	1.2277728957913268
J29	14	1	19	2	1.3424235121375956
J30	13	2	2	91	0.5776426836590327
J31	15	5	47	68	1.5802528003460097
J32	13	7	63	7	0.8407074781920436
J33	14	8	41	27	1.2355355667124899
J34	17	8	27	67	1.7876818182807763
\\ Jobs in machine 4
12
J35	16	7	17	134	0.6233556311182279
J36	14	13	49	98	0.8668167131031344
J37	13	13	105	89	0.5764225218693272
J38	16	13	15	112	0.43811413302988433
J39	14	3	102	114	1.863477087018867
J40	14	14	47	41	1.1514867805289482
J41	14	9	32	65	0.5218822195995125
J42	12	8	4	36	1.025780225074304
J43	15	11	86	28	0.9886255556674077
J44	13	13	102	143	1.720204303556969
J45	14	14	40	72	1.4928938556424494
J46	15	13	62	8	0.913238959031798
\\ Jobs in machine 5
11
J47	13	10	6	19	1.6404395523189874
J48	16	13	85	19	1.6802731520860408
J49	13	3	75	101	0.9839987614849728
J50	15	12	64	133	1.7466618368921993
J51	17	14	110	60	1.649620678768321
J52	14	5	17	81	0.630494648056217
J53	15	10	23	67	2.2190655203804317
J54	17	3	100	120	0.555771178556381
J55	15	3	109	74	1.4235932638137467
J56	15	4	67	132	1.695000192290129
J57	16	13	85	97	1.566066751701659
\\ Jobs in machine 6
11
J58	13	3	18	105	1.4923654839198144
J59	13	11	49	90	1.2694199856414563
J60	14	3	59	55	1.7095524856399285
J61	14	7	77	101	0.6227206245286616
J62	14	1	12	1	1.2311798664062141
J63	15	10	41	112	0.8304624136090298
J64	15	13	99	80	2.015407718014782
J65	13	12	77	66	1.4122543824698144
J66	15	4	107	108	1.263541102447912
J67	15	12	22	101	1.7778355016213552
J68	16	9	84	75	1.0791637116765809
\\ Jobs in machine 7
11
J69	15	12	83	77	0.5090174413875449
J70	15	5	8	94	1.0052389057999915
J71	14	5	101	25	0.8239181281011767
J72	15	5	32	148	0.6598067483141032
J73	16	2	26	141	0.9982732147294792
J74	14	6	99	117	0.9712493806333229
J75	15	14	96	132	1.633881103651279
J76	14	2	47	122	1.3834770551827917
J77	16	1	84	91	1.037420486045032
J78	16	9	109	99	1.2571076797785878
J79	15	10	41	144	0.8804503476594923
\\ Jobs in machine 8
10
J80	15	8	41	54	1.9073641260350667
J81	15	1	35	128	1.7149197388920019
J82	16	13	93	38	0.5583505383628701
J83	15	13	17	103	1.268923956995021
J84	13	14	7	117	1.5921590779776449
J85	16	10	109	109	1.8805161511785418
J86	15	11	86	65	0.8234069071286663
J87	15	10	11	14	0.6664592883008235
J88	15	6	65	23	0.8426720296765849
J89	17	3	14	14	0.7098676149627963
\\ Jobs in machine 9
10
J90	14	10	100	7	0.400866422678799
J91	16	7	25	58	1.4502724574165708
J92	16	7	70	12	1.5370180090902177
J93	14	2	50	64	1.0408909078690531
J94	15	14	44	89	0.9076263233808137
J95	15	5	89	88	1.3281437948860328
J96	15	8	51	127	1.576463942077645
J97	14	11	67	138	1.3072429244508188
J98	13	6	17	66	1.4552677761109751
J99	13	8	11	104	0.2267083111664132
\\ Jobs in machine 10
12
J100	14	14	44	110	0.651046933767936
J101	15	3	53	128	1.147458227557848
J102	15	7	51	99	0.7954367540698911
J103	15	10	21	10	0.7266240976299317
J104	15	10	62	74	0.33363637767761745
J105	15	5	42	139	1.5063521461870664
J106	15	10	55	11	1.3129168234436865
J107	15	5	3	11	2.130010171257249
J108	14	9	29	137	0.620749285819048
J109	14	11	82	112	1.8411692127960393
J110	14	5	3	26	0.7913701342122805
J111	15	4	12	90	0.3431156747303492
\\ Jobs in machine 11
11
J112	14	2	78	66	1.0543893470275567
J113	15	5	68	130	2.2106501307549316
J114	15	4	90	116	1.0836050081919089
J115	14	4	65	13	1.2462246648519488
J116	15	2	19	97	1.4000170703483001
J117	15	10	31	28	1.8682570463381318
J118	14	2	52	38	1.0352729066097786
J119	15	6	47	51	0.39969164865472007
J120	14	3	2	77	1.1555742167111684
J121	15	10	17	118	1.2600570496239472
J122	14	14	61	50	1.4916865535679937
\\ Jobs in machine 12
10
J123	13	10	13	73	0.40862592778921203
J124	14	9	53	8	2.1783682171536958
J125	14	5	107	144	1.5592272312920925
J126	14	10	27	96	0.7131233511091235
J127	13	8	35	58	0.8692216476848948
J128	15	11	29	36	0.8383537556611402
J129	13	5	2	31	1.6199487814609026
J130	14	10	51	124	1.191852280605768
J131	16	7	8	116	1.9804597519125102
J132	15	9	107	104	1.8820226921892624
\\ Jobs in machine 13
11
J133	16	1	53	144	0.9135989363231707
J134	15	10	44	63	1.7857744408821257
J135	14	12	73	106	0.8035601220436106
J136	13	2	7	115	1.1345429312766004
J137	14	2	67	2	1.1954180910834162
J138	16	14	108	136	1.1634297386137396
J139	15	11	36	31	0.9233797061465092
J140	14	13	75	39	2.021646476395472
J141	17	8	81	51	1.6846080871607507
J142	14	14	50	98	0.8595632897064819
J143	14	9	71	94	1.710312428032941
\\ Jobs in machine 14
9
J144	14	14	4	130	1.2985974785362744
J145	13	4	17	10	1.8368678898096684
J146	13	14	6	4	0.35972564848489574
J147	14	5	65	78	0.9892852164664659
J148	13	13	71	117	0.18306731077899152
J149	15	2	4	148	1.6925773124135826
J150	15	7	15	112	1.3619555801130514
J151	16	13	107	141	0.34366426223013147
J152	13	6	90	147	0.7307984071881133
\\ Jobs in machine 15
10
J153	16	9	16	150	0.8610543821614033
J154	14	14	19	133	0.19485978353260247
J155	15	1	75	42	1.6289215858688202
J156	15	9	88	81	1.9262914995402634
J157	14	12	57	11	0.49135679253886566
J158	16	8	20	122	1.190465438171894
J159	15	10	7	111	1.0528852849754833
J160	15	7	60	56	2.15947886670441
J161	14	2	45	113	0.8283832239371536
J162	14	13	88	76	1.9692891983436072
\\ Jobs in machine 16
12
J163	14	11	109	52	0.6318675998904072
J164	15	14	5	73	0.5863796990537332
J165	14	12	11	31	1.5346066717443838
J166	14	4	34	101	1.29625268726555
J167	15	5	18	88	1.756954583398166
J168	14	2	76	145	1.771097056921055
J169	14	5	98	66	1.19661921633232
J170	14	12	41	124	1.3788457542463042
J171	15	7	103	103	2.349544794150831
J172	14	14	109	82	0.8642526276446878
J173	15	14	110	40	1.262161386470277
J174	13	14	27	110	0.7337268477026591
\\ Jobs in machine 17
11
J175	14	13	64	44	0.9007209489475525
J176	13	9	101	38	2.3255515746526045
J177	15	7	98	125	1.3813534390215911
J178	15	2	107	128	1.3414769248449763
J179	15	13	9	112	1.1119662787233362
J180	15	4	30	53	1.321585990073793
J181	15	13	78	5	1.5468608436520184
J182	15	13	66	72	0.8820743308868377
J183	13	3	29	55	0.5965623154417194
J184	13	11	79	126	0.6601049240298933
J185	15	2	46	111	1.3963151887022038
\\ Jobs in machine 18
11
J186	13	7	14	104	1.29512607219093
J187	14	10	78	101	1.4838873099208627
J188	14	5	106	69	1.5113027892675077
J189	16	8	79	38	0.5242212736312554
J190	15	9	94	131	1.5471060143160544
J191	14	2	18	44	0.6690095525930757
J192	15	9	86	15	1.2251182767786148
J193	15	3	106	42	1.513315027841685
J194	16	5	33	17	2.440907876761027
J195	15	13	32	63	1.3313937774379527
J196	16	2	56	106	1.297347021023977
\\ Jobs in machine 19
10
J197	15	4	77	21	0.8521669120995117
J198	15	2	74	75	1.4169129042292072
J199	12	14	73	8	1.5215903267001025
J200	13	7	59	10	1.4701804790901627
J201	14	7	58	88	1.562607657707692
J202	15	1	55	58	0.48484764723974016
J203	15	1	48	123	0.6937064246211935
J204	14	14	40	130	0.699964413461783
J205	16	9	106	102	2.516905574467362
J206	14	9	6	23	1.9275708665029094
\\ Jobs in machine 20
11
J207	13	4	56	4	1.3624163704615695
J208	15	2	77	92	2.1815200750882413
J209	15	1	89	143	1.6450193918499763
J210	14	6	82	12	1.4120634288963756
J211	15	13	42	127	0.7274183659322264
J212	14	8	48	131	0.7004434709288854
J213	15	5	71	125	1.6289732250451312
J214	15	4	46	137	1.1401660108874354
J215	14	11	110	142	1.115022369995339
J216	15	8	44	150	0.8951280903913814
J217	14	12	55	118	0.2093230366961718
\\ Dependencies 
627
1	3
1	4
1	5
1	8
1	10
1	12
2	3
2	4
2	7
2	8
2	12
2	13
3	4
3	6
3	10
3	11
3	12
4	5
4	7
4	10
4	12
4	13
5	6
5	7
5	9
5	12
6	7
6	8
6	9
6	11
6	12
7	8
7	11
7	12
7	13
8	10
8	12
8	13
9	10
9	12
9	13
10	11
10	13
11	13
14	16
14	17
14	18
14	19
14	22
14	23
15	17
15	19
15	21
15	23
15	24
16	17
16	19
16	20
16	21
16	22
16	24
17	21
18	19
18	23
18	24
20	24
21	22
21	23
22	23
22	24
25	28
25	29
25	30
25	32
25	33
25	34
26	27
26	32
26	33
26	34
27	29
27	30
27	31
27	32
27	33
27	34
28	31
28	32
28	34
29	30
29	31
29	32
29	34
30	32
30	33
30	34
31	33
31	34
35	38
35	39
35	43
35	44
35	45
35	46
36	37
36	38
36	39
36	40
36	42
36	44
36	45
36	46
37	38
37	41
37	42
37	43
37	44
37	46
38	39
38	40
38	44
38	45
39	42
39	43
39	44
40	42
40	43
40	45
40	46
41	42
41	43
41	45
42	44
42	46
43	44
43	45
44	45
47	48
47	49
47	50
47	51
47	53
47	54
47	56
47	57
48	50
48	52
48	53
48	55
48	56
48	57
49	51
49	53
49	54
49	55
49	57
50	51
50	52
50	53
50	54
50	55
50	56
50	57
51	52
51	54
51	55
51	57
52	54
52	55
52	56
52	57
53	54
53	57
54	55
54	57
55	56
55	57
58	59
58	60
58	62
58	65
58	66
58	67
59	60
59	61
59	62
59	63
59	65
59	68
60	61
60	63
60	64
60	66
60	67
61	62
61	66
61	68
62	63
62	66
62	67
63	67
63	68
64	65
64	66
64	67
65	67
66	68
67	68
69	71
69	75
69	76
69	79
70	71
70	73
70	74
70	77
70	78
70	79
71	73
71	74
71	75
71	76
71	78
71	79
72	74
72	76
72	77
72	78
73	74
73	75
73	76
73	77
73	79
74	75
74	76
74	79
75	77
75	79
76	79
77	78
77	79
80	82
80	83
80	87
80	88
80	89
81	82
81	84
81	86
81	87
81	88
81	89
82	83
82	84
82	86
82	87
82	88
83	84
83	86
83	87
84	85
85	87
85	88
85	89
86	87
86	89
87	88
88	89
90	92
90	96
90	99
91	92
91	93
91	94
91	95
91	97
91	98
92	93
92	96
92	98
93	94
93	97
93	98
93	99
94	97
95	98
95	99
96	97
96	99
97	99
100	104
100	107
101	102
101	104
101	105
101	106
101	108
101	109
102	103
102	105
102	107
102	108
102	109
102	111
103	104
103	106
103	107
103	108
104	105
104	107
104	109
105	108
105	109
106	107
106	109
106	110
106	111
107	110
108	109
108	110
108	111
109	110
109	111
110	111
112	113
112	115
112	116
112	117
112	121
112	122
113	114
113	115
113	118
113	119
114	116
114	119
114	120
114	121
115	117
115	118
115	119
115	121
115	122
116	119
116	120
117	118
117	120
117	121
117	122
118	121
119	120
120	121
121	122
123	124
123	125
123	126
123	127
123	128
123	129
123	130
123	131
123	132
124	125
124	126
124	130
124	131
124	132
125	127
125	131
126	127
126	128
126	129
126	132
127	128
127	132
128	129
128	130
128	131
128	132
129	130
129	131
129	132
130	131
130	132
131	132
133	134
133	138
133	139
133	140
133	141
133	142
134	135
134	136
134	137
134	138
134	141
134	142
134	143
135	142
136	137
136	138
136	139
136	141
136	142
136	143
137	138
137	139
137	142
138	139
138	140
138	143
139	140
139	141
139	143
140	143
141	143
144	146
144	147
144	148
144	149
144	151
145	146
145	148
145	150
145	151
145	152
146	148
146	149
146	150
146	151
147	148
147	149
147	150
147	151
148	149
148	152
149	150
149	152
150	151
150	152
151	152
153	154
153	157
153	158
153	159
153	160
153	161
154	155
154	157
154	158
154	159
154	161
154	162
155	157
155	160
155	162
156	158
156	162
157	159
157	161
158	160
159	160
159	161
160	162
161	162
163	168
163	169
163	170
163	172
164	165
164	168
164	169
164	171
165	166
165	167
165	168
165	169
165	170
165	173
165	174
166	167
166	169
167	168
167	169
167	170
167	171
167	173
168	169
168	170
168	173
169	170
169	171
169	172
169	173
169	174
170	173
171	172
171	173
173	174
175	176
175	177
175	178
175	180
175	181
175	183
175	185
176	177
176	179
176	181
176	182
176	183
176	184
176	185
177	178
177	179
177	180
177	181
177	185
178	179
178	182
179	180
179	182
179	183
179	184
179	185
180	182
180	183
180	184
181	183
181	184
182	183
182	185
183	184
183	185
186	189
186	190
186	194
186	195
187	188
187	189
187	191
187	193
187	194
187	196
188	189
188	192
188	195
188	196
189	191
189	193
189	194
189	195
189	196
190	192
190	193
190	194
190	196
191	192
191	194
191	195
192	193
192	195
192	196
193	194
193	196
195	196
197	199
197	203
197	205
197	206
198	199
198	200
198	202
198	203
198	204
198	205
198	206
199	200
199	202
199	203
199	206
200	201
200	203
200	204
201	202
201	205
201	206
202	204
202	205
202	206
203	204
203	205
203	206
204	205
204	206
205	206
207	208
207	209
207	215
207	216
207	217
208	213
208	214
208	216
208	217
209	210
209	213
209	214
209	215
210	211
210	213
210	214
210	215
210	216
210	217
211	213
211	216
211	217
212	213
212	215
212	216
212	217
213	215
213	216
213	217
215	216
215	217
