\\ machines
7
\\ max power
70
\\ Jobs in machine 1
11
J1	14	7	10	8	1.2439673793874086
J2	14	2	104	7	1.6328977415342385
J3	14	12	107	17	1.8429195068258948
J4	15	3	35	16	1.251443461211307
J5	14	9	73	9	0.39341114875561567
J6	14	14	56	4	1.6905984568008574
J7	14	1	6	13	1.2693023728484087
J8	15	8	42	5	2.438005328380185
J9	14	10	102	10	0.1
J10	14	1	81	5	0.7235448490791756
J11	16	1	48	15	0.9751044889435
\\ Jobs in machine 2
9
J12	16	2	89	4	0.5404354823604902
J13	16	9	2	10	0.602530176097637
J14	16	9	46	3	1.2130912600325734
J15	15	1	39	13	1.2876970657206261
J16	16	1	43	15	1.7233772963864498
J17	15	5	76	2	1.7223314420965514
J18	13	11	55	7	1.3039102214727099
J19	14	8	46	5	0.8318234044674144
J20	15	8	79	17	1.3518583775465212
\\ Jobs in machine 3
12
J21	12	8	11	5	0.7794117322620867
J22	15	3	26	10	2.1119464771005005
J23	14	11	105	12	1.667292251076896
J24	14	3	62	13	0.7894853661480757
J25	13	4	6	10	0.8494951809954185
J26	16	9	110	1	1.2934554029201628
J27	16	3	61	11	1.1477104988861935
J28	13	14	25	3	1.422222662752569
J29	15	10	28	15	0.8119935100908484
J30	12	2	82	13	0.6898944613044
J31	15	8	59	5	1.348625659089244
J32	14	1	89	15	1.0274934170722596
\\ Jobs in machine 4
10
J33	14	12	68	10	0.43220862981765185
J34	14	4	45	8	1.4781241729400643
J35	14	5	33	2	1.9949614098434
J36	15	2	76	3	1.8010189067498925
J37	14	5	76	17	1.830032835830407
J38	15	2	103	7	1.4228723050715455
J39	15	13	49	7	1.6685057553877194
J40	14	13	107	18	1.7669268596698995
J41	14	13	20	6	1.1471436637651833
J42	16	1	67	15	0.9452514753404383
\\ Jobs in machine 5
11
J43	15	13	40	4	1.7667406214566106
J44	17	3	7	13	1.374340348494977
J45	13	8	79	16	1.4731408624956093
J46	14	1	3	2	1.0254923349435474
J47	16	14	60	16	1.4827123256368624
J48	14	12	39	12	1.9497902214243503
J49	14	7	58	12	1.0022691926520673
J50	14	11	108	14	1.6381890887794823
J51	13	7	14	10	1.133799822615704
J52	13	1	33	11	0.6382515085774624
J53	14	2	53	9	0.942636262016343
\\ Jobs in machine 6
9
J54	14	1	104	3	1.5165523416560416
J55	13	14	20	6	1.6630337911719293
J56	13	6	27	4	0.3344643650810878
J57	14	4	7	12	0.1
J58	15	6	87	4	0.4699548234184895
J59	14	3	80	1	1.431106222731428
J60	15	4	76	3	1.5253621998267004
J61	16	2	45	7	1.1544700264412553
J62	14	2	27	2	0.6016772153042819
\\ Jobs in machine 7
13
J63	15	14	105	4	2.1324710913023686
J64	16	9	38	4	2.221218260812811
J65	13	8	93	6	0.5167367460300816
J66	14	4	14	9	0.9676933504034025
J67	15	8	90	17	0.8893450555195093
J68	15	8	14	16	1.3072868601238747
J69	13	8	35	12	1.007227203840925
J70	15	8	24	10	1.2347088194373375
J71	15	1	28	2	0.8506156567482559
J72	15	12	96	15	1.552332433038884
J73	14	10	92	8	0.1
J74	13	7	80	10	0.7599577310315595
J75	15	7	72	16	1.7904776416300212
\\ Dependencies 
339
1	2
1	3
1	4
1	5
1	6
1	7
1	8
1	10
2	3
2	4
2	5
2	6
2	7
2	8
2	9
2	10
2	11
3	4
3	5
3	6
3	7
3	8
3	9
3	10
3	11
4	5
4	6
4	7
4	8
4	9
4	10
4	11
5	6
5	7
5	8
5	9
5	10
6	7
6	8
6	9
6	10
6	11
7	8
7	9
7	10
7	11
8	9
8	10
8	11
9	10
9	11
10	11
12	13
12	14
12	15
12	16
12	17
12	18
12	19
12	20
13	15
13	16
13	17
13	18
13	19
14	15
14	16
14	17
14	18
14	19
14	20
15	16
15	17
15	18
15	19
16	17
16	18
16	19
16	20
17	19
17	20
18	19
18	20
19	20
21	22
21	23
21	24
21	25
21	27
21	28
21	29
21	30
21	31
21	32
22	23
22	24
22	25
22	26
22	27
22	28
22	29
22	30
22	31
22	32
23	24
23	25
23	26
23	27
23	30
23	31
23	32
24	25
24	26
24	27
24	29
24	30
24	32
25	27
25	28
25	29
25	31
25	32
26	27
26	28
26	29
26	30
26	31
26	32
27	28
27	29
27	30
27	31
27	32
28	29
28	30
28	31
28	32
29	30
29	31
31	32
33	36
33	37
33	38
33	39
33	40
33	41
33	42
34	35
34	37
34	38
34	39
34	40
34	41
34	42
35	36
35	37
35	38
35	39
35	40
35	41
35	42
36	37
36	38
36	39
36	40
36	41
36	42
37	38
37	39
37	40
37	41
37	42
38	39
38	40
38	41
39	40
39	41
39	42
40	42
41	42
43	44
43	45
43	46
43	47
43	48
43	49
43	50
43	51
43	52
43	53
44	45
44	47
44	48
44	49
44	50
44	51
44	52
44	53
45	46
45	47
45	48
45	49
45	50
45	51
45	52
46	47
46	48
46	49
46	50
46	51
46	52
46	53
47	48
47	49
47	50
47	51
47	52
48	49
48	50
48	51
48	52
48	53
49	52
49	53
50	51
50	52
50	53
51	52
51	53
52	53
54	55
54	56
54	58
54	59
54	60
54	61
54	62
55	56
55	57
55	58
55	59
55	60
55	61
55	62
56	57
56	58
56	59
56	60
56	61
56	62
57	58
57	59
57	60
57	61
57	62
58	59
58	60
58	61
58	62
59	60
59	61
59	62
60	61
60	62
61	62
63	64
63	65
63	66
63	67
63	69
63	71
63	72
63	73
63	74
63	75
64	65
64	66
64	67
64	68
64	69
64	70
64	71
64	72
64	74
64	75
65	66
65	67
65	68
65	69
65	70
65	71
65	72
65	73
65	74
65	75
66	67
66	68
66	69
66	70
66	71
66	72
66	73
66	74
66	75
67	68
67	69
67	70
67	71
67	72
67	73
67	74
67	75
68	69
68	71
68	72
68	73
68	74
68	75
69	70
69	71
69	72
69	73
69	74
69	75
70	71
70	72
70	73
70	74
70	75
71	72
71	73
71	74
71	75
72	73
72	74
72	75
73	74
73	75
74	75
