\\ machines
9
\\ max power
90
\\ Jobs in machine 1
10
J1	14	3	91	29	1.681501676738841
J2	13	3	75	14	1.47679328346302
J3	14	8	87	14	1.3095194670180375
J4	15	4	103	36	1.582135917039986
J5	15	3	50	17	1.9749229013843932
J6	13	11	18	39	1.4467582693297305
J7	14	13	102	42	1.0902733793212303
J8	16	2	82	37	0.1
J9	15	13	46	17	2.407933710683542
J10	14	12	86	29	0.7977416772184187
\\ Jobs in machine 2
11
J11	13	2	97	16	1.395403437878972
J12	16	6	77	16	0.6132373489979288
J13	16	11	73	33	0.45605554959283934
J14	15	8	37	39	1.620709307564923
J15	16	13	41	30	1.2320662825982864
J16	15	11	95	18	1.2160706602261084
J17	13	2	101	7	1.8743648884029713
J18	15	8	102	17	1.113732327535967
J19	15	6	56	18	1.5785377573002826
J20	15	9	62	29	2.535890627954413
J21	15	5	71	12	1.882460592539394
\\ Jobs in machine 3
10
J22	13	6	83	16	1.5555493636055964
J23	14	4	56	25	1.0047763484221177
J24	15	8	95	29	0.9631558972935307
J25	15	12	47	36	1.6010958001901399
J26	15	1	52	28	0.5867893066856307
J27	15	12	32	5	1.5294756861092733
J28	15	9	14	36	1.4458192507744994
J29	14	10	49	35	1.1247251938736673
J30	15	9	12	14	0.49761248495905064
J31	14	8	65	25	0.9671331873165662
\\ Jobs in machine 4
9
J32	16	3	36	28	1.0627912369397226
J33	14	14	61	20	1.5244191098132225
J34	13	10	3	7	1.3883479158236445
J35	14	1	110	21	1.8924621809828128
J36	14	5	97	41	1.2629572600947485
J37	15	6	23	31	1.3579175696129064
J38	17	1	92	41	1.6337900515297565
J39	15	2	48	18	0.9501391716806137
J40	13	4	5	5	1.5093038935809935
\\ Jobs in machine 5
11
J41	14	8	54	29	0.23167454548949218
J42	15	11	72	39	1.6678869074878762
J43	15	1	62	5	0.7983997037338327
J44	14	7	12	6	1.8849843883556858
J45	14	13	89	41	1.1948151440194124
J46	14	12	2	10	0.6341050114946853
J47	14	14	81	3	1.1611113876556227
J48	16	5	37	14	1.101737545391488
J49	15	9	15	20	1.1034720169469527
J50	14	10	45	11	0.7457282731348442
J51	14	9	5	9	0.6139350234370544
\\ Jobs in machine 6
11
J52	15	1	59	7	1.2929524788937914
J53	13	9	27	45	1.0060947684397938
J54	15	3	39	20	0.8650447123625136
J55	15	8	17	6	1.062278638846837
J56	15	14	29	10	1.9429770830087134
J57	15	8	15	38	1.0819452161781782
J58	15	14	92	31	1.5333073541593412
J59	16	9	29	8	1.1013980244924997
J60	14	5	92	33	1.7867030863082505
J61	15	2	78	36	0.790136316133195
J62	14	10	103	34	1.6747404625139457
\\ Jobs in machine 7
11
J63	15	9	48	26	0.8569489873477101
J64	14	7	77	11	1.9034707710687346
J65	15	6	10	25	1.3242508572314986
J66	14	2	19	28	1.4667615136696195
J67	15	8	28	18	2.078879358659434
J68	13	1	85	35	0.8683993339394006
J69	15	8	45	14	0.8902753562430308
J70	15	10	89	27	1.147337983615034
J71	13	2	45	34	1.1710613461210617
J72	14	4	12	29	0.5939971907450988
J73	14	7	70	12	0.9861173615987103
\\ Jobs in machine 8
10
J74	14	3	107	11	1.134319079835133
J75	15	11	75	14	0.7818919053499844
J76	15	7	39	11	0.8272468563346453
J77	14	2	108	28	1.7190482818430866
J78	15	1	20	31	1.1051773166985503
J79	16	1	49	22	1.5530675466699608
J80	11	8	85	24	1.2212686990823791
J81	15	8	64	37	1.914646937126927
J82	14	3	39	15	2.2772771896125032
J83	14	9	26	26	1.0958408205877743
\\ Jobs in machine 9
12
J84	15	6	99	37	1.2613495247668205
J85	13	7	59	29	1.2764157731689938
J86	13	13	32	19	1.057831435635245
J87	14	14	54	29	1.081164335444066
J88	14	14	21	34	2.409227685932154
J89	13	11	19	20	1.6505683468417898
J90	15	3	36	22	1.2370555362139972
J91	14	4	47	2	1.117005622695608
J92	16	13	96	21	1.408855190035241
J93	14	11	72	34	0.6938181153236845
J94	16	3	8	22	1.010193070073315
J95	14	14	8	37	1.0387507556720854
\\ Dependencies 
99
1	2
1	6
2	6
3	5
3	6
3	7
3	9
4	7
5	6
6	7
6	10
8	9
9	10
11	13
12	13
12	16
13	17
13	21
14	16
16	17
16	18
16	21
18	21
22	28
23	28
23	31
24	26
24	28
26	28
26	31
28	30
29	30
29	31
30	31
32	33
32	37
32	38
34	36
34	39
34	40
35	37
38	39
41	42
41	49
41	51
42	49
43	45
43	47
44	48
45	51
46	47
47	49
48	51
52	54
52	57
52	60
53	54
53	61
54	61
55	56
55	58
57	62
58	59
58	60
63	65
63	67
64	65
65	67
65	71
65	73
66	72
67	68
67	72
68	69
74	78
74	80
74	83
75	77
75	79
75	81
75	82
76	77
76	78
76	79
77	83
78	83
79	80
80	82
84	95
85	86
85	95
86	87
86	89
86	92
86	95
87	91
87	94
88	95
91	92
