\\ machines
15
\\ max power
150
\\ Jobs in machine 1
12
J1	14	4	77	15	0.4533174683374571
J2	13	7	25	18	1.1641893641370102
J3	15	7	96	22	1.6470193296286844
J4	15	1	102	11	2.903327408575856
J5	14	6	104	25	1.266049157888897
J6	15	5	90	36	1.6163602116791225
J7	16	10	20	17	1.6541477781783969
J8	15	6	15	7	0.8948656762685934
J9	14	10	70	1	1.240160435587735
J10	13	3	36	17	0.9060313874475119
J11	14	8	96	8	1.1565624791024012
J12	15	4	93	32	1.3002472956397368
\\ Jobs in machine 2
11
J13	14	5	97	27	1.9302651162556321
J14	13	12	2	22	0.7207886642367662
J15	16	11	23	15	1.608924488809568
J16	13	11	46	22	2.12185701797129
J17	13	13	13	2	1.1281443351077514
J18	17	12	54	9	0.8698061124588008
J19	13	14	74	21	0.7656235804004401
J20	14	2	63	13	1.602393382968736
J21	17	14	73	35	1.323435989830793
J22	15	5	98	11	1.3461881739620274
J23	15	1	86	23	1.1493935596421454
\\ Jobs in machine 3
12
J24	17	4	70	26	1.5322074778908212
J25	14	9	10	17	1.5116319930510405
J26	14	13	14	25	0.6299143903217096
J27	14	9	65	15	0.8693942500406082
J28	15	4	45	24	1.6452455671588146
J29	14	4	17	32	0.8859823271682521
J30	14	4	42	18	2.1879678803832325
J31	13	9	94	8	1.0957019030484518
J32	14	1	73	24	1.0074097586707482
J33	13	1	57	18	1.7976437552727051
J34	15	5	39	30	0.2850536140768064
J35	13	7	99	13	0.6057816747425897
\\ Jobs in machine 4
11
J36	15	11	25	37	1.0461807398811396
J37	14	6	68	6	0.5319656591246215
J38	15	11	69	17	1.2687699683128295
J39	16	3	73	9	0.4697336925921973
J40	15	7	61	10	1.6836981666571251
J41	14	5	88	32	0.8655632574788634
J42	14	2	48	19	1.1492360238836368
J43	12	3	84	9	1.2194442636322347
J44	12	5	21	38	1.2245023445781391
J45	13	5	25	9	0.8420293118441344
J46	15	9	21	35	1.5134378700836977
\\ Jobs in machine 5
13
J47	13	14	25	25	1.3509374867476267
J48	14	2	56	7	1.4880977992447908
J49	14	7	38	28	0.8137459705180945
J50	13	3	103	12	1.617289818654354
J51	15	4	108	38	1.0432367524869113
J52	15	7	86	2	0.1
J53	15	12	107	8	0.1
J54	14	5	14	26	1.2094788618901335
J55	14	5	64	4	1.3958212332583575
J56	14	2	78	3	1.2320382730775106
J57	16	2	9	6	1.8020438517246034
J58	15	1	90	6	1.625701406798708
J59	15	3	87	29	1.3793803096184267
\\ Jobs in machine 6
11
J60	14	3	49	31	0.88985258322379
J61	17	10	105	30	1.3457995387344475
J62	14	9	38	19	0.6651066256734642
J63	16	4	86	20	0.9988564645743945
J64	14	11	22	29	1.1183698341021924
J65	15	7	35	27	0.34545804355286824
J66	15	8	29	12	1.4193015557266486
J67	12	3	89	21	0.5382691546987689
J68	14	11	94	22	1.304508785057329
J69	13	13	23	14	1.3465389826998266
J70	14	8	18	3	1.3055564160527104
\\ Jobs in machine 7
11
J71	15	13	93	37	0.2005614205418902
J72	15	9	30	23	1.253564631469033
J73	15	13	85	35	1.0560832897128838
J74	14	2	73	18	1.4496458851307048
J75	14	5	103	34	1.0836232807638169
J76	16	8	69	9	1.128750882046635
J77	15	11	4	1	1.5996134999610891
J78	14	12	18	8	1.7242095316759178
J79	14	12	18	4	1.3241278400707366
J80	16	1	94	12	1.4758584976743714
J81	15	3	45	29	0.6357594822200178
\\ Jobs in machine 8
11
J82	13	8	104	30	1.2867791705030944
J83	15	7	41	17	1.4883724816429862
J84	13	6	98	22	0.8201824864934271
J85	14	14	43	33	1.2434565851479362
J86	15	11	20	31	1.4351262994873344
J87	11	4	17	30	1.2409390051782319
J88	16	7	39	1	0.30749263548296035
J89	13	12	45	21	1.9123209594121975
J90	13	9	24	31	0.3246219243805307
J91	15	10	30	36	1.072645469308663
J92	14	2	16	18	1.3313637591183234
\\ Jobs in machine 9
13
J93	14	14	62	15	1.5325030096807584
J94	16	3	51	11	0.7888137660275003
J95	14	6	50	28	1.496548750274503
J96	13	6	2	11	0.2733421707817233
J97	14	5	56	16	0.4041007092246397
J98	16	12	30	13	1.188733007760034
J99	14	3	79	9	0.5602864485824479
J100	15	9	109	20	1.7072820770598423
J101	14	2	7	14	1.4431876749718502
J102	14	12	64	9	1.181222206298984
J103	14	8	74	17	0.1
J104	15	10	44	22	0.9485120124974515
J105	13	4	70	29	1.406661106039652
\\ Jobs in machine 10
9
J106	15	1	56	7	1.640207198242797
J107	13	3	76	26	2.0744405497824197
J108	14	11	59	10	1.1719393384906238
J109	14	9	75	7	0.9360228809835064
J110	14	13	3	14	1.2515481709025136
J111	15	12	98	36	2.419396872164425
J112	14	12	99	36	1.3039516163667728
J113	13	9	85	7	1.8789698665045584
J114	15	6	22	10	1.5026366066059462
\\ Jobs in machine 11
10
J115	14	8	100	13	1.8146239873314451
J116	15	13	35	8	2.0826478730189173
J117	18	1	45	30	0.8545254230678523
J118	14	11	45	19	0.9492347880565868
J119	15	8	49	13	0.8396921259639694
J120	13	11	100	2	0.8775411057628593
J121	15	1	75	34	0.6375184190988821
J122	14	9	72	20	1.3761452595278394
J123	16	7	105	25	1.0958903311760795
J124	14	2	39	7	0.581251717998525
\\ Jobs in machine 12
11
J125	14	4	62	29	1.37836390730602
J126	15	7	83	13	1.5385119359214525
J127	15	1	108	17	1.4079435391369313
J128	14	2	80	2	1.0164020865451158
J129	13	8	53	8	1.8400242386984331
J130	14	6	71	36	1.53535864757309
J131	16	7	31	17	1.1859818665829036
J132	13	9	8	18	0.5710836886879572
J133	14	14	109	24	1.0969366535226475
J134	13	10	56	37	0.44392726135694793
J135	14	3	85	33	0.6649163359875286
\\ Jobs in machine 13
10
J136	16	8	26	34	1.4031379621963043
J137	15	5	100	27	1.5453786772014833
J138	14	11	88	1	1.7870736230201327
J139	15	1	28	25	1.1087846322643966
J140	16	10	98	11	2.048565463065095
J141	15	1	39	3	1.360204059451809
J142	15	6	77	35	1.2560442513963614
J143	15	7	59	3	1.9466756086557648
J144	14	7	33	2	1.4464163966272587
J145	14	3	77	32	1.3501597635656866
\\ Jobs in machine 14
13
J146	15	2	106	31	1.0668813132819914
J147	16	11	77	1	1.1029619951438892
J148	15	10	76	32	0.18714072888182032
J149	14	8	30	36	1.6530447076824912
J150	14	1	14	22	1.679065472893795
J151	13	7	85	12	1.8926202999781339
J152	14	6	75	8	1.3726924091796733
J153	15	12	3	36	1.4176393274895331
J154	15	12	45	11	1.8808114512784275
J155	13	14	74	19	1.2501775370436017
J156	15	5	54	18	1.3767501130952517
J157	14	5	10	22	0.8374539213107224
J158	15	11	88	22	1.407477571292061
\\ Jobs in machine 15
11
J159	16	11	69	33	0.9890707482025722
J160	13	8	26	17	1.4951474709240187
J161	16	3	91	4	0.9929927844002568
J162	14	7	32	38	0.6271216337773031
J163	15	12	69	32	1.7096414891192548
J164	15	10	97	6	1.328190864912128
J165	14	3	18	17	0.951179287379917
J166	16	5	6	4	0.1
J167	15	12	26	27	1.139401124712862
J168	17	8	88	4	1.2138792234472249
J169	15	13	99	32	1.3440965343013902
\\ Dependencies 
337
1	2
1	7
1	8
2	3
2	6
2	7
2	9
3	5
3	9
4	5
4	6
4	7
4	9
4	10
5	6
5	9
5	12
6	7
6	8
6	10
6	11
7	11
7	12
8	10
8	11
8	12
9	11
13	17
13	18
13	20
13	21
14	15
14	23
15	18
15	19
15	22
16	18
16	20
16	23
17	18
17	19
18	19
19	23
20	21
21	22
21	23
24	25
24	32
24	35
25	26
25	29
25	30
25	31
25	32
25	33
25	35
26	27
26	28
26	29
26	30
26	31
26	34
27	28
27	31
27	32
27	33
29	31
29	33
29	35
30	31
31	34
32	35
36	37
36	41
36	44
37	38
37	39
37	42
37	45
38	39
38	42
38	43
38	45
38	46
39	44
39	45
40	43
40	44
40	45
40	46
41	42
42	45
43	45
44	45
47	49
47	53
47	54
47	58
47	59
48	50
48	51
48	52
48	53
48	59
49	58
49	59
50	51
50	53
50	55
50	56
50	58
51	55
51	56
51	57
51	59
52	55
52	56
52	57
52	59
53	56
53	57
54	55
54	56
54	59
55	56
55	58
55	59
60	66
60	67
61	63
61	64
61	66
61	67
61	69
62	64
62	65
62	68
63	65
63	67
63	70
64	69
65	68
65	69
65	70
66	67
66	70
67	70
68	70
69	70
71	72
71	79
72	73
72	74
72	75
72	81
73	77
73	79
73	80
74	79
75	79
75	81
76	81
77	81
78	79
80	81
82	85
82	88
82	91
83	84
83	86
83	88
83	90
83	91
84	86
84	87
84	90
84	91
85	88
85	89
85	90
86	90
86	92
87	89
87	91
87	92
88	89
89	92
90	92
91	92
93	96
93	99
93	102
93	105
94	96
94	100
94	101
94	105
95	99
95	101
96	97
96	98
96	100
96	102
97	98
97	99
97	104
98	100
98	101
98	105
100	102
100	103
101	102
101	104
101	105
102	103
102	104
103	104
103	105
106	110
107	109
107	110
107	111
108	112
108	113
109	112
109	114
110	114
111	112
115	120
115	124
116	122
116	123
116	124
117	119
117	120
117	123
118	124
119	120
119	121
120	122
120	123
121	122
125	128
125	130
125	133
125	134
126	127
126	128
126	132
126	133
127	128
127	131
128	131
129	132
130	133
131	132
131	134
136	137
136	140
136	142
137	138
137	139
137	140
137	141
137	142
137	143
137	144
138	140
138	141
138	142
139	143
140	141
140	143
141	142
141	144
141	145
142	145
143	144
144	145
146	147
146	149
146	152
146	155
146	156
146	158
147	148
147	153
147	157
147	158
148	152
148	154
148	157
149	150
149	151
149	153
149	155
150	151
150	153
150	154
150	155
150	156
150	157
151	155
151	157
151	158
152	153
152	154
153	154
154	155
154	156
154	157
155	157
156	158
157	158
159	163
159	164
159	165
159	168
160	161
160	162
160	166
160	167
161	162
161	163
161	167
161	169
162	165
162	166
162	168
163	168
163	169
164	165
165	167
165	168
166	168
167	168
168	169
