\\ machines
25
\\ max power
250
\\ Jobs in machine 1
11
J1	14	2	59	70	0.8339605517445805
J2	16	10	104	31	2.3227103030062004
J3	16	1	26	21	1.8666701074736918
J4	13	8	80	47	1.981284140946236
J5	14	8	98	15	0.47668300477695214
J6	14	4	82	21	1.2866744270545527
J7	15	7	89	12	1.858385243740235
J8	16	12	43	14	1.7258174963387922
J9	15	2	94	123	0.2922033225630677
J10	13	14	44	61	0.9887818345444453
J11	15	14	76	45	2.241873580000191
\\ Jobs in machine 2
13
J12	16	10	67	35	0.625828479366927
J13	14	6	31	89	1.1410713772303542
J14	16	14	93	17	1.0535719783668223
J15	16	1	104	22	1.5973462512526029
J16	13	2	58	85	1.5987203123810383
J17	14	4	56	85	1.0252503909963404
J18	15	4	47	34	0.9019661054532597
J19	16	8	20	85	0.5467107402355915
J20	13	3	71	81	1.2623087678542522
J21	15	2	84	40	0.44480466612899816
J22	16	12	98	109	0.9216421120186971
J23	16	1	93	49	1.6338084142960414
J24	15	7	37	64	2.24849880330632
\\ Jobs in machine 3
10
J25	11	2	79	44	1.152316864174731
J26	14	3	39	41	0.7099647565143783
J27	15	10	81	54	1.3568615336973697
J28	13	13	38	62	2.1272455123683205
J29	15	2	56	77	1.1597025625267514
J30	14	11	47	26	1.3649793600199174
J31	13	4	2	106	1.7506247856478554
J32	14	14	91	80	1.6213233224457737
J33	14	5	45	51	1.0023050032711494
J34	15	8	98	29	1.3974469946339962
\\ Jobs in machine 4
9
J35	15	4	3	11	1.9239559946418567
J36	14	10	22	100	1.0698468530207668
J37	13	11	106	80	1.8285356105670505
J38	14	11	105	55	0.1
J39	14	8	42	39	0.8978381861414529
J40	14	1	66	91	2.237482110088372
J41	15	13	98	89	1.209156928815109
J42	14	8	37	74	2.134851521529681
J43	14	10	88	99	1.2788225160243247
\\ Jobs in machine 5
10
J44	15	3	15	45	0.9519143163155226
J45	13	10	110	1	1.733942707472838
J46	13	2	96	55	1.0300650673218466
J47	14	6	62	12	0.8277266962200849
J48	16	5	4	17	1.1649030495605028
J49	15	11	102	68	1.9238867093077183
J50	15	7	59	21	1.6225934058056344
J51	13	4	59	20	1.8626175381176955
J52	15	2	8	8	1.960354928655694
J53	16	11	92	46	1.2038324434862413
\\ Jobs in machine 6
10
J54	15	5	61	125	1.9417607992276502
J55	15	5	83	26	0.6457986283735128
J56	16	5	83	45	2.1542476952310814
J57	15	8	69	57	1.4889176154661024
J58	15	9	9	18	1.0269728626109154
J59	12	8	104	22	0.6533533738924129
J60	15	10	23	112	0.3122337898974902
J61	15	1	46	46	1.7024894870008358
J62	12	8	65	19	0.736835772288509
J63	16	2	22	88	0.3982980352205546
\\ Jobs in machine 7
12
J64	14	13	101	60	0.5818085165777348
J65	15	4	36	107	0.754280922195752
J66	14	6	55	26	0.9912341028014744
J67	13	9	55	123	0.8170743218000831
J68	14	11	76	40	1.3061489495688985
J69	14	4	28	70	0.7014001679630515
J70	15	1	109	122	0.8729479901540357
J71	13	13	73	75	1.9820868282046522
J72	16	14	89	45	1.2310160601545708
J73	14	5	34	25	1.2320342548804764
J74	14	7	58	3	1.2619287211279737
J75	14	14	96	7	1.1577482014002747
\\ Jobs in machine 8
11
J76	14	11	97	61	0.7658424697214208
J77	17	2	6	73	1.9514371470619785
J78	14	11	37	31	1.784500774030651
J79	14	7	4	92	1.6377980966350536
J80	14	4	72	13	0.5425257981395674
J81	16	12	5	122	0.814606021944394
J82	14	6	96	20	0.9406543845335695
J83	13	11	9	11	1.8058015997199046
J84	15	9	3	5	1.1111573269381485
J85	15	7	48	65	0.5743054135072446
J86	16	4	101	125	1.8257010332912942
\\ Jobs in machine 9
10
J87	15	3	94	61	0.8851805077921218
J88	15	14	98	101	0.83031141030214
J89	13	4	92	39	1.0683274575785144
J90	13	11	75	118	0.8394847703097277
J91	13	9	65	115	0.3883866081746382
J92	15	8	45	92	1.4893981211576146
J93	13	6	105	36	1.1060556300307458
J94	16	1	24	15	0.1
J95	13	10	94	114	1.1085471442456465
J96	16	14	67	102	2.1371398136125466
\\ Jobs in machine 10
11
J97	14	9	109	118	1.3400736201483818
J98	15	6	10	115	1.4665180336827464
J99	15	9	32	78	1.269218123490014
J100	15	5	24	10	1.5223362550027528
J101	14	4	54	98	0.9870556986740754
J102	16	8	104	23	1.0203003588436785
J103	14	2	107	124	2.0017845342452034
J104	13	5	51	35	0.8557567600939959
J105	14	12	109	113	0.9907398073595117
J106	15	14	96	28	2.075074679556253
J107	13	7	77	37	0.6186257010171464
\\ Jobs in machine 11
11
J108	14	14	84	32	1.755426036974953
J109	16	6	48	100	1.4187541626973663
J110	13	1	58	116	0.8139862802687385
J111	14	13	50	7	1.9959652158759509
J112	14	9	44	57	1.974747883214422
J113	16	14	94	15	1.6028691847701786
J114	13	10	73	4	0.6942266591491271
J115	16	12	19	85	1.8087651634959379
J116	13	4	84	90	1.0225587015786348
J117	14	13	29	95	2.1073752063884745
J118	14	1	34	15	1.3388355995643275
\\ Jobs in machine 12
11
J119	14	2	39	29	1.601692822972787
J120	14	14	62	59	1.016474050700505
J121	14	1	28	11	1.6819441796544086
J122	15	9	88	119	1.0861296901226116
J123	15	11	79	19	1.5583082595722055
J124	15	7	22	119	1.6419645663155051
J125	14	10	23	62	1.5274076435689583
J126	13	4	77	36	0.7183475873950915
J127	16	14	77	7	1.62946277695224
J128	15	7	24	56	1.318922572981486
J129	14	4	69	81	1.2153300490288388
\\ Jobs in machine 13
11
J130	14	11	25	101	0.8890920300355959
J131	13	13	106	88	1.7185750364554067
J132	14	7	82	101	0.8863492160890976
J133	14	14	108	90	1.6141744140271617
J134	14	2	31	101	1.252300540809892
J135	13	10	27	119	1.1005567085888384
J136	16	4	10	43	1.5679713004226006
J137	15	12	56	63	0.9152918193481028
J138	14	10	73	61	1.6540452226807147
J139	13	1	15	66	1.3537197658749016
J140	15	12	17	89	1.5523085025428673
\\ Jobs in machine 14
12
J141	13	11	7	20	1.4521540890978248
J142	13	3	55	44	1.2749109020139802
J143	15	2	49	64	1.0583995643992101
J144	14	4	85	62	1.3548177469878948
J145	15	8	56	31	1.4622914316278781
J146	15	10	33	39	0.854326849815592
J147	15	6	71	11	1.674017447413527
J148	16	1	82	6	0.7666208676582511
J149	14	14	92	113	1.2595409561543507
J150	14	5	82	53	0.15267097753008207
J151	15	1	33	4	1.0727101510611847
J152	13	10	6	102	1.372652625799148
\\ Jobs in machine 15
12
J153	15	6	70	74	1.1363780121069926
J154	14	4	41	72	1.0095986732975972
J155	15	3	50	49	1.2834597757090629
J156	14	2	60	65	0.9690021460082834
J157	15	5	54	55	1.2602502755276608
J158	14	10	39	70	0.6749852269677284
J159	12	14	14	88	0.840963736847846
J160	14	11	54	40	2.6794329823634953
J161	12	5	49	91	0.8816582190936388
J162	14	10	34	8	0.5866620860553925
J163	13	13	62	56	1.6302862169883123
J164	15	6	56	116	1.1614439501263027
\\ Jobs in machine 16
13
J165	14	4	75	47	1.2592352003535383
J166	16	12	101	9	1.7758384420868123
J167	15	12	59	64	0.9384188267627185
J168	16	9	107	42	1.4365357864174422
J169	15	4	88	29	0.7201805422596952
J170	16	4	69	3	1.5676153194580587
J171	15	14	89	42	0.7023840813710476
J172	15	8	22	93	1.507957552685758
J173	16	5	18	61	1.8386383454166415
J174	14	2	70	16	0.5556393915460367
J175	14	11	46	24	0.4351650090280046
J176	16	3	48	84	1.8025193877069585
J177	14	1	77	31	0.9830103528391473
\\ Jobs in machine 17
12
J178	14	3	12	105	1.0475009443056076
J179	14	10	64	54	1.1483121217582424
J180	15	5	72	10	1.840776997984774
J181	13	5	74	99	1.3409585442201484
J182	15	12	34	1	0.1016919893239201
J183	12	14	110	7	0.8004994890518928
J184	14	13	93	70	1.691612714098679
J185	14	14	26	82	0.9514278312905338
J186	14	4	51	122	0.7382712079593219
J187	15	9	7	57	1.6434712366678728
J188	15	8	30	2	1.943305344535983
J189	15	6	45	74	1.843462097456206
\\ Jobs in machine 18
11
J190	14	4	25	63	1.5727441741060069
J191	14	9	32	100	1.3818734606451109
J192	14	4	41	80	1.017727495691287
J193	14	8	89	1	1.621399470451176
J194	14	13	61	6	0.7573045893409938
J195	15	4	35	31	0.27350190105931915
J196	15	5	76	10	1.297525003599018
J197	14	12	108	120	0.9448395554264877
J198	14	8	15	59	1.3421919463204264
J199	15	6	6	95	1.3224247401842146
J200	15	1	53	39	0.962186998219653
\\ Jobs in machine 19
12
J201	15	6	72	92	1.295871668544137
J202	15	6	35	25	1.3844111386186555
J203	16	9	34	88	1.6030246449986167
J204	15	7	61	124	1.8717569880180671
J205	16	6	104	46	1.5943731214952437
J206	14	9	60	116	1.2085826904855954
J207	15	13	88	65	1.6874067097627692
J208	13	13	70	123	2.1631979752235417
J209	13	14	44	103	0.1102488888063271
J210	15	10	70	77	1.4568225908738646
J211	15	4	103	52	1.5173263743879462
J212	13	11	97	35	1.8030113900154907
\\ Jobs in machine 20
11
J213	13	7	13	79	1.1141776173019464
J214	13	13	42	58	1.0586442533859841
J215	15	11	46	89	1.1213486519866303
J216	14	4	19	106	0.7040703702653193
J217	15	14	25	78	1.5122914467261965
J218	16	1	93	118	0.5647941719371702
J219	15	9	53	49	1.119870740584067
J220	15	1	63	63	1.2169210972557503
J221	15	11	23	106	1.4943816901916236
J222	14	9	15	111	1.0293324761255485
J223	16	8	14	5	1.2358521905358772
\\ Jobs in machine 21
11
J224	15	5	19	70	0.5766391282548259
J225	15	8	85	95	1.5283779535233761
J226	14	5	109	28	1.8234185791003819
J227	15	11	89	34	0.8867446361802693
J228	15	11	6	63	0.5159574475188856
J229	13	10	73	110	0.9435806715885021
J230	16	6	97	111	2.214333082590187
J231	13	6	31	27	0.8777634346191309
J232	13	8	72	79	0.8198153727703275
J233	15	5	100	50	1.7577294474053828
J234	15	8	59	30	1.7940303787144023
\\ Jobs in machine 22
12
J235	13	8	43	7	1.5824897372291322
J236	17	13	88	17	1.133735433319729
J237	14	3	15	112	1.2107147001130494
J238	13	11	35	115	0.9934780162864787
J239	14	6	85	66	2.340631347064887
J240	14	11	103	28	1.0881427709274711
J241	17	7	41	40	1.4570229230490925
J242	13	14	20	42	1.1565648466855312
J243	16	1	52	75	1.3309134426315579
J244	15	10	56	43	1.9362852926911227
J245	14	8	35	123	1.627186948897036
J246	16	10	66	91	1.1855861032491692
\\ Jobs in machine 23
10
J247	14	6	12	15	1.9039125992992505
J248	14	8	80	98	1.71305283027599
J249	13	3	54	54	2.0642587101152285
J250	16	13	32	54	1.0791216161246535
J251	15	9	101	104	1.8980672323578682
J252	14	7	98	36	1.1672335422764182
J253	14	7	107	79	1.1979258147833627
J254	15	14	42	14	1.9929874436456259
J255	15	1	2	63	0.38841219418975936
J256	17	12	75	105	0.9302823176715758
\\ Jobs in machine 24
13
J257	13	4	61	46	1.463256715884797
J258	15	8	2	115	1.0105027517867917
J259	13	3	47	116	1.257807919369264
J260	14	4	53	91	1.302921003673489
J261	15	13	43	59	0.8419802737014512
J262	14	4	41	83	1.0087896832424725
J263	14	6	22	44	1.0898218781061662
J264	13	4	34	33	2.177194602640229
J265	13	13	110	1	1.039754699679638
J266	15	9	99	119	1.4972464957327931
J267	17	5	54	81	0.41421444970999755
J268	15	6	42	30	0.51000238431901
J269	15	2	36	96	0.8268092347763707
\\ Jobs in machine 25
9
J270	14	4	31	60	1.7704316261294095
J271	15	8	26	19	1.3374400572188583
J272	14	13	15	8	1.6139411913348265
J273	15	4	72	15	0.9319175455344118
J274	17	11	35	67	0.917884144181798
J275	15	5	43	42	0.884512767367192
J276	11	13	78	64	0.9508179970971475
J277	14	8	48	100	0.1
J278	15	9	6	37	1.417589225015253
\\ Dependencies 
705
1	2
1	3
1	6
1	7
1	10
1	11
2	4
2	7
2	8
2	9
2	10
3	6
3	7
3	8
3	9
3	10
4	6
5	6
5	7
5	9
5	10
6	8
6	11
7	9
7	11
8	9
8	10
8	11
9	10
10	11
12	15
12	16
12	18
12	19
12	21
12	22
12	24
13	16
13	17
13	19
13	20
13	22
13	24
14	15
14	16
14	18
14	21
14	23
14	24
15	17
15	19
15	21
15	23
16	18
16	20
16	21
16	22
16	24
17	24
18	19
18	21
18	22
18	23
18	24
19	22
19	23
20	21
20	24
25	27
25	28
25	29
25	30
25	32
25	34
26	28
26	29
26	30
26	31
26	32
26	33
26	34
27	30
27	32
27	33
27	34
28	29
28	32
29	30
29	31
29	32
29	34
30	31
30	32
30	33
30	34
31	33
31	34
32	33
32	34
33	34
35	36
35	37
35	39
35	41
35	43
36	38
36	40
36	42
36	43
37	38
37	39
37	42
38	40
38	41
38	43
39	40
39	43
40	42
40	43
41	42
42	43
44	45
44	46
44	48
44	49
44	53
45	46
45	49
45	50
45	52
45	53
46	47
46	51
46	52
46	53
47	50
47	52
48	52
48	53
49	50
49	51
49	53
50	51
50	52
51	52
52	53
54	55
54	58
54	59
54	60
54	61
54	63
55	59
55	61
55	62
56	57
56	58
56	59
56	60
56	61
56	62
56	63
57	59
57	60
57	61
58	59
58	60
58	61
58	63
59	60
59	63
60	61
61	62
61	63
62	63
64	65
64	67
64	69
64	71
64	73
64	74
64	75
65	69
65	70
65	73
65	74
66	74
67	69
67	71
67	72
67	74
68	73
68	74
69	70
69	71
69	72
69	74
70	74
70	75
71	74
71	75
72	73
73	74
73	75
74	75
76	77
76	78
76	79
76	83
76	84
76	85
77	78
77	79
77	80
77	81
77	82
77	83
77	84
78	83
78	84
78	85
79	80
79	81
79	84
80	83
80	84
80	86
81	83
81	84
81	86
82	85
83	84
83	85
83	86
84	85
85	86
87	88
87	90
87	92
87	95
88	91
88	94
88	95
88	96
89	94
90	91
90	92
90	93
91	95
92	93
92	95
92	96
93	94
93	95
93	96
94	96
97	99
97	104
97	105
97	106
97	107
98	100
98	101
98	102
98	103
98	104
99	100
99	101
99	103
99	104
99	107
100	105
101	102
101	104
101	107
102	103
102	106
103	106
103	107
104	106
105	106
105	107
108	111
108	113
108	116
109	111
109	112
109	114
109	117
109	118
110	112
110	113
110	115
110	116
111	113
111	116
112	113
112	114
112	115
112	116
112	118
113	114
113	118
115	117
115	118
119	121
119	124
119	125
119	129
120	121
120	122
120	126
120	127
120	128
121	122
121	123
121	124
121	125
121	127
122	123
122	126
122	128
122	129
123	124
123	127
123	129
124	125
124	126
124	127
124	128
125	126
125	127
125	129
126	127
126	128
126	129
127	128
130	131
130	132
130	138
130	140
131	132
131	133
131	134
131	137
131	139
132	133
132	135
132	137
132	138
133	135
133	137
133	138
134	135
134	137
134	138
134	140
135	137
135	138
135	139
135	140
136	138
136	139
137	138
137	139
138	140
139	140
141	146
141	148
141	150
141	151
141	152
142	145
142	147
142	150
143	144
143	147
143	149
144	150
145	146
145	152
146	149
146	152
148	150
149	150
150	151
153	154
153	157
153	158
153	160
153	161
153	163
153	164
154	156
154	158
154	159
154	163
154	164
155	156
155	159
155	160
155	161
155	162
155	164
156	157
156	158
156	161
156	164
157	158
157	161
157	162
157	163
157	164
158	159
158	161
158	162
159	162
159	163
160	161
160	162
160	163
160	164
161	164
162	164
163	164
165	166
165	169
165	170
165	171
165	172
165	175
165	176
166	168
166	169
166	175
166	177
167	169
167	171
167	174
167	177
168	169
168	172
168	173
168	174
168	175
169	171
170	171
170	175
170	177
171	173
171	175
172	174
172	175
172	177
174	175
174	176
174	177
175	176
175	177
178	180
178	181
178	182
178	183
178	184
178	187
178	189
179	180
179	181
179	186
179	188
179	189
180	181
180	183
180	186
180	188
181	182
181	183
181	188
181	189
182	188
183	185
183	188
184	185
184	189
185	189
187	188
187	189
190	191
190	194
190	198
190	200
191	193
191	196
191	197
191	198
191	200
192	195
192	196
192	197
192	198
192	199
193	195
193	196
193	197
194	195
194	196
194	197
194	198
195	197
195	200
196	197
196	200
197	199
199	200
201	205
201	207
201	209
201	210
201	211
201	212
202	205
202	207
202	209
202	210
202	211
203	207
203	209
203	210
204	207
204	208
204	209
204	211
204	212
205	209
205	211
205	212
206	209
206	211
208	210
209	212
211	212
213	216
213	217
213	218
213	219
213	220
213	221
213	222
214	215
214	216
214	217
214	221
215	216
215	219
215	222
216	219
216	220
217	218
217	223
218	219
218	220
218	221
218	222
219	221
219	222
220	221
220	222
220	223
221	223
222	223
224	228
224	229
224	230
224	232
224	233
224	234
225	227
225	229
225	230
225	231
225	232
225	233
225	234
226	227
226	231
226	233
227	228
227	229
227	230
227	231
228	230
228	231
229	231
229	233
229	234
230	232
233	234
235	242
236	240
236	241
236	242
237	239
237	240
237	242
237	243
237	245
238	240
238	241
238	242
238	246
239	240
239	241
239	242
239	243
239	244
240	241
240	243
240	244
240	246
241	243
242	244
242	245
242	246
243	245
243	246
244	246
247	248
247	249
247	253
247	254
247	255
247	256
248	251
248	252
248	255
248	256
249	250
249	252
249	253
249	254
249	256
250	251
250	252
250	253
251	253
252	253
252	255
253	254
253	255
254	255
254	256
255	256
257	260
257	263
257	265
257	266
257	269
258	259
258	260
258	264
258	265
258	269
259	260
259	261
259	262
259	265
259	266
259	267
259	269
260	264
260	266
260	269
261	266
261	268
261	269
262	263
262	266
262	268
263	266
263	269
264	265
264	266
264	267
264	268
264	269
265	266
265	269
266	267
266	268
266	269
267	269
270	271
270	272
270	273
270	276
271	273
271	275
271	276
271	278
272	277
273	275
273	276
274	275
275	277
277	278
