\\ machines
10
\\ max power
100
\\ Jobs in machine 1
12
J1	16	13	14	12	1.2954644557342834
J2	13	7	18	30	1.9247097584160384
J3	14	7	106	18	1.7678525071777118
J4	15	11	74	1	2.04077132588087
J5	15	4	61	13	0.8948317352008803
J6	14	5	73	9	0.6707629189852686
J7	13	7	13	36	0.8716197998034546
J8	14	5	82	20	1.1560814278784817
J9	13	2	67	6	1.351071604902408
J10	16	5	13	44	1.1362249370224113
J11	15	8	16	9	1.5599357326723442
J12	14	10	77	37	1.5707318650846818
\\ Jobs in machine 2
10
J13	14	7	24	18	0.6159366261897311
J14	14	1	91	35	2.1827135649326275
J15	14	10	32	26	1.4540452737990102
J16	15	14	29	6	1.2593965961224838
J17	15	1	102	24	1.4865148704631586
J18	16	10	35	42	1.261529646135116
J19	15	7	15	28	1.4497474081295074
J20	15	2	15	34	1.7109197620857384
J21	16	9	8	20	1.1033522239606965
J22	16	14	27	50	1.0180337483739867
\\ Jobs in machine 3
12
J23	15	11	85	39	1.3602009192211135
J24	14	6	102	7	1.5410914664338047
J25	14	7	66	15	0.9106886745408694
J26	16	2	72	3	1.446075170773177
J27	16	5	76	40	2.3946556274238198
J28	13	6	12	31	2.062176369479337
J29	14	5	55	26	0.35469996591971087
J30	14	13	101	39	2.212683942670523
J31	13	4	11	48	1.6485325981850734
J32	12	3	10	43	0.1
J33	14	4	22	9	1.7303182207922847
J34	15	4	41	2	1.1967691619807872
\\ Jobs in machine 4
10
J35	13	5	51	7	0.3399997068612822
J36	13	14	13	2	0.6446450576110798
J37	15	6	41	20	1.7430276875021649
J38	14	10	85	22	0.9317103285180073
J39	14	7	79	4	1.5183358975364616
J40	12	8	102	3	1.574319114283288
J41	14	5	40	3	0.6270920281748699
J42	14	11	77	49	0.9731623097409478
J43	13	8	94	39	0.6211134484794907
J44	16	2	22	7	1.8558292154646578
\\ Jobs in machine 5
11
J45	15	5	89	7	0.653949232806142
J46	14	1	2	14	1.5182011751851023
J47	15	1	11	14	1.662339509283828
J48	13	5	109	10	1.3444206939517618
J49	16	10	16	20	1.0572408944959566
J50	14	4	76	6	0.42854804666633295
J51	15	6	20	11	1.5610506704397733
J52	15	12	18	45	1.64193625354293
J53	15	7	102	16	0.21515933378111662
J54	14	12	62	45	1.3585952130362615
J55	13	2	68	12	1.2443844986873835
\\ Jobs in machine 6
10
J56	14	13	43	32	1.5035806326352392
J57	15	12	9	10	1.09835498028801
J58	15	1	62	13	1.4198699620052784
J59	16	1	51	11	1.3997684333783866
J60	13	10	79	14	1.8644339415035347
J61	14	10	79	13	1.3527688985287656
J62	15	12	87	3	0.800515022262589
J63	14	11	88	36	1.3806083881667703
J64	14	2	96	49	1.334648489013795
J65	17	8	24	30	0.8074634288831313
\\ Jobs in machine 7
10
J66	12	6	3	8	0.8664619542283798
J67	15	3	89	17	0.4659158717505153
J68	14	10	100	22	1.8601683331765657
J69	15	6	61	35	1.5018440356684437
J70	15	14	97	5	0.3276480443375035
J71	14	9	59	16	1.6465952590080675
J72	15	11	69	29	1.4642182951415976
J73	14	14	61	47	0.4803609459083893
J74	13	1	11	41	0.9927810195979032
J75	15	10	19	12	0.1
\\ Jobs in machine 8
10
J76	15	13	67	18	1.3832920903066261
J77	14	8	90	30	1.051296487230914
J78	15	6	20	21	0.9230650396411777
J79	15	14	69	39	1.8694511837658376
J80	13	5	16	35	1.1264180287252779
J81	13	4	69	47	1.8049393311092463
J82	14	12	103	24	1.1830842963324295
J83	14	11	32	17	1.0140963093643363
J84	15	2	72	27	1.0981457664410723
J85	13	6	38	4	1.2421181650337683
\\ Jobs in machine 9
12
J86	14	9	47	15	2.692021230000255
J87	16	2	88	50	1.6453784221173944
J88	13	1	58	10	1.507474896186428
J89	15	7	9	48	0.1
J90	14	8	89	22	1.601995983377714
J91	14	2	30	28	1.2063727353584268
J92	14	9	15	27	2.0720494187914626
J93	14	14	64	1	1.6757045172058695
J94	15	5	99	40	0.9613508323936507
J95	13	6	28	50	0.6389123115075569
J96	15	8	57	40	1.1209517343534563
J97	12	1	67	19	0.2665661366693104
\\ Jobs in machine 10
11
J98	13	1	31	21	1.2416799762984367
J99	15	11	23	19	1.7022611140489268
J100	13	10	22	15	1.1447305719454386
J101	15	9	57	42	2.6165873408422913
J102	16	1	63	46	1.8096338712960531
J103	13	9	58	23	0.7463014937979805
J104	15	7	86	32	1.0503087786382226
J105	14	13	13	27	0.1
J106	14	11	84	50	1.1055210662538584
J107	15	5	109	22	1.632599357362608
J108	14	6	85	36	1.8586125433341756
\\ Dependencies 
177
1	3
1	4
1	8
1	9
1	11
2	4
2	8
2	11
2	12
3	4
3	6
3	10
4	5
4	6
6	11
7	8
7	11
8	10
9	11
13	14
13	17
13	20
13	22
14	15
14	18
14	19
14	21
16	17
18	19
19	20
20	21
21	22
23	26
23	31
23	32
24	32
24	33
24	34
25	26
25	32
25	33
26	27
26	33
28	30
28	32
28	33
29	30
29	31
29	34
30	31
30	33
30	34
31	34
35	37
35	43
36	37
36	41
37	38
37	39
37	44
38	39
38	41
40	42
40	44
41	42
41	43
41	44
42	43
45	51
45	52
45	53
45	54
46	47
46	51
46	53
46	54
47	50
47	53
48	52
48	55
49	53
49	54
50	52
51	52
52	53
52	55
53	54
57	58
57	59
57	60
57	63
57	64
58	62
59	60
59	62
59	64
60	61
60	64
61	62
61	64
62	64
62	65
63	64
66	68
66	69
66	73
67	69
67	71
67	74
68	73
68	74
69	72
69	73
70	73
70	74
70	75
71	74
71	75
72	73
73	75
74	75
76	81
77	78
77	82
77	84
78	84
81	82
81	84
82	83
83	84
84	85
86	88
86	90
87	91
87	93
87	96
87	97
88	90
88	91
88	92
89	90
89	91
89	95
89	97
90	92
90	96
91	92
91	95
92	94
92	97
93	96
93	97
95	96
95	97
98	101
98	105
98	108
99	100
99	102
99	104
99	106
99	107
99	108
100	102
100	105
100	107
101	102
101	106
102	106
102	107
103	106
103	107
103	108
104	107
106	107
106	108
107	108
