\\ machines
4
\\ max power
40
\\ Jobs in machine 1
12
J1	15	1	48	7	1.3412362760683014
J2	14	2	41	8	0.8573237783727414
J3	13	4	4	8	1.4053778293065475
J4	15	5	53	16	0.8859002690830801
J5	15	8	98	6	0.9553029027048806
J6	15	13	26	14	1.504593716482629
J7	16	4	104	11	1.1402632941970414
J8	13	2	110	16	1.6626913874230813
J9	14	12	67	16	0.3580918090655941
J10	14	2	47	7	1.09550458071844
J11	15	2	80	4	1.7090299495410175
J12	15	9	83	14	0.5275319097492963
\\ Jobs in machine 2
11
J13	15	6	37	3	1.1910060926123187
J14	15	14	46	14	1.2042105962078513
J15	14	9	62	16	1.1474651884939107
J16	13	2	84	8	1.4967951251459195
J17	15	11	40	10	1.9493637635907652
J18	14	13	14	16	1.7825606619177012
J19	15	11	2	3	1.1590084193978523
J20	13	4	74	18	0.7568849817937611
J21	15	5	62	11	1.4913517305433281
J22	15	10	56	15	1.6970398847129722
J23	13	5	39	9	1.8887088459624648
\\ Jobs in machine 3
10
J24	15	3	99	8	0.5674108441537542
J25	14	9	65	3	0.4982877979786795
J26	13	12	72	10	0.892686792075843
J27	13	5	95	14	1.140926509111281
J28	17	11	106	11	1.0572452658974647
J29	14	4	8	12	0.8256348239225051
J30	14	6	71	10	0.6496775941479312
J31	14	11	42	1	1.1413755351122106
J32	14	5	73	20	1.4236121871464482
J33	16	13	21	4	1.3836607075335778
\\ Jobs in machine 4
11
J34	13	14	85	19	2.689754504039703
J35	13	9	16	12	0.6448301177217527
J36	15	14	71	20	1.1559323700946433
J37	14	9	89	5	0.5141959437366793
J38	14	8	108	7	1.533643350840373
J39	15	14	49	1	1.043980045556814
J40	15	3	51	6	1.2648584123959281
J41	14	10	9	19	1.0430705944095962
J42	14	6	84	16	1.5052192515673195
J43	12	12	79	10	1.513286547507473
J44	15	4	95	18	1.617564073805588
\\ Dependencies 
45
1	6
1	7
3	8
3	12
4	12
5	7
6	10
6	11
7	12
8	10
9	11
9	12
13	17
14	23
15	20
15	21
16	17
16	22
17	18
17	21
17	23
18	20
19	22
24	29
27	32
28	29
28	33
29	30
29	32
32	33
34	36
34	38
34	39
34	42
34	43
35	37
36	39
36	42
36	43
36	44
38	41
40	43
41	44
42	43
42	44
