\\ machines
9
\\ max power
90
\\ Jobs in machine 1
11
J1	13	4	59	4	1.1539821267974062
J2	14	5	38	17	1.8275908407658226
J3	15	10	89	19	1.007877725493016
J4	13	3	11	19	1.237320128743392
J5	16	5	76	2	1.5369857874888815
J6	15	1	76	16	1.6305293705160273
J7	14	11	26	7	0.3966771508708201
J8	15	7	32	13	0.9988664686815912
J9	17	13	20	19	0.6183202274126882
J10	14	10	79	12	0.9360520581468226
J11	16	3	5	6	0.8995886676998142
\\ Jobs in machine 2
10
J12	15	14	107	20	1.679062420766873
J13	15	8	99	20	0.15556531467676415
J14	14	4	98	2	1.5026522318024091
J15	15	5	39	19	0.8048948211895957
J16	14	13	29	12	0.7424836902685978
J17	15	9	54	16	1.6004709573278308
J18	15	1	73	14	2.0041633673366057
J19	14	1	7	20	0.9243861844780186
J20	13	3	96	19	0.7578891044164036
J21	15	14	45	11	1.447869920333428
\\ Jobs in machine 3
9
J22	14	4	61	17	1.4262239840490918
J23	15	12	47	5	1.3823254745733775
J24	14	6	56	2	1.515441296000689
J25	15	5	22	18	0.8472954480922972
J26	14	10	105	15	0.711043355675586
J27	15	7	99	20	0.6290588065531979
J28	13	8	93	6	1.6416415447249493
J29	13	12	109	2	1.438761016604029
J30	15	9	85	3	2.037027900891836
\\ Jobs in machine 4
10
J31	14	2	13	8	1.4687999685694237
J32	16	1	92	22	1.7135833021168205
J33	15	8	38	11	2.280984231401421
J34	14	4	81	2	1.4390391047465276
J35	15	7	106	10	1.74141606260473
J36	15	14	49	21	1.7457952055771422
J37	13	3	71	13	1.568697572142669
J38	15	4	2	11	0.3441916913702109
J39	14	1	41	7	1.4353693729072767
J40	16	11	17	17	1.5955174044558516
\\ Jobs in machine 5
12
J41	15	5	100	3	1.3992211375349437
J42	14	13	56	11	1.696674794046101
J43	13	5	90	13	1.764708470893266
J44	15	7	22	1	0.8148127076107021
J45	15	11	19	16	1.7049070723533886
J46	12	6	60	5	0.9930299825478466
J47	17	5	18	20	1.6684904736728452
J48	16	6	82	7	1.4027432217813414
J49	15	8	70	8	1.8929844681721815
J50	13	4	34	4	1.6448859199165498
J51	14	3	29	21	0.1
J52	14	5	67	3	0.9560548888866819
\\ Jobs in machine 6
10
J53	15	13	73	15	1.3867081285968694
J54	15	6	3	16	0.4928728447033046
J55	15	12	102	9	0.7769282020114263
J56	16	13	71	7	1.7296535379197064
J57	14	14	63	16	2.26812661544989
J58	16	13	15	13	1.9809423834802482
J59	15	14	29	3	1.3341434047097134
J60	15	3	27	20	1.990054382098454
J61	17	2	83	18	0.5409484371344884
J62	15	5	65	4	0.37983393641580976
\\ Jobs in machine 7
10
J63	14	7	25	6	1.3105301851563629
J64	14	9	13	11	0.8139098112616424
J65	16	12	53	1	1.0601918467682718
J66	14	6	77	11	1.2142488922469095
J67	15	5	100	1	1.3574455918900359
J68	14	2	18	1	1.2680707925397026
J69	17	4	10	8	1.154000471312689
J70	14	13	88	2	0.5428029116299136
J71	15	6	89	7	1.2497562311689725
J72	13	7	56	18	0.8931078889829596
\\ Jobs in machine 8
10
J73	16	12	7	3	0.9851179801775252
J74	13	4	97	7	0.8252386007000785
J75	15	7	73	22	0.9191109534336542
J76	16	9	22	22	2.4014953415471822
J77	15	6	72	6	0.9744240966766899
J78	15	8	44	16	1.9282145684030876
J79	14	14	14	6	1.4642759159326215
J80	13	2	37	7	1.2589544924269123
J81	16	6	46	4	0.9251124031009219
J82	15	8	63	18	1.0608030582746666
\\ Jobs in machine 9
10
J83	14	10	37	10	0.6237030910905006
J84	13	9	79	8	1.9449449322778158
J85	13	6	83	15	1.206295516978535
J86	14	2	49	17	2.0449046143577947
J87	14	10	57	14	0.5393555682446086
J88	16	7	8	21	0.39507308137888053
J89	14	9	57	2	1.8159071776057387
J90	15	8	72	21	1.17206412573306
J91	15	11	74	2	1.3447663761919544
J92	12	4	46	15	1.164348357234021
\\ Dependencies 
345
1	2
1	3
1	4
1	6
1	8
1	10
1	11
2	3
2	4
2	5
2	6
2	10
2	11
3	5
3	6
3	7
3	8
3	9
3	10
3	11
4	5
4	6
4	7
4	9
4	11
5	6
5	8
5	9
5	10
6	7
6	8
6	9
6	10
6	11
7	9
7	10
7	11
8	10
8	11
9	10
9	11
10	11
12	13
12	14
12	15
12	16
12	17
12	18
12	19
12	21
13	14
13	15
13	16
13	18
13	19
13	21
14	15
14	16
14	17
14	18
14	19
14	20
14	21
15	16
15	17
15	18
15	19
16	18
16	19
16	20
16	21
17	19
17	20
17	21
18	19
18	20
19	20
19	21
20	21
22	23
22	24
22	25
22	26
22	27
22	28
22	29
23	25
23	26
23	27
23	30
24	25
24	26
24	28
24	29
25	26
25	27
25	28
25	29
26	27
26	28
26	30
27	28
27	29
27	30
28	29
28	30
29	30
31	32
31	33
31	34
31	35
31	37
31	40
32	33
32	34
32	35
32	36
32	37
32	38
32	39
32	40
33	34
33	36
33	37
33	38
33	39
33	40
34	35
34	36
34	37
34	38
34	39
34	40
35	37
35	38
35	39
35	40
36	38
36	39
37	38
37	40
38	39
39	40
41	43
41	44
41	45
41	46
41	47
41	49
41	50
41	51
41	52
42	44
42	45
42	46
42	47
42	48
42	49
42	50
42	51
42	52
43	44
43	45
43	46
43	47
43	48
43	49
43	50
43	51
43	52
44	45
44	46
44	47
44	48
44	49
44	51
44	52
45	46
45	47
45	48
45	49
45	50
45	51
45	52
46	47
46	48
46	49
46	50
46	51
47	48
47	49
47	50
47	52
48	49
48	51
48	52
49	50
49	51
50	51
50	52
51	52
53	54
53	55
53	56
53	57
53	58
53	59
53	62
54	55
54	56
54	57
54	58
54	59
54	60
54	61
54	62
55	56
55	57
55	58
55	59
55	61
55	62
56	58
56	59
56	60
56	61
56	62
57	59
57	60
58	59
58	60
58	62
59	60
59	61
59	62
60	61
60	62
61	62
63	64
63	65
63	67
63	68
63	69
63	70
63	71
63	72
64	66
64	67
64	68
64	69
64	70
64	71
64	72
65	66
65	67
65	68
65	70
65	71
66	67
66	68
66	69
66	70
66	71
66	72
67	68
67	69
67	70
67	71
67	72
68	69
68	70
68	71
69	72
70	72
71	72
73	74
73	75
73	77
73	78
73	79
73	80
73	82
74	75
74	76
74	77
74	78
74	79
75	78
75	79
75	80
75	81
76	77
76	78
76	79
76	80
76	81
76	82
77	78
77	79
77	81
77	82
78	79
78	80
78	81
78	82
79	80
79	81
79	82
80	81
80	82
81	82
83	84
83	86
83	87
83	88
83	89
83	90
83	91
83	92
84	85
84	87
84	88
84	89
84	90
84	91
84	92
85	86
85	87
85	88
85	89
85	90
85	91
85	92
86	88
86	89
86	90
86	91
87	89
87	91
88	90
88	91
88	92
89	90
89	91
90	91
