\\ machines
10
\\ max power
100
\\ Jobs in machine 1
11
J1	15	2	71	74	1.463933977524095
J2	14	12	2	58	1.3538977438477378
J3	15	10	81	30	0.8414753845277182
J4	16	14	79	35	1.218550577900045
J5	16	9	38	45	1.1981161627953765
J6	14	11	96	30	1.3769937812038582
J7	17	8	73	30	0.7585086976090685
J8	15	9	26	37	0.9555001987069727
J9	14	7	70	65	1.145083004279628
J10	15	6	5	66	1.018858148884685
J11	14	7	81	22	1.2702847309925647
\\ Jobs in machine 2
11
J12	15	2	88	44	1.226353381791019
J13	13	2	57	53	1.707066375598672
J14	14	7	56	11	2.127684856208075
J15	15	11	44	36	0.8386268387683066
J16	14	9	95	59	1.2214690953432519
J17	14	4	109	24	0.46426848642856744
J18	15	1	9	51	0.33877414431549546
J19	14	11	31	70	0.8635213663066107
J20	14	6	16	45	0.46135447898726956
J21	15	11	25	58	1.1636201636120413
J22	14	3	97	42	0.8740556711671259
\\ Jobs in machine 3
11
J23	15	11	41	3	1.1473693400615905
J24	16	6	93	58	0.7747279699292426
J25	15	9	50	33	0.1
J26	13	3	56	9	1.8277794508490257
J27	15	1	39	36	1.3825890990196625
J28	13	3	26	1	1.3284171733263679
J29	12	8	95	58	1.6626784179431735
J30	14	12	15	14	1.8028675410108284
J31	15	14	100	34	0.1
J32	15	3	39	55	1.5968172474880966
J33	15	2	75	8	0.8956894907395345
\\ Jobs in machine 4
9
J34	15	12	4	62	1.1365967856509398
J35	16	3	41	75	1.0483286725926484
J36	15	1	76	45	2.318402293945973
J37	13	6	70	34	0.9930027472862307
J38	15	2	110	63	1.5516752046408138
J39	14	8	83	18	1.0816852654888818
J40	15	12	38	2	1.4629373135470092
J41	13	2	27	38	0.9279541508755875
J42	14	13	96	51	0.8585062249382207
\\ Jobs in machine 5
10
J43	15	5	98	55	0.7549105543768533
J44	14	3	77	63	0.8034620978843849
J45	16	4	23	73	1.295371737417198
J46	15	4	44	74	0.8029096674154923
J47	15	7	94	13	1.387035611639518
J48	12	9	67	33	1.6392062609833127
J49	15	14	64	75	1.5819520856849063
J50	14	4	3	8	1.1900833339385402
J51	13	7	5	60	1.2885192330612498
J52	15	14	43	17	1.5565292693486927
\\ Jobs in machine 6
9
J53	15	2	7	41	1.8412676451662309
J54	15	14	67	41	1.3059978252563003
J55	15	1	13	49	1.6173643986804849
J56	15	12	22	61	1.1534127038111843
J57	16	7	28	38	2.7805342222359153
J58	15	13	10	37	1.0846217668675031
J59	13	4	55	4	0.8747786818483752
J60	12	12	35	46	1.2642369522515953
J61	12	2	57	54	1.636051358008052
\\ Jobs in machine 7
10
J62	15	13	61	69	1.075897113024429
J63	14	5	57	73	1.580367814034681
J64	14	4	7	11	1.3297364708430643
J65	14	7	71	65	0.7034409088729996
J66	15	5	68	8	0.9277642822390749
J67	16	11	43	1	1.2038293027344926
J68	16	11	18	40	1.2061520663033063
J69	14	10	108	1	0.7415763063170516
J70	15	14	11	50	1.0515241599082705
J71	15	9	40	5	0.6606135314912921
\\ Jobs in machine 8
11
J72	13	14	62	44	0.9957259476256739
J73	15	1	15	40	1.216695189809254
J74	15	4	105	23	2.2574531295304707
J75	14	5	46	61	0.4416776013575934
J76	18	14	75	17	1.2597281307530863
J77	14	7	66	29	1.8682796351167668
J78	13	3	55	19	0.9079846417922568
J79	15	1	60	10	0.6131387885111618
J80	14	5	27	72	0.9274977140351905
J81	14	10	11	59	1.6390473516747215
J82	12	4	35	23	1.2262400975818508
\\ Jobs in machine 9
11
J83	13	7	29	67	1.5873657629478766
J84	13	12	60	6	0.6907210458506032
J85	13	9	60	39	1.8465336739600495
J86	15	2	47	28	0.4066069034006866
J87	16	14	17	70	1.3979988055192014
J88	15	5	41	64	0.9248275959747424
J89	15	11	109	37	1.5450557068128326
J90	13	4	15	11	1.8466033355492877
J91	17	2	8	7	0.746041589902612
J92	13	4	51	11	2.062045406580311
J93	13	8	40	50	1.4945339962399375
\\ Jobs in machine 10
9
J94	14	3	100	14	1.4175816708518287
J95	16	10	33	26	1.5454454300509948
J96	14	14	19	28	1.8736177302257657
J97	15	10	97	43	1.1180305456915942
J98	13	9	7	64	0.3719206423373246
J99	13	10	62	39	0.5377063042511901
J100	14	8	78	30	1.1097330337900324
J101	13	4	47	70	1.4260006695327585
J102	14	9	76	73	1.2477465494404152
\\ Dependencies 
232
1	4
1	6
1	9
1	11
2	3
2	6
2	7
2	8
2	10
3	7
3	8
3	10
4	5
4	6
4	7
4	8
5	6
5	7
5	10
6	11
7	8
7	11
8	10
8	11
12	13
12	16
12	18
12	19
12	20
12	22
13	15
13	16
13	20
14	15
14	16
14	18
15	18
15	19
15	21
16	17
16	20
16	21
17	19
17	20
17	21
17	22
18	19
18	22
19	20
19	22
21	22
23	24
23	26
23	27
23	28
23	30
23	31
24	25
24	27
24	30
24	31
24	33
25	26
25	27
25	32
25	33
26	28
26	30
27	28
28	29
28	31
29	32
29	33
30	33
31	32
34	35
34	36
34	40
34	41
35	37
35	42
36	39
36	42
37	40
37	42
38	41
39	41
40	41
40	42
41	42
43	44
43	46
43	48
43	49
43	50
43	51
43	52
44	46
44	49
44	51
44	52
45	47
45	51
45	52
46	49
46	50
46	51
46	52
47	48
47	50
47	51
48	50
49	51
50	51
50	52
51	52
53	54
53	55
53	56
53	58
53	60
54	55
54	57
54	58
54	59
54	60
55	56
55	57
55	58
55	61
56	58
56	59
56	60
57	60
57	61
58	59
60	61
62	63
62	64
62	70
62	71
63	64
63	65
63	67
63	68
63	69
63	71
64	65
64	66
64	67
64	70
65	67
65	68
65	69
65	70
65	71
66	68
66	69
66	70
66	71
67	68
67	70
67	71
68	70
69	70
72	75
72	79
72	80
72	82
73	75
73	77
73	79
73	80
73	81
73	82
74	75
74	77
74	81
74	82
75	77
76	80
76	81
76	82
77	79
77	80
77	82
78	80
78	81
79	80
79	81
83	84
83	86
83	87
83	88
83	89
83	90
83	92
84	89
84	90
84	92
85	86
85	87
85	90
86	89
86	90
86	91
86	92
87	89
88	89
88	91
89	90
89	92
89	93
90	91
90	93
94	95
94	96
94	98
94	99
95	98
95	100
96	97
96	98
96	100
96	101
97	98
97	100
97	101
98	100
98	101
99	100
99	102
