\\ machines
10
\\ max power
100
\\ Jobs in machine 1
11
J1	15	9	79	25	1.102077678003682
J2	15	4	77	29	0.4263342796249068
J3	13	3	20	17	1.6194154338470266
J4	16	6	60	36	1.6359034276742421
J5	14	4	47	45	1.863516542669609
J6	14	14	15	9	0.43610222405815247
J7	15	5	6	44	1.2833050497427696
J8	15	2	31	10	1.1327118221681283
J9	17	13	17	24	1.1610243069914012
J10	17	6	102	2	1.4405179778322954
J11	14	13	26	21	2.0145205086339146
\\ Jobs in machine 2
11
J12	14	4	33	50	1.2924413606000722
J13	13	11	109	25	1.2678306988086943
J14	15	1	40	27	0.5997630086240311
J15	14	13	103	44	0.9315220031528149
J16	14	6	109	2	1.0472351159673159
J17	14	1	7	1	1.424711635501056
J18	13	1	32	17	1.8751207043684368
J19	14	1	27	39	0.4244000592384266
J20	13	1	46	5	1.2034828819954315
J21	16	6	10	49	0.7919621865448878
J22	15	8	75	3	0.7804754574820592
\\ Jobs in machine 3
11
J23	15	4	96	7	1.1507372677117502
J24	14	2	71	20	0.8005510190909929
J25	15	10	90	21	1.2481426278359922
J26	14	2	91	40	0.46918280409217294
J27	16	12	57	17	0.8868380520631127
J28	15	13	13	20	1.058253643514871
J29	13	4	92	11	0.9859836549202302
J30	14	9	77	46	1.4972220057438133
J31	13	10	33	47	1.2905775981753322
J32	15	13	83	44	0.2001108875635328
J33	14	2	69	47	1.3690674187439051
\\ Jobs in machine 4
11
J34	14	14	95	35	1.2027064647712262
J35	14	7	9	35	0.48510745797598787
J36	14	5	105	20	1.2949062137305907
J37	15	9	94	24	0.5255235097602341
J38	14	1	61	1	0.9411446272795195
J39	15	14	83	6	1.00243988836445
J40	12	11	13	35	0.598434810944703
J41	15	9	59	25	1.5149948156314892
J42	12	4	33	41	2.015346674766542
J43	16	4	73	4	1.0890085872914665
J44	15	1	103	47	1.3713734165483544
\\ Jobs in machine 5
14
J45	14	4	46	9	1.073044555235751
J46	15	12	97	24	1.2684510601520496
J47	15	2	106	37	1.5976242930742244
J48	14	12	99	15	1.7382299283924139
J49	14	12	58	21	1.1827476826018017
J50	16	6	72	17	1.2531742609192122
J51	16	13	13	48	1.1332404325881287
J52	15	3	49	2	1.7883989260791726
J53	12	14	51	49	1.5239297344834983
J54	14	6	16	22	1.0777751498157997
J55	16	9	7	1	1.7655834738270482
J56	16	12	99	16	1.2534988593887633
J57	15	2	56	48	1.0987954930594779
J58	13	11	98	37	1.447050082079146
\\ Jobs in machine 6
10
J59	14	2	58	15	1.8919566081110872
J60	14	5	50	3	1.199880877870529
J61	12	6	100	3	0.5839023860183363
J62	13	13	7	7	0.4634737027558963
J63	14	6	92	16	1.527603653202747
J64	13	11	80	49	0.8593569753343846
J65	14	12	16	33	1.0366970291382565
J66	17	10	28	48	0.9823890175205098
J67	14	5	29	1	0.7543000092175951
J68	16	4	2	28	0.9378548805132337
\\ Jobs in machine 7
11
J69	15	14	10	45	1.746930550899449
J70	13	2	92	45	1.5555940915564233
J71	15	6	80	33	1.5845526762591862
J72	15	13	93	1	1.5332017559509032
J73	13	12	3	8	0.6827741240289523
J74	14	7	97	18	1.9849937785532634
J75	14	11	10	47	1.103100869500617
J76	16	13	106	22	0.6645932806297105
J77	15	2	100	11	1.5272725802577958
J78	14	2	52	32	1.7714023310066387
J79	16	12	69	29	1.2478190059999856
\\ Jobs in machine 8
11
J80	17	8	40	37	1.7396104570803266
J81	15	13	96	49	2.278568875143212
J82	13	6	77	20	1.3484078731608335
J83	15	8	100	6	2.5880336774172004
J84	16	13	57	35	1.3715522711733352
J85	17	10	52	29	1.658498893545856
J86	15	4	45	42	0.5634793994193279
J87	15	3	57	50	1.8216569972512153
J88	14	9	18	2	1.7948287342481337
J89	14	1	51	21	0.4242555033499812
J90	15	11	5	16	1.408860496853651
\\ Jobs in machine 9
9
J91	12	5	52	15	0.6615552803579557
J92	14	11	12	13	0.6424132983893586
J93	13	2	5	33	0.8031285608312686
J94	14	3	40	18	0.4665239989661084
J95	14	13	92	9	1.1427773126701322
J96	13	12	57	25	0.4970699494423009
J97	12	6	36	5	1.1143951298651253
J98	15	6	102	42	1.040830046937248
J99	13	2	88	30	0.1
\\ Jobs in machine 10
12
J100	14	1	49	18	1.1901394061934387
J101	13	1	12	30	0.2855189391115103
J102	15	13	104	4	2.1036459325327
J103	12	8	91	27	1.186619806664812
J104	14	13	37	6	1.3299697152043701
J105	16	4	76	13	1.3796375786573258
J106	13	1	89	37	0.9142465091357126
J107	16	13	95	20	0.1
J108	15	8	60	29	1.0395185784803345
J109	16	9	30	41	1.2590070654173087
J110	14	8	44	41	1.9345592866235348
J111	15	14	52	18	1.0743124816359868
\\ Dependencies 
275
1	4
1	6
1	7
1	9
1	11
2	5
2	6
2	7
2	8
2	9
2	11
3	6
3	10
3	11
4	7
4	9
4	11
5	8
5	9
5	10
5	11
6	7
6	8
6	9
6	10
6	11
7	8
7	9
7	10
8	10
8	11
12	13
12	15
12	20
12	22
13	15
13	16
13	17
13	18
13	19
13	20
14	16
14	17
14	20
14	22
15	17
15	19
16	17
16	19
16	21
17	22
18	20
18	21
18	22
19	20
20	21
21	22
23	24
23	28
23	29
23	31
23	32
24	26
24	27
24	31
24	33
25	26
25	28
25	29
25	30
25	32
25	33
26	30
26	31
26	32
27	29
28	29
28	30
28	33
29	30
29	31
30	31
30	32
34	35
34	37
34	39
34	41
34	42
34	43
34	44
35	39
35	40
35	41
35	42
35	43
35	44
36	38
36	39
37	39
37	44
39	40
39	43
40	43
40	44
41	43
42	43
43	44
45	48
45	50
45	51
45	55
45	57
45	58
46	48
46	51
46	52
46	54
46	55
46	56
46	58
47	48
47	49
47	51
47	52
47	55
47	58
48	57
49	51
49	52
49	55
49	56
49	57
50	52
50	54
50	56
51	53
51	56
51	57
51	58
52	53
52	55
52	57
53	55
53	56
54	55
55	57
55	58
56	57
56	58
57	58
59	60
59	61
59	62
59	64
59	67
60	63
60	64
60	65
60	68
61	64
61	66
61	67
62	65
62	66
62	67
63	66
63	68
64	65
64	68
66	67
67	68
69	71
69	72
69	74
69	76
69	79
70	73
70	76
70	77
70	79
71	72
71	78
72	73
72	76
73	75
73	76
73	77
73	79
74	79
75	76
75	78
76	77
76	79
77	79
78	79
80	84
80	85
80	87
80	89
80	90
81	84
81	87
81	88
82	86
82	88
82	89
83	86
83	87
83	89
83	90
84	90
85	86
85	87
86	87
86	88
87	88
87	90
88	89
88	90
89	90
91	93
91	95
91	96
91	98
92	93
92	94
92	95
92	96
92	99
93	95
93	99
94	99
95	96
95	97
95	98
95	99
96	99
97	98
97	99
98	99
100	101
100	102
100	106
100	108
100	110
100	111
101	103
101	105
101	106
101	108
101	110
102	103
102	104
102	105
102	106
102	107
102	108
102	109
102	110
102	111
103	104
103	106
103	110
104	105
104	109
104	111
105	108
105	109
105	111
107	109
107	110
108	109
108	110
109	110
109	111
