\\ machines
8
\\ max power
80
\\ Jobs in machine 1
11
J1	15	11	23	12	1.1313297186009232
J2	15	13	62	16	0.7601222567277457
J3	16	10	26	16	1.4374256839290607
J4	14	13	60	11	0.1
J5	15	11	75	1	1.1418898658508632
J6	16	1	96	1	1.290349046390898
J7	14	6	97	8	1.2418639199885797
J8	16	7	38	3	0.7018417138487923
J9	13	7	5	11	0.1
J10	14	12	9	14	0.7690782861816283
J11	14	6	45	6	1.887466163746593
\\ Jobs in machine 2
12
J12	15	12	54	17	1.4252848085583687
J13	15	14	55	14	1.5217879954448383
J14	14	8	75	10	1.786710776430946
J15	16	8	74	5	1.8642407346369616
J16	14	7	53	12	2.2963359805794403
J17	14	9	69	18	1.690268816293165
J18	12	8	90	19	1.2195992011380832
J19	14	7	25	3	1.4683938384336435
J20	17	13	66	20	1.6983906426269697
J21	14	11	33	3	1.3865891098552394
J22	14	1	108	10	1.313470088926333
J23	13	10	20	19	1.258551745536344
\\ Jobs in machine 3
12
J24	14	3	50	13	1.2372613851267802
J25	14	14	64	17	1.1215040532584677
J26	15	9	85	5	0.7533916236978176
J27	14	6	59	4	1.5043567288407809
J28	16	2	88	19	0.5312535441659676
J29	13	6	7	1	0.9962680814649642
J30	17	6	18	3	1.3950765189566967
J31	16	7	101	2	0.52890449634125
J32	15	8	73	6	1.2101585068019927
J33	14	8	70	9	0.6604047476392524
J34	14	7	44	10	0.7778297995791708
J35	16	2	62	18	1.1350842559421286
\\ Jobs in machine 4
10
J36	13	6	90	17	0.41021152368471336
J37	16	14	58	2	1.8767444031445313
J38	15	11	108	14	0.1
J39	13	7	70	6	2.1939760143333986
J40	15	5	49	12	0.6503642727230023
J41	15	13	27	19	1.9386768578133067
J42	15	14	62	17	1.109719191378051
J43	15	4	73	11	1.3941758956088117
J44	15	5	52	8	1.3927142328102253
J45	14	10	56	19	1.3325854329250286
\\ Jobs in machine 5
11
J46	15	10	14	9	1.0359362810697816
J47	15	6	92	6	0.6218777777728665
J48	16	4	78	20	1.1010415496226007
J49	13	1	106	4	0.7673394105894698
J50	13	4	49	8	0.7636904859734929
J51	15	13	19	20	1.8466339351590184
J52	15	12	30	2	1.3601641449624549
J53	14	6	27	8	1.5787346404903775
J54	13	3	54	13	1.9149482953072456
J55	14	14	73	19	1.4977590253309216
J56	14	7	13	12	1.5980726646593317
\\ Jobs in machine 6
12
J57	16	2	105	1	1.4857653568149618
J58	15	7	51	10	1.3736225718743689
J59	15	3	8	1	1.169337584097143
J60	14	7	98	13	1.0200980456064943
J61	16	14	31	4	1.8318942860262606
J62	16	14	47	1	0.8145795675622735
J63	14	9	41	9	0.8145118248011056
J64	15	10	87	8	0.5563805554727496
J65	15	4	95	20	1.1791294604226827
J66	17	13	70	6	1.027116630797973
J67	16	11	25	7	1.870840753323742
J68	14	7	4	12	1.7502727414250128
\\ Jobs in machine 7
11
J69	16	5	27	7	1.2249980842058255
J70	15	3	108	8	1.0086055250135488
J71	15	1	56	6	1.439837923976737
J72	14	8	66	13	1.4966541440017334
J73	17	1	83	12	0.8042945240521273
J74	14	10	85	12	2.3771569102916175
J75	14	11	10	11	1.560324069627634
J76	15	7	6	9	0.7509077584970634
J77	14	5	89	20	1.2180652039866884
J78	17	6	21	15	1.4015169464862047
J79	13	12	33	19	0.6886519232404642
\\ Jobs in machine 8
10
J80	16	7	91	10	1.8697449277370792
J81	14	1	39	9	1.9032558209391577
J82	15	14	50	9	2.2335779868030423
J83	16	2	23	13	1.1999333046136607
J84	15	11	17	16	1.4939496724023804
J85	15	4	32	10	1.6289624817032888
J86	15	14	59	5	1.3466591282411056
J87	14	13	35	11	0.3754401610069986
J88	15	7	104	17	1.3321247541492403
J89	13	11	31	20	0.6697713695118505
\\ Dependencies 
229
1	3
1	5
1	6
1	8
1	10
2	3
2	4
2	5
2	6
2	8
2	9
3	6
3	7
3	8
3	9
3	10
3	11
4	5
4	6
4	8
4	10
4	11
5	6
5	8
5	11
6	8
6	11
7	9
8	10
9	10
9	11
12	13
12	18
12	23
13	14
13	15
13	17
13	19
13	20
13	21
13	22
13	23
14	15
14	16
14	17
14	20
14	21
14	23
15	16
15	19
15	21
15	22
15	23
16	17
16	18
16	19
16	20
16	22
17	18
17	20
17	21
17	22
17	23
18	21
18	23
20	21
20	23
22	23
24	25
24	28
24	30
24	32
24	33
24	35
25	26
25	28
25	29
25	31
25	32
25	33
26	27
26	30
26	31
26	32
26	33
26	34
27	29
27	32
27	34
28	31
28	33
28	34
28	35
29	30
29	32
30	32
31	34
31	35
32	33
33	34
33	35
34	35
36	38
36	40
36	41
36	42
36	45
37	38
37	39
37	41
37	42
37	44
37	45
38	40
38	41
38	43
38	44
38	45
39	40
39	41
39	42
39	43
39	44
40	41
40	42
40	43
41	43
41	44
42	43
42	44
42	45
43	45
44	45
46	47
46	51
46	54
46	55
47	49
47	50
47	51
47	52
47	56
48	49
48	51
48	55
48	56
49	50
49	51
49	52
50	55
50	56
51	54
51	55
51	56
54	56
55	56
57	58
57	62
57	64
57	65
57	67
57	68
58	59
58	60
58	61
58	66
59	62
59	64
59	68
60	61
60	65
60	66
60	68
61	62
61	67
61	68
62	64
62	66
62	68
63	64
63	66
63	67
64	65
64	66
64	68
65	66
65	68
66	67
66	68
67	68
69	71
69	72
69	73
69	79
70	77
70	78
71	73
71	77
71	78
72	74
72	78
73	77
73	78
74	79
75	77
75	79
76	77
77	78
80	81
80	86
80	88
80	89
81	84
81	85
81	89
82	83
82	84
82	86
82	87
82	89
83	85
83	87
84	87
84	88
84	89
85	87
85	89
87	88
88	89
