\\ machines
20
\\ max power
200
\\ Jobs in machine 1
13
J1	15	1	83	12	1.0237647670959873
J2	15	1	26	50	1.0517773343190127
J3	15	14	66	73	1.0907494863271896
J4	13	4	105	72	1.62958277256076
J5	14	9	7	78	1.0802881503213149
J6	14	4	106	96	0.8773395124256692
J7	13	11	91	26	1.028856522002369
J8	16	5	6	10	1.1385416340319616
J9	13	8	79	29	1.2914308503626806
J10	15	9	23	16	0.8453817172629978
J11	17	9	41	85	2.2935395125585143
J12	15	11	10	31	0.18066054150149147
J13	15	1	16	71	0.37374170859344746
\\ Jobs in machine 2
10
J14	15	4	83	48	0.1855230957481091
J15	15	11	81	67	1.7820124436280262
J16	14	1	63	76	1.108263663925772
J17	16	6	95	71	1.2796495687212313
J18	13	8	97	29	1.6510089481104853
J19	14	9	73	56	1.5931791737035907
J20	16	8	18	57	1.1365034321711391
J21	15	12	74	65	1.9153721572899713
J22	13	9	98	1	0.2998546730637637
J23	14	14	78	18	0.8915147851421088
\\ Jobs in machine 3
11
J24	13	5	36	72	1.1188407323474399
J25	16	3	63	47	1.2482647413006156
J26	14	10	38	38	0.8626466947110042
J27	15	7	40	8	1.5784677827234053
J28	14	12	81	72	1.154956678555469
J29	14	9	42	94	0.9853487406411797
J30	13	10	97	15	1.0695802560379586
J31	14	1	63	3	1.3750288000721504
J32	15	7	64	26	0.3713153852212806
J33	13	12	29	72	0.3988339644191037
J34	16	10	78	66	1.551608253417549
\\ Jobs in machine 4
11
J35	15	10	20	50	0.5772118835179607
J36	14	5	14	85	1.0162280018522873
J37	15	4	64	72	1.5294736147008519
J38	14	5	28	39	1.8894152449247736
J39	14	12	3	78	1.2959715942871903
J40	13	3	82	60	1.2358057044494264
J41	15	5	106	63	0.5450966612742368
J42	16	8	25	80	0.5781369730108279
J43	14	10	47	79	1.2753436726136516
J44	15	8	49	84	0.609677378038046
J45	14	1	60	50	0.8318131764073107
\\ Jobs in machine 5
10
J46	17	1	24	59	0.8949245604468441
J47	13	1	59	56	0.539590426965156
J48	15	7	96	17	2.4229209802008342
J49	14	1	7	70	0.6378451578791382
J50	14	1	95	100	0.8923728648394212
J51	15	5	25	48	1.1220006684569312
J52	14	10	2	9	0.6735599012550525
J53	14	13	25	10	0.8483766118562451
J54	13	7	81	65	0.8823157238689248
J55	14	1	24	2	1.052972068588874
\\ Jobs in machine 6
10
J56	15	2	35	74	0.9502116621431239
J57	16	11	105	25	0.6905007070152713
J58	14	13	8	60	0.1
J59	13	7	70	40	1.0751916626198825
J60	14	10	3	19	1.1781860735666148
J61	14	12	94	58	1.089829148923016
J62	15	6	36	49	1.338912065790534
J63	14	10	86	32	2.2529183646351987
J64	14	12	55	84	1.28875032702889
J65	17	2	74	42	1.9296267932537363
\\ Jobs in machine 7
10
J66	15	10	62	24	1.34477117204567
J67	14	11	82	24	2.0800518526072365
J68	14	14	82	13	1.766970556626465
J69	13	4	80	35	1.2806605846321872
J70	14	9	74	8	1.8417653612897316
J71	16	5	20	80	0.9294429489572247
J72	14	3	36	9	0.7116739650630053
J73	14	9	74	27	0.20484537563645344
J74	14	3	57	14	1.2072508228826655
J75	14	4	3	14	1.1386079989844553
\\ Jobs in machine 8
10
J76	15	1	53	77	1.2835294544669436
J77	15	4	97	80	1.2683742748618765
J78	14	2	40	25	0.9578749224873497
J79	15	6	46	68	1.5801404960314702
J80	12	13	35	41	1.5840750840805313
J81	14	11	78	23	1.0129354859078339
J82	14	13	70	10	1.8057790671203695
J83	12	3	35	56	1.19597915840171
J84	12	3	29	21	1.042875731187842
J85	14	14	21	13	0.7611645169814847
\\ Jobs in machine 9
11
J86	16	1	62	75	1.0661287719786678
J87	14	6	105	54	0.7233073946163664
J88	13	9	96	23	1.6840736436491823
J89	14	9	81	82	1.2593815929180345
J90	15	2	66	19	0.6793590918451891
J91	13	11	59	69	1.255456388927868
J92	15	10	100	7	1.5241314602673508
J93	16	8	61	15	0.7966413666351767
J94	14	3	42	67	1.0908760874471002
J95	12	10	21	38	2.1666746734820066
J96	14	11	31	18	0.8966034916979413
\\ Jobs in machine 10
11
J97	15	9	12	2	0.7075074147774703
J98	16	9	4	46	0.43858250155798495
J99	15	9	83	6	1.303652344007598
J100	15	3	9	76	1.507135666561195
J101	14	6	99	89	0.6894397287367345
J102	15	13	85	36	1.3136788902982466
J103	14	13	95	53	1.4150300558399094
J104	14	12	54	33	0.7441614818952453
J105	13	3	107	32	0.8456988840101547
J106	14	12	3	67	0.887409718899895
J107	13	13	64	27	1.3259190061236903
\\ Jobs in machine 11
11
J108	14	6	103	15	1.630985557648505
J109	14	5	108	40	0.2656370099189982
J110	16	13	78	69	1.6056477469190578
J111	17	14	102	99	1.3169363129987834
J112	13	2	77	98	1.0005081451472597
J113	13	4	12	41	1.2650929001214672
J114	15	6	7	33	1.4295502139009082
J115	14	3	85	2	0.5216686112117349
J116	14	6	102	50	0.3186612966534471
J117	14	5	2	42	0.8046575816365771
J118	14	4	35	40	2.2003920665573737
\\ Jobs in machine 12
11
J119	15	1	66	6	1.4076445716994592
J120	15	9	92	5	0.7337956794236734
J121	17	12	59	40	0.8964727151350382
J122	16	12	66	94	1.7783895389807394
J123	16	10	48	36	1.1551268073450367
J124	16	12	48	52	1.0905043556450749
J125	16	8	69	100	1.8932968868180577
J126	14	9	63	1	0.8857214942149954
J127	13	13	65	52	1.5624810620457037
J128	17	13	61	87	1.2369846941243092
J129	14	14	20	19	1.2379115766241513
\\ Jobs in machine 13
11
J130	14	7	86	24	1.1910820529223145
J131	13	9	33	39	1.987491259909409
J132	15	4	11	76	0.14387811389765948
J133	14	9	82	15	1.446278149048599
J134	15	5	47	100	0.5567554107037773
J135	14	6	27	38	0.639846198278069
J136	15	1	28	88	1.5399286210458796
J137	14	11	95	31	1.284717883554546
J138	14	5	49	36	1.309803083724761
J139	13	3	19	12	2.261916405726115
J140	15	6	27	45	1.5709745504135681
\\ Jobs in machine 14
13
J141	16	2	105	96	1.5012040808170304
J142	16	6	10	30	1.5324217353416685
J143	15	12	106	48	2.0171948136258058
J144	14	9	94	72	0.42184939736535254
J145	15	6	49	16	1.6809897255476285
J146	15	5	110	74	1.2513681765273668
J147	13	11	110	32	1.3108539794543506
J148	15	14	47	35	0.7328700842873623
J149	14	8	12	69	1.299870456926224
J150	15	1	41	30	0.4060941473273887
J151	14	10	33	55	0.9695497695624391
J152	13	4	76	14	1.3865201159813756
J153	16	11	87	68	0.7706130717375805
\\ Jobs in machine 15
12
J154	15	3	105	91	1.5225682226784851
J155	14	12	80	60	1.0025676601139644
J156	14	11	88	59	1.369801560177765
J157	15	7	79	27	1.1882224149817338
J158	14	14	31	25	0.8308143582936748
J159	16	3	70	1	1.5632301389140635
J160	15	6	3	80	2.156635800381403
J161	16	5	44	41	1.174499763354553
J162	15	12	62	35	1.4216602525801734
J163	12	8	56	48	0.6302610174952451
J164	13	10	6	41	0.5407682111194497
J165	14	8	5	44	0.7716159736375423
\\ Jobs in machine 16
11
J166	15	12	12	100	0.6938696821143456
J167	16	10	34	100	1.9621293021949335
J168	15	14	66	17	1.5427367736424926
J169	15	3	80	67	0.6462775077924031
J170	15	2	51	83	0.8819356170457068
J171	13	2	106	31	1.1905756207082823
J172	14	14	56	77	1.3492945573605317
J173	15	3	79	68	0.9740385541407158
J174	12	2	76	30	1.498805423898941
J175	15	8	64	36	0.42732755127193844
J176	15	3	72	5	1.2829077080111304
\\ Jobs in machine 17
11
J177	14	8	32	33	1.935362000514834
J178	16	3	58	35	1.4778387000758486
J179	15	4	102	27	0.6967872264126994
J180	13	3	83	81	0.5294330063451838
J181	14	12	67	10	1.1871479785145236
J182	13	7	79	43	1.263806393123471
J183	13	12	77	8	1.311131692962498
J184	14	7	22	81	0.9823788240342181
J185	14	13	110	46	1.308752833957425
J186	15	4	9	80	2.424775604538057
J187	14	1	101	44	1.21058105679444
\\ Jobs in machine 18
11
J188	15	12	63	59	0.6711002729533566
J189	14	6	60	40	1.5489497432923938
J190	14	10	74	5	1.8757003938545718
J191	14	11	71	72	1.122863824753009
J192	16	2	36	86	1.0926037232758228
J193	16	4	80	79	1.3691960215774959
J194	17	7	98	48	0.948676684354553
J195	14	12	18	94	0.23949148785207586
J196	14	2	37	10	1.2908574373431259
J197	13	8	63	24	1.1042530899539085
J198	12	10	94	41	1.2215316820590392
\\ Jobs in machine 19
13
J199	13	10	2	60	1.0588480101149438
J200	13	13	25	9	0.49822848028868305
J201	15	3	77	51	1.2385392473572643
J202	15	13	76	98	1.7952657678328632
J203	14	2	23	33	0.42408170416101776
J204	14	2	106	28	1.5779031326375006
J205	15	12	33	13	0.4705822096538522
J206	16	7	73	59	1.5467209951179135
J207	12	5	7	29	1.0089468957610432
J208	15	12	105	6	1.0965760096320012
J209	15	12	64	25	1.1539809402897325
J210	14	3	61	92	1.3728397012378661
J211	16	12	82	62	2.0300654081153975
\\ Jobs in machine 20
10
J212	13	8	16	56	1.8881383517376709
J213	16	9	3	2	0.9656278144747659
J214	16	6	3	12	0.1
J215	15	12	27	29	1.6885771870933135
J216	15	9	28	2	2.184572180739461
J217	14	6	77	57	1.8255838203078687
J218	15	2	64	57	1.2295829322034735
J219	15	12	46	57	1.2945773357086288
J220	15	9	26	45	2.0705113563034017
J221	15	11	64	40	1.193525840857828
\\ Dependencies 
773
1	2
1	5
1	6
1	7
1	8
1	11
1	12
1	13
2	4
2	5
2	6
2	7
2	8
2	9
2	10
2	11
2	12
3	4
3	5
3	6
3	8
3	9
3	12
4	5
4	6
4	7
4	8
4	13
5	6
5	8
5	9
5	10
5	11
5	12
5	13
6	9
6	11
6	12
7	8
7	9
7	11
7	12
8	13
9	10
9	12
9	13
11	12
12	13
14	15
14	16
14	17
14	18
14	20
14	21
14	22
14	23
15	17
15	18
15	19
15	21
15	23
16	17
16	18
16	21
16	22
16	23
17	18
17	19
17	20
17	21
17	23
18	20
18	22
18	23
19	20
19	21
19	22
19	23
20	22
21	23
22	23
24	25
24	26
24	27
24	29
24	32
24	33
24	34
25	26
25	27
25	28
25	29
25	30
25	31
25	32
25	33
25	34
26	28
26	30
26	31
26	32
26	34
27	28
27	29
27	30
27	32
27	34
28	29
28	30
28	31
28	32
28	33
28	34
29	31
29	32
29	33
30	31
30	32
30	33
30	34
31	32
31	33
32	34
35	36
35	37
35	38
35	39
35	40
35	41
35	45
36	37
36	38
36	39
36	40
36	42
36	44
36	45
37	38
37	39
37	42
37	44
37	45
38	39
38	40
38	43
38	44
39	42
39	43
40	42
40	45
41	42
41	43
41	44
41	45
42	43
42	44
46	47
46	49
46	50
46	51
46	52
47	49
47	50
47	52
47	53
47	55
48	50
48	51
48	53
48	54
48	55
49	50
49	51
49	52
49	53
49	54
49	55
50	51
50	53
51	52
51	53
51	54
52	53
52	54
52	55
53	54
53	55
54	55
56	57
56	58
56	59
56	60
56	62
56	63
56	64
57	58
57	59
57	60
57	61
57	62
57	63
57	65
58	60
58	61
58	62
58	63
58	64
58	65
59	63
59	65
60	61
60	65
61	62
61	63
61	65
62	63
63	64
63	65
64	65
66	68
66	69
66	71
66	75
67	71
67	72
67	75
68	69
68	72
68	73
68	74
68	75
69	70
69	71
69	72
69	73
69	75
70	71
71	72
71	73
71	74
71	75
72	74
72	75
73	74
73	75
74	75
76	77
76	78
76	79
76	80
76	83
76	85
77	78
77	79
77	81
77	83
77	84
77	85
78	81
78	82
78	83
78	85
79	80
79	81
79	82
79	83
79	85
80	81
80	82
80	83
80	84
80	85
81	82
81	84
82	83
82	84
82	85
83	85
84	85
86	87
86	88
86	89
86	92
86	93
86	94
86	95
86	96
87	88
87	89
87	92
87	93
87	94
87	95
88	90
88	91
88	92
88	93
88	94
88	95
88	96
89	91
89	92
89	94
89	95
90	91
90	92
90	94
90	95
90	96
91	93
91	94
91	96
92	93
92	94
92	96
93	94
93	95
93	96
94	95
95	96
97	99
97	100
97	102
97	104
97	105
97	107
98	102
98	105
98	106
99	100
99	101
99	102
99	104
99	105
99	106
99	107
100	102
100	103
100	104
100	105
100	106
101	102
101	103
101	104
101	105
101	106
101	107
102	103
102	104
102	105
102	106
102	107
103	106
103	107
104	105
104	106
104	107
105	106
105	107
106	107
108	109
108	110
108	111
108	112
108	114
108	116
108	118
109	110
109	112
109	115
109	117
109	118
110	111
110	112
110	113
110	115
110	116
110	117
110	118
111	112
111	113
111	114
111	115
111	117
111	118
112	115
112	116
113	117
114	115
114	116
114	117
115	118
116	117
119	120
119	121
119	122
119	123
119	124
119	126
119	127
119	129
120	121
120	122
120	123
120	124
120	125
120	128
120	129
121	123
121	124
121	125
121	128
121	129
122	123
122	124
122	126
122	127
122	128
122	129
123	126
123	127
123	129
124	126
124	127
124	128
124	129
125	129
126	127
126	128
126	129
127	128
127	129
128	129
130	131
130	132
130	134
130	135
130	136
130	137
130	138
130	139
131	135
131	137
131	138
131	139
132	134
132	135
132	137
132	138
132	139
133	137
133	138
133	139
134	135
134	136
134	138
134	139
134	140
135	136
135	137
135	138
135	139
135	140
136	139
136	140
137	138
137	139
138	139
138	140
141	142
141	143
141	144
141	145
141	146
141	147
141	148
141	152
141	153
142	145
142	146
142	147
142	149
142	152
142	153
143	144
143	145
143	146
143	147
143	148
143	149
143	151
143	153
144	145
144	146
144	147
144	148
144	150
144	151
144	152
144	153
145	147
145	148
145	150
145	151
145	152
145	153
146	147
146	148
146	149
146	150
146	152
146	153
147	148
147	151
147	152
147	153
148	151
148	152
148	153
149	150
149	151
149	153
150	151
151	152
151	153
154	155
154	156
154	157
154	158
154	159
154	160
154	162
154	163
154	165
155	157
155	158
155	159
155	160
155	161
155	163
155	164
155	165
156	157
156	160
156	161
156	162
156	164
156	165
157	158
157	159
157	160
157	161
157	162
157	163
157	165
158	159
158	160
158	162
158	163
158	164
158	165
159	160
159	162
159	164
159	165
160	161
160	162
160	164
160	165
161	162
161	163
161	164
161	165
162	163
162	165
163	164
163	165
164	165
166	168
166	169
166	171
166	173
166	175
166	176
167	168
167	169
167	170
167	172
167	174
168	169
168	171
168	172
168	174
168	175
168	176
169	170
169	171
169	172
169	173
169	174
169	175
169	176
170	171
170	172
170	173
170	174
170	175
170	176
171	173
171	176
172	173
172	175
173	174
173	175
174	175
175	176
177	178
177	179
177	180
177	181
177	182
177	185
178	179
178	180
178	181
178	182
178	183
178	184
178	185
178	186
178	187
179	180
179	181
179	183
179	184
179	185
179	186
180	182
180	183
180	184
180	186
180	187
181	182
181	184
181	185
181	186
181	187
182	184
182	185
182	186
182	187
183	184
183	185
183	186
184	185
184	186
184	187
185	186
185	187
186	187
188	189
188	190
188	191
188	193
188	194
188	196
188	197
189	191
189	193
189	195
189	196
190	191
190	192
190	193
190	198
191	192
191	194
191	196
192	193
192	194
192	195
192	196
192	197
193	194
193	196
193	197
193	198
194	196
194	198
195	196
195	198
196	198
199	205
199	206
199	207
199	210
199	211
200	204
200	205
200	207
200	209
200	210
200	211
201	202
201	203
201	204
201	205
201	207
201	208
201	209
201	210
202	203
202	204
202	205
202	206
202	207
202	210
202	211
203	204
203	205
203	206
203	207
203	209
203	210
203	211
204	205
204	206
204	207
204	209
204	210
204	211
205	207
205	208
205	210
205	211
206	209
206	211
207	208
207	209
207	210
208	209
209	210
209	211
210	211
212	215
212	218
212	219
212	220
212	221
213	215
213	217
213	218
213	220
213	221
214	215
214	216
214	217
214	218
214	220
214	221
215	217
215	218
215	219
215	220
215	221
216	219
216	220
216	221
217	218
217	219
218	220
219	220
220	221
