\\ machines
15
\\ max power
150
\\ Jobs in machine 1
9
J1	15	11	55	25	0.8750274604539532
J2	12	7	84	1	2.0171537905911125
J3	14	3	74	16	1.5902172138550363
J4	15	6	32	36	1.0011020745685473
J5	15	10	90	63	1.180465944486008
J6	14	9	92	23	1.583052725132518
J7	16	7	83	58	1.386383777280531
J8	11	12	84	19	1.7016725442330336
J9	15	7	90	28	1.6885041637820692
\\ Jobs in machine 2
11
J10	15	1	104	59	1.6252773422443454
J11	14	1	76	1	0.7669103590248172
J12	15	4	69	16	1.8600652631590986
J13	15	2	13	43	1.357452393234294
J14	15	14	58	6	1.0758547322144034
J15	14	10	77	22	1.048176636424702
J16	15	6	66	27	1.198329176186711
J17	15	8	19	38	1.0539597015349547
J18	16	3	73	49	1.930677968291607
J19	15	3	8	38	0.1
J20	13	7	3	27	0.8894052662255345
\\ Jobs in machine 3
12
J21	15	13	84	46	1.2920738346212568
J22	15	14	39	4	1.0888138858718202
J23	14	13	35	62	0.6158787852904194
J24	15	13	87	8	0.6142130531476577
J25	17	11	31	39	1.061605483143366
J26	15	3	28	56	1.4063979714310966
J27	15	11	13	7	1.0111246345637588
J28	13	10	108	46	1.4245432934490079
J29	12	5	37	9	1.3536724750018132
J30	16	7	82	8	1.7115255647775065
J31	14	8	69	43	0.5141373867485046
J32	15	13	51	45	0.8908680872692191
\\ Jobs in machine 4
11
J33	14	2	49	48	0.18848034685126125
J34	15	4	88	22	1.301433355632272
J35	15	12	81	64	0.5784017319236349
J36	15	11	21	13	0.9175992109455529
J37	14	2	95	67	1.4177887147855643
J38	14	11	37	2	1.9805353540218318
J39	14	2	91	75	0.8798537975569716
J40	15	9	96	13	0.8423563385019239
J41	15	3	16	25	2.005018423079229
J42	14	3	78	24	0.554739319556032
J43	13	10	54	17	1.2866276505181267
\\ Jobs in machine 5
11
J44	15	3	2	38	1.8602197175999202
J45	14	3	107	43	0.7255617752485214
J46	15	13	75	72	0.4681176119093001
J47	15	3	42	14	1.6640140025440482
J48	16	4	70	42	0.1
J49	13	10	78	15	1.7073116423737866
J50	15	5	69	16	1.105398198248913
J51	15	4	38	4	0.4717262682046012
J52	14	9	18	26	1.7248235819481623
J53	15	11	36	41	0.8236782042997142
J54	15	9	63	38	0.46062317450067314
\\ Jobs in machine 6
10
J55	14	3	6	32	0.6710726890111056
J56	14	1	37	2	1.80824741127866
J57	12	10	63	7	1.3512454500609916
J58	14	14	94	21	1.1875927343921797
J59	13	7	52	17	1.3068598380093956
J60	16	4	84	1	1.5096915783710463
J61	12	9	73	52	0.7346948366818191
J62	17	9	23	30	2.787368554255605
J63	15	2	74	53	1.2064137971459155
J64	15	6	98	49	1.354561031837685
\\ Jobs in machine 7
14
J65	16	4	9	17	0.7918467010040606
J66	14	8	107	64	1.5868739787592343
J67	16	3	26	9	1.437110020490634
J68	14	1	73	41	0.546259407635978
J69	15	6	109	10	0.5152789506878376
J70	16	3	69	67	1.5335668261351874
J71	14	7	53	48	0.7197490837259435
J72	15	14	103	13	1.7676565966580893
J73	16	13	107	47	1.1476578350708837
J74	14	13	103	49	1.3697219965692786
J75	15	9	83	69	1.2373853805069324
J76	13	12	100	12	0.838409734231111
J77	13	7	96	49	1.2195724457237487
J78	13	13	42	51	1.5898718562412357
\\ Jobs in machine 8
11
J79	14	11	32	48	0.8543948009394509
J80	15	12	83	13	1.130285350081776
J81	13	7	64	69	1.446701786931166
J82	13	6	76	73	0.8566863577027028
J83	14	2	80	59	0.8120690348753945
J84	12	6	81	59	2.141638144733018
J85	15	6	10	26	1.2444158695482304
J86	13	8	9	68	1.009898884175782
J87	15	7	80	51	1.230051478813608
J88	15	9	77	18	0.40789628977396053
J89	15	9	63	7	1.0446698791772437
\\ Jobs in machine 9
11
J90	14	14	63	73	1.5472232367894816
J91	15	6	75	27	0.5567743425867123
J92	14	6	62	46	1.3203624436125287
J93	15	7	10	62	1.5817295246813976
J94	16	12	107	13	1.5998533331438602
J95	13	6	95	28	1.5642636217411132
J96	15	13	33	34	1.194693486138092
J97	16	6	64	59	1.4138158741566407
J98	16	7	23	47	1.493793304082784
J99	15	1	57	44	0.6402844405337985
J100	13	7	104	62	1.6408146081095794
\\ Jobs in machine 10
11
J101	14	3	17	10	1.3197216283075623
J102	16	3	58	53	1.444104263012549
J103	15	5	51	7	1.3863980921000512
J104	13	2	99	31	1.3411496950208739
J105	14	2	2	30	1.4153915790969793
J106	15	1	30	9	1.3983339116160465
J107	12	8	42	42	1.4690123463200189
J108	14	10	106	15	1.4791230627403973
J109	14	1	93	40	1.2183185010886926
J110	16	9	69	71	0.8134950399685139
J111	13	14	94	37	1.5881583781596862
\\ Jobs in machine 11
11
J112	14	7	29	19	1.0010107446175809
J113	16	13	11	7	1.2008860337951257
J114	13	1	55	46	1.8248519459007542
J115	15	12	95	19	1.0003413189506754
J116	17	1	11	32	1.6428394550419323
J117	14	10	23	32	1.3116903912958695
J118	16	4	74	15	0.6601808193213262
J119	14	5	28	28	1.2271689016177727
J120	15	5	59	13	1.1235268994056875
J121	14	8	47	26	1.3347839264894796
J122	13	13	12	31	2.342206262884414
\\ Jobs in machine 12
12
J123	14	2	6	10	1.6200017007825682
J124	13	9	71	74	1.0706673615717448
J125	13	3	23	28	0.798180997160185
J126	14	8	42	31	1.5116342358228618
J127	14	2	26	59	2.2562930979134377
J128	15	8	74	19	0.11023131592625757
J129	15	11	24	26	1.2746301254159569
J130	16	11	77	72	1.0383478940376574
J131	14	14	110	68	1.0164469377846759
J132	16	13	18	67	0.5271741851722744
J133	15	14	35	55	2.000561174545788
J134	12	10	71	10	1.0696795989102224
\\ Jobs in machine 13
12
J135	15	12	24	13	1.3619833239784829
J136	15	2	82	14	1.2968023669305258
J137	15	12	17	68	1.2748979908424043
J138	14	9	105	56	1.3794224741411474
J139	14	2	42	47	1.5041565302953346
J140	16	7	33	6	1.1754766552483413
J141	13	5	107	24	0.9462628256502037
J142	15	2	82	34	1.0962862884831146
J143	14	6	49	18	2.068262740293978
J144	14	4	49	3	0.7505002569548455
J145	15	6	44	51	1.641633794633849
J146	14	10	7	63	0.8446196150992231
\\ Jobs in machine 14
12
J147	15	11	101	52	0.9938363229975523
J148	14	13	79	75	0.5772772402974921
J149	14	2	8	63	1.2183872867412302
J150	13	9	24	44	1.5001266017470913
J151	15	12	104	21	0.9459016948418981
J152	13	10	45	48	0.744523681514097
J153	15	8	51	70	1.0705662243866345
J154	14	8	56	45	0.9240866301614501
J155	14	6	97	44	0.8760878903988146
J156	16	8	59	39	1.2811942566626302
J157	14	3	108	4	0.934524238614261
J158	13	11	4	43	1.3045060265806094
\\ Jobs in machine 15
11
J159	16	8	20	2	1.1007992887539113
J160	14	10	35	69	0.9875676420205137
J161	14	4	77	75	1.381201882935427
J162	15	5	69	6	1.173153058290619
J163	14	9	8	52	1.6596053983229802
J164	14	4	62	35	2.2132056784786966
J165	15	2	76	43	1.6434205191620612
J166	16	11	72	24	1.0713989194240743
J167	12	5	74	46	1.6498587269202933
J168	15	3	74	8	0.6102918785164272
J169	16	4	49	30	1.0094867634239963
\\ Dependencies 
710
1	2
1	3
1	6
1	7
1	8
1	9
2	3
2	4
2	5
2	7
2	8
2	9
3	4
3	5
3	6
3	8
3	9
4	6
4	7
4	8
4	9
5	6
5	7
5	8
6	7
6	8
7	8
7	9
8	9
10	11
10	12
10	13
10	14
10	15
10	16
10	20
11	12
11	14
11	15
11	16
11	17
11	18
11	19
11	20
12	14
12	15
12	16
12	17
12	18
12	19
12	20
13	14
13	16
13	17
13	18
13	19
13	20
14	15
14	16
14	17
14	19
15	16
15	18
15	19
15	20
16	19
16	20
17	18
17	19
17	20
18	19
18	20
19	20
21	23
21	24
21	26
21	27
21	28
21	29
21	30
21	31
21	32
22	24
22	25
22	26
22	27
22	29
22	30
22	31
22	32
23	24
23	25
23	26
23	27
23	28
23	29
23	30
23	31
23	32
24	26
24	27
24	28
24	30
24	31
25	26
25	27
25	28
25	29
25	30
25	32
26	27
26	28
26	29
26	31
26	32
27	28
27	29
27	30
27	31
27	32
28	29
28	30
28	31
29	30
29	31
29	32
30	31
33	34
33	35
33	36
33	37
33	38
33	39
33	40
33	41
33	43
34	35
34	37
34	38
34	40
34	42
35	36
35	37
35	38
35	39
35	40
35	41
35	43
36	37
36	39
36	40
36	41
36	42
36	43
37	38
37	39
37	40
37	41
37	43
38	39
38	40
38	41
38	42
39	40
39	42
39	43
40	41
40	43
41	42
41	43
42	43
44	45
44	46
44	47
44	49
44	51
44	52
44	54
45	46
45	47
45	48
45	49
45	50
45	51
45	52
45	54
46	47
46	48
46	49
46	51
46	52
46	53
46	54
47	48
47	49
47	50
47	51
47	52
47	53
47	54
48	49
48	51
48	52
48	53
48	54
49	50
49	51
49	52
49	54
50	51
50	53
50	54
51	52
51	53
52	53
53	54
55	57
55	58
55	59
55	60
55	61
55	62
55	63
55	64
56	57
56	58
56	60
56	63
56	64
57	58
57	59
57	60
57	61
57	62
57	63
57	64
58	60
58	61
58	63
58	64
59	60
59	61
59	62
59	64
60	61
60	63
60	64
61	62
61	63
61	64
62	63
63	64
65	66
65	67
65	68
65	69
65	70
65	72
65	73
65	74
65	75
65	76
65	77
66	68
66	69
66	70
66	71
66	73
66	74
66	75
66	76
66	77
66	78
67	69
67	70
67	71
67	72
67	74
67	75
67	76
67	77
67	78
68	69
68	70
68	71
68	72
68	74
68	75
68	76
68	77
69	71
69	72
69	73
69	74
69	75
69	76
69	77
69	78
70	71
70	73
70	74
70	75
70	76
70	77
70	78
71	72
71	73
71	74
71	75
71	76
71	78
72	73
72	77
72	78
73	74
73	75
73	76
73	77
74	75
74	76
74	77
75	76
75	78
76	78
79	81
79	82
79	83
79	84
79	86
79	87
79	88
79	89
80	81
80	82
80	84
80	86
80	87
80	88
80	89
81	82
81	83
81	84
81	86
81	87
81	88
81	89
82	83
82	84
82	85
82	86
82	87
82	88
82	89
83	84
83	86
83	89
84	85
84	86
84	87
84	88
84	89
85	86
85	87
85	88
85	89
86	87
86	88
87	89
88	89
90	91
90	94
90	95
90	96
90	97
90	98
90	100
91	92
91	93
91	94
91	95
91	96
91	97
91	98
91	100
92	93
92	94
92	95
92	96
92	97
92	99
92	100
93	94
93	96
93	97
93	98
93	99
93	100
94	96
94	97
94	98
94	100
95	99
95	100
96	97
96	98
96	100
97	99
98	99
99	100
101	102
101	103
101	104
101	106
101	107
101	108
101	109
102	103
102	104
102	105
102	106
102	107
102	108
102	109
102	110
102	111
103	104
103	105
103	106
103	107
103	108
103	109
103	110
104	106
104	107
104	111
105	106
105	107
105	108
105	109
105	110
105	111
106	107
106	108
106	109
106	110
106	111
107	108
107	109
107	110
107	111
108	109
108	110
108	111
109	110
109	111
112	116
112	118
112	119
112	120
112	121
112	122
113	115
113	116
113	117
113	118
113	119
113	120
113	121
113	122
114	115
114	117
114	118
114	119
114	120
114	121
114	122
115	116
115	118
115	119
115	120
115	122
116	118
116	119
116	120
116	121
116	122
117	118
117	120
117	121
118	119
118	120
118	121
118	122
119	120
119	121
119	122
120	121
120	122
121	122
123	124
123	125
123	126
123	127
123	128
123	129
123	130
123	131
123	132
123	134
124	125
124	126
124	127
124	128
124	129
124	130
124	131
124	133
124	134
125	126
125	127
125	128
125	130
125	131
125	133
125	134
126	127
126	129
126	130
126	131
126	132
126	133
126	134
127	128
127	129
127	130
127	131
127	132
127	133
127	134
128	129
128	130
128	131
128	132
128	133
129	130
129	131
129	133
129	134
130	131
130	133
130	134
131	132
131	134
132	134
133	134
135	137
135	139
135	142
135	143
135	145
135	146
136	138
136	139
136	140
136	141
136	143
136	144
136	145
136	146
137	138
137	139
137	140
137	141
137	142
137	143
137	144
137	145
137	146
138	139
138	140
138	142
138	143
138	144
138	145
138	146
139	140
139	141
139	142
139	143
139	144
139	145
139	146
140	141
140	143
140	144
140	145
140	146
141	142
141	143
141	144
141	145
142	143
142	144
142	145
142	146
143	144
143	146
144	145
144	146
145	146
147	148
147	149
147	150
147	151
147	152
147	153
147	154
147	155
147	157
147	158
148	150
148	151
148	153
148	154
148	155
148	156
148	157
148	158
149	150
149	151
149	152
149	153
149	154
149	155
149	156
149	157
150	151
150	152
150	154
150	155
150	156
150	157
150	158
151	152
151	153
151	154
151	155
151	157
151	158
152	154
152	155
152	156
152	157
153	154
153	155
153	157
153	158
154	155
154	156
154	158
155	156
155	157
155	158
156	157
156	158
157	158
159	160
159	162
159	164
159	165
159	166
159	167
159	168
159	169
160	164
160	165
160	166
160	167
160	168
160	169
161	162
161	163
161	164
161	165
161	166
161	167
161	168
161	169
162	165
162	166
162	168
162	169
163	165
163	166
163	167
163	169
164	165
164	166
164	167
164	168
164	169
165	166
165	167
165	168
165	169
166	167
166	168
166	169
167	169
168	169
