\\ machines
15
\\ max power
150
\\ Jobs in machine 1
12
J1	15	6	25	49	1.166777060234737
J2	14	10	50	51	1.4771900444363306
J3	14	6	69	57	0.7613980344775284
J4	15	9	83	49	1.3843550123947823
J5	15	7	37	87	1.1441742991667327
J6	14	1	108	70	2.1226437647298484
J7	17	14	42	109	1.8092922740641026
J8	13	7	46	86	1.689655154275442
J9	15	9	96	80	0.33000013430616837
J10	15	11	59	55	1.3638594295479212
J11	15	5	104	87	1.0727191211616693
J12	13	12	84	97	0.9769291124260435
\\ Jobs in machine 2
12
J13	16	13	28	6	1.3736496816325574
J14	15	11	49	5	0.4147070629217786
J15	16	6	75	34	0.1
J16	15	11	76	28	1.0384207844686415
J17	15	10	27	35	1.4896223161035913
J18	14	9	2	21	0.8220416808389437
J19	14	12	13	19	1.272122296052345
J20	15	5	109	39	0.9834374695773352
J21	15	10	45	83	1.077503550308822
J22	13	8	61	108	1.2535846171870775
J23	14	10	10	31	0.1
J24	14	11	102	99	0.9801209319552696
\\ Jobs in machine 3
12
J25	13	6	22	58	1.1508833480852982
J26	14	2	78	2	0.6075133192522353
J27	14	4	82	62	1.3322452262500926
J28	14	14	30	87	0.8891885750343627
J29	14	9	98	59	1.182613443528845
J30	14	9	65	53	2.0891758502029423
J31	15	9	38	98	1.4245983586358753
J32	14	6	72	100	1.0633953385341428
J33	13	14	105	63	0.6941718788399287
J34	16	4	96	61	0.4692820820467086
J35	15	7	11	10	1.3614797416710036
J36	14	10	99	9	1.2925607871497498
\\ Jobs in machine 4
10
J37	14	5	18	59	0.9742039607728425
J38	15	3	27	112	1.1827234137071805
J39	16	11	80	39	1.661997058693136
J40	15	6	105	35	1.299216031800982
J41	14	11	75	61	0.7962475941525902
J42	14	7	104	73	1.158657472592304
J43	15	1	11	21	1.160084701013575
J44	15	12	70	30	0.7370972295338244
J45	13	1	5	8	1.2596493647690197
J46	16	5	25	75	1.4303898074829746
\\ Jobs in machine 5
12
J47	13	3	82	94	1.729961744770434
J48	13	9	83	92	1.160325196059811
J49	15	4	26	109	1.3998855410550648
J50	15	7	61	62	1.0287895345687295
J51	14	3	40	66	0.8681292440627965
J52	14	5	12	76	1.8399505122792772
J53	14	14	8	45	0.4226397598851761
J54	15	3	61	78	1.6384487784494284
J55	16	10	98	6	1.724611725729624
J56	15	11	33	19	2.2722150696291545
J57	16	4	88	32	1.1591993352630794
J58	14	9	59	87	0.9576062707793762
\\ Jobs in machine 6
12
J59	17	2	51	64	1.4823237895451986
J60	15	8	89	71	1.6718294997312915
J61	14	4	26	52	1.6591140581697363
J62	15	13	21	16	1.0769960638606244
J63	14	13	39	26	0.775340699669085
J64	16	12	59	34	1.4817069291712297
J65	15	1	10	100	0.9076521940874358
J66	13	9	33	21	0.7428403430249405
J67	13	13	68	50	1.2805493258821297
J68	15	12	38	88	1.2041181454140828
J69	13	1	62	72	0.6723671931026333
J70	16	5	99	44	0.9170368631487321
\\ Jobs in machine 7
11
J71	16	2	34	74	0.1
J72	16	4	25	64	1.0857151133967975
J73	14	1	90	38	1.0315269106651501
J74	14	7	14	48	1.8749203467099793
J75	14	12	109	54	0.49839605791759645
J76	14	6	103	41	1.2711795472610752
J77	15	3	89	62	1.4932986354671995
J78	13	13	4	15	0.32457510930102984
J79	17	3	67	17	1.348119642761173
J80	14	7	86	14	0.6969856824576892
J81	15	6	28	11	1.9861388605743686
\\ Jobs in machine 8
10
J82	14	9	29	18	1.5262676779237294
J83	15	7	96	66	0.5582059888747913
J84	14	13	56	5	1.6767279613552288
J85	15	5	87	20	1.0001752633227903
J86	14	4	54	87	1.3627929729378643
J87	15	13	9	100	1.3397917921854487
J88	15	7	104	45	1.9216925286110476
J89	15	6	73	31	0.8601334123826695
J90	15	11	41	84	0.12768371587123073
J91	14	12	58	14	1.9149151002904783
\\ Jobs in machine 9
12
J92	13	13	23	18	0.31152237696785756
J93	15	9	87	44	0.7208431846856832
J94	14	14	64	58	1.3533482432106663
J95	14	13	16	37	1.4738465447096247
J96	15	10	102	5	0.6438170981254802
J97	13	9	109	19	1.3995361822507546
J98	14	10	15	8	0.4979788426697771
J99	14	3	55	54	1.6888369590023398
J100	15	12	109	98	1.5879077887032884
J101	13	2	68	6	0.6103201455049821
J102	13	10	72	9	1.0869321903173552
J103	13	7	5	17	0.725105142460984
\\ Jobs in machine 10
11
J104	15	8	23	41	1.1126002571994278
J105	15	14	103	78	1.2189766706469434
J106	14	14	49	110	1.820861631205763
J107	14	11	100	46	1.7544878960505175
J108	14	12	91	33	1.611629976661775
J109	17	1	92	7	1.5477670024412271
J110	13	4	92	48	2.036841674101128
J111	15	13	80	30	2.4975532966923604
J112	15	1	51	60	1.7477408130943273
J113	16	14	95	24	1.453345782314222
J114	14	3	65	61	0.1
\\ Jobs in machine 11
11
J115	16	11	96	43	1.1087587206520741
J116	15	10	3	26	1.2095770668584906
J117	15	10	103	14	0.985952809988246
J118	14	3	86	7	0.9542053765593786
J119	15	14	20	52	0.830939414144133
J120	16	5	74	39	1.0454619513891843
J121	14	7	31	97	0.2255554707983508
J122	15	3	8	70	0.802775893107829
J123	17	11	99	81	0.5326136405750674
J124	15	6	51	38	1.2497272446304364
J125	15	14	109	15	1.1833711252033299
\\ Jobs in machine 12
11
J126	14	10	10	2	0.43028708835475626
J127	15	14	31	70	1.1254125487981579
J128	16	5	22	62	1.229606291694564
J129	13	14	84	83	1.6794596527432792
J130	14	7	21	5	2.0222753973295733
J131	16	7	35	15	1.1693161956225508
J132	16	1	52	5	1.4840738504999238
J133	14	2	80	53	0.6968511989536222
J134	15	6	86	105	1.2754829991029886
J135	14	3	110	65	1.6096244368810582
J136	14	10	63	104	1.739649877571082
\\ Jobs in machine 13
10
J137	16	9	94	21	0.6677299039324464
J138	16	12	48	70	0.7687640148906876
J139	15	3	29	111	0.600455468922386
J140	13	13	101	51	0.9075058662569052
J141	15	9	101	113	1.3216751557070971
J142	13	14	46	81	1.006651380470459
J143	13	7	90	59	0.5246275783956782
J144	16	6	22	53	1.0693477939932192
J145	14	1	87	59	0.8140333642864706
J146	15	12	66	104	1.06139223495044
\\ Jobs in machine 14
10
J147	13	7	85	42	2.639660113739488
J148	14	13	26	38	1.414939079324015
J149	14	7	96	111	0.9982596550706557
J150	15	9	77	59	1.9998590414077597
J151	14	2	38	45	0.8923489812312086
J152	16	3	11	4	0.6108202494536542
J153	14	3	68	9	1.3341422687930615
J154	14	13	108	55	1.4339687602608242
J155	13	11	7	5	1.1003893403469713
J156	16	7	70	93	1.4189634049308741
\\ Jobs in machine 15
10
J157	14	12	108	106	1.7157555775118238
J158	15	9	19	64	1.359872399943575
J159	14	11	85	59	1.3810282168251011
J160	15	9	31	81	1.1852765474448272
J161	14	11	62	51	1.2277616332412364
J162	15	1	59	51	0.9605785160123717
J163	17	12	12	51	1.2216491105613134
J164	15	7	36	6	1.6203185694097182
J165	13	1	82	2	0.9985062078576511
J166	14	4	62	5	1.8089583490089787
\\ Dependencies 
177
1	2
1	3
1	7
1	8
2	5
3	5
3	8
5	6
5	10
5	11
6	9
9	10
13	14
13	17
14	15
14	18
14	23
15	22
16	22
16	23
17	20
17	22
17	23
19	21
19	24
20	21
21	22
22	23
25	26
25	30
25	31
25	35
26	33
26	36
27	28
27	36
28	30
28	33
29	31
29	35
30	32
30	35
32	33
32	36
33	34
34	35
37	46
38	41
38	43
38	44
39	41
39	42
39	44
39	46
40	41
41	46
42	45
43	45
43	46
47	50
47	51
47	53
47	56
48	53
48	56
48	57
49	53
50	54
51	54
51	57
51	58
52	53
52	56
52	57
54	55
54	58
59	61
59	67
59	68
60	61
60	63
60	64
60	67
60	70
61	63
62	68
64	65
64	67
64	70
65	67
65	70
66	68
66	69
68	69
72	73
72	74
75	77
76	77
77	78
77	80
82	83
82	84
83	85
83	88
84	87
84	88
84	89
86	90
88	90
92	94
93	96
93	97
93	102
94	102
96	97
96	98
96	101
104	109
105	106
105	108
105	111
106	109
106	113
107	109
107	110
107	113
108	110
109	112
110	112
111	114
115	117
115	122
116	117
116	124
117	122
119	120
119	124
120	123
121	123
121	124
122	125
126	134
127	130
127	136
128	135
129	135
130	131
130	132
131	136
132	134
133	135
133	136
137	139
137	141
140	146
142	143
142	145
142	146
148	150
149	153
149	155
149	156
150	152
150	153
153	154
153	156
155	156
157	159
157	164
158	162
159	164
160	162
160	165
161	162
162	164
163	166
164	166
