\\ machines
7
\\ max power
70
\\ Jobs in machine 1
13
J1	16	9	28	13	0.2008058896088326
J2	15	14	11	13	1.287585988285081
J3	15	2	96	28	1.2485042997932112
J4	14	14	62	34	1.5938410337637983
J5	14	7	51	3	1.8557655461771962
J6	14	10	11	1	0.8639676419188811
J7	12	9	110	25	1.7859119234711793
J8	14	14	66	28	0.5142374275146258
J9	13	4	9	17	0.49717649758392457
J10	14	1	48	13	0.6985952321273546
J11	14	4	67	35	1.5260834610087337
J12	16	14	29	23	1.6284248416288052
J13	13	6	72	5	0.3994471676019946
\\ Jobs in machine 2
11
J14	16	11	67	20	1.3568791686777764
J15	14	7	49	26	1.6589589244713403
J16	14	5	60	17	0.5938137342600539
J17	16	1	77	5	2.0985505291233926
J18	14	3	69	14	0.9069139792959351
J19	13	3	77	20	0.7359631947176974
J20	15	10	5	31	1.591383742728266
J21	14	7	15	4	1.0871967275224073
J22	13	9	68	26	0.5094782182314214
J23	13	10	40	1	1.204856781899717
J24	14	12	8	2	1.2683712622511676
\\ Jobs in machine 3
12
J25	15	11	97	1	1.2150089381919666
J26	14	10	85	10	1.1221632865385593
J27	13	7	13	3	1.665857123555555
J28	16	8	37	20	0.9450144732613357
J29	14	7	30	29	1.275193156169003
J30	14	14	19	28	1.0669647519371428
J31	15	2	57	27	0.6928974505974864
J32	14	14	19	22	1.549265610048355
J33	15	11	65	19	2.2893070530237267
J34	15	10	17	5	1.627383258224802
J35	14	8	51	13	1.2014808313016574
J36	16	11	87	2	0.6541873905452716
\\ Jobs in machine 4
12
J37	15	8	59	23	1.7860293890984074
J38	13	7	77	4	1.22030327743321
J39	14	13	106	29	0.8343630562881279
J40	14	1	40	7	0.9289750564296164
J41	13	12	66	5	0.28008767476491736
J42	13	2	20	26	1.8854974738647465
J43	15	1	77	32	1.3982794371570435
J44	15	2	93	29	1.358529439735044
J45	16	14	27	23	0.7418306200667331
J46	15	6	48	26	0.7037395599672198
J47	14	5	89	29	1.0263789723574261
J48	16	13	66	19	0.8409834106169276
\\ Jobs in machine 5
12
J49	13	7	45	21	1.4438947862032088
J50	15	1	37	18	1.8395484832372988
J51	13	8	21	23	0.47347610224706493
J52	14	7	39	3	1.4688851661176123
J53	14	9	25	28	1.507734883492481
J54	15	2	38	30	0.30987955452192495
J55	15	14	103	8	1.0158904396645896
J56	15	1	31	28	1.841340141196433
J57	14	1	86	9	1.4908932135919117
J58	15	6	29	27	1.2407120358178203
J59	15	11	96	25	0.783890616652333
J60	14	10	9	17	1.1631384449584035
\\ Jobs in machine 6
10
J61	15	12	26	18	0.6600166625037609
J62	16	4	15	10	1.5375132985058835
J63	14	14	15	32	1.424870850599246
J64	16	1	62	35	0.5506776418878109
J65	17	6	12	8	1.6677877287198493
J66	14	9	101	18	0.8011705521814321
J67	15	12	91	13	0.1982642716367511
J68	15	3	93	14	0.7606247530990548
J69	14	9	45	21	0.8390621174383512
J70	15	1	40	29	1.3733012885100666
\\ Jobs in machine 7
10
J71	15	7	107	30	1.9301695691548977
J72	12	13	99	3	1.5859981883986194
J73	15	10	72	26	1.2283905832911342
J74	15	6	95	34	1.968736053538291
J75	15	6	102	11	0.6053791581267257
J76	15	2	49	17	1.1361559468897164
J77	14	9	17	15	1.2501415194810532
J78	14	3	44	28	0.6408549497564164
J79	16	8	44	2	0.9896085690982223
J80	14	13	53	9	0.19273067859785709
\\ Dependencies 
332
1	2
1	3
1	4
1	5
1	6
1	8
1	9
1	10
1	11
1	12
2	3
2	4
2	5
2	8
2	9
2	10
2	11
3	4
3	5
3	6
3	7
3	8
3	9
3	10
3	11
3	13
4	5
4	6
4	9
4	11
4	12
5	6
5	7
5	8
5	9
5	10
5	11
5	12
5	13
6	8
6	10
6	12
6	13
7	8
7	9
7	10
7	11
7	12
8	10
8	11
8	12
8	13
9	10
9	11
9	12
10	11
10	12
10	13
11	12
11	13
14	16
14	17
14	18
14	19
14	20
14	21
14	22
14	23
14	24
15	16
15	17
15	18
15	19
15	21
15	22
15	23
15	24
16	17
16	18
16	19
16	20
16	21
16	22
16	23
16	24
17	18
17	20
17	21
17	22
17	24
18	19
18	20
18	21
18	22
18	23
18	24
19	22
19	23
19	24
20	21
20	22
20	23
20	24
21	23
21	24
22	23
23	24
25	27
25	28
25	29
25	30
25	31
25	32
25	33
25	34
25	35
25	36
26	27
26	28
26	29
26	31
26	32
26	33
26	34
26	35
26	36
27	28
27	29
27	30
27	31
27	32
27	33
27	34
27	36
28	29
28	30
28	31
28	35
28	36
29	30
29	31
29	32
29	33
29	35
29	36
30	31
30	32
30	34
30	36
31	33
31	34
31	35
31	36
32	33
32	34
32	35
32	36
33	34
33	35
33	36
34	36
35	36
37	38
37	39
37	42
37	43
37	44
37	45
37	46
37	47
37	48
38	40
38	42
38	43
38	44
38	45
38	46
38	47
38	48
39	40
39	41
39	42
39	43
39	44
39	45
39	47
39	48
40	42
40	43
40	44
40	46
40	47
41	42
41	43
41	44
41	45
41	46
41	47
41	48
42	44
42	45
42	46
42	47
42	48
43	44
43	45
43	46
43	47
43	48
44	45
44	46
44	47
44	48
45	47
45	48
46	47
46	48
47	48
49	50
49	51
49	52
49	53
49	54
49	55
49	56
49	57
49	58
49	60
50	51
50	52
50	53
50	54
50	55
50	56
50	57
50	58
50	60
51	52
51	53
51	55
51	56
51	59
51	60
52	55
52	57
52	59
52	60
53	54
53	56
53	57
53	58
53	59
53	60
54	56
54	57
54	58
54	60
55	56
55	57
55	58
55	59
55	60
56	57
56	58
56	60
57	59
58	59
58	60
59	60
61	62
61	63
61	64
61	65
61	66
61	67
61	69
61	70
62	63
62	64
62	65
62	67
62	68
63	65
63	66
63	67
63	68
63	69
64	65
64	67
64	69
64	70
65	68
65	70
66	67
66	68
66	69
67	68
67	70
68	69
69	70
71	73
71	74
71	75
71	77
71	78
71	79
71	80
72	73
72	74
72	75
72	77
72	79
72	80
73	74
73	75
73	77
73	78
73	79
73	80
74	75
74	78
74	79
75	77
75	79
76	77
76	78
76	80
77	78
77	79
77	80
78	79
78	80
