\\ machines
20
\\ max power
200
\\ Jobs in machine 1
10
J1	15	7	77	43	0.8953949272584244
J2	15	8	74	24	0.4980975647700866
J3	13	5	48	9	1.5073643473564462
J4	16	4	103	18	0.2798923797268329
J5	15	8	48	18	1.7228732724953695
J6	13	11	50	16	0.8357647349981829
J7	13	9	99	13	0.7470065545869902
J8	14	4	59	19	1.3130998096022364
J9	15	4	83	28	1.7918298943974391
J10	15	4	79	18	1.4856275581655507
\\ Jobs in machine 2
11
J11	15	4	105	11	1.5919556662326788
J12	14	8	11	47	0.9066494328072892
J13	15	12	108	50	0.8559052743344492
J14	15	13	45	34	0.46677873196341124
J15	11	14	25	5	0.867150891052467
J16	14	12	64	42	1.302491811766473
J17	14	2	5	8	0.9381877965736991
J18	14	13	15	11	1.8531696525261545
J19	15	9	40	24	1.740654877612175
J20	15	10	17	25	1.4335712165826104
J21	15	5	53	23	1.7042935074195138
\\ Jobs in machine 3
11
J22	16	4	29	22	0.7430646512398253
J23	15	11	24	32	0.9875938797532189
J24	12	4	74	34	1.3502199535820227
J25	16	1	68	48	0.82666877411457
J26	15	7	109	43	1.8765765994332348
J27	14	6	60	26	1.572207845663831
J28	14	12	68	16	0.3721517174653578
J29	13	12	110	6	0.7035416047542011
J30	14	9	8	40	0.9259482557099774
J31	16	13	28	16	1.0041518612926204
J32	14	11	31	38	0.6559639725263697
\\ Jobs in machine 4
10
J33	15	7	106	12	0.6643022731516394
J34	17	6	36	22	1.8634966403360704
J35	15	11	47	20	0.4510276841079056
J36	14	10	37	38	1.4321678259823578
J37	15	13	52	34	1.6352950136067856
J38	15	3	82	31	0.9939218642962772
J39	17	12	12	39	1.3984224665142313
J40	15	2	38	2	0.1
J41	15	7	53	18	2.1566989213316594
J42	15	6	97	31	1.590299686942792
\\ Jobs in machine 5
12
J43	14	6	76	48	1.2783398687816505
J44	14	7	5	4	1.5054561835529445
J45	16	2	57	10	1.5687286734916606
J46	15	5	105	34	1.5425182158700235
J47	14	14	95	20	0.9813320987609301
J48	14	9	45	6	0.8622811758817612
J49	13	14	92	6	1.2098616674650122
J50	15	5	70	18	1.278001176224107
J51	15	12	18	7	1.8713249624642836
J52	16	7	82	18	1.8442957505089639
J53	14	5	81	25	1.6378371915647159
J54	14	10	77	45	0.24889580520113574
\\ Jobs in machine 6
11
J55	15	10	107	26	1.395107515045297
J56	13	6	102	44	0.9919864093378833
J57	15	12	2	49	1.0595632374027706
J58	16	7	53	9	0.47211071857588705
J59	13	3	10	2	0.27623846672441155
J60	16	5	4	25	0.36218442464372735
J61	15	9	23	43	1.6938016395057016
J62	15	4	97	40	1.6742254484672292
J63	15	13	86	18	2.5198428207954393
J64	15	8	21	49	1.6850743812382643
J65	13	2	83	44	0.7506634702783008
\\ Jobs in machine 7
10
J66	15	7	62	33	0.44775444330906267
J67	14	7	98	25	1.1629406161415197
J68	15	2	74	5	0.16695691423480574
J69	15	12	101	24	0.8449177619941342
J70	13	5	39	25	0.6914899295722655
J71	15	2	110	28	1.0992612271409095
J72	12	8	3	18	1.6437939827112813
J73	15	3	44	6	0.5594818268587232
J74	15	12	62	13	0.7762916105001963
J75	15	4	53	3	1.2556178405786627
\\ Jobs in machine 8
11
J76	15	6	51	26	0.1
J77	14	6	103	28	0.6298441900491227
J78	14	5	47	7	0.9385627930842187
J79	15	7	26	44	1.3583005593708584
J80	16	9	19	22	1.6287389249275068
J81	14	7	25	3	1.055557603705184
J82	15	2	30	24	1.8286801650399827
J83	14	8	29	40	1.298857308974236
J84	14	5	19	25	1.2456025049635244
J85	15	6	77	44	1.5799669371839808
J86	14	3	87	7	1.153971969973751
\\ Jobs in machine 9
11
J87	14	14	41	3	0.7825838601858599
J88	14	2	97	47	1.5839548165411892
J89	16	9	37	41	0.7005257002848214
J90	15	4	100	26	1.6951529358653392
J91	13	13	25	40	0.497620800399035
J92	14	11	82	40	2.223102055388333
J93	14	11	44	20	1.5216753718583338
J94	15	1	32	23	1.792114517927903
J95	14	7	16	38	1.5182906690422304
J96	14	4	64	21	0.43636597925095355
J97	14	6	56	23	1.441324069282924
\\ Jobs in machine 10
10
J98	15	5	18	21	1.0494733154014995
J99	14	5	101	49	2.0548786630537843
J100	14	14	97	29	0.15156864413839521
J101	15	10	74	16	1.5155461341149734
J102	13	5	83	20	0.922848227368388
J103	14	2	51	37	0.3902412852135997
J104	16	2	47	2	0.9265180423230397
J105	13	1	99	17	1.2940584696197803
J106	14	8	37	46	1.554729434173371
J107	16	10	71	19	1.1575442762806896
\\ Jobs in machine 11
10
J108	16	5	24	7	1.3339165804099684
J109	14	9	36	35	1.145424063802012
J110	15	11	10	38	1.0472486051225363
J111	15	14	25	29	1.1668786036435828
J112	15	1	92	45	1.005046459120742
J113	15	7	66	18	0.9805352149336444
J114	15	2	31	19	1.7805650678572311
J115	14	5	64	20	1.174762264571292
J116	15	8	25	38	1.8922145732847675
J117	13	10	53	18	0.4741903241473696
\\ Jobs in machine 12
12
J118	16	13	68	27	0.8501681817953781
J119	14	12	16	4	1.332873448606788
J120	14	13	104	37	2.0474570741886917
J121	14	13	77	13	1.3666017156204877
J122	15	11	31	34	1.027825548150128
J123	13	9	92	13	1.2443254289490082
J124	13	9	73	28	1.2588732000643892
J125	14	11	110	2	1.0464480590561944
J126	14	7	90	45	0.7527222945420015
J127	15	12	20	32	1.514941156280986
J128	14	10	26	17	1.6600125723807697
J129	14	12	71	43	1.2365052584837524
\\ Jobs in machine 13
10
J130	15	11	103	20	1.3370376243281419
J131	15	13	52	6	0.23471114873685983
J132	16	6	57	34	0.6678353115199097
J133	15	4	90	25	0.37988934545071806
J134	15	3	42	8	0.8316840658792484
J135	14	2	49	21	0.8752569201280858
J136	14	5	10	12	0.6645579370369055
J137	15	11	6	45	0.994888097723457
J138	14	8	67	16	1.0989392362889008
J139	13	9	73	34	0.6914762194107917
\\ Jobs in machine 14
10
J140	15	8	3	48	1.2226527221039802
J141	15	8	58	30	0.7151928705743856
J142	16	5	40	35	0.8631676809179079
J143	15	3	90	32	0.9380956767893123
J144	14	5	16	32	1.465632374107485
J145	14	7	21	8	2.0758858520386916
J146	14	2	62	11	0.6466969789620952
J147	15	5	36	17	1.3914248732465173
J148	16	13	96	9	1.0909521772946358
J149	13	5	93	7	0.9265135261939224
\\ Jobs in machine 15
9
J150	14	1	8	38	1.6307935013768193
J151	17	11	26	43	1.7324221411028755
J152	15	11	93	41	1.023317353044726
J153	15	14	34	40	0.504457185566249
J154	13	8	98	49	1.439992216228436
J155	13	7	104	2	0.22967409997003274
J156	14	14	36	1	1.5868498472089407
J157	14	14	102	4	0.929490902636604
J158	15	13	80	39	1.2999382142128928
\\ Jobs in machine 16
11
J159	13	13	86	3	1.7761719105753975
J160	15	4	99	8	0.8957765573232424
J161	15	7	92	1	1.6590150750305614
J162	15	14	32	27	1.066365484949591
J163	14	10	32	33	0.5099248020607825
J164	15	11	60	44	1.1483498240165764
J165	13	8	36	26	0.6695614665951823
J166	16	3	5	41	1.2206941370593198
J167	14	4	91	19	0.8710601916057019
J168	14	5	3	45	1.2638160899853472
J169	15	8	27	18	1.1251250769852132
\\ Jobs in machine 17
11
J170	14	6	23	25	2.562338623230599
J171	14	3	14	42	1.0740271514546778
J172	14	6	75	34	1.770143072515271
J173	13	13	103	39	1.7497155907067268
J174	14	1	88	44	1.1230114233827186
J175	14	12	52	12	0.4639619973744674
J176	14	10	46	38	0.5302549512248991
J177	13	1	74	10	2.198905723814877
J178	15	14	44	29	1.5982309927199947
J179	15	12	106	1	1.1134290689972897
J180	15	14	50	21	1.1922321940420708
\\ Jobs in machine 18
9
J181	14	3	89	32	1.505511471332619
J182	13	13	68	9	1.70237080756274
J183	15	13	6	2	1.0655332637010726
J184	14	14	66	48	1.2850852978542813
J185	15	12	85	40	1.1507167232379187
J186	14	3	70	35	1.337817134650727
J187	14	7	7	15	1.7989206685679364
J188	14	6	54	29	0.9930528715213844
J189	14	13	93	14	1.1012064714488223
\\ Jobs in machine 19
12
J190	14	12	22	12	0.9953225442969323
J191	15	7	24	16	0.2685571335064122
J192	14	12	60	15	1.5159124102685302
J193	15	4	83	20	0.6612650914833808
J194	15	13	107	12	2.3102460156720506
J195	14	7	35	22	1.485413386416462
J196	15	4	44	14	0.9020377108320152
J197	15	5	25	39	1.107816724828287
J198	14	14	13	32	0.7489455482748415
J199	14	8	21	10	1.0355774451568287
J200	15	14	38	50	1.1651623270666114
J201	14	6	90	50	0.8008919959996119
\\ Jobs in machine 20
12
J202	16	11	43	45	1.0497881081467222
J203	15	7	67	9	1.4592670515887465
J204	16	8	110	24	1.3447841817160135
J205	16	2	32	43	1.4042820290585714
J206	14	12	85	17	1.7989828028939865
J207	14	7	61	37	1.197438248412107
J208	16	7	16	42	1.3451446428042715
J209	13	10	29	26	0.8516161083122924
J210	14	9	101	15	0.9885291186097349
J211	13	5	109	27	1.0701923717853232
J212	13	2	96	39	1.8903579955392842
J213	15	12	45	40	0.8487317879796343
\\ Dependencies 
830
1	3
1	4
1	5
1	7
1	8
1	9
2	4
2	5
2	7
2	8
2	9
3	4
3	5
3	6
3	7
3	9
4	5
4	6
4	7
4	8
4	9
4	10
5	6
5	7
5	8
5	9
5	10
6	7
6	8
6	9
7	8
7	10
8	9
8	10
9	10
11	12
11	13
11	14
11	15
11	17
11	18
11	19
11	21
12	13
12	14
12	15
12	16
12	18
12	19
12	20
13	15
13	16
13	17
13	18
13	19
13	20
13	21
14	17
14	18
14	20
15	16
15	18
15	19
15	20
15	21
16	17
16	19
16	20
16	21
17	18
17	19
17	20
18	19
18	21
19	20
19	21
20	21
22	23
22	25
22	26
22	27
22	28
22	29
22	30
22	31
22	32
23	24
23	26
23	27
23	28
23	29
23	30
23	31
23	32
24	25
24	26
24	27
24	29
24	31
25	26
25	27
25	28
25	29
25	30
25	31
26	27
26	28
26	29
26	30
26	31
26	32
27	28
27	29
27	30
27	31
27	32
28	29
28	30
28	31
28	32
29	31
29	32
30	31
31	32
33	34
33	35
33	36
33	38
33	39
33	40
33	42
34	35
34	37
34	38
34	39
34	40
34	41
34	42
35	37
35	38
35	40
35	41
35	42
36	39
36	40
36	41
36	42
37	38
37	39
37	40
37	41
37	42
38	39
38	40
38	41
38	42
39	40
39	41
39	42
40	42
41	42
43	44
43	45
43	47
43	48
43	50
43	51
43	52
43	53
43	54
44	45
44	46
44	47
44	48
44	50
44	52
44	53
44	54
45	46
45	47
45	48
45	49
45	50
45	51
45	52
45	53
45	54
46	47
46	50
46	51
46	52
46	54
47	48
47	50
47	51
47	52
47	53
47	54
48	50
48	51
48	52
48	53
48	54
49	50
49	52
49	53
49	54
50	52
50	53
51	52
51	53
51	54
52	53
52	54
53	54
55	56
55	57
55	59
55	60
55	61
55	62
55	63
55	64
55	65
56	57
56	58
56	59
56	60
56	62
56	63
56	64
56	65
57	58
57	59
57	61
57	62
57	63
57	64
58	59
58	60
58	61
58	62
58	63
58	64
58	65
59	60
59	63
59	64
59	65
60	61
60	62
60	63
60	64
60	65
61	62
61	64
61	65
62	63
62	64
62	65
63	64
63	65
64	65
66	67
66	68
66	69
66	70
66	71
66	73
66	74
66	75
67	68
67	70
67	71
67	72
67	73
67	74
67	75
68	69
68	70
68	73
68	74
68	75
69	70
69	72
69	73
69	74
69	75
70	71
70	74
70	75
71	72
71	73
71	74
72	73
72	74
72	75
73	74
73	75
74	75
76	77
76	78
76	79
76	81
76	83
76	84
76	85
76	86
77	78
77	79
77	80
77	81
77	82
77	83
77	84
78	80
78	81
78	82
78	83
78	85
78	86
79	80
79	81
79	84
79	85
79	86
80	81
80	82
80	83
80	84
80	86
81	82
81	83
81	84
81	85
81	86
82	83
82	84
82	85
83	85
84	85
84	86
85	86
87	88
87	89
87	90
87	91
87	93
87	94
87	95
87	96
87	97
88	92
88	94
88	96
88	97
89	90
89	91
89	92
89	93
89	94
89	95
89	97
90	91
90	92
90	94
90	96
90	97
91	92
91	93
91	96
91	97
92	94
92	95
92	96
92	97
93	94
93	95
93	96
93	97
94	95
94	96
95	97
98	99
98	100
98	103
98	104
98	105
98	107
99	100
99	101
99	102
99	103
99	104
99	105
99	106
99	107
100	103
100	104
100	106
100	107
101	102
101	103
101	104
101	105
101	106
101	107
102	103
102	105
102	106
103	105
103	106
103	107
104	105
104	106
104	107
105	106
105	107
106	107
108	109
108	111
108	112
108	113
108	114
108	116
109	110
109	111
109	112
109	113
109	114
109	117
110	115
110	116
110	117
111	112
111	113
111	114
111	115
112	113
112	114
112	116
112	117
113	114
113	116
113	117
114	115
114	116
114	117
115	116
115	117
116	117
118	119
118	120
118	121
118	123
118	124
118	125
118	126
118	127
118	128
118	129
119	120
119	121
119	122
119	123
119	124
119	125
119	126
119	127
119	129
120	121
120	122
120	123
120	126
120	129
121	123
121	124
121	125
121	126
121	127
121	128
121	129
122	123
122	124
122	126
122	127
122	128
123	124
123	125
123	126
123	127
123	128
123	129
124	125
124	126
124	127
124	128
124	129
125	126
125	127
125	128
125	129
126	127
126	128
126	129
127	128
128	129
130	131
130	132
130	133
130	134
130	135
130	136
130	139
131	132
131	133
131	134
131	135
131	136
131	137
131	138
132	133
132	134
132	136
132	137
132	138
132	139
133	135
133	138
133	139
134	135
134	137
134	138
134	139
135	136
135	137
135	139
136	139
137	138
138	139
140	141
140	142
140	143
140	144
140	145
140	146
140	147
140	148
140	149
141	142
141	145
141	146
141	147
141	148
141	149
142	143
142	144
142	146
142	147
142	148
142	149
143	144
143	147
143	148
143	149
144	145
144	146
144	147
144	148
144	149
145	146
145	147
145	148
145	149
146	147
146	149
147	148
147	149
150	151
150	153
150	155
150	156
150	157
151	152
151	153
151	154
151	155
151	157
151	158
152	153
152	154
152	155
152	156
152	157
153	154
153	155
153	156
153	157
153	158
154	156
154	157
154	158
155	156
155	157
155	158
156	158
157	158
159	160
159	161
159	162
159	165
159	166
159	167
159	168
159	169
160	162
160	163
160	164
160	165
160	166
160	167
160	168
161	162
161	163
161	164
161	165
161	168
161	169
162	163
162	164
162	165
162	167
162	168
162	169
163	164
163	165
163	166
163	167
163	168
163	169
164	165
164	166
164	167
164	168
164	169
165	166
165	167
165	168
165	169
166	167
166	168
166	169
167	169
168	169
170	171
170	173
170	175
170	176
170	178
170	179
171	174
171	175
171	176
171	177
171	178
171	180
172	173
172	174
172	175
172	176
172	177
172	178
172	179
173	174
173	175
173	176
173	178
173	179
173	180
174	175
174	176
174	177
174	178
174	179
174	180
175	176
175	177
175	178
175	179
175	180
176	177
176	178
176	179
176	180
177	178
177	179
177	180
178	179
178	180
179	180
181	183
181	184
181	186
181	187
181	188
181	189
182	185
182	186
182	187
182	188
182	189
183	184
183	185
183	186
183	187
184	185
184	186
184	187
184	188
184	189
185	187
185	188
185	189
186	189
187	188
187	189
188	189
190	191
190	192
190	194
190	195
190	196
190	197
190	200
190	201
191	192
191	193
191	194
191	195
191	196
191	197
191	198
191	199
191	200
191	201
192	193
192	194
192	195
192	196
192	197
192	199
192	200
193	194
193	196
193	197
193	198
193	200
193	201
194	195
194	196
194	197
194	198
194	199
194	200
194	201
195	196
195	197
195	198
195	199
195	200
196	197
196	198
196	199
196	200
196	201
197	199
197	201
198	200
198	201
199	200
199	201
200	201
202	203
202	204
202	205
202	207
202	208
202	210
202	211
202	213
203	204
203	205
203	206
203	207
203	208
203	209
203	211
203	212
203	213
204	205
204	206
204	207
204	208
204	209
204	211
204	212
205	206
205	208
205	209
205	210
205	211
206	207
206	210
206	211
206	213
207	209
207	210
207	211
207	213
208	209
208	210
208	213
209	210
209	211
209	212
209	213
210	211
210	212
210	213
211	212
