\\ machines
10
\\ max power
100
\\ Jobs in machine 1
11
J1	15	9	71	8	1.1872029950128122
J2	15	9	63	9	1.275971458727632
J3	14	2	105	22	0.5155612598088615
J4	14	8	22	11	0.8842947928483433
J5	16	1	60	7	1.7521734151130848
J6	14	7	2	20	0.42546602661136335
J7	13	1	16	19	0.356182480809098
J8	13	11	66	12	1.5934564986771413
J9	15	1	110	14	0.8765816211586623
J10	13	5	72	4	1.50503421276047
J11	13	6	81	20	0.7386637007083839
\\ Jobs in machine 2
11
J12	15	11	53	5	0.8503051820785402
J13	14	12	82	8	0.6101945610993159
J14	15	2	24	19	1.3706274583929523
J15	14	7	30	17	1.6983507616534612
J16	14	12	88	7	1.8229410861107578
J17	14	8	26	1	1.392759680092092
J18	16	2	74	22	0.4598749889203638
J19	13	3	104	6	1.0511075037264734
J20	14	7	109	19	1.2513908906042348
J21	14	11	31	3	1.23101510603308
J22	15	9	48	15	1.9490234799608024
\\ Jobs in machine 3
9
J23	16	1	25	25	1.0877832628589574
J24	14	12	100	13	1.1517521440284781
J25	15	6	92	12	1.1786124178376967
J26	15	8	110	6	1.0539171902956346
J27	15	1	96	19	1.4672084041464792
J28	16	4	68	25	1.2191322441184291
J29	13	3	45	19	1.3651981529463768
J30	16	10	34	16	1.6807510657798188
J31	15	8	19	8	0.7949129056262932
\\ Jobs in machine 4
10
J32	16	5	37	12	1.7155339742608522
J33	15	9	37	13	1.5781945267968367
J34	15	3	67	20	1.2169934628844936
J35	13	13	38	8	1.457807720695622
J36	15	1	107	9	0.9927947726180664
J37	16	1	47	25	1.198806509247532
J38	15	5	15	6	1.2279618313139316
J39	14	4	25	22	1.8597269553599403
J40	15	2	64	6	1.0083779339743804
J41	17	8	30	2	1.2446713529609037
\\ Jobs in machine 5
11
J42	15	10	12	19	1.6168987925640677
J43	14	4	6	21	1.04701263177355
J44	15	5	104	14	0.6288002556994288
J45	15	8	65	12	0.19351333442852892
J46	14	10	11	6	1.0916826539176472
J47	15	8	95	16	0.6953912186812458
J48	14	9	8	13	1.0488969596243638
J49	14	6	104	18	1.1457959940662414
J50	12	11	35	21	1.2201506009412844
J51	15	13	24	2	1.428874650069004
J52	15	1	78	23	1.1062187782384993
\\ Jobs in machine 6
12
J53	15	13	25	24	1.2710721703244814
J54	14	2	2	13	1.9057052230656006
J55	15	6	32	4	1.1996781651280097
J56	13	12	69	7	0.9699379424732151
J57	14	5	53	5	1.3543828956600084
J58	14	7	78	20	2.16151436042082
J59	15	4	43	20	1.528881241019569
J60	13	14	67	8	1.1315284863527053
J61	14	4	109	5	1.676829588126759
J62	14	11	8	8	1.8903471346552174
J63	16	13	108	13	1.3033945634520234
J64	14	13	84	8	2.2227598662755916
\\ Jobs in machine 7
14
J65	15	2	36	13	2.1945001933732446
J66	15	14	102	13	1.0788080624155412
J67	15	8	5	19	1.2839719352685528
J68	15	6	6	22	1.992553015123553
J69	15	4	13	15	1.1014020444347759
J70	14	14	99	21	0.825579004759809
J71	13	3	81	15	1.6315888885304173
J72	14	7	25	8	0.9817579715264183
J73	16	5	97	6	1.6687113638610156
J74	16	10	65	6	1.5413545480271762
J75	14	8	51	22	1.7108675348017006
J76	14	5	50	22	1.3649763148072562
J77	12	7	26	17	1.0698965397952933
J78	14	9	23	23	0.7614878822495733
\\ Jobs in machine 8
11
J79	14	3	89	2	1.837986301478369
J80	15	7	63	3	1.1172340444468274
J81	14	9	16	8	1.0192374826512254
J82	15	8	56	23	1.0873474622635482
J83	16	1	3	22	1.147249288326778
J84	15	6	55	8	1.0539355517593527
J85	15	9	13	2	1.2857810100803242
J86	15	8	64	12	1.3858846024813798
J87	16	2	91	3	1.1936599301270179
J88	15	5	98	11	0.9760065492908718
J89	14	4	87	24	0.43808306814362474
\\ Jobs in machine 9
12
J90	17	7	4	1	1.3025554865719422
J91	14	9	23	2	1.0896375537727525
J92	15	8	11	1	1.320058899507277
J93	14	12	105	23	1.0071485022343958
J94	14	10	53	21	0.5858800820132507
J95	14	9	73	3	0.30781130366671716
J96	13	14	2	2	1.3843222414789187
J97	15	5	94	1	0.26121950805219174
J98	14	2	15	24	0.8431090482957412
J99	14	3	78	16	1.9732601659463618
J100	14	2	99	18	1.3817065600536842
J101	14	7	68	13	1.3998017085959968
\\ Jobs in machine 10
11
J102	15	5	105	23	0.2648578971958907
J103	14	2	43	15	1.367628692284783
J104	15	5	56	8	0.7773328228800291
J105	15	10	30	20	0.7380273994654918
J106	16	10	34	7	0.5313954400106251
J107	14	6	66	13	0.5913600311792466
J108	13	3	73	5	0.6211701249409807
J109	15	3	76	17	1.0804179779400176
J110	12	13	39	16	1.685110716524295
J111	13	10	106	25	0.5727184787473534
J112	13	11	84	22	0.7938187344291208
\\ Dependencies 
453
1	3
1	5
1	6
1	8
1	9
1	11
2	3
2	7
2	8
2	9
2	10
2	11
3	4
3	5
3	6
3	9
3	10
4	6
4	7
4	8
4	9
4	11
5	6
5	7
5	8
5	9
5	11
6	7
6	8
6	11
7	8
7	9
7	10
7	11
8	11
9	11
10	11
12	13
12	14
12	15
12	16
12	17
12	18
12	20
12	21
12	22
13	14
13	16
13	17
13	18
13	19
13	20
13	21
13	22
14	15
14	16
14	18
14	19
14	20
14	21
14	22
15	16
15	17
15	18
15	21
15	22
16	18
16	20
16	21
16	22
17	18
17	19
17	20
17	21
17	22
18	19
18	20
18	21
18	22
19	21
19	22
20	21
20	22
21	22
23	25
23	26
23	27
23	29
23	30
23	31
24	25
24	26
24	27
24	28
24	31
25	26
25	27
25	29
25	30
25	31
26	27
26	28
26	29
26	31
27	28
27	29
27	31
28	29
28	31
29	30
29	31
30	31
32	33
32	34
32	35
32	36
32	37
32	38
32	39
32	40
32	41
33	35
33	36
33	37
33	38
33	41
34	35
34	37
34	38
34	39
34	40
34	41
35	36
35	37
35	38
35	39
35	40
35	41
36	37
36	38
36	39
36	40
36	41
37	38
37	39
37	41
38	39
38	40
39	40
39	41
40	41
42	43
42	44
42	46
42	47
42	50
42	51
42	52
43	44
43	45
43	48
43	49
43	50
43	51
43	52
44	45
44	46
44	47
44	48
44	49
44	50
44	52
45	46
45	47
45	48
45	49
45	50
45	52
46	47
46	48
46	49
46	50
46	51
46	52
47	48
47	49
48	49
48	50
48	51
49	50
49	51
49	52
50	51
50	52
51	52
53	55
53	56
53	58
53	59
53	60
53	61
53	62
53	64
54	58
54	59
54	61
55	56
55	57
55	59
55	61
55	62
55	64
56	57
56	58
56	59
56	60
56	61
56	62
56	63
56	64
57	58
57	60
57	61
57	62
57	63
57	64
58	59
58	61
58	62
58	63
59	60
59	61
59	62
59	63
60	61
60	62
60	63
60	64
61	62
61	63
61	64
62	63
62	64
63	64
65	66
65	67
65	68
65	69
65	70
65	72
65	73
65	74
65	76
65	78
66	67
66	68
66	71
66	73
66	74
66	75
66	78
67	68
67	70
67	71
67	72
67	75
67	76
67	77
67	78
68	69
68	70
68	71
68	73
68	74
68	75
68	78
69	70
69	71
69	72
69	73
69	74
69	75
69	76
69	77
70	71
70	73
70	74
70	75
70	77
70	78
71	72
71	73
71	75
71	76
71	77
71	78
72	73
72	74
72	76
72	77
72	78
73	76
73	77
73	78
74	75
74	76
75	76
75	77
75	78
76	77
76	78
77	78
79	80
79	81
79	82
79	83
79	84
79	86
79	87
79	88
79	89
80	82
80	84
80	85
80	86
80	87
80	88
80	89
81	82
81	83
81	84
81	85
81	87
81	89
82	85
82	86
82	87
82	88
82	89
83	84
83	86
83	87
83	88
83	89
84	85
84	86
84	87
84	88
84	89
85	87
85	88
86	87
86	89
87	88
87	89
88	89
90	91
90	93
90	94
90	96
90	97
90	98
90	101
91	92
91	93
91	94
91	95
91	96
91	97
91	98
91	99
91	100
91	101
92	93
92	94
92	95
92	96
92	97
92	98
92	99
92	100
93	94
93	95
93	97
93	98
93	99
93	100
93	101
94	96
94	99
94	100
95	97
95	98
95	99
95	101
96	97
96	98
96	100
96	101
97	98
97	100
97	101
98	99
98	100
98	101
99	100
102	103
102	104
102	105
102	106
102	107
102	109
102	111
103	104
103	105
103	106
103	107
103	109
103	110
103	111
103	112
104	105
104	106
104	107
104	108
104	109
104	110
104	111
104	112
105	106
105	107
105	108
105	109
105	110
105	111
105	112
106	108
106	109
106	110
106	111
107	108
107	109
107	110
107	112
108	109
108	110
108	111
109	110
109	111
109	112
110	111
110	112
111	112
