\\ machines
6
\\ max power
60
\\ Jobs in machine 1
10
J1	16	6	82	1	0.6680335719622713
J2	14	2	90	29	0.4674148370743737
J3	15	1	17	15	1.323865157096004
J4	16	2	93	13	1.115054065227678
J5	12	10	87	23	0.45969301887106706
J6	17	1	72	19	1.1532071475632915
J7	14	8	62	16	1.4201673415829938
J8	14	9	2	23	1.1590975818157683
J9	13	9	101	18	1.210619207857142
J10	16	9	8	16	1.052597146860343
\\ Jobs in machine 2
11
J11	15	9	46	13	1.1183066094411018
J12	14	12	90	25	0.9518277853872672
J13	14	14	25	8	1.3361165530083943
J14	14	3	45	21	1.57318350310937
J15	15	2	102	6	1.0507231424195813
J16	14	11	71	3	1.4934186334525392
J17	13	9	86	1	1.1778412396465143
J18	17	8	102	8	1.1909119157248433
J19	13	12	72	6	0.542002717846424
J20	14	2	82	7	0.6730969186669898
J21	17	9	35	4	1.386174801969008
\\ Jobs in machine 3
12
J22	13	10	64	24	1.7930986015885495
J23	14	12	46	28	2.0422864528521782
J24	15	4	79	9	1.1807625693905004
J25	14	8	70	6	0.9368583072803576
J26	14	12	92	18	0.417339643486625
J27	15	8	46	14	0.9773310565447189
J28	17	6	85	30	0.8537961007886087
J29	15	4	29	16	2.7137390376043022
J30	15	2	23	20	1.553470765082883
J31	15	14	44	15	1.003397447261915
J32	16	14	103	28	0.9178593739620462
J33	16	6	108	13	1.258163158632028
\\ Jobs in machine 4
11
J34	16	2	44	19	0.6447165000577131
J35	16	12	105	8	1.530163614076752
J36	14	4	11	12	1.476552121486374
J37	14	2	49	15	0.8248841648608478
J38	14	3	59	15	1.123648872938903
J39	14	12	35	20	0.8226682856592368
J40	15	12	2	7	0.713257106990413
J41	14	13	54	23	2.5236458460821147
J42	14	3	82	20	0.9571467224266133
J43	15	8	92	15	0.7541401017242642
J44	16	3	88	15	0.45554319582466696
\\ Jobs in machine 5
9
J45	15	13	33	17	1.6850214254683638
J46	14	1	38	2	1.331545531611925
J47	13	11	71	25	1.0684352999512454
J48	13	8	60	21	0.820729567730394
J49	14	10	67	8	0.950799376019497
J50	15	4	31	14	1.0346722860698414
J51	14	12	68	26	1.7376355081565107
J52	13	7	64	1	0.9101630767147171
J53	12	13	10	8	0.6785997542545474
\\ Jobs in machine 6
12
J54	14	6	45	24	1.022086897223979
J55	13	12	84	17	1.7602735024869474
J56	15	4	32	30	0.23256671199744672
J57	15	12	32	21	1.221049463754882
J58	14	13	66	19	0.8058398909939932
J59	16	8	16	14	1.0039120767939982
J60	15	14	95	18	0.9811342980706592
J61	14	5	91	6	1.7227636502668766
J62	15	5	55	14	0.9284982358629912
J63	15	6	11	13	1.2757102082033722
J64	16	12	9	15	1.3598907083744765
J65	14	5	66	27	1.0116323938246976
\\ Dependencies 
128
1	5
1	6
2	3
2	8
2	10
3	6
3	9
4	5
4	6
4	10
5	7
6	7
6	8
8	10
9	10
11	15
11	17
11	18
11	19
11	20
12	13
12	15
14	17
14	20
14	21
15	17
15	19
16	17
16	18
16	19
17	18
18	21
20	21
22	23
22	25
22	26
22	29
23	24
23	26
23	29
23	30
23	31
23	32
23	33
24	26
24	27
24	29
25	26
25	27
25	31
26	29
26	31
26	33
27	28
27	29
27	31
27	32
28	29
28	30
29	31
29	32
29	33
30	31
31	32
32	33
34	36
34	39
34	40
34	43
35	37
35	39
35	40
35	41
36	40
36	42
36	43
36	44
37	40
38	39
38	40
38	41
38	42
38	43
39	40
39	41
39	43
40	43
40	44
41	42
45	47
45	49
45	50
45	51
45	52
46	48
46	50
47	48
47	49
47	53
48	49
48	50
48	53
49	50
49	51
49	52
50	51
54	55
54	56
54	57
54	59
54	60
54	62
55	56
55	58
55	59
55	62
55	64
55	65
56	57
56	58
56	63
57	60
58	59
59	65
60	61
62	63
62	64
63	64
