\\ machines
18
\\ max power
180
\\ Jobs in machine 1
13
J1	14	7	69	20	1.598576571050987
J2	13	4	78	7	1.6948045534441738
J3	15	13	22	37	1.1761913687787395
J4	13	1	85	35	1.7895069611199084
J5	14	5	26	26	0.9164851026024563
J6	15	12	84	22	1.0371124623096541
J7	13	5	26	8	1.1766202061657778
J8	15	8	90	19	0.8345914038656308
J9	14	13	21	17	0.47791692557872445
J10	13	13	53	28	0.640021826573914
J11	16	5	31	6	0.8480620755040336
J12	13	11	47	4	1.277135710577602
J13	15	10	3	19	0.49964109319415484
\\ Jobs in machine 2
13
J14	14	5	74	1	1.0328315318293089
J15	15	9	57	16	2.168597104570276
J16	14	6	51	1	0.880006533487145
J17	17	12	19	36	0.8162835084277589
J18	17	4	23	15	0.1
J19	16	8	4	22	1.8627290888898962
J20	13	11	48	44	1.4348143845523824
J21	13	5	52	29	2.2117998908599823
J22	16	9	88	31	0.9487580775648596
J23	15	2	19	22	1.299175401100844
J24	13	1	49	36	1.5145791808266986
J25	14	4	13	35	0.3236394831340833
J26	16	7	36	40	1.4214322470727188
\\ Jobs in machine 3
11
J27	15	9	52	9	0.7765875948776976
J28	13	8	70	10	2.1898497299347337
J29	13	1	59	15	0.4019734575202569
J30	15	7	83	37	0.7816500570144536
J31	15	6	110	41	1.8197934924248496
J32	15	2	84	21	1.3315226118141112
J33	14	4	73	3	1.2133926195546287
J34	15	6	95	35	2.4045167485336654
J35	14	13	103	10	1.5995323122931255
J36	14	4	86	3	0.1
J37	16	12	70	10	0.1
\\ Jobs in machine 4
11
J38	16	13	44	25	0.8418680482494143
J39	15	3	88	17	0.6567975958464105
J40	16	9	66	44	0.7145113148957505
J41	15	8	3	16	1.0338727030235844
J42	16	2	90	1	1.2271833343342022
J43	15	12	25	6	1.3569256584991776
J44	15	2	63	15	1.288507103877926
J45	15	10	89	29	1.0013089396695012
J46	14	13	73	33	1.894749616150765
J47	17	4	87	44	0.9043386618064886
J48	13	14	100	9	1.2902022976238199
\\ Jobs in machine 5
10
J49	13	2	60	28	0.6230306742922083
J50	15	4	91	9	1.6735812740467475
J51	15	13	95	42	1.9272833414996535
J52	15	13	53	3	0.9578904251969954
J53	14	2	103	22	1.383334367756051
J54	12	3	71	33	0.983361513769581
J55	14	4	12	39	1.4917728649746238
J56	13	1	92	2	0.8975568206092501
J57	16	2	28	11	0.8551867033437318
J58	14	1	79	33	1.6358516275834452
\\ Jobs in machine 6
12
J59	16	10	3	32	1.3192839876112616
J60	16	9	82	30	1.2664003435713873
J61	16	2	89	5	1.9423934580766495
J62	13	10	24	39	1.0348501019323497
J63	17	3	10	8	1.7343731798989332
J64	14	9	59	11	1.604546250049825
J65	14	1	89	33	0.9510654134551021
J66	13	8	3	32	1.284724889423832
J67	14	7	12	16	1.164423051107646
J68	15	8	63	13	0.5940784332180249
J69	13	6	34	14	1.1167261391097765
J70	14	3	32	26	1.0111148784129431
\\ Jobs in machine 7
10
J71	15	7	99	38	1.6128876047788143
J72	16	14	7	6	1.2874523970935556
J73	13	10	105	36	1.1683253900158845
J74	14	14	29	44	0.7669403423047918
J75	12	12	60	28	0.45612982892523724
J76	14	1	72	38	1.7498776288684494
J77	14	3	13	38	0.9757725772784931
J78	15	12	11	30	0.7144969282532578
J79	14	14	64	39	1.0657339432651314
J80	14	7	89	25	0.6881248361566201
\\ Jobs in machine 8
13
J81	14	13	61	37	0.29251738786478376
J82	15	4	30	17	0.7653687136765914
J83	14	4	50	29	0.8715851186231225
J84	15	5	36	39	1.414348372969006
J85	14	7	39	9	2.6874203982465046
J86	15	9	35	18	1.2624859770273709
J87	15	5	36	13	1.4047831462115306
J88	16	8	43	6	0.28221468516045367
J89	15	6	86	44	0.9655318239817883
J90	14	8	93	16	0.4283217271426438
J91	15	11	15	24	2.0573744773383487
J92	16	8	21	33	1.3712394797306224
J93	15	10	94	21	0.5685386277625439
\\ Jobs in machine 9
10
J94	15	11	107	34	0.9855914073631937
J95	16	4	94	39	1.5870548126972115
J96	15	7	79	30	0.6149224356493509
J97	15	2	47	1	1.2858469335378755
J98	13	5	29	25	1.1745126712316154
J99	14	14	19	1	1.4021216090968456
J100	15	9	67	14	1.3742029227906742
J101	13	4	9	13	1.254287295841507
J102	16	13	20	29	1.3708435918507074
J103	16	2	89	20	0.46264128992065345
\\ Jobs in machine 10
10
J104	14	11	52	37	0.1
J105	14	14	4	5	0.8991655581891156
J106	15	3	103	40	0.8057068174095825
J107	15	1	100	26	0.553062913654801
J108	15	9	43	27	1.1369588247102191
J109	14	10	105	39	0.9653366522280844
J110	14	1	4	12	1.540072728935918
J111	14	7	51	42	0.8974194497384487
J112	15	11	4	45	1.4906050556854595
J113	14	7	109	14	1.8283250879921944
\\ Jobs in machine 11
12
J114	14	13	46	23	1.631408299091773
J115	14	11	107	19	1.2974610900191457
J116	14	9	43	39	1.5080773888727244
J117	14	10	48	8	1.2164579407483127
J118	14	11	53	1	1.0332965691626312
J119	15	9	85	23	0.7149631154496667
J120	15	4	57	28	2.115793122200409
J121	16	6	91	3	0.9183334526327729
J122	15	3	37	1	1.2186060831195036
J123	14	2	63	31	0.7898803352147994
J124	16	10	9	5	1.2605960045787261
J125	14	3	21	9	0.852036925464315
\\ Jobs in machine 12
12
J126	15	3	31	44	0.6235709206572686
J127	14	4	45	7	0.5422638991775259
J128	14	12	54	38	1.412011269204459
J129	15	8	108	3	1.1540315846845686
J130	14	12	57	12	0.5980702925422382
J131	13	1	66	12	1.1379500015120514
J132	13	5	17	19	1.061831348999498
J133	14	9	30	26	0.42551929802687316
J134	13	3	35	39	1.7414096666887064
J135	16	5	106	10	1.5762169256406289
J136	15	9	65	10	1.4821374274731887
J137	15	8	35	7	0.9999542179289429
\\ Jobs in machine 13
11
J138	14	13	107	15	0.4837026299821874
J139	16	1	23	15	1.6409103184660192
J140	14	10	51	29	0.847192336661972
J141	14	12	96	36	1.0911240558490838
J142	15	4	93	42	0.14043471387149764
J143	15	11	45	28	1.110870920802735
J144	15	8	30	41	1.5826243493057546
J145	14	6	6	38	0.40237515582551864
J146	14	1	34	9	1.5802895932302272
J147	16	3	13	20	0.8387609283929489
J148	13	2	28	3	1.6516339166404088
\\ Jobs in machine 14
11
J149	15	11	93	28	1.1989142825302537
J150	13	14	96	33	1.326300576856788
J151	14	4	103	32	1.1266316083165784
J152	13	12	46	22	2.283623644671329
J153	14	2	59	23	0.7585650259783847
J154	15	3	60	16	1.6096987622969983
J155	14	13	29	17	1.2677012083638908
J156	15	8	85	6	1.0530503085204947
J157	16	3	23	40	0.6380001604062583
J158	15	11	22	11	1.9569524738350466
J159	14	7	58	45	0.9517841255572983
\\ Jobs in machine 15
12
J160	16	9	68	27	1.254268985110528
J161	13	10	67	23	0.7484243551378091
J162	13	6	24	42	0.4223795831827484
J163	15	5	91	15	1.3258379757854535
J164	13	4	78	23	0.6964450067148066
J165	15	1	59	33	1.589551984087113
J166	16	8	17	35	1.0846745697598605
J167	16	6	87	20	0.852119664222381
J168	16	3	38	22	1.0429681667430661
J169	13	11	81	10	1.6739780945351042
J170	14	8	77	14	1.977319880601813
J171	17	3	15	24	1.25213858648285
\\ Jobs in machine 16
12
J172	18	2	15	35	0.36097116824385156
J173	14	1	89	43	1.3857543004431536
J174	14	5	78	9	0.7241504444286182
J175	13	14	10	44	1.5888397653380706
J176	15	3	88	34	1.1100678042474255
J177	12	13	8	40	1.531804581183926
J178	13	4	6	35	0.9485270939816606
J179	13	9	25	2	1.1721704903765287
J180	15	13	39	19	0.21879065926848218
J181	14	6	67	6	1.6463211185778555
J182	15	8	107	16	2.2931710283609448
J183	13	10	52	16	1.549485646479026
\\ Jobs in machine 17
11
J184	14	5	67	28	0.36004299437505616
J185	15	14	21	45	2.0916661604564752
J186	14	9	94	24	1.3920046234630512
J187	14	6	95	41	0.7877324624921895
J188	15	1	73	10	1.890237883397986
J189	15	11	65	28	0.9662480179517381
J190	14	14	62	36	1.9624619236217202
J191	14	12	14	29	1.6534999920464915
J192	14	7	22	17	1.4693292056273264
J193	13	9	106	14	1.1286785703767739
J194	13	9	3	19	1.2566231540347976
\\ Jobs in machine 18
11
J195	15	9	28	4	1.2575861918362359
J196	14	10	23	45	0.3157575122989623
J197	15	14	56	20	0.8276218085350758
J198	12	5	84	21	1.0007495348418274
J199	13	3	97	38	0.9280667985685357
J200	15	13	39	24	2.0143636946812493
J201	14	1	18	39	0.8698504269112183
J202	15	14	50	12	0.6099294302178948
J203	13	7	81	24	1.7840205015557191
J204	14	1	14	44	1.058940499445645
J205	15	6	70	2	1.0766739588634036
\\ Dependencies 
560
1	6
1	7
1	8
1	10
1	12
1	13
2	4
2	6
2	8
2	10
2	12
3	4
3	7
3	8
3	9
3	10
3	12
3	13
4	5
4	6
4	7
4	12
5	6
5	9
5	10
5	11
5	13
6	7
6	8
6	9
6	11
6	12
7	9
7	10
7	11
7	13
8	9
8	12
9	11
9	12
9	13
10	11
10	13
12	13
14	15
14	16
14	17
14	23
14	24
14	26
15	17
15	18
15	19
15	23
15	24
15	25
15	26
16	20
16	24
16	25
16	26
17	19
17	20
17	23
18	19
18	20
18	21
18	23
18	24
18	25
18	26
19	20
19	21
19	23
19	25
20	22
20	25
21	22
21	24
21	26
22	26
23	25
24	25
24	26
27	28
27	34
27	35
27	36
28	29
28	30
28	34
28	35
28	37
29	30
29	31
29	32
29	33
29	34
29	36
30	33
30	35
30	36
30	37
31	32
31	36
32	36
33	34
33	35
33	36
34	35
34	36
34	37
35	36
36	37
38	39
38	43
38	44
38	48
39	40
39	41
39	42
39	43
39	45
39	46
39	47
40	42
40	46
40	48
41	42
41	44
41	45
42	44
42	45
42	48
43	47
43	48
44	45
44	46
44	48
45	46
45	47
45	48
46	48
47	48
49	50
49	52
49	54
49	56
50	52
50	53
50	55
50	57
50	58
51	52
51	53
51	54
51	55
51	56
51	58
52	55
52	57
53	55
53	58
54	56
54	57
54	58
55	56
55	57
57	58
59	60
59	67
59	68
60	62
60	63
60	64
60	65
61	62
61	63
61	64
61	65
61	66
61	67
61	69
61	70
62	65
62	68
62	69
62	70
63	64
63	66
63	67
64	66
64	67
64	68
64	69
64	70
66	67
66	68
66	69
67	68
67	70
68	70
69	70
71	73
71	74
71	76
71	77
71	78
71	80
72	76
72	79
72	80
73	74
73	78
74	76
74	78
74	80
75	76
75	79
75	80
76	77
76	78
76	79
76	80
77	79
77	80
78	80
79	80
81	82
81	84
81	85
81	86
81	89
81	90
82	84
82	85
82	89
83	84
83	86
83	91
83	92
83	93
84	86
84	87
84	90
84	92
85	86
85	87
85	88
85	89
85	90
85	91
85	93
86	87
86	88
86	91
87	88
87	91
87	92
87	93
88	90
88	91
88	93
89	92
90	91
90	92
90	93
91	92
91	93
92	93
94	95
94	96
94	97
94	98
94	101
95	96
95	98
96	98
96	99
96	101
97	98
97	100
97	103
98	102
99	100
99	103
100	101
100	102
101	103
104	105
104	106
104	107
104	108
104	109
104	111
104	112
104	113
105	107
105	108
105	109
105	110
105	111
105	112
106	108
106	109
106	111
106	113
107	108
107	110
107	111
108	110
108	113
109	110
109	112
110	112
110	113
111	112
111	113
112	113
114	118
114	119
114	120
114	125
115	117
115	119
115	120
115	122
116	118
116	121
116	122
116	124
117	118
117	120
117	121
118	120
118	122
118	123
118	124
119	120
119	121
119	123
119	125
120	121
120	125
121	123
121	124
121	125
122	125
124	125
126	127
126	130
126	132
126	133
126	135
127	129
127	130
127	132
127	133
127	134
127	135
127	136
128	129
128	130
128	131
128	132
128	135
129	132
130	133
131	132
131	134
131	135
132	133
132	135
133	134
133	135
133	137
134	136
135	136
135	137
136	137
138	139
138	142
138	143
138	145
138	146
138	147
139	141
139	143
139	145
139	147
139	148
140	142
140	145
140	148
141	142
141	144
141	145
141	146
142	143
142	144
142	148
143	146
144	145
145	146
145	148
149	156
149	159
150	152
150	155
150	156
151	156
151	157
151	158
151	159
152	153
152	154
152	157
152	158
152	159
153	159
154	155
154	156
154	157
155	156
155	157
155	159
156	157
156	158
156	159
157	158
158	159
160	161
160	162
160	164
160	167
160	168
160	169
161	162
161	163
161	164
161	166
161	168
161	170
162	165
162	167
162	168
162	170
163	164
163	166
163	168
163	169
163	170
163	171
164	165
164	167
164	168
165	167
165	169
165	170
167	169
167	171
168	170
169	170
172	173
172	174
172	175
172	177
172	180
172	182
172	183
173	174
173	175
173	176
173	177
173	180
173	181
174	176
174	177
174	179
174	180
174	181
175	178
175	180
175	183
176	177
176	178
176	179
176	180
176	182
176	183
177	179
177	180
177	181
177	183
178	179
178	180
178	182
179	180
179	182
179	183
180	181
180	182
182	183
184	186
184	187
184	188
184	191
184	193
185	186
185	189
185	192
185	194
186	187
186	190
187	188
187	189
187	193
187	194
188	189
188	193
189	190
189	191
189	194
190	191
191	192
191	193
192	193
193	194
195	198
195	199
195	201
195	203
195	204
195	205
196	197
196	198
196	201
196	204
196	205
197	199
197	201
197	202
197	203
197	205
198	200
198	202
199	201
199	203
199	205
200	201
200	202
200	203
200	204
201	202
201	204
202	203
202	204
202	205
203	204
203	205
