\\ machines
6
\\ max power
60
\\ Jobs in machine 1
11
J1	14	1	23	40	1.5085098270138384
J2	14	6	79	9	0.8115343921581981
J3	14	11	100	3	1.7468344040455035
J4	13	5	109	3	0.6963366339134873
J5	16	6	37	39	1.6074255645339726
J6	16	3	103	3	0.493830467728421
J7	15	14	105	30	1.138709186044692
J8	15	1	64	13	0.9172956336260822
J9	13	4	59	21	1.3394673700734476
J10	14	6	82	1	1.461515984685834
J11	14	8	23	15	1.2485378157564093
\\ Jobs in machine 2
12
J12	13	8	28	10	1.0680961041817014
J13	15	12	83	44	2.193477625763647
J14	13	1	90	6	0.8036241482320259
J15	14	13	33	12	0.5482151506050273
J16	14	4	89	24	2.004925050066218
J17	15	5	110	15	1.1884364848709008
J18	16	8	11	38	0.7649215251025492
J19	15	8	77	40	1.017459690888425
J20	13	4	44	35	1.4643168753586895
J21	14	9	18	42	0.8465419233055009
J22	13	12	32	45	0.6015237721912527
J23	15	9	39	21	0.7643024475695998
\\ Jobs in machine 3
11
J24	14	10	46	44	0.6051641520227411
J25	14	12	6	17	0.7219550970173814
J26	14	13	74	40	1.0272123205776706
J27	12	14	89	27	0.4033836311718162
J28	15	11	83	30	1.7457025719121875
J29	14	14	18	44	1.5883043729179889
J30	14	10	11	40	1.69664626674499
J31	14	11	13	44	0.9191160101762641
J32	15	4	3	41	0.5374036660697079
J33	14	12	86	42	1.306489123250638
J34	14	5	69	44	0.1
\\ Jobs in machine 4
10
J35	14	14	56	34	2.3499109466182633
J36	14	11	83	28	1.0945114943801877
J37	15	3	68	33	1.4726405178026476
J38	15	5	64	8	1.4074151704786202
J39	15	10	63	22	1.8979700380085818
J40	14	14	108	23	1.432760939574683
J41	15	12	95	13	1.4188167854208313
J42	14	14	44	26	1.4577240670335203
J43	14	7	67	42	1.102696715889885
J44	15	12	108	35	0.9344805163189891
\\ Jobs in machine 5
12
J45	13	6	66	3	1.5235962417692877
J46	13	2	104	19	1.3370892521798958
J47	14	8	78	41	1.1894716861889318
J48	14	9	13	20	0.8760036682719722
J49	14	1	57	16	1.9120465286329322
J50	14	8	39	32	0.8845028291053185
J51	16	6	86	19	1.2548706591998349
J52	14	9	79	36	1.3499304380554138
J53	15	11	29	3	1.1673261201467013
J54	13	7	6	7	0.9792286763398723
J55	16	2	20	3	1.3501324635074239
J56	13	3	99	14	0.6767207778299407
\\ Jobs in machine 6
10
J57	15	7	103	20	1.945334436157499
J58	14	6	107	18	0.9907548365729694
J59	14	1	20	20	1.347391522469252
J60	14	8	62	44	1.5193148394640803
J61	14	7	12	36	2.123320212650033
J62	16	14	89	40	1.584954895558895
J63	15	1	66	4	1.7375117738258234
J64	17	5	79	29	0.34289786880780415
J65	15	3	63	12	1.736042464330349
J66	16	8	43	27	0.42225517642608335
\\ Dependencies 
263
1	2
1	3
1	5
1	6
1	7
1	8
1	9
1	11
2	3
2	4
2	5
2	6
2	7
2	8
2	9
2	11
3	4
3	6
3	7
3	9
3	11
4	5
4	6
4	7
4	8
4	9
4	10
4	11
5	6
5	7
5	8
5	9
5	10
5	11
6	7
6	8
6	9
6	11
7	8
7	9
7	10
7	11
8	9
8	10
8	11
9	11
12	13
12	15
12	16
12	17
12	18
12	19
12	20
12	21
12	22
12	23
13	15
13	17
13	20
13	21
13	22
13	23
14	15
14	16
14	17
14	18
14	19
14	20
14	22
14	23
15	16
15	18
15	19
15	20
15	22
15	23
16	17
16	18
16	19
16	20
16	21
16	22
16	23
17	20
17	22
17	23
18	19
18	20
18	21
18	22
19	20
19	21
19	22
19	23
20	23
21	22
21	23
22	23
24	25
24	26
24	27
24	28
24	29
24	30
24	31
24	32
24	33
24	34
25	26
25	29
25	31
25	32
25	33
25	34
26	27
26	28
26	29
26	30
26	31
26	32
26	33
26	34
27	28
27	30
27	32
27	33
27	34
28	30
28	31
28	32
28	33
28	34
29	30
29	32
29	33
30	31
30	32
30	33
30	34
31	32
31	33
31	34
32	34
33	34
35	36
35	37
35	38
35	39
35	40
35	41
35	42
35	43
36	37
36	38
36	39
36	41
37	38
37	39
37	40
37	43
37	44
38	39
38	40
38	41
38	42
38	44
39	40
39	42
39	43
40	41
40	43
40	44
41	42
41	43
41	44
42	44
43	44
45	46
45	47
45	48
45	49
45	50
45	51
45	52
45	53
45	55
45	56
46	47
46	48
46	49
46	51
46	53
46	54
46	55
46	56
47	48
47	49
47	50
47	51
47	52
47	53
47	54
47	55
48	50
48	52
48	55
48	56
49	50
49	51
49	52
49	53
49	54
49	55
49	56
50	51
50	52
50	53
50	55
50	56
51	54
51	55
52	54
52	55
52	56
53	54
53	55
53	56
54	55
54	56
57	58
57	59
57	60
57	61
57	63
57	64
57	65
58	59
58	61
58	62
58	63
58	64
58	65
58	66
59	60
59	62
59	63
59	64
59	65
60	61
60	62
60	63
60	64
60	66
61	63
61	64
61	65
61	66
62	64
62	66
63	64
63	66
64	65
65	66
