\\ machines
18
\\ max power
180
\\ Jobs in machine 1
10
J1	14	9	31	15	1.279406457614468
J2	16	14	59	129	0.8568804820036551
J3	13	4	77	49	1.6165726063490897
J4	15	11	58	32	1.423177944819552
J5	16	3	16	5	2.0261760148490784
J6	13	6	58	48	1.924827023984327
J7	14	6	97	4	1.509867395427102
J8	15	7	59	50	1.2347420552647383
J9	13	4	19	30	0.6004354605528338
J10	14	11	92	16	1.8390369393762964
\\ Jobs in machine 2
10
J11	15	11	39	86	0.9038610348942747
J12	14	12	44	110	0.8747659450949867
J13	15	7	28	63	1.2065685948138012
J14	15	12	90	92	1.0838580326884966
J15	14	6	66	81	1.208568402171367
J16	14	2	91	86	0.484069408551671
J17	14	5	101	131	1.3340334448605184
J18	14	11	99	127	1.2520109742302088
J19	15	10	23	19	0.9039860399333925
J20	16	14	31	110	1.338441725671862
\\ Jobs in machine 3
9
J21	15	6	67	41	1.0543891433998365
J22	15	6	52	18	0.49106270813863073
J23	14	12	85	129	1.530168672551767
J24	15	2	86	62	1.655299159153611
J25	15	3	86	134	0.45340749291185956
J26	15	5	43	75	0.2796274900724902
J27	13	1	109	3	1.1947492427709452
J28	14	2	62	102	0.46069470860920514
J29	15	14	59	99	1.2278214775046425
\\ Jobs in machine 4
9
J30	15	11	48	77	0.9769585226210376
J31	15	4	82	37	1.3613893103866617
J32	15	5	63	97	0.7006639142046056
J33	14	4	12	100	1.2526944387217818
J34	15	9	64	27	1.4033270724402862
J35	15	2	46	26	1.1359952738445998
J36	16	11	56	70	1.303700987489631
J37	15	11	107	131	0.5976230531477273
J38	14	2	39	17	0.986068120510972
\\ Jobs in machine 5
12
J39	16	14	98	110	1.583938734674894
J40	13	1	78	130	0.6195002805416717
J41	15	6	91	26	0.17651450533005653
J42	14	11	103	89	0.7449842442575235
J43	16	3	62	27	0.6557410332743722
J44	14	1	74	23	2.024862974501118
J45	13	4	15	115	1.3487035968171912
J46	14	14	14	127	1.291089834759057
J47	14	1	64	122	1.5456889018973599
J48	13	14	92	51	1.2477530478635526
J49	14	9	43	132	1.096654615036197
J50	14	1	31	81	0.8885563195549655
\\ Jobs in machine 6
13
J51	14	2	85	21	2.171551017523427
J52	16	11	3	74	1.133401767111382
J53	14	3	83	119	1.7807410298416437
J54	15	7	24	39	0.8855828442578257
J55	16	6	25	69	0.6342689205595958
J56	16	7	101	76	1.9036527108452974
J57	14	10	28	94	1.3409228509981244
J58	15	5	94	66	0.9009215098117578
J59	12	14	4	114	1.5616894159393753
J60	14	14	77	132	1.323267237663534
J61	14	4	9	20	0.28783445922349926
J62	15	10	91	110	1.3768660931466865
J63	14	6	77	106	1.3801954885106347
\\ Jobs in machine 7
11
J64	15	1	67	97	0.867603801380084
J65	15	6	82	7	1.5848614219126134
J66	14	13	13	97	1.023029769229043
J67	15	14	58	127	0.5479628425456318
J68	14	10	19	96	1.3218669272782817
J69	16	12	41	130	0.862927989401602
J70	13	4	15	113	0.7987888652909477
J71	16	7	69	90	0.821574934379846
J72	12	5	23	118	1.4464338117387567
J73	16	9	60	86	0.5982960572424059
J74	15	8	44	93	1.322065132972352
\\ Jobs in machine 8
12
J75	14	9	10	109	0.4167565466776353
J76	15	5	94	131	0.7466473114119266
J77	16	10	38	106	1.5195715399476077
J78	14	7	37	120	0.24001895316249133
J79	14	5	70	108	1.416161510419316
J80	13	4	10	39	1.3615974189044364
J81	14	12	10	54	0.8162783071676772
J82	14	2	68	56	0.9959121252519578
J83	15	6	46	47	0.8246958339641178
J84	13	9	83	10	1.393125064533074
J85	16	5	73	45	2.0293223910499627
J86	16	5	18	45	1.100075087356524
\\ Jobs in machine 9
12
J87	16	2	27	12	2.104053675953556
J88	14	2	78	16	0.8140200638851147
J89	13	7	66	65	1.1262301151753094
J90	14	1	80	32	1.3581860635420966
J91	14	1	76	42	0.6246561191201994
J92	15	3	18	49	2.132049157284633
J93	15	1	29	131	1.6512295148477834
J94	15	11	85	118	0.7424270542977347
J95	14	1	107	14	1.5815170519606045
J96	17	9	19	98	1.932690274082805
J97	15	5	102	5	0.7573468579799847
J98	13	12	93	84	1.1378595959937046
\\ Jobs in machine 10
12
J99	15	4	89	28	1.526968748787092
J100	15	12	72	18	0.5527901331551165
J101	15	11	94	39	0.9793118541854604
J102	14	3	89	17	0.960089889277784
J103	15	1	35	3	1.3139016388028817
J104	14	9	29	78	1.6064463816065417
J105	14	13	3	81	1.609937351507261
J106	15	13	68	111	2.454542685709062
J107	15	9	6	15	0.29376478836572284
J108	13	10	110	74	1.4109882334726154
J109	13	8	27	122	1.7391698101900683
J110	15	12	102	69	0.680117480996555
\\ Jobs in machine 11
11
J111	14	6	74	135	0.6676999741123351
J112	14	9	38	84	1.1953864877711915
J113	15	13	53	26	1.7805839135079933
J114	15	10	7	36	1.302380781066042
J115	16	9	68	80	1.9822776596495006
J116	16	2	8	3	1.6828209078967655
J117	14	10	69	83	1.5729673608782901
J118	15	14	7	92	0.9573852933631843
J119	16	6	22	84	0.9844890806342439
J120	13	6	23	101	1.0848807393444129
J121	14	12	95	82	0.36879828441482854
\\ Jobs in machine 12
11
J122	16	2	75	7	0.9914618314394001
J123	15	1	47	120	0.8632151590965171
J124	14	2	11	77	1.8023518491318835
J125	16	13	51	65	1.8412568841032224
J126	13	7	4	33	1.574620530708362
J127	15	14	33	90	1.2063486412489821
J128	14	9	64	78	2.0458062028290036
J129	14	11	11	9	0.7340881086222307
J130	14	8	67	90	1.2693820489672478
J131	14	1	70	127	0.2745497313969706
J132	15	11	101	129	2.074657357943799
\\ Jobs in machine 13
9
J133	17	11	18	16	0.6402921103687805
J134	14	2	84	110	0.6845359981339506
J135	15	7	97	93	2.009190507100843
J136	15	1	11	86	1.0466180876069795
J137	15	13	13	81	0.8195724774646209
J138	15	5	44	82	0.5756952422022474
J139	16	6	93	37	1.3573070973987709
J140	15	6	22	51	1.7350976149620647
J141	14	3	91	53	0.6381657536622337
\\ Jobs in machine 14
11
J142	15	13	36	120	1.016003762367832
J143	15	3	6	82	0.8880435452097599
J144	15	6	31	63	1.1494467288610744
J145	15	2	98	80	1.931116493551905
J146	14	6	78	79	1.8458154621702976
J147	15	11	94	41	0.5217861955107822
J148	14	9	47	67	1.9709340391764942
J149	16	10	85	31	0.1
J150	14	6	64	131	1.1956738545510206
J151	15	13	65	91	2.4154800894309716
J152	14	2	20	80	1.149077875622006
\\ Jobs in machine 15
11
J153	16	12	43	122	1.635051801741276
J154	14	10	81	7	2.28429267717973
J155	14	11	52	132	1.3413989688949604
J156	15	1	79	104	1.206330823252134
J157	13	12	87	4	1.407778972275123
J158	15	11	81	44	0.20471819199037722
J159	16	13	27	127	1.6222161051695778
J160	12	14	99	22	0.7482606517180873
J161	17	13	57	82	0.8881100963198609
J162	14	8	78	71	1.1845002269610054
J163	13	12	52	81	0.7892466154007483
\\ Jobs in machine 16
10
J164	14	7	65	23	0.7541691422441794
J165	13	5	49	128	0.1
J166	15	2	40	117	0.8710432517538214
J167	15	7	59	40	0.4408318142393701
J168	14	11	65	98	1.2147506418148797
J169	15	5	89	93	0.92966611340554
J170	14	1	41	82	1.684191279294142
J171	14	7	67	25	0.835446419198699
J172	13	4	40	29	0.3976579084967622
J173	15	14	102	90	1.4916385111589299
\\ Jobs in machine 17
11
J174	14	13	91	16	1.856092238474902
J175	15	4	39	113	1.259836671571603
J176	14	13	58	81	1.027309760231609
J177	14	4	34	46	1.1993144278265158
J178	14	10	63	14	1.2901742138166359
J179	14	6	10	88	1.8854982538398422
J180	13	14	16	80	1.0821926206822678
J181	15	4	36	29	0.7285860274561419
J182	14	13	16	51	1.4286581219418228
J183	13	11	67	84	0.46461143035744557
J184	15	6	110	34	0.7506063048021456
\\ Jobs in machine 18
9
J185	16	9	61	101	1.8069746294367934
J186	13	6	24	108	2.3310079618739916
J187	14	8	46	40	0.10283858499435583
J188	15	12	70	63	2.122919292397111
J189	16	11	74	79	1.1837427217636094
J190	16	12	21	60	1.2376497936324915
J191	14	13	6	82	0.6025285048027931
J192	15	10	71	122	0.927358267104885
J193	14	9	47	10	1.5741769891926842
\\ Dependencies 
763
1	2
1	4
1	5
1	6
1	7
1	8
1	10
2	3
2	4
2	6
2	7
2	8
2	9
2	10
3	4
3	5
3	6
3	7
3	8
3	9
3	10
4	6
4	7
4	8
4	9
4	10
5	8
5	9
5	10
6	7
6	8
6	9
6	10
7	8
7	9
7	10
8	9
9	10
11	12
11	13
11	14
11	15
11	16
11	17
11	18
11	19
12	13
12	14
12	15
12	16
12	17
12	18
12	19
12	20
13	15
13	16
13	17
13	18
13	19
13	20
14	16
14	18
14	19
15	16
15	17
15	18
15	19
15	20
16	18
16	19
16	20
17	18
17	20
18	19
19	20
21	23
21	26
21	27
21	28
21	29
22	23
22	24
22	25
22	26
22	27
22	28
22	29
23	24
23	25
23	26
23	28
23	29
24	25
24	27
24	28
25	26
25	27
25	28
26	27
26	28
26	29
27	28
28	29
30	31
30	32
30	34
30	35
30	36
30	37
31	32
31	33
31	34
31	35
31	36
31	37
31	38
32	33
32	34
32	35
32	36
32	37
32	38
33	34
33	35
33	36
33	38
34	35
34	36
34	37
34	38
35	36
35	37
35	38
36	37
39	40
39	42
39	43
39	44
39	45
39	46
39	47
39	48
39	49
39	50
40	41
40	42
40	43
40	44
40	45
40	46
40	47
40	48
40	49
40	50
41	42
41	43
41	44
41	45
41	46
41	47
41	48
41	49
42	44
42	45
42	46
42	47
42	48
42	49
42	50
43	44
43	45
43	46
43	48
43	49
43	50
44	46
44	47
44	48
44	49
45	47
45	49
46	47
46	48
46	49
46	50
47	48
47	49
47	50
48	49
48	50
51	53
51	54
51	55
51	56
51	57
51	58
51	59
51	60
51	61
51	62
51	63
52	53
52	54
52	56
52	58
52	60
52	63
53	55
53	56
53	57
53	58
53	59
53	60
53	61
53	62
53	63
54	55
54	56
54	57
54	58
54	59
54	60
54	61
54	63
55	56
55	58
55	59
55	61
55	62
56	57
56	59
56	60
56	61
56	62
56	63
57	61
58	59
58	60
58	61
58	62
58	63
59	61
59	62
59	63
60	61
60	62
60	63
61	62
61	63
62	63
64	66
64	68
64	70
64	71
64	72
64	73
64	74
65	66
65	67
65	68
65	69
65	70
65	71
65	72
65	73
65	74
66	67
66	68
66	69
66	70
66	71
66	72
66	73
66	74
67	69
67	70
67	71
67	72
67	73
67	74
68	69
68	72
68	73
68	74
69	70
69	71
69	72
69	73
69	74
70	71
70	72
70	73
70	74
71	73
71	74
72	73
72	74
73	74
75	78
75	79
75	80
75	81
75	83
75	84
75	86
76	77
76	78
76	79
76	80
76	81
76	82
76	84
76	85
76	86
77	78
77	79
77	80
77	81
77	82
77	83
77	84
78	79
78	80
78	81
78	82
78	83
78	84
78	85
79	81
79	82
79	83
79	84
79	86
80	81
80	82
80	85
80	86
81	82
81	83
81	84
81	85
81	86
82	83
82	84
82	86
83	84
83	85
83	86
84	85
84	86
85	86
87	88
87	91
87	92
87	94
87	95
87	96
87	97
87	98
88	89
88	90
88	91
88	92
88	93
88	95
88	96
88	97
89	91
89	92
89	93
89	94
89	95
89	97
89	98
90	91
90	92
90	93
90	94
90	95
90	96
90	98
91	92
91	93
91	97
91	98
92	93
92	94
92	96
92	97
92	98
93	94
93	95
93	96
93	97
93	98
94	96
94	97
94	98
95	96
95	97
95	98
96	97
96	98
97	98
99	100
99	101
99	104
99	106
99	109
99	110
100	101
100	104
100	105
100	106
100	107
100	108
100	110
101	102
101	104
101	106
101	108
101	109
101	110
102	103
102	104
102	105
102	106
102	107
102	109
103	104
103	105
103	107
103	108
103	109
103	110
104	106
104	107
104	108
104	109
104	110
105	106
105	107
105	108
105	109
106	107
106	108
106	109
106	110
107	108
107	109
108	110
109	110
111	112
111	113
111	114
111	115
111	116
111	119
111	120
111	121
112	114
112	115
112	117
112	120
112	121
113	114
113	115
113	116
113	117
113	118
113	119
113	120
113	121
114	115
114	116
114	117
114	118
114	119
114	120
114	121
115	116
115	118
115	120
115	121
116	119
116	120
116	121
117	119
117	120
118	120
118	121
119	120
120	121
122	123
122	124
122	125
122	126
122	127
122	128
122	129
122	131
123	124
123	125
123	127
123	128
123	129
123	130
123	131
123	132
124	125
124	126
124	127
124	128
124	129
124	130
124	131
124	132
125	126
125	127
125	128
125	130
125	131
125	132
126	127
126	128
126	131
126	132
127	129
127	131
127	132
128	129
128	130
128	131
128	132
129	130
129	131
129	132
130	132
131	132
133	134
133	136
133	137
133	138
133	139
133	140
133	141
134	135
134	136
134	137
134	140
134	141
135	136
135	137
135	138
135	139
135	140
135	141
136	138
137	138
137	139
137	140
137	141
138	139
138	140
138	141
139	140
139	141
142	143
142	144
142	146
142	147
142	148
142	149
142	152
143	145
143	147
143	148
143	149
143	150
143	151
144	145
144	147
144	148
144	150
144	151
145	146
145	147
145	148
145	149
145	150
145	151
146	149
146	151
146	152
147	148
147	149
147	150
147	151
147	152
148	149
148	150
148	152
149	151
150	151
150	152
151	152
153	154
153	155
153	156
153	158
153	159
153	160
153	161
153	162
153	163
154	155
154	156
154	158
154	159
154	160
154	161
154	163
155	159
155	160
155	161
155	162
155	163
156	157
156	158
156	160
156	161
156	162
156	163
157	159
157	160
157	161
157	162
157	163
158	159
158	160
158	161
158	162
158	163
159	160
159	161
159	162
159	163
160	161
160	162
160	163
161	162
161	163
164	166
164	167
164	168
164	169
164	170
164	171
164	172
164	173
165	166
165	167
165	169
165	170
165	171
165	172
165	173
166	167
166	168
166	169
166	170
166	171
166	173
167	168
167	169
167	170
168	169
168	171
168	172
168	173
169	170
169	171
169	172
170	171
170	172
170	173
171	172
171	173
172	173
174	175
174	176
174	178
174	179
174	180
174	181
174	182
174	184
175	176
175	177
175	180
175	181
175	182
175	183
175	184
176	177
176	178
176	179
176	181
176	182
176	183
177	178
177	179
177	180
177	181
177	182
177	183
177	184
178	179
178	180
178	181
178	182
178	183
179	180
179	181
179	182
179	183
179	184
180	181
180	182
180	183
180	184
181	182
181	183
181	184
182	184
183	184
185	188
185	189
185	190
185	191
185	192
186	187
186	188
186	189
186	190
186	191
186	192
187	189
187	190
187	191
187	192
187	193
188	190
188	191
188	193
189	190
189	191
189	193
190	191
190	192
190	193
191	192
191	193
