\\ machines
15
\\ max power
150
\\ Jobs in machine 1
12
J1	13	4	18	37	0.9010040165363165
J2	12	14	55	73	0.6541444951638732
J3	15	12	58	66	2.052201566068155
J4	14	5	93	85	1.0115489361738768
J5	14	5	48	49	1.6968501362566166
J6	13	10	29	57	1.7664072730317317
J7	14	11	46	105	1.150033082827526
J8	14	11	11	113	1.1205785142083189
J9	14	13	9	40	1.7922652050874484
J10	15	3	22	78	1.5645582587807778
J11	17	13	14	38	0.551148668197421
J12	15	9	3	8	1.176113036919608
\\ Jobs in machine 2
11
J13	14	3	18	28	0.6532664704958177
J14	16	7	61	57	0.39236782343221777
J15	13	3	72	88	1.586440827248079
J16	14	4	18	51	0.7545403408909022
J17	16	14	26	90	1.4479344797043012
J18	15	8	64	14	0.1
J19	15	1	99	51	0.9652769925550301
J20	14	8	32	60	1.8432779655616853
J21	14	2	61	25	2.12260368229149
J22	13	12	18	67	2.2443041204576586
J23	15	1	15	9	1.5223412976683197
\\ Jobs in machine 3
10
J24	13	10	105	12	1.8345252745245881
J25	14	14	90	99	1.7287932129176364
J26	14	9	31	107	0.16972193699043858
J27	13	2	94	29	0.1
J28	14	5	59	99	1.4860133438348762
J29	13	1	16	86	1.0403453513726812
J30	14	9	10	45	0.2527586041427907
J31	15	12	11	83	1.3231493745981298
J32	14	12	94	47	1.9707113069650872
J33	14	13	34	73	1.3789795352213388
\\ Jobs in machine 4
11
J34	14	5	7	95	0.3085685959300766
J35	14	13	6	30	1.6514456879510537
J36	15	13	75	83	0.8029763700256187
J37	14	5	53	32	2.185943485547612
J38	14	12	73	28	0.7070177408381535
J39	13	12	50	102	1.9225162528053068
J40	15	13	83	2	2.0444737795596204
J41	13	3	15	36	1.3621616371403906
J42	13	14	31	89	1.4316064657896816
J43	14	4	20	95	1.1529139226168623
J44	14	7	51	82	1.67050498546873
\\ Jobs in machine 5
10
J45	13	4	42	80	1.0589890008354579
J46	15	11	50	20	0.3570305434160904
J47	15	10	108	57	1.6372791879163324
J48	16	5	20	80	0.33308104658439397
J49	15	10	55	41	1.17543782195142
J50	15	4	2	65	0.8037529026056676
J51	15	9	26	60	0.7681335602922769
J52	13	13	94	44	0.8071660939121815
J53	14	1	91	76	1.4484983422125932
J54	14	1	3	107	0.6603831616416058
\\ Jobs in machine 6
10
J55	15	4	56	31	0.7079565012476641
J56	14	3	109	59	0.8574509278866307
J57	13	8	60	95	0.8326413634173575
J58	15	10	92	101	1.224556618018413
J59	13	2	9	91	1.4716055647344246
J60	15	4	28	15	1.3527858963607073
J61	14	5	59	101	0.808346158057184
J62	13	7	59	55	1.155143960658728
J63	15	7	6	103	0.8592028779138687
J64	16	3	58	39	0.9465610249282144
\\ Jobs in machine 7
12
J65	15	4	49	39	1.4128079195176793
J66	13	11	22	45	0.589949773677701
J67	16	2	23	62	0.7738000355103042
J68	15	8	41	107	1.1339477303640713
J69	15	11	71	80	1.4658153825137965
J70	12	6	64	105	1.1359148466812024
J71	14	2	32	109	1.4409322916281229
J72	14	12	40	19	1.7900897604176516
J73	15	3	76	74	2.039685175670872
J74	15	3	108	45	1.3176537839984155
J75	16	3	72	46	0.5265007376628709
J76	15	4	64	103	1.4781249973659976
\\ Jobs in machine 8
10
J77	15	6	8	77	0.6607394615191428
J78	15	8	52	8	1.5463139495045692
J79	15	14	7	43	1.3690781172841844
J80	15	9	50	59	1.493382625046245
J81	14	6	65	56	0.8724266654613285
J82	12	14	40	110	0.6853890670548191
J83	16	11	10	42	0.968616948766675
J84	15	14	84	112	1.2744096432890784
J85	13	3	47	29	1.7529948610425286
J86	16	1	98	20	1.7159725894971896
\\ Jobs in machine 9
11
J87	16	11	94	73	1.563836681513504
J88	15	12	109	49	0.19064658092727882
J89	15	9	60	2	2.111195057118333
J90	13	2	12	1	1.5757001995219102
J91	14	9	101	59	0.4525308874438879
J92	14	2	27	38	1.9147000984780758
J93	16	5	16	101	1.8345537931864038
J94	13	12	69	75	1.2578237419918394
J95	15	3	43	13	2.3217124246296885
J96	17	1	48	98	1.7430541122215286
J97	16	2	97	39	0.7274013173243068
\\ Jobs in machine 10
9
J98	14	6	37	69	1.7956211419999482
J99	15	14	53	42	1.4136391881047392
J100	14	5	4	34	2.167209762053716
J101	13	14	88	50	1.4174927805442654
J102	16	2	19	58	1.5507484401281042
J103	15	1	94	34	1.1613898428463794
J104	15	14	82	108	0.9064267044425569
J105	14	9	99	1	1.7887743549402786
J106	14	9	4	39	1.811132874380423
\\ Jobs in machine 11
11
J107	16	14	108	34	0.41663780227893854
J108	13	8	25	16	1.0938820850505113
J109	14	2	25	96	1.2637427175645717
J110	14	4	101	99	1.124185629867329
J111	14	4	80	111	2.0100007502945116
J112	13	3	98	88	1.0507062158891038
J113	15	12	62	57	1.1112411854018673
J114	16	2	13	29	1.839649936020749
J115	14	1	104	60	1.041176532071263
J116	14	3	46	45	1.4560059177403195
J117	14	5	18	40	0.6445397820036295
\\ Jobs in machine 12
11
J118	14	3	15	79	1.0810680993068074
J119	14	5	32	102	0.7580891404027772
J120	14	11	43	30	1.0202887580348976
J121	14	8	100	51	0.6432400182106454
J122	14	11	40	82	1.386891401849025
J123	13	5	80	49	1.0755358026451007
J124	13	13	15	94	0.8524825818465239
J125	14	9	65	2	0.6339268759212038
J126	14	7	21	54	0.20544658867183907
J127	14	9	25	42	0.4604033768308241
J128	13	6	89	78	1.3332476203005275
\\ Jobs in machine 13
11
J129	15	3	79	33	0.8870318211191063
J130	16	9	86	71	1.0983940509214798
J131	12	11	100	46	0.9941272095602156
J132	14	8	97	14	0.971010706925951
J133	15	4	106	27	1.8287835571625768
J134	16	3	51	3	1.8917432249856645
J135	15	12	23	53	0.1
J136	15	13	19	17	0.8854511329234547
J137	17	10	105	93	1.4926022067947464
J138	14	14	27	64	1.244917104765593
J139	14	14	44	34	1.7957064673761796
\\ Jobs in machine 14
11
J140	14	6	28	58	1.4373228109907383
J141	15	6	51	93	0.7322050719280311
J142	16	8	13	1	0.7861318231931761
J143	13	1	102	66	0.7721663385342399
J144	14	5	77	72	0.7607304392027643
J145	12	5	2	37	1.484301545346361
J146	15	8	56	32	0.7817041622230738
J147	14	13	40	5	1.767149106557324
J148	17	11	78	48	1.0537655912965744
J149	15	6	105	73	0.3181498466669791
J150	15	5	90	65	1.4093205718912492
\\ Jobs in machine 15
10
J151	15	1	69	10	1.0174521089312025
J152	15	4	97	18	1.4683178250266962
J153	16	5	58	32	1.4262267387614467
J154	14	14	68	52	1.145469312650184
J155	14	13	12	76	0.7180977327851097
J156	14	12	22	73	1.7521460815974583
J157	15	8	51	77	1.2467799990431918
J158	15	3	69	75	1.2129648286967758
J159	15	8	106	71	0.8539962583802749
J160	14	14	69	74	0.15185054175388712
\\ Dependencies 
624
1	2
1	3
1	4
1	5
1	7
1	8
1	9
1	10
1	12
2	3
2	4
2	5
2	7
2	9
2	10
2	11
2	12
3	4
3	5
3	6
3	7
3	9
4	5
4	6
4	7
4	8
4	9
4	10
4	11
4	12
5	6
5	7
5	9
5	12
6	7
6	8
6	9
6	10
6	12
7	8
7	9
7	10
8	10
8	11
9	10
9	11
9	12
10	11
11	12
13	14
13	15
13	17
13	18
13	21
13	22
13	23
14	15
14	17
14	18
14	19
14	20
14	21
14	22
14	23
15	16
15	17
15	18
15	19
15	20
15	21
15	22
15	23
16	17
16	18
16	19
16	20
16	21
16	22
16	23
17	18
17	19
17	20
17	21
17	22
17	23
18	19
18	20
18	21
18	22
19	21
19	22
20	22
20	23
21	22
22	23
24	26
24	27
24	28
24	29
24	30
24	31
24	32
25	28
25	29
25	30
25	31
25	32
25	33
26	27
26	28
26	29
26	30
26	31
26	32
26	33
27	28
27	30
27	31
27	32
27	33
28	29
28	30
28	32
28	33
29	30
29	31
29	32
29	33
30	31
30	32
30	33
31	32
31	33
32	33
34	36
34	37
34	38
34	39
34	41
34	42
34	43
34	44
35	36
35	37
35	38
35	39
35	40
35	41
35	42
35	43
35	44
36	38
36	40
36	41
36	42
36	43
36	44
37	38
37	39
37	40
37	41
37	42
37	44
38	39
38	40
38	41
38	42
38	44
39	40
39	42
39	43
39	44
40	41
40	42
40	43
40	44
41	42
41	43
41	44
42	43
42	44
45	48
45	49
45	50
45	51
45	52
45	54
46	47
46	48
46	50
46	51
46	52
46	53
46	54
47	48
47	49
47	51
47	52
47	53
47	54
48	49
48	50
48	51
48	52
48	54
49	50
49	52
49	53
49	54
50	51
50	53
51	52
51	53
55	56
55	57
55	58
55	59
55	60
55	61
55	64
56	57
56	59
56	60
56	61
56	62
56	63
56	64
57	58
57	59
57	60
57	61
57	62
57	64
58	59
58	60
58	61
58	62
58	63
59	60
59	61
59	62
59	63
59	64
60	62
60	64
62	63
62	64
63	64
65	67
65	68
65	70
65	71
65	72
65	73
65	74
65	75
65	76
66	67
66	68
66	69
66	70
66	71
66	72
66	73
66	74
66	75
67	68
67	70
67	71
67	72
67	73
67	74
67	75
67	76
68	69
68	70
68	71
68	73
68	75
68	76
69	71
69	72
69	73
69	74
69	75
69	76
70	71
70	72
70	73
70	74
70	75
70	76
71	72
71	73
71	74
71	75
71	76
72	73
72	74
72	75
72	76
73	74
73	75
74	75
75	76
77	80
77	81
77	82
77	83
77	85
77	86
78	79
78	80
78	81
78	82
78	83
78	84
78	85
79	80
79	82
79	83
79	84
79	85
79	86
80	84
80	85
80	86
81	82
81	83
81	84
81	85
81	86
82	83
82	84
82	85
83	84
83	85
84	85
84	86
85	86
87	89
87	91
87	92
87	93
87	94
87	95
87	96
88	89
88	90
88	91
88	92
88	94
88	95
88	96
88	97
89	90
89	91
89	92
89	94
89	96
89	97
90	91
90	92
90	94
90	95
90	97
91	92
91	93
91	94
91	95
91	96
91	97
92	93
92	94
92	95
92	96
92	97
93	94
93	95
93	96
93	97
94	95
94	96
94	97
95	96
95	97
96	97
98	100
98	101
98	102
98	104
98	105
98	106
99	101
99	102
99	103
99	105
99	106
100	101
100	102
100	103
100	105
101	102
101	103
101	105
101	106
102	103
102	105
103	104
103	105
103	106
104	106
105	106
107	108
107	110
107	112
107	113
107	114
107	115
107	116
107	117
108	110
108	111
108	112
108	113
108	114
108	115
108	116
108	117
109	110
109	111
109	112
109	113
109	114
109	115
109	116
109	117
110	111
110	112
110	113
110	114
110	115
110	116
111	112
111	113
111	114
111	115
111	116
111	117
112	114
112	116
112	117
113	114
113	115
113	116
113	117
114	116
114	117
115	116
116	117
118	119
118	120
118	121
118	124
118	125
118	126
118	128
119	120
119	121
119	122
119	124
119	126
119	127
120	121
120	122
120	123
120	125
120	127
120	128
121	125
121	127
121	128
122	123
122	125
122	126
122	127
122	128
123	124
123	125
123	126
123	127
123	128
124	126
124	127
124	128
125	127
125	128
126	127
126	128
127	128
129	130
129	131
129	133
129	134
129	135
129	137
129	138
129	139
130	131
130	132
130	133
130	134
130	135
130	136
130	137
130	138
131	133
131	134
131	135
131	136
131	137
131	138
131	139
132	133
132	134
132	135
132	136
132	137
132	138
132	139
133	135
133	136
133	137
133	138
133	139
134	136
134	137
134	138
134	139
135	136
135	137
136	138
136	139
137	138
137	139
138	139
140	141
140	142
140	143
140	144
140	146
140	147
140	148
140	149
140	150
141	142
141	143
141	144
141	145
141	146
141	147
141	148
141	150
142	143
142	144
142	145
142	146
142	148
142	149
142	150
143	144
143	145
143	146
143	148
143	149
143	150
144	146
144	147
144	148
144	150
145	146
145	147
145	148
146	147
146	148
146	150
147	148
147	149
148	149
149	150
151	152
151	154
151	156
151	157
151	160
152	153
152	154
152	155
152	156
152	158
152	159
152	160
153	154
153	155
153	156
153	157
153	159
153	160
154	155
154	156
154	157
154	159
154	160
155	156
155	157
155	160
156	157
156	158
156	160
157	158
157	160
158	159
158	160
159	160
