\\ machines
7
\\ max power
70
\\ Jobs in machine 1
11
J1	14	14	79	29	1.2466345141682398
J2	14	4	9	23	0.5506386205363725
J3	15	12	103	8	1.433746991135663
J4	15	1	29	21	1.4862321032419583
J5	15	12	28	29	0.8870621332155889
J6	16	6	3	17	1.1926182119473026
J7	13	10	101	8	1.2008775395891014
J8	16	7	39	20	1.4877053932832798
J9	14	5	15	20	0.8318733600544012
J10	16	13	69	2	1.4651003098852817
J11	14	14	82	17	0.913252755888623
\\ Jobs in machine 2
10
J12	17	7	93	1	1.8410760562447797
J13	14	13	25	18	0.9070695350969693
J14	14	2	99	34	1.6049162090557159
J15	13	14	20	30	1.146700218988227
J16	14	13	6	21	1.2958063958694461
J17	13	10	75	10	1.4891471698639815
J18	13	13	103	3	1.3635340897327153
J19	13	3	101	28	1.1263162559514115
J20	15	2	36	2	1.559792886109244
J21	14	5	22	18	0.899909809626587
\\ Jobs in machine 3
13
J22	15	1	69	18	0.1810217168172128
J23	14	1	96	5	1.2977728018182941
J24	15	3	97	6	1.2845457322688503
J25	14	10	81	35	1.1535538341948206
J26	17	3	97	29	1.441727672411765
J27	14	4	103	20	0.9331878316752975
J28	14	1	27	14	1.6271158375624095
J29	13	3	5	12	1.6415716109345333
J30	14	10	8	11	1.7420097955743796
J31	14	11	4	22	1.2387621655219752
J32	14	10	53	17	1.2816781499085839
J33	14	1	87	31	1.9045462692337232
J34	14	10	107	17	1.0509894370195365
\\ Jobs in machine 4
11
J35	16	6	108	8	2.1546164759011384
J36	14	3	42	9	1.4531963365659526
J37	16	9	89	33	0.6356118782798792
J38	14	14	83	16	1.1494997080102465
J39	14	5	47	22	0.7942973401848681
J40	16	8	100	7	0.898047168512446
J41	14	4	2	25	0.584358713879024
J42	16	7	51	26	0.831530475996191
J43	14	3	90	33	0.9149833911683798
J44	14	11	41	13	0.8680390441620507
J45	15	4	49	18	1.7430423657881746
\\ Jobs in machine 5
11
J46	15	13	18	10	1.1260169108670381
J47	13	2	103	21	1.7960074322551243
J48	14	8	17	32	1.5061966041368724
J49	15	5	97	23	1.099752921983254
J50	14	9	45	34	1.3573474963168835
J51	15	10	71	14	0.9729274005540507
J52	14	3	61	24	0.33072069302056817
J53	17	2	94	8	0.1
J54	15	12	5	23	0.9919813069742432
J55	14	3	103	31	1.003435908120172
J56	14	6	66	27	1.0266967410622512
\\ Jobs in machine 6
10
J57	13	6	100	27	0.8468281283991254
J58	14	1	51	27	2.0048972983392077
J59	12	10	50	4	1.3176578368893188
J60	14	14	37	27	0.8355201088220572
J61	15	5	9	15	1.3759985691612036
J62	14	13	10	4	1.1725084131423587
J63	15	10	98	31	1.574250800094164
J64	14	3	50	27	1.8709284588584318
J65	13	12	38	20	1.4341487829292667
J66	15	5	82	19	2.305790500785486
\\ Jobs in machine 7
10
J67	15	13	58	10	1.2212790774765692
J68	15	7	51	21	2.317049634017737
J69	15	1	52	11	0.7408223037910682
J70	14	7	39	21	2.1409813232294166
J71	14	9	22	16	1.560843914454154
J72	16	1	73	29	0.631778018424863
J73	14	13	17	11	1.2346231389623579
J74	14	5	45	15	0.47102182247253666
J75	15	3	2	6	0.19460006268392727
J76	14	1	23	33	0.9242706580555532
\\ Dependencies 
69
1	3
1	11
2	4
2	9
3	5
5	7
6	11
12	17
13	15
13	18
14	15
16	20
17	18
17	20
19	20
22	26
22	33
24	31
25	26
25	29
26	29
27	28
28	29
28	31
28	32
31	33
32	34
35	40
35	41
35	42
36	39
37	39
37	42
38	44
39	40
40	43
41	42
46	47
46	48
46	56
47	50
47	51
48	51
48	52
49	50
49	56
50	52
52	56
57	62
58	60
59	63
60	62
61	63
61	66
62	66
63	66
67	71
67	74
68	72
68	74
69	71
69	72
69	73
69	74
69	76
71	73
71	74
71	76
75	76
