\\ machines
15
\\ max power
150
\\ Jobs in machine 1
11
J1	16	9	11	11	1.3102412370449945
J2	14	9	66	109	1.2704673246540026
J3	15	14	19	7	1.5755683879303166
J4	14	13	42	9	1.0279855535431837
J5	13	7	34	75	1.068377833178588
J6	14	13	32	64	0.6783573434052457
J7	14	10	28	36	1.3308769006557322
J8	13	6	5	85	1.7715855969162893
J9	14	5	49	41	0.7436817831722579
J10	14	5	50	4	1.1061494048384604
J11	14	13	52	113	1.3532804414586004
\\ Jobs in machine 2
10
J12	13	5	81	95	1.4555280597947133
J13	16	8	47	23	1.7806590809325278
J14	14	6	46	2	2.1400643305668074
J15	15	9	55	81	1.0573542286706084
J16	14	2	28	39	2.1920832912685024
J17	16	7	50	49	1.3916709411031727
J18	14	1	67	6	0.45171829220712423
J19	16	1	66	18	0.1
J20	15	2	35	93	1.2421781765158197
J21	14	7	41	67	1.2681071316948354
\\ Jobs in machine 3
11
J22	14	2	110	73	1.1906492298664364
J23	14	1	88	20	0.36138737242807106
J24	14	10	14	51	2.030210068607919
J25	17	1	54	66	1.120146412701582
J26	12	9	29	14	1.7671717772052626
J27	12	11	57	108	1.4968282828527322
J28	17	8	4	55	0.1
J29	14	1	6	22	0.6981874710466875
J30	16	7	12	47	1.0647406827110788
J31	15	8	47	10	1.0568244399314854
J32	15	1	100	1	1.0361077471507305
\\ Jobs in machine 4
10
J33	14	11	32	45	1.4187102011592696
J34	14	8	65	46	0.24957713718950214
J35	14	11	26	22	1.0423344544070374
J36	16	13	73	98	1.9428883108467565
J37	14	8	21	67	1.3546767658385315
J38	15	14	88	82	1.6665741721059126
J39	15	12	90	112	0.7344031328436821
J40	12	13	72	87	0.1
J41	15	13	86	110	1.3573700530103698
J42	16	5	3	47	0.6610385963722205
\\ Jobs in machine 5
10
J43	13	7	74	19	1.099679499400786
J44	16	3	23	76	1.289407634992715
J45	15	11	11	77	1.126050244128249
J46	14	13	76	42	1.0393499254452745
J47	15	10	27	45	1.9393996761723002
J48	15	7	53	96	2.5791375550800995
J49	15	9	68	23	0.9014200323668868
J50	15	5	106	14	0.44074649777618924
J51	13	1	47	90	2.1520846270362437
J52	13	3	66	3	1.6913469630182276
\\ Jobs in machine 6
11
J53	14	5	54	42	0.6312671929973793
J54	15	8	104	92	1.443489828189867
J55	15	6	86	34	1.673981937022793
J56	16	1	38	106	0.9788426212726347
J57	14	1	23	54	1.011640327894182
J58	16	10	98	1	2.0269723521785146
J59	16	10	25	48	0.9634993479641776
J60	18	10	54	21	1.1616977517275324
J61	14	1	35	108	0.5067467480761949
J62	13	13	39	2	0.9847775448514304
J63	14	12	72	18	0.14791762695843835
\\ Jobs in machine 7
9
J64	15	2	4	25	1.8164903774601144
J65	14	5	107	15	1.2278178473917447
J66	15	8	98	23	1.2962781006231516
J67	16	6	66	8	1.163043044244217
J68	15	6	108	33	1.1714902040947555
J69	14	8	42	41	1.8387771522662821
J70	15	4	85	4	1.6204700791375393
J71	16	10	102	102	1.1481473353893294
J72	16	4	103	53	1.3959053598772149
\\ Jobs in machine 8
11
J73	14	4	6	112	1.3155189778583356
J74	15	12	96	94	1.13860099607271
J75	15	12	86	63	1.618168446775691
J76	13	3	89	20	0.20301507640090644
J77	13	3	17	72	0.6755047960018916
J78	14	10	35	49	1.9300256550342927
J79	14	13	71	42	0.7959982831676924
J80	15	2	98	28	0.17392239313545343
J81	14	2	101	50	0.8483247313930002
J82	15	14	21	10	1.2449814012249993
J83	14	5	56	29	0.8662873962304107
\\ Jobs in machine 9
12
J84	16	3	90	13	0.7070823209023784
J85	14	7	6	51	1.4279292632327008
J86	14	8	108	99	1.602391473923369
J87	15	9	34	3	2.467640648332149
J88	14	1	35	80	1.925780290284837
J89	16	2	62	59	1.2179845295350415
J90	14	3	42	45	0.8250518287585973
J91	14	7	27	73	1.3233438673473132
J92	13	13	78	42	1.00542622456968
J93	15	3	105	76	0.15266945052582215
J94	17	1	93	67	1.1908811379752877
J95	13	2	75	9	1.186450801189904
\\ Jobs in machine 10
10
J96	13	10	110	71	1.5039133811329848
J97	16	4	79	66	1.5891547298836035
J98	15	12	56	65	1.6212811939976315
J99	13	7	18	2	1.1765352890440313
J100	17	3	11	106	1.490404330081914
J101	15	5	2	79	2.176969869756042
J102	13	8	53	9	1.826511824248169
J103	13	3	68	44	1.503218437572443
J104	14	9	80	85	1.617916756175698
J105	15	5	28	71	0.8819393170114043
\\ Jobs in machine 11
11
J106	15	3	54	81	1.37948364637497
J107	13	10	92	72	0.41940801985435205
J108	13	8	85	97	2.058135581666178
J109	16	11	63	62	1.442378600921402
J110	16	14	102	15	1.6682093905859672
J111	14	9	5	63	1.6400704174653482
J112	13	2	75	11	2.101311198964159
J113	15	13	108	52	1.24850578872915
J114	13	12	76	105	1.681553819040083
J115	14	7	54	51	0.6268647410320988
J116	14	7	13	27	1.2807485494425392
\\ Jobs in machine 12
11
J117	16	13	48	80	1.2640037071823653
J118	14	4	34	46	1.8687007787768746
J119	16	3	47	84	1.3485525992479719
J120	15	13	69	51	1.70227300964177
J121	16	12	101	30	1.535693682451818
J122	13	13	12	101	1.3186652394538059
J123	15	2	26	64	1.7569483134714854
J124	14	8	96	92	0.9410075174357595
J125	15	11	4	34	0.5947539458188602
J126	14	8	103	53	2.0490293899616603
J127	16	8	10	13	1.0331685972988114
\\ Jobs in machine 13
9
J128	16	2	99	70	2.057487739427403
J129	14	13	15	42	0.9355635895948393
J130	14	5	46	79	1.098493791749394
J131	16	3	75	71	1.011808056244576
J132	14	6	83	10	1.8416361292467485
J133	13	12	51	46	1.8416658862200568
J134	14	9	35	40	0.6818840566664048
J135	15	13	78	54	2.055001152713895
J136	15	8	108	26	1.8810128201584466
\\ Jobs in machine 14
10
J137	15	5	67	50	1.7641378278040358
J138	16	4	100	57	0.9447910524480485
J139	17	7	56	100	1.04917568239727
J140	14	4	44	27	1.7509120738994675
J141	14	7	62	2	1.6550269043424783
J142	14	11	55	82	1.262757377234316
J143	16	3	41	55	1.719955818518269
J144	16	7	36	96	1.1984585567130568
J145	15	1	81	95	0.8902995485793745
J146	12	4	72	89	0.4061758924747869
\\ Jobs in machine 15
10
J147	13	13	71	108	1.2248925467207459
J148	13	6	91	54	0.6609982428086965
J149	16	11	44	49	1.1817702391976002
J150	15	7	107	5	1.4606471748170284
J151	16	13	56	10	2.201132879749125
J152	13	10	47	19	1.2445787557344679
J153	16	9	34	89	1.3254762522914885
J154	16	14	37	44	0.7987253843545521
J155	14	14	30	59	1.15158490612202
J156	14	14	3	20	0.6455057874711773
\\ Dependencies 
669
1	2
1	3
1	4
1	5
1	6
1	7
1	8
1	9
1	10
1	11
2	3
2	4
2	5
2	6
2	7
2	8
2	9
2	10
2	11
3	4
3	6
3	7
3	8
3	9
3	10
3	11
4	5
4	6
4	7
4	8
4	11
5	6
5	7
5	8
5	10
5	11
6	7
6	8
6	9
6	10
6	11
7	9
7	10
7	11
8	10
8	11
9	10
9	11
10	11
12	13
12	14
12	15
12	16
12	17
12	18
12	19
12	20
12	21
13	14
13	15
13	16
13	17
13	18
13	19
13	20
13	21
14	15
14	17
14	18
14	19
14	20
14	21
15	17
15	18
15	19
15	20
15	21
16	17
16	18
16	19
16	20
16	21
17	18
17	19
17	20
17	21
18	19
18	20
18	21
19	20
19	21
20	21
22	23
22	24
22	25
22	26
22	27
22	28
22	29
22	30
22	31
22	32
23	24
23	25
23	26
23	28
23	29
23	30
23	31
23	32
24	25
24	26
24	27
24	28
24	29
24	31
24	32
25	26
25	28
25	29
25	30
25	31
25	32
26	27
26	28
26	29
26	31
26	32
27	28
27	29
27	30
27	32
28	29
28	30
28	31
28	32
29	30
29	31
29	32
30	31
31	32
33	34
33	35
33	36
33	37
33	38
33	39
33	41
33	42
34	35
34	36
34	37
34	38
34	39
34	40
34	41
35	36
35	37
35	39
35	41
35	42
36	37
36	38
36	39
36	40
36	41
36	42
37	38
37	39
37	40
37	41
38	39
38	40
38	41
39	40
39	41
39	42
40	41
40	42
41	42
43	45
43	46
43	47
43	48
43	49
43	50
43	51
43	52
44	45
44	46
44	47
44	48
44	49
44	50
44	51
44	52
45	46
45	47
45	48
45	49
45	51
45	52
46	47
46	48
46	50
46	51
46	52
47	48
47	49
47	50
47	52
48	49
48	50
48	51
48	52
49	50
49	51
49	52
50	52
51	52
53	54
53	55
53	56
53	57
53	58
53	59
53	60
53	61
53	62
53	63
54	55
54	56
54	57
54	58
54	59
54	60
54	61
54	62
54	63
55	57
55	58
55	59
55	60
55	61
55	62
56	57
56	58
56	59
56	60
56	61
56	62
56	63
57	58
57	60
57	61
57	62
57	63
58	59
58	60
58	61
58	62
59	60
59	61
59	62
60	61
60	63
61	62
61	63
64	65
64	66
64	67
64	68
64	69
64	70
64	71
64	72
65	66
65	68
65	69
65	70
65	71
65	72
66	67
66	68
66	69
66	70
66	71
66	72
67	68
67	69
67	70
67	71
67	72
68	69
68	70
68	71
69	70
69	71
69	72
70	71
70	72
71	72
73	75
73	76
73	78
73	79
73	80
73	81
73	82
73	83
74	75
74	76
74	77
74	78
74	79
74	80
74	81
74	82
74	83
75	77
75	78
75	79
75	80
75	81
75	82
75	83
76	77
76	78
76	79
76	80
76	81
76	82
76	83
77	78
77	79
77	80
77	81
77	82
77	83
78	79
78	80
78	81
78	82
78	83
79	80
79	81
79	82
79	83
80	81
80	82
81	82
81	83
82	83
84	85
84	87
84	88
84	89
84	90
84	92
84	93
84	95
85	86
85	87
85	88
85	89
85	90
85	91
85	92
85	93
85	94
85	95
86	87
86	89
86	90
86	91
86	92
86	94
86	95
87	88
87	89
87	91
87	92
87	93
87	94
87	95
88	89
88	90
88	91
88	92
88	93
88	94
88	95
89	90
89	91
89	92
89	93
89	94
89	95
90	91
90	92
90	93
90	94
90	95
91	94
91	95
92	93
92	94
92	95
93	94
93	95
94	95
96	97
96	98
96	99
96	100
96	101
96	102
96	103
96	104
96	105
97	98
97	99
97	100
97	102
97	104
98	99
98	100
98	101
98	102
98	104
98	105
99	100
99	101
99	102
99	103
99	104
99	105
100	101
100	102
100	103
100	104
100	105
101	102
101	103
101	104
101	105
102	103
102	104
103	104
103	105
104	105
106	107
106	108
106	109
106	110
106	111
106	112
106	113
106	114
106	115
106	116
107	108
107	109
107	111
107	112
107	113
107	114
107	115
107	116
108	109
108	110
108	111
108	112
108	113
108	114
108	115
108	116
109	110
109	111
109	112
109	113
109	114
109	115
109	116
110	111
110	112
110	113
110	114
110	115
110	116
111	112
111	113
111	114
111	115
111	116
112	114
112	115
112	116
113	115
113	116
114	115
114	116
115	116
117	118
117	119
117	120
117	121
117	122
117	123
117	124
117	125
117	127
118	119
118	120
118	121
118	123
118	124
118	125
118	126
118	127
119	120
119	121
119	122
119	123
119	124
119	125
119	126
119	127
120	121
120	122
120	123
120	124
120	125
120	126
121	122
121	123
121	124
121	125
121	126
121	127
122	123
122	124
122	125
122	126
122	127
123	124
123	125
123	126
124	125
124	126
124	127
125	126
126	127
128	129
128	130
128	131
128	132
128	133
128	135
128	136
129	130
129	133
129	134
129	135
129	136
130	131
130	132
130	133
130	134
130	135
130	136
131	132
131	133
131	134
131	135
131	136
132	133
132	134
132	135
132	136
133	134
133	135
133	136
134	135
134	136
135	136
137	138
137	139
137	140
137	141
137	142
137	143
137	144
137	145
137	146
138	139
138	140
138	141
138	142
138	143
138	144
138	146
139	140
139	141
139	142
139	143
139	144
139	146
140	141
140	142
140	143
140	144
140	145
140	146
141	142
141	143
141	144
141	145
141	146
142	143
142	145
142	146
143	144
143	145
143	146
144	145
144	146
145	146
147	148
147	149
147	150
147	151
147	152
147	154
147	155
147	156
148	149
148	150
148	151
148	152
148	153
148	154
148	155
148	156
149	150
149	151
149	152
149	153
149	154
149	155
149	156
150	151
150	152
150	154
150	155
150	156
151	152
151	153
151	154
151	155
151	156
152	155
152	156
153	154
153	155
153	156
154	155
154	156
155	156
