\\ machines
3
\\ max power
30
\\ Jobs in machine 1
11
J1	13	5	96	20	1.0541693762892463
J2	14	2	30	9	1.59863672689463
J3	17	10	92	1	0.7631951343108146
J4	15	3	50	14	1.1250955762345467
J5	14	3	92	20	0.8871623660048182
J6	15	12	103	15	1.017157971967466
J7	13	2	5	15	1.1866157525654837
J8	14	6	84	5	2.582554650019648
J9	15	6	34	6	1.1855088091437989
J10	14	13	66	5	1.4327548331379611
J11	14	12	22	23	0.8853817575902929
\\ Jobs in machine 2
11
J12	15	4	104	7	0.9092367366634275
J13	16	7	29	14	1.8229341998104958
J14	14	4	63	9	0.1
J15	13	8	103	12	0.9307205409994121
J16	14	5	26	5	1.2592220928579356
J17	17	10	89	4	0.43697903810162486
J18	15	6	85	22	1.7599239436708882
J19	14	2	25	14	1.1795088417144781
J20	14	1	96	7	0.9304727881621025
J21	15	11	19	3	1.4642560790560315
J22	17	8	89	12	1.0708815268089062
\\ Jobs in machine 3
11
J23	14	4	29	15	2.1133725465341007
J24	14	3	19	5	1.2918186690206481
J25	15	4	35	14	1.0724986690368423
J26	15	1	92	12	1.1776468095055648
J27	13	12	95	5	0.4898856245164075
J28	15	4	35	23	1.1801887080668747
J29	14	14	89	13	1.486040041506029
J30	14	9	42	5	1.0130456028696204
J31	16	7	30	21	0.8820041714350014
J32	16	6	28	1	0.6110000594667101
J33	15	4	63	8	1.3954212013304186
\\ Dependencies 
33
1	3
1	6
2	4
2	5
2	10
3	4
3	9
4	7
5	9
5	10
6	7
6	10
7	9
7	10
10	11
12	21
12	22
13	17
13	18
13	20
15	18
15	22
16	19
17	18
17	21
18	21
19	22
23	25
23	32
24	32
27	30
28	31
29	31
