\\ machines
9
\\ max power
90
\\ Jobs in machine 1
9
J1	16	11	4	38	0.8472603117176909
J2	14	12	11	63	0.8824620645664207
J3	14	9	107	53	1.5955217507843178
J4	14	7	46	28	1.3063096644183612
J5	15	3	98	59	0.6230490228644651
J6	15	13	104	16	1.4719167537160542
J7	15	11	29	28	1.3132919121314641
J8	16	7	11	9	1.475439663872288
J9	16	14	67	59	1.6183774669054996
\\ Jobs in machine 2
10
J10	13	1	29	6	1.4593378929565146
J11	15	8	63	2	1.886127335507065
J12	16	6	94	24	1.1595399812368639
J13	16	6	50	13	1.5835752531946294
J14	14	10	73	7	0.8767341257206482
J15	16	4	45	49	1.6741304670284403
J16	14	8	73	35	2.2088755701156932
J17	15	11	105	9	0.5722716895005918
J18	16	5	43	55	1.6067258049527373
J19	14	1	90	22	2.011626292812484
\\ Jobs in machine 3
12
J20	14	3	56	5	1.7780729160911168
J21	16	14	51	4	0.3007358046506431
J22	14	8	70	49	0.47730163479083887
J23	15	12	61	23	0.7862273227220267
J24	15	9	100	36	0.923910949753139
J25	15	2	20	3	1.439101072005691
J26	13	12	2	37	0.41162873022350777
J27	16	7	4	8	1.8499926635090238
J28	14	11	38	50	0.583618026067176
J29	17	10	85	45	1.3785597177946927
J30	13	1	51	53	1.1906187019174992
J31	15	12	21	29	0.6556911142799856
\\ Jobs in machine 4
10
J32	13	13	53	2	0.8125956679819096
J33	14	14	91	50	1.7942333031019961
J34	15	2	52	62	1.4008193895411534
J35	14	13	75	37	1.7805158130189063
J36	15	10	85	25	1.6791364317101716
J37	14	3	61	14	2.0520240669589223
J38	14	9	101	60	1.402515020334438
J39	14	8	45	40	1.859502739920568
J40	14	10	56	32	0.8409497773673165
J41	16	10	57	54	0.3825119631932654
\\ Jobs in machine 5
11
J42	15	5	108	32	1.5275339963507542
J43	14	12	43	47	1.3953530170243562
J44	15	5	61	29	1.2765935644765383
J45	14	2	81	39	0.6346772846543152
J46	16	11	101	32	1.5580302677244298
J47	14	1	29	45	1.4987591415698112
J48	16	9	44	53	0.2843429323855968
J49	14	13	20	15	1.3683811504159895
J50	14	2	56	38	1.6663714043528146
J51	15	9	41	24	1.852826397175308
J52	16	10	14	61	1.3426466024862507
\\ Jobs in machine 6
10
J53	13	9	101	5	0.1
J54	14	4	106	37	2.286258183651797
J55	13	3	91	38	2.378288961742453
J56	14	3	109	48	1.214403748456397
J57	16	4	82	49	1.6339359151608306
J58	16	5	88	43	1.996504930702994
J59	15	5	89	2	1.3833613882544697
J60	15	9	7	55	0.703245602772997
J61	14	4	43	34	0.4073230403029282
J62	16	3	99	4	0.7590556377351865
\\ Jobs in machine 7
11
J63	16	8	4	1	2.1225977160611196
J64	15	6	91	4	1.642844698393665
J65	14	10	21	38	0.2636235961966271
J66	16	1	2	49	1.4572633672143578
J67	16	7	100	5	1.3330843170064146
J68	14	8	29	38	1.4510331941543175
J69	14	4	80	37	1.0313585303662665
J70	14	12	82	35	0.8868628034159849
J71	16	14	72	56	0.9766427762744391
J72	13	10	22	4	0.8632572644292518
J73	15	7	29	15	0.765184790978128
\\ Jobs in machine 8
11
J74	15	2	70	56	0.6471936601350586
J75	16	12	37	27	1.0467832873247729
J76	14	12	21	32	0.8473695955347759
J77	14	7	6	65	0.9204966804954395
J78	15	11	45	29	0.7937489601643941
J79	16	6	75	3	0.7536600139314407
J80	14	2	75	63	0.1
J81	14	4	6	54	0.27116677319435145
J82	15	3	98	33	1.7872818118149434
J83	15	14	61	16	1.2513957932688171
J84	16	14	29	33	0.9138028863262534
\\ Jobs in machine 9
12
J85	14	2	37	20	1.9201893363234777
J86	15	10	71	33	0.5710921655666055
J87	14	1	31	27	2.0613802350254433
J88	13	4	74	28	1.3859210209326351
J89	14	5	9	41	1.7607641250038464
J90	16	8	39	55	1.0828584444003366
J91	15	11	43	53	1.9296628637958284
J92	16	9	95	1	1.183370942690878
J93	14	4	3	17	1.5760393149873528
J94	14	2	53	8	0.6374724788056283
J95	14	8	78	16	2.404958461768197
J96	14	10	82	53	0.41329038604542234
\\ Dependencies 
48
2	9
3	5
3	7
11	13
11	17
12	17
20	25
20	27
20	31
21	24
22	31
23	24
23	29
35	40
36	40
37	40
38	39
43	48
43	51
46	48
47	51
47	52
48	52
53	54
54	57
60	62
63	64
63	72
63	73
64	73
66	71
67	68
67	72
68	72
69	70
69	71
69	72
69	73
71	72
75	76
75	82
77	82
79	80
80	81
80	82
85	89
86	93
86	96
