\\ machines
9
\\ max power
90
\\ Jobs in machine 1
11
J1	14	10	5	19	1.2491282985131937
J2	14	11	28	41	1.6296074480883704
J3	14	7	7	20	0.7235903783065765
J4	14	9	4	35	1.5983980483517617
J5	15	11	21	2	0.7599179392149531
J6	13	5	109	43	1.7220465025087155
J7	12	5	102	18	1.6488233404369397
J8	17	2	35	10	2.0214318937086384
J9	17	7	99	32	0.965681717850245
J10	13	1	104	9	0.5021773225988082
J11	13	6	13	15	1.6140458984737729
\\ Jobs in machine 2
10
J12	15	10	79	36	1.836001440351142
J13	15	4	109	8	0.9606474996650783
J14	16	9	37	32	1.3170168963368667
J15	17	13	96	43	1.1080761240524273
J16	14	5	36	21	1.843554795201125
J17	15	6	8	37	1.739680660435653
J18	14	14	91	15	1.0757303549042774
J19	15	11	62	26	1.2638674841752304
J20	13	3	15	23	1.6050619682705003
J21	16	6	76	10	1.8925939798001772
\\ Jobs in machine 3
11
J22	15	14	29	12	0.38582828470912145
J23	14	11	109	10	0.489369343485199
J24	15	2	86	27	1.0310784241589144
J25	14	3	71	1	1.4425969100057279
J26	14	7	58	6	1.6090021683264508
J27	15	8	51	8	1.2691987657537993
J28	14	4	84	1	0.5770999994863537
J29	14	8	5	18	0.7270461782491906
J30	16	8	3	6	1.6561992021213887
J31	15	10	32	33	1.4866802454138575
J32	13	7	64	10	1.6832918435782622
\\ Jobs in machine 4
11
J33	15	14	73	6	1.0177068539915637
J34	16	3	54	20	0.7046218214807327
J35	15	4	38	36	1.5487983036413957
J36	14	5	97	15	1.4868552142209377
J37	14	12	41	4	1.6325801662823993
J38	15	13	91	39	1.6798052631188995
J39	16	11	16	29	0.6432206218777123
J40	15	7	49	20	1.0353089240611415
J41	16	1	24	23	1.7970025332725026
J42	16	5	110	33	1.1418287513133565
J43	14	5	6	21	1.2332611674085703
\\ Jobs in machine 5
11
J44	15	9	40	17	1.2091238020619244
J45	14	9	96	44	1.0903723259940112
J46	15	3	110	42	0.9848955662357537
J47	14	6	48	43	1.8059410244825655
J48	13	13	45	2	0.8682305280404159
J49	14	12	109	19	0.6551427003273466
J50	14	4	103	23	2.122881170200841
J51	15	4	75	21	0.4966917802701958
J52	14	2	44	43	1.0121567333340078
J53	15	14	80	26	2.436180218278464
J54	14	13	57	16	0.2912353896354887
\\ Jobs in machine 6
9
J55	14	10	3	40	1.34361142795836
J56	15	13	45	27	1.1806007282220454
J57	15	7	35	22	0.5271057951897521
J58	16	6	39	42	1.1196094434160202
J59	14	8	108	45	1.5110466161888547
J60	13	7	11	43	1.0012972316298543
J61	15	11	29	19	1.1130689770030364
J62	15	4	68	23	2.3916499264537086
J63	16	14	46	34	0.7549234236460516
\\ Jobs in machine 7
12
J64	14	3	36	23	1.001987724712706
J65	14	4	13	15	1.1659273079266217
J66	16	12	34	31	1.2122255601429763
J67	16	11	26	14	1.5765981466304149
J68	16	3	67	9	0.7275478671652799
J69	15	1	38	36	1.711349414563271
J70	14	9	78	29	1.596853594064636
J71	15	14	62	9	0.31612688825714386
J72	14	14	31	3	1.5385578611947666
J73	14	9	17	6	2.3471805534223584
J74	14	7	67	15	1.129785735945578
J75	14	13	3	22	1.1459035740807093
\\ Jobs in machine 8
12
J76	14	1	100	6	0.5982406722383914
J77	15	9	11	25	1.250569830465725
J78	14	2	21	25	0.8273687225182165
J79	15	3	56	10	0.8640738390891143
J80	15	6	108	43	1.8752569473715417
J81	14	7	49	6	1.2321906727740717
J82	15	1	18	35	1.3376410684605613
J83	13	14	20	7	0.3511195309560261
J84	15	12	49	5	1.473191798370657
J85	14	7	93	26	0.7949851112734769
J86	14	14	91	44	1.2763537754973786
J87	15	7	88	20	1.9083283760363248
\\ Jobs in machine 9
11
J88	16	13	102	1	0.5225671187007199
J89	13	12	67	34	1.4684199341357393
J90	16	11	18	5	0.11865636857311501
J91	15	11	3	40	1.547879610661817
J92	15	4	46	5	1.3536280205120734
J93	15	12	106	39	0.8922763599773815
J94	13	8	6	10	2.068497185344663
J95	14	7	107	30	1.4433672082604536
J96	14	1	23	43	1.9254439824313239
J97	15	8	10	20	1.5015926668591242
J98	15	2	14	30	1.5341605092468606
\\ Dependencies 
49
1	7
1	9
2	8
3	11
6	10
13	16
13	21
15	20
17	18
18	19
20	21
22	26
22	31
24	30
25	26
26	28
27	28
31	32
33	40
38	42
39	40
39	41
44	52
44	54
46	48
46	50
47	49
47	54
48	50
56	59
59	60
65	69
65	70
65	73
66	72
67	71
73	75
76	87
77	86
78	79
78	85
82	86
82	87
83	87
86	87
88	94
88	95
93	94
93	97
