\\ machines
8
\\ max power
80
\\ Jobs in machine 1
11
J1	13	11	67	19	1.737651455299659
J2	14	9	30	2	0.5235992785260152
J3	16	14	46	11	1.6373063249567508
J4	14	6	62	3	1.0083418668629471
J5	13	8	83	5	0.8501407483336129
J6	16	1	24	12	1.8903985349951147
J7	15	12	71	12	1.5714475384017055
J8	13	7	84	3	1.011060895477642
J9	14	13	30	1	0.9009388517627153
J10	15	8	25	3	1.7019662136653266
J11	13	1	61	15	0.34589361440669597
\\ Jobs in machine 2
9
J12	16	5	86	17	1.625467843739184
J13	15	5	58	14	0.6421325504745985
J14	14	11	59	8	1.1827372654550878
J15	16	10	102	3	2.0031154908276143
J16	15	7	25	16	1.3671739906641682
J17	16	14	75	8	1.05178462250574
J18	14	11	87	8	1.964973586479605
J19	14	13	104	1	0.2568943782277473
J20	14	3	19	3	1.1291788801826297
\\ Jobs in machine 3
11
J21	14	14	36	6	1.9198543335547515
J22	13	7	37	11	1.1048026718329826
J23	14	11	91	4	0.3367444656883789
J24	14	14	43	11	0.4863034101517856
J25	15	8	109	11	1.0171121681123405
J26	15	7	78	17	1.1751668010994114
J27	15	10	110	1	0.9121693506842296
J28	14	14	57	12	1.0191004236136614
J29	16	2	75	9	0.3592608391946488
J30	14	9	105	1	0.8752244279655135
J31	14	11	17	17	1.6283963264112353
\\ Jobs in machine 4
10
J32	15	14	94	19	1.0220816808353763
J33	13	3	13	12	0.5582968456940651
J34	13	4	5	9	1.0370704279969303
J35	15	1	53	7	0.9885458486742643
J36	17	11	39	7	1.2335445572794375
J37	15	5	8	1	1.4864038026421054
J38	16	14	103	5	1.2493450085288094
J39	14	2	32	19	0.6693856286988912
J40	13	10	21	2	1.363047483014801
J41	13	8	15	9	0.9104244116474196
\\ Jobs in machine 5
12
J42	14	12	16	11	1.5030725892072976
J43	14	5	58	10	1.032853502708056
J44	13	10	27	11	1.371990466166186
J45	14	1	87	15	0.828551630806442
J46	14	12	64	18	1.3197040054643034
J47	14	3	85	17	0.834807276561244
J48	15	5	7	13	0.9042232206648797
J49	13	1	83	4	0.18555466950261956
J50	15	4	65	6	0.7521732818963811
J51	16	7	106	3	1.4901898339896311
J52	13	11	59	19	0.6172093611064801
J53	15	3	39	18	0.7891202184990214
\\ Jobs in machine 6
12
J54	14	9	53	19	1.0818542793981276
J55	14	2	94	12	1.527867737929897
J56	15	2	31	18	1.0331506547360885
J57	14	14	9	1	0.9325582240281833
J58	14	3	63	10	1.3892473712879947
J59	15	11	80	9	1.162185729237219
J60	16	2	90	18	1.4648290027414328
J61	17	10	10	3	0.9441451560225433
J62	15	7	27	20	1.3217665365898308
J63	17	8	109	10	2.1987144130415333
J64	15	13	59	7	1.040851555002982
J65	15	4	102	13	1.4933654333045245
\\ Jobs in machine 7
11
J66	14	14	25	8	1.7638804203173162
J67	12	9	64	16	1.3934789416777906
J68	16	6	53	17	0.7664327960811081
J69	15	11	19	5	0.8838655454005229
J70	14	14	13	14	1.2725572502848026
J71	15	14	25	11	1.0868372146746164
J72	15	8	94	15	1.5648904889938036
J73	15	6	48	15	0.9510451582196534
J74	14	7	27	10	0.7936820296045886
J75	15	1	103	12	1.0008154379306096
J76	15	7	53	2	0.9968588173333537
\\ Jobs in machine 8
11
J77	15	11	9	20	1.0998471616497674
J78	14	7	62	15	1.5893018493460274
J79	14	2	40	18	1.5261353785644587
J80	15	6	85	10	0.6095158488771668
J81	13	5	73	1	2.363032173756674
J82	13	7	67	7	2.367360505346179
J83	14	4	34	4	1.2124896532670728
J84	14	9	14	20	0.48468737366973336
J85	16	13	26	18	1.616953669592772
J86	14	10	87	5	0.6073618773224244
J87	14	14	70	5	1.5307943248683955
\\ Dependencies 
348
1	2
1	3
1	4
1	5
1	6
1	9
1	11
2	3
2	4
2	6
2	7
2	9
2	10
2	11
3	4
3	5
3	7
3	8
3	9
3	10
3	11
4	6
4	7
4	8
4	9
4	10
4	11
5	6
5	7
5	8
5	9
5	10
6	7
6	8
6	9
6	10
6	11
7	8
7	9
7	10
8	9
8	10
8	11
9	10
9	11
10	11
12	13
12	14
12	15
12	16
12	17
12	18
13	14
13	15
13	16
13	17
13	18
13	19
13	20
14	15
14	16
14	18
14	19
14	20
15	16
15	17
15	18
15	19
16	17
16	18
16	19
16	20
17	18
17	19
17	20
18	19
18	20
19	20
21	22
21	23
21	24
21	25
21	26
21	27
21	30
21	31
22	23
22	25
22	27
22	28
22	29
22	30
22	31
23	24
23	25
23	27
23	28
23	29
23	30
23	31
24	25
24	26
24	27
24	28
24	29
24	31
25	26
25	27
25	28
25	29
25	30
25	31
26	28
26	29
26	30
26	31
27	28
27	29
27	30
27	31
28	30
28	31
29	30
30	31
32	33
32	34
32	35
32	36
32	37
32	38
32	39
32	40
32	41
33	35
33	36
33	38
33	39
33	41
34	37
34	38
34	39
34	40
34	41
35	36
35	37
35	38
35	39
35	40
35	41
36	38
36	39
36	40
36	41
37	38
37	39
37	40
38	40
38	41
39	40
40	41
42	43
42	45
42	46
42	47
42	48
42	51
42	53
43	44
43	45
43	48
43	49
43	50
43	51
43	52
43	53
44	45
44	46
44	47
44	49
44	50
44	51
44	52
44	53
45	47
45	48
45	49
45	50
45	51
45	52
45	53
46	47
46	48
46	49
46	50
46	51
46	52
47	48
47	50
47	51
47	52
47	53
48	49
48	50
48	51
48	52
49	50
49	51
49	52
49	53
50	51
50	53
51	52
51	53
52	53
54	55
54	59
54	60
54	62
54	63
54	64
54	65
55	56
55	57
55	58
55	59
55	60
55	61
55	62
55	63
55	64
55	65
56	57
56	58
56	60
56	61
56	64
56	65
57	58
57	59
57	60
57	61
57	62
57	63
57	64
57	65
58	59
58	60
58	62
58	63
58	64
59	62
59	63
59	64
59	65
60	61
60	62
60	63
60	65
61	63
61	64
61	65
62	63
62	64
62	65
63	64
64	65
66	69
66	71
66	72
66	73
66	74
66	75
67	68
67	69
67	70
67	71
67	72
67	73
67	74
67	75
67	76
68	69
68	70
68	71
68	72
68	73
68	74
68	75
69	70
69	71
69	72
69	75
70	71
70	72
70	73
70	74
70	75
70	76
71	72
71	73
71	75
71	76
72	76
73	74
74	75
74	76
75	76
77	78
77	79
77	80
77	82
77	83
77	84
77	86
77	87
78	79
78	80
78	81
78	82
78	85
78	87
79	80
79	81
79	82
79	83
79	85
80	81
80	82
80	83
80	84
80	85
81	82
81	83
81	84
81	85
81	86
81	87
82	83
82	84
82	85
82	86
82	87
83	84
83	85
84	85
84	86
84	87
86	87
