\\ machines
18
\\ max power
180
\\ Jobs in machine 1
12
J1	14	11	27	39	1.2211055954684276
J2	15	10	43	83	1.2107551111096595
J3	15	9	4	37	1.198618367989262
J4	16	8	50	128	0.284052626584993
J5	14	2	108	73	1.9763624407825606
J6	15	5	3	58	1.409195883506463
J7	13	11	81	73	0.5815312636486709
J8	16	11	92	84	1.1896766592671604
J9	15	9	63	104	0.9890376203434513
J10	15	7	51	84	1.5148609435017741
J11	13	2	26	110	2.0473722036831394
J12	15	9	74	116	0.8444277727964042
\\ Jobs in machine 2
12
J13	13	4	80	1	0.2491547955746677
J14	15	8	17	28	1.387047844999001
J15	16	7	42	62	1.5893617834932205
J16	13	6	92	102	1.4260602453409157
J17	14	1	28	22	1.6252466384500097
J18	16	11	52	129	1.319114759613348
J19	14	10	79	42	0.9045027599017266
J20	14	3	25	43	0.7090496542261826
J21	13	11	60	111	0.5498976366272685
J22	15	12	83	43	1.9606280899569428
J23	13	2	59	63	0.8126176447051325
J24	14	2	98	95	1.1187734137622263
\\ Jobs in machine 3
10
J25	15	3	4	52	1.158774768007102
J26	14	7	100	55	0.8419808090789911
J27	15	11	81	23	1.7067700785673368
J28	15	11	105	99	1.2359433322588056
J29	12	5	8	23	1.2134297702935966
J30	15	1	62	33	1.0052941546876273
J31	17	3	53	69	2.441583081096695
J32	14	10	54	98	1.2942624449019964
J33	14	2	56	36	0.5260550807198088
J34	14	4	16	21	1.460373581033086
\\ Jobs in machine 4
11
J35	15	5	63	72	1.2605076359867964
J36	13	14	15	119	0.7001872989021996
J37	14	5	94	10	0.5942734778555346
J38	12	14	43	56	0.7239309859144587
J39	14	8	96	53	1.5648275077313645
J40	14	14	27	43	1.0493051475722548
J41	16	3	103	50	1.8662093585874402
J42	14	5	106	13	1.0662594381367565
J43	14	7	24	58	0.8397523777190508
J44	13	11	45	64	1.459516316771012
J45	14	5	11	108	1.3356072973026143
\\ Jobs in machine 5
9
J46	13	10	31	41	1.0021261120288938
J47	15	6	93	96	1.3248357007802216
J48	13	12	85	55	1.852719985788478
J49	15	7	78	94	0.6132495267596247
J50	13	13	13	83	1.405463194620772
J51	13	14	8	108	1.490363991771122
J52	15	12	94	82	1.1081140264707772
J53	14	14	18	94	0.42373428034079386
J54	13	14	75	50	0.9842706322626504
\\ Jobs in machine 6
9
J55	15	8	106	1	1.5586676042668992
J56	14	7	58	67	0.4623212664396279
J57	15	13	95	21	0.6312190961687665
J58	15	5	94	105	1.0276454226641285
J59	16	4	35	68	0.1
J60	13	9	4	1	0.37517619701146976
J61	14	12	39	12	1.0564515503855463
J62	14	11	51	89	0.8004297573661401
J63	15	4	9	83	0.9760799836764692
\\ Jobs in machine 7
9
J64	14	5	103	121	2.396391290426147
J65	13	4	73	73	0.695637045876573
J66	13	4	33	3	0.5524545905331283
J67	15	9	71	119	1.3141357848810205
J68	15	5	83	92	0.9404547359167055
J69	16	9	17	24	1.5370030607621972
J70	14	1	60	132	1.7790077631278403
J71	14	7	97	36	1.2986306897472484
J72	15	5	109	2	1.3203190674641971
\\ Jobs in machine 8
10
J73	15	2	32	20	1.5021550595080881
J74	14	4	90	108	1.0576675965589586
J75	13	9	44	116	0.7770307106131029
J76	12	2	83	40	1.389979550476506
J77	13	12	23	48	1.5722016139682693
J78	16	6	52	112	0.7460780178699742
J79	14	6	56	103	1.4276981377103066
J80	13	4	108	35	0.443082326231374
J81	14	3	24	15	1.9028200110956572
J82	13	13	3	16	0.931801907519833
\\ Jobs in machine 9
10
J83	15	1	52	98	1.3696192225201445
J84	14	12	110	5	1.4425614968361273
J85	16	6	11	21	0.25242010812479765
J86	13	9	57	83	0.1564215420109618
J87	14	10	94	40	0.1
J88	13	11	22	18	1.8069715635272217
J89	14	5	18	81	0.9638535688428691
J90	14	9	95	52	1.3237716711610137
J91	13	3	38	117	1.0034434342683765
J92	15	12	13	102	0.7096270920520347
\\ Jobs in machine 10
10
J93	16	10	10	38	0.4093740315453449
J94	14	13	12	49	1.663760826422326
J95	15	7	11	118	1.549239957613188
J96	15	8	3	12	2.005902850128835
J97	15	8	65	81	1.946871523604893
J98	15	9	9	44	1.2801036098259835
J99	16	8	64	82	1.8363354700910766
J100	15	8	100	17	0.49476816700876447
J101	17	12	97	119	0.8266195069722047
J102	15	14	81	39	0.7350632836141557
\\ Jobs in machine 11
13
J103	15	2	108	51	0.698252843361889
J104	15	9	105	21	0.28910919886170405
J105	14	1	48	88	1.9187634938218687
J106	15	1	20	75	0.6384545289289016
J107	15	9	9	120	1.1842587748361393
J108	13	13	57	108	1.1622922157752942
J109	13	1	12	119	1.1544120084230765
J110	13	13	52	115	1.45289171999418
J111	14	1	70	104	1.590322558671211
J112	15	13	47	100	1.3571172877552076
J113	17	11	41	70	0.7909134035121923
J114	14	13	101	58	0.651889970590484
J115	13	2	88	77	1.8752204387926734
\\ Jobs in machine 12
9
J116	14	13	74	106	1.612543390171659
J117	12	11	51	44	0.7701236716667891
J118	16	9	72	5	1.548911899893809
J119	13	7	44	129	0.61939169329244
J120	15	4	15	2	0.8328122388349639
J121	14	2	96	49	1.0930639811860208
J122	15	3	90	129	1.7491607327044953
J123	16	10	3	103	1.2410447481670195
J124	16	7	8	117	1.3637546777828136
\\ Jobs in machine 13
13
J125	15	12	60	18	0.82728958167461
J126	14	9	44	33	1.122009224805827
J127	16	6	6	45	1.4984844860855087
J128	16	9	3	84	2.273304632465959
J129	15	2	45	20	1.0121923072744718
J130	14	11	75	78	1.4255359864173838
J131	14	6	88	100	0.370243619157531
J132	15	4	107	104	1.809129293447751
J133	16	2	81	29	1.1902368359780704
J134	14	7	107	36	1.2612947287996463
J135	16	6	54	63	1.629622572181015
J136	14	5	65	98	0.5795312528161528
J137	14	6	29	112	1.3719445140552449
\\ Jobs in machine 14
11
J138	14	9	97	45	0.6544926198993561
J139	14	6	86	58	1.7428231398656873
J140	13	10	98	26	0.9967334493402024
J141	15	13	64	10	0.4791741444077021
J142	16	10	55	71	1.6819689583610244
J143	14	6	79	29	2.5075207405253317
J144	15	7	102	109	0.8679162761333199
J145	14	6	60	134	1.5200747275645765
J146	15	13	46	77	1.94244127986412
J147	15	9	10	2	1.420587489298559
J148	17	2	88	29	1.2390675547587624
\\ Jobs in machine 15
10
J149	15	14	51	114	1.1225247782572878
J150	16	11	52	114	0.9615648587552488
J151	15	1	77	98	1.3793290933688143
J152	14	14	79	91	0.5650987443121462
J153	14	5	8	64	1.421724524175466
J154	15	9	20	59	1.8888187663502274
J155	15	4	61	83	0.7434585888631738
J156	14	11	78	127	0.9086723469653124
J157	13	13	31	97	1.3746398750056754
J158	16	12	83	109	1.8439878964551886
\\ Jobs in machine 16
11
J159	15	2	109	116	1.9999443004986905
J160	13	6	99	71	1.4907337147548068
J161	12	11	46	18	0.1
J162	15	13	23	81	2.3477713860942595
J163	14	4	33	114	0.9575320652793718
J164	13	8	31	120	0.8409519564182419
J165	13	12	110	110	0.23570022175343686
J166	15	5	29	119	1.220768962524879
J167	15	4	74	26	1.3754064866238822
J168	14	5	14	88	1.5575867756302617
J169	14	7	45	76	0.1
\\ Jobs in machine 17
12
J170	15	9	20	116	1.573235489677788
J171	14	3	47	120	0.7055674193866247
J172	14	3	72	34	1.4904996590775357
J173	16	1	96	18	0.8127768150106853
J174	14	7	103	86	0.21899158085679793
J175	17	3	5	38	1.4042226625668666
J176	12	5	72	7	1.7725926799589231
J177	14	6	65	5	1.4563968548606085
J178	15	6	44	105	0.7568529973142166
J179	15	7	66	113	1.668404757273912
J180	14	13	42	65	1.080555578950488
J181	13	10	74	5	1.9296911476906562
\\ Jobs in machine 18
11
J182	14	7	32	85	1.4030009832212444
J183	13	13	32	36	0.2537674084053453
J184	14	6	83	98	0.6828257864386653
J185	15	7	47	23	1.432307418867154
J186	15	2	86	93	1.2815791040994162
J187	14	14	37	127	0.8785249628125641
J188	14	5	31	114	1.2904278230183794
J189	15	8	49	52	1.6461241202075816
J190	14	2	24	95	0.3920465646151621
J191	14	13	58	83	1.534875210465695
J192	15	6	107	135	0.9963388947758521
\\ Dependencies 
470
1	3
1	4
1	5
1	8
1	9
1	10
2	5
2	8
2	9
2	11
3	4
3	9
3	12
4	5
4	7
4	9
4	11
4	12
5	8
5	9
5	10
5	11
6	7
6	12
7	8
7	9
7	10
8	10
8	12
10	11
11	12
13	15
13	17
13	19
13	20
13	24
14	17
14	19
14	21
14	22
14	23
14	24
15	20
15	21
15	23
15	24
16	17
16	18
16	20
17	18
17	19
17	20
17	21
17	22
18	19
18	20
18	21
18	22
18	23
18	24
19	20
19	23
19	24
20	21
20	24
21	23
21	24
22	24
23	24
25	26
25	31
25	32
26	30
26	31
26	34
27	29
27	30
27	32
27	34
28	34
29	30
29	31
30	32
30	33
30	34
31	32
32	34
33	34
35	36
35	38
35	41
35	43
35	44
35	45
36	37
36	38
36	39
36	40
36	43
36	45
37	45
38	41
38	42
38	45
39	41
39	42
39	45
40	42
40	44
40	45
41	42
42	43
42	44
46	47
46	48
46	49
46	50
46	51
46	52
46	54
47	52
47	53
48	51
48	52
48	53
48	54
49	51
49	53
49	54
50	51
50	53
50	54
51	52
51	53
53	54
55	56
55	57
55	58
55	62
55	63
56	57
56	58
56	59
56	62
57	60
57	61
57	62
58	59
59	61
59	62
60	62
60	63
61	62
61	63
64	69
64	71
64	72
65	66
65	68
65	69
65	71
66	68
66	69
66	71
66	72
67	68
67	70
67	71
67	72
68	71
68	72
69	70
70	71
73	74
73	75
73	77
73	80
73	81
74	76
74	78
74	82
75	76
75	78
75	79
75	80
75	81
76	77
76	79
76	80
76	81
76	82
77	78
77	79
77	81
77	82
78	81
79	80
79	82
80	81
80	82
83	84
83	86
83	90
84	87
84	89
84	90
84	91
85	87
85	89
85	90
85	91
85	92
86	88
87	92
88	89
88	90
89	90
90	92
93	94
93	97
93	98
93	100
93	101
93	102
94	95
94	97
94	98
94	102
95	100
95	101
96	97
96	100
96	101
97	98
98	99
98	101
98	102
99	101
100	102
103	104
103	105
103	107
103	108
103	111
103	112
103	114
103	115
104	105
104	112
104	113
104	114
104	115
105	107
105	108
105	109
105	110
106	109
106	110
106	111
106	113
106	114
106	115
107	108
107	110
107	112
107	113
108	112
108	113
108	114
110	112
110	114
111	113
111	114
111	115
112	114
116	117
116	118
116	119
116	120
116	121
116	123
117	120
117	122
117	123
118	120
119	122
120	124
122	123
122	124
123	124
125	130
125	133
125	136
126	128
126	130
126	131
126	132
126	133
126	134
126	135
127	128
127	129
127	130
127	131
127	132
127	135
127	137
128	132
128	133
128	135
128	136
128	137
129	132
129	133
129	134
129	137
130	131
130	133
130	135
130	137
131	132
131	133
131	136
132	134
132	136
132	137
133	134
133	137
134	135
134	136
134	137
135	136
136	137
138	142
138	143
138	144
139	142
139	144
139	145
139	146
139	147
139	148
140	141
140	142
140	145
140	146
140	147
141	143
141	145
142	143
142	145
142	146
142	148
143	144
143	145
143	146
144	148
145	147
145	148
146	147
146	148
149	154
149	155
149	156
150	151
150	152
150	154
150	156
150	157
150	158
151	153
151	154
151	158
152	153
152	158
153	154
153	155
153	158
154	155
154	157
154	158
155	156
156	157
159	162
159	164
159	165
159	167
159	169
160	162
160	164
160	166
160	169
161	163
161	164
161	168
162	165
162	167
162	169
163	164
163	166
163	167
163	169
165	166
165	167
165	168
166	167
170	171
170	173
170	174
170	175
170	177
170	179
170	180
170	181
171	173
171	175
171	178
171	180
172	178
172	181
173	174
173	175
173	177
173	178
173	181
174	175
174	176
174	179
175	177
175	178
176	177
176	180
176	181
177	178
177	179
177	180
179	180
179	181
182	183
182	184
182	185
182	186
182	187
182	188
182	190
182	191
182	192
183	184
183	185
183	188
183	191
183	192
184	185
184	187
184	188
184	189
184	190
184	191
184	192
185	187
186	188
186	189
186	191
186	192
187	190
187	191
188	191
188	192
189	192
190	191
