\\ machines
6
\\ max power
60
\\ Jobs in machine 1
11
J1	14	14	40	12	1.1766542625570355
J2	14	6	68	1	1.3725234704316676
J3	16	3	28	6	1.855093728202827
J4	14	7	6	11	1.8984937688170633
J5	13	7	102	6	1.471548652800161
J6	15	10	99	6	1.4887545686124881
J7	15	3	104	12	0.8277797886555615
J8	16	9	103	12	0.14544943367125063
J9	14	7	43	8	1.2261435224672035
J10	14	4	91	15	1.5580525329556505
J11	15	6	78	3	1.0795273852892364
\\ Jobs in machine 2
10
J12	16	12	60	9	0.7751150271859975
J13	14	13	47	10	0.25483671201664815
J14	14	7	36	14	1.0840891129196888
J15	16	4	24	14	1.6433681968743539
J16	14	10	40	6	0.426123101786374
J17	16	10	82	1	0.9457273176349115
J18	16	13	44	1	0.8450434990732592
J19	13	5	84	10	0.8723300980884001
J20	14	5	36	6	0.9412828086878597
J21	15	10	109	5	1.5163739945756116
\\ Jobs in machine 3
11
J22	14	12	40	10	2.5103317317071516
J23	13	7	104	6	1.0494258254771573
J24	16	12	14	11	1.4306945340193664
J25	13	2	83	12	1.9217063716656844
J26	15	11	88	1	0.8326515076953571
J27	16	13	81	1	0.1896586814555974
J28	14	14	34	1	1.098659212799248
J29	15	12	29	9	0.5654099489307486
J30	13	4	106	14	1.5038591207178786
J31	14	12	34	11	1.1285142439826115
J32	14	4	6	4	1.3696424484577163
\\ Jobs in machine 4
10
J33	16	4	93	10	1.7450914360923298
J34	15	11	66	9	1.9779075356751714
J35	12	4	17	3	0.6377188497778741
J36	13	11	80	3	1.2375716155412486
J37	12	6	68	8	1.2632988068238118
J38	15	10	80	11	1.5584089236650072
J39	14	9	48	8	1.1426497519380576
J40	15	5	5	1	1.5221293929471142
J41	17	13	102	8	1.0541809239382767
J42	15	7	24	3	0.8264957563415656
\\ Jobs in machine 5
11
J43	13	2	8	2	1.959987659385777
J44	15	8	69	13	1.2389186201919522
J45	15	1	85	1	0.6063483493221699
J46	15	1	72	12	1.3209829111909794
J47	14	13	69	5	0.5676175273025978
J48	13	3	94	14	1.3652811403621319
J49	14	3	42	7	1.6980435677053205
J50	16	4	27	13	0.8345950089319785
J51	14	4	87	2	1.9857154720848422
J52	16	7	104	1	1.0044506802942204
J53	14	13	16	4	1.5311628776783903
\\ Jobs in machine 6
11
J54	15	3	94	7	1.0272009202948946
J55	15	6	24	11	1.6153862309616605
J56	15	8	2	13	1.2865374434173467
J57	17	2	56	5	0.710853200631363
J58	15	4	13	2	1.4295788060594723
J59	16	9	51	7	1.46531673270558
J60	16	6	67	11	1.5352199099780137
J61	15	8	99	8	1.3439941105228366
J62	14	8	105	15	1.2533516619180074
J63	16	4	75	13	1.1693765352220187
J64	15	12	102	6	0.8491107577757041
\\ Dependencies 
245
1	2
1	3
1	4
1	6
1	7
1	8
1	9
1	11
2	3
2	5
2	6
2	7
2	8
2	9
2	11
3	4
3	5
3	6
3	7
3	8
3	11
4	5
4	6
4	7
4	8
4	9
4	10
5	6
5	7
5	8
5	9
5	10
5	11
6	8
6	9
6	10
6	11
7	8
7	9
8	9
8	11
9	11
10	11
12	13
12	15
12	16
12	17
12	18
12	20
12	21
13	15
13	17
13	18
13	19
13	20
13	21
14	15
14	16
14	17
14	18
14	19
14	21
15	18
15	21
16	17
16	18
16	19
16	20
16	21
17	18
17	19
17	20
17	21
18	19
18	20
18	21
19	20
19	21
20	21
22	23
22	24
22	25
22	27
22	28
22	29
22	32
23	24
23	25
23	27
23	28
23	29
23	30
23	32
24	25
24	26
24	27
24	28
24	29
24	30
24	31
24	32
25	26
25	27
25	28
25	30
25	31
25	32
26	27
26	28
26	29
26	31
26	32
27	28
27	29
27	30
27	32
28	29
28	31
28	32
29	30
29	32
30	31
30	32
31	32
33	34
33	35
33	36
33	37
33	38
33	39
33	40
33	41
33	42
34	35
34	36
34	37
34	38
34	39
34	40
34	42
35	36
35	37
35	38
35	40
35	41
35	42
36	37
36	39
36	40
36	41
36	42
37	38
37	39
37	40
37	42
38	40
38	41
38	42
39	40
39	42
40	42
41	42
43	44
43	45
43	46
43	47
43	48
43	49
43	50
43	51
43	52
43	53
44	46
44	47
44	48
44	49
44	50
44	52
44	53
45	46
45	47
45	49
45	51
45	52
45	53
46	47
46	48
46	49
46	51
46	53
47	49
47	50
47	51
47	52
47	53
48	49
48	52
49	52
49	53
50	51
50	52
51	52
51	53
52	53
54	55
54	56
54	58
54	59
54	60
54	61
54	62
55	56
55	57
55	58
55	59
55	60
55	63
55	64
56	57
56	60
56	62
56	63
56	64
57	59
57	60
57	61
57	62
57	63
57	64
58	59
58	61
58	62
58	63
58	64
59	60
59	61
59	63
59	64
60	61
60	62
60	63
61	63
62	63
62	64
63	64
