\\ machines
18
\\ max power
180
\\ Jobs in machine 1
12
J1	15	8	72	57	1.394306971397711
J2	13	6	86	9	1.5411735056887648
J3	15	5	21	90	1.271796763596369
J4	15	11	14	36	0.6428483238640961
J5	15	7	86	74	0.852113115043363
J6	14	2	68	21	1.2241349426122237
J7	14	7	5	89	1.0461385823522709
J8	13	11	36	17	1.788117271211053
J9	15	14	34	74	0.583667759164395
J10	14	8	56	54	1.522293466492676
J11	14	13	71	46	1.1256658172672462
J12	14	8	9	66	1.739195974209246
\\ Jobs in machine 2
11
J13	15	11	62	10	1.6537733409341295
J14	16	2	89	72	2.343109980006401
J15	18	10	13	7	1.0934493841838264
J16	16	5	77	62	1.6709890930907931
J17	15	5	26	12	1.1497202067105097
J18	14	3	58	63	0.9580689356319552
J19	15	5	96	72	1.959794476708288
J20	15	11	57	64	1.5092882031020913
J21	16	4	39	81	0.8270765892505483
J22	14	11	63	51	1.2251619003159275
J23	15	14	105	40	0.8405620542175369
\\ Jobs in machine 3
10
J24	14	3	38	67	1.6761567933581452
J25	15	3	66	28	0.6489511119440214
J26	16	1	38	54	2.0239603400214765
J27	15	2	98	41	0.21878807974989312
J28	15	11	76	27	1.7466425200496052
J29	14	5	110	87	1.4944312273901321
J30	15	11	81	16	0.1
J31	15	12	73	83	1.821332511918988
J32	16	11	20	33	1.8769489327125342
J33	15	14	41	26	1.844498648216185
\\ Jobs in machine 4
11
J34	15	6	98	37	1.669232575532397
J35	13	14	104	83	1.921274804756525
J36	16	9	82	17	1.114954271764357
J37	17	9	21	29	0.4755683977310696
J38	15	2	22	4	1.8635632709784655
J39	14	14	67	45	1.7858813817544634
J40	14	5	28	67	1.894989631148734
J41	16	9	56	79	1.075283823386175
J42	15	11	78	76	0.426087195035442
J43	14	9	106	63	0.5889730706529482
J44	15	4	45	58	0.9677992639504472
\\ Jobs in machine 5
11
J45	14	8	91	47	1.5761881832657911
J46	15	2	45	13	1.004526679590444
J47	15	3	52	39	0.34122449787963316
J48	14	7	73	67	1.4947519582068036
J49	15	13	47	63	1.559601300586846
J50	14	2	74	12	0.980057488453178
J51	13	8	71	52	0.1
J52	15	6	34	87	0.8769022734245862
J53	13	8	100	49	1.0399333489527631
J54	14	6	24	10	1.1942331603434095
J55	15	9	48	58	1.3360766853638555
\\ Jobs in machine 6
12
J56	15	9	34	12	0.1
J57	13	2	75	13	1.4126926716056327
J58	15	5	85	56	0.7164578395977796
J59	16	8	71	67	1.3192961623385688
J60	13	14	89	72	1.851627650704085
J61	14	11	65	22	1.3798706549905146
J62	14	3	59	19	1.2592490417804425
J63	15	13	56	53	0.7238569641908731
J64	13	8	24	3	1.4545413373414526
J65	15	11	108	86	2.1719962782267492
J66	14	13	52	85	0.5811400453688471
J67	13	9	90	58	1.0059703723320315
\\ Jobs in machine 7
13
J68	15	14	20	55	1.4569623841446069
J69	14	12	61	20	1.960304676896592
J70	14	11	27	42	1.167076702164998
J71	13	10	73	46	1.6969376374363105
J72	12	14	104	57	1.082437583575738
J73	15	6	110	31	1.2809821916856339
J74	15	14	65	78	1.5078728342095427
J75	15	1	10	24	0.1
J76	13	11	5	89	0.3369256848651875
J77	13	2	109	47	1.2826620524887207
J78	14	12	3	20	1.5684226178153544
J79	14	2	76	56	1.6659443567525225
J80	15	9	72	63	1.4408042168979556
\\ Jobs in machine 8
10
J81	14	10	63	35	1.1393888149347167
J82	13	9	95	88	0.5617082329598305
J83	14	8	73	60	0.31253194646199367
J84	15	13	82	45	1.6043844345391718
J85	15	2	22	38	0.7972595851946831
J86	14	2	83	81	1.7693954718154763
J87	12	9	85	89	0.863172337134763
J88	14	2	9	83	0.7773886286802263
J89	14	5	4	24	1.486201359943814
J90	17	5	79	5	1.9141923019216671
\\ Jobs in machine 9
11
J91	13	10	2	45	0.8909298613854475
J92	14	12	3	45	1.9113659260368943
J93	13	2	72	80	1.3283608146534867
J94	15	14	67	39	2.1696314403076675
J95	14	3	84	58	1.1592089452609993
J96	16	3	50	40	1.3840609681995097
J97	14	4	36	88	0.5077587426101964
J98	15	5	91	80	0.7824469804003813
J99	13	5	32	88	0.9820636657390651
J100	15	11	102	1	0.8999184128884687
J101	15	12	38	61	0.7394408397627835
\\ Jobs in machine 10
9
J102	15	3	69	3	0.8480741686506306
J103	15	2	26	24	0.6370785442161357
J104	13	9	41	11	1.5435454888838958
J105	15	2	103	27	1.8296047596727756
J106	14	9	9	25	1.683246790251678
J107	15	4	7	27	1.6128638525102734
J108	16	2	57	58	0.8917804176284898
J109	14	5	98	51	1.640720962219312
J110	13	4	100	57	1.2383436610230043
\\ Jobs in machine 11
10
J111	14	2	4	6	0.722700742006797
J112	14	8	66	5	1.6102738629404667
J113	15	6	66	51	1.142623598384495
J114	16	3	24	61	1.470586405276833
J115	17	8	90	81	1.8363574125036348
J116	14	10	59	31	1.6657823114955983
J117	15	7	104	66	1.0723648388147342
J118	14	2	92	40	0.8062563498445505
J119	14	11	74	54	1.0726459527113035
J120	12	13	54	68	0.8303997338571332
\\ Jobs in machine 12
14
J121	14	11	98	28	0.8939048706797612
J122	14	4	28	4	1.6846457531794399
J123	16	5	20	66	1.4707875426577135
J124	15	4	25	36	0.9575672046097337
J125	13	11	39	45	0.3895023499476393
J126	15	7	72	73	0.8924860729804098
J127	13	11	91	81	1.3499414856089866
J128	14	11	13	29	0.9638172093093564
J129	14	8	19	5	1.3982982449774581
J130	15	6	22	37	1.3680387380012207
J131	14	2	99	30	0.8795200088574933
J132	16	11	63	57	0.9690895968844403
J133	13	2	50	86	0.6833208808108624
J134	15	7	64	8	0.19594274787428656
\\ Jobs in machine 13
10
J135	13	13	71	83	1.1164509955051833
J136	15	10	59	31	0.6453689620988947
J137	13	2	23	33	0.4746032698236031
J138	13	3	104	31	2.120754670298715
J139	15	13	96	74	1.7030875906329093
J140	14	4	57	6	0.744472138494039
J141	15	9	41	56	0.1
J142	14	9	78	61	0.5929141601302059
J143	15	14	57	16	1.4584489562229757
J144	13	3	110	17	1.0304068265087865
\\ Jobs in machine 14
11
J145	15	4	61	9	0.9518802270219012
J146	14	3	3	11	0.1
J147	15	11	58	63	0.1
J148	14	11	51	76	0.8547080422273383
J149	14	7	78	37	1.508001253779421
J150	14	4	14	7	2.0693187686378707
J151	14	14	57	51	1.9066356573079217
J152	14	4	25	6	1.3830407906377902
J153	13	4	90	21	0.40115832244128613
J154	16	11	59	50	1.0281060828064599
J155	15	3	33	16	0.8506916788933834
\\ Jobs in machine 15
10
J156	13	7	12	86	0.49366732407518255
J157	14	7	54	32	1.9278319561980928
J158	15	2	67	56	0.5852398190920386
J159	14	11	103	21	1.1735339158946856
J160	14	13	5	17	2.0197716937709673
J161	15	5	96	82	1.182303686103576
J162	15	4	58	18	1.8305176358071331
J163	15	6	105	88	0.8145029526866197
J164	12	11	25	26	1.5096588289315518
J165	16	5	6	70	1.0046742144932526
\\ Jobs in machine 16
10
J166	13	1	86	71	1.0907309942976848
J167	15	14	105	72	1.9467771403489376
J168	17	6	52	18	0.5213339642441475
J169	17	5	96	50	0.45686838824807274
J170	14	12	109	82	1.5616880235722468
J171	15	1	93	4	1.876088084655052
J172	13	3	72	21	2.6230306589404133
J173	14	3	60	11	1.9885872996029348
J174	15	12	24	64	0.9194004337811972
J175	14	3	26	46	1.4288932184466707
\\ Jobs in machine 17
12
J176	15	1	67	74	1.202668083910076
J177	13	7	97	39	1.1802547798598182
J178	14	12	56	44	1.4633884318404193
J179	15	6	75	13	1.4337524551675587
J180	14	3	48	40	0.9466440640854233
J181	15	3	83	39	0.585147698089386
J182	15	3	30	83	1.8320556631621272
J183	13	9	55	2	1.7905153060186239
J184	15	5	58	10	1.077409741350432
J185	15	4	22	20	1.0324371114671316
J186	13	6	41	59	1.9598084226050339
J187	15	4	3	89	1.0029795233083398
\\ Jobs in machine 18
12
J188	14	4	2	6	0.1
J189	14	8	60	70	0.3231496122189724
J190	15	5	12	51	1.2575939430471772
J191	13	6	93	73	0.9782391132787138
J192	13	11	32	68	1.3366940071055113
J193	16	10	43	39	1.5669036872421362
J194	15	11	11	62	1.6953947252800785
J195	12	14	53	31	0.5498589508613254
J196	14	9	43	16	1.1638842597033805
J197	15	10	98	52	0.9149460075744984
J198	15	11	15	4	1.4658127576788187
J199	15	3	39	3	1.2980895717950556
\\ Dependencies 
188
1	4
1	6
2	3
2	7
3	12
4	7
6	10
8	11
10	12
13	15
14	15
14	22
15	23
16	23
17	19
17	20
19	20
20	22
22	23
24	28
24	29
24	30
25	29
25	32
25	33
26	29
26	33
27	29
27	30
27	33
28	29
28	30
28	32
28	33
30	32
35	36
35	39
35	42
38	40
40	41
41	44
42	43
42	44
45	46
45	47
45	48
45	50
45	51
46	48
46	49
46	50
46	52
46	53
47	50
50	51
50	53
51	52
51	53
51	54
52	54
56	64
57	60
58	64
59	60
59	61
60	65
60	66
61	67
68	71
68	73
68	77
69	70
69	72
69	76
69	78
71	78
72	75
73	74
73	77
74	78
75	78
81	85
82	89
84	90
85	86
85	90
91	95
92	98
93	101
94	99
94	101
95	96
95	97
97	100
98	100
99	100
100	101
103	104
104	105
104	106
104	109
105	106
106	107
107	109
107	110
108	110
109	110
111	114
111	118
112	113
113	114
113	117
114	120
119	120
121	127
121	133
121	134
122	128
122	130
122	133
123	125
123	129
124	127
124	131
125	129
125	134
126	130
128	130
128	132
129	132
131	132
135	138
136	140
136	141
136	142
137	139
138	139
139	140
139	144
140	141
140	143
141	143
145	146
145	153
146	147
146	149
146	152
147	150
147	153
147	154
148	151
149	155
150	154
151	155
152	155
156	160
157	159
166	174
167	174
168	171
170	172
171	175
176	178
176	179
176	186
177	178
177	181
180	185
180	187
181	187
182	185
183	185
184	187
185	186
186	187
188	190
188	199
189	197
190	194
191	192
192	193
193	194
194	197
194	198
195	198
195	199
196	197
197	199
