\\ machines
6
\\ max power
60
\\ Jobs in machine 1
12
J1	15	9	56	9	1.1355018837264588
J2	15	6	107	1	2.0377508724386924
J3	14	11	71	3	0.8833503704645983
J4	16	13	63	7	1.5667114374311402
J5	13	10	63	9	0.8028195141866166
J6	15	6	50	7	1.5172006881032842
J7	14	13	105	3	1.300111857392126
J8	15	7	73	4	0.5901766039116176
J9	15	2	109	10	0.38462515903111105
J10	14	2	104	13	1.0300845307095372
J11	15	9	101	8	1.4312287216019928
J12	13	6	13	5	1.9050588035273108
\\ Jobs in machine 2
11
J13	15	8	82	2	0.3397822663943474
J14	15	3	102	4	0.5861072424916234
J15	15	2	90	5	0.9861451358649379
J16	13	4	62	7	1.9095074202251636
J17	15	12	2	11	0.6619249613821859
J18	15	5	16	7	1.2626563878113208
J19	15	11	79	10	0.871129108274117
J20	14	1	34	12	1.4019012203326722
J21	14	14	17	11	1.6627143256024493
J22	14	5	96	3	0.6498218267708223
J23	14	13	101	3	1.3126906045384887
\\ Jobs in machine 3
12
J24	15	11	30	13	1.4344048006559977
J25	15	5	76	9	0.9349433788610662
J26	14	5	85	4	2.096815329575903
J27	16	12	24	5	0.19562577101448286
J28	13	5	82	11	1.1328692326559713
J29	16	12	44	14	1.5940364650487284
J30	15	13	34	11	1.3107412834054606
J31	17	13	33	14	0.2118634372408954
J32	15	1	81	10	1.5538952745006294
J33	14	10	28	12	0.7731285408477953
J34	15	5	76	8	0.9624193331187594
J35	15	13	91	1	1.9474722840614689
\\ Jobs in machine 4
10
J36	12	9	41	10	1.4269373980599869
J37	13	4	110	1	1.75666300923701
J38	14	7	73	5	1.2027986260622867
J39	14	14	75	2	1.7638403805418625
J40	14	9	66	14	1.9832629316760806
J41	14	7	45	6	1.194719703788373
J42	16	4	19	7	0.4442564745709735
J43	14	11	94	6	1.9051850750369845
J44	13	6	54	10	0.9308745843813899
J45	14	10	41	11	1.4941249023838998
\\ Jobs in machine 5
12
J46	16	13	91	14	1.1822710126934148
J47	14	7	19	1	1.4433825267204663
J48	14	14	38	9	0.7495084470780914
J49	16	9	54	8	0.9495316480703109
J50	14	4	54	6	1.8428371696569408
J51	13	3	11	12	1.4777625582510412
J52	15	9	69	3	1.751668853468439
J53	14	4	38	4	0.5307617367795759
J54	15	7	10	6	2.2095994698943207
J55	15	6	96	8	1.2341974318156435
J56	13	1	46	4	1.0585893370149628
J57	14	12	15	15	1.576324510985724
\\ Jobs in machine 6
10
J58	15	13	68	11	1.15026037033721
J59	15	12	52	10	2.4451859467029786
J60	15	5	7	11	1.5256550059036145
J61	15	7	85	6	0.5369327700329612
J62	15	14	80	11	2.378768756935701
J63	13	8	82	3	0.13620289685008768
J64	15	7	11	15	1.3519593541601165
J65	14	4	38	13	1.1834673383345844
J66	15	3	74	13	2.3518095243838166
J67	14	3	52	10	2.019949395375518
\\ Dependencies 
286
1	2
1	3
1	4
1	6
1	8
1	11
1	12
2	3
2	4
2	5
2	6
2	7
2	8
2	9
2	10
2	11
2	12
3	4
3	6
3	7
3	8
3	11
3	12
4	5
4	7
4	8
4	9
4	11
4	12
5	6
5	7
5	8
5	9
5	10
5	12
6	7
6	9
6	10
6	11
7	8
7	9
7	10
7	11
7	12
8	10
8	12
9	10
9	11
9	12
10	11
10	12
11	12
13	14
13	15
13	16
13	18
13	19
13	20
13	21
13	22
13	23
14	15
14	16
14	17
14	18
14	19
14	21
14	22
14	23
15	16
15	17
15	19
15	20
15	21
15	22
15	23
16	17
16	18
16	19
16	20
16	21
16	22
17	18
17	20
17	21
17	22
17	23
18	19
18	21
18	22
18	23
19	20
19	21
19	22
20	21
20	22
20	23
21	22
21	23
22	23
24	25
24	26
24	27
24	28
24	29
24	30
24	32
24	33
24	34
24	35
25	26
25	27
25	28
25	29
25	30
25	31
25	32
25	33
25	34
25	35
26	27
26	29
26	30
26	31
26	32
26	34
26	35
27	28
27	29
27	30
27	32
27	33
27	34
28	30
28	33
28	34
28	35
29	30
29	31
29	32
29	33
29	35
30	31
30	32
30	33
30	35
31	32
31	33
31	34
31	35
32	33
32	34
32	35
33	34
33	35
36	37
36	38
36	39
36	40
36	41
36	42
36	43
36	45
37	38
37	39
37	41
37	42
37	43
37	44
37	45
38	39
38	40
38	41
38	42
38	43
38	44
38	45
39	41
39	43
39	45
40	42
40	43
40	44
40	45
41	43
41	44
41	45
42	43
42	44
42	45
43	44
43	45
44	45
46	47
46	48
46	49
46	51
46	52
46	53
46	54
46	56
46	57
47	48
47	50
47	51
47	53
47	54
47	55
47	56
47	57
48	50
48	51
48	53
48	54
48	55
48	56
48	57
49	50
49	52
49	53
49	54
49	55
49	56
49	57
50	51
50	52
50	53
50	54
50	55
50	56
50	57
51	52
51	53
51	54
51	55
51	56
51	57
52	54
52	57
53	54
53	55
53	56
53	57
54	56
54	57
55	56
55	57
56	57
58	59
58	60
58	62
58	64
58	66
58	67
59	60
59	61
59	62
59	63
59	64
59	65
59	66
59	67
60	61
60	62
60	63
60	64
60	65
60	67
61	62
61	63
61	64
61	65
61	66
61	67
62	63
62	64
62	66
62	67
63	64
63	65
63	66
63	67
64	66
64	67
65	67
66	67
