\\ machines
7
\\ max power
70
\\ Jobs in machine 1
11
J1	15	6	98	9	0.5377770013237868
J2	14	6	79	2	1.1816030009485543
J3	14	12	59	7	1.3720333780273937
J4	15	8	4	9	1.552100720738801
J5	15	4	20	29	1.6346034502633502
J6	16	14	78	31	0.7373917437449008
J7	14	5	2	19	1.276900829572754
J8	13	8	37	14	1.5944587727116364
J9	15	13	21	20	1.4997549566599278
J10	14	6	36	23	1.546665740859984
J11	13	14	61	10	0.565672829362116
\\ Jobs in machine 2
12
J12	15	2	54	10	1.3266925939579572
J13	15	1	71	14	1.187807300631214
J14	14	1	76	21	1.0238686140730273
J15	14	2	93	28	1.3901798038656425
J16	14	6	73	27	1.2060651035646668
J17	15	11	38	10	0.7123479662958503
J18	13	3	10	33	0.76376114794221
J19	14	7	10	20	1.7827404642453084
J20	14	2	51	20	0.5789348900152674
J21	15	6	93	9	0.5716873056895487
J22	14	11	95	2	1.1063477255047323
J23	14	9	69	30	0.5829660283991396
\\ Jobs in machine 3
11
J24	15	6	45	7	1.1234272704265331
J25	14	11	96	20	1.1611795072300732
J26	16	12	10	8	1.0944289671909924
J27	15	7	63	18	1.0542156654624837
J28	15	10	81	33	0.4641284635450682
J29	14	4	61	2	1.8790098402527073
J30	16	10	13	29	1.5253493918815324
J31	14	7	20	33	1.5902366288275864
J32	14	9	90	31	1.7327750171523097
J33	14	8	84	34	2.2020798512990334
J34	13	1	34	13	0.6098572348054256
\\ Jobs in machine 4
10
J35	14	14	104	7	0.6906063991373834
J36	15	11	89	28	0.22466456782572208
J37	15	9	65	22	0.5872963047766278
J38	16	2	49	12	1.6230486842418075
J39	16	13	61	35	1.9142419100848738
J40	16	14	100	13	1.0557594592385624
J41	12	4	24	30	0.9222434821360792
J42	15	7	77	21	0.7071802211510225
J43	15	1	33	29	2.0470812499262823
J44	14	14	89	28	1.455959171477025
\\ Jobs in machine 5
12
J45	15	5	91	9	0.2955302348756458
J46	13	10	21	7	0.4331070713198393
J47	14	10	75	29	1.3343915829355977
J48	16	5	104	4	1.7707320812403395
J49	16	10	4	12	2.2054434604936617
J50	13	6	88	4	0.8523565565742314
J51	15	13	4	18	0.8502229124799874
J52	14	13	35	10	0.7109987178112785
J53	14	12	107	19	0.8838492255926167
J54	15	9	65	10	1.3410083161277808
J55	16	13	39	28	1.2534985029088002
J56	14	3	51	5	0.31764894581461733
\\ Jobs in machine 6
13
J57	14	5	82	5	1.5996098045212297
J58	15	1	85	23	1.128931974825918
J59	14	11	105	16	1.2044811775535227
J60	15	3	2	3	1.270005078982597
J61	12	5	30	16	0.6298923630644194
J62	13	8	96	25	0.9903195359931065
J63	13	10	3	9	0.9892935317286745
J64	14	10	55	32	0.9752884384561573
J65	17	3	90	33	1.298054420474818
J66	14	10	18	17	1.1688424177718013
J67	14	14	43	18	2.787035973429939
J68	15	4	79	5	1.0580357987434048
J69	15	8	105	12	1.7294076236460594
\\ Jobs in machine 7
15
J70	14	10	22	5	0.3746580544926462
J71	14	12	58	9	1.4740897076506798
J72	15	3	84	13	1.5988915889794855
J73	13	12	38	8	0.9288799510030763
J74	15	1	49	5	1.4406181987590458
J75	16	10	80	22	0.712632875559738
J76	15	12	56	33	1.0065708128083686
J77	14	13	16	34	1.7893399044969027
J78	15	10	34	26	0.38089677837787395
J79	15	13	60	21	1.3945086900700556
J80	16	4	5	21	1.5765126509338816
J81	14	11	63	13	1.1904455879613938
J82	15	11	108	29	0.7264500480904972
J83	16	11	18	6	1.9502124987128036
J84	14	8	95	19	1.3775122770397017
\\ Dependencies 
373
1	3
1	4
1	5
1	6
1	7
1	8
1	9
1	10
1	11
2	3
2	4
2	5
2	6
2	7
2	8
2	9
2	10
2	11
3	5
3	6
3	7
3	8
3	9
3	10
3	11
4	5
4	6
4	7
4	8
4	9
4	10
4	11
5	6
5	7
5	8
5	10
5	11
6	8
6	9
6	10
6	11
7	8
7	9
7	10
7	11
8	9
8	10
8	11
9	10
9	11
10	11
12	13
12	14
12	15
12	16
12	18
12	19
12	20
12	21
13	14
13	15
13	16
13	17
13	19
13	20
13	21
13	22
13	23
14	15
14	16
14	17
14	18
14	19
14	20
14	21
15	16
15	17
15	18
15	19
15	20
15	22
15	23
16	17
16	18
16	19
16	20
16	21
17	18
17	20
17	21
17	22
18	19
18	20
18	21
18	22
19	20
19	21
19	22
19	23
20	23
21	22
21	23
24	26
24	27
24	30
24	31
24	32
24	34
25	26
25	28
25	29
25	30
25	31
25	32
25	34
26	27
26	28
26	30
26	31
26	32
26	33
26	34
27	29
27	30
27	31
27	32
27	33
27	34
28	29
28	31
28	32
28	33
28	34
29	30
29	32
29	33
30	31
30	33
30	34
31	32
31	33
31	34
32	33
32	34
33	34
35	36
35	38
35	39
35	40
35	41
35	42
35	43
35	44
36	38
36	41
36	42
36	43
36	44
37	38
37	39
37	40
37	41
37	43
37	44
38	39
38	40
38	41
38	42
38	43
38	44
39	40
39	41
39	42
39	44
40	41
40	42
40	43
41	43
41	44
42	43
42	44
43	44
45	46
45	47
45	48
45	49
45	51
45	52
45	53
45	54
45	55
45	56
46	47
46	48
46	50
46	51
46	53
46	55
46	56
47	48
47	50
47	51
47	52
47	54
47	55
48	49
48	50
48	52
48	53
48	54
48	55
48	56
49	50
49	51
49	52
49	53
49	56
50	51
50	52
50	53
50	54
50	56
51	52
51	53
51	54
51	55
51	56
52	53
52	54
52	55
52	56
53	54
53	55
54	55
54	56
55	56
57	58
57	59
57	62
57	63
57	64
57	65
57	66
57	67
57	68
57	69
58	59
58	60
58	61
58	62
58	63
58	64
58	65
58	66
58	67
59	60
59	61
59	62
59	63
59	64
59	68
59	69
60	61
60	62
60	63
60	64
60	65
60	66
60	67
60	68
60	69
61	62
61	63
61	64
61	65
61	66
61	68
61	69
62	66
62	67
62	68
62	69
63	64
63	65
63	66
63	67
63	68
63	69
64	66
64	67
64	68
64	69
65	66
65	67
65	68
66	67
66	68
68	69
70	72
70	73
70	74
70	75
70	76
70	77
70	79
70	80
70	82
70	83
70	84
71	73
71	74
71	75
71	76
71	77
71	78
71	79
71	80
71	81
71	82
72	74
72	76
72	77
72	78
72	80
72	81
72	83
72	84
73	74
73	78
73	79
73	80
73	81
73	82
73	84
74	75
74	76
74	77
74	78
74	79
74	83
75	76
75	78
75	83
75	84
76	77
76	78
76	79
76	80
76	81
76	82
76	83
76	84
77	79
77	80
77	81
77	82
77	83
77	84
78	79
78	80
78	81
78	82
78	83
79	80
79	82
79	84
80	83
80	84
81	82
81	83
82	83
82	84
83	84
