\\ machines
5
\\ max power
50
\\ Jobs in machine 1
11
J1	15	5	67	6	0.1893403104035991
J2	16	9	90	3	1.809735229334786
J3	13	11	10	5	1.0638775794560318
J4	14	8	82	6	1.2186809153810798
J5	14	3	40	13	0.652039571657761
J6	14	2	25	3	1.6565679897446066
J7	16	13	109	8	0.8615386629847372
J8	16	6	105	12	0.9410287516533429
J9	16	11	46	13	1.0208514864709612
J10	15	14	22	2	1.000502493032501
J11	14	8	71	1	0.7888108559790876
\\ Jobs in machine 2
10
J12	15	1	48	8	0.7002886447060122
J13	13	12	28	2	1.2460687515190987
J14	13	8	92	7	1.1438025507926493
J15	15	1	72	12	1.6665420103281725
J16	14	10	103	11	0.7866244825567417
J17	14	8	20	3	0.5711647978988875
J18	12	8	46	5	0.33476643782805293
J19	15	7	106	2	0.9590547852171403
J20	16	6	94	11	1.8253546757327683
J21	14	1	64	7	0.7960803453117359
\\ Jobs in machine 3
11
J22	15	14	75	9	1.0248827339427764
J23	15	11	21	3	1.3305440650461624
J24	15	1	106	7	0.28517478066652735
J25	14	6	109	4	1.360267365542543
J26	15	2	40	12	1.4057840392226386
J27	15	14	110	13	1.351791959405912
J28	15	14	54	9	1.6675721403344546
J29	14	5	83	10	1.2957593884227327
J30	13	8	50	7	0.9658164370860349
J31	15	9	103	11	0.909982616258913
J32	16	12	20	4	2.3619949195818903
\\ Jobs in machine 4
11
J33	16	13	48	11	1.0861471345301563
J34	14	5	57	5	0.6944858531937806
J35	16	13	65	2	1.2904659389434423
J36	15	9	17	2	1.0248615817830795
J37	15	1	60	12	0.4013109170056778
J38	14	12	93	12	0.4934385545061727
J39	15	2	97	5	0.16139187023329304
J40	15	5	22	11	1.0287794699356727
J41	14	1	40	1	1.3576978522370857
J42	14	4	44	7	0.5588405892900786
J43	15	10	49	2	1.9599287935980827
\\ Jobs in machine 5
11
J44	15	7	43	11	1.3277397606012726
J45	15	6	44	3	1.0514852675503739
J46	14	10	39	2	1.5909210633268542
J47	15	8	28	9	1.7309306188129252
J48	15	9	21	10	1.9278302921680281
J49	14	9	70	6	1.5840226372492991
J50	16	13	55	8	1.502837709621486
J51	14	10	26	11	2.2627116127007554
J52	15	14	54	3	1.1598698218904935
J53	14	11	65	2	0.7549466302254573
J54	13	7	60	11	1.0288256163427467
\\ Dependencies 
28
2	3
4	10
5	9
6	11
7	9
8	9
8	11
15	16
15	19
16	20
17	19
18	21
22	24
22	29
23	27
28	30
29	31
33	34
33	38
33	39
34	41
34	43
35	39
38	42
44	50
45	52
48	51
50	53
