\\ machines
25
\\ max power
250
\\ Jobs in machine 1
11
J1	13	13	21	20	0.6871429781363091
J2	14	14	41	62	1.0884343620099903
J3	17	14	18	16	0.9852042514582423
J4	14	7	39	122	0.6466728162894184
J5	17	10	19	9	2.1208041427534012
J6	14	3	27	71	1.4125198175510862
J7	14	14	89	13	1.1262356931099498
J8	14	11	84	44	0.8759867228435079
J9	16	7	78	31	0.6549407194474659
J10	14	9	49	38	1.4805951882015496
J11	14	11	54	91	0.6136040260052164
\\ Jobs in machine 2
11
J12	13	2	6	27	0.9994502820191316
J13	17	11	25	38	1.414250699964575
J14	15	12	63	40	1.9709166171964942
J15	13	11	61	48	1.6835299284570293
J16	13	5	38	76	1.3637415062756535
J17	13	4	93	104	1.3903621287354537
J18	15	3	9	73	1.0518650047887863
J19	12	11	61	122	1.1041749606699534
J20	16	3	109	54	0.6695105545289455
J21	14	10	110	6	1.3046786469107399
J22	13	1	88	56	1.0578467495304222
\\ Jobs in machine 3
13
J23	16	13	92	111	2.756997449033152
J24	16	5	78	73	2.522367624090339
J25	14	6	93	58	1.6017401031571885
J26	15	12	107	55	1.4328299974985186
J27	14	5	81	34	0.9628020448107417
J28	15	3	65	23	1.2109599082014146
J29	14	9	31	48	0.9804989513044409
J30	15	10	63	76	1.7918728638620984
J31	15	4	98	30	1.0221128711522431
J32	14	6	17	101	0.8124460470802735
J33	15	6	44	95	1.8341017924934402
J34	13	4	33	40	0.1377147447744398
J35	12	6	34	65	1.0038094379351714
\\ Jobs in machine 4
11
J36	15	6	96	81	1.5409583481057925
J37	13	11	22	25	0.9098390900735698
J38	14	9	63	41	0.945722917113879
J39	15	3	109	27	1.6900595830221332
J40	14	6	20	61	1.9277844584249113
J41	17	11	64	57	1.3669417264253727
J42	14	1	42	37	1.8094096549649947
J43	14	7	40	101	0.9635808225545663
J44	14	2	22	34	1.5534970753253996
J45	15	4	31	47	1.3723775986343394
J46	15	11	38	47	0.9783902595745674
\\ Jobs in machine 5
11
J47	15	5	62	73	0.18691914942555976
J48	14	14	56	113	1.4427101561411408
J49	16	2	5	79	1.3397234073238984
J50	14	13	39	42	1.1332740116246574
J51	14	4	32	38	1.0673105825405276
J52	12	8	59	12	0.8950576347848624
J53	15	5	99	31	1.514831112919494
J54	14	14	67	112	1.6706455190823113
J55	16	1	20	116	0.7486024594216147
J56	15	10	87	67	0.8691630747286746
J57	13	3	59	123	0.4401523478772481
\\ Jobs in machine 6
10
J58	15	13	26	17	1.0481464917148438
J59	16	13	42	20	1.1221811170058433
J60	14	6	50	58	1.8655822728040783
J61	13	1	83	58	0.6853166559104666
J62	14	3	51	108	0.39454625546775235
J63	15	5	41	109	1.418049228354096
J64	14	7	51	17	1.1050360521104228
J65	15	9	73	104	0.7983267425449501
J66	15	14	20	49	1.0380639166059482
J67	14	8	67	58	0.7832083278827624
\\ Jobs in machine 7
11
J68	16	5	102	72	0.6316320978520025
J69	17	7	58	101	1.027041006719864
J70	15	11	9	91	0.6269898695602176
J71	16	12	20	83	1.723043326696083
J72	14	11	80	88	1.4984773178160151
J73	14	7	93	90	0.773384669525786
J74	16	14	81	122	0.6194006835548106
J75	14	13	91	18	1.2142553113186239
J76	14	7	55	69	1.0179713572873743
J77	15	13	98	78	0.6352902176763464
J78	14	14	89	26	1.6306403829213985
\\ Jobs in machine 8
10
J79	15	8	20	117	0.8184485928020775
J80	14	14	4	37	0.1
J81	13	11	98	112	1.4688198426996555
J82	15	13	92	75	1.272590488322747
J83	17	3	52	99	1.0302363487209385
J84	15	1	38	12	0.8252504839346166
J85	14	10	102	121	2.0117090487281377
J86	14	11	40	114	1.6076995773204836
J87	14	12	26	42	1.7073386363628678
J88	14	8	59	81	0.6511159932085532
\\ Jobs in machine 9
11
J89	14	5	88	69	0.7365053877784725
J90	15	3	22	117	1.1066352910173585
J91	15	13	79	14	0.5146902523047816
J92	15	2	90	46	0.6777081406298548
J93	14	12	9	19	1.5855815153167525
J94	14	10	62	102	0.6627680710159833
J95	15	8	108	54	2.535468231762559
J96	13	7	38	3	1.4367038886573906
J97	14	9	88	68	1.4329890542203196
J98	14	13	81	12	1.2592617570428881
J99	15	12	27	84	1.7315116421121801
\\ Jobs in machine 10
11
J100	15	8	54	116	0.6886800008964741
J101	13	13	84	69	1.5115519903580812
J102	15	12	28	110	0.489092065718982
J103	15	4	80	74	0.6398786865228523
J104	14	5	49	42	1.9317404862771705
J105	13	14	70	61	1.5086285160913182
J106	14	12	16	9	1.0084519597123944
J107	14	1	60	105	2.2786792197919503
J108	16	12	80	120	1.075096951704227
J109	16	8	102	11	2.242908493004531
J110	16	8	11	95	2.0391032484931157
\\ Jobs in machine 11
12
J111	15	3	103	10	0.664522655341728
J112	15	9	10	63	0.9512524256599653
J113	15	11	19	21	1.2976332177803689
J114	15	12	35	51	1.6483833764406182
J115	15	10	104	19	0.23353010349225678
J116	15	13	7	71	1.5758426561384855
J117	15	10	78	107	1.0505725463495403
J118	13	1	92	76	0.7887500058857146
J119	14	13	20	107	2.182482588549197
J120	14	7	42	24	1.22265690617784
J121	15	10	35	85	1.4272579998139308
J122	14	1	68	32	1.368259123561137
\\ Jobs in machine 12
10
J123	15	14	104	105	1.1666451630373231
J124	13	11	58	101	1.6370253322286357
J125	15	3	5	108	1.5491012573330127
J126	15	12	18	33	2.634661239404319
J127	14	14	44	3	0.9537275187451253
J128	14	12	17	72	1.3576038122727772
J129	13	11	94	88	0.5549090018966103
J130	15	7	23	120	1.724915322163124
J131	16	1	88	49	2.2403632926902945
J132	15	2	88	83	1.4830474414291048
\\ Jobs in machine 13
11
J133	16	6	43	100	1.1241525696541095
J134	13	1	59	42	0.9402617978813474
J135	15	4	46	42	1.1820329992599925
J136	16	4	78	30	1.395393707990977
J137	13	12	13	112	1.0268320212221649
J138	14	7	110	32	1.2026665011655213
J139	15	14	99	91	1.382615244129947
J140	14	1	109	33	0.7519230690811296
J141	14	13	80	109	1.311286803330097
J142	15	13	65	25	1.3126755478900498
J143	13	10	54	63	1.4669830105147668
\\ Jobs in machine 14
10
J144	13	1	26	89	0.37963438618612877
J145	14	7	56	23	1.09566722535936
J146	16	10	48	82	1.3240636880260592
J147	17	6	74	103	0.9053535196383639
J148	13	6	105	45	1.2906640946220487
J149	14	7	4	8	1.2028423476052093
J150	13	10	54	26	1.3429003946188436
J151	13	13	29	52	0.9238401216484489
J152	14	2	94	107	1.6395464453125494
J153	14	4	2	4	1.5553890633258556
\\ Jobs in machine 15
9
J154	16	5	92	13	1.2589377291153687
J155	15	8	68	67	0.5222661461025108
J156	15	1	29	61	0.1
J157	15	2	96	101	1.7923451444399494
J158	16	11	100	113	1.1133545815119932
J159	15	7	98	101	1.2036998685523042
J160	14	9	10	52	0.22258031912057785
J161	14	3	95	70	0.7868727571212641
J162	14	11	38	18	1.0321928544848
\\ Jobs in machine 16
11
J163	14	1	49	107	1.4703019848366243
J164	16	7	50	4	0.69810357267316
J165	11	7	34	96	1.2472217604289364
J166	14	11	51	29	0.8765711377000742
J167	15	8	92	13	1.1970273035424162
J168	14	4	94	53	0.8779571321443418
J169	16	8	74	11	1.0204232767097687
J170	14	1	36	110	0.901980856831082
J171	15	14	101	104	1.2486678284019217
J172	14	2	6	10	1.7151550870257726
J173	15	8	44	82	1.0519460314223896
\\ Jobs in machine 17
9
J174	16	7	18	65	0.4201173871081836
J175	14	13	35	98	0.41129645223391775
J176	16	6	87	85	0.8892062998418693
J177	13	7	42	125	1.0043170684269367
J178	15	4	79	108	0.9334050785802017
J179	15	6	36	10	0.8256327610677803
J180	14	2	93	104	1.5340895795839593
J181	15	1	48	103	0.5838489461622055
J182	14	12	45	89	0.8979781480808688
\\ Jobs in machine 18
12
J183	14	1	43	11	2.0369663843127763
J184	12	14	48	39	1.2621660216243924
J185	14	5	104	110	0.8926310109415322
J186	16	12	17	18	1.0377906829795969
J187	14	8	24	76	1.0198295578011145
J188	14	5	7	87	2.5131170612796514
J189	14	11	58	98	0.7104860674046043
J190	15	7	80	97	1.3131784135066291
J191	13	3	77	114	1.360869587162947
J192	14	7	8	111	1.012614923727051
J193	14	3	83	116	0.6146738147528252
J194	15	13	109	73	0.10798045206213347
\\ Jobs in machine 19
11
J195	15	8	89	67	1.019536080447958
J196	15	4	19	25	0.6429723298589285
J197	16	8	32	108	1.1475703393326708
J198	14	2	28	65	0.8789273577280932
J199	15	6	51	22	0.7924359363842397
J200	14	11	98	122	2.0153410564885053
J201	15	5	85	124	1.0257546049123178
J202	15	5	73	4	1.3812320623658805
J203	14	12	12	62	0.7837090515867708
J204	15	11	45	16	0.39531445418133393
J205	14	10	16	48	2.03790073045626
\\ Jobs in machine 20
11
J206	13	8	94	85	0.6843525429471781
J207	14	2	2	68	0.9725495272452589
J208	14	3	72	99	0.5294057718781506
J209	14	11	57	95	1.2883411438421737
J210	16	7	65	93	1.3679003254123965
J211	14	14	79	87	1.1570220829884177
J212	14	7	3	66	0.969030104510827
J213	14	1	11	92	0.15300048228579732
J214	14	11	14	108	1.18919417224709
J215	14	7	68	45	0.5976914080795752
J216	16	13	2	19	1.0416982996785409
\\ Jobs in machine 21
13
J217	14	4	6	26	1.0904022014849803
J218	15	5	66	8	2.4951188165349154
J219	14	12	76	63	1.6628381345275418
J220	15	9	36	75	0.3508753845850463
J221	15	6	68	69	1.8257911893039358
J222	13	5	70	125	1.45611085833911
J223	15	10	50	113	0.8603755223089211
J224	16	1	96	2	0.5509279609659309
J225	14	4	54	106	0.9371259759604809
J226	15	8	68	116	1.9808996341738507
J227	14	6	89	73	1.2169218387912069
J228	15	5	40	52	0.40039643751019727
J229	16	4	8	18	0.6659168336891447
\\ Jobs in machine 22
11
J230	16	14	87	84	1.257656256948657
J231	14	13	105	66	0.7658261954369293
J232	12	9	75	120	1.4120320599134462
J233	15	13	62	50	1.2572645785624792
J234	14	14	5	32	1.1346762122516774
J235	15	1	40	74	1.6432007355142155
J236	15	3	19	92	1.1958478388006886
J237	14	10	57	86	1.2116172183578997
J238	14	3	61	39	1.2856822315866345
J239	14	5	74	14	1.3116998439359988
J240	13	9	15	1	0.7025908701269412
\\ Jobs in machine 23
12
J241	13	5	93	14	2.0182694780256343
J242	15	4	95	125	1.6459927218657957
J243	15	8	13	76	1.9581174898743334
J244	14	11	25	62	1.1981467968423016
J245	13	13	68	48	1.5824704763298947
J246	15	7	24	20	1.002894336994848
J247	13	3	47	77	1.1916084929360464
J248	15	8	55	105	1.2326488216147293
J249	16	14	33	88	2.2781627796257347
J250	16	9	109	33	1.3614836036887081
J251	15	4	60	50	1.4718832798897399
J252	14	12	92	84	1.6634288300231266
\\ Jobs in machine 24
12
J253	14	5	89	52	1.5263936785923844
J254	14	12	83	56	0.9387051386703518
J255	15	3	78	3	1.1759639681624765
J256	13	1	58	63	1.6847330280838397
J257	16	8	80	90	1.4409583074282954
J258	13	2	29	107	1.164815903189357
J259	14	10	107	79	1.4266756067619206
J260	15	4	84	114	1.4501227468361493
J261	16	4	8	21	1.1760087717896444
J262	15	10	34	57	1.1895192522259184
J263	15	10	95	76	1.1448882644618859
J264	13	5	8	123	1.12550932304121
\\ Jobs in machine 25
10
J265	16	14	24	106	1.7409719653932807
J266	14	13	89	89	1.587133843428258
J267	15	5	45	95	2.0642071146691636
J268	15	3	96	14	1.4788216052739047
J269	15	3	36	30	1.3111060914131378
J270	15	12	84	43	0.1
J271	14	6	81	7	0.7912824914846357
J272	14	14	26	71	0.9682606169283974
J273	15	8	33	72	1.5618134905783838
J274	13	10	108	8	1.3355312948572973
\\ Dependencies 
826
1	2
1	4
1	5
1	7
1	10
2	3
2	4
2	5
2	6
2	7
2	8
2	9
2	10
2	11
3	5
3	6
3	7
4	5
4	6
4	8
4	9
4	10
4	11
5	6
5	7
5	9
5	10
5	11
6	8
6	9
6	10
7	9
7	11
8	9
8	10
8	11
9	10
9	11
10	11
12	13
12	14
12	15
12	18
12	19
12	20
12	22
13	14
13	15
13	16
13	17
13	19
13	20
14	15
14	16
14	17
14	18
14	19
14	20
14	21
14	22
15	16
15	17
15	18
15	19
15	20
15	21
15	22
16	17
16	18
16	21
16	22
17	18
17	20
17	21
17	22
18	19
19	20
19	21
19	22
20	21
20	22
21	22
23	24
23	26
23	27
23	29
23	30
23	31
23	33
23	35
24	25
24	26
24	27
24	28
24	29
24	30
24	31
24	32
24	33
24	34
24	35
25	26
25	27
25	29
25	30
25	31
25	32
25	33
25	34
25	35
26	27
26	28
26	29
26	30
26	34
26	35
27	28
27	30
27	35
28	29
28	31
28	34
28	35
29	30
29	31
29	33
29	34
30	34
30	35
31	32
31	33
31	34
32	33
32	35
33	35
34	35
36	37
36	39
36	40
36	41
36	44
36	45
36	46
37	38
37	43
37	46
38	39
38	40
38	41
38	42
38	46
39	43
39	44
40	41
40	45
40	46
41	42
41	43
41	45
41	46
42	43
42	44
43	44
43	45
43	46
44	45
44	46
45	46
47	49
47	50
47	52
47	53
47	56
47	57
48	49
48	50
48	52
48	54
48	55
49	50
49	51
49	52
49	53
49	54
49	55
49	56
49	57
50	51
50	52
50	53
50	54
50	56
51	54
51	56
51	57
52	53
52	54
52	55
52	57
54	56
54	57
56	57
58	59
58	61
58	62
58	63
58	64
58	67
59	61
59	62
59	65
59	66
60	61
60	62
60	63
60	65
60	67
61	63
61	64
61	65
62	63
62	66
63	66
63	67
64	66
64	67
65	66
65	67
66	67
68	72
68	73
68	75
68	76
68	77
68	78
69	71
69	72
69	73
69	75
69	76
70	71
71	72
71	73
71	74
71	75
71	76
71	78
72	74
72	75
72	76
72	77
72	78
73	76
73	77
74	76
74	77
75	77
75	78
76	77
76	78
79	80
79	83
79	85
79	86
79	87
79	88
80	82
80	83
80	85
80	87
81	82
81	83
81	84
81	85
81	86
81	87
81	88
82	87
82	88
83	84
83	86
83	87
83	88
84	85
84	86
84	88
85	86
86	87
86	88
87	88
89	90
89	91
89	92
89	95
89	96
90	91
90	92
90	93
90	94
90	95
90	96
90	97
90	98
91	92
91	95
91	98
91	99
92	94
92	95
92	98
93	94
93	95
93	96
93	97
93	98
94	95
94	96
94	99
95	97
95	98
97	98
100	103
100	106
100	107
100	110
101	103
101	105
101	108
101	109
102	103
102	105
102	106
102	108
103	107
103	110
104	106
104	107
105	106
105	107
105	108
105	109
106	108
106	109
107	108
108	109
111	113
111	114
111	115
111	116
111	118
111	120
111	121
111	122
112	117
112	120
112	121
112	122
113	114
113	115
113	116
113	118
113	122
114	115
114	116
114	119
114	120
115	116
115	117
115	119
115	121
115	122
116	118
116	120
117	118
117	119
117	122
118	121
119	121
119	122
120	122
121	122
123	125
123	127
123	129
123	130
123	131
124	125
124	127
124	129
124	130
124	131
125	127
125	129
125	131
125	132
126	127
126	128
126	129
126	131
126	132
127	128
127	131
127	132
128	130
128	132
130	131
130	132
131	132
133	134
133	136
133	137
133	138
133	139
133	140
133	141
133	143
134	135
134	136
134	138
134	141
134	142
134	143
135	142
135	143
136	137
136	139
136	140
136	141
136	142
136	143
137	138
137	140
137	141
137	142
138	141
138	143
139	141
139	142
139	143
140	141
140	143
141	142
142	143
144	149
144	151
144	152
144	153
145	146
145	149
145	150
145	152
145	153
146	147
146	150
146	151
147	148
147	149
147	152
147	153
148	150
148	151
148	152
148	153
149	150
149	152
150	152
150	153
151	153
152	153
154	155
154	157
154	158
154	159
155	157
155	158
155	160
155	161
155	162
156	157
156	159
156	161
156	162
157	158
157	159
157	160
157	161
157	162
158	160
159	160
159	161
160	161
160	162
163	164
163	165
163	166
163	168
163	169
163	170
163	172
163	173
164	166
164	167
164	168
164	169
164	171
164	172
165	168
165	169
165	170
165	173
166	167
166	168
166	169
166	170
166	171
166	172
166	173
167	170
168	169
168	170
168	171
168	172
168	173
169	172
171	172
174	177
174	178
174	179
174	180
174	181
174	182
175	178
175	180
175	181
175	182
176	178
176	179
176	180
176	181
177	180
177	181
177	182
178	181
178	182
179	180
180	181
180	182
181	182
183	184
183	185
183	186
183	187
183	190
183	191
183	192
184	185
184	188
184	189
184	191
184	193
184	194
185	186
185	189
185	191
185	194
186	187
186	190
186	192
186	193
186	194
187	188
187	189
187	192
188	189
188	190
188	191
188	193
188	194
189	191
189	193
189	194
190	191
190	192
190	194
191	192
195	196
195	201
195	203
195	204
195	205
196	197
196	198
196	199
196	202
196	203
196	204
196	205
197	198
197	199
197	203
197	204
198	199
198	201
198	202
198	203
198	205
199	203
199	204
200	201
200	202
200	204
200	205
201	203
201	205
202	203
202	204
202	205
203	205
204	205
206	207
206	208
206	210
206	211
206	215
207	208
207	209
207	212
207	214
207	215
207	216
208	209
208	210
208	211
208	214
208	215
208	216
209	213
209	214
209	215
210	215
210	216
211	215
212	215
213	214
213	215
213	216
214	215
215	216
217	218
217	219
217	220
217	221
217	223
217	225
217	226
217	229
218	221
218	222
218	223
218	225
218	226
218	227
218	228
218	229
219	220
219	221
219	222
219	223
219	224
219	225
219	226
219	227
219	228
220	221
220	222
220	223
220	224
220	225
220	227
220	228
221	222
221	224
221	228
222	223
222	226
222	227
222	228
222	229
223	224
223	225
223	226
223	228
223	229
224	226
224	229
225	227
225	228
225	229
226	228
227	228
227	229
230	232
230	233
230	235
230	236
230	237
230	238
230	240
231	232
231	234
231	236
231	238
231	239
231	240
232	235
232	238
233	234
233	236
233	239
233	240
235	238
235	239
236	238
236	239
236	240
237	238
237	239
237	240
238	240
241	243
241	246
241	248
241	250
241	251
241	252
242	246
242	247
242	248
242	249
242	251
242	252
243	245
243	247
243	249
243	250
243	252
244	245
244	247
244	249
244	251
244	252
245	246
245	247
245	249
245	250
246	247
246	248
246	250
246	251
247	248
247	249
247	250
247	251
247	252
248	249
248	250
248	252
253	254
253	257
253	263
253	264
254	255
254	259
254	260
254	261
254	262
255	260
255	261
255	263
256	259
256	260
256	261
256	262
256	263
256	264
257	258
257	260
257	261
258	259
258	260
258	263
258	264
259	260
259	261
259	262
259	263
259	264
260	261
260	264
262	263
265	266
265	268
265	269
265	271
265	273
266	271
266	272
267	268
267	269
267	274
268	270
268	271
268	273
268	274
269	270
269	271
269	272
269	273
270	271
270	272
270	273
271	272
271	273
272	273
272	274
273	274
