\\ machines
9
\\ max power
90
\\ Jobs in machine 1
10
J1	14	1	19	9	0.6784073866601046
J2	14	10	82	44	0.1
J3	14	2	46	4	1.0097405744571701
J4	15	14	55	16	1.2914817391757787
J5	15	10	72	35	1.045212395877471
J6	15	5	19	24	1.3767046375078194
J7	15	1	15	31	1.1785538783454814
J8	14	14	26	21	1.7055989984543962
J9	14	3	36	50	1.0467706746387695
J10	14	10	37	53	1.0054408614982198
\\ Jobs in machine 2
10
J11	14	6	17	28	1.0149310515484888
J12	14	14	26	1	1.9670009881570716
J13	14	2	45	54	1.297898524027077
J14	14	8	50	2	1.3593054689198376
J15	15	8	19	20	1.1636982372201399
J16	15	1	37	19	1.132389369180007
J17	15	1	41	68	1.0191521851831715
J18	15	14	55	17	2.1777441982396804
J19	15	5	71	14	0.6463218623326259
J20	14	2	102	26	2.260002821702728
\\ Jobs in machine 3
12
J21	16	4	67	47	0.9742316568436291
J22	16	3	65	54	0.5990249221014552
J23	15	6	10	17	1.010262160023317
J24	13	11	89	46	1.9907648049661324
J25	15	6	4	12	1.115583174485089
J26	15	4	55	48	1.0537738010795028
J27	16	12	30	68	0.9056714852974552
J28	14	4	52	6	1.3927161093842155
J29	14	13	76	45	1.6064672951905532
J30	15	3	54	31	1.0843020867809268
J31	13	4	78	41	1.4307010823386916
J32	16	13	103	9	1.6136287981267727
\\ Jobs in machine 4
13
J33	15	8	7	60	0.4195968758935432
J34	16	7	36	15	0.9305974594291945
J35	16	6	10	35	1.1804952833026483
J36	17	5	40	54	2.01159250666461
J37	13	9	58	60	1.3017277737118462
J38	15	8	36	29	1.0556057288941718
J39	13	5	77	26	1.674302179360244
J40	15	5	33	56	1.6742506530150685
J41	16	10	41	16	0.8224167046337538
J42	14	5	59	67	1.607257962752274
J43	17	14	40	64	0.9468155364498112
J44	15	11	31	40	0.6594982791602388
J45	16	3	61	26	0.624732035665073
\\ Jobs in machine 5
12
J46	15	4	12	14	0.7067425008404964
J47	15	9	58	7	1.2433105976134418
J48	14	2	65	7	1.0754959425317698
J49	14	10	33	50	1.7634784626435873
J50	15	3	93	40	1.121575909083348
J51	13	1	48	7	1.2665145682603642
J52	14	9	36	15	1.3258008077508625
J53	14	11	103	36	1.7746780850889445
J54	15	14	33	20	1.676303852761924
J55	14	1	59	2	0.9876213136751937
J56	15	2	54	34	1.0195533165917232
J57	13	13	7	16	1.5628471492661744
\\ Jobs in machine 6
11
J58	13	4	38	16	2.133045908447248
J59	14	14	91	21	1.3090831458633652
J60	16	12	26	47	0.22000986474681616
J61	14	12	61	54	0.9654236290039809
J62	15	7	103	34	1.1495948714089723
J63	14	4	38	23	1.0942216908640736
J64	14	12	34	16	1.647915791626043
J65	15	5	6	10	1.0950142277976544
J66	15	1	57	15	1.2879219072601429
J67	15	14	24	40	1.1346322421076696
J68	15	12	50	2	1.2967935496315972
\\ Jobs in machine 7
12
J69	14	13	79	7	1.0596073137983029
J70	15	1	28	56	2.125751979400207
J71	14	10	53	20	1.3143451576641676
J72	13	13	71	63	1.0773600011065614
J73	13	5	22	68	1.0482283362281892
J74	15	3	80	65	0.6014821548497021
J75	14	2	44	32	0.7017783752256939
J76	15	5	6	17	2.106206356739313
J77	16	4	100	50	0.8253179785072087
J78	14	4	63	40	0.8600086862117777
J79	16	12	26	64	1.0548474857466552
J80	16	11	109	30	1.4989228355018858
\\ Jobs in machine 8
12
J81	12	1	95	20	0.8817578857523976
J82	15	8	63	58	1.2848914768274033
J83	15	3	32	61	1.9591055990057433
J84	15	10	30	32	1.3561685834316608
J85	15	12	95	55	1.1768712980403346
J86	14	9	106	22	1.273306646535612
J87	15	4	30	61	0.703046258226292
J88	15	1	98	45	0.6122562078751209
J89	16	1	5	53	2.2215974401705125
J90	15	8	13	18	2.2518507253493727
J91	15	2	50	66	0.8072995118483014
J92	14	7	63	38	0.8123324751869856
\\ Jobs in machine 9
12
J93	14	9	54	36	0.8596659325488045
J94	14	4	98	58	0.899935728414108
J95	14	13	43	54	2.6618777950929697
J96	13	4	57	7	2.1494842383928554
J97	15	1	39	4	0.8214725636746694
J98	14	8	85	8	1.2855529894985112
J99	14	9	44	18	0.6465946341538396
J100	15	3	29	10	1.9211075128541109
J101	15	11	67	63	0.729340303658633
J102	13	12	98	7	1.242787527881552
J103	15	14	35	34	0.7235150125622793
J104	12	13	66	53	2.1503162360285
\\ Dependencies 
355
1	2
1	4
1	5
1	6
1	9
1	10
2	4
2	6
2	7
2	10
3	4
3	5
3	7
3	8
3	9
3	10
4	5
4	6
4	7
4	8
5	6
5	9
6	7
6	8
6	9
6	10
7	9
8	9
8	10
11	13
11	16
11	17
11	20
12	14
12	15
12	16
12	18
12	20
13	14
13	15
13	18
13	20
14	15
14	16
14	17
14	19
14	20
15	16
15	17
15	19
15	20
16	18
16	19
16	20
17	18
17	19
18	20
21	23
21	26
21	27
21	28
21	29
21	30
22	23
22	24
22	25
22	26
22	27
22	31
22	32
23	25
23	27
23	29
23	31
23	32
24	25
24	27
24	29
24	30
24	31
25	26
25	27
25	30
26	29
26	32
27	28
27	30
27	31
27	32
28	29
28	32
29	31
29	32
31	32
33	35
33	36
33	38
33	39
33	40
33	41
33	42
33	43
33	44
33	45
34	35
34	38
34	39
34	41
34	42
34	43
35	36
35	41
35	42
35	43
35	45
36	37
36	38
36	40
36	43
36	44
37	38
37	39
37	41
37	42
37	44
37	45
38	39
38	40
38	41
38	43
38	45
39	40
39	41
39	42
39	45
40	43
40	44
40	45
41	42
41	43
41	44
41	45
42	44
42	45
43	44
43	45
44	45
46	49
46	50
46	53
46	54
46	55
46	56
47	48
47	51
47	53
47	54
47	55
47	56
47	57
48	50
48	51
48	53
48	54
48	56
49	50
49	51
49	52
49	54
50	51
50	52
50	53
50	54
50	56
50	57
51	52
51	53
51	54
51	55
51	56
51	57
52	55
52	56
53	54
54	55
54	56
55	57
56	57
58	59
58	61
58	62
58	63
58	64
58	65
58	67
58	68
59	60
59	61
59	63
59	65
59	66
59	68
60	61
60	64
60	65
60	66
61	62
61	64
61	65
61	66
61	67
61	68
62	63
62	65
62	67
62	68
63	64
63	65
63	67
64	65
64	68
65	66
65	67
66	68
67	68
69	71
69	72
69	78
69	79
70	71
70	72
70	75
70	76
70	77
70	79
70	80
71	72
71	73
71	75
71	76
71	77
72	73
72	74
72	75
72	76
72	78
73	74
73	75
73	76
73	77
73	78
73	79
73	80
74	75
74	76
74	77
74	79
74	80
75	76
75	77
75	78
75	79
75	80
76	77
76	78
76	80
77	79
78	80
81	83
81	84
81	85
81	86
81	88
81	89
81	90
81	91
82	83
82	84
82	85
82	86
82	87
82	89
82	91
83	84
83	86
83	88
83	90
84	85
84	88
84	89
84	90
84	91
84	92
85	86
85	89
85	90
85	92
86	89
86	90
86	91
86	92
87	88
87	89
87	91
88	89
88	90
88	92
89	90
89	91
89	92
90	91
91	92
93	94
93	95
93	99
93	100
93	101
93	102
93	103
93	104
94	95
94	96
94	97
94	98
94	99
94	100
94	101
94	102
94	104
95	97
95	98
95	99
95	101
95	102
95	103
96	98
96	100
96	102
97	98
97	100
97	101
97	103
97	104
98	100
98	101
98	103
99	100
99	102
99	104
100	101
100	102
100	103
101	102
101	103
101	104
