\\ machines
25
\\ max power
250
\\ Jobs in machine 1
11
J1	15	1	73	94	0.9051861018495717
J2	14	8	44	162	1.4174489672721657
J3	14	4	6	112	1.3297059160865177
J4	14	1	46	15	1.2523572212503797
J5	15	11	39	68	1.0274294483453403
J6	15	12	7	91	0.8817384711105851
J7	13	2	74	158	1.4441429911678085
J8	15	5	91	34	1.213497721188533
J9	12	10	83	153	1.7795596612136264
J10	14	1	75	120	1.38376755936891
J11	15	1	9	104	1.2011679512920896
\\ Jobs in machine 2
11
J12	13	14	99	91	1.8228724926019781
J13	13	4	37	68	1.1756910021452185
J14	15	5	107	123	0.1
J15	14	14	108	181	0.6646038525165938
J16	16	12	89	167	1.3519544575179534
J17	12	1	102	46	1.0581911774480073
J18	15	8	85	75	2.1649398085925937
J19	15	1	98	122	0.766309556573554
J20	14	11	41	94	1.4166107812855824
J21	14	6	38	144	0.9269672536543223
J22	15	5	105	150	0.9854961126332467
\\ Jobs in machine 3
10
J23	13	3	72	14	0.8183332473039687
J24	14	14	104	13	2.28153545295936
J25	14	4	49	164	0.2895083540980362
J26	16	13	93	109	1.4974491154107796
J27	14	12	93	144	1.276857995924129
J28	14	13	51	148	0.9551651228713907
J29	13	2	79	129	0.688242548332884
J30	16	11	44	56	0.23339985206302616
J31	14	11	84	125	1.3802397159133786
J32	13	13	51	16	1.31538710776973
\\ Jobs in machine 4
10
J33	12	11	52	126	1.4717734367252775
J34	14	9	40	44	1.0139140515995886
J35	16	12	63	154	0.1
J36	13	2	101	93	1.07866201350567
J37	15	6	72	144	0.7614495122241464
J38	15	14	36	10	1.7518830868223059
J39	14	1	62	141	1.5711323796517653
J40	15	10	52	134	1.1766422318685863
J41	14	9	36	149	0.5127105392224628
J42	14	5	37	134	1.2094350155784876
\\ Jobs in machine 5
11
J43	14	2	44	137	0.7544799002787068
J44	12	3	109	60	2.263335308129964
J45	14	14	54	188	0.702255516249852
J46	16	3	27	23	1.155502787941975
J47	14	8	20	33	0.6648278479289096
J48	13	7	38	108	1.0262435677512396
J49	15	4	16	23	0.868340410152908
J50	14	10	88	149	1.04159189558697
J51	14	8	53	117	1.2506115217919767
J52	14	11	29	90	1.3781846321992313
J53	15	11	108	167	1.2234254689412352
\\ Jobs in machine 6
12
J54	15	11	15	64	0.43532130704355165
J55	14	2	9	140	1.5295913551862246
J56	14	12	94	125	1.1711836055208251
J57	15	2	23	50	1.8980892753550054
J58	14	11	60	167	0.1
J59	15	10	77	14	1.683818211466829
J60	14	11	90	148	0.9151415112058865
J61	13	14	17	140	1.2188826571243152
J62	14	13	81	65	0.6805237460949061
J63	14	6	87	39	1.3353335728978706
J64	14	14	73	77	0.5570722685149827
J65	14	11	67	187	0.7753926775012545
\\ Jobs in machine 7
11
J66	15	5	22	42	1.3793560671312401
J67	15	14	13	81	0.7161339125654452
J68	13	4	85	140	1.844327127225537
J69	16	4	54	96	0.7814705177442143
J70	15	1	62	162	1.1735689247708228
J71	16	4	32	29	2.1285568074007477
J72	15	6	91	46	1.1747282809748076
J73	14	5	62	97	1.411385120871952
J74	16	12	45	91	1.1298145101988926
J75	14	4	51	146	1.895820105078418
J76	14	7	15	14	0.69463678103442
\\ Jobs in machine 8
11
J77	15	8	106	74	1.3389950281766931
J78	15	3	93	42	1.0707275762370931
J79	16	13	4	104	1.5178939393898228
J80	15	1	92	147	1.3859759836010188
J81	16	11	5	54	1.4907023295264772
J82	15	8	105	108	0.78527320166913
J83	16	8	31	38	1.914853171141393
J84	14	8	91	104	0.9998507188676878
J85	16	9	57	81	1.6242877773588296
J86	14	5	11	122	1.3968922906792884
J87	15	10	52	163	1.3601175328374426
\\ Jobs in machine 9
10
J88	14	3	81	61	0.5435670413795417
J89	14	1	50	142	0.2745733441029713
J90	15	10	37	62	1.0095274828141463
J91	14	5	2	177	2.128252422052328
J92	13	3	27	159	1.035513865261329
J93	15	12	11	29	0.4153963415348716
J94	13	14	106	184	0.561631412678269
J95	15	3	42	57	1.500555169433949
J96	15	14	90	58	0.5400539276154636
J97	12	1	82	167	0.47462225349525056
\\ Jobs in machine 10
13
J98	15	12	82	107	1.801126835469176
J99	16	11	91	151	1.3875470030521928
J100	15	10	80	84	0.9648218108941321
J101	15	6	81	37	0.3930834147488089
J102	14	13	64	171	1.5934547050758667
J103	14	10	48	109	0.8741245073560916
J104	15	6	29	30	0.7713866541230905
J105	16	9	48	58	0.1
J106	14	10	40	105	1.390831700132543
J107	14	14	48	152	1.485800684610034
J108	14	3	29	13	0.9250348910036938
J109	14	11	95	176	1.186497960192223
J110	16	9	42	45	1.8767553020953405
\\ Jobs in machine 11
11
J111	13	2	88	89	1.7685923762420879
J112	15	10	92	38	0.627778168910945
J113	17	7	12	124	1.385499746918001
J114	17	12	75	175	1.5884084320460188
J115	14	5	93	55	0.9947865947000005
J116	14	14	9	50	0.6716710758311761
J117	15	11	71	27	0.7056942042387258
J118	15	10	46	86	2.0393893190388304
J119	15	2	25	182	1.8548195142123933
J120	15	12	62	123	0.3002164379794454
J121	13	12	109	136	1.4926743053491363
\\ Jobs in machine 12
10
J122	13	13	38	36	1.0708825395895887
J123	15	8	103	150	0.2968589816807561
J124	16	2	16	165	1.8091055399586642
J125	16	1	40	168	0.4612233572076846
J126	14	12	95	103	1.3654095922050955
J127	14	13	65	134	1.3881687196009154
J128	14	11	86	72	1.5327923480947527
J129	14	4	23	86	0.9357260448080589
J130	12	6	84	105	1.021784081187715
J131	16	9	39	16	1.2182999646838153
\\ Jobs in machine 13
10
J132	15	5	109	161	1.8020847231045733
J133	14	10	87	112	0.8464347858324163
J134	14	8	54	22	1.8904490478147824
J135	15	4	85	148	0.8560807005938897
J136	14	9	51	137	1.5207218182469773
J137	13	13	58	39	2.454286427730157
J138	16	14	65	65	1.4941966960355435
J139	15	9	82	97	1.8760037690199742
J140	15	4	92	169	1.54275693702204
J141	13	2	66	47	0.6258006303159329
\\ Jobs in machine 14
11
J142	14	11	41	91	0.9759741713716525
J143	14	3	6	179	1.383376047423786
J144	14	7	15	67	1.4872828660403807
J145	14	14	90	156	1.1827646315900437
J146	15	5	17	77	0.1441822514085791
J147	14	8	58	93	0.43211137954718515
J148	13	6	104	92	2.0054725112157517
J149	15	6	33	58	0.9115403854154447
J150	15	7	12	186	0.369912284034448
J151	14	3	16	63	1.216963481902455
J152	16	12	19	176	1.8499363940628868
\\ Jobs in machine 15
10
J153	14	3	6	43	1.4539804419486342
J154	14	10	92	48	1.825973517579734
J155	14	12	107	50	1.1919100273692573
J156	15	3	32	116	1.628460387372916
J157	15	5	25	90	1.1106188736822924
J158	14	14	13	42	0.7866767714070076
J159	13	7	86	14	1.6870934848686594
J160	12	12	19	178	2.3565306470354406
J161	14	3	10	112	1.2004662202630607
J162	12	7	75	58	1.026031889348546
\\ Jobs in machine 16
12
J163	14	4	26	26	1.03162215801069
J164	15	1	30	31	1.7297595818609484
J165	16	10	87	136	0.9821355240613361
J166	14	11	44	85	0.8858215930463404
J167	15	4	69	45	0.5421876743606051
J168	13	7	100	15	1.7571071902882602
J169	16	12	51	186	1.0915233849094748
J170	14	7	39	13	1.4234601331950616
J171	13	6	93	96	0.5404772881211465
J172	12	7	33	25	1.1054133913892554
J173	14	1	39	83	1.1362342607819345
J174	14	10	78	67	0.20147886860354913
\\ Jobs in machine 17
11
J175	13	10	68	36	1.7509664149889896
J176	15	7	42	78	0.5560177457118566
J177	15	4	83	29	2.598649079744045
J178	15	12	72	159	0.9753559143742156
J179	15	10	57	74	0.5580283277533763
J180	12	14	16	139	1.2928996760304243
J181	15	6	53	92	1.025134909529724
J182	14	8	63	84	1.6328264694232808
J183	15	2	42	9	1.782459137013678
J184	15	4	3	46	0.7590919098290994
J185	16	2	102	62	1.4648992914379293
\\ Jobs in machine 18
10
J186	15	13	92	158	1.4150324235922631
J187	15	2	83	91	1.5087868539016351
J188	14	7	35	74	1.8750878025847464
J189	13	12	25	155	1.2752890824742074
J190	14	4	90	150	0.8949330409397407
J191	14	7	95	184	1.742955544065632
J192	15	13	12	48	0.9094143402935166
J193	15	8	53	180	1.2091713758915286
J194	16	10	97	24	1.2559667621447748
J195	14	9	81	23	1.8366395337403068
\\ Jobs in machine 19
11
J196	14	11	62	84	1.2571366889464286
J197	13	1	95	51	1.9125904831100025
J198	16	5	62	154	1.0606411815852317
J199	15	7	70	123	1.575948021845062
J200	15	3	46	183	1.4474071364298169
J201	14	7	6	18	1.0870042013972632
J202	15	6	3	176	1.2152264796633334
J203	16	8	85	39	1.1457418542226412
J204	15	14	105	47	0.11523115733308043
J205	15	8	95	86	1.9330135674655309
J206	14	10	71	20	0.6025779095679601
\\ Jobs in machine 20
12
J207	16	12	48	117	2.426888904899821
J208	15	10	93	58	1.1117778581129245
J209	14	13	91	180	1.2644931565382287
J210	14	12	65	11	1.4683629140831904
J211	14	12	45	171	0.903383342523739
J212	13	12	51	77	1.3879062475984625
J213	13	2	32	79	0.32418213695779385
J214	15	5	101	151	0.5649645559239251
J215	17	11	82	133	0.7167843468737882
J216	14	2	68	86	2.044050834842873
J217	14	12	90	173	1.6294185871857478
J218	16	7	59	43	1.5779192347235529
\\ Jobs in machine 21
12
J219	14	7	87	4	1.3549372184866333
J220	15	11	103	139	1.7447413460298453
J221	16	8	69	117	1.0226644501912894
J222	15	7	20	158	1.416436890095888
J223	14	8	101	132	0.5790230477118015
J224	14	11	9	147	1.545347009398832
J225	15	1	101	4	0.9018705628258945
J226	15	6	33	40	0.8983679931027018
J227	12	13	68	149	2.6029145150712307
J228	15	10	62	134	1.473820519212189
J229	16	4	59	133	1.1257570178587668
J230	14	3	96	54	0.7496397044977079
\\ Jobs in machine 22
10
J231	14	5	42	123	1.1648618225079044
J232	14	12	36	67	0.8126484733303131
J233	15	13	37	129	0.692812565941167
J234	11	10	102	91	0.9044050450392089
J235	16	1	53	90	1.2883189580321395
J236	15	8	9	45	1.4072065897908872
J237	15	14	71	162	1.7816440771382256
J238	14	7	52	137	1.6616197545489464
J239	16	8	47	115	1.2441031552955186
J240	15	12	94	119	0.5224615239858287
\\ Jobs in machine 23
13
J241	15	5	35	18	1.2609519639901599
J242	13	12	57	122	0.7804389095341058
J243	15	6	81	91	1.0202762175282651
J244	15	6	106	72	1.5402287939782588
J245	17	3	32	106	0.8657855908641401
J246	15	14	30	149	1.024537793652666
J247	14	1	73	159	0.7802073464585804
J248	15	2	34	154	0.6651313338800439
J249	17	13	13	8	1.0698196715908015
J250	13	14	76	5	0.23233110973354598
J251	15	14	60	111	1.0840367642084558
J252	14	6	32	147	1.4724257459446375
J253	15	11	30	37	1.2563680422143177
\\ Jobs in machine 24
11
J254	15	4	31	91	1.878980399966514
J255	14	8	12	98	0.8868401408681477
J256	13	10	97	149	1.0879973992664889
J257	15	9	12	69	1.0924323667462272
J258	16	14	14	76	1.3546199754490933
J259	13	7	106	27	1.062083427951539
J260	15	10	76	65	1.152568911514803
J261	15	5	56	165	1.9932011871441617
J262	13	7	24	150	0.8912032899124309
J263	13	8	19	21	1.8438029371296558
J264	14	7	59	79	0.4019125879168497
\\ Jobs in machine 25
11
J265	14	6	98	57	1.1865627083272643
J266	14	6	4	183	1.2658342831355835
J267	15	11	53	6	1.3949189499313435
J268	15	13	7	84	1.7111413065981902
J269	15	11	18	54	1.8416528446691107
J270	13	11	22	35	1.3579364104420384
J271	16	11	88	147	0.12644355529139006
J272	15	7	24	67	0.7980764212363658
J273	14	8	47	106	1.4105185556309945
J274	15	11	14	4	0.959266580284918
J275	16	5	13	103	1.331595964913675
\\ Dependencies 
696
1	6
1	8
1	10
1	11
2	3
2	6
2	8
2	9
2	11
3	5
3	6
3	8
3	9
4	6
4	7
4	9
4	10
4	11
5	6
5	7
5	10
6	7
6	9
6	10
7	9
7	11
8	9
9	10
12	13
12	14
12	15
12	16
12	18
12	21
12	22
13	16
13	17
13	18
13	19
13	21
13	22
14	15
14	17
14	19
15	17
15	18
15	20
16	18
16	20
16	21
17	18
17	19
17	22
18	19
18	20
18	21
19	20
19	22
20	21
21	22
23	25
23	26
23	27
23	28
23	29
23	32
24	27
24	28
24	29
24	32
25	30
26	27
26	29
26	30
26	31
27	30
27	32
28	30
28	31
28	32
29	30
30	32
31	32
33	34
33	35
33	36
33	37
33	38
33	40
33	41
34	36
34	38
34	39
34	40
35	37
35	40
36	37
36	39
36	40
36	41
36	42
37	39
37	40
38	39
39	42
40	41
43	44
43	45
43	46
43	47
43	50
43	52
43	53
44	45
44	46
44	48
44	49
44	50
44	51
45	46
45	47
45	49
45	51
46	48
46	50
46	51
46	52
47	48
47	49
47	52
47	53
48	50
48	52
49	52
49	53
50	51
54	56
54	57
54	60
54	64
54	65
55	57
55	59
55	61
55	62
55	63
55	65
56	60
56	62
56	64
56	65
57	59
57	62
57	64
57	65
59	61
59	62
59	64
59	65
60	64
60	65
61	64
61	65
62	64
62	65
66	69
66	72
66	73
66	76
67	68
67	70
67	72
67	73
67	74
67	75
67	76
68	69
68	73
68	75
68	76
69	71
69	72
69	75
70	71
70	72
70	73
70	74
70	75
70	76
71	72
72	73
73	75
74	75
74	76
75	76
77	79
77	83
77	84
77	85
77	87
78	79
78	80
78	81
78	83
78	87
79	81
79	82
79	85
79	86
80	81
80	82
80	83
81	85
81	86
82	84
82	85
82	87
83	87
84	85
84	87
85	86
85	87
88	89
88	91
88	93
88	97
89	90
89	91
89	92
89	93
89	96
90	91
90	93
90	96
91	92
91	95
92	94
92	95
93	94
93	95
93	97
96	97
98	99
98	100
98	102
99	101
99	102
99	103
99	106
99	107
99	109
99	110
100	101
100	104
100	105
100	106
100	108
100	109
101	105
101	108
102	104
102	107
102	109
103	104
103	106
103	107
103	108
104	105
104	106
104	108
104	109
106	107
106	108
106	110
107	108
107	109
111	113
111	114
111	115
111	119
112	113
112	115
112	116
112	117
112	118
112	121
113	114
113	117
113	120
114	117
114	118
114	119
115	118
115	120
115	121
116	117
116	120
116	121
117	118
117	121
118	120
118	121
119	120
119	121
120	121
122	123
122	125
122	126
122	127
122	128
122	129
122	130
122	131
123	124
124	125
124	129
124	131
125	126
125	127
125	128
125	129
125	130
126	129
126	131
127	128
127	129
127	130
127	131
128	130
129	131
130	131
132	135
132	136
132	139
132	141
133	136
133	140
134	137
134	138
134	139
135	136
135	137
135	138
135	139
135	141
136	138
136	140
136	141
137	140
138	140
139	140
142	143
142	145
142	147
142	151
142	152
143	144
143	146
143	150
143	151
143	152
144	145
144	146
144	147
144	149
144	150
144	152
145	148
145	150
145	151
146	147
146	148
146	152
147	150
147	152
148	149
148	152
149	150
149	151
151	152
153	154
153	156
153	158
153	159
153	160
154	155
154	156
154	157
154	159
154	160
155	156
155	157
155	158
155	162
157	159
157	160
158	159
158	161
158	162
160	161
163	164
163	167
163	170
163	171
163	172
163	173
164	169
164	172
164	173
164	174
165	168
165	169
165	170
165	171
165	172
165	173
165	174
166	173
167	168
167	172
168	169
168	170
168	171
168	172
168	174
169	171
170	173
172	173
172	174
175	176
175	178
175	180
175	182
175	184
175	185
176	180
176	181
176	183
176	184
177	179
177	185
178	180
178	184
178	185
179	180
179	182
179	184
180	183
180	184
181	182
181	183
181	184
181	185
182	183
182	184
182	185
183	184
183	185
184	185
186	188
186	189
186	191
186	194
186	195
187	188
187	189
187	190
187	191
187	192
187	193
187	194
188	189
188	190
188	191
188	195
189	190
189	191
190	192
191	192
191	195
196	200
196	203
197	200
197	201
197	203
197	204
197	206
198	200
198	202
198	203
198	204
198	205
198	206
199	201
199	202
199	205
199	206
200	203
200	204
200	205
201	204
202	203
202	204
202	206
203	206
204	206
205	206
207	214
207	215
207	217
207	218
208	209
208	210
208	211
208	214
208	217
208	218
209	210
209	212
209	213
209	214
209	215
209	218
210	211
210	213
210	215
210	216
210	218
211	212
211	215
211	217
211	218
212	213
212	216
213	214
213	215
213	217
213	218
214	216
214	217
215	217
215	218
216	217
219	220
219	222
219	223
219	227
219	228
219	230
220	221
220	222
220	223
220	224
220	227
220	229
221	223
221	226
221	227
221	228
221	230
222	224
222	225
222	226
222	227
222	228
222	229
223	224
223	225
223	227
223	228
223	230
224	227
224	229
224	230
225	227
225	230
226	229
227	228
227	230
228	229
228	230
231	233
231	236
231	237
231	239
231	240
232	234
232	235
232	238
232	240
233	236
233	237
233	238
233	239
233	240
234	236
234	238
234	239
235	236
235	237
235	238
236	238
237	238
237	240
238	239
238	240
241	242
241	244
241	247
241	248
241	250
241	251
241	253
242	243
242	244
242	251
242	252
242	253
243	244
243	245
243	247
243	249
243	252
243	253
244	246
244	247
244	248
244	250
244	251
244	252
245	253
246	248
246	250
246	253
247	248
247	249
247	250
247	251
248	250
248	251
248	253
249	250
249	252
250	252
250	253
251	252
251	253
254	255
254	260
254	263
254	264
255	256
255	257
255	258
256	257
256	261
256	262
257	259
257	260
257	261
258	261
258	263
259	260
259	261
259	263
259	264
260	261
260	262
260	264
261	263
261	264
263	264
265	266
265	267
265	269
265	271
265	272
265	274
265	275
266	267
266	268
266	269
266	270
266	271
266	274
267	268
267	271
268	272
268	275
269	272
270	273
271	272
271	273
271	274
272	273
274	275
