\\ machines
20
\\ max power
200
\\ Jobs in machine 1
11
J1	14	9	56	34	0.647697880095769
J2	14	8	84	14	1.588765537209549
J3	13	9	41	12	0.3189381548713802
J4	15	5	76	16	1.1243676780572642
J5	15	9	34	35	1.234764699107421
J6	14	7	45	49	1.1899273255953717
J7	15	4	108	42	1.3393533008855896
J8	14	6	105	27	1.1548387135840368
J9	13	2	31	22	1.7688105062280992
J10	15	13	31	3	0.8656961127678204
J11	15	14	13	47	1.6395077142843395
\\ Jobs in machine 2
13
J12	14	4	25	28	0.8286782103967574
J13	16	1	32	26	1.1812336367501257
J14	13	12	52	37	0.9107660274819969
J15	14	12	15	29	1.5939050353614261
J16	15	11	103	1	1.6596360532404348
J17	16	14	24	23	1.5983444240219264
J18	15	4	95	10	1.1497613698367948
J19	15	14	48	21	1.0772938860221
J20	14	2	54	26	0.5614759760454021
J21	14	14	36	31	1.432837707007753
J22	14	13	93	35	0.7680785903109877
J23	16	14	60	28	0.38432931400548564
J24	13	6	3	31	1.6258780822993506
\\ Jobs in machine 3
11
J25	15	5	83	44	0.6360338650915355
J26	13	9	74	26	1.1732901000044924
J27	13	13	58	35	1.3806456083246075
J28	16	7	15	25	1.0363542813527908
J29	16	10	29	49	2.5246060087106916
J30	13	12	34	41	1.7671697031519888
J31	17	11	12	50	1.4858444811016467
J32	14	14	12	48	1.4930503685552887
J33	13	10	16	43	2.038145016772855
J34	16	13	74	8	0.6696658339276338
J35	16	4	71	45	0.9410762814420353
\\ Jobs in machine 4
12
J36	16	7	96	26	0.7293653877909823
J37	13	2	29	50	1.413107325420201
J38	13	10	102	12	0.8317127211152917
J39	15	10	102	37	1.957837735927447
J40	16	5	41	12	0.7862839414597873
J41	15	2	80	49	1.0637778260578918
J42	14	7	35	32	1.643155339373927
J43	16	9	49	39	0.30046294800922824
J44	15	11	29	22	1.1038452628968318
J45	14	9	14	21	0.9978021660459622
J46	16	13	14	34	1.1201985277870667
J47	14	1	46	15	0.422794516233038
\\ Jobs in machine 5
11
J48	13	13	98	17	1.1375476921261947
J49	17	11	28	7	0.45241709290514476
J50	15	13	16	3	0.5147648502052488
J51	17	3	79	9	1.9399733786088966
J52	14	8	63	41	1.0126144841032896
J53	15	13	17	24	1.18805253053584
J54	16	14	30	39	1.0496511254289167
J55	15	12	44	23	0.9220121357320072
J56	13	11	77	10	1.1811637114040443
J57	15	1	50	41	1.6742685558603494
J58	15	1	80	15	1.0027944470599672
\\ Jobs in machine 6
12
J59	14	14	7	46	1.4017784165793
J60	14	10	2	20	1.4696193764851349
J61	15	11	12	1	1.5307043326370173
J62	16	7	11	3	0.9577991788763572
J63	16	7	4	48	0.6870656456257843
J64	14	1	5	34	1.5168896202330668
J65	15	5	86	14	1.8142089200167073
J66	14	3	41	47	1.634286367515161
J67	14	5	102	26	1.1423558700926606
J68	16	4	77	27	0.510753078849188
J69	16	4	41	10	2.1737216272400204
J70	14	1	15	48	1.1805311584384244
\\ Jobs in machine 7
11
J71	13	3	28	13	0.1
J72	15	1	50	22	1.6326702797385282
J73	14	4	83	14	1.220703950737382
J74	16	7	48	12	0.8469269237156284
J75	14	11	40	14	1.8385545853213363
J76	16	12	4	11	0.7897421981409956
J77	13	10	105	30	1.0066258510797734
J78	15	7	83	23	2.1088271189472056
J79	12	12	13	23	1.4716683701730042
J80	16	11	11	14	0.5586641062512288
J81	15	11	108	6	1.0653642992468113
\\ Jobs in machine 8
10
J82	14	13	63	36	1.0789834474168
J83	15	3	29	49	0.8624220797705882
J84	15	5	36	34	0.9547847748151922
J85	17	1	33	19	0.7626271264966795
J86	17	11	10	15	0.4590692736483869
J87	15	12	52	43	0.21531333449195866
J88	15	3	89	4	1.9048432163676527
J89	13	11	109	23	1.215343401326074
J90	15	3	29	24	1.387483896489144
J91	15	11	41	23	1.9594849665672485
\\ Jobs in machine 9
10
J92	15	4	70	34	1.4662755728189123
J93	14	6	75	47	1.4832073847199052
J94	16	13	32	10	1.0602469612034968
J95	15	1	98	24	1.5662265952734524
J96	14	4	6	14	0.6093431726854577
J97	16	8	108	49	0.9010911544758899
J98	15	13	31	29	0.7485315075480694
J99	13	14	61	2	0.9578135200568886
J100	13	1	36	21	2.0907102250232157
J101	15	2	48	15	0.3498913675987022
\\ Jobs in machine 10
11
J102	16	8	40	32	1.4432760034342824
J103	14	4	88	14	1.303185756920706
J104	14	8	11	40	0.7301362305130467
J105	14	6	18	13	0.9507308172217129
J106	14	1	77	40	1.2045118795782817
J107	15	5	48	5	1.8142640065659368
J108	14	1	73	32	1.6247112723381403
J109	12	8	37	16	1.1025927022874895
J110	15	9	66	11	0.5318797707505196
J111	14	10	68	11	1.3074579426827204
J112	14	4	6	43	1.7207796197007768
\\ Jobs in machine 11
10
J113	14	4	105	22	1.1959658044132302
J114	12	9	78	39	1.3796946486556074
J115	13	10	51	7	1.4922782979786051
J116	15	5	72	28	1.4094948075788385
J117	15	7	109	50	0.8667195687767584
J118	15	8	43	12	1.5527669968357658
J119	15	12	75	18	1.1233065663956494
J120	17	13	50	49	0.6023634052633149
J121	16	13	18	29	1.209741297343684
J122	13	7	49	29	1.432802935121626
\\ Jobs in machine 12
12
J123	14	13	57	36	1.2649074377346303
J124	16	5	99	11	1.3761421620098124
J125	14	13	99	50	1.3340881506815978
J126	14	10	99	49	0.6094908113426165
J127	15	11	25	47	1.5941600074133593
J128	14	10	62	39	0.9045631249869022
J129	15	11	2	37	0.8851044353200901
J130	15	14	10	4	1.9973647720423005
J131	17	14	64	18	1.5811384514667866
J132	14	10	93	32	0.8829386032420292
J133	15	6	52	26	1.2167133528680625
J134	16	5	84	28	1.1808797516350837
\\ Jobs in machine 13
11
J135	16	14	56	35	2.1774739793504074
J136	13	4	35	39	1.046175980448716
J137	13	9	76	2	0.9782460819186676
J138	14	1	51	10	2.015077767511054
J139	14	8	82	46	0.825680248741641
J140	15	13	79	25	0.7130219873363546
J141	14	2	89	14	2.1664063896386865
J142	15	13	35	50	1.8402130078543388
J143	14	3	2	17	0.6007141424153499
J144	14	8	82	15	1.612352829036322
J145	15	14	27	43	0.1
\\ Jobs in machine 14
11
J146	15	13	81	38	0.5543912126188639
J147	16	11	55	21	0.7074669742285643
J148	15	10	48	21	1.6809605870604185
J149	14	5	68	50	0.7968214163590339
J150	16	12	22	17	1.0820390811007705
J151	15	2	97	42	1.395076725219945
J152	15	14	4	26	1.400857274368634
J153	17	4	68	23	0.676018146848988
J154	14	5	23	24	0.1
J155	13	6	100	1	0.5280579304638895
J156	13	9	92	38	0.5987355468503724
\\ Jobs in machine 15
10
J157	14	2	93	40	1.9457787183323236
J158	14	3	65	49	2.1076015301810953
J159	15	11	43	16	1.6159524821488445
J160	13	3	81	30	0.7203692814245977
J161	16	5	58	6	1.5650356107157373
J162	15	2	48	7	1.622947181095788
J163	15	10	87	28	1.0887045661398778
J164	14	7	22	2	1.5596625298439895
J165	15	3	21	11	0.4213012695072713
J166	15	12	73	38	0.7925855552634631
\\ Jobs in machine 16
10
J167	16	3	62	11	1.0987456670638793
J168	13	8	26	5	1.2113142214985377
J169	15	9	80	26	1.094413638499856
J170	17	14	96	26	0.9049213106734839
J171	14	6	101	37	0.7513068472435992
J172	14	11	2	31	0.7051759488135214
J173	14	11	13	27	0.5838122514233574
J174	15	1	32	24	0.635277860882642
J175	14	10	53	5	2.18505229649675
J176	14	6	53	36	1.7761467536329283
\\ Jobs in machine 17
12
J177	15	12	56	1	0.953750612374443
J178	14	1	50	18	1.5655873898898163
J179	14	13	59	6	0.5371622412180258
J180	14	7	12	12	1.45941687674503
J181	14	1	66	3	1.0483166729703348
J182	15	8	50	14	1.6837567929657433
J183	14	13	83	49	1.3253187827127113
J184	14	12	63	43	1.090800287365289
J185	15	1	50	24	1.9148215478689083
J186	16	13	7	4	1.2955184158274602
J187	14	6	23	18	1.6531993198598958
J188	16	2	39	6	1.7338661834046176
\\ Jobs in machine 18
10
J189	15	3	71	19	1.3654722010741769
J190	14	2	64	10	1.6927650925443953
J191	14	11	54	25	1.0132441780247696
J192	13	6	99	18	0.2955021962677086
J193	15	9	75	38	0.6711181701987046
J194	13	1	66	18	1.4831827362040169
J195	13	7	70	8	1.0419794484464189
J196	13	3	41	22	0.8744860261961918
J197	16	7	48	18	1.702406238309325
J198	13	1	55	19	1.030298712504467
\\ Jobs in machine 19
11
J199	15	5	7	21	1.9136938821888039
J200	15	5	60	17	2.2671681691050365
J201	15	7	83	6	0.7388742074525356
J202	14	11	109	38	1.532781106715462
J203	15	4	14	1	1.0856985537880541
J204	14	9	87	7	1.3693016427185773
J205	16	7	46	22	1.800419599613639
J206	16	12	14	4	2.094146245436653
J207	14	3	48	9	1.8459952372010262
J208	14	2	90	30	0.7732638802768161
J209	16	3	2	11	1.7189331700549686
\\ Jobs in machine 20
11
J210	15	10	56	20	0.8488910157773462
J211	14	8	48	27	1.8821785439904355
J212	15	13	92	30	1.6126900115596947
J213	15	11	4	31	0.6026299129278685
J214	15	3	3	38	0.4698099944283999
J215	14	1	41	10	1.3688873228530916
J216	15	2	38	12	1.339673751106338
J217	14	5	80	5	0.5634428470367832
J218	13	3	81	22	1.1482672357594834
J219	16	13	100	38	1.220107732530848
J220	15	2	20	23	1.945619382297394
\\ Dependencies 
439
2	3
2	6
2	8
3	6
3	7
3	10
4	6
4	7
4	9
4	11
5	7
5	8
6	8
6	10
7	8
7	10
7	11
8	11
9	11
10	11
12	20
13	14
13	15
13	17
13	21
13	23
13	24
14	15
14	19
14	20
14	22
15	16
15	17
15	24
16	18
16	22
16	23
16	24
17	19
18	19
18	23
18	24
19	20
19	22
19	23
19	24
21	23
25	26
25	30
25	32
25	33
25	34
26	27
26	31
26	35
27	28
27	29
27	30
27	32
27	35
28	31
28	32
28	33
28	34
29	32
29	33
29	34
29	35
30	32
30	33
31	35
32	33
32	34
33	34
36	38
36	40
36	42
36	43
36	45
37	40
37	45
37	47
38	39
38	44
38	46
39	41
39	43
39	44
39	47
40	41
40	42
42	45
42	46
45	46
46	47
48	49
48	52
48	53
48	54
48	57
48	58
49	51
49	52
49	53
49	55
49	58
50	51
50	52
50	53
50	55
50	56
50	57
51	55
51	56
52	53
52	57
53	55
53	56
53	57
54	55
54	56
55	56
55	57
55	58
56	57
56	58
59	61
59	62
59	64
59	67
59	68
60	63
60	65
60	68
60	69
60	70
61	64
61	66
61	69
61	70
62	63
62	65
63	64
63	65
63	68
63	69
64	65
64	67
65	67
65	69
65	70
66	67
66	69
67	69
71	75
71	80
71	81
72	78
72	79
72	81
73	75
73	78
73	79
73	81
74	75
74	77
75	80
76	78
76	80
78	79
78	81
82	83
82	86
82	90
82	91
83	84
83	87
83	88
83	91
84	86
84	89
84	90
85	87
85	90
85	91
86	87
86	88
87	88
87	89
87	90
87	91
88	90
92	94
92	99
92	100
93	96
93	98
93	99
93	100
93	101
94	95
94	96
94	99
94	101
95	100
96	98
96	100
97	99
97	100
98	99
98	101
99	100
100	101
102	104
102	111
103	107
104	107
104	111
105	112
106	109
107	109
107	110
108	109
108	111
108	112
113	114
113	115
113	117
113	120
113	121
113	122
114	120
114	121
115	120
115	121
116	117
116	118
116	122
117	118
118	119
118	122
119	121
120	121
123	126
123	131
123	132
123	133
124	126
124	131
124	132
124	133
124	134
125	130
125	131
125	134
126	127
126	131
128	129
128	130
128	131
128	132
128	134
129	130
129	131
130	134
131	132
131	133
135	136
135	139
135	144
136	137
136	141
136	142
136	144
136	145
137	138
137	142
137	145
138	139
138	141
138	143
138	145
139	140
139	145
140	142
140	145
141	142
141	143
141	144
143	145
146	147
146	151
146	153
146	155
147	150
147	151
147	152
147	154
148	153
148	155
149	150
149	151
149	154
149	155
149	156
150	151
150	153
150	155
150	156
151	153
151	155
152	153
152	154
154	155
157	159
157	161
157	163
157	164
157	165
157	166
158	159
158	160
158	162
159	162
160	163
160	164
160	165
161	164
161	165
162	166
163	166
164	165
165	166
167	168
168	169
168	172
168	173
168	174
169	170
169	175
170	174
171	173
171	176
172	174
172	176
173	174
173	176
174	175
177	180
177	181
177	182
177	185
177	186
177	187
178	179
178	182
178	185
178	187
178	188
179	180
179	181
179	183
179	184
179	185
179	186
180	187
180	188
181	183
181	184
181	187
181	188
182	185
182	186
182	187
182	188
183	184
183	188
184	185
184	187
185	187
185	188
186	188
189	190
189	192
189	195
189	197
190	191
190	193
190	197
191	192
191	196
192	193
192	195
192	197
193	196
193	198
194	198
196	198
199	200
199	201
199	204
199	207
199	208
200	203
200	207
200	209
201	203
201	205
201	207
201	208
202	204
202	206
202	208
203	208
204	205
205	207
205	208
206	207
206	208
206	209
208	209
210	211
210	213
210	214
210	216
210	218
210	219
211	213
211	216
211	217
212	213
214	215
214	217
215	216
215	220
216	218
217	218
218	220
219	220
