\\ machines
15
\\ max power
150
\\ Jobs in machine 1
13
J1	15	10	66	57	0.700917177370725
J2	15	10	20	80	0.8478181902823221
J3	14	1	40	30	1.6025148174697188
J4	16	9	108	47	1.1266053742276179
J5	15	1	43	32	1.551811735445701
J6	15	12	68	68	0.6769889889401824
J7	15	10	3	91	1.5043507234790152
J8	14	2	10	83	0.5085703582466806
J9	14	7	93	9	1.871190334182625
J10	13	6	41	16	1.2372740796983204
J11	15	5	102	15	1.7780126174209796
J12	14	12	20	20	1.962698789518715
J13	14	12	22	74	0.87339273559717
\\ Jobs in machine 2
11
J14	13	2	41	45	1.3778979488691423
J15	13	3	68	96	0.8206783355486571
J16	16	8	48	37	1.7373859263705889
J17	12	6	90	108	1.331031993542488
J18	15	14	103	25	0.8329874447082448
J19	15	4	45	43	1.5461257546021665
J20	13	10	12	39	0.8666444631509278
J21	17	7	70	61	0.6972728931328644
J22	14	10	52	76	1.393225684643126
J23	16	6	7	70	0.6807274010441855
J24	15	8	95	15	1.0655370477359851
\\ Jobs in machine 3
11
J25	14	8	80	21	1.084245278953039
J26	15	8	35	61	0.9654350881948446
J27	15	12	23	23	1.4805956094076214
J28	16	4	100	47	0.7830218627256214
J29	15	10	66	55	1.055647892827905
J30	13	12	71	58	1.1106849764811724
J31	14	10	6	92	1.190313192740651
J32	14	14	33	44	1.893759866029324
J33	14	5	18	6	0.8529842943328043
J34	14	12	15	94	1.2649633236804714
J35	15	14	6	30	1.2448077639368775
\\ Jobs in machine 4
12
J36	15	6	12	66	0.8711087888070359
J37	14	11	42	104	2.346988507509641
J38	13	1	21	92	1.5292809809543608
J39	15	7	94	111	2.5276860992763446
J40	14	2	22	49	0.6859871794937895
J41	16	4	54	55	1.3284622147255525
J42	14	11	44	107	1.8834223948034439
J43	14	6	25	48	0.8959102781637636
J44	15	10	96	105	1.3326275023682213
J45	15	9	61	7	1.1018569567665732
J46	13	4	108	94	1.3542144193037453
J47	14	4	99	1	1.4637733483304416
\\ Jobs in machine 5
11
J48	14	12	67	70	1.45250517920443
J49	16	10	61	102	0.7157098486660554
J50	15	8	79	67	1.1455095721786699
J51	14	2	56	62	1.1579534411574375
J52	14	12	56	59	0.49821364078897856
J53	15	7	38	54	0.6506344934533299
J54	13	3	38	47	1.4468506433543933
J55	14	3	65	95	2.1944755426188256
J56	14	6	52	107	0.22280121992928492
J57	17	5	13	74	1.420934041527057
J58	13	6	46	46	1.380792938216707
\\ Jobs in machine 6
11
J59	16	14	45	33	1.1076371722787317
J60	13	6	58	59	1.324651863229728
J61	16	2	84	78	1.2609588408702097
J62	14	4	75	41	1.317501050510922
J63	13	13	85	9	1.3854192480358862
J64	16	8	23	62	1.1195498779917237
J65	14	9	2	35	0.8533627071691154
J66	14	10	106	83	1.6942295009108927
J67	15	7	5	26	1.714211238342992
J68	14	11	5	48	1.6548273909812874
J69	14	14	45	109	1.3479215230681005
\\ Jobs in machine 7
12
J70	15	9	91	7	0.7598234129077359
J71	15	5	61	107	1.0037116825751053
J72	14	12	56	4	1.816673640043506
J73	16	6	38	7	0.1777977556683088
J74	14	5	19	27	0.9375108826874805
J75	14	7	92	21	1.020359419155542
J76	15	11	23	100	1.3619107474403338
J77	14	11	99	70	1.4071127466636024
J78	16	8	80	51	1.9847839744164215
J79	14	5	59	96	1.0540895595227344
J80	14	3	79	10	0.7594851747708313
J81	14	12	40	65	0.3724535007419544
\\ Jobs in machine 8
12
J82	13	10	29	76	1.6649703795007345
J83	14	13	43	100	1.1078049627472994
J84	14	14	101	40	1.229139070169123
J85	12	10	31	69	1.5535820990912812
J86	16	4	78	84	0.9042172189578519
J87	16	14	98	81	1.510478023123705
J88	15	3	89	71	0.8154865249095462
J89	14	13	91	102	1.5140278974116246
J90	14	7	99	28	0.9753217362525364
J91	15	4	40	33	2.0605663567443617
J92	14	11	32	103	1.232698642402527
J93	14	7	86	39	1.6533730321414457
\\ Jobs in machine 9
11
J94	15	10	82	97	1.3580361212200083
J95	13	9	4	42	0.7932237778971826
J96	15	2	68	63	1.9816686026299277
J97	15	2	58	98	1.019337984628689
J98	14	10	11	67	1.3662124119794001
J99	14	5	105	86	1.1838696848774672
J100	14	5	104	11	0.9766006735637234
J101	15	10	18	69	0.8071146357351764
J102	15	2	94	74	1.4056277511724726
J103	14	2	68	15	1.0841729646081883
J104	15	5	106	72	1.3640227785602488
\\ Jobs in machine 10
10
J105	14	14	76	2	1.444226312741765
J106	16	5	24	84	0.9321130570151486
J107	14	10	68	37	1.1129818356045373
J108	14	1	93	90	0.9888674295771391
J109	14	10	59	94	1.3944639964654932
J110	14	13	43	43	0.7897471088335741
J111	14	1	38	47	1.187969466517742
J112	14	4	19	46	1.3884022703800973
J113	14	11	98	37	0.7568266392485714
J114	14	8	79	95	1.739424921365208
\\ Jobs in machine 11
13
J115	13	10	100	4	1.4900273389690957
J116	14	14	72	85	1.2830902654839476
J117	15	10	103	23	0.583531532423308
J118	15	3	53	2	1.4919492497437852
J119	14	7	88	31	1.2305744716717582
J120	16	4	19	42	1.6820367020643638
J121	14	9	44	45	1.8970180766954061
J122	14	5	17	84	1.2495320991084662
J123	15	8	54	32	0.3874852470184641
J124	15	12	35	70	1.3254794225558808
J125	16	12	33	1	0.1
J126	14	14	79	78	0.2930754733145169
J127	15	13	89	31	1.7885910260368747
\\ Jobs in machine 12
11
J128	14	1	33	108	1.7794282490983633
J129	14	7	17	60	1.0657120972924163
J130	15	11	91	54	1.439981875659119
J131	16	9	19	14	1.0421595529948657
J132	16	4	17	22	1.7681009586582754
J133	16	4	37	109	1.0683193833158486
J134	13	1	90	15	1.2618813673759655
J135	15	14	72	21	0.6765739423251044
J136	13	8	74	18	2.608537663496991
J137	13	12	40	10	1.051051842279296
J138	14	1	2	16	1.8112000774699
\\ Jobs in machine 13
10
J139	14	1	24	30	1.091193033461647
J140	14	2	63	55	1.0348256155073492
J141	16	2	88	87	0.42903390409156594
J142	14	1	58	4	2.416672649797029
J143	15	14	59	38	1.8702695355514272
J144	15	13	100	42	0.8078663533647104
J145	14	14	109	21	1.5311672878849234
J146	15	13	14	71	1.3507662874143402
J147	14	11	16	76	1.858683441512
J148	14	1	23	11	1.6107201685118469
\\ Jobs in machine 14
11
J149	15	9	61	27	1.2815722424524485
J150	14	7	99	97	1.1458911427014469
J151	14	14	75	104	0.5876781318645374
J152	14	2	35	80	0.9313740516251559
J153	13	5	63	63	1.019923033127755
J154	15	4	100	35	1.2716122831657262
J155	14	2	104	51	1.773461895363656
J156	14	12	76	9	1.6087737303104208
J157	16	10	59	12	0.3447468761515833
J158	13	1	19	31	1.1345525307133586
J159	15	11	24	87	0.7115602386184752
\\ Jobs in machine 15
12
J160	15	11	5	51	1.3983104568767777
J161	16	14	79	100	1.581588732222692
J162	15	1	6	51	0.9042388978378318
J163	15	14	91	50	0.908895439397839
J164	16	4	82	37	2.200960048301499
J165	14	13	4	91	1.0304002002243733
J166	14	1	30	55	0.9406983681805047
J167	15	5	23	6	0.9706916193339694
J168	14	4	70	36	1.3400552555186591
J169	14	12	44	60	1.8721202322226713
J170	14	12	105	45	0.540548643348654
J171	16	2	18	42	1.2403748628104945
\\ Dependencies 
720
1	2
1	3
1	5
1	6
1	8
1	9
1	11
1	12
1	13
2	3
2	4
2	5
2	6
2	7
2	8
2	9
2	10
2	11
2	12
2	13
3	4
3	6
3	7
3	8
3	9
3	10
3	11
3	12
3	13
4	5
4	6
4	7
4	8
4	9
4	11
4	12
4	13
5	6
5	8
5	10
5	11
5	12
6	7
6	8
6	11
6	12
6	13
7	9
7	10
7	11
7	12
7	13
8	10
8	12
8	13
9	10
9	11
9	12
9	13
10	11
10	13
11	12
12	13
14	15
14	16
14	17
14	18
14	20
14	21
14	22
14	23
14	24
15	16
15	17
15	19
15	20
15	21
15	23
15	24
16	17
16	18
16	19
16	21
16	23
16	24
17	18
17	19
17	21
17	22
17	23
17	24
18	19
18	21
18	23
18	24
19	20
19	21
19	22
19	23
19	24
20	21
20	22
20	23
20	24
21	23
21	24
22	23
22	24
23	24
25	27
25	28
25	29
25	30
25	31
25	32
25	33
25	34
25	35
26	27
26	28
26	31
26	32
26	34
26	35
27	28
27	29
27	30
27	32
27	33
27	34
27	35
28	30
28	31
28	33
28	34
28	35
29	30
29	31
29	32
29	33
29	34
29	35
30	34
30	35
31	32
31	33
31	34
32	33
32	34
32	35
33	34
33	35
34	35
36	37
36	38
36	39
36	41
36	42
36	43
36	44
36	45
36	46
37	39
37	40
37	41
37	42
37	43
37	44
37	46
38	39
38	41
38	44
38	46
39	40
39	41
39	43
39	44
39	45
39	46
39	47
40	41
40	42
40	44
40	45
40	47
41	42
41	43
41	44
41	45
41	46
42	43
42	45
42	46
42	47
43	44
43	46
43	47
44	45
44	46
45	46
46	47
48	49
48	50
48	51
48	52
48	53
48	54
48	55
48	56
48	57
48	58
49	51
49	54
49	55
49	57
49	58
50	51
50	52
50	53
50	55
50	56
50	57
51	52
51	54
51	55
51	56
51	57
51	58
52	53
52	54
52	55
52	56
52	57
52	58
53	54
53	55
53	56
53	57
53	58
54	55
54	56
54	57
54	58
55	56
55	58
56	57
56	58
59	61
59	63
59	64
59	67
59	68
60	61
60	62
60	63
60	64
60	65
60	67
60	68
61	64
61	65
61	66
61	68
62	63
62	64
62	65
62	66
62	67
62	68
62	69
63	64
63	65
63	67
63	68
64	65
64	66
64	67
64	68
64	69
65	66
65	68
65	69
66	67
66	68
66	69
67	68
67	69
68	69
70	71
70	72
70	73
70	74
70	75
70	76
70	78
70	79
70	80
70	81
71	73
71	74
71	75
71	76
71	78
71	79
71	81
72	73
72	74
72	76
72	78
72	79
72	80
72	81
73	74
73	75
73	76
73	77
73	79
73	80
73	81
74	75
74	76
74	80
74	81
75	76
75	77
75	78
75	79
75	80
75	81
76	79
76	80
76	81
77	78
77	79
77	80
77	81
78	79
78	80
78	81
79	80
79	81
80	81
82	83
82	84
82	85
82	86
82	87
82	89
82	90
82	93
83	84
83	86
83	87
83	88
83	89
83	90
83	91
83	92
83	93
84	85
84	86
84	87
84	88
84	90
84	92
84	93
85	86
85	87
85	88
85	89
85	90
85	91
85	92
85	93
86	88
86	89
86	90
86	91
86	93
87	88
87	90
87	91
87	92
88	90
88	91
88	92
88	93
89	90
89	91
89	93
90	93
91	93
94	95
94	96
94	97
94	98
94	99
94	100
94	102
94	103
94	104
95	96
95	97
95	99
95	100
95	101
95	102
95	103
95	104
96	98
96	99
96	100
96	101
96	102
96	103
96	104
97	98
97	99
97	100
97	102
97	103
97	104
98	99
98	100
98	102
98	103
99	100
99	101
99	103
99	104
100	101
100	102
100	103
101	102
101	103
101	104
102	103
103	104
105	106
105	107
105	108
105	109
105	110
105	111
105	113
105	114
106	107
106	109
106	113
106	114
107	109
107	111
107	113
107	114
108	109
108	111
108	113
108	114
109	110
109	111
109	112
109	113
110	111
110	112
110	113
110	114
111	112
111	113
111	114
112	113
112	114
115	117
115	118
115	119
115	120
115	121
115	122
115	124
115	126
115	127
116	118
116	119
116	120
116	121
116	123
116	124
116	125
116	127
117	118
117	119
117	120
117	121
117	124
117	125
117	126
117	127
118	119
118	120
118	121
118	122
118	123
118	124
118	125
118	126
118	127
119	121
119	122
119	123
119	124
120	121
120	122
120	123
120	124
120	125
120	126
120	127
121	122
121	123
121	124
121	125
121	127
122	123
122	124
122	125
122	126
122	127
123	124
123	125
123	126
124	126
125	126
125	127
128	129
128	130
128	131
128	132
128	134
128	135
128	136
128	137
128	138
129	130
129	131
129	132
129	133
129	134
129	135
129	136
129	137
129	138
130	131
130	132
130	133
130	134
130	135
130	136
130	138
131	132
131	133
131	134
131	135
131	136
131	137
131	138
132	133
132	134
132	135
132	136
132	137
132	138
133	135
133	136
133	137
133	138
134	135
134	136
134	137
134	138
135	136
135	137
136	138
137	138
139	140
139	142
139	143
139	145
139	146
139	147
139	148
140	141
140	142
140	143
140	144
140	145
140	146
140	147
140	148
141	143
141	144
141	145
141	146
141	148
142	143
142	144
142	145
142	148
143	144
143	146
143	147
143	148
144	145
144	148
145	146
145	147
145	148
146	147
146	148
147	148
149	150
149	151
149	152
149	153
149	154
149	155
149	156
149	157
149	158
150	151
150	152
150	153
150	154
150	156
150	157
150	158
150	159
151	152
151	153
151	155
151	156
151	158
152	153
152	154
152	155
152	156
152	157
152	158
152	159
153	154
153	155
153	157
153	158
153	159
154	155
154	156
154	158
154	159
155	156
155	157
155	158
156	157
156	158
157	158
157	159
158	159
160	161
160	162
160	163
160	164
160	165
160	166
160	167
160	169
160	170
160	171
161	162
161	163
161	164
161	165
161	166
161	167
161	168
161	169
161	170
161	171
162	163
162	165
162	166
162	167
162	168
162	170
162	171
163	165
163	166
163	167
163	168
163	169
163	170
164	166
164	167
164	168
164	169
164	170
164	171
165	166
165	167
165	168
165	169
165	170
166	170
166	171
167	168
167	169
167	170
167	171
168	169
168	170
168	171
169	170
169	171
170	171
