\\ machines
12
\\ max power
120
\\ Jobs in machine 1
12
J1	13	7	33	24	1.3718408503703068
J2	12	4	107	3	0.6737810303597866
J3	14	1	101	14	1.4855494562448883
J4	15	7	88	8	1.7962182555501092
J5	13	7	64	19	1.6509756044857167
J6	13	9	57	25	1.4271067614973039
J7	13	6	17	47	0.666527945998636
J8	14	1	35	38	1.3108214904335236
J9	15	1	91	42	1.6440644114674812
J10	15	2	37	9	1.2795231385803583
J11	13	10	109	22	0.9163898053893538
J12	14	1	109	1	1.1540879353323785
\\ Jobs in machine 2
11
J13	14	14	50	24	0.783299800457835
J14	16	1	110	28	1.216144069551788
J15	13	1	50	45	0.1
J16	15	4	19	39	0.9051991961698473
J17	14	6	94	22	0.7459795718382953
J18	17	14	7	43	1.166246048766888
J19	15	5	78	43	1.3999610872240513
J20	14	13	106	28	0.877986791033222
J21	14	13	69	31	0.20301443325054602
J22	14	3	10	21	2.079622837291935
J23	15	7	46	60	1.5239062934188878
\\ Jobs in machine 3
11
J24	15	12	100	47	1.9531736125667856
J25	16	2	84	17	1.184500800886875
J26	13	11	8	51	2.4735624289699647
J27	15	2	80	19	1.6684042948300342
J28	15	14	37	21	1.222935863702199
J29	15	5	51	33	1.591991719606577
J30	13	2	90	8	1.4791360860885374
J31	14	3	36	30	2.1718121346741275
J32	14	9	86	53	1.3345238866654119
J33	13	10	108	43	0.9024107088389522
J34	17	3	86	8	0.33374472325301796
\\ Jobs in machine 4
11
J35	14	11	78	15	0.8211249764376809
J36	16	12	55	36	0.8156868877817609
J37	15	12	10	36	1.0812990356145598
J38	14	7	85	38	0.4845796057732594
J39	13	6	95	19	1.3089587184888307
J40	14	6	47	52	0.7994326534433078
J41	16	11	83	7	1.4567056782270278
J42	15	4	37	15	0.4645182714553142
J43	15	7	102	36	1.120280728736279
J44	15	2	107	9	0.5636595201008885
J45	12	4	58	8	0.7406425067357023
\\ Jobs in machine 5
10
J46	14	7	34	32	1.4632136833145064
J47	15	13	6	41	0.2875215410411127
J48	15	4	55	7	0.735041172784157
J49	15	5	65	14	0.46588483850497164
J50	14	6	9	18	1.7681798009971401
J51	15	3	63	53	1.0121361746921047
J52	14	1	75	1	1.1984739361082921
J53	14	1	96	16	1.19587121079402
J54	14	10	61	31	1.4506342620762602
J55	15	6	28	47	1.6853562154031845
\\ Jobs in machine 6
11
J56	12	6	82	15	0.6930210332501732
J57	15	14	94	33	0.5112307278951017
J58	13	7	10	23	0.37302008074809356
J59	16	2	18	4	0.5681768025595313
J60	16	5	39	57	1.1443665335420308
J61	13	13	53	4	0.8117555012099151
J62	15	8	81	55	0.8781201621410493
J63	15	5	53	10	0.9742479726480056
J64	14	1	55	21	0.8942490516163448
J65	14	2	83	30	1.097418889758402
J66	14	13	96	46	0.7055908565323925
\\ Jobs in machine 7
10
J67	14	1	23	20	0.32831785079821274
J68	15	9	16	41	0.91460477183567
J69	15	12	33	24	1.1541139425372504
J70	14	12	61	44	0.9657620234729379
J71	14	3	56	13	2.2098734063927976
J72	17	9	54	39	1.4356582417014625
J73	15	9	25	47	0.9553408523309966
J74	14	8	69	13	0.1
J75	15	2	29	51	1.462963811370974
J76	14	3	66	32	1.1558521620631166
\\ Jobs in machine 8
11
J77	14	3	69	10	1.288976764862728
J78	15	1	74	31	1.5932967958424165
J79	13	6	88	54	1.887888735297122
J80	14	2	100	56	0.9343368631160263
J81	14	10	30	25	1.0957659250550678
J82	14	9	39	15	2.0146120501423197
J83	15	8	66	30	1.6419418721840824
J84	15	8	53	51	0.7124203439629885
J85	14	8	54	36	1.0688210597589762
J86	15	11	43	50	1.6937888080026724
J87	15	14	103	29	1.6778786602710052
\\ Jobs in machine 9
13
J88	14	10	55	26	1.604701669804715
J89	15	11	110	55	0.8600423253043665
J90	14	10	32	23	1.01152506617569
J91	13	11	62	7	0.8483882605809696
J92	14	9	85	53	1.328795339665197
J93	12	11	98	57	1.416430813864447
J94	15	8	27	55	1.215408802025221
J95	14	8	105	55	1.812783999328311
J96	14	12	72	19	0.6509395970384323
J97	15	14	49	20	1.4025117274114558
J98	15	13	76	34	1.252191907141776
J99	13	2	104	54	0.5166715347181843
J100	14	10	27	23	1.8435178721330874
\\ Jobs in machine 10
11
J101	13	11	23	53	1.1978584626263749
J102	15	7	54	49	0.8910815227486094
J103	13	9	31	4	0.6367069939359027
J104	14	7	55	59	0.5824883344475227
J105	16	2	65	12	1.1793535914733289
J106	15	8	75	57	0.8246266133192393
J107	15	2	91	25	0.6241853184745895
J108	15	7	32	24	1.7538305061344475
J109	15	14	54	21	1.591304395077342
J110	17	2	30	38	1.025190387211723
J111	13	1	51	44	1.2417746861331345
\\ Jobs in machine 11
11
J112	14	4	39	27	1.0345525724700082
J113	14	8	72	12	0.7046633112971608
J114	15	9	73	58	1.9093144693451016
J115	14	1	97	24	0.1
J116	15	13	5	2	0.767641290486784
J117	15	5	100	33	0.6685122483347052
J118	14	6	30	2	0.6334334482514956
J119	14	7	58	44	0.7713274088578247
J120	13	6	85	29	0.9656121546977193
J121	13	2	89	15	0.3162515742841394
J122	14	14	76	46	2.6264040141627563
\\ Jobs in machine 12
11
J123	16	12	55	39	1.576015581345333
J124	14	7	95	8	1.3800574155805965
J125	15	2	99	51	0.6657659357255753
J126	15	11	23	57	0.7447587717260284
J127	13	11	85	41	1.8099058382842865
J128	14	4	64	40	0.8233030383149491
J129	15	9	75	25	0.8770901360784197
J130	16	3	107	1	2.032936523427498
J131	14	8	37	1	0.1
J132	17	5	94	17	1.6871803190736214
J133	14	13	84	8	0.9172963309785851
\\ Dependencies 
411
1	3
1	4
1	5
1	7
1	8
1	9
1	10
1	12
2	3
2	6
2	8
2	9
2	10
3	5
3	6
3	7
3	9
3	10
3	12
4	6
4	8
4	10
4	11
4	12
5	6
5	7
5	10
5	11
5	12
6	7
6	11
6	12
7	8
7	9
7	10
8	9
8	11
8	12
9	11
9	12
10	12
11	12
13	15
13	17
13	21
13	22
13	23
14	15
14	16
14	17
14	18
14	21
14	23
15	16
15	17
15	19
15	21
15	22
16	17
16	18
16	20
16	21
17	18
17	19
17	20
17	21
17	23
18	19
18	20
18	22
19	20
19	21
19	22
19	23
20	21
20	22
20	23
22	23
24	25
24	29
24	30
24	33
25	26
25	27
25	29
25	30
26	27
26	29
26	31
26	34
27	29
27	30
27	31
27	32
27	33
27	34
28	30
28	31
28	32
28	34
29	31
29	33
29	34
30	32
30	33
30	34
31	32
31	33
31	34
32	34
33	34
35	37
35	40
35	41
35	44
35	45
36	37
36	43
37	38
37	41
38	39
38	40
38	42
38	43
38	45
39	42
39	43
39	44
39	45
40	42
41	42
41	44
41	45
42	43
43	44
43	45
44	45
46	48
46	49
46	50
46	51
46	53
46	54
47	48
47	49
47	50
47	51
47	53
47	54
48	51
48	52
48	53
48	54
48	55
49	50
49	55
51	52
51	53
51	54
52	53
52	54
53	55
54	55
56	57
56	58
56	60
56	63
56	64
57	61
57	62
57	64
57	66
58	59
58	60
58	61
58	62
58	63
58	65
58	66
59	61
59	63
59	64
60	62
61	62
61	64
61	65
61	66
62	63
62	65
62	66
63	64
64	65
67	68
67	69
67	70
67	71
67	72
67	73
67	75
67	76
68	71
68	73
68	75
69	70
69	72
69	74
69	76
70	71
70	72
70	74
70	75
70	76
71	72
71	73
72	76
73	75
73	76
75	76
77	78
77	79
77	80
77	81
77	83
77	86
77	87
78	80
78	84
78	85
78	87
79	80
79	81
79	84
79	85
79	86
79	87
80	81
80	83
80	84
80	86
80	87
81	82
81	83
81	85
81	86
82	84
82	85
82	86
82	87
83	84
83	85
83	86
84	85
84	86
84	87
85	86
86	87
88	89
88	91
88	92
88	93
88	94
88	96
88	97
88	99
88	100
89	90
89	93
89	94
89	95
89	97
89	98
89	99
89	100
90	95
90	96
90	98
90	99
90	100
91	92
91	93
91	94
91	95
91	98
92	93
92	94
92	95
92	96
92	97
92	99
92	100
93	94
93	96
93	98
94	95
94	96
94	98
94	99
95	99
95	100
96	97
97	98
97	99
98	100
99	100
101	104
101	106
101	107
101	109
101	110
101	111
102	103
102	104
102	105
102	107
102	108
102	110
102	111
103	104
103	105
103	106
103	109
103	110
104	105
104	107
104	109
104	110
105	107
105	108
105	109
105	111
106	107
106	108
106	110
106	111
107	108
107	111
108	109
108	111
109	110
109	111
112	113
112	114
112	117
112	118
112	119
112	120
112	121
112	122
113	114
113	115
113	116
113	117
113	118
113	120
113	121
113	122
114	115
114	116
114	118
114	119
114	121
114	122
115	118
115	119
115	120
116	118
116	121
116	122
118	121
119	121
119	122
120	121
120	122
121	122
123	125
123	129
123	130
123	131
123	132
123	133
124	125
124	126
124	127
124	129
124	131
124	132
125	127
125	129
125	130
125	132
125	133
126	127
126	128
126	129
126	130
126	133
127	129
127	131
127	132
127	133
128	130
128	132
128	133
129	130
129	131
129	132
130	131
130	132
130	133
131	132
132	133
