\\ machines
5
\\ max power
50
\\ Jobs in machine 1
10
J1	14	9	63	1	1.127111039186477
J2	15	1	95	5	1.708737604462633
J3	15	5	44	13	0.40151750733174163
J4	14	9	14	7	0.9567487169362269
J5	15	13	45	7	1.8802749956225604
J6	14	9	7	3	2.034480616628197
J7	15	2	28	16	0.7007660828301889
J8	13	7	60	7	1.3378077865732163
J9	14	12	15	7	0.6321180565035592
J10	14	9	11	7	1.4718446506560894
\\ Jobs in machine 2
11
J11	14	12	73	23	1.7881635830274027
J12	14	14	72	7	0.9551531820380625
J13	14	5	91	15	0.6212720291281117
J14	14	11	73	2	1.1185419074115759
J15	14	6	31	9	0.9150735677324979
J16	15	5	26	21	1.242636856516835
J17	14	5	15	10	0.9650879919341537
J18	15	9	49	16	1.8877805048931018
J19	14	6	81	22	0.9710672418556425
J20	14	2	61	20	1.0981713172759118
J21	13	9	9	10	0.8933645323825925
\\ Jobs in machine 3
12
J22	14	8	7	13	1.7220323868760286
J23	14	1	38	25	1.4505633368282727
J24	15	10	71	6	1.011024296685143
J25	16	1	48	8	1.1521374080699536
J26	15	3	14	24	1.1094002838393964
J27	15	10	47	20	0.37347976322072474
J28	13	13	56	22	1.251551876862775
J29	15	2	98	5	1.5039711865092364
J30	14	6	88	2	1.3622854743106125
J31	13	3	86	11	0.4599192175997182
J32	14	10	40	13	1.6264773506404422
J33	14	11	71	6	0.7745627527470529
\\ Jobs in machine 4
10
J34	15	9	55	22	1.5189344061757084
J35	15	3	19	15	0.5819465167609209
J36	14	8	64	24	0.1
J37	15	12	83	3	0.1
J38	14	4	89	16	0.5446179584133475
J39	15	10	82	19	1.9273651836037344
J40	15	12	53	5	0.5799674825448161
J41	15	2	104	2	0.6525760575708007
J42	16	7	75	21	1.921990633655065
J43	12	5	59	11	1.6403167199652486
\\ Jobs in machine 5
12
J44	15	4	47	5	0.674273072150283
J45	15	7	55	24	1.4671162904187618
J46	15	4	78	17	1.2835018437459145
J47	14	14	11	17	0.4986194042620711
J48	14	1	103	10	1.6352630942128168
J49	14	13	72	21	0.5278021355875747
J50	13	4	49	22	1.280678576047792
J51	16	9	81	16	1.0906119446565194
J52	15	1	2	19	0.4805053363169668
J53	14	8	102	2	1.363806024045896
J54	12	13	21	9	1.6324207108948032
J55	16	5	103	8	0.881746535815634
\\ Dependencies 
43
2	3
2	4
2	5
2	8
3	5
4	5
4	8
11	12
11	13
11	14
11	18
11	21
12	20
12	21
14	17
14	18
15	20
16	20
17	19
19	21
22	25
22	29
23	24
23	31
25	26
25	29
25	33
29	30
29	33
34	39
37	42
40	41
40	43
44	47
44	54
45	50
47	49
47	50
47	55
48	49
49	51
49	54
52	54
