\\ machines
10
\\ max power
100
\\ Jobs in machine 1
12
J1	14	7	30	11	0.8276187387881523
J2	14	2	98	2	1.3014048040641888
J3	14	14	72	20	1.0082912491732774
J4	14	4	64	19	1.2955945164380438
J5	14	8	67	24	0.6739565854016609
J6	15	4	48	23	2.024298397592764
J7	14	11	4	7	0.9763782371091274
J8	16	8	15	6	0.9556419703393861
J9	15	5	95	1	1.221664162465261
J10	15	1	83	19	0.4710051382897599
J11	14	13	96	18	1.3750369333624313
J12	16	8	54	19	1.5044076622535207
\\ Jobs in machine 2
12
J13	15	5	57	8	1.6204118166952561
J14	13	1	41	15	1.7504765469655292
J15	17	14	107	3	1.0080529651654735
J16	13	13	43	14	0.1
J17	14	1	68	10	1.7259677374349875
J18	15	2	101	13	0.7219854011390869
J19	15	3	88	12	0.3314173282834363
J20	14	1	98	17	1.5291523191836884
J21	13	3	61	25	1.1110345469500544
J22	16	7	29	22	1.638372292054011
J23	15	9	40	16	1.307007917684014
J24	13	7	101	3	1.2643240158564968
\\ Jobs in machine 3
12
J25	14	12	12	10	1.6408458160517005
J26	14	2	78	8	0.8976109501496975
J27	15	3	101	19	0.4711574382094905
J28	14	3	81	22	1.5962270183848064
J29	14	3	30	24	1.309451565353518
J30	12	14	64	12	1.0485187627806305
J31	14	6	102	5	0.6644031271476479
J32	14	5	95	11	0.8712897089527173
J33	13	1	95	7	0.7575104903227006
J34	16	6	41	10	0.617621213613258
J35	14	14	99	1	1.0695149892900047
J36	14	9	26	5	2.036468024910697
\\ Jobs in machine 4
11
J37	14	3	49	21	1.437296213168161
J38	15	1	57	5	2.3333082401410037
J39	14	10	28	22	1.0141286936498963
J40	14	7	108	11	2.025006728054257
J41	13	2	65	16	1.6314569096470302
J42	15	14	6	12	1.3944015176450841
J43	16	14	10	10	1.2980152597652563
J44	16	8	14	1	0.6033068500285901
J45	15	2	92	17	1.7474978560732723
J46	15	10	85	3	1.1228443435064932
J47	14	8	74	11	0.5153479729078203
\\ Jobs in machine 5
12
J48	14	4	79	18	1.0837039020726738
J49	14	2	5	5	0.8997050113633644
J50	15	4	91	3	1.0630043387688861
J51	15	8	36	18	0.6825021442080474
J52	14	9	80	4	1.1276041629654687
J53	14	9	61	14	0.6258914194756754
J54	15	9	52	9	1.4571836271548426
J55	15	10	80	20	1.1394709791309143
J56	15	14	77	5	1.624449824235231
J57	14	4	98	1	0.38926837804344583
J58	14	12	103	7	0.7737575540720787
J59	13	14	3	15	1.3175787139046649
\\ Jobs in machine 6
10
J60	13	5	6	19	1.455947479564875
J61	15	5	87	10	1.9878100165733148
J62	12	2	43	17	1.0594032337974402
J63	15	9	98	22	1.5138641826988533
J64	16	6	85	16	1.8242189957732755
J65	13	4	3	23	0.9250552387370095
J66	15	7	31	23	1.820783209753435
J67	15	10	97	13	0.9522120289140099
J68	16	12	88	10	1.1117793120432002
J69	14	13	60	22	0.782517617235365
\\ Jobs in machine 7
11
J70	15	6	103	6	1.7090125453696716
J71	16	12	11	9	1.6802127814903345
J72	15	11	89	15	1.2991937991103504
J73	14	13	67	5	1.8532301947065903
J74	15	6	98	5	1.7069149679714886
J75	17	11	4	11	1.4309571329208564
J76	16	5	3	22	1.0569193289928887
J77	15	5	104	1	1.1966882592667927
J78	15	9	82	7	1.8067428846280436
J79	15	1	75	15	1.5223024757320371
J80	16	10	67	2	1.847689413408323
\\ Jobs in machine 8
11
J81	14	9	89	16	2.2478017497549976
J82	16	9	44	16	2.0249869693416103
J83	13	4	49	9	2.1107031951910598
J84	13	7	102	18	1.1903637287640734
J85	15	1	64	9	0.7987535657248739
J86	13	1	41	6	1.7885513892336
J87	14	8	20	6	0.627238314598611
J88	12	12	27	23	0.6463230922693352
J89	15	13	86	9	1.9903998919579742
J90	14	1	104	17	1.1555975081214047
J91	15	4	54	16	1.5605737379281561
\\ Jobs in machine 9
11
J92	16	12	95	7	0.8462151687934428
J93	15	3	69	6	1.2279057718609523
J94	14	13	90	11	0.9733761289334575
J95	13	7	31	8	0.35798121607401445
J96	17	5	51	14	0.1
J97	15	1	91	1	1.253022576222969
J98	14	12	18	16	2.221060911704721
J99	13	5	101	13	1.2497318292084163
J100	14	13	107	11	1.6001668980939323
J101	15	14	77	12	1.2449049412133717
J102	15	9	10	23	1.2706671073805111
\\ Jobs in machine 10
11
J103	18	6	45	6	0.9426571375174888
J104	16	13	34	8	1.1088339050387532
J105	14	1	34	14	0.5660038578077795
J106	14	6	18	9	0.7654565490028986
J107	16	6	27	18	0.9301718553623425
J108	15	9	70	15	1.1272623881920962
J109	16	7	13	4	0.7508013055831455
J110	15	3	74	21	1.0350824017537008
J111	15	12	28	3	1.8644611002687559
J112	15	12	95	14	1.2457860550159094
J113	14	6	41	8	1.3620142977239127
\\ Dependencies 
169
1	2
1	3
1	4
1	5
2	3
2	7
2	9
2	10
3	5
3	6
3	8
4	8
4	12
5	7
5	11
6	7
6	8
7	8
7	10
8	9
8	10
11	12
13	15
13	20
13	24
14	18
14	20
14	22
14	24
15	20
15	21
16	18
16	21
17	20
18	23
18	24
19	21
20	21
20	22
20	23
22	23
25	28
25	31
26	31
26	36
27	29
27	30
28	30
28	33
28	35
29	31
29	32
30	31
30	35
31	36
32	35
32	36
33	34
34	36
38	39
38	40
38	42
38	43
38	47
39	41
39	43
39	44
41	46
43	46
44	45
45	46
46	47
48	49
48	54
48	56
48	57
48	58
49	50
50	56
51	58
51	59
52	53
53	56
53	58
54	56
54	57
54	58
56	57
56	58
57	58
60	66
61	67
61	68
62	67
63	65
63	66
63	67
63	68
64	65
64	66
64	67
64	68
65	66
65	67
70	73
70	74
70	77
70	79
70	80
71	73
71	74
71	75
71	78
71	79
72	74
72	75
72	76
73	76
74	78
74	80
76	80
81	84
81	86
81	89
81	91
82	90
82	91
83	84
83	86
83	87
83	88
83	90
83	91
84	90
85	87
87	89
87	91
88	90
89	91
93	94
93	100
94	95
94	98
95	100
95	101
95	102
96	99
96	101
97	98
97	99
97	101
98	100
98	101
98	102
99	100
103	107
103	108
103	109
103	112
103	113
104	110
105	109
106	112
106	113
107	108
107	110
108	111
108	112
110	111
