\\ machines
8
\\ max power
80
\\ Jobs in machine 1
12
J1	14	14	10	8	2.2901376603906387
J2	14	14	80	39	1.596275343759654
J3	14	7	81	39	2.238701621788805
J4	14	1	21	30	1.115251590520028
J5	14	10	75	40	1.4056874336992122
J6	15	2	63	31	0.5534936902258393
J7	13	5	48	19	1.1951700055792243
J8	14	13	59	1	1.033128168262426
J9	15	12	47	3	0.13078760145994472
J10	15	14	20	33	1.4751759052455533
J11	15	4	109	28	1.0931697875474762
J12	16	14	102	23	0.8634728967735036
\\ Jobs in machine 2
10
J13	12	6	47	14	1.3872107937789784
J14	15	11	56	40	1.2629112539865033
J15	15	12	61	14	1.096473692511952
J16	15	5	55	33	2.1186172780131307
J17	13	5	13	29	0.5830622492285595
J18	15	4	91	9	0.5770814228775911
J19	14	13	33	34	1.1812186064494088
J20	13	11	24	36	0.8536091310011955
J21	15	8	36	16	0.8739547515746091
J22	13	9	52	14	1.4835673210192122
\\ Jobs in machine 3
12
J23	13	4	90	27	1.47189001014332
J24	14	8	75	29	1.857336495981813
J25	17	13	45	28	0.9550279068016727
J26	15	4	68	11	0.9401315842849092
J27	15	13	74	5	1.4897180449525145
J28	14	1	82	11	0.42292565860152376
J29	14	3	92	7	1.9140636427542812
J30	13	9	42	35	1.3283556537421926
J31	16	2	17	39	1.6605059531995126
J32	14	3	28	28	1.2119191251525312
J33	15	1	61	30	0.6100668328598686
J34	13	13	77	2	2.4223224518814686
\\ Jobs in machine 4
11
J35	12	6	27	16	0.6309809968920747
J36	16	3	42	13	1.8154996967699029
J37	15	5	80	35	0.1
J38	15	5	80	31	1.835884699045356
J39	14	7	7	26	1.0832813407853146
J40	13	10	64	35	1.5192348045899589
J41	14	3	76	10	0.42107991290632363
J42	14	5	11	31	1.4867470215698975
J43	15	12	60	20	1.9853203052799064
J44	16	10	91	11	1.0312823825023705
J45	15	3	18	4	1.2711090567496084
\\ Jobs in machine 5
11
J46	14	5	43	5	0.546552849757932
J47	13	4	14	15	2.02760726183947
J48	14	14	110	20	0.7726972322471392
J49	15	10	48	38	1.0405447990212882
J50	15	4	104	26	1.2870212940859547
J51	14	12	46	24	1.1083258003526755
J52	14	10	108	18	1.1554199353241008
J53	13	14	36	37	0.800072761451805
J54	16	5	76	23	1.8117071634050887
J55	15	13	107	24	0.7434169768785932
J56	14	10	25	34	0.5799781293614072
\\ Jobs in machine 6
11
J57	15	13	63	5	1.2855759686899126
J58	15	14	16	6	0.8682023574426032
J59	13	7	76	27	1.5432315946953916
J60	14	1	8	7	0.947826591504331
J61	15	5	67	32	1.4923956069398834
J62	15	9	77	9	1.4375560790280673
J63	13	11	80	37	0.616703952146159
J64	15	8	67	18	1.0548650031756233
J65	14	4	52	28	1.3352721233584879
J66	16	13	99	28	1.0790146630718227
J67	15	3	75	17	0.4120967107049729
\\ Jobs in machine 7
10
J68	12	9	44	13	1.3669600072085757
J69	17	2	73	37	0.45212677423966774
J70	16	4	83	36	2.155980112762454
J71	15	4	60	21	1.383393693887888
J72	15	9	106	20	1.748644065908733
J73	12	10	9	18	2.136626754354472
J74	13	14	21	26	1.7155915292656951
J75	14	11	94	17	1.1384517059957395
J76	14	8	72	8	1.4518629966211276
J77	14	12	58	11	1.4186527540822906
\\ Jobs in machine 8
12
J78	15	5	96	31	0.5568600302117174
J79	15	14	43	33	2.042593281268903
J80	14	13	67	40	0.14824947446262748
J81	14	2	46	40	1.553244419604813
J82	16	2	30	37	1.4695692003393155
J83	15	8	65	25	0.7739781583847182
J84	15	4	106	25	1.7038454852321627
J85	12	7	82	1	1.6203269469831965
J86	16	5	66	5	0.8985720432414276
J87	14	10	74	20	0.7399796674560273
J88	13	12	97	39	1.24163110952257
J89	13	7	96	37	0.8669557160474677
\\ Dependencies 
300
1	2
1	4
1	5
1	6
1	7
1	8
1	12
2	3
2	4
2	5
2	7
2	8
2	10
2	11
2	12
3	5
3	6
3	7
3	8
3	9
3	10
3	12
4	5
4	6
4	10
4	11
5	6
5	8
5	9
5	10
5	12
6	7
6	9
6	10
7	8
7	9
7	11
8	9
8	11
8	12
9	10
9	11
10	11
10	12
11	12
13	15
13	16
13	17
13	18
13	19
13	20
14	15
14	17
14	18
14	19
14	21
15	16
15	18
15	19
15	20
16	18
16	20
17	18
17	19
17	20
17	21
17	22
18	19
18	21
19	20
19	21
19	22
20	21
20	22
23	24
23	27
23	28
23	31
23	33
23	34
24	25
24	26
24	28
24	30
24	31
24	32
24	33
24	34
25	27
25	30
25	33
25	34
26	27
26	28
26	29
26	30
26	31
26	32
26	33
27	29
27	30
27	31
27	33
27	34
28	29
28	30
28	31
28	33
29	30
29	31
29	32
29	33
29	34
30	31
30	32
30	34
31	33
31	34
32	33
32	34
33	34
35	36
35	37
35	39
35	40
35	41
35	42
35	44
35	45
36	37
36	39
36	40
36	41
36	42
36	43
36	45
37	38
37	42
37	44
37	45
38	39
38	41
38	43
38	45
39	42
39	43
39	44
39	45
40	41
40	42
40	43
40	44
41	43
41	45
42	43
42	44
42	45
46	47
46	49
46	55
47	49
47	50
47	51
47	52
47	53
47	54
47	55
47	56
48	49
48	51
48	52
48	53
48	54
48	55
49	51
49	52
49	53
49	54
49	56
50	54
50	55
50	56
51	53
51	54
51	55
51	56
52	54
52	55
52	56
53	54
54	55
55	56
57	58
57	60
57	61
57	63
57	64
57	66
57	67
58	59
58	60
58	61
58	62
58	66
58	67
59	60
59	61
59	63
59	65
59	66
60	61
60	62
60	63
60	65
60	67
61	62
61	63
61	64
61	65
61	66
62	63
62	67
63	67
64	65
64	66
64	67
65	66
65	67
66	67
68	69
68	70
68	71
68	72
68	73
68	76
69	70
69	71
69	72
69	73
69	74
69	75
69	76
70	71
70	72
70	74
70	75
70	76
70	77
71	74
71	75
71	77
72	74
72	75
72	77
73	74
73	76
74	75
74	76
74	77
75	76
76	77
78	80
78	81
78	82
78	83
78	84
78	86
78	89
79	81
79	83
79	85
79	86
79	87
79	88
80	81
80	84
80	85
81	82
81	84
81	85
81	86
81	87
81	88
82	84
82	85
82	87
82	88
82	89
83	84
83	85
83	87
83	88
83	89
84	89
85	86
85	87
85	89
86	88
86	89
87	89
