\\ machines
10
\\ max power
100
\\ Jobs in machine 1
11
J1	15	10	48	3	1.0420124807221376
J2	15	9	78	15	1.0324742355967744
J3	15	11	78	22	0.6107492007815762
J4	16	12	29	21	1.7995531253674513
J5	14	8	104	10	1.8184582432763023
J6	16	2	55	22	0.6512942672013522
J7	14	4	14	8	1.5053211457498412
J8	15	8	98	23	0.9918108995870263
J9	13	7	3	12	0.5757566031740938
J10	14	10	40	19	0.859409709277692
J11	14	10	74	7	1.4816857015940428
\\ Jobs in machine 2
9
J12	15	12	14	21	0.9897146364757423
J13	16	3	17	11	1.1352236287596664
J14	16	3	43	17	1.5847268949493087
J15	15	4	102	17	0.28273516663350895
J16	15	6	70	11	2.248530559393419
J17	14	13	109	2	0.9726770664580834
J18	15	11	39	7	0.7667119566457183
J19	14	2	56	15	1.2133706202244168
J20	12	2	58	13	1.1814404689705953
\\ Jobs in machine 3
11
J21	13	3	37	3	1.0889249826072145
J22	13	13	56	12	2.657297441583581
J23	13	5	69	21	2.0737710775601736
J24	16	14	78	15	1.5276707952637987
J25	15	13	56	21	0.9387455071401314
J26	14	9	36	5	0.8880477922866021
J27	14	12	102	14	1.0890146862213297
J28	14	3	3	15	1.3342516475518686
J29	16	6	36	9	0.8762111919705533
J30	15	11	107	11	1.5896724457860438
J31	15	6	101	22	1.3511527929885432
\\ Jobs in machine 4
11
J32	14	3	47	9	2.36527927494304
J33	14	5	57	17	1.4069458790494116
J34	15	2	42	14	2.014028890361831
J35	14	4	24	24	0.4158918745811925
J36	14	7	13	18	1.2213748828339765
J37	14	2	8	17	1.0242275024671326
J38	13	9	29	4	2.0065554841691235
J39	16	5	69	1	0.7301222147548636
J40	14	2	102	6	2.012161524737997
J41	13	3	69	21	1.261589067497385
J42	14	10	74	4	2.350866039288211
\\ Jobs in machine 5
10
J43	14	12	2	6	0.7645928068422214
J44	15	2	95	20	1.6485899574542662
J45	13	9	83	22	1.4177480407877299
J46	17	6	42	10	1.1989922906272967
J47	13	3	66	1	1.4542549094908481
J48	15	5	28	21	0.800064093516303
J49	14	3	77	5	1.3927711414045418
J50	15	1	62	18	2.2481808700286887
J51	15	7	38	12	1.6834518681425377
J52	15	8	48	15	1.3264858322620476
\\ Jobs in machine 6
10
J53	15	8	27	19	1.7497063245960396
J54	15	8	105	18	1.4556910399160292
J55	15	9	62	18	1.8068054749028142
J56	15	6	22	23	0.793725521506816
J57	16	13	13	1	0.9121416279067704
J58	14	14	22	13	1.21377930670378
J59	16	8	29	3	1.5326393851855757
J60	17	10	34	2	0.5036354372663594
J61	14	7	55	7	2.063887292461086
J62	13	9	4	7	1.0782641394739894
\\ Jobs in machine 7
11
J63	14	1	73	13	1.2449831030540124
J64	15	11	26	8	1.3342966263364255
J65	14	8	59	23	0.6515187360800467
J66	15	6	52	23	1.2286213993007606
J67	17	11	58	6	0.9228802308080902
J68	14	1	43	14	1.7317209908896003
J69	13	2	102	14	0.3883675250307518
J70	15	7	104	15	1.3993697127069544
J71	15	9	109	20	1.5956562733270152
J72	16	7	109	5	1.2171334528450637
J73	17	9	9	4	1.109957767877438
\\ Jobs in machine 8
12
J74	15	1	87	3	1.1149161577401445
J75	14	12	110	9	0.36904109188402945
J76	14	5	54	7	1.3854613382766083
J77	14	12	107	4	1.4612533569397441
J78	15	3	52	8	1.6159538254190997
J79	13	3	15	9	1.1467413861721791
J80	16	3	30	23	0.8770902304940991
J81	15	7	35	14	1.3603325641800468
J82	15	2	6	9	0.8201293564997365
J83	15	12	77	12	2.5023851450599173
J84	16	2	27	21	2.021118181268347
J85	15	9	89	2	1.3991429141458578
\\ Jobs in machine 9
11
J86	14	11	61	1	0.9520023667020641
J87	16	10	59	4	0.9968599357053037
J88	16	7	56	4	1.20457636670954
J89	14	14	3	19	1.0064004372766464
J90	16	14	38	16	0.9865499553716182
J91	14	9	37	7	1.109058269791474
J92	14	4	32	13	1.3609466434562807
J93	16	2	6	7	0.8548505008651432
J94	13	9	60	12	0.8604466018169197
J95	15	8	50	20	0.9567831722287001
J96	15	8	79	15	0.41667042214831795
\\ Jobs in machine 10
12
J97	15	3	76	1	1.079230767530349
J98	15	9	10	18	1.2932778687064688
J99	15	4	48	21	0.9738677826003417
J100	14	12	37	11	0.48426568970674
J101	16	13	10	19	1.478752262000903
J102	13	6	69	5	0.4864240027823875
J103	15	13	18	7	1.691685187354262
J104	15	7	51	8	2.0752261328820047
J105	13	11	51	15	1.5620130494572217
J106	14	4	13	2	0.2854635117298926
J107	16	7	88	24	0.9810818770693249
J108	13	1	14	22	1.687490728952932
\\ Dependencies 
349
1	4
1	5
1	6
1	7
1	8
1	9
1	10
2	3
2	6
2	7
2	8
2	9
2	10
2	11
3	4
3	6
3	7
3	8
3	11
4	6
4	9
4	10
5	9
5	10
5	11
6	7
6	8
6	9
6	10
7	8
7	9
7	10
7	11
8	11
12	14
12	15
12	17
12	19
12	20
13	14
13	18
13	19
14	15
14	16
14	17
14	18
14	19
15	17
15	18
15	20
16	17
16	18
17	18
17	19
17	20
18	19
18	20
21	23
21	24
21	25
21	26
21	27
21	28
21	30
22	23
22	24
22	26
22	28
22	29
22	30
22	31
23	24
23	27
23	28
23	30
24	25
24	26
24	27
24	30
24	31
25	26
25	27
25	28
25	29
25	30
25	31
26	27
26	28
26	29
26	30
27	28
27	31
28	29
28	30
32	34
32	38
32	40
32	41
33	36
33	37
33	38
33	40
34	35
34	36
34	39
34	42
35	37
35	38
35	40
35	41
36	37
36	39
36	40
37	38
38	39
38	40
39	40
39	41
39	42
40	41
43	44
43	46
43	47
43	49
43	50
43	51
43	52
44	46
44	47
44	48
44	49
44	50
44	51
45	46
45	47
45	48
45	50
45	51
45	52
46	47
46	48
46	50
46	51
46	52
47	48
47	50
47	51
47	52
48	49
48	50
48	51
49	50
49	52
50	51
50	52
51	52
53	54
53	55
53	57
53	59
53	61
53	62
54	55
54	56
54	57
54	59
54	60
54	62
55	57
55	60
55	62
56	57
56	60
57	59
57	61
57	62
58	59
58	60
58	61
59	60
59	61
59	62
60	61
61	62
63	64
63	65
63	66
63	67
63	68
63	69
63	70
63	71
63	72
63	73
64	65
64	66
64	68
64	70
64	71
64	72
65	66
65	67
65	68
65	69
65	70
65	71
66	67
66	72
66	73
67	68
67	69
67	70
67	72
67	73
68	69
68	73
69	70
69	71
69	73
70	71
70	72
70	73
71	72
72	73
74	75
74	76
74	77
74	78
74	79
74	80
74	81
74	82
74	83
74	84
75	76
75	77
75	80
75	81
75	82
75	83
75	85
76	77
76	78
76	80
76	81
76	82
77	80
77	81
77	83
78	79
78	81
78	84
78	85
79	80
79	81
79	82
79	84
79	85
80	83
80	84
81	82
81	84
82	83
82	84
82	85
83	84
83	85
84	85
86	87
86	90
86	92
86	93
86	95
86	96
87	88
87	90
87	91
87	92
87	93
87	96
88	91
88	92
88	93
88	94
89	93
89	94
89	95
89	96
90	91
90	92
90	93
91	93
91	94
91	95
91	96
92	93
92	95
92	96
93	94
93	96
94	95
94	96
95	96
97	98
97	100
97	101
97	102
97	103
97	107
97	108
98	100
98	101
98	103
98	105
98	106
98	107
98	108
99	101
99	102
99	103
99	104
99	106
99	107
100	101
100	102
100	103
100	104
100	107
100	108
101	102
101	103
101	105
101	107
101	108
102	104
102	105
102	106
102	107
102	108
103	104
103	105
103	106
103	107
104	105
104	106
104	107
104	108
105	107
105	108
