\\ machines
8
\\ max power
80
\\ Jobs in machine 1
11
J1	16	11	102	12	1.5352223846299269
J2	14	1	4	6	1.2584842232314615
J3	14	8	31	20	0.7015589154643032
J4	15	6	13	8	1.0121471890431981
J5	15	5	76	1	2.0040957683871428
J6	14	5	86	18	0.5139781470336601
J7	16	7	65	16	0.7703308901818555
J8	14	12	77	16	2.1492958263108357
J9	16	7	76	14	1.4894444956959358
J10	13	13	110	1	1.5770108895127408
J11	16	9	85	7	0.7599363662260264
\\ Jobs in machine 2
11
J12	14	12	101	20	0.5006278002638813
J13	13	3	64	18	1.403654933917041
J14	14	12	45	11	1.4172912164722566
J15	13	5	95	19	1.257472738687905
J16	14	1	64	2	2.0643979998543722
J17	16	1	32	7	2.3037133535706857
J18	14	11	51	3	1.5464571330463175
J19	14	9	86	11	2.08929603805986
J20	13	6	79	2	0.5224971200895513
J21	15	4	42	16	1.4739801860840207
J22	17	2	26	13	1.3195399122902869
\\ Jobs in machine 3
13
J23	14	12	39	12	1.5790810309799714
J24	14	11	32	8	0.1
J25	16	12	26	10	1.6102005413540055
J26	14	1	66	20	1.5355523332365686
J27	15	11	60	17	1.9366559779735915
J28	13	1	18	12	1.5228771581981442
J29	15	14	55	9	0.7256438071713205
J30	15	13	73	5	0.1
J31	14	1	34	16	1.7954083421046025
J32	14	5	16	7	1.9227114915287942
J33	14	5	102	12	1.5637983734128593
J34	14	5	89	7	1.2068484990881014
J35	15	10	104	17	1.5986046815929167
\\ Jobs in machine 4
11
J36	15	10	9	16	0.8970927505844761
J37	13	8	80	5	1.1210949429261103
J38	15	1	47	13	2.1330676682275107
J39	14	1	101	8	0.9471392828910441
J40	15	2	51	11	1.6425478168673948
J41	13	3	66	17	1.2067759044810789
J42	15	4	107	3	0.8810419359373051
J43	14	11	56	5	1.5946228169901593
J44	14	1	25	4	1.0695911887915384
J45	15	10	68	8	1.1664822729905289
J46	16	6	85	18	0.9753381958256081
\\ Jobs in machine 5
9
J47	16	3	56	14	0.9731678325525103
J48	15	14	62	1	0.9485843236956231
J49	14	1	35	14	2.1213516403729162
J50	16	9	31	17	1.7710247266850812
J51	15	11	67	5	1.3450288820146985
J52	13	3	9	10	1.8067569828968968
J53	15	4	22	13	1.9258961902875513
J54	16	14	110	16	1.0417243074172702
J55	14	2	59	4	0.9834735653284148
\\ Jobs in machine 6
12
J56	14	1	24	14	1.0472348932997229
J57	15	3	3	16	1.028998893843519
J58	15	2	57	15	2.2977901998139254
J59	14	1	56	10	0.6977591012043098
J60	14	13	66	9	1.7875157461706932
J61	14	1	70	20	1.0091895465270595
J62	14	12	5	17	1.8348916924685075
J63	16	3	17	6	0.4326143448477153
J64	14	8	9	19	1.4524090828939435
J65	14	1	46	20	1.4914082316284079
J66	14	3	108	7	0.8175996518671322
J67	12	12	89	13	1.3299863349685672
\\ Jobs in machine 7
10
J68	14	1	18	16	1.3532673754147249
J69	14	3	102	18	0.10383296507020501
J70	13	14	94	12	2.205226479253485
J71	15	2	17	14	0.9902807783235269
J72	15	2	98	18	1.1185467967770293
J73	15	4	31	1	1.2934599712995425
J74	16	1	51	15	1.9514741733192784
J75	14	2	48	8	0.7806688116158633
J76	14	7	108	1	1.3336519035807053
J77	15	7	87	2	2.1646534849765313
\\ Jobs in machine 8
12
J78	14	11	39	3	1.029304506105498
J79	15	5	74	14	1.4808201939995072
J80	16	9	19	12	1.8885001452625083
J81	15	4	66	19	1.026841680031679
J82	13	8	29	10	1.7487226025364973
J83	15	14	56	15	1.7290055493122636
J84	14	2	109	11	1.0382303101191588
J85	15	11	94	11	1.5103279254025688
J86	16	3	39	5	0.4861453693541302
J87	14	8	20	5	1.3132824867079171
J88	16	14	73	18	1.294337816667428
J89	15	8	27	7	1.1735430620425071
\\ Dependencies 
50
1	3
5	11
7	10
7	11
8	10
8	11
9	11
12	19
14	15
17	18
17	19
18	21
23	27
24	27
24	33
24	34
25	35
27	32
28	34
29	35
31	32
32	33
32	35
33	35
37	40
37	45
38	39
39	46
41	43
43	44
49	51
52	55
56	64
58	62
58	64
59	61
60	65
60	66
61	64
62	67
68	70
69	74
73	75
76	77
78	82
78	83
78	85
81	86
81	87
83	89
