\\ machines
7
\\ max power
70
\\ Jobs in machine 1
12
J1	16	6	42	18	1.8457922689882702
J2	14	10	54	29	0.6303101884409267
J3	15	2	43	4	1.0712956589782834
J4	12	3	93	14	1.0427640242085654
J5	14	7	60	35	0.9837206691372165
J6	15	2	77	11	1.06194260659962
J7	15	12	69	18	1.519768409334653
J8	16	2	16	33	1.6444863956341074
J9	15	1	70	8	1.6688118004901222
J10	15	8	77	3	1.335815658460196
J11	14	1	102	35	1.2550454457934659
J12	14	12	75	22	0.3254394088829107
\\ Jobs in machine 2
10
J13	15	14	41	15	1.838962666891507
J14	14	14	66	10	1.3182073258420814
J15	14	7	96	30	2.083269530578993
J16	15	3	91	8	2.277597800111096
J17	16	1	98	34	1.4309739988717534
J18	14	11	54	22	1.0912397659073063
J19	14	14	25	19	1.3483031172480002
J20	14	9	103	32	1.3883582469316331
J21	13	9	9	2	1.3778555566880557
J22	14	10	9	32	0.611386902748398
\\ Jobs in machine 3
13
J23	14	3	52	27	1.044692107189963
J24	14	11	38	31	1.566131797408752
J25	15	3	29	16	0.6417832277204546
J26	14	13	83	4	1.758245444324015
J27	15	9	99	19	1.7805303409698219
J28	15	1	19	10	1.3029839106772247
J29	15	11	50	34	0.941091451834471
J30	15	10	38	1	1.7299799639904618
J31	15	11	58	32	1.567719827622143
J32	14	6	41	31	0.6898660233921537
J33	14	5	9	26	1.0251639549596632
J34	14	8	106	33	1.8702838415622087
J35	15	13	10	9	1.8282856661373117
\\ Jobs in machine 4
13
J36	13	4	36	33	1.3722470937672506
J37	14	1	6	4	0.5280870622112644
J38	13	9	43	20	1.0955082984356372
J39	15	12	69	26	0.9591242649376405
J40	15	1	93	24	1.2550221688921988
J41	14	14	13	13	1.4485900252974844
J42	13	9	38	20	0.8517411884572406
J43	14	5	21	33	0.9842577755419633
J44	14	6	49	18	0.5481154406432471
J45	14	11	93	20	1.1633059350247206
J46	15	1	107	22	1.3561569844775971
J47	13	10	20	2	1.2563869227082594
J48	14	3	89	18	1.0614980686483049
\\ Jobs in machine 5
10
J49	15	14	15	26	1.127478278729334
J50	14	10	64	31	1.3260320471846907
J51	15	3	56	4	1.1329223503944092
J52	14	10	56	7	0.6419147611434648
J53	15	2	56	20	1.3256009195535419
J54	15	3	69	34	1.0504779364220318
J55	15	14	9	23	1.3157595557856716
J56	15	4	17	3	0.34121701974852725
J57	13	3	96	15	0.8262277830500804
J58	14	8	76	26	0.9242681458848507
\\ Jobs in machine 6
11
J59	13	4	2	25	1.2804160553923356
J60	15	6	45	20	1.590123298338261
J61	14	10	8	4	1.0886212776670798
J62	14	9	85	20	1.7242166283657014
J63	14	7	54	27	1.5679110765943296
J64	15	14	62	24	0.6964794164347545
J65	15	6	91	22	0.6943099565918028
J66	16	11	24	25	1.8034968971876004
J67	15	4	6	30	1.4765947420500758
J68	15	3	23	28	0.7475631878237141
J69	14	10	89	34	0.39538892856583063
\\ Jobs in machine 7
13
J70	15	7	31	5	2.057860615826332
J71	13	5	49	35	0.9248382938992237
J72	15	12	75	17	1.0688805457066572
J73	16	3	30	28	1.261616480896741
J74	18	1	19	5	1.133414953462164
J75	13	9	58	9	1.3682438513180717
J76	14	5	48	20	0.8759071806953862
J77	14	1	57	6	2.3494442625030203
J78	16	11	3	16	0.24919656634244625
J79	13	5	47	13	2.2371331948251454
J80	13	12	79	27	0.9637309374836331
J81	16	9	6	12	0.5575432844434718
J82	14	1	15	4	1.1306390220366673
\\ Dependencies 
145
1	5
1	6
1	9
2	3
2	8
3	9
4	11
4	12
5	6
6	7
6	9
6	10
6	11
7	9
7	12
8	10
8	11
9	12
13	20
14	18
14	20
15	18
15	21
16	17
16	19
17	18
17	19
17	20
18	19
18	21
19	21
21	22
23	28
23	34
24	29
24	30
24	31
24	35
25	29
25	30
25	31
25	32
25	34
26	31
27	28
27	29
27	35
28	33
29	30
29	31
29	32
30	31
30	33
31	33
32	34
32	35
36	37
36	39
36	44
37	38
37	39
38	39
38	45
39	40
39	42
39	43
39	47
39	48
40	43
40	44
40	45
42	43
42	44
42	45
42	46
43	45
43	46
43	48
44	45
44	46
46	47
49	50
49	52
49	58
50	51
50	53
50	56
53	54
53	55
53	57
53	58
54	56
54	58
57	58
59	60
59	63
59	64
59	67
59	68
59	69
60	62
60	65
60	66
60	69
61	63
61	66
61	67
62	63
62	66
62	67
63	65
63	68
63	69
64	65
65	67
65	68
70	71
70	73
70	74
70	78
70	79
71	72
71	77
71	79
71	80
71	81
71	82
72	82
73	74
73	77
73	78
73	79
74	78
74	79
74	82
75	79
75	82
76	78
76	79
76	80
76	82
77	79
78	79
79	80
80	82
