\\ machines
7
\\ max power
70
\\ Jobs in machine 1
11
J1	14	2	85	23	1.0509056497364595
J2	15	4	46	26	0.4811996293756855
J3	13	10	16	4	2.0566326086999167
J4	16	5	7	12	1.2869078233503068
J5	14	1	23	9	0.7531548193350095
J6	14	4	44	31	1.4602335210357742
J7	16	2	74	30	0.9463884492222533
J8	13	5	68	7	1.357271043539495
J9	14	12	35	30	1.199564861290051
J10	14	5	24	17	2.033376916641069
J11	16	13	110	25	0.4899161939493062
\\ Jobs in machine 2
10
J12	14	9	48	29	1.950154936613259
J13	14	13	35	26	1.7730018275109742
J14	15	11	16	24	1.1828193615240574
J15	12	10	57	22	1.1952154794370544
J16	15	10	61	29	1.2805849105320781
J17	14	10	30	3	1.7656967961285206
J18	16	14	39	35	1.514664035220009
J19	14	10	46	25	0.7218097390235414
J20	15	9	39	18	0.4806606587288469
J21	14	11	39	22	0.9290765508769893
\\ Jobs in machine 3
11
J22	15	9	82	21	1.5196873133158892
J23	15	13	32	27	1.3229606689623354
J24	14	13	12	28	1.6197633941561107
J25	16	5	104	21	1.1672580104673405
J26	15	3	23	13	1.5065180075367417
J27	14	1	92	31	1.4487368418594588
J28	15	13	49	9	0.477719595518708
J29	13	7	37	15	0.7515886827712293
J30	16	13	78	1	1.5850620948753864
J31	15	6	88	32	0.8216352357496541
J32	16	5	25	15	0.708187078126556
\\ Jobs in machine 4
9
J33	14	12	53	32	0.6728127331978926
J34	16	4	84	32	0.8908289049271341
J35	14	11	58	30	0.333268769715688
J36	16	2	31	10	1.1646071774461275
J37	16	2	67	17	1.110442286988477
J38	16	6	78	35	1.584639906096367
J39	15	14	64	6	1.6762383074993803
J40	13	13	73	12	2.6190633688125597
J41	15	3	39	26	0.8118042368542246
\\ Jobs in machine 5
12
J42	14	9	34	29	1.056998184748469
J43	14	6	3	28	1.587249056228704
J44	15	14	23	23	0.6857502627233055
J45	15	8	50	3	0.8412666309146636
J46	15	7	31	10	0.7784883512326286
J47	15	9	64	35	1.4903609126596504
J48	16	7	32	22	1.3851755341420624
J49	15	9	39	32	0.5019881572375376
J50	14	7	22	2	1.5644614675380735
J51	16	7	104	8	1.1923958234452747
J52	16	6	103	30	1.2783733317935662
J53	16	10	62	7	2.541920941092899
\\ Jobs in machine 6
11
J54	16	11	93	17	1.5225286237205982
J55	15	7	83	5	1.2986161295732557
J56	15	4	68	3	0.1
J57	15	10	109	7	0.28544365790185655
J58	16	2	47	22	1.1714156379845864
J59	14	7	109	32	0.6782161661304148
J60	13	14	66	16	1.0074756069221482
J61	13	2	45	17	2.5332070108665556
J62	14	12	91	18	1.6605232566442347
J63	14	13	104	34	1.9164312001521169
J64	14	12	68	7	1.3096115908574595
\\ Jobs in machine 7
12
J65	14	2	23	31	1.2572752292052696
J66	14	14	88	2	1.1059599960923079
J67	14	2	21	26	0.5161844797884785
J68	13	4	110	5	1.2420028008188921
J69	15	14	31	29	1.7248790486108363
J70	13	11	86	15	0.8668617789850643
J71	13	8	63	22	1.4091444519916572
J72	13	6	43	15	0.1
J73	15	5	17	7	0.9851426890310253
J74	14	11	73	9	0.2615479068775691
J75	15	7	38	33	1.2283846607816997
J76	16	3	109	32	1.2075067933436536
\\ Dependencies 
92
1	2
1	6
2	5
2	8
2	10
3	4
3	5
4	9
4	10
6	7
8	10
10	11
12	20
13	14
13	16
15	19
16	17
18	20
20	21
22	23
22	26
22	27
22	30
23	24
23	25
23	27
23	30
24	25
24	27
24	29
24	31
25	29
26	29
26	32
27	28
27	31
28	29
29	32
30	31
30	32
33	39
33	41
34	38
34	40
34	41
36	39
37	39
37	40
39	40
40	41
42	49
43	44
43	50
44	48
44	53
45	49
45	50
46	51
46	52
47	53
48	51
49	50
49	51
50	51
51	52
54	57
54	59
54	62
55	57
55	61
56	57
56	59
57	58
58	59
60	63
61	62
63	64
65	71
65	73
66	68
66	70
66	75
67	71
68	70
68	73
68	75
68	76
69	75
69	76
70	72
70	73
73	74
