\\ machines
25
\\ max power
250
\\ Jobs in machine 1
12
J1	12	6	63	7	0.9108142542434761
J2	16	1	103	10	0.8595685302542035
J3	15	5	65	59	1.4588737491144292
J4	13	1	83	43	1.4573944471278517
J5	15	7	14	43	0.45030010938168075
J6	14	7	49	88	2.2227695999891344
J7	16	8	94	66	0.8605750965856509
J8	16	12	105	72	1.4461236879823804
J9	14	6	95	20	1.7105412855402857
J10	13	14	22	114	1.6427276351472813
J11	14	8	81	98	1.7562765679616872
J12	14	7	82	72	0.8744762820382141
\\ Jobs in machine 2
12
J13	13	10	62	71	1.2078515503456517
J14	14	1	109	47	1.277542832938925
J15	15	6	89	97	1.232514504681005
J16	14	1	98	87	1.733120256339721
J17	16	1	110	34	0.8957109895417643
J18	17	3	66	109	1.3016482527321243
J19	14	5	106	44	1.0444694803085572
J20	13	4	104	105	0.7595034912405778
J21	14	11	102	22	1.7471949599666683
J22	16	1	9	106	0.7074674084037402
J23	14	11	57	40	1.4934933219765072
J24	13	3	19	110	0.957272247971592
\\ Jobs in machine 3
11
J25	16	12	76	44	0.8137895872478618
J26	14	7	61	105	0.6064057132310576
J27	14	9	5	115	1.6121537738136362
J28	14	3	99	40	0.96919774365359
J29	16	13	83	97	1.1066659356417394
J30	16	3	70	97	0.7265397116866203
J31	13	3	61	76	1.2503007153050656
J32	15	13	38	10	1.118136943415081
J33	15	12	28	33	1.5713793731930152
J34	13	6	86	50	1.4904923407910073
J35	13	14	79	67	1.2379160922992676
\\ Jobs in machine 4
11
J36	13	3	62	26	0.9873818896788257
J37	16	3	91	35	0.6980168152652517
J38	13	5	47	18	1.9807834265580606
J39	16	14	40	79	1.272670640504498
J40	13	7	25	59	1.2558872481447225
J41	16	13	31	73	1.8650874713637404
J42	15	4	18	18	1.2124779489151403
J43	16	4	57	19	1.0415808660371015
J44	14	7	99	117	0.542229757213567
J45	15	2	62	59	0.5931621847670753
J46	15	12	80	79	1.0772302380067262
\\ Jobs in machine 5
10
J47	16	6	86	117	1.3785428040497787
J48	14	12	10	97	1.162473158368159
J49	14	4	49	53	1.7055919033735036
J50	16	5	33	15	1.082994104939484
J51	16	12	42	83	1.5324621629550452
J52	15	2	32	103	2.1147532227983765
J53	14	14	14	55	0.33219596812864294
J54	16	3	28	117	1.0041320879721587
J55	15	9	76	67	0.9459214919763475
J56	16	2	87	23	1.3882484099165022
\\ Jobs in machine 6
11
J57	15	2	19	9	1.5578490323077352
J58	14	6	62	83	1.0611906031348208
J59	15	3	72	24	1.9128312958723945
J60	13	4	48	59	0.8747281746078134
J61	13	14	31	88	1.734636786536346
J62	14	8	16	68	0.7029239272165112
J63	15	9	92	102	1.798749599794391
J64	15	4	79	119	1.1361980579915398
J65	14	6	16	78	1.1815518745854003
J66	15	10	110	113	0.9171530721787675
J67	14	14	40	115	1.3346084327038705
\\ Jobs in machine 7
10
J68	14	1	103	44	1.0030931717554674
J69	15	1	23	122	0.7333274762694131
J70	13	5	3	79	1.622093624136408
J71	15	9	98	62	1.6078278134539004
J72	13	11	95	19	0.1
J73	12	9	93	70	1.3122730427302558
J74	14	12	66	100	1.2014066448121554
J75	15	8	83	23	0.7373594750017879
J76	14	13	63	69	2.1984614959789344
J77	14	14	24	115	0.6612338777861894
\\ Jobs in machine 8
12
J78	16	5	9	82	1.196833340285593
J79	14	1	52	36	1.524738580812877
J80	14	6	102	34	1.7184563741481242
J81	14	7	82	58	2.225002010228858
J82	15	8	100	110	0.49400652612619445
J83	14	6	56	82	1.340186626781931
J84	15	13	100	54	0.4767600267233192
J85	15	1	87	101	1.7965383340295111
J86	14	14	9	39	0.7911343107574935
J87	14	1	12	107	1.8395607356758998
J88	12	6	85	39	0.7329755213718112
J89	16	1	64	98	0.28435316509845465
\\ Jobs in machine 9
11
J90	16	14	2	106	0.9797821291545536
J91	15	2	38	125	1.0045646496041578
J92	12	3	62	5	1.90404928166035
J93	13	9	10	106	1.0644725883667372
J94	13	1	92	62	1.2122305214610998
J95	15	6	77	8	0.84688332889202
J96	14	12	31	60	1.2412995411333365
J97	14	4	102	8	0.8546210820927397
J98	14	1	99	32	1.1710279754758632
J99	13	12	14	99	1.1748942738779795
J100	12	8	110	101	1.3149125718137107
\\ Jobs in machine 10
11
J101	15	12	48	95	1.2439060596119302
J102	14	11	40	77	1.2648837911794988
J103	16	6	19	74	0.8966338658320923
J104	14	8	12	104	0.8213824780963848
J105	13	8	15	5	1.0986472380184034
J106	15	3	93	36	1.1301817777644965
J107	16	7	102	124	1.3386326050634527
J108	15	10	32	89	0.5087311720327662
J109	14	13	16	70	0.9433541855730065
J110	14	2	103	39	0.1
J111	13	11	7	98	1.343212415762408
\\ Jobs in machine 11
11
J112	15	7	94	113	1.2247025028754697
J113	14	3	108	111	1.1907902713768383
J114	15	1	15	75	1.5128604191684671
J115	14	13	62	85	1.1309623116374268
J116	15	4	10	31	1.0263668733505202
J117	13	6	68	102	0.5344775268724921
J118	15	4	76	102	0.7025599226074228
J119	16	4	65	86	1.2331721545740546
J120	14	13	54	100	1.8014011855142402
J121	14	13	48	24	1.561215414348108
J122	15	3	96	42	0.6731871123628468
\\ Jobs in machine 12
13
J123	16	8	98	116	1.1359470065536255
J124	13	12	80	56	0.48371321571321746
J125	13	6	49	46	0.4782065863438507
J126	16	7	25	97	2.08511970938327
J127	16	7	41	111	1.7363123166347172
J128	13	10	45	108	0.5188647232088336
J129	14	1	44	17	1.0171818835923276
J130	14	12	25	29	0.7178552673998482
J131	16	3	22	85	1.0565051263598397
J132	16	8	5	11	2.1874773461517387
J133	15	11	83	43	1.4670824462510161
J134	16	12	3	35	1.5532141758955216
J135	14	2	101	6	1.3380077165981317
\\ Jobs in machine 13
11
J136	14	1	90	104	1.42644291027312
J137	14	6	66	105	1.1086073296848125
J138	15	13	15	121	0.4334555754543825
J139	16	7	66	28	1.4026030935833937
J140	14	4	42	96	0.5848541448922524
J141	13	9	24	101	0.9532460416330466
J142	14	12	85	124	1.3389638107853556
J143	13	5	76	31	2.1098918003313654
J144	14	8	60	92	1.030976553675028
J145	15	11	81	124	1.0774883762581808
J146	14	13	15	49	0.8695697624710838
\\ Jobs in machine 14
11
J147	14	4	60	28	1.267162498887722
J148	16	9	14	125	0.6846152279569602
J149	12	6	11	34	1.0549679021620118
J150	14	4	39	80	0.7204018021264498
J151	15	8	100	28	1.8997802419589092
J152	15	11	95	68	0.8348833546670016
J153	12	12	66	70	0.2756716424934791
J154	12	3	77	100	1.516318515733028
J155	16	5	65	51	1.2059961801159294
J156	12	5	15	5	0.35919526319533457
J157	15	1	92	60	0.1
\\ Jobs in machine 15
11
J158	15	9	66	65	0.9566730371833487
J159	15	2	109	109	0.6804775295093161
J160	13	6	53	1	0.927269565536472
J161	14	5	28	93	0.8927769358154267
J162	14	10	91	110	0.9838132263461625
J163	13	6	14	114	0.6980784604594644
J164	15	14	65	95	0.1
J165	15	14	31	5	0.8436593860622807
J166	14	9	43	36	2.2668696514796274
J167	13	14	110	57	1.662034049326925
J168	15	5	69	30	0.8496117644865664
\\ Jobs in machine 16
10
J169	14	6	15	85	2.238308384755647
J170	15	14	62	125	0.8543177983642489
J171	14	3	13	6	0.7049840435325238
J172	14	6	37	113	0.6136471222701613
J173	15	7	53	67	0.741662788354303
J174	16	2	79	87	1.0170751661231967
J175	16	9	64	95	0.9822672494960835
J176	14	13	78	83	1.385533110864594
J177	14	12	64	40	1.750317754505267
J178	16	2	26	98	0.8766158194710525
\\ Jobs in machine 17
10
J179	13	1	28	8	1.7311703959256115
J180	14	1	47	11	0.6395222621551637
J181	15	10	99	4	1.3854429651005429
J182	15	11	74	55	0.8075485730679861
J183	13	1	63	61	0.7814236807149137
J184	15	2	16	6	0.5125074981514783
J185	15	12	48	82	1.4805378392287138
J186	12	6	84	30	1.7531672155752718
J187	15	2	64	99	1.8216749140521529
J188	15	7	101	110	0.11517050860247835
\\ Jobs in machine 18
11
J189	14	8	110	121	1.4607059891846137
J190	16	13	12	51	0.9967361723606956
J191	15	11	11	54	0.5412230434853049
J192	15	8	5	65	1.8098477152228485
J193	16	6	88	16	0.9958400540971812
J194	15	2	71	79	1.2191605408266557
J195	16	1	75	4	1.8400904128446145
J196	16	11	97	50	0.971833217459973
J197	15	14	107	107	0.4186376338246848
J198	14	5	54	76	0.7751908977300828
J199	15	1	33	91	0.24394880389122897
\\ Jobs in machine 19
10
J200	15	7	102	41	1.217375545965241
J201	14	7	22	73	1.5966770032934647
J202	15	2	41	7	1.1348060732475715
J203	14	3	2	118	1.1938007533339388
J204	14	1	42	48	1.0018773330092203
J205	16	1	42	66	1.158930820141013
J206	16	9	76	76	1.6201664295717184
J207	16	5	17	91	1.5143613636618212
J208	13	11	107	1	1.6066753815812589
J209	15	13	11	24	1.9048258139814462
\\ Jobs in machine 20
12
J210	15	10	109	85	0.6578175382136735
J211	15	4	42	15	1.0630769566461904
J212	15	2	95	112	2.395532454223968
J213	15	5	43	29	1.3310072913019195
J214	15	11	48	34	0.6420225083926304
J215	13	5	73	28	1.129813772981827
J216	15	1	11	50	1.2471694680616332
J217	14	1	77	89	2.0746362204784994
J218	14	8	74	17	0.24432917962502687
J219	13	14	104	25	1.1517255588925799
J220	15	1	108	117	0.38073128133075207
J221	14	4	6	27	2.0337368037465033
\\ Jobs in machine 21
11
J222	15	11	14	4	1.8754165174364061
J223	14	13	81	105	0.718094654421049
J224	14	5	78	100	0.375985335093444
J225	15	9	23	42	1.083054663212405
J226	15	8	28	62	0.7909832432110934
J227	14	1	59	7	2.0351633870658663
J228	13	8	99	103	1.572717783936288
J229	15	2	70	58	0.5533056664207089
J230	14	1	33	64	1.4395275468516369
J231	14	5	104	11	1.1403498405798287
J232	16	7	7	38	1.3438773159900872
\\ Jobs in machine 22
12
J233	14	8	89	59	1.6017115223077438
J234	16	14	73	21	0.9803059132453446
J235	15	5	5	98	0.82179449400811
J236	13	5	4	112	1.951105465960359
J237	15	1	42	111	1.62176310900931
J238	14	12	6	113	1.8178708658578036
J239	14	2	96	70	1.248431564275578
J240	13	9	45	14	1.2290575011595872
J241	14	4	91	52	1.8034988512785355
J242	14	1	19	105	0.1
J243	12	5	2	29	0.6789559293041321
J244	15	2	9	3	0.9714188553797433
\\ Jobs in machine 23
11
J245	15	4	19	23	1.3388164048103757
J246	15	9	67	12	0.9233421686497526
J247	13	11	45	108	1.0790690556807956
J248	16	4	40	17	1.5199643434808234
J249	15	5	86	117	1.0588204366612792
J250	14	4	80	34	0.766147756672805
J251	16	5	92	67	1.280108693342402
J252	12	12	15	63	0.8920917058593967
J253	15	14	27	55	1.9012448135301643
J254	15	4	13	22	1.256536999949328
J255	15	9	36	112	2.5191762170067875
\\ Jobs in machine 24
10
J256	13	11	87	69	0.6588322483741267
J257	13	14	104	46	1.5638222883247659
J258	15	14	12	115	1.2927771997434854
J259	13	4	68	92	1.2484333593042618
J260	16	14	3	123	1.531581131666767
J261	14	7	43	60	2.2272979127526993
J262	14	1	88	114	1.448095784664195
J263	14	12	50	106	0.6004072546096393
J264	15	7	13	81	1.554977479535252
J265	15	11	73	70	1.7962956014669058
\\ Jobs in machine 25
10
J266	15	3	86	9	0.9721829626510463
J267	15	7	110	15	0.5679536237503823
J268	14	7	89	88	1.9716046788517634
J269	17	3	44	35	1.4079629183225246
J270	14	7	21	62	1.7399483355860985
J271	14	13	2	47	1.0555467819781201
J272	16	5	18	95	1.1016319954472977
J273	15	12	61	58	1.279076143119127
J274	15	9	99	77	0.6674369901817444
J275	15	5	49	13	0.5351069452723717
\\ Dependencies 
124
2	4
3	5
3	9
3	12
4	5
4	9
8	10
11	12
13	14
13	24
14	18
18	22
19	21
21	22
21	24
25	28
26	29
26	32
26	33
27	29
27	31
34	35
36	46
37	38
37	39
39	41
43	46
44	46
47	56
48	49
48	52
51	52
57	63
59	62
60	62
62	63
68	72
68	74
69	76
70	76
72	74
78	80
78	84
79	88
80	81
80	85
84	85
85	86
90	91
90	99
90	100
91	96
92	96
94	100
98	99
98	100
101	102
101	109
102	104
102	107
103	111
107	110
108	110
110	111
112	121
113	117
113	119
113	120
114	115
116	120
116	122
123	124
125	127
125	133
125	134
132	134
137	142
138	140
138	144
140	141
140	144
147	150
147	154
148	150
149	151
149	153
159	167
160	165
161	166
161	167
170	175
174	176
177	178
180	188
182	183
183	187
185	188
189	197
191	198
193	194
193	198
197	198
202	203
203	204
203	208
211	213
215	216
216	217
219	221
222	223
224	231
226	230
227	231
233	242
235	239
236	242
238	240
238	244
245	253
257	261
261	262
266	267
267	273
273	275
