\\ machines
15
\\ max power
150
\\ Jobs in machine 1
11
J1	12	14	19	4	0.5555643606418188
J2	13	11	70	48	0.7250523916732
J3	15	5	24	19	1.1532524788220877
J4	15	9	24	19	2.0967064851889456
J5	15	7	72	42	0.8764556615359302
J6	16	4	84	40	1.3715090185074406
J7	13	9	14	4	0.9734665141983316
J8	15	11	38	33	0.8973708593916601
J9	14	1	86	40	0.42000727869311116
J10	15	12	60	32	2.0276265904462303
J11	16	2	2	71	2.4183172190511772
\\ Jobs in machine 2
11
J12	15	1	25	38	1.1205329795365373
J13	12	7	101	42	1.3383537270974852
J14	14	10	25	66	0.7534949931563943
J15	15	10	35	9	0.5907670198167032
J16	13	8	36	30	0.7613744500727921
J17	14	8	66	37	0.9445507740620225
J18	13	12	33	64	0.43516637392761015
J19	15	9	27	32	1.6457026260772323
J20	14	9	90	36	0.6564998869741351
J21	14	7	14	71	1.7292129010332613
J22	15	7	8	12	1.3927865811545674
\\ Jobs in machine 3
11
J23	13	12	100	54	1.2265650879546186
J24	15	4	52	33	1.1361336014299475
J25	14	12	95	66	0.5464539180560145
J26	13	5	20	66	1.3906652052118584
J27	15	13	48	9	1.398510387455302
J28	15	11	42	33	0.7358867272667178
J29	16	3	74	47	1.3713775637779073
J30	14	3	49	46	1.5241407827420184
J31	14	10	43	29	0.5911293222140523
J32	15	4	43	22	1.6719335436730058
J33	14	3	64	51	1.0168300725994375
\\ Jobs in machine 4
10
J34	15	6	52	44	1.4907976441656197
J35	14	10	83	26	1.533462668442919
J36	15	11	68	26	1.4965379555537928
J37	15	2	38	3	1.059702370492976
J38	15	7	49	15	1.1678714153528036
J39	16	4	68	46	1.4058586257155072
J40	14	14	92	61	1.3384551957755189
J41	15	14	21	72	1.7595245081997575
J42	14	4	11	31	1.0624506117368888
J43	13	1	6	45	1.0366324677282737
\\ Jobs in machine 5
11
J44	14	4	10	72	1.5672475769789034
J45	12	2	72	35	0.9791558530017349
J46	15	10	9	70	1.5879819851149297
J47	14	8	57	20	1.562646309624166
J48	15	7	15	72	1.2000031268949427
J49	14	11	2	48	0.6600842656788424
J50	14	10	4	10	0.9083303858453102
J51	14	4	41	25	1.9184583393893262
J52	13	14	70	55	1.3072155322864516
J53	13	12	44	27	1.947567483171884
J54	15	11	30	10	0.7852280257695299
\\ Jobs in machine 6
11
J55	14	7	103	24	1.153737292475601
J56	13	2	88	35	2.1300703054258205
J57	14	6	26	29	0.7457799699713754
J58	14	14	42	62	1.4332215064298661
J59	15	3	81	23	1.399919941737987
J60	13	10	63	32	1.2881055540160833
J61	15	12	57	61	1.0141801593797806
J62	16	2	15	51	0.8207217157202322
J63	16	5	72	21	0.809763707679376
J64	14	2	72	66	0.8000851861085416
J65	15	7	50	54	0.5753246125848771
\\ Jobs in machine 7
11
J66	14	7	52	30	1.369384019918541
J67	15	5	37	46	1.3788085031359714
J68	15	11	100	52	1.1286722539525118
J69	15	9	62	34	1.3978951563830435
J70	15	3	107	67	0.29278078570751953
J71	14	12	55	4	0.887226023795258
J72	13	9	12	17	0.9991925687180987
J73	16	2	44	22	1.3619990966300017
J74	14	14	3	62	0.9182330368199583
J75	15	14	85	69	1.9795852184154485
J76	14	2	61	56	1.0520670736024664
\\ Jobs in machine 8
11
J77	15	4	107	16	0.6493962632881297
J78	14	4	56	45	1.0360366237217344
J79	15	8	6	36	1.8301634786272936
J80	13	10	55	65	1.0861011078001166
J81	16	9	84	44	1.439387047356894
J82	15	6	31	52	1.5811633664199893
J83	15	6	106	27	1.612909782179138
J84	16	11	71	18	1.7678131611167869
J85	15	13	50	50	0.8885544188727077
J86	15	1	19	17	0.6444435533648414
J87	14	9	45	2	0.1
\\ Jobs in machine 9
12
J88	14	9	97	19	1.8480774311620913
J89	16	9	89	13	0.5776071935393795
J90	14	12	72	54	0.9430973518539367
J91	14	5	22	12	1.434382657305616
J92	14	13	19	4	0.8586492583656877
J93	14	11	89	5	1.9635321206005456
J94	16	12	105	19	1.303241998732601
J95	15	7	62	60	0.7579673950831263
J96	14	11	40	20	2.0485371989909273
J97	14	2	63	2	1.066569829996787
J98	15	7	110	36	1.146140175329309
J99	12	1	14	3	0.7424005021301388
\\ Jobs in machine 10
11
J100	14	6	61	73	0.23964181444682486
J101	15	4	8	53	1.8858139512943828
J102	14	6	21	72	0.8611305196899057
J103	15	3	26	25	1.1070556596125767
J104	14	10	24	62	1.0728327450193762
J105	14	11	98	1	1.2487035855747828
J106	17	5	77	18	1.3026335787394767
J107	17	2	7	51	0.7334563662965654
J108	14	8	102	51	0.5628433676689437
J109	15	6	61	4	1.6195523790920072
J110	16	10	47	27	1.4943035128726108
\\ Jobs in machine 11
10
J111	14	4	59	21	1.2299740080083248
J112	15	2	101	3	1.406183350507648
J113	15	1	89	22	1.5790466308292535
J114	16	4	23	72	1.366428551803443
J115	16	10	99	59	1.0223036725571417
J116	14	8	45	59	1.2275262144286223
J117	15	13	34	23	1.0982831286157693
J118	15	4	77	72	1.1000326286058142
J119	13	11	14	37	1.003557504842448
J120	16	12	106	4	0.9580225713139285
\\ Jobs in machine 12
9
J121	14	11	16	6	1.2131918663398944
J122	16	11	16	39	1.4871192267752533
J123	13	11	18	9	1.095134519537606
J124	14	11	8	71	0.6343185048098673
J125	15	5	46	7	0.9161036559050902
J126	16	9	3	60	0.9376117963523318
J127	13	4	35	37	1.8299917378002473
J128	16	10	32	43	0.9380427686632546
J129	15	2	101	63	0.47066045621201225
\\ Jobs in machine 13
11
J130	15	4	24	18	0.7614771387199994
J131	13	13	4	49	1.0240099995515226
J132	15	1	34	28	0.9343595629240419
J133	15	3	17	17	0.8072351796141131
J134	14	8	71	70	0.5448431127123523
J135	15	7	87	46	2.00898744309743
J136	13	14	39	71	1.1577803120119732
J137	15	12	107	18	0.1
J138	15	3	14	19	0.8806455703210647
J139	15	11	94	55	2.2710853571136305
J140	14	14	6	3	1.003623490063594
\\ Jobs in machine 14
11
J141	15	1	104	5	1.1608765847870037
J142	15	14	17	55	1.470300464532053
J143	15	9	82	58	1.4448248689556593
J144	15	4	11	40	1.9056123017970217
J145	14	3	45	55	1.3643822477981877
J146	14	4	26	35	1.060256556162032
J147	13	14	31	53	0.9228539871352197
J148	15	3	34	7	1.1159063674565919
J149	14	7	79	56	1.071317694545618
J150	13	4	39	48	0.9432241949638449
J151	16	5	90	16	1.264726619062305
\\ Jobs in machine 15
11
J152	14	12	82	2	0.36947610155214783
J153	14	2	64	26	1.6017761749484076
J154	14	9	108	35	0.941243551882695
J155	15	8	63	13	1.2665789674829573
J156	15	2	72	48	1.334217407475697
J157	13	13	43	66	1.2979383327988436
J158	13	2	35	32	0.8300236462538266
J159	16	2	18	57	1.9979919603789675
J160	15	11	53	63	0.9944410389373486
J161	14	7	14	73	0.4123433874377803
J162	15	13	87	21	1.2463159330211568
\\ Dependencies 
634
1	2
1	3
1	5
1	7
1	8
1	9
1	11
2	3
2	4
2	5
2	6
2	7
2	8
2	9
2	10
2	11
3	4
3	5
3	6
3	7
3	8
3	9
3	10
3	11
4	5
4	7
4	8
4	9
4	10
4	11
5	6
5	8
5	9
5	10
5	11
6	8
6	9
6	10
6	11
7	8
7	9
7	10
7	11
8	9
8	10
8	11
9	10
9	11
10	11
12	13
12	14
12	15
12	17
12	18
12	19
12	20
12	21
12	22
13	16
13	17
13	20
13	21
13	22
14	15
14	16
14	17
14	18
14	20
14	21
15	16
15	17
15	18
15	19
15	20
15	21
15	22
16	18
16	19
16	21
17	19
17	20
17	21
17	22
18	19
18	20
18	22
19	21
19	22
20	21
20	22
21	22
23	24
23	25
23	26
23	27
23	28
23	29
23	30
23	33
24	25
24	26
24	27
24	28
24	29
24	31
24	32
25	26
25	28
25	30
25	31
25	32
25	33
26	28
26	30
26	31
26	32
26	33
27	28
27	29
27	30
27	31
27	32
27	33
28	32
28	33
29	30
29	31
29	32
30	31
30	32
30	33
31	32
31	33
32	33
34	35
34	36
34	37
34	38
34	39
34	40
34	41
34	43
35	37
35	38
35	39
35	42
35	43
36	37
36	38
36	39
36	40
36	41
36	42
36	43
37	38
37	39
37	40
37	41
38	39
38	40
38	41
38	43
39	40
39	41
39	43
40	43
41	42
41	43
42	43
44	46
44	47
44	48
44	49
44	50
44	51
44	52
44	53
44	54
45	49
45	50
45	51
45	53
45	54
46	47
46	48
46	49
46	51
46	52
46	53
46	54
47	49
47	50
47	51
47	52
47	54
48	50
48	53
48	54
49	51
49	52
49	53
49	54
50	51
50	52
50	54
51	52
51	53
52	53
52	54
53	54
55	56
55	57
55	58
55	59
55	60
55	61
55	62
55	63
55	64
55	65
56	57
56	58
56	59
56	61
56	64
56	65
57	59
57	60
57	62
57	63
57	64
58	60
58	63
58	64
58	65
59	60
59	61
59	62
59	63
59	64
59	65
60	61
60	62
60	63
60	64
60	65
61	62
61	63
61	64
61	65
62	63
62	64
62	65
63	64
63	65
64	65
66	67
66	68
66	70
66	71
66	72
66	73
66	74
66	75
66	76
67	68
67	69
67	70
67	71
67	72
67	73
67	74
67	75
68	69
68	70
68	71
68	72
68	73
68	74
68	75
68	76
69	70
69	71
69	72
69	73
69	75
69	76
70	71
70	72
70	73
70	74
70	75
70	76
71	72
71	73
71	74
71	75
72	73
72	74
72	75
72	76
73	74
73	75
73	76
74	75
75	76
77	78
77	80
77	81
77	82
77	83
77	85
77	86
78	79
78	80
78	83
78	84
78	85
78	86
78	87
79	80
79	82
79	85
79	86
80	81
80	82
80	83
80	84
80	85
80	86
80	87
81	83
81	84
81	86
81	87
82	84
82	85
82	86
82	87
83	84
83	87
84	85
84	86
84	87
85	86
85	87
88	90
88	91
88	92
88	93
88	94
88	95
88	96
88	97
88	99
89	92
89	93
89	94
89	95
89	98
89	99
90	91
90	92
90	93
90	94
90	95
90	96
90	97
90	98
91	92
91	93
91	94
91	95
91	96
91	97
91	98
92	93
92	95
92	96
92	97
92	98
92	99
93	94
93	95
93	96
93	97
93	98
93	99
94	95
94	96
94	98
95	96
95	97
95	98
96	97
96	98
96	99
97	98
100	102
100	104
100	106
100	107
100	108
100	109
100	110
101	102
101	104
101	105
101	106
101	108
101	109
101	110
102	104
102	105
102	106
102	107
102	108
102	109
102	110
103	104
103	105
103	106
103	107
103	108
103	109
103	110
104	105
104	106
104	107
104	108
104	110
105	106
105	108
105	109
105	110
106	107
106	108
106	109
107	110
108	109
108	110
111	112
111	113
111	114
111	115
111	116
111	117
111	118
111	119
111	120
112	113
112	115
112	116
112	117
112	118
112	120
113	114
113	115
113	116
113	117
113	118
113	119
113	120
114	115
114	116
114	117
114	118
114	120
115	117
115	118
115	120
116	118
116	120
117	120
118	119
118	120
119	120
121	122
121	123
121	124
121	125
121	128
122	123
122	124
122	128
123	124
123	125
123	126
123	127
123	128
123	129
124	125
124	126
124	127
124	128
124	129
125	127
125	128
125	129
126	127
126	128
126	129
128	129
130	134
130	136
130	137
130	138
131	133
131	134
131	135
131	136
131	138
131	139
131	140
132	135
132	136
132	137
132	138
132	139
133	135
133	136
133	137
133	138
133	139
133	140
134	135
134	136
134	139
134	140
135	136
135	137
135	138
135	140
136	137
136	138
136	140
137	138
137	139
137	140
138	140
141	142
141	143
141	144
141	145
141	146
141	147
141	148
141	149
141	150
141	151
142	143
142	144
142	145
142	146
142	147
142	148
142	150
142	151
143	147
143	148
143	149
143	150
143	151
144	145
144	146
144	147
144	148
144	149
144	151
145	147
145	148
145	150
145	151
146	148
146	149
146	150
147	148
147	149
147	150
147	151
148	149
148	150
148	151
149	150
149	151
150	151
152	153
152	154
152	156
152	157
152	159
152	160
152	161
152	162
153	155
153	156
153	157
153	158
153	160
153	161
153	162
154	155
154	156
154	157
154	158
154	159
154	160
154	161
155	156
155	157
155	158
155	159
155	160
155	161
155	162
156	157
156	158
156	159
156	161
156	162
157	159
157	160
157	161
157	162
158	159
158	160
158	161
158	162
159	160
159	161
159	162
160	161
160	162
161	162
