\\ machines
12
\\ max power
120
\\ Jobs in machine 1
12
J1	15	9	60	20	0.9907024559983588
J2	14	4	65	5	1.440906941346662
J3	15	12	104	7	1.0165735495030932
J4	14	12	18	19	0.7232564961722372
J5	18	1	7	6	0.9760485573378544
J6	16	5	77	15	1.6985020364360786
J7	14	12	39	5	1.0068673788709477
J8	15	3	89	16	2.2332930889631815
J9	14	13	102	2	1.3726568345337014
J10	14	12	98	3	0.6571748426014676
J11	15	13	34	10	0.6380318203786577
J12	14	1	90	17	1.4716988242440643
\\ Jobs in machine 2
11
J13	15	13	91	6	0.48194669456667383
J14	14	3	12	26	1.4660892191923738
J15	13	5	76	10	0.8183160971739305
J16	14	3	3	12	0.43256081931417545
J17	15	4	47	17	1.3425689947997208
J18	15	2	23	2	1.6541016271946472
J19	17	13	32	20	1.5693105020810676
J20	13	1	59	28	0.9766020710620386
J21	15	5	13	26	0.12439816183245989
J22	14	5	77	9	0.30075228312522573
J23	14	5	35	17	1.5416804882873305
\\ Jobs in machine 3
11
J24	15	7	69	10	2.616622328640637
J25	15	1	3	30	1.2983454627450386
J26	15	2	103	13	0.9603456157731265
J27	15	13	3	23	0.837092083067271
J28	16	6	62	11	0.8009163936979661
J29	14	4	15	3	0.9943679236630033
J30	15	8	17	8	1.0243444994311919
J31	14	14	100	28	1.1335411221133995
J32	15	2	80	3	1.215535955724738
J33	13	3	26	12	1.8285229910081546
J34	12	1	13	11	1.726895246101463
\\ Jobs in machine 4
10
J35	14	11	108	22	0.38173331944107314
J36	14	4	72	29	1.9281402778630632
J37	15	13	72	22	0.9500479470260124
J38	13	3	53	4	2.245303279311731
J39	14	14	39	30	0.630502339895819
J40	15	9	65	20	0.9999271074457525
J41	13	9	58	22	1.0598794155738456
J42	14	7	95	19	1.3570913297076743
J43	15	5	36	27	0.2288937814797456
J44	14	13	49	12	0.7986846146774855
\\ Jobs in machine 5
9
J45	14	2	21	14	1.8117446672723285
J46	13	13	31	23	1.1121343753752049
J47	14	3	39	12	0.7717267390042633
J48	15	11	95	13	1.1025667829954258
J49	15	11	26	14	1.3251250256366602
J50	15	2	37	6	1.8777755933309601
J51	14	12	19	16	1.7341934671213557
J52	17	13	46	29	1.2375544801860852
J53	14	13	88	21	1.2789585355015236
\\ Jobs in machine 6
13
J54	13	5	90	18	0.6329255401826015
J55	13	10	95	2	2.506883374271096
J56	15	12	57	10	1.95201273943326
J57	13	14	21	30	1.84539456648745
J58	15	3	93	27	0.8918882686862657
J59	14	4	64	10	1.0926705797453016
J60	13	5	73	23	1.4960597360693701
J61	13	12	9	16	1.5100104951394027
J62	14	7	105	29	1.2169176644059352
J63	15	14	70	20	1.0779454728391036
J64	13	13	62	16	1.0413873861318004
J65	15	12	44	21	2.087132351100592
J66	15	8	58	11	1.7345029206668194
\\ Jobs in machine 7
11
J67	15	9	50	24	1.0944704308326707
J68	15	5	59	9	0.5880600277560722
J69	14	13	36	26	1.2621986084486139
J70	14	11	19	23	2.5981281458622116
J71	15	11	76	27	0.9925653087085817
J72	14	2	94	17	1.5261664761202929
J73	14	12	46	8	1.2323524454632047
J74	14	7	107	30	1.1961594252744765
J75	14	5	9	30	0.8351434808624645
J76	14	7	6	25	1.6451710784363627
J77	15	14	64	20	0.9304010918959735
\\ Jobs in machine 8
10
J78	12	14	74	8	1.4210096104797676
J79	15	13	83	8	0.49865119648743383
J80	13	10	90	2	1.2656298359446596
J81	14	6	22	22	1.0617652065436094
J82	14	4	100	2	1.06339331347821
J83	14	4	53	9	1.5362686239842573
J84	13	9	46	10	1.0624245146793951
J85	14	8	79	21	0.9995439735471492
J86	13	1	103	4	1.3428374947398525
J87	14	13	51	5	1.263514947980378
\\ Jobs in machine 9
12
J88	15	12	70	5	1.8986509653616666
J89	15	12	3	1	1.695788638317286
J90	15	6	102	11	0.9515684386301698
J91	15	10	70	28	0.9359513980328841
J92	16	8	21	5	1.329472754146899
J93	14	2	81	19	1.474662570529638
J94	14	11	37	19	1.126252145195081
J95	14	11	41	14	1.3639377060103295
J96	16	14	69	26	1.3138550434514449
J97	16	6	91	26	1.05674488155247
J98	14	8	17	9	1.4985777618608735
J99	16	3	32	3	0.9479840445768293
\\ Jobs in machine 10
10
J100	15	7	42	8	1.285749595835708
J101	14	1	20	15	1.672150552942059
J102	14	2	88	13	0.68333499370531
J103	17	11	41	28	1.2420908073673316
J104	13	5	13	12	1.020328876621596
J105	12	2	53	7	0.5048552584172277
J106	15	2	74	7	1.0303492600733966
J107	14	3	90	25	1.2181868838422834
J108	14	9	4	25	0.42175415608262035
J109	16	9	35	2	0.5598670257890385
\\ Jobs in machine 11
10
J110	14	6	73	7	0.6874603887468372
J111	15	3	106	9	1.8722403322502914
J112	13	3	59	15	2.5538782485910927
J113	14	2	95	12	0.8938397856368385
J114	16	9	94	16	1.161776056102295
J115	14	9	82	14	0.4787128200670051
J116	15	10	103	12	0.8825168724898171
J117	14	2	26	8	1.45774921604799
J118	14	13	18	7	0.4363950112224352
J119	15	7	2	12	1.5657848103492777
\\ Jobs in machine 12
13
J120	14	8	78	9	1.0552612792036475
J121	13	12	89	11	1.8490658706197074
J122	17	7	63	7	0.9468484233222638
J123	15	2	4	1	2.1593029727494186
J124	15	3	88	26	0.5060834280410798
J125	14	11	38	7	0.5345600639758753
J126	13	6	16	27	1.1557212584698882
J127	15	11	5	4	1.8309400556296567
J128	13	1	4	22	0.6103075176371686
J129	14	14	76	14	0.1
J130	15	12	13	29	0.7992051140753826
J131	15	10	32	3	0.35762805922466123
J132	14	2	30	27	1.1772612817938848
\\ Dependencies 
531
1	2
1	5
1	6
1	7
1	11
1	12
2	3
2	4
2	6
2	7
2	8
2	9
2	10
2	11
2	12
3	5
3	7
3	8
3	9
3	10
3	11
4	5
4	6
4	7
4	9
4	11
4	12
5	7
5	8
5	9
5	10
5	11
5	12
6	7
6	8
6	9
6	11
6	12
7	8
7	9
7	10
7	11
7	12
8	9
8	10
8	11
8	12
9	10
9	12
10	11
10	12
11	12
13	14
13	15
13	16
13	17
13	19
13	20
13	21
13	22
13	23
14	15
14	16
14	18
14	19
14	20
14	21
15	16
15	18
15	19
15	21
15	22
15	23
16	17
16	18
16	19
16	20
16	21
16	22
16	23
17	18
17	19
17	20
17	21
17	22
17	23
18	19
18	20
18	21
18	22
19	20
19	21
19	22
19	23
20	22
21	22
21	23
22	23
24	25
24	26
24	27
24	28
24	29
24	32
24	33
25	26
25	27
25	28
25	29
25	30
25	31
25	32
25	33
25	34
26	27
26	28
26	29
26	30
26	31
26	32
26	33
26	34
27	28
27	29
27	30
27	31
27	32
27	34
28	29
28	30
28	32
28	33
28	34
29	30
29	31
29	32
29	33
29	34
30	31
30	32
30	33
30	34
31	33
31	34
32	33
32	34
33	34
35	36
35	38
35	39
35	40
35	41
35	42
35	43
36	37
36	38
36	42
36	43
36	44
37	38
37	40
37	41
37	42
37	43
38	39
38	40
38	41
38	43
38	44
39	40
39	41
39	42
39	43
39	44
40	41
40	42
40	43
40	44
41	42
41	43
41	44
42	44
43	44
45	48
45	49
45	50
45	51
45	52
45	53
46	47
46	48
46	49
46	50
46	51
46	53
47	48
47	49
47	51
47	52
48	49
48	50
48	52
48	53
49	50
49	51
49	52
49	53
50	51
50	52
50	53
51	52
52	53
54	56
54	58
54	59
54	60
54	61
54	62
55	56
55	57
55	58
55	59
55	60
55	61
55	62
55	66
56	57
56	59
56	60
56	61
56	62
56	63
56	65
56	66
57	59
57	61
57	62
57	64
57	65
58	59
58	60
58	63
58	64
58	65
59	60
59	61
59	63
59	65
59	66
60	62
60	63
60	64
60	65
60	66
61	63
61	64
61	65
61	66
62	63
62	64
62	65
62	66
63	64
63	65
64	65
64	66
65	66
67	69
67	70
67	72
67	73
67	74
67	75
67	77
68	69
68	70
68	73
68	74
68	75
68	76
68	77
69	72
69	73
69	74
69	75
69	76
69	77
70	72
70	73
70	74
70	75
70	76
70	77
71	72
71	74
71	75
71	76
71	77
72	74
72	75
72	76
73	74
73	75
73	77
74	75
74	76
76	77
78	79
78	80
78	81
78	82
78	83
78	85
78	86
78	87
79	80
79	82
79	84
79	85
79	86
79	87
80	81
80	83
80	84
80	85
80	86
80	87
81	82
81	83
81	85
81	86
81	87
82	83
82	85
82	86
82	87
83	87
84	86
84	87
85	86
85	87
86	87
88	89
88	90
88	91
88	92
88	93
88	94
88	95
88	96
88	97
88	98
88	99
89	90
89	91
89	92
89	93
89	94
89	95
89	96
89	97
89	99
90	91
90	92
90	95
90	96
90	97
90	98
90	99
91	94
91	98
91	99
92	93
92	94
92	95
92	96
92	97
92	98
92	99
93	94
93	95
93	96
93	97
93	98
93	99
94	95
94	96
94	97
94	98
94	99
95	96
95	97
95	98
95	99
96	97
96	98
96	99
97	98
98	99
100	101
100	102
100	103
100	106
100	107
100	108
100	109
101	102
101	103
101	104
101	107
101	108
101	109
102	103
102	104
102	105
102	106
102	107
102	108
103	104
103	107
103	108
103	109
104	105
104	108
104	109
105	106
105	107
105	109
106	107
106	108
106	109
107	108
107	109
108	109
110	112
110	114
110	115
110	116
110	117
110	118
111	112
111	113
111	114
111	115
111	116
111	117
111	118
111	119
112	116
112	117
112	118
112	119
113	114
113	117
113	119
114	115
114	116
114	118
114	119
115	116
115	117
115	118
115	119
116	118
116	119
117	118
117	119
118	119
120	122
120	123
120	124
120	125
120	126
120	127
120	128
120	129
120	130
120	131
120	132
121	122
121	123
121	124
121	125
121	129
121	130
121	131
121	132
122	123
122	124
122	125
122	126
122	127
122	128
122	130
122	131
122	132
123	124
123	125
123	126
123	127
123	129
123	130
123	132
124	125
124	128
124	130
124	131
124	132
125	126
125	127
125	128
125	129
125	130
125	131
125	132
126	127
126	128
126	129
126	130
126	131
126	132
127	128
127	129
127	131
127	132
128	130
128	132
129	130
129	131
130	131
131	132
