\\ machines
9
\\ max power
90
\\ Jobs in machine 1
11
J1	13	4	50	7	0.15529937584757025
J2	14	11	8	22	0.6627508180403769
J3	15	3	70	3	1.4107068436748937
J4	15	12	33	5	1.6156929390259278
J5	14	3	6	21	2.319303358297617
J6	13	8	28	14	1.5648989226220262
J7	14	1	30	18	1.115143984218154
J8	16	2	54	21	1.438506945629144
J9	15	1	17	34	0.9546452557489691
J10	16	10	91	14	1.615666517970939
J11	15	5	43	10	1.418832148626278
\\ Jobs in machine 2
11
J12	16	13	36	27	0.8899962716850742
J13	14	13	106	35	0.8402111044595209
J14	14	13	100	2	2.4697351711431166
J15	14	12	100	44	1.2375356290047959
J16	14	10	20	22	1.4757212150296972
J17	14	11	103	9	1.5922961533313589
J18	14	5	89	28	0.8987795941857535
J19	14	6	104	23	1.3973136501672139
J20	16	3	81	7	1.50190988693885
J21	15	1	43	37	1.0115415313760903
J22	15	12	31	38	0.3093223749095364
\\ Jobs in machine 3
10
J23	15	10	100	7	0.7333275533840974
J24	15	12	33	23	0.5940978078856297
J25	16	7	6	34	1.5057922718127215
J26	14	10	7	38	1.338219198388112
J27	15	8	102	8	0.5676035284174331
J28	13	12	30	30	1.7034653626830787
J29	14	2	55	9	0.5338707057534452
J30	17	10	38	29	1.3924665786348398
J31	14	1	11	20	1.5211303414104704
J32	14	1	30	5	0.4444684860634479
\\ Jobs in machine 4
10
J33	13	9	50	19	2.2054246371084467
J34	15	8	87	1	0.6826999399787654
J35	14	5	5	37	1.1453512813584692
J36	14	6	89	39	1.5010609694059607
J37	14	6	25	28	1.3176346329568864
J38	13	4	34	12	1.8611251270492204
J39	14	11	41	28	1.2349170828569909
J40	16	13	74	11	1.6750156537752847
J41	14	14	104	14	1.5987877091519067
J42	16	14	72	12	1.004889344142551
\\ Jobs in machine 5
11
J43	16	5	109	20	1.6291497598040112
J44	13	6	65	42	0.9840165942490243
J45	16	13	59	22	1.597366144096275
J46	16	6	18	22	1.5593726160762866
J47	15	12	82	45	0.9847188187663969
J48	16	6	68	43	0.6716982559728835
J49	15	9	87	7	1.0709176672267873
J50	14	3	75	7	1.1676973769173824
J51	15	8	75	14	1.699985489526814
J52	14	14	90	24	1.5851478145295483
J53	15	2	30	30	0.9383297841499615
\\ Jobs in machine 6
12
J54	15	5	68	35	1.3522714213583151
J55	14	10	16	37	0.9843221248698172
J56	14	5	10	21	1.5231185006216819
J57	13	1	33	26	0.1
J58	17	5	47	36	1.143838455539851
J59	14	7	76	39	1.244775783437255
J60	15	10	72	29	1.4221875948762825
J61	14	10	5	21	1.5621087076345477
J62	16	14	77	25	0.6982567497024387
J63	16	10	73	40	1.0026325242875762
J64	15	1	103	34	1.9610519725524216
J65	15	4	24	23	1.3171450693250228
\\ Jobs in machine 7
13
J66	13	3	18	32	1.087107030640591
J67	14	9	45	2	1.3861691856359866
J68	12	5	110	18	0.956405477882699
J69	13	14	108	24	0.658947198065531
J70	14	14	99	31	1.8137368119215678
J71	15	2	16	33	1.3981123692935782
J72	15	9	104	25	1.1186434635317863
J73	14	12	3	9	1.6976342590054894
J74	14	7	8	33	0.7868373797324417
J75	13	10	95	33	0.519529033363155
J76	15	8	104	28	0.657303056972269
J77	16	14	19	25	1.4816153934828011
J78	14	1	61	21	1.7657755005633593
\\ Jobs in machine 8
11
J79	15	13	32	26	0.6589854063369449
J80	14	8	87	16	1.289091817847883
J81	14	10	18	43	1.1761559581025902
J82	15	13	94	13	0.2789044826856485
J83	15	2	29	13	1.8933206671778224
J84	16	11	8	22	0.4074299870092034
J85	14	14	107	32	0.7129432154949606
J86	15	8	9	43	0.82538358942686
J87	15	14	79	20	0.196240330490699
J88	14	9	59	2	1.5218429008540084
J89	15	10	73	41	0.2164647918226441
\\ Jobs in machine 9
12
J90	15	2	28	32	0.8758061021989364
J91	17	10	39	23	1.0000513557905262
J92	16	7	44	45	1.7484170699016959
J93	14	5	5	40	1.166275101051229
J94	15	2	25	27	1.6357355659263262
J95	16	6	17	44	0.4535558925433042
J96	15	8	6	20	1.4438778470094151
J97	15	5	79	23	1.2909566685432443
J98	15	7	41	35	1.279696163418537
J99	15	12	33	41	1.3190592763549636
J100	13	13	90	30	1.9523276170353516
J101	14	7	10	39	1.8366903840949154
\\ Dependencies 
303
1	2
1	3
1	4
1	5
1	6
1	7
1	8
1	11
2	4
2	6
2	7
2	9
2	10
3	4
3	7
3	8
3	11
4	5
4	7
4	8
4	10
5	7
5	8
5	9
5	11
6	7
6	8
6	9
6	10
6	11
8	9
8	10
8	11
9	11
10	11
12	15
12	16
12	17
12	19
12	20
12	21
12	22
13	14
13	15
13	16
13	17
13	18
13	19
13	21
14	15
14	17
14	18
15	20
15	21
16	18
16	22
17	18
17	20
17	21
17	22
18	19
19	21
19	22
20	21
20	22
23	24
23	25
23	26
23	29
23	31
24	25
24	31
24	32
25	27
25	28
25	29
25	32
26	27
26	29
26	31
27	29
27	30
27	31
27	32
28	31
28	32
29	30
29	32
31	32
33	34
33	36
33	37
33	39
33	42
34	35
34	36
34	38
34	39
34	40
34	42
35	36
35	38
35	41
36	39
36	40
36	41
37	38
37	39
37	40
37	41
38	40
38	42
39	41
39	42
41	42
43	45
43	46
43	47
43	48
43	49
43	51
44	45
44	46
44	47
44	48
44	49
44	50
45	47
45	49
45	50
45	52
45	53
46	47
46	48
46	49
46	51
46	52
47	48
47	49
47	50
47	51
48	49
48	50
48	53
49	50
49	51
50	51
50	52
51	52
51	53
52	53
54	55
54	57
54	60
54	62
54	63
54	64
55	56
55	57
55	58
55	59
55	60
55	61
56	57
56	58
56	59
56	61
56	62
56	65
57	59
57	60
57	64
58	61
58	63
59	62
59	63
59	64
59	65
60	61
60	63
60	64
60	65
61	62
61	63
61	64
61	65
62	63
63	64
63	65
64	65
66	68
66	70
66	71
66	74
66	76
66	77
67	69
67	70
67	71
67	72
67	75
67	77
68	69
68	71
68	73
68	77
68	78
69	70
69	75
69	76
69	77
70	71
70	73
70	75
70	76
70	78
71	74
71	76
71	77
72	73
72	74
72	75
72	78
73	75
73	76
74	78
75	76
75	78
76	78
77	78
79	80
79	87
80	81
80	83
80	84
80	85
80	86
80	87
81	82
81	83
81	84
81	85
81	86
81	87
81	88
82	83
82	85
82	87
82	88
84	85
84	86
84	87
84	88
84	89
85	86
85	87
85	88
85	89
86	88
86	89
87	88
87	89
90	95
90	97
90	98
90	99
91	92
91	96
91	97
91	98
91	101
92	93
92	95
92	96
92	97
92	99
92	101
93	95
93	97
93	99
93	100
93	101
94	95
94	96
94	97
94	99
94	100
94	101
95	96
95	97
95	98
95	99
95	100
95	101
96	97
96	99
96	101
97	98
97	100
98	99
99	100
99	101
100	101
