\\ machines
25
\\ max power
250
\\ Jobs in machine 1
13
J1	15	1	96	21	1.5626988001390134
J2	16	1	21	56	0.6660332756957924
J3	15	2	30	49	1.4961193615409518
J4	16	13	48	41	0.9557429134046376
J5	15	7	41	91	0.7200838528526634
J6	14	7	15	121	0.7399778712241692
J7	13	6	71	42	1.2301356774009702
J8	14	1	31	101	1.9654018571428942
J9	14	6	95	45	1.8273084322800548
J10	15	9	19	107	0.5496863501095429
J11	14	5	73	53	1.7608736428992353
J12	14	11	45	122	1.285524125043102
J13	14	11	67	53	2.030199481010745
\\ Jobs in machine 2
11
J14	14	5	87	34	1.588966350293034
J15	14	9	15	99	0.5192255024041481
J16	14	11	15	32	1.5016972631164383
J17	13	4	74	61	1.2686014654110362
J18	15	14	103	69	0.5383004427840241
J19	14	7	20	46	1.4641570748728638
J20	13	4	55	6	1.32368515983906
J21	15	3	81	90	0.8510469264563782
J22	15	4	26	1	1.3427540626521395
J23	14	5	31	49	1.4794687613947
J24	14	2	107	125	1.8474062508408469
\\ Jobs in machine 3
13
J25	13	6	95	14	1.594750584901789
J26	15	1	101	62	1.0127889777546708
J27	14	12	68	73	1.8022302593915829
J28	14	14	54	79	1.1933824702825797
J29	13	8	28	107	1.3035527325785567
J30	15	7	9	18	1.6152921025324392
J31	15	10	108	97	1.5751098936436843
J32	13	2	25	116	0.7025084989961019
J33	15	8	90	44	1.154403217453844
J34	15	4	24	45	0.6628350333983833
J35	13	8	95	38	1.378847275248456
J36	13	12	82	10	0.5615512993958837
J37	15	12	36	97	1.884780493181057
\\ Jobs in machine 4
12
J38	13	11	77	13	0.443341301834421
J39	13	12	76	36	1.1350314051076427
J40	14	11	9	9	1.2821072154737947
J41	15	6	61	24	1.5706275386753252
J42	14	7	85	57	1.357985116810889
J43	14	8	47	34	1.565823287711841
J44	15	12	20	38	1.9505839388093802
J45	15	2	99	22	1.608889658950315
J46	15	9	72	8	0.9825944095392554
J47	12	13	36	62	0.6870584297916074
J48	13	3	64	120	1.2148876833718099
J49	17	8	22	61	1.3997316674980314
\\ Jobs in machine 5
12
J50	16	13	107	50	1.8220373394395994
J51	15	7	6	12	1.0902528075696758
J52	14	12	106	86	1.3340780262768797
J53	16	1	37	20	2.020437546709801
J54	16	7	110	41	1.0291545892271505
J55	15	8	28	68	2.0292220693807175
J56	16	5	19	3	1.4910719803437948
J57	15	14	75	44	0.7298194208438704
J58	15	3	19	109	1.203095580117557
J59	15	3	46	12	0.7399900656073484
J60	16	14	29	81	1.782651425234917
J61	14	4	30	105	1.3857221959988397
\\ Jobs in machine 6
11
J62	14	12	55	121	1.6252688122986916
J63	14	1	104	123	0.7860504596147491
J64	14	4	50	116	1.492527592841709
J65	16	2	49	31	1.7689779266902748
J66	14	12	56	105	0.7964164920629356
J67	14	4	20	83	1.2294662283354574
J68	14	2	90	28	0.9904110517305492
J69	15	14	71	34	1.4389311651562693
J70	14	13	53	48	1.1876265683663003
J71	16	8	30	21	1.333460781115948
J72	14	11	13	36	1.9210356449468708
\\ Jobs in machine 7
10
J73	15	13	72	28	1.257902009274584
J74	14	14	62	84	1.2385227623737287
J75	14	6	61	96	1.4821802617391477
J76	15	12	110	63	0.5728074482193521
J77	15	3	104	120	1.84860739739457
J78	14	2	43	56	1.5775130364204466
J79	14	10	72	8	0.7830835772493306
J80	16	9	57	84	0.7732192954965309
J81	14	1	13	74	0.6867233198062405
J82	14	4	48	88	1.6338413112570398
\\ Jobs in machine 8
11
J83	14	12	32	18	0.5529598559149788
J84	14	3	30	39	1.4246476142637923
J85	16	7	19	14	0.1
J86	13	8	55	13	2.0937603262664384
J87	15	10	96	30	1.42873685106524
J88	13	11	98	18	0.7582792911897527
J89	16	5	57	51	0.5393170457372201
J90	16	4	45	71	0.3344433292070197
J91	15	3	61	66	1.163594033766846
J92	15	8	45	53	0.7361497101234943
J93	14	4	2	65	1.3066090208916723
\\ Jobs in machine 9
12
J94	15	14	76	66	1.7566138857891458
J95	14	4	55	32	0.9078395084852511
J96	14	6	98	80	1.1219181354324168
J97	16	1	99	51	1.2440323006546665
J98	16	13	107	113	1.2064867814747102
J99	15	3	58	122	0.8620752132044118
J100	16	2	76	123	0.7097329209920407
J101	14	13	42	108	1.633465876107438
J102	15	7	86	23	1.6685064509698833
J103	14	10	83	104	1.9122315978011724
J104	15	12	52	47	0.5789389962753518
J105	13	12	21	93	1.7461651035250525
\\ Jobs in machine 10
10
J106	13	1	88	60	1.21496958970275
J107	15	2	26	103	1.0759924267924785
J108	15	5	52	75	2.2795639604229327
J109	14	7	19	59	1.4579236879529291
J110	14	9	49	81	2.244211930536184
J111	15	1	94	111	2.210241829501122
J112	15	3	95	33	1.2135509859107259
J113	16	9	73	69	1.1556534538213998
J114	14	14	71	86	0.6542057649944983
J115	15	11	11	17	1.0507278326995748
\\ Jobs in machine 11
12
J116	15	7	86	28	1.3594683630498698
J117	14	7	83	55	1.1059001322548758
J118	15	12	57	82	1.8058784668824164
J119	15	9	79	29	0.9244368706757988
J120	14	10	49	87	0.817318849375152
J121	16	4	61	22	1.0552278180702364
J122	12	10	110	93	1.0253994480244446
J123	15	4	79	16	1.0994722668775803
J124	14	1	2	58	2.356411438057589
J125	14	14	91	40	1.479337878555317
J126	15	2	67	21	1.2870059203251552
J127	14	2	19	50	1.0618812397765973
\\ Jobs in machine 12
11
J128	14	14	57	26	1.2242540684154946
J129	15	6	28	76	1.4040296726974586
J130	15	5	99	92	0.19701421547482645
J131	15	13	106	76	0.4543191108313147
J132	14	12	21	120	1.4694299475345574
J133	14	9	34	75	1.8375435963784272
J134	16	13	106	113	0.1
J135	18	2	4	31	0.8286405538034872
J136	14	2	33	19	1.2550201536627679
J137	15	1	83	118	2.318555667522924
J138	16	1	19	31	2.0190542067654063
\\ Jobs in machine 13
10
J139	15	12	48	5	0.3122439102207024
J140	15	14	79	34	1.579210918348413
J141	14	13	40	95	1.2395299752956201
J142	17	9	103	73	1.0855384698733221
J143	13	7	43	112	1.5786896338624508
J144	14	6	78	60	1.006146435744618
J145	15	11	75	24	0.6738915459991731
J146	17	7	16	22	1.6766117361847064
J147	14	11	62	18	1.9478855567355244
J148	14	6	38	105	1.4018314380332628
\\ Jobs in machine 14
11
J149	15	14	34	27	0.6311171430518321
J150	14	6	86	29	1.7729763047435245
J151	15	14	36	64	1.058087232754331
J152	15	14	109	119	0.6702282923673202
J153	15	11	90	98	0.6688467630692018
J154	14	11	95	93	0.4915522802717167
J155	15	8	78	42	2.2863339914882905
J156	14	2	81	115	0.23240725810589624
J157	15	7	49	92	1.3997884525498194
J158	14	5	90	94	1.3746160729161718
J159	14	5	65	87	2.105034374635842
\\ Jobs in machine 15
10
J160	14	1	26	51	1.8846339802799548
J161	16	12	57	88	1.5448294568013266
J162	13	6	55	120	1.1633593516106333
J163	14	11	103	48	2.120364392240473
J164	13	14	51	29	1.054661399090062
J165	16	5	37	37	1.8255276159099858
J166	14	10	55	125	1.3647307713126366
J167	15	14	70	99	0.7271039831589857
J168	15	14	13	4	0.7670945495127759
J169	14	13	5	61	2.001189238984814
\\ Jobs in machine 16
10
J170	16	7	58	25	0.7621130823276312
J171	14	14	58	42	1.5595881920966188
J172	15	10	21	119	1.758996961361692
J173	14	10	21	105	1.0400937643870263
J174	14	12	84	1	0.277375732902279
J175	13	9	48	104	0.7183036438766168
J176	14	3	12	122	1.705739991720779
J177	15	7	75	112	0.8081687897340608
J178	15	11	38	78	1.0789169280213153
J179	13	11	7	37	1.272995590260013
\\ Jobs in machine 17
10
J180	16	12	109	3	0.9900486527089987
J181	15	1	51	93	0.48087554769618757
J182	14	14	36	109	1.7962704376770284
J183	15	2	47	106	1.0535741429258898
J184	14	2	45	2	0.9963415472009859
J185	14	12	37	29	0.7541186690089721
J186	15	4	92	49	1.0598291607718306
J187	16	13	57	8	0.8195923483514505
J188	14	14	108	67	1.4112008148574549
J189	14	12	4	43	1.5702943236949929
\\ Jobs in machine 18
10
J190	15	14	98	61	1.7658707525552164
J191	14	11	19	86	1.6779967464898697
J192	15	6	102	32	1.5693326106540089
J193	16	6	56	77	0.9140042190011863
J194	16	10	71	14	1.411497555809438
J195	15	13	96	33	0.1
J196	15	10	18	81	1.3167154029696675
J197	12	8	57	108	1.6241195792220506
J198	14	2	68	69	1.5655622747638098
J199	13	10	71	56	1.0763015502823117
\\ Jobs in machine 19
11
J200	13	1	31	100	0.9320285452886548
J201	12	12	100	6	2.154200413543522
J202	15	13	89	86	2.1384950591787137
J203	16	7	68	71	0.8448829931972937
J204	14	5	15	22	1.0130381961031618
J205	14	3	50	107	1.0599769242136032
J206	15	10	42	67	1.1575482879846726
J207	15	12	8	26	1.1611857698016488
J208	14	4	78	73	1.423998939582056
J209	13	11	15	93	0.7078257151798282
J210	14	3	51	53	1.3466867213365576
\\ Jobs in machine 20
12
J211	14	2	20	123	1.2114302102365315
J212	15	7	77	31	1.4434900044959926
J213	16	3	38	65	0.778577445764122
J214	13	8	77	55	1.630695599494414
J215	16	11	85	14	0.8558337212814304
J216	16	5	16	111	0.8727378918370614
J217	15	4	95	97	1.522766368385466
J218	15	8	6	117	1.6871295798046142
J219	15	9	23	63	1.2470868560986526
J220	15	11	106	9	0.720495015569173
J221	13	11	71	104	0.5515781747936083
J222	15	8	25	96	1.6629030302726928
\\ Jobs in machine 21
11
J223	16	5	29	47	0.45250162780689396
J224	16	3	98	115	0.6652132736867684
J225	16	4	85	23	0.6652616439730448
J226	14	2	11	67	0.869393067565225
J227	14	5	37	98	1.2472314588350186
J228	14	10	35	110	1.4525910429926125
J229	14	7	96	100	2.1790763289846407
J230	16	7	18	42	0.9647450092093256
J231	13	3	90	10	0.8662885333656606
J232	14	4	69	21	0.6578746388817411
J233	15	13	93	10	1.35229899129879
\\ Jobs in machine 22
12
J234	14	12	97	17	0.6178806570797436
J235	15	2	54	5	0.4967979370118516
J236	15	4	27	86	1.195355680579495
J237	15	11	96	110	1.2105041464183983
J238	15	6	30	71	1.1548048178239814
J239	13	5	7	92	0.8453506284754368
J240	15	3	85	114	1.1273169905401472
J241	14	9	29	105	0.9230808746876356
J242	15	3	81	111	1.1192146121976831
J243	14	4	52	62	0.5255905972151326
J244	16	10	66	122	0.6870932212723545
J245	13	11	11	86	1.4371656399357031
\\ Jobs in machine 23
10
J246	14	4	28	121	2.5415262237542713
J247	14	6	53	34	2.0701176269426824
J248	14	13	16	109	1.8646000558824185
J249	17	9	37	102	1.1079739721750363
J250	15	5	44	80	1.5324592375550337
J251	15	6	33	94	1.8270940819924848
J252	15	13	99	92	1.3679570449197231
J253	14	14	106	23	0.1
J254	14	10	92	67	0.5791165919344297
J255	14	1	31	99	1.1015048625937858
\\ Jobs in machine 24
12
J256	15	5	72	11	1.263490142289668
J257	16	3	8	63	1.1354011860756292
J258	14	14	89	14	0.2429136934320486
J259	13	4	33	110	1.8383315763580035
J260	15	4	69	53	1.1147993200897932
J261	15	5	19	65	1.2902413842077964
J262	14	5	101	106	1.0572844209959449
J263	15	7	89	18	1.9296963600967982
J264	16	13	5	88	1.3117447501851864
J265	15	4	18	67	1.4649079384840222
J266	12	7	50	73	1.8695876331570178
J267	14	1	39	7	1.3055291979714734
\\ Jobs in machine 25
11
J268	13	7	17	89	1.5159529453167397
J269	14	7	50	109	1.2574383306148573
J270	15	1	56	63	1.2092358786632722
J271	13	10	107	119	1.8465942525817054
J272	15	1	11	124	0.5514540003418126
J273	14	13	78	20	1.0494367862126088
J274	13	13	11	124	1.229373346240217
J275	16	8	50	29	1.9161833751296378
J276	15	8	79	88	1.6412548523644506
J277	15	14	4	122	1.2314560020970626
J278	17	1	56	53	1.379480919282761
\\ Dependencies 
412
1	6
1	11
2	4
2	6
2	9
2	11
2	13
3	4
3	6
3	7
3	9
3	11
4	12
4	13
5	6
5	7
5	10
5	12
6	7
6	9
6	11
6	12
7	8
8	9
8	12
9	11
10	13
11	12
14	15
14	18
15	16
15	23
16	17
16	18
16	20
17	20
17	22
17	23
18	19
18	22
19	21
20	21
20	22
20	23
21	22
23	24
25	26
25	28
25	36
25	37
26	28
27	35
27	37
28	29
28	31
28	36
28	37
29	31
30	32
30	36
31	33
31	35
32	37
33	37
34	36
34	37
35	37
38	39
38	41
38	42
38	47
39	41
39	46
40	43
40	44
40	47
40	48
41	42
41	44
41	46
42	43
43	44
43	45
44	46
45	48
45	49
47	48
53	56
53	60
54	55
54	57
54	58
55	59
55	60
56	59
56	61
57	60
57	61
58	59
62	63
62	68
62	69
62	72
63	64
63	67
64	65
64	68
64	69
64	71
65	67
65	69
65	70
66	72
67	69
67	72
69	71
73	75
73	79
73	80
75	81
76	77
76	81
77	79
77	82
80	82
83	85
84	91
85	88
85	91
85	92
86	92
87	89
87	91
89	93
90	91
94	95
94	97
94	98
94	100
94	102
96	97
96	102
96	103
96	104
96	105
97	98
97	100
97	101
97	105
99	100
99	103
100	105
102	103
103	104
103	105
106	112
107	108
107	112
107	113
107	114
108	110
108	111
108	114
109	113
110	111
110	113
111	113
112	114
116	118
116	121
117	119
117	120
117	123
117	125
117	127
118	125
118	127
119	120
119	124
119	125
119	126
120	122
120	125
121	123
121	124
123	124
123	125
123	126
124	127
125	126
128	129
128	130
128	132
128	136
129	131
129	134
129	137
131	132
131	136
131	137
131	138
132	133
132	134
134	136
134	137
135	137
137	138
139	141
139	142
139	143
140	141
141	142
141	148
142	143
142	144
142	147
143	145
143	146
143	148
144	146
145	146
145	148
149	150
149	152
149	157
149	158
150	154
150	156
151	157
151	158
153	155
153	157
153	159
154	155
154	157
154	158
155	157
156	159
160	165
160	166
160	169
161	163
161	165
161	167
161	169
163	169
165	166
165	167
165	168
165	169
170	172
170	175
170	177
171	175
171	178
171	179
172	173
172	179
173	175
173	179
174	175
174	179
177	179
180	182
181	188
181	189
182	183
182	185
183	184
183	186
184	185
184	188
185	186
185	188
185	189
186	187
187	188
190	191
190	195
190	196
191	194
191	199
192	193
192	197
193	197
194	195
194	198
194	199
195	196
195	197
195	198
196	197
197	198
200	205
200	208
200	209
200	210
202	205
202	208
202	210
203	205
203	207
204	205
205	208
207	210
208	210
211	212
211	213
211	215
211	221
212	215
212	217
212	218
212	220
212	221
212	222
213	215
213	220
214	215
214	216
214	221
215	218
216	221
218	221
219	221
223	227
223	228
223	229
223	230
223	233
224	230
225	230
226	227
226	229
226	231
227	228
227	231
228	232
228	233
229	230
230	233
231	232
234	245
235	236
235	241
235	242
235	243
235	244
236	237
236	239
236	243
237	240
238	241
239	240
240	244
240	245
241	243
241	244
242	243
246	249
246	250
246	254
247	252
247	253
248	249
248	250
248	251
248	254
248	255
249	250
249	251
249	252
249	253
249	254
249	255
250	251
250	252
252	254
256	257
256	264
257	258
257	259
257	260
257	262
257	265
258	260
258	267
259	265
259	266
260	262
260	266
261	265
261	267
263	266
264	266
266	267
268	270
268	271
268	278
269	273
269	274
269	275
270	271
270	276
271	272
271	277
272	274
274	276
274	277
276	277
276	278
277	278
