\\ machines
6
\\ max power
60
\\ Jobs in machine 1
13
J1	15	1	85	2	0.3648395632210405
J2	15	11	45	7	0.9206590525583473
J3	15	7	26	6	1.5353087646491892
J4	15	2	91	24	0.9633189883893053
J5	14	6	21	23	1.022469499934087
J6	16	4	66	44	2.6903557234851014
J7	16	13	65	38	0.49379877417922236
J8	15	7	40	30	1.4134118655531809
J9	15	2	70	33	0.9874831970799136
J10	13	1	76	33	1.0506856309065344
J11	15	11	15	15	1.5813702649259203
J12	14	4	4	10	1.8524552306317803
J13	15	6	95	43	0.9472555710745831
\\ Jobs in machine 2
10
J14	15	3	90	31	0.3612344693353815
J15	15	5	37	23	1.6849829983303586
J16	14	8	59	3	1.4278739799792146
J17	15	4	33	26	1.9149821309402735
J18	16	12	23	19	0.7091479223780431
J19	15	4	9	28	1.6641741417627376
J20	14	13	12	33	1.6235061849066281
J21	14	1	77	25	1.072707186085506
J22	15	8	10	41	0.631432549802209
J23	13	10	96	32	1.060405211220207
\\ Jobs in machine 3
11
J24	17	7	102	2	1.2514792955849212
J25	15	6	47	17	1.4021553585404487
J26	14	11	56	14	0.21604785414296523
J27	16	3	82	27	1.6322199830725688
J28	15	10	66	24	1.0251953089659156
J29	15	5	30	10	0.16818538006330352
J30	13	4	4	4	0.7887032282092844
J31	16	8	67	43	1.1502939124339961
J32	15	3	29	26	1.4818736856775203
J33	14	5	38	16	1.5010851220005068
J34	14	7	64	43	1.092583250553835
\\ Jobs in machine 4
11
J35	16	11	53	32	1.4718056140013172
J36	15	12	96	13	0.5802698414557356
J37	16	1	94	10	1.8175205666655865
J38	15	13	55	10	0.42221210571368495
J39	14	5	48	28	0.7603665294004296
J40	15	5	47	6	1.127420963779445
J41	13	5	5	19	1.4745220768329947
J42	15	11	89	7	0.9128102983980679
J43	13	7	35	34	1.5154078254969536
J44	14	5	103	40	1.859193538999476
J45	17	2	103	1	1.2085505541795354
\\ Jobs in machine 5
10
J46	13	14	68	38	0.489144797679381
J47	13	5	15	12	0.8965580812376377
J48	14	1	8	15	1.7263777197040913
J49	15	3	6	17	1.3825858309201466
J50	15	1	34	30	0.7717756936510451
J51	15	14	80	43	1.2646055277157326
J52	14	10	100	20	1.2266755671777096
J53	15	3	54	5	0.1
J54	13	5	78	15	1.4504006036054493
J55	16	5	96	7	1.6196266860055095
\\ Jobs in machine 6
11
J56	13	5	78	11	0.9209802719336513
J57	14	2	56	18	1.8005830004336558
J58	14	1	19	14	2.523761881374274
J59	16	12	24	23	1.5888448962901367
J60	13	10	79	10	1.6026157764147344
J61	14	14	63	17	0.9796951216630487
J62	14	2	83	23	1.7826960816918227
J63	14	2	57	12	0.7694446540765576
J64	15	3	6	8	0.9525803850132812
J65	14	2	39	9	1.839835222943517
J66	15	1	100	11	0.4771711266782416
\\ Dependencies 
65
1	2
1	6
2	5
2	7
3	5
4	6
4	9
5	10
5	13
7	8
10	11
10	12
10	13
14	18
14	21
15	18
15	22
16	17
16	18
16	19
17	18
18	19
18	21
18	23
20	22
24	25
24	26
24	27
24	29
25	31
26	27
26	34
30	31
30	34
31	33
31	34
32	34
35	36
35	38
35	40
35	42
35	44
36	39
36	45
37	43
41	45
46	50
47	50
48	50
49	52
51	54
51	55
53	54
54	55
56	62
57	60
57	61
58	62
59	60
59	61
60	64
61	63
62	65
64	65
65	66
