\\ machines
6
\\ max power
60
\\ Jobs in machine 1
11
J1	14	7	51	16	1.8398845775104682
J2	14	7	59	30	0.9708476709940306
J3	15	6	53	25	0.9330727795720254
J4	14	9	68	11	1.1304567505957215
J5	15	14	24	21	1.0442475274320433
J6	14	2	68	29	0.3106718052965185
J7	14	14	97	25	1.2230645332942636
J8	15	4	43	21	1.3737484533168234
J9	13	8	104	19	1.658964749413495
J10	16	2	4	28	1.7480364295772288
J11	14	8	86	9	1.8926686427352388
\\ Jobs in machine 2
10
J12	15	8	65	29	2.2456966043200404
J13	16	1	31	19	1.2962236150929733
J14	15	8	97	21	0.7118582406036593
J15	13	4	7	27	0.8005087321362547
J16	15	4	39	8	1.3079168177910874
J17	16	12	106	17	1.04630275645686
J18	14	9	110	26	0.1
J19	14	7	65	20	1.71657007245
J20	15	14	39	13	1.0832306889311474
J21	15	4	54	30	1.4288252626903362
\\ Jobs in machine 3
10
J22	14	5	74	15	1.5561150837952558
J23	17	4	39	7	1.1245250264945619
J24	15	14	57	29	0.7414020520521014
J25	13	3	15	6	0.5441620426493476
J26	14	3	30	27	0.7000468540783096
J27	13	1	90	17	1.2334141670111407
J28	13	2	78	6	1.7724565139160302
J29	14	8	12	11	1.3111520576538271
J30	17	2	73	6	0.23337502827697876
J31	15	11	108	26	0.761928183638777
\\ Jobs in machine 4
10
J32	15	7	56	20	0.335602910379194
J33	15	10	11	18	0.44948656491251593
J34	14	6	20	10	2.025911805759508
J35	14	3	40	5	0.9656655517051052
J36	14	3	53	22	1.2226436492475161
J37	14	4	34	9	1.400899591014977
J38	15	4	106	27	1.052151743326115
J39	13	3	63	11	1.6730132781896292
J40	15	12	14	17	1.3313414749048595
J41	16	8	102	28	1.4320188586726086
\\ Jobs in machine 5
11
J42	15	2	85	15	1.4741686090302153
J43	15	6	95	22	1.019315520317657
J44	15	8	80	26	1.5507224896986018
J45	14	6	29	13	0.7214927393188544
J46	15	7	64	29	0.7058434606270039
J47	15	7	46	22	0.9364690858602058
J48	13	8	91	24	0.7717180239468189
J49	15	6	57	15	1.0675150295586477
J50	15	10	92	10	0.8976781294888545
J51	14	13	56	18	2.1217443519843187
J52	12	3	47	21	1.7528395142734166
\\ Jobs in machine 6
12
J53	14	7	87	21	0.8696314404698169
J54	16	13	46	26	1.0267778273798989
J55	14	9	105	11	1.8384532234240216
J56	14	1	27	30	1.283311289770303
J57	15	1	28	20	0.1
J58	16	14	45	16	1.8684547127352007
J59	16	3	6	21	0.38087268137802555
J60	14	1	88	11	0.8944012664511762
J61	14	13	97	26	1.4193853459630936
J62	16	13	105	8	1.3544186833310103
J63	14	6	37	9	1.131570381754386
J64	14	2	33	17	1.049054715562192
\\ Dependencies 
36
1	9
2	6
2	11
3	4
3	6
5	11
13	17
13	18
14	17
16	18
17	21
22	27
23	25
23	28
24	29
26	27
26	29
27	30
28	30
33	34
33	41
34	36
34	40
35	40
35	41
36	38
38	40
42	45
44	49
45	49
46	48
54	61
58	59
58	64
59	62
59	63
