\\ machines
9
\\ max power
90
\\ Jobs in machine 1
10
J1	14	2	54	12	1.1106558090408807
J2	14	3	76	18	0.8029531551939166
J3	14	10	105	12	2.0725012892278105
J4	15	2	94	28	1.4906867541118602
J5	15	11	48	11	1.1612973074751118
J6	16	6	2	19	1.3013172949501282
J7	13	12	6	31	0.9638425950882112
J8	13	10	54	36	1.1797553644990608
J9	13	6	15	38	1.704007220511786
J10	14	1	44	41	0.47184286068771575
\\ Jobs in machine 2
10
J11	14	2	101	28	0.83722077332742
J12	15	12	106	40	1.6030808277393598
J13	16	3	74	3	1.0622870248651672
J14	16	13	20	14	0.5519366179128761
J15	14	9	78	23	0.7940636102485417
J16	16	9	43	42	1.0244354715651791
J17	14	12	107	38	2.1027219038181597
J18	14	13	30	2	0.7888444088507809
J19	13	8	28	9	0.4836556357972408
J20	16	3	62	35	1.306442615726614
\\ Jobs in machine 3
11
J21	15	9	57	44	0.19425843246542107
J22	15	5	82	4	1.713334754398618
J23	15	5	47	15	1.1377806477135022
J24	15	4	105	6	1.2289130344102657
J25	15	12	24	11	0.8273891532618307
J26	13	3	92	27	0.6569364100827199
J27	15	12	63	33	1.2195318099769423
J28	15	11	29	7	1.1436987887499306
J29	14	1	70	40	0.5651926969908089
J30	16	3	25	8	1.5707720342209028
J31	14	5	86	35	1.4140785836845702
\\ Jobs in machine 4
12
J32	15	10	25	10	1.042842031669613
J33	16	11	39	9	1.092745814869206
J34	14	5	57	32	2.1581859996548447
J35	14	1	14	44	0.4827852307469056
J36	15	11	78	43	1.303403521614675
J37	13	1	55	33	0.8883767435581513
J38	15	12	88	4	0.3412796497491323
J39	14	8	54	28	0.9163563928259071
J40	14	8	31	6	1.155739374470779
J41	13	5	6	32	1.5526987691310106
J42	13	14	91	33	0.9069560519017322
J43	15	14	71	8	0.5904270996930236
\\ Jobs in machine 5
11
J44	13	14	94	6	1.1459658947142553
J45	14	14	41	17	0.4316189242704297
J46	13	14	73	32	0.8032854253828561
J47	14	6	39	18	0.7134224028044502
J48	14	2	12	6	2.3303849723120966
J49	13	12	57	3	0.6403661934396138
J50	15	10	11	40	0.7113227148191832
J51	15	6	90	20	0.43519125034427253
J52	15	9	94	16	1.5613284065228519
J53	15	4	91	35	0.6491749019291828
J54	16	12	37	9	1.2867422819706815
\\ Jobs in machine 6
11
J55	14	10	94	14	0.8973848230142112
J56	13	8	98	5	1.820230670233887
J57	14	13	78	27	1.5035600170708658
J58	15	14	103	35	1.5946618253537586
J59	16	12	91	21	1.603957408183519
J60	15	10	28	44	1.2160336945710906
J61	15	11	10	17	1.3672246236651637
J62	14	14	79	33	1.037890809185039
J63	15	3	13	14	1.5849092180482551
J64	16	12	86	44	1.0078363351567596
J65	14	13	19	8	2.1751921765521804
\\ Jobs in machine 7
12
J66	13	14	48	20	0.7922893266485432
J67	15	10	24	14	1.0337644847116987
J68	14	7	87	22	0.5336060650082993
J69	14	1	68	45	1.537929398149375
J70	14	6	47	27	1.7435401632343315
J71	14	1	16	19	2.157895374891053
J72	15	9	20	18	0.539766148322837
J73	15	13	17	44	0.5109505072975875
J74	15	4	59	31	1.7581342489816305
J75	14	5	58	6	1.5430749056170334
J76	16	9	8	38	0.7702947028021725
J77	15	14	9	21	1.7410357442877817
\\ Jobs in machine 8
11
J78	17	5	64	4	1.0946321015958822
J79	13	7	34	43	1.182842685737515
J80	15	13	54	1	1.689953460552697
J81	15	1	35	5	1.4344840229298195
J82	15	8	11	25	1.217529965052295
J83	15	12	93	14	1.5995752512592591
J84	14	11	78	11	1.3275082749226836
J85	14	14	27	5	1.031805472672327
J86	14	10	98	38	1.5728696533624063
J87	14	7	71	11	1.436958641277385
J88	14	4	58	35	0.5529919157652706
\\ Jobs in machine 9
12
J89	14	7	13	21	1.3684556272722244
J90	13	8	44	21	1.3160714246605132
J91	14	4	28	29	1.3383544963571776
J92	16	13	26	29	1.4234744958254395
J93	14	9	30	14	0.8178244078658414
J94	15	1	9	45	0.9413106722866176
J95	16	1	10	40	0.48136089702743656
J96	15	10	88	29	1.1902914523351438
J97	13	3	58	36	1.1585850537856337
J98	15	7	72	41	0.30428236371551387
J99	14	9	82	14	0.8986056244381504
J100	15	13	31	45	0.21335928134149929
\\ Dependencies 
341
1	2
1	3
1	5
1	6
1	7
1	9
1	10
2	4
2	5
2	6
2	8
3	5
3	6
3	7
3	8
3	9
3	10
4	9
5	6
5	7
5	8
5	9
5	10
6	7
6	9
6	10
7	10
8	9
9	10
11	12
11	13
11	15
11	16
11	17
11	19
12	13
12	14
12	15
12	16
12	18
12	19
12	20
13	14
13	16
13	17
13	20
14	16
14	17
14	18
14	19
14	20
15	16
15	17
15	18
15	19
16	17
16	18
16	20
17	20
18	19
18	20
21	22
21	24
21	27
21	29
21	31
22	23
22	24
22	28
22	31
23	24
23	25
23	27
23	28
23	30
23	31
24	25
24	30
24	31
25	26
25	27
25	28
25	29
26	29
26	31
27	28
27	29
27	30
27	31
28	30
29	31
32	33
32	34
32	35
32	39
32	41
32	42
32	43
33	35
33	36
33	37
33	38
33	39
33	40
34	35
34	36
34	37
34	38
34	39
34	40
34	42
34	43
35	36
35	37
35	38
35	39
35	40
35	41
35	43
36	37
36	40
36	41
36	42
36	43
37	38
37	39
37	42
38	39
38	40
38	41
38	42
38	43
39	40
39	42
39	43
40	41
40	42
44	45
44	48
44	49
44	50
44	52
44	53
44	54
45	46
45	47
45	48
45	49
45	51
45	52
45	54
46	47
46	48
46	49
46	50
46	51
46	52
46	53
46	54
47	48
47	51
47	52
47	53
48	49
48	50
48	51
48	52
49	51
49	52
49	53
50	52
50	53
51	52
51	54
52	54
55	57
55	58
55	60
55	61
55	62
55	63
55	64
55	65
56	57
56	59
56	61
56	64
56	65
57	59
57	60
57	61
57	62
57	63
57	64
57	65
58	59
58	60
58	62
58	63
58	64
58	65
59	62
59	63
59	65
60	61
60	62
60	63
60	64
60	65
61	62
61	64
61	65
62	65
63	64
66	69
66	71
66	72
66	74
66	75
66	76
66	77
67	68
67	69
67	71
67	73
67	76
67	77
68	69
68	70
68	71
68	73
68	75
68	76
69	70
69	72
69	73
69	74
69	76
69	77
70	71
70	73
70	74
70	75
71	72
71	73
71	75
71	76
71	77
72	73
72	74
72	75
72	76
73	74
73	75
74	77
75	76
76	77
78	79
78	81
78	82
78	83
78	84
78	85
78	87
78	88
79	81
79	83
79	87
79	88
80	81
80	82
80	83
80	88
81	82
81	83
81	84
81	85
81	86
81	88
82	83
82	84
82	85
82	86
83	86
83	87
84	85
84	86
84	87
84	88
85	86
85	87
85	88
86	87
89	90
89	91
89	92
89	93
89	94
89	95
89	97
89	98
89	100
90	91
90	92
90	93
90	94
90	95
90	97
90	99
90	100
91	95
91	96
91	97
91	98
91	100
92	93
92	94
92	95
92	96
93	94
93	96
93	98
93	99
93	100
94	95
94	96
94	98
94	99
95	96
95	97
95	98
96	97
96	98
96	99
96	100
97	98
97	99
97	100
98	99
98	100
99	100
