\\ machines
12
\\ max power
120
\\ Jobs in machine 1
9
J1	14	5	50	47	1.6414669209767125
J2	15	11	62	23	0.8985644830708175
J3	16	9	81	39	1.7105144687386034
J4	15	14	110	43	1.3374441768115621
J5	14	3	52	13	2.152665298899424
J6	15	9	34	55	1.385133968237744
J7	14	12	14	20	2.0024148620546787
J8	14	10	8	16	2.1584256813568636
J9	15	1	48	3	0.1
\\ Jobs in machine 2
10
J10	16	6	80	49	1.4294247213115518
J11	14	2	90	49	1.3888757354963295
J12	14	11	17	58	1.2694080796498244
J13	14	3	98	25	1.213477282841375
J14	14	8	82	53	1.4481081148157393
J15	14	12	101	31	1.8367072353100342
J16	15	9	99	15	0.7662205071554107
J17	15	5	10	16	1.8430574352640323
J18	15	8	81	48	1.4969368582876876
J19	13	9	87	39	1.260578238617085
\\ Jobs in machine 3
10
J20	14	4	75	23	0.929970542476579
J21	13	14	30	11	1.5667241936621399
J22	15	2	39	41	1.0771589956077117
J23	14	14	87	2	1.8702354309024718
J24	13	5	39	14	1.1142874777343506
J25	15	14	80	56	0.8071343618053552
J26	15	10	2	40	2.2565190686222207
J27	14	2	20	40	1.7212609444778462
J28	15	11	41	35	0.9713700735216896
J29	16	3	88	5	1.534890166198244
\\ Jobs in machine 4
10
J30	15	1	58	6	1.5424313216840366
J31	13	10	42	19	1.9918979110981379
J32	12	14	61	17	0.9725736824256576
J33	13	2	18	13	1.34203977779433
J34	16	8	90	45	1.8115418979383198
J35	16	6	57	31	0.7836648285805332
J36	13	9	4	5	0.17310152664351497
J37	15	4	49	56	1.3892734457121396
J38	16	14	54	4	1.5223831513040391
J39	14	1	13	54	0.6956210866525704
\\ Jobs in machine 5
11
J40	15	6	20	43	1.6253807089264853
J41	14	8	31	59	1.8512809096243772
J42	13	1	16	10	1.6868721186449775
J43	16	6	22	24	0.712777477729686
J44	15	10	63	6	1.8044758048637575
J45	15	12	70	59	1.5832558826939662
J46	14	3	37	20	0.5492747562995957
J47	14	10	84	40	2.1824276815867814
J48	12	9	18	48	1.2462639385822425
J49	16	14	56	44	1.960738779516641
J50	13	5	99	41	1.072402509424223
\\ Jobs in machine 6
13
J51	14	14	74	16	1.2265312474840675
J52	15	1	45	4	0.8538683561519109
J53	15	6	76	46	1.249470552109767
J54	14	11	61	55	0.5734685010983546
J55	14	1	32	59	0.9292215168119815
J56	14	11	89	53	1.0069787590492913
J57	16	5	79	29	0.6411101731551925
J58	16	7	75	37	0.3270069069946845
J59	13	10	5	22	1.9929119201876804
J60	14	10	42	35	1.3172080069678107
J61	15	13	49	41	1.0763109261776322
J62	15	9	76	39	0.7606626212474283
J63	14	4	44	23	1.0966871567683645
\\ Jobs in machine 7
10
J64	13	4	102	35	0.8622245724956235
J65	15	4	60	23	1.4826719062635536
J66	15	3	60	50	0.8955237044018219
J67	14	12	48	59	1.1428613473987037
J68	14	10	105	39	1.8013092952338932
J69	15	12	84	3	0.5995292705525997
J70	15	9	55	32	1.0976773888591507
J71	15	7	53	6	1.4291886536477079
J72	15	7	53	57	1.4858659036972675
J73	15	8	73	48	0.5898973550450455
\\ Jobs in machine 8
12
J74	16	7	55	54	1.201909498553491
J75	17	13	79	34	1.541653590845083
J76	15	12	3	18	1.1728477870986815
J77	15	14	107	33	1.6302651806662163
J78	13	9	19	12	0.4168564631599837
J79	15	12	46	35	1.4736948306695017
J80	16	12	22	8	1.3374643300068196
J81	16	2	84	18	1.5655078288033157
J82	13	2	88	45	1.196182627511885
J83	14	6	62	19	0.5615139151805829
J84	15	3	101	2	1.3532145874602306
J85	14	8	110	13	1.3700111270040505
\\ Jobs in machine 9
10
J86	15	1	79	57	1.1342761339381713
J87	16	5	53	25	0.8969347547518173
J88	14	8	37	46	0.2498238364262444
J89	13	4	43	37	0.8981651567780308
J90	14	12	58	19	1.0350209589426516
J91	14	4	61	32	1.776376784172391
J92	15	12	91	15	1.606649202139976
J93	15	6	41	19	1.043711396661101
J94	14	1	60	30	1.7634046832780825
J95	14	6	57	26	1.1976899322815473
\\ Jobs in machine 10
13
J96	17	2	93	30	0.8003839276470786
J97	14	6	30	46	1.3786220115535208
J98	15	9	28	35	1.2431540561942478
J99	15	1	34	14	1.3541332101878973
J100	15	9	50	3	1.9113771443464989
J101	15	14	34	17	1.9015559120926953
J102	15	2	10	21	1.434495708089273
J103	15	5	90	15	0.8784836050692016
J104	14	13	82	58	1.040299200182165
J105	14	6	68	56	0.7357588735624323
J106	14	4	21	52	0.35738243612388554
J107	13	4	26	38	0.5283475154267061
J108	16	9	95	1	1.6947186444295919
\\ Jobs in machine 11
12
J109	14	10	106	29	1.7751675718327233
J110	15	9	96	57	2.2244831184398937
J111	13	1	96	3	1.4798356744772403
J112	15	8	53	14	1.1319036602031916
J113	15	6	98	6	0.2248698624057388
J114	13	4	10	43	1.4866585775884633
J115	15	5	77	4	1.0278967765128533
J116	15	7	17	46	1.0841580192519094
J117	14	6	52	60	1.5041745763928753
J118	15	4	55	15	0.6008545181480356
J119	16	1	24	45	0.1
J120	13	7	56	11	1.7870689417283903
\\ Jobs in machine 12
11
J121	15	1	75	59	1.3020964613903134
J122	17	1	87	34	0.9176313787409937
J123	15	2	34	51	1.4705190408469702
J124	16	11	85	48	0.7690070977802866
J125	15	1	6	44	0.405928640881254
J126	15	2	89	8	0.5298963725026499
J127	14	3	81	55	0.471950300126629
J128	14	11	71	60	0.3317636566809905
J129	15	1	53	29	1.4089195644001515
J130	15	4	50	24	1.3265007385344805
J131	17	1	35	55	0.5036315966098036
\\ Dependencies 
400
1	2
1	5
1	7
1	8
1	9
2	3
2	4
2	5
2	6
2	9
3	5
3	6
3	8
4	6
4	7
4	9
5	7
5	8
6	7
6	9
7	9
10	13
10	14
10	16
10	17
11	12
11	14
11	15
11	18
12	13
12	14
12	15
12	16
12	19
13	14
13	16
13	19
14	16
14	17
14	18
15	18
16	19
17	19
20	21
20	22
20	23
20	25
20	29
21	24
21	25
21	26
21	27
21	28
22	23
22	24
22	25
22	27
22	28
22	29
23	24
23	25
23	28
23	29
25	26
25	27
25	28
25	29
26	27
26	28
27	28
27	29
28	29
30	31
30	34
30	38
30	39
31	33
31	35
31	38
31	39
32	33
32	35
32	37
33	34
33	37
33	38
34	35
34	36
34	37
34	38
35	37
35	39
36	37
36	38
38	39
40	42
40	43
40	44
40	45
40	46
40	47
40	49
40	50
41	44
41	45
41	47
41	48
42	44
42	46
42	47
42	48
42	49
42	50
43	44
43	45
43	46
43	48
43	49
43	50
44	46
44	48
45	47
45	49
46	47
46	48
46	50
47	48
47	49
47	50
48	50
49	50
51	53
51	54
51	55
51	56
51	57
51	59
51	61
51	63
52	53
52	55
52	59
52	60
52	61
52	62
52	63
53	54
53	56
53	58
53	59
53	60
53	61
53	62
54	55
54	59
54	61
54	62
55	56
55	58
55	59
55	61
55	62
56	57
56	61
56	62
56	63
57	58
57	61
57	62
57	63
58	59
58	60
59	60
59	61
59	63
60	63
61	62
61	63
64	65
64	67
64	69
64	70
64	71
64	72
64	73
65	66
65	68
65	69
65	72
65	73
66	67
66	71
66	73
67	68
67	69
67	73
68	71
68	72
69	71
70	72
70	73
71	72
71	73
72	73
74	75
74	77
74	79
74	80
74	81
74	82
74	84
75	76
75	77
75	78
75	79
75	80
75	81
75	82
75	83
75	85
76	79
76	80
76	82
76	83
76	85
77	78
77	80
77	81
77	82
77	84
78	80
78	82
78	83
78	85
79	82
79	83
79	84
79	85
80	84
80	85
81	82
81	83
81	85
82	83
82	84
82	85
86	89
86	91
86	92
86	93
86	95
87	88
87	89
87	90
87	91
87	92
87	93
87	95
88	89
88	90
88	92
88	93
89	90
89	92
89	93
89	95
90	91
90	94
91	93
91	94
91	95
92	93
92	94
92	95
93	94
93	95
96	98
96	99
96	102
96	103
96	104
96	105
96	106
96	107
96	108
97	98
97	99
97	100
97	101
97	102
97	105
97	106
97	108
98	99
98	100
98	101
98	102
98	103
98	105
98	107
98	108
99	101
99	103
99	105
99	107
99	108
100	102
100	104
100	108
101	102
101	103
101	106
101	107
101	108
102	103
102	105
102	106
103	105
103	106
103	108
104	106
104	108
105	106
105	108
106	107
106	108
107	108
109	111
109	112
109	113
109	115
109	118
110	112
110	114
110	115
110	117
110	118
110	119
110	120
111	112
111	113
111	114
111	115
111	118
111	119
111	120
112	113
112	114
112	117
112	119
112	120
113	114
113	115
113	116
113	118
113	120
114	115
114	117
115	117
115	119
115	120
116	117
116	118
116	119
117	118
117	119
118	120
119	120
121	122
121	126
121	129
121	130
122	123
122	124
122	128
122	129
122	130
122	131
123	124
123	125
123	128
123	130
123	131
124	125
124	127
124	128
124	129
124	130
124	131
125	126
125	127
125	128
125	131
126	128
126	129
127	131
128	129
128	131
129	130
130	131
