\\ machines
25
\\ max power
250
\\ Jobs in machine 1
10
J1	13	3	47	11	1.3189923387976519
J2	16	12	55	110	1.6646527680712355
J3	13	9	92	103	1.0793598752543987
J4	16	9	12	5	0.4750398021940919
J5	14	6	94	67	1.7971250068534772
J6	14	14	81	7	1.3271192252526198
J7	15	4	73	4	1.5562232151137727
J8	16	7	96	17	1.7903868340215605
J9	17	2	80	18	1.1494540010179741
J10	13	8	28	92	0.11426511401696304
\\ Jobs in machine 2
11
J11	15	14	41	123	1.8954294428153742
J12	14	12	31	60	0.4206847197008323
J13	15	7	25	26	1.0295911972840914
J14	14	1	55	84	0.7158170978658769
J15	14	1	60	15	1.683574251829176
J16	15	3	86	60	1.8193338319646652
J17	13	12	60	10	1.2560125242177915
J18	15	3	91	13	0.9689166149803262
J19	14	6	24	1	1.0359693548366502
J20	14	7	7	43	0.8894564014081953
J21	15	14	100	104	1.2057464092296801
\\ Jobs in machine 3
11
J22	13	13	28	87	1.020647543991344
J23	16	13	7	11	1.6883186428759949
J24	12	7	97	72	0.5658441342658544
J25	13	5	61	87	0.2638230055879841
J26	16	14	41	71	0.5034028555204769
J27	14	3	106	25	1.0905004055040304
J28	15	7	110	121	0.1
J29	14	7	18	114	0.1
J30	11	14	11	20	1.4516874634096775
J31	14	10	48	42	1.4468211208664419
J32	14	8	99	114	0.6290584584274004
\\ Jobs in machine 4
9
J33	15	13	75	78	0.6607255190700517
J34	15	9	15	3	1.3035359095556884
J35	13	5	81	39	1.3510126205464372
J36	14	11	10	23	0.5456288564494579
J37	14	4	91	117	1.7706236830540314
J38	16	2	15	45	1.5709891345499676
J39	14	13	51	109	0.388617185695073
J40	14	5	41	33	0.8027880982349072
J41	16	7	14	86	0.458695678781023
\\ Jobs in machine 5
12
J42	16	1	81	78	1.5191735395526489
J43	16	9	5	31	1.216025271310782
J44	15	11	56	15	1.9266221900972953
J45	14	9	14	85	0.9696555539757914
J46	14	4	5	85	0.6422712071680609
J47	12	6	55	33	1.4972021252618026
J48	14	6	54	116	0.9103580016545432
J49	14	10	38	109	0.4944682615506638
J50	15	3	101	40	0.8759191657988772
J51	14	7	36	27	0.16392955352473848
J52	15	10	16	113	1.1140370699181206
J53	12	5	105	92	1.5953326167256805
\\ Jobs in machine 6
11
J54	15	7	91	41	2.0125677961745643
J55	15	8	35	107	2.2437066431349324
J56	15	11	39	68	0.8558351627544913
J57	16	3	33	22	0.9973065403142103
J58	13	7	104	76	0.9068343109042025
J59	14	8	81	104	1.5264151902684475
J60	13	9	18	42	0.4733809483652097
J61	15	6	85	32	1.0525817061444802
J62	16	7	35	87	1.8400335245367154
J63	14	1	30	9	1.331703796289406
J64	14	1	78	66	1.9423920611522483
\\ Jobs in machine 7
13
J65	14	11	58	117	1.5771351369086823
J66	13	1	62	64	1.4110545912293297
J67	13	2	9	105	0.1
J68	14	7	69	80	1.5788824775834718
J69	14	2	28	83	0.678421811519958
J70	16	9	72	7	0.6915965998353724
J71	14	10	102	67	1.2669800228428023
J72	14	6	56	51	1.1408817536393718
J73	16	6	45	40	1.135286324416128
J74	16	1	17	122	1.8767489410512135
J75	13	8	92	11	1.3108745752626911
J76	14	7	21	123	1.27624265262298
J77	14	3	21	47	0.912508726566834
\\ Jobs in machine 8
12
J78	15	8	88	31	1.593776034122143
J79	17	12	20	1	1.2212984925673496
J80	14	1	53	14	0.2556424303674323
J81	14	8	43	24	1.0030543742820046
J82	15	6	34	17	0.9273901478248199
J83	13	7	47	26	0.8081509098497314
J84	16	8	14	76	0.27470925972234206
J85	15	11	73	111	0.6494914828877512
J86	15	2	58	38	0.4481492134506384
J87	13	3	92	55	1.480038242201299
J88	14	14	56	41	1.5900351502864762
J89	14	3	83	28	1.0247219439178328
\\ Jobs in machine 9
10
J90	14	13	93	4	1.3693328492027337
J91	14	7	73	49	1.2705921226363355
J92	16	9	107	93	0.939751668251601
J93	17	4	72	83	2.203200450380626
J94	16	1	32	62	0.6247699145101979
J95	16	5	103	60	0.70817129034794
J96	15	6	36	99	1.728430122461055
J97	13	14	6	89	0.9363213322752071
J98	13	4	23	42	0.5216672511389947
J99	16	13	82	5	2.0746051093022144
\\ Jobs in machine 10
11
J100	14	6	5	91	1.801675084144541
J101	15	13	91	11	1.0415582341162961
J102	15	7	28	42	1.1564640231675019
J103	15	5	44	120	0.6674429598917254
J104	16	14	78	32	1.3903451128489532
J105	12	3	6	17	1.4945319874467813
J106	16	7	51	90	1.2374182149994102
J107	15	3	7	122	1.266214339934569
J108	13	10	102	95	1.3575924452453612
J109	15	9	89	98	1.8607640669353722
J110	15	2	33	4	1.5110400204471963
\\ Jobs in machine 11
11
J111	15	10	47	36	0.5008099657656153
J112	13	13	95	28	1.7035294841427553
J113	14	12	100	84	1.3210704895093308
J114	15	7	9	29	1.0318608950329846
J115	13	4	18	101	0.5845242818622408
J116	14	7	96	121	1.0906276252622704
J117	14	12	27	62	1.0028302094246442
J118	14	5	3	56	1.0503432039010656
J119	16	6	11	63	1.7122339919150462
J120	14	6	6	14	1.5776524717646188
J121	13	6	19	98	1.454432779275828
\\ Jobs in machine 12
11
J122	15	1	110	39	1.8164391874041343
J123	15	5	86	18	0.1
J124	14	6	107	39	1.0835623127280236
J125	16	2	8	38	0.8714071943680658
J126	14	2	19	66	1.7382697765504347
J127	15	9	3	23	1.1475576426645666
J128	15	8	104	8	1.7110918677214473
J129	15	8	27	110	1.8301369142379529
J130	15	9	55	23	1.255797854980646
J131	15	13	43	108	1.30074045718882
J132	15	4	90	118	1.310129939936413
\\ Jobs in machine 13
9
J133	13	14	79	107	0.46625164740627345
J134	13	3	2	118	1.5783495097565616
J135	16	5	81	101	1.0981879373095782
J136	13	5	85	98	2.292917748045218
J137	13	10	101	46	0.788931984753556
J138	14	14	52	29	0.9162214141500132
J139	16	2	21	72	1.435753410121245
J140	13	9	6	99	1.5230254725557917
J141	15	11	81	122	0.7449263818524618
\\ Jobs in machine 14
11
J142	15	6	88	96	1.5419510587792982
J143	16	13	101	31	2.0129939021455403
J144	14	3	42	10	2.0527882363657364
J145	16	9	59	6	0.924563607324183
J146	14	10	38	15	0.2246077394124496
J147	14	6	16	67	0.15294435850837473
J148	14	7	93	26	1.4024279262896164
J149	15	5	71	84	1.5568736559562741
J150	14	1	78	75	1.1137584542804613
J151	15	10	98	35	2.1433860734704533
J152	13	11	104	9	0.7547953673840413
\\ Jobs in machine 15
13
J153	16	14	88	38	1.8956827023730225
J154	15	12	91	64	0.7875584004858078
J155	15	1	80	78	1.1554134877689664
J156	13	11	44	80	1.2347340491913679
J157	15	11	103	22	1.68174409302862
J158	14	10	39	58	1.1096410553618226
J159	15	12	37	11	1.1042750136438662
J160	14	9	38	64	0.5033529658150842
J161	13	5	42	10	0.8642957799996267
J162	14	2	5	67	1.1995103614350673
J163	15	1	57	67	1.2176174111153963
J164	13	3	85	60	1.1839820248796178
J165	15	2	5	51	0.9351987998333422
\\ Jobs in machine 16
13
J166	15	3	35	23	0.1
J167	15	1	4	93	0.758664827988708
J168	16	8	59	105	0.7498487989472856
J169	16	12	57	15	1.5712136409739386
J170	14	10	18	26	0.9563590957395951
J171	15	14	40	45	1.5763473007555953
J172	15	1	57	96	1.5958607184102847
J173	18	13	88	10	0.3679608357234241
J174	16	5	99	96	1.1597410553791463
J175	16	8	96	92	0.7782411016627165
J176	15	7	17	24	1.2480240909199962
J177	15	10	31	81	1.2022132343967322
J178	13	2	2	112	0.6719219256140527
\\ Jobs in machine 17
11
J179	13	6	30	109	1.6132156023378355
J180	14	8	17	4	1.294295749888429
J181	15	7	89	80	1.0876892971813097
J182	15	11	95	95	0.4144839977363778
J183	15	12	7	84	1.6661686907992
J184	15	12	77	109	0.9762179614914152
J185	15	2	43	69	2.000586462342229
J186	14	5	99	82	1.4197676975910054
J187	14	6	4	105	0.6481342497396031
J188	15	8	45	69	1.4268543479550604
J189	15	10	33	79	0.5615119622105582
\\ Jobs in machine 18
12
J190	15	4	20	68	0.5864218679878788
J191	13	13	83	121	0.8466190040736579
J192	14	8	52	100	0.43877275003054417
J193	13	10	90	61	0.4834873407508412
J194	15	1	24	67	1.0175215881642916
J195	14	9	33	80	2.1481255164719273
J196	15	2	85	29	1.2265591746699922
J197	15	13	61	122	1.2249750949888305
J198	15	13	41	110	1.0037937917805315
J199	13	10	52	107	0.9993018559484537
J200	13	8	80	65	0.847270934053119
J201	13	2	33	20	0.9977028232011813
\\ Jobs in machine 19
11
J202	15	1	60	60	0.66653110456513
J203	13	13	98	98	1.092753523885613
J204	15	3	94	47	1.4457490493349938
J205	13	5	18	75	0.3277677232413143
J206	16	4	75	7	2.5335605541002653
J207	13	10	73	15	1.1398968367235351
J208	15	1	69	79	1.2591644885748954
J209	14	5	108	117	0.10272810243079178
J210	15	7	30	110	1.5778323774901917
J211	15	1	47	45	1.398741435782702
J212	14	4	28	27	1.2548691203317441
\\ Jobs in machine 20
11
J213	17	8	7	118	1.0344703416068235
J214	15	9	17	41	0.5404647522344336
J215	14	11	22	55	1.06349296304777
J216	15	3	72	48	1.5390135367905287
J217	15	9	14	22	1.0846902843058845
J218	16	10	70	27	1.4002682928883519
J219	14	10	97	111	0.8204661653743326
J220	15	9	40	93	1.3356048092022952
J221	16	7	8	117	1.5427376612017318
J222	16	11	7	21	1.8381350756791166
J223	15	6	42	42	0.4941143503036055
\\ Jobs in machine 21
10
J224	13	11	41	44	0.84900852657476
J225	15	11	70	73	0.8838573103169141
J226	15	1	78	102	0.6654802945562388
J227	15	6	19	87	2.0419637267396658
J228	15	14	80	66	1.1449819331114994
J229	14	8	75	38	1.8269414077245516
J230	16	14	34	29	0.8633109989408985
J231	15	14	34	125	0.7142685184292252
J232	14	10	33	76	1.1700259898593977
J233	15	1	14	57	1.302813122761298
\\ Jobs in machine 22
12
J234	13	2	32	72	1.2440792412412858
J235	14	10	62	13	1.0252119809521698
J236	15	9	19	10	1.7213830348563748
J237	16	10	94	123	1.059930436858445
J238	14	13	74	95	0.9226671944510763
J239	15	14	46	114	1.4074764664005754
J240	16	4	88	121	1.5242467263488542
J241	14	5	75	92	1.6249561240573687
J242	15	2	110	9	1.0228555765333076
J243	14	11	105	115	0.29876119429166836
J244	13	2	99	77	1.0845005747111685
J245	14	12	34	73	2.211651149009275
\\ Jobs in machine 23
11
J246	13	9	2	111	0.4514310180109087
J247	15	6	27	40	0.9629775527262674
J248	14	9	70	65	0.2867974135769209
J249	14	13	60	60	0.7552430990538561
J250	15	14	102	59	1.0791129137720847
J251	15	10	54	34	0.4997320488860565
J252	15	6	61	97	0.9757957086220774
J253	15	8	49	91	0.8924541654356275
J254	14	13	66	16	0.6123243903684062
J255	16	12	69	28	1.5575393761180845
J256	16	9	40	7	0.7435713762268105
\\ Jobs in machine 24
12
J257	15	11	74	78	0.7240073598452459
J258	14	13	36	24	0.1
J259	15	9	2	5	1.607204404246014
J260	14	6	101	114	1.7391604497610402
J261	15	3	15	118	1.2032525858359722
J262	14	7	90	23	1.4601881598474464
J263	15	7	31	54	1.2342294127842333
J264	16	10	65	9	0.6898124144472423
J265	15	14	18	71	1.4778574063489185
J266	14	2	70	30	2.162745778965378
J267	15	3	32	38	1.632312878542991
J268	16	2	22	45	1.5662036163601103
\\ Jobs in machine 25
9
J269	15	6	28	90	1.529016634244928
J270	14	5	107	33	2.1515914545359403
J271	14	9	26	26	1.585105059197692
J272	14	2	67	89	0.961170443060618
J273	14	6	108	13	1.2916559164956176
J274	15	14	81	19	0.9707572712349957
J275	15	3	99	33	1.476970413796275
J276	14	11	76	82	1.499203916958054
J277	15	9	5	19	1.003790271312406
\\ Dependencies 
155
1	4
3	6
3	7
3	9
4	7
4	10
6	7
7	9
11	16
12	16
12	19
14	15
14	20
25	30
26	27
31	32
33	35
33	37
33	39
34	37
34	39
35	37
39	40
43	49
44	48
45	48
47	48
47	52
47	53
48	49
48	51
49	52
54	56
55	56
55	62
57	62
61	63
62	63
65	66
66	75
67	73
68	75
69	74
70	71
71	74
73	76
75	77
78	87
80	86
80	89
81	85
86	89
90	98
91	95
91	97
93	99
94	96
100	108
101	104
102	103
103	105
108	109
111	115
112	120
113	118
113	121
116	120
119	120
122	124
123	127
124	126
124	128
126	130
127	129
129	130
131	132
133	134
134	138
136	140
136	141
142	151
143	151
143	152
145	146
153	157
153	163
154	157
154	158
154	165
157	158
163	164
168	177
168	178
169	175
171	172
171	174
175	177
179	187
180	185
182	183
182	186
184	188
192	193
192	198
195	196
195	199
199	200
202	209
204	209
205	209
208	210
208	211
210	212
213	215
215	216
215	217
215	220
215	223
216	222
224	229
226	232
227	233
230	233
234	240
234	241
235	242
236	240
240	241
242	244
246	251
246	254
247	248
247	249
248	250
248	253
248	254
248	255
250	251
250	253
250	255
251	252
253	255
257	259
258	262
258	266
259	263
259	264
259	268
260	265
263	267
266	267
270	274
271	276
271	277
273	274
