\\ machines
10
\\ max power
100
\\ Jobs in machine 1
12
J1	14	5	85	17	0.7370538827812467
J2	14	3	105	12	1.0733369228877492
J3	16	11	73	5	0.6500205094846799
J4	14	6	18	18	0.1
J5	15	4	88	8	1.4626780036582516
J6	14	6	41	13	1.6145322595538465
J7	14	1	100	3	1.2011530815291926
J8	15	8	18	1	0.5564647549778865
J9	14	11	53	18	1.5882730435973533
J10	13	6	58	15	0.5385450978947084
J11	14	9	63	13	0.9640791540567688
J12	15	13	47	14	1.7961981859144989
\\ Jobs in machine 2
11
J13	14	14	12	3	0.5040623386024105
J14	16	11	55	19	1.6630416290528554
J15	14	9	99	15	1.0795885839151838
J16	15	8	41	19	1.117988287186054
J17	15	10	53	8	0.1
J18	15	2	63	23	0.929935262337736
J19	14	11	92	18	1.8882076792444549
J20	13	9	84	15	0.7724733919340838
J21	15	9	37	14	1.674071158120023
J22	15	2	95	3	1.4701347889247445
J23	14	13	14	25	1.3763212113654828
\\ Jobs in machine 3
11
J24	15	11	109	9	0.5909208981083013
J25	13	3	45	16	1.948831755645562
J26	14	4	53	18	0.2462750903041463
J27	15	12	23	1	1.9956845531807241
J28	15	13	79	12	1.0250865723235607
J29	16	12	19	21	0.7308263785303788
J30	15	8	79	18	2.1333253217906907
J31	16	13	20	20	1.357363807685998
J32	14	2	35	20	1.6728733565526983
J33	15	14	9	13	1.2438715879074722
J34	16	5	75	11	0.686406301023487
\\ Jobs in machine 4
10
J35	14	3	61	7	1.446964241357918
J36	14	13	6	25	0.8750028132633048
J37	15	9	40	13	0.5777786506832244
J38	16	9	14	16	1.2533980721048883
J39	13	14	72	20	0.8495639249545228
J40	15	6	72	12	0.699115027299009
J41	14	9	95	25	1.718941292738871
J42	13	12	81	13	1.276386355732271
J43	14	9	61	19	0.9159141077284161
J44	14	10	41	4	1.112241297635244
\\ Jobs in machine 5
11
J45	17	5	6	3	0.9727364898706063
J46	15	2	62	15	0.9860829134412175
J47	16	5	31	17	1.5795597747660965
J48	15	11	10	24	1.1040011136560586
J49	14	11	40	14	1.9886580062942856
J50	15	6	87	21	2.07820235545235
J51	15	3	94	20	1.609135805046229
J52	15	14	37	7	1.0084977855019974
J53	15	11	17	19	1.6760116996263643
J54	16	2	26	20	0.7728909265886548
J55	14	10	21	19	1.054677351004299
\\ Jobs in machine 6
12
J56	14	9	16	12	1.949764669106542
J57	15	10	39	15	0.4428444425103789
J58	14	5	81	18	1.7886510451308377
J59	15	5	96	13	1.8638020235127302
J60	13	9	40	1	0.47836230002913505
J61	16	12	82	22	1.2471728647771056
J62	13	6	80	16	1.6219082318096287
J63	15	12	24	1	1.710236827632878
J64	15	2	34	23	1.6608432423668633
J65	15	12	75	9	1.7394625230002827
J66	14	7	30	2	1.1535563301098906
J67	14	6	97	15	1.4944907637913687
\\ Jobs in machine 7
11
J68	14	4	68	1	1.8949979976058984
J69	15	2	55	3	1.183159279247933
J70	16	5	103	1	0.6283945132135943
J71	13	5	89	22	2.0334116752701816
J72	15	10	69	12	1.129992757955307
J73	15	11	100	14	1.624468465277865
J74	14	4	93	18	1.9959633519473403
J75	14	12	33	6	1.6193427803293734
J76	14	1	69	17	1.7346752655177053
J77	14	4	46	8	0.864448050728762
J78	15	3	7	6	1.1427806888394847
\\ Jobs in machine 8
12
J79	15	10	102	15	1.616389239726112
J80	15	8	101	16	1.448838989587815
J81	15	13	67	23	1.1341644054227444
J82	15	4	86	10	1.637073006799719
J83	14	7	70	4	0.4239474498724243
J84	15	1	49	14	1.3170380293440662
J85	15	5	39	22	1.1313450790154003
J86	15	14	11	25	1.7719850734406322
J87	15	3	97	6	1.1055275115451473
J88	14	13	101	16	1.0763851101190711
J89	15	6	40	22	1.3674562869447706
J90	15	3	92	16	1.6866703836515025
\\ Jobs in machine 9
11
J91	14	12	84	19	1.2096956695890293
J92	15	8	105	24	1.1479498715017644
J93	14	9	74	2	0.6763285409270492
J94	15	4	86	24	1.9619363157052032
J95	14	9	98	16	1.2038378980227247
J96	15	9	77	2	1.4050735191512267
J97	18	1	68	6	1.5743606572121214
J98	15	1	31	2	0.8192391248278461
J99	14	5	92	16	1.892210125725259
J100	13	9	44	11	0.1649510473934943
J101	14	8	66	2	1.6826805030527467
\\ Jobs in machine 10
11
J102	14	9	46	5	1.7889273240469747
J103	14	2	42	24	1.8390634023751273
J104	15	4	28	3	0.12545116586632687
J105	15	5	108	2	0.29909460192313164
J106	15	2	69	24	0.48770426326062877
J107	15	7	3	25	2.0656337314611517
J108	14	5	97	20	0.20184842171258466
J109	15	1	22	13	0.7935463358783053
J110	15	8	17	12	1.1327738124288078
J111	15	14	71	3	0.5111014321520824
J112	13	14	68	20	0.9373431802926002
\\ Dependencies 
407
1	3
1	4
1	5
1	6
1	7
1	8
1	9
1	10
1	11
2	3
2	4
2	5
2	6
2	7
2	8
2	9
2	10
2	12
3	5
3	6
3	8
3	9
3	10
3	11
3	12
4	5
4	6
4	8
4	9
4	10
4	11
4	12
5	6
5	7
5	8
5	9
5	12
6	11
7	10
7	12
9	11
10	11
10	12
11	12
13	15
13	16
13	17
13	18
13	20
13	21
13	22
14	15
14	16
14	17
14	20
14	21
14	23
15	17
15	18
15	20
15	21
15	22
15	23
16	17
16	18
16	20
16	22
16	23
17	18
17	20
17	21
17	22
18	19
18	23
19	20
19	21
19	22
20	21
20	22
20	23
21	22
21	23
22	23
24	25
24	26
24	29
24	30
24	31
24	32
24	33
24	34
25	26
25	27
25	28
25	31
25	32
25	33
26	27
26	28
26	29
26	30
26	31
26	32
26	34
27	29
27	30
27	31
27	33
27	34
28	29
28	30
28	32
28	33
28	34
29	30
29	31
29	32
29	33
29	34
30	31
30	32
30	33
30	34
31	32
31	33
31	34
32	34
33	34
35	36
35	37
35	39
35	40
35	41
35	42
35	44
36	37
36	38
36	39
36	40
36	43
36	44
37	38
37	39
37	40
37	41
37	43
38	39
38	40
38	41
38	42
39	41
39	43
39	44
40	41
40	42
40	43
40	44
41	42
41	43
42	43
43	44
45	46
45	48
45	51
45	52
45	53
45	55
46	49
46	50
46	51
46	53
46	54
46	55
47	48
47	52
47	53
48	49
48	52
48	53
49	50
49	53
50	51
50	52
50	53
50	55
51	52
51	53
51	55
52	53
52	54
52	55
53	55
54	55
56	57
56	58
56	59
56	61
56	62
56	65
56	67
57	59
57	61
57	62
57	63
57	64
57	65
57	66
58	59
58	60
58	61
58	62
58	66
58	67
59	61
59	62
59	63
59	64
59	65
59	66
59	67
60	61
60	62
60	63
60	64
61	62
61	64
61	65
62	63
62	64
62	65
62	67
63	64
63	66
63	67
64	65
64	66
64	67
65	66
66	67
68	70
68	73
68	74
68	75
68	76
68	77
69	71
69	72
69	73
69	74
69	75
69	76
69	77
69	78
70	71
70	72
70	73
70	74
70	75
70	76
70	77
70	78
71	72
71	76
71	78
72	73
72	74
72	77
72	78
73	74
73	75
73	76
73	77
73	78
74	75
74	76
74	77
74	78
75	76
75	78
76	78
77	78
79	80
79	81
79	84
79	85
79	86
79	87
79	88
79	89
79	90
80	82
80	83
80	85
80	86
80	90
81	82
81	83
81	84
81	85
81	86
81	87
81	89
81	90
82	83
82	84
82	85
82	86
82	87
82	88
82	89
82	90
83	84
83	85
83	86
83	87
83	89
84	86
84	87
84	88
84	89
84	90
85	87
85	88
85	89
85	90
86	88
86	89
86	90
87	89
87	90
88	90
91	92
91	93
91	94
91	95
91	96
91	97
91	100
91	101
92	93
92	94
92	96
92	97
92	100
93	100
93	101
94	95
94	96
94	97
94	98
94	99
94	100
95	96
95	98
95	100
96	97
96	98
96	99
97	98
97	99
97	100
97	101
98	99
98	101
99	100
100	101
102	103
102	104
102	105
102	106
102	107
102	108
102	109
102	111
102	112
103	104
103	105
103	106
103	107
103	109
103	110
103	112
104	105
104	106
104	108
104	109
104	110
104	111
104	112
105	107
105	109
105	110
106	109
106	110
106	111
106	112
107	108
107	109
107	110
107	112
108	110
108	111
108	112
109	110
109	111
110	111
111	112
