\\ machines
15
\\ max power
150
\\ Jobs in machine 1
10
J1	15	9	96	73	0.2518084095201094
J2	14	7	102	101	0.9479041345842946
J3	14	13	46	100	1.1204849688718992
J4	12	11	26	108	0.48589427015279896
J5	14	8	53	29	1.048688134004668
J6	14	3	54	41	0.507419628595997
J7	15	2	98	107	1.7777111988325263
J8	15	14	11	25	0.691154198613321
J9	14	6	41	59	0.8018633221927456
J10	16	10	91	103	1.6355884465592705
\\ Jobs in machine 2
11
J11	14	11	109	50	1.1833094803032784
J12	15	7	66	69	1.245695284996051
J13	15	7	18	9	1.379430520267591
J14	15	9	73	34	1.5566400693411662
J15	14	10	44	39	0.5273001443226735
J16	15	11	56	86	1.0626946537368462
J17	14	12	106	108	1.3601202758809103
J18	13	2	34	105	1.5108280394986957
J19	15	6	47	32	0.9025878282909972
J20	13	11	70	8	0.3361959118110539
J21	12	11	61	81	2.239161620071882
\\ Jobs in machine 3
11
J22	14	8	101	42	1.6924360862390655
J23	16	10	32	7	1.3182150563833306
J24	16	12	56	52	1.472407857083318
J25	16	12	101	113	1.409242698817441
J26	17	14	69	43	0.8137303963015032
J27	11	6	22	87	1.9221074612240743
J28	14	14	87	74	2.0005587460062317
J29	15	13	96	66	0.6471027341283115
J30	15	10	88	71	0.2297363242065359
J31	14	12	45	18	1.3668572183270962
J32	14	6	100	41	0.9011925326583619
\\ Jobs in machine 4
9
J33	14	11	104	3	1.7734567356242144
J34	16	14	13	59	1.451404902856474
J35	13	5	5	111	0.35257395140797576
J36	15	8	65	74	1.7496099185563971
J37	14	10	94	66	1.4086093214448188
J38	12	12	50	75	1.4507864413466687
J39	16	7	56	26	0.9788457660961737
J40	15	3	75	83	0.6839837793821653
J41	15	4	5	110	1.1190104213207281
\\ Jobs in machine 5
10
J42	14	4	4	21	1.4845928267326274
J43	17	7	73	18	1.2289420886477989
J44	13	1	10	67	0.26953835398050985
J45	14	4	98	35	1.2442976479611885
J46	15	11	40	8	1.4511925381207198
J47	14	8	9	51	0.8080863347372262
J48	16	1	43	44	1.0340671011533764
J49	17	12	56	6	1.3826891423860095
J50	13	5	42	39	0.7121419768086839
J51	14	8	81	68	1.8506066299232504
\\ Jobs in machine 6
11
J52	15	8	109	3	1.2970564109409743
J53	15	13	100	71	1.612197023163919
J54	13	5	106	69	1.9996797935500878
J55	15	7	54	39	1.4966887144050665
J56	14	3	92	96	1.1361472339832155
J57	15	9	48	93	1.7084964502482585
J58	16	2	27	18	0.8356233675094107
J59	15	8	40	96	0.4366417032435327
J60	14	9	27	107	1.1281067169208214
J61	14	7	98	62	2.1513416598327764
J62	15	8	62	95	0.6872836350522677
\\ Jobs in machine 7
8
J63	14	7	76	67	2.22312402819328
J64	14	13	99	78	1.754345231803255
J65	15	3	7	37	1.2764802957629762
J66	16	8	55	90	1.6589746023758754
J67	16	4	30	67	1.2754052133433762
J68	14	2	25	112	1.4427834119232807
J69	13	6	39	74	1.6203677219826478
J70	15	1	106	27	1.0738361112736834
\\ Jobs in machine 8
12
J71	14	7	49	20	1.258737800017119
J72	14	8	75	63	0.4534872190608733
J73	15	6	27	54	1.5488945595726658
J74	16	10	69	51	0.798073754775799
J75	15	2	62	76	0.15878066537777125
J76	14	2	89	98	1.2819375865152502
J77	16	6	68	33	1.799193510345166
J78	13	2	102	37	1.445090434337887
J79	15	7	82	46	1.3227285122037418
J80	15	5	5	81	1.226801687249581
J81	16	11	45	90	0.823890930057306
J82	15	9	101	109	1.5530919942847818
\\ Jobs in machine 9
13
J83	16	2	19	15	1.3071583753709162
J84	15	1	46	8	1.7560479490360157
J85	15	8	75	10	1.1021448746521327
J86	14	2	71	3	1.3021716423522829
J87	13	1	15	63	1.1892592790449934
J88	14	13	22	93	1.2092876866600095
J89	15	5	70	92	0.9005321384403914
J90	13	9	100	3	0.8363006255893103
J91	14	1	77	21	1.3579221768604863
J92	14	5	107	7	1.337657541016086
J93	14	14	102	12	0.777226137416362
J94	14	7	37	57	1.0465002541044162
J95	16	9	88	61	1.0301690208532193
\\ Jobs in machine 10
10
J96	14	3	34	55	0.3867057110251655
J97	14	1	23	26	0.7750896920683799
J98	16	1	34	70	0.8247714706173683
J99	16	10	54	80	0.6569493072791309
J100	16	2	95	89	0.8426354255774378
J101	15	10	55	10	1.7737626884117543
J102	15	7	34	93	1.6045188207623207
J103	15	14	43	20	0.9829210598011826
J104	14	2	3	42	1.1339508125599145
J105	14	6	55	54	1.573211299677911
\\ Jobs in machine 11
10
J106	13	8	107	19	1.0966589747910311
J107	15	1	7	88	1.1479172658012164
J108	14	9	21	21	0.786815882526912
J109	15	1	31	70	2.4912074624617366
J110	12	2	69	77	0.6467555156107985
J111	16	14	14	41	0.8048651668966187
J112	14	12	74	93	0.8244728979875524
J113	16	9	50	5	1.0428193886440418
J114	14	9	41	107	0.5668665417394428
J115	15	13	56	76	1.933340518205044
\\ Jobs in machine 12
12
J116	17	5	98	90	1.2053898098373415
J117	14	14	39	87	1.1811586490114099
J118	14	9	40	69	0.685807738088617
J119	14	13	96	33	1.8721233889537596
J120	15	6	75	42	0.5697550311139267
J121	15	12	5	13	1.0192481962224944
J122	12	12	37	67	1.6178472587362054
J123	16	2	93	38	0.9376710366953604
J124	16	12	56	74	1.338983017500343
J125	15	4	38	53	0.1
J126	15	14	21	8	1.0303515534814511
J127	15	8	88	74	1.4126632084089688
\\ Jobs in machine 13
12
J128	15	10	97	13	1.2690384566522386
J129	13	4	24	103	2.2764231275448683
J130	14	9	95	112	0.993484069476677
J131	15	8	43	7	1.226798304498943
J132	13	10	83	112	1.182629829438989
J133	17	13	52	30	2.0890730850793306
J134	13	2	47	102	1.3452977386378973
J135	15	4	41	42	1.3770524277991898
J136	16	5	107	30	2.0650571036648295
J137	14	3	36	82	1.785585479732302
J138	14	1	21	43	1.0010445977025964
J139	15	6	43	15	1.4074490955696126
\\ Jobs in machine 14
12
J140	16	10	84	1	0.8436608869464259
J141	14	12	88	48	0.8892180646692268
J142	15	2	23	95	1.8024644843959028
J143	14	7	2	54	1.0190773508684927
J144	15	14	108	62	1.1610624328028678
J145	13	4	96	20	1.4597529056469947
J146	17	14	95	8	1.1496022518570586
J147	16	8	5	26	1.0569131712253244
J148	14	2	26	100	0.7798301529027798
J149	15	13	83	6	1.4079659280711136
J150	14	14	86	87	1.174852157558436
J151	14	4	40	65	1.1681901113889945
\\ Jobs in machine 15
12
J152	14	1	30	33	1.2418267668524723
J153	13	14	36	66	1.862658204429838
J154	15	10	19	49	0.5400581106093612
J155	16	13	97	21	0.9556136985497167
J156	15	10	16	93	0.2525592546535791
J157	15	8	103	61	0.854700475978819
J158	13	14	100	39	1.884024933430981
J159	15	11	49	66	1.8148581168806184
J160	14	2	107	106	0.6129724295604356
J161	13	8	18	108	0.9299852482881317
J162	15	7	91	94	1.6814163460306275
J163	14	8	100	38	1.803304189945468
\\ Dependencies 
146
1	8
2	6
3	7
3	8
4	5
4	7
4	10
5	6
6	9
11	12
11	14
11	20
12	15
12	16
12	17
12	19
13	15
14	15
14	20
15	20
16	21
22	24
23	24
24	25
24	28
24	31
24	32
25	28
25	29
27	30
28	31
33	34
33	37
35	39
36	38
40	41
42	48
42	49
43	44
44	45
44	46
44	50
48	51
49	50
52	53
52	57
55	59
56	61
57	59
57	60
57	61
59	60
63	67
63	68
63	69
65	68
66	67
67	68
68	69
72	79
72	82
73	74
74	82
75	76
76	77
76	78
76	79
76	82
77	78
77	80
77	81
79	82
83	94
84	93
85	86
85	89
85	92
87	90
89	94
91	95
93	94
96	97
96	101
96	102
96	103
97	105
98	103
100	102
106	107
106	114
107	110
107	112
107	115
108	113
109	115
116	117
116	122
116	124
116	125
116	126
117	118
117	127
118	121
118	125
120	123
120	124
120	125
120	127
121	122
121	123
121	125
124	125
125	126
126	127
128	131
128	135
129	130
131	135
133	137
133	138
134	139
138	139
140	146
140	148
140	150
141	144
141	146
141	151
142	148
143	144
143	148
143	151
146	150
152	160
152	161
153	155
153	157
153	159
154	156
154	157
155	157
157	161
158	160
159	160
160	161
162	163
