\\ machines
6
\\ max power
60
\\ Jobs in machine 1
12
J1	13	5	19	7	1.6097435277133387
J2	14	10	30	1	1.6518984116467537
J3	14	10	27	12	0.8589694854346424
J4	15	1	110	6	1.664450784357747
J5	14	4	7	6	1.1144029671136213
J6	13	10	7	4	1.3237804028300841
J7	15	4	78	6	2.129679818937909
J8	15	10	103	11	1.2125660845272765
J9	14	12	21	7	1.8439264815513146
J10	15	6	107	8	1.5671548854679958
J11	14	11	48	10	0.6168400512661554
J12	14	4	56	5	1.2229049573363788
\\ Jobs in machine 2
12
J13	15	3	106	12	1.5608534560586265
J14	14	4	54	4	0.5433009830131074
J15	15	8	65	3	1.560768875120866
J16	15	6	21	3	0.29106616683284114
J17	15	9	28	14	1.3381793068774714
J18	15	8	69	8	0.9952240129766199
J19	14	9	78	12	1.5415582073679368
J20	14	3	29	4	1.6740072759275413
J21	14	10	41	7	0.8902129066298824
J22	13	7	64	5	2.065872771106596
J23	15	12	76	5	1.8460036974488137
J24	15	12	35	15	0.14289928356330006
\\ Jobs in machine 3
11
J25	16	6	80	3	1.3616765481240765
J26	15	13	19	11	0.6706197776272083
J27	14	8	99	8	0.7220412564768197
J28	16	6	109	3	1.3395320211355481
J29	14	4	109	8	1.2668933148364825
J30	14	7	106	2	0.7024535009333326
J31	14	2	60	11	0.6480290097183667
J32	15	8	90	9	0.6431998893649326
J33	16	6	10	6	0.8714652741485187
J34	14	11	85	4	1.0857774344953248
J35	14	5	54	3	1.1819250511331771
\\ Jobs in machine 4
13
J36	14	10	65	1	0.46605943449913056
J37	14	10	12	14	1.3661640442235754
J38	14	1	29	5	1.3043240561570555
J39	14	11	36	3	1.0578141558836562
J40	15	11	76	1	1.4568592006443468
J41	13	12	28	6	1.3046377754440541
J42	15	4	77	9	1.3812363449357241
J43	15	2	105	15	1.2940986871080489
J44	15	13	3	2	2.536001405170248
J45	15	8	45	12	0.4354954435635583
J46	16	1	69	15	1.3491191261800202
J47	14	11	8	15	0.7112102035015174
J48	14	10	56	12	0.4667248759885573
\\ Jobs in machine 5
9
J49	14	5	83	11	1.1528634410106635
J50	14	2	87	8	0.7394359948179874
J51	12	11	87	8	1.209812634231522
J52	14	13	11	14	1.3409977534656503
J53	15	5	63	10	2.2830308382722406
J54	13	3	80	14	1.267934544558623
J55	14	4	50	10	0.5563555267596492
J56	14	7	33	10	1.1042295062891907
J57	15	4	61	15	1.3792329034295572
\\ Jobs in machine 6
12
J58	14	7	93	5	1.1071343149562616
J59	15	11	86	15	1.4282308684052125
J60	15	8	6	5	1.0933967182386963
J61	14	13	79	13	1.5020251564032445
J62	16	5	98	1	0.8791551132004981
J63	15	2	39	12	1.5095981115475734
J64	14	6	71	10	1.1205611830681623
J65	14	2	32	11	1.9547906567849558
J66	15	8	54	12	2.036000367285329
J67	16	12	97	5	0.32596652360882705
J68	15	1	89	13	0.9407625004583478
J69	14	14	46	6	0.5005926294930598
\\ Dependencies 
164
1	2
1	6
1	9
2	4
2	6
2	7
2	11
3	9
3	11
4	6
4	8
5	6
5	8
5	12
6	11
6	12
7	8
7	11
7	12
8	9
8	12
9	11
9	12
10	11
10	12
13	14
13	16
13	17
13	18
13	21
13	22
14	15
14	16
14	22
14	24
15	16
15	18
15	19
15	22
15	23
15	24
16	17
16	18
16	19
16	21
16	22
16	23
17	21
17	23
18	19
18	20
18	23
19	21
19	23
19	24
20	21
20	22
20	23
22	24
25	26
25	29
25	30
25	33
25	34
26	27
26	30
26	31
26	34
27	33
28	31
28	32
29	31
29	33
29	34
30	31
30	32
30	34
31	34
32	35
34	35
36	39
36	40
36	42
36	43
36	44
36	45
36	47
36	48
37	40
37	42
37	43
37	46
37	47
37	48
38	39
38	41
38	45
38	47
39	41
39	45
39	46
39	47
40	41
40	42
40	45
40	47
41	42
41	44
41	46
41	47
42	44
42	46
42	47
42	48
43	45
43	46
43	48
45	47
45	48
49	52
49	57
50	53
50	55
51	52
51	53
51	54
52	56
53	55
53	56
53	57
55	56
55	57
56	57
58	61
58	63
58	64
58	66
58	68
58	69
59	60
59	61
59	63
59	65
60	63
60	66
60	68
60	69
61	62
61	63
61	66
61	68
62	65
62	66
62	67
63	65
63	67
64	65
64	66
64	68
64	69
65	66
65	67
65	68
67	69
