\\ machines
8
\\ max power
80
\\ Jobs in machine 1
10
J1	16	10	106	25	2.118016716553933
J2	13	6	70	15	1.322989088761823
J3	15	2	19	19	1.1438445127319288
J4	15	10	100	34	1.4864997288381374
J5	15	10	4	17	0.932742762416199
J6	16	14	20	4	0.9554176649491601
J7	15	9	68	22	0.9084326622524102
J8	13	10	106	21	1.5684128377088717
J9	14	2	93	24	1.2891588518862758
J10	14	12	16	12	1.4290745989406635
\\ Jobs in machine 2
13
J11	15	5	95	39	1.3665906925752107
J12	16	1	34	17	1.1168330072446127
J13	15	9	30	35	1.2109474820573833
J14	13	5	90	3	0.776877997480721
J15	15	6	28	22	1.437216754550736
J16	14	2	66	8	1.8628103199944788
J17	14	14	86	15	1.2675117190917418
J18	14	8	63	10	1.6644768786936708
J19	16	13	32	13	0.6267776567689608
J20	15	7	57	30	0.8402944584058133
J21	13	3	53	2	0.4176736680801755
J22	15	9	48	16	1.298984588040963
J23	15	4	25	14	0.8894488206066709
\\ Jobs in machine 3
11
J24	15	6	58	24	1.2313454447909211
J25	15	10	82	2	1.3365636256931286
J26	15	5	70	26	0.8535846051153652
J27	12	9	90	17	1.2880043333279199
J28	14	6	102	30	1.1478003282498102
J29	14	1	20	14	0.9454862571051488
J30	15	6	65	6	1.868879611620098
J31	14	6	43	21	0.8230550769150309
J32	14	2	42	19	1.4208836379015723
J33	15	13	77	8	0.21052117644126256
J34	13	2	3	6	1.2795758287928225
\\ Jobs in machine 4
11
J35	15	7	40	32	0.8738417133401382
J36	14	3	57	20	1.3214129671407167
J37	14	11	73	20	1.3935884150734528
J38	13	8	48	19	1.244300769252449
J39	15	9	101	33	0.80547003842921
J40	16	11	34	23	1.0510424606048971
J41	15	5	13	12	1.2356705983596858
J42	13	11	97	8	1.5391329219286387
J43	14	7	35	39	1.129718653946131
J44	14	10	100	3	1.5815557522419983
J45	16	7	53	20	1.1890904941897151
\\ Jobs in machine 5
12
J46	15	9	31	10	2.3600232330729503
J47	15	10	100	10	1.6353273687955423
J48	15	7	54	18	1.4764745576903635
J49	15	2	16	4	0.6133850932170508
J50	16	4	90	32	1.466722358192066
J51	15	7	58	20	1.6019967725703756
J52	12	5	73	15	0.6619113259769814
J53	14	9	34	7	0.3668589082594259
J54	14	10	95	37	0.6790966843868538
J55	15	5	51	11	1.9872637246413225
J56	13	9	15	36	0.8957200038494577
J57	13	8	74	21	0.8465678556218631
\\ Jobs in machine 6
11
J58	15	13	90	16	1.364450813551493
J59	15	13	82	40	0.883000371652878
J60	15	10	84	27	1.106081748950031
J61	15	1	37	25	0.17183465049147917
J62	13	1	73	30	1.1891837327527788
J63	15	13	7	34	0.900344626114904
J64	15	2	35	8	0.8974718036479794
J65	15	10	75	30	1.8683403109399377
J66	15	4	37	4	1.156423333837687
J67	15	4	31	34	1.6674268539695725
J68	14	1	84	2	1.5555410832886496
\\ Jobs in machine 7
10
J69	15	6	51	13	1.9561178485339572
J70	15	9	5	31	0.7798295939007451
J71	15	4	21	15	0.786675335186436
J72	15	9	65	7	1.7435333398371706
J73	15	10	30	18	1.0419928516633197
J74	13	14	90	22	1.1538221064217393
J75	16	11	10	23	0.6718281997145116
J76	15	11	53	15	1.011992567511133
J77	13	10	23	37	1.607702684791917
J78	16	14	96	1	0.1
\\ Jobs in machine 8
12
J79	13	14	46	10	0.6928994391651553
J80	14	4	67	19	1.0817248450341181
J81	16	3	36	26	1.3660607006459655
J82	13	12	55	36	1.1135710388810371
J83	16	12	69	24	0.9184071547843955
J84	15	7	45	2	1.8116460600705193
J85	16	7	39	23	0.75280757347094
J86	14	10	25	5	0.9589489705607126
J87	13	4	6	40	1.161016763698719
J88	14	14	81	33	1.6285300986710818
J89	14	12	69	11	0.7657395998507118
J90	14	8	53	20	1.2616870853139255
\\ Dependencies 
278
1	2
1	4
1	6
1	7
1	9
2	4
2	5
2	6
2	7
2	8
2	9
2	10
3	5
3	10
4	6
4	7
5	6
5	8
5	9
6	8
6	10
7	10
8	9
8	10
9	10
11	12
11	13
11	15
11	17
11	19
11	20
11	21
11	22
11	23
12	14
12	16
12	20
12	23
13	14
13	17
13	19
13	20
13	21
13	22
13	23
14	16
14	17
14	18
14	19
14	20
14	21
14	22
14	23
15	17
15	22
16	18
16	20
16	21
17	18
17	20
17	21
17	22
18	20
18	21
18	22
18	23
19	20
19	21
19	22
19	23
20	23
21	23
22	23
24	25
24	26
24	29
24	30
24	31
24	33
25	33
26	27
26	28
26	29
26	31
26	33
27	31
27	32
27	33
27	34
28	30
28	31
28	32
28	33
29	30
29	31
29	33
29	34
30	31
30	32
30	33
30	34
31	32
31	33
31	34
32	33
32	34
35	36
35	38
35	39
35	41
35	42
35	45
36	37
36	38
36	39
36	40
36	41
36	42
36	43
36	45
37	38
37	39
37	40
37	43
37	44
38	42
38	45
39	40
39	42
39	43
39	44
39	45
40	41
40	44
41	43
42	44
43	44
46	47
46	48
46	49
46	50
46	53
46	55
46	56
46	57
47	49
47	51
47	52
47	54
47	55
47	56
48	51
48	54
48	55
48	56
48	57
49	56
50	51
50	52
50	53
50	54
50	56
50	57
51	52
51	54
51	57
52	53
52	54
52	55
53	54
53	55
53	56
54	56
54	57
55	56
56	57
58	59
58	61
58	63
58	64
58	65
58	67
59	60
59	61
59	62
59	63
59	65
59	66
59	67
59	68
60	61
60	63
60	65
60	66
60	67
60	68
61	62
61	63
61	66
61	68
62	64
62	65
62	66
62	67
63	66
64	67
64	68
65	68
66	67
66	68
69	74
69	75
69	76
69	78
70	71
70	73
70	75
70	78
71	74
71	76
71	77
72	73
72	75
72	76
72	77
72	78
73	74
73	75
73	76
73	77
74	75
74	76
74	77
75	76
75	77
75	78
76	77
76	78
79	81
79	83
79	84
79	85
79	86
79	88
79	89
79	90
80	83
80	85
80	87
81	82
81	84
81	85
81	86
81	87
81	88
82	83
82	85
82	86
82	88
82	89
83	85
83	86
83	87
83	88
83	89
84	85
84	86
84	87
84	88
85	86
85	87
85	88
85	89
85	90
87	88
87	90
88	90
89	90
