\\ machines
7
\\ max power
70
\\ Jobs in machine 1
11
J1	14	4	16	19	1.3669967298032542
J2	14	8	46	15	0.7603057809593006
J3	13	7	92	34	0.9698664679000071
J4	15	9	50	15	1.3817949597564014
J5	14	5	18	21	1.7345626528692772
J6	15	3	13	5	0.49128229852562977
J7	15	4	80	32	2.016228731813017
J8	16	6	23	28	1.2325357567477824
J9	14	13	95	10	2.1588542961239137
J10	15	2	8	3	1.0279072358846406
J11	14	12	47	3	1.45858055640045
\\ Jobs in machine 2
12
J12	15	14	36	10	1.4752928218823214
J13	15	11	6	4	0.6341983758809134
J14	14	12	7	31	1.352888753495883
J15	15	7	44	30	0.1804365235645542
J16	15	14	98	22	1.5776644512084772
J17	15	14	65	7	1.9154739509626957
J18	13	1	9	31	0.5149997084664603
J19	15	5	73	11	1.6662798400678527
J20	16	3	46	8	0.9680240135455929
J21	14	8	87	18	1.1560233919669223
J22	15	8	63	6	1.5966651851914764
J23	15	7	86	15	1.36682549126053
\\ Jobs in machine 3
11
J24	14	11	59	22	0.994632506970135
J25	14	6	53	14	1.1340704373738995
J26	13	5	100	11	1.5915595529262676
J27	15	7	36	27	1.3487839783821156
J28	16	5	19	14	1.3529641301100863
J29	14	14	71	17	0.2961815102705604
J30	14	12	90	26	2.4377079126402705
J31	16	13	14	3	0.8103029693658312
J32	16	5	51	6	1.694586521330712
J33	14	14	56	34	1.2766416425603535
J34	15	10	72	22	0.5985739326348883
\\ Jobs in machine 4
10
J35	15	10	30	18	1.6749216417060333
J36	15	2	28	6	1.0883769746994711
J37	15	6	39	20	0.6129024877351421
J38	12	9	37	17	1.1367845653085051
J39	14	10	70	34	1.0442304370922122
J40	13	1	97	31	1.478537766656401
J41	13	13	37	28	1.3656453553868273
J42	15	4	105	22	1.7662061001868419
J43	15	3	46	11	1.4912668568630865
J44	16	12	98	1	1.3148640509188674
\\ Jobs in machine 5
12
J45	14	6	93	34	0.7604917017118398
J46	14	13	64	10	0.6257116361740761
J47	14	7	8	24	0.9760542704909402
J48	14	10	13	15	0.3151667316176807
J49	14	8	6	11	0.675630760593532
J50	15	10	13	33	1.2726457796875255
J51	15	1	29	17	1.323985227744071
J52	12	11	38	13	1.703613770704837
J53	13	8	70	30	0.8152722873310367
J54	13	10	58	2	0.9021941908411533
J55	15	4	41	26	1.4708130755461735
J56	15	3	65	13	0.21557791776724866
\\ Jobs in machine 6
12
J57	15	14	52	25	1.0205007624564895
J58	15	13	109	35	1.937784207043077
J59	15	4	71	27	1.4313594827452105
J60	14	12	103	33	1.3849152187562965
J61	15	1	55	11	0.7803766680147102
J62	14	8	25	6	1.2129974065252598
J63	14	9	69	14	1.3454470974763533
J64	14	3	88	4	1.3263992545900127
J65	14	11	90	35	0.7876345453428903
J66	15	2	52	7	2.223397281352631
J67	16	4	72	35	1.2601013669915164
J68	16	8	98	35	1.7415326301299183
\\ Jobs in machine 7
8
J69	14	4	68	4	0.7091105195018625
J70	15	7	41	14	1.0562013245447401
J71	12	1	59	14	2.295055366167369
J72	16	9	24	14	1.1131452414469893
J73	13	1	15	2	1.7713000380321275
J74	13	8	96	32	1.4484903239647589
J75	14	8	34	22	1.0791684729856503
J76	16	4	69	29	1.2010152703182322
\\ Dependencies 
349
1	2
1	3
1	4
1	5
1	6
1	7
1	9
1	10
1	11
2	3
2	4
2	5
2	6
2	7
2	8
2	9
2	10
2	11
3	4
3	5
3	6
3	7
3	8
3	10
3	11
4	5
4	6
4	7
4	8
4	9
4	10
4	11
5	6
5	7
5	8
5	9
5	10
5	11
6	7
6	8
6	9
6	10
6	11
7	8
7	9
7	10
7	11
8	9
8	10
9	10
9	11
10	11
12	13
12	14
12	15
12	16
12	17
12	18
12	19
12	20
12	21
12	22
12	23
13	15
13	16
13	17
13	18
13	19
13	20
13	23
14	15
14	16
14	17
14	18
14	19
14	20
14	21
14	22
14	23
15	16
15	17
15	18
15	20
15	21
15	22
15	23
16	18
16	20
16	21
16	22
16	23
17	18
17	20
17	21
17	22
17	23
18	20
18	21
18	22
18	23
19	20
19	21
19	22
19	23
20	21
20	22
20	23
21	22
21	23
22	23
24	25
24	26
24	28
24	29
24	30
24	31
24	32
24	33
25	26
25	27
25	28
25	29
25	30
25	31
25	34
26	27
26	28
26	30
26	32
26	33
26	34
27	28
27	29
27	30
27	31
27	32
27	33
27	34
28	29
28	30
28	31
28	32
28	33
28	34
29	30
29	31
29	32
29	33
29	34
30	31
30	32
30	33
30	34
31	32
31	33
31	34
32	33
32	34
33	34
35	36
35	37
35	38
35	39
35	40
35	41
35	42
35	43
35	44
36	37
36	38
36	39
36	40
36	41
36	42
36	43
36	44
37	38
37	39
37	40
37	41
37	42
37	43
37	44
38	39
38	40
38	41
38	42
38	43
38	44
39	40
39	41
39	42
39	43
39	44
40	41
40	42
40	43
41	42
41	43
41	44
42	43
42	44
43	44
45	46
45	47
45	48
45	49
45	50
45	51
45	52
45	53
45	54
45	55
45	56
46	47
46	48
46	49
46	50
46	51
46	53
46	54
46	55
47	48
47	49
47	50
47	51
47	52
47	53
47	54
47	55
47	56
48	49
48	50
48	51
48	53
48	54
48	55
48	56
49	50
49	51
49	52
49	53
49	54
49	55
49	56
50	51
50	52
50	53
50	54
50	55
50	56
51	52
51	53
51	54
51	55
51	56
52	53
52	54
52	55
52	56
53	54
53	55
53	56
54	55
54	56
55	56
57	58
57	59
57	60
57	61
57	62
57	63
57	64
57	65
57	66
57	67
57	68
58	59
58	60
58	61
58	62
58	63
58	64
58	65
58	67
58	68
59	60
59	61
59	63
59	64
59	65
59	66
59	67
59	68
60	61
60	62
60	63
60	64
60	65
60	66
60	68
61	62
61	64
61	65
61	66
61	67
61	68
62	63
62	64
62	65
62	66
62	68
63	64
63	65
63	66
63	67
63	68
64	65
64	66
64	67
64	68
65	67
65	68
66	67
66	68
69	70
69	71
69	73
69	74
69	75
70	71
70	72
70	73
70	74
70	75
70	76
71	73
71	74
71	75
71	76
72	73
72	74
72	75
72	76
73	74
73	75
73	76
74	76
75	76
