\\ machines
4
\\ max power
40
\\ Jobs in machine 1
12
J1	15	12	23	9	1.0569567130776898
J2	14	6	38	14	2.084149648021568
J3	14	5	37	9	1.850542293619461
J4	15	8	83	9	1.4866942057357826
J5	13	10	54	8	1.1721461413745269
J6	14	11	29	11	0.45745028080328487
J7	14	11	21	11	1.7323250979082663
J8	13	1	98	15	1.064660769098888
J9	15	11	48	1	2.091473566056275
J10	17	7	32	6	0.9080064645682824
J11	15	10	96	20	1.1870772235101505
J12	17	1	80	5	1.2385122123324006
\\ Jobs in machine 2
11
J13	13	5	88	18	1.7418551223451728
J14	14	7	31	18	0.9325838058916132
J15	11	11	46	20	1.0846761171706805
J16	16	6	69	12	1.4560482620464272
J17	13	10	92	7	1.6493075703939248
J18	14	14	12	20	0.6941911050685524
J19	15	3	103	20	1.7722215226788784
J20	14	2	11	12	1.0990450653263146
J21	14	13	101	8	1.4449102186484968
J22	14	5	35	4	1.3233617121551275
J23	16	8	62	1	1.3553029791137845
\\ Jobs in machine 3
10
J24	14	9	81	5	1.0276052774874218
J25	13	2	34	10	1.158570762163802
J26	14	4	14	2	1.17789436852738
J27	12	8	48	4	1.2015299259039813
J28	14	8	58	4	0.5417605724885318
J29	15	14	35	10	0.5028448510316302
J30	16	8	36	12	1.390684242737644
J31	14	4	106	10	1.3140334165469274
J32	15	10	99	9	0.11215340446845623
J33	13	8	30	3	0.8337558339831502
\\ Jobs in machine 4
10
J34	14	5	109	2	0.8742389782266987
J35	15	8	40	14	1.358775750936169
J36	17	4	4	13	1.6951939327863454
J37	13	13	58	10	1.2843687357539288
J38	15	14	22	15	0.6296043614350992
J39	17	3	11	1	1.3514676311210192
J40	16	8	83	19	1.1681941238848623
J41	15	11	17	12	1.3643561301694949
J42	15	3	97	9	1.287932137823133
J43	15	5	80	3	1.139625100096739
\\ Dependencies 
35
1	6
1	7
1	8
2	10
5	6
6	9
7	9
7	10
8	11
13	14
13	18
13	21
14	17
15	17
15	19
16	18
16	19
16	23
18	22
18	23
20	21
21	23
24	26
24	27
24	28
25	33
27	30
31	32
31	33
34	39
35	42
36	43
37	43
38	39
39	43
