\\ machines
7
\\ max power
70
\\ Jobs in machine 1
12
J1	14	13	39	13	0.2524289088997198
J2	16	2	82	27	2.4580831079573553
J3	16	8	19	1	1.9537530094198514
J4	15	3	53	17	1.5105236235881339
J5	13	1	79	12	1.1576031832014944
J6	16	11	49	15	1.9558653996056206
J7	14	7	22	7	1.1567219430461901
J8	14	6	63	14	1.0341916560873246
J9	13	10	53	20	1.3709550784419988
J10	15	4	81	9	1.4476936816670796
J11	14	8	24	20	0.5985446134436585
J12	14	3	60	24	0.8367453975587671
\\ Jobs in machine 2
12
J13	12	5	22	5	0.6578673683106194
J14	15	6	78	20	0.9198223974956226
J15	15	6	47	7	1.647121419802235
J16	16	6	47	16	1.3601216611350706
J17	13	4	44	20	0.7701829065350478
J18	14	1	96	28	1.232781692789318
J19	15	14	17	22	1.2886473560533322
J20	15	5	70	27	1.216271403418725
J21	13	6	42	24	0.31526061607387323
J22	14	8	105	15	1.7032306913791442
J23	15	5	18	29	1.4739082358712625
J24	14	1	9	30	0.19393446642902923
\\ Jobs in machine 3
11
J25	13	3	88	13	1.1454813822387488
J26	17	10	19	8	1.5449150493546875
J27	13	8	104	4	1.2874381365840601
J28	13	8	7	29	1.8770982235577838
J29	16	5	35	2	1.0017278178412148
J30	16	12	17	1	2.006209678081649
J31	14	6	54	2	1.809991556245301
J32	14	11	23	35	1.0364463678657256
J33	15	1	61	1	1.085359787148384
J34	14	9	96	28	0.8219987565530085
J35	17	11	25	19	1.1534978529534867
\\ Jobs in machine 4
11
J36	15	4	90	27	1.143669152748915
J37	14	10	27	1	1.9490520373201314
J38	16	12	103	6	1.4190954254619377
J39	16	10	3	6	0.2914236907469059
J40	17	4	97	8	0.1
J41	15	12	3	1	1.5769790693370926
J42	13	9	17	31	0.554798820293387
J43	14	6	13	10	1.48836364428956
J44	15	14	55	9	0.9539761244428284
J45	15	5	24	7	1.7446787628968754
J46	16	10	19	27	2.0605814713097383
\\ Jobs in machine 5
12
J47	15	3	5	22	1.2291014080185136
J48	13	4	89	3	1.3186899659705873
J49	14	6	93	26	1.3320204238790097
J50	15	12	102	34	0.535968238680413
J51	14	5	77	1	1.0438729147579222
J52	14	5	95	31	2.325443369414077
J53	13	10	10	7	1.0408507401072982
J54	14	11	61	5	1.3158055292203104
J55	14	4	109	18	1.0847025235583212
J56	14	5	79	4	1.335544208531911
J57	15	5	20	7	1.1883599630947912
J58	13	1	60	31	0.31549076381498664
\\ Jobs in machine 6
10
J59	14	8	63	26	1.256638111705691
J60	15	13	55	5	2.2017698061313125
J61	15	8	12	35	1.7082727416385697
J62	15	14	30	16	1.2547130329215095
J63	15	3	41	7	1.156677483238771
J64	16	1	65	28	1.5798292538968377
J65	17	14	57	34	1.1617009933888012
J66	14	11	15	13	1.7114781562720502
J67	14	7	2	26	1.3462016037147346
J68	16	13	22	32	1.1762017298718292
\\ Jobs in machine 7
12
J69	14	2	43	26	1.0219922299625563
J70	13	4	84	35	1.9855539075149284
J71	15	2	52	27	0.36563885425605813
J72	15	11	92	6	1.177868858254804
J73	16	12	110	11	1.3245662773692082
J74	13	6	98	6	1.2454541757974695
J75	14	5	51	23	2.2560316562225777
J76	14	7	80	30	0.7295203531408454
J77	15	14	28	6	1.2048735122263634
J78	14	1	50	35	1.954614956150074
J79	14	5	104	17	1.4201498907586327
J80	14	9	35	3	1.7403773401973597
\\ Dependencies 
330
1	2
1	3
1	5
1	7
1	11
2	3
2	4
2	5
2	7
2	8
2	10
2	11
2	12
3	4
3	5
3	6
3	7
3	8
3	10
3	11
3	12
4	5
4	6
4	7
4	8
4	9
4	10
4	11
4	12
5	6
5	7
5	8
5	9
5	11
5	12
6	7
6	8
6	9
6	10
6	11
6	12
7	8
7	10
7	11
8	9
8	12
9	10
9	11
9	12
10	11
10	12
11	12
13	15
13	16
13	17
13	19
13	20
13	21
13	22
13	23
13	24
14	15
14	16
14	18
14	19
14	22
14	23
15	18
15	20
16	17
16	18
16	19
16	20
16	21
16	22
16	23
16	24
17	18
17	19
17	20
17	21
17	23
17	24
18	19
18	20
18	23
18	24
19	20
19	21
19	22
19	23
19	24
20	21
20	23
20	24
21	22
21	23
21	24
22	23
22	24
23	24
25	26
25	28
25	29
25	30
25	33
25	34
25	35
26	27
26	28
26	29
26	30
26	31
26	32
26	33
26	34
26	35
27	28
27	29
27	30
27	32
27	34
27	35
28	30
28	31
28	32
28	33
28	34
28	35
29	31
29	32
29	33
29	34
29	35
30	31
30	32
30	33
30	34
31	32
31	33
31	34
31	35
32	33
32	34
32	35
33	35
36	37
36	38
36	39
36	40
36	41
36	42
36	44
36	45
36	46
37	39
37	40
37	41
37	42
37	45
37	46
38	40
38	42
38	43
38	44
38	45
38	46
39	40
39	41
39	42
39	43
39	44
39	45
40	41
40	43
40	44
40	45
40	46
41	43
42	43
42	44
42	45
43	44
43	46
44	45
44	46
45	46
47	48
47	49
47	51
47	54
47	57
47	58
48	49
48	50
48	52
48	53
48	54
48	55
48	56
48	57
48	58
49	50
49	51
49	52
49	53
49	54
49	55
49	56
49	57
49	58
50	51
50	52
50	53
50	54
50	55
50	56
50	57
50	58
51	52
51	53
51	54
51	55
51	56
51	57
51	58
52	53
52	54
52	56
52	57
53	54
53	55
53	56
53	57
54	55
54	56
54	57
54	58
55	57
55	58
56	57
56	58
57	58
59	61
59	63
59	64
59	65
59	68
60	64
60	65
60	66
60	67
61	62
61	63
61	64
61	65
61	67
61	68
62	63
62	65
62	66
62	67
63	65
63	66
63	67
63	68
64	65
64	67
64	68
65	66
65	67
65	68
66	68
67	68
69	70
69	71
69	72
69	73
69	74
69	75
69	77
69	78
69	79
69	80
70	72
70	74
70	75
70	76
70	77
70	79
70	80
71	72
71	73
71	74
71	75
71	76
71	77
71	78
71	79
72	73
72	74
72	75
72	76
72	77
72	78
72	79
73	74
73	75
73	76
73	77
73	79
74	75
74	77
74	78
74	80
75	76
75	77
75	78
75	79
75	80
76	77
76	78
76	79
76	80
77	78
77	79
77	80
78	79
78	80
79	80
