\\ machines
7
\\ max power
70
\\ Jobs in machine 1
11
J1	14	14	50	6	0.607278763489366
J2	15	13	60	35	1.0921582722436947
J3	15	13	52	2	1.7852042475139855
J4	13	3	25	30	1.1634369028083305
J5	14	8	54	32	0.37175952842991933
J6	15	7	5	22	0.1
J7	16	8	90	2	0.3697147456301715
J8	14	11	61	10	1.7548820671448957
J9	15	7	42	28	1.3841847082160714
J10	15	7	13	14	0.5019196352316274
J11	16	6	42	18	1.9401249805246823
\\ Jobs in machine 2
11
J12	17	14	26	20	1.089255920634059
J13	13	14	4	26	1.0149698789736976
J14	13	12	7	16	1.5336889894246564
J15	14	7	95	27	1.3640142490137817
J16	13	13	64	17	1.0163201150915082
J17	14	14	12	10	0.7768865841924303
J18	13	9	23	26	0.9511436001170195
J19	12	11	72	12	0.7825503309596078
J20	15	7	16	8	1.5440796166488935
J21	15	12	73	23	0.13854521568882605
J22	16	5	65	4	1.8301275810232824
\\ Jobs in machine 3
11
J23	13	1	4	29	1.4659944882659781
J24	13	7	94	16	1.4833525967549928
J25	16	3	66	29	0.7460931206365142
J26	14	6	32	10	1.7314287402592528
J27	15	10	47	7	1.2812223363731723
J28	16	14	48	23	1.8967898702418369
J29	14	1	28	3	0.8838191617062623
J30	16	6	96	19	1.4559032043760167
J31	15	3	12	11	0.9974928460303008
J32	14	7	108	1	2.198900259920435
J33	15	6	86	4	1.8841356805122191
\\ Jobs in machine 4
13
J34	13	3	56	10	1.0879692971497712
J35	15	5	104	22	0.8698519589384447
J36	13	12	53	26	1.8912506166440615
J37	14	13	82	31	2.0143533159453826
J38	13	6	61	25	0.6395001585254239
J39	14	6	62	19	0.9620539077807936
J40	14	9	27	18	0.21556788159404106
J41	15	12	71	5	1.2911898402205084
J42	14	10	80	7	0.5306068463910453
J43	16	14	58	30	2.492784427676152
J44	13	1	72	24	1.2010137898668423
J45	14	13	75	30	0.2670101876550456
J46	14	2	102	28	1.6160816118052783
\\ Jobs in machine 5
12
J47	16	10	73	17	0.7393439311396078
J48	13	5	36	14	1.134329306747344
J49	15	6	4	16	1.1421926294117295
J50	13	12	2	14	0.733687905567194
J51	16	10	85	28	0.7704089416582587
J52	15	1	30	7	1.0009947837611763
J53	14	5	28	32	0.24976707595958347
J54	16	4	92	21	1.067712441431669
J55	13	11	106	22	1.1662264526872201
J56	16	7	65	27	1.3107352568558812
J57	14	13	14	5	1.189142566824
J58	16	2	7	23	0.8112027969430069
\\ Jobs in machine 6
12
J59	14	10	49	23	0.8938770876865694
J60	15	10	3	10	0.9189986263930894
J61	15	6	66	31	1.8640565534988913
J62	15	7	96	1	0.9255090695459042
J63	14	2	78	15	1.2366668197231145
J64	13	1	78	27	1.2271582052283185
J65	16	8	101	34	1.3833733957195125
J66	14	14	38	11	1.0974881019277203
J67	14	8	70	17	1.2026405471685473
J68	14	13	52	4	1.6948759160927462
J69	13	3	23	34	0.13610839641968542
J70	13	1	7	20	1.6759761183027566
\\ Jobs in machine 7
11
J71	14	4	76	27	1.5743313239312589
J72	14	12	93	35	0.31993649278228853
J73	14	7	87	20	1.1239640718513182
J74	14	12	105	29	1.4248835237630006
J75	15	4	62	2	1.0308831066490574
J76	13	6	18	23	1.0108512258182127
J77	14	3	61	13	1.0746112932120027
J78	14	7	5	35	0.5988552167323759
J79	14	6	64	17	1.0042759132937413
J80	16	2	74	10	0.9331131086130005
J81	15	10	7	20	0.7830750852864996
\\ Dependencies 
128
1	2
1	3
1	4
3	4
3	8
3	11
4	5
4	6
4	8
4	10
5	8
6	8
7	8
7	11
8	10
9	11
12	15
12	16
12	17
12	19
13	16
13	17
13	20
13	22
14	16
14	17
15	19
15	20
16	19
17	20
17	21
18	19
18	22
19	22
20	21
23	26
23	28
23	32
24	26
25	28
25	30
25	31
25	32
26	29
26	30
26	32
26	33
27	29
27	31
27	33
28	29
28	30
28	31
29	30
29	31
30	31
30	32
34	35
34	36
34	41
34	43
34	44
34	45
35	41
35	42
35	44
36	38
36	40
36	41
36	42
37	38
37	40
37	43
37	45
37	46
38	42
38	46
42	43
42	45
45	46
47	49
47	58
48	51
48	52
49	53
50	52
50	54
51	53
51	54
52	56
52	58
53	55
53	58
54	56
59	60
59	62
59	64
59	68
59	69
60	61
60	64
61	62
61	64
61	67
61	68
62	64
63	69
64	66
64	70
65	68
65	69
65	70
67	68
68	69
68	70
71	76
71	78
71	79
71	80
72	74
73	81
74	79
75	81
76	78
77	80
78	79
78	80
79	81
