\\ machines
6
\\ max power
60
\\ Jobs in machine 1
11
J1	16	12	102	20	0.7305813325738424
J2	15	5	41	27	1.6488126851002785
J3	15	9	70	8	1.133477858869352
J4	15	11	99	12	0.8651560398875691
J5	15	2	40	2	1.2780781821957443
J6	14	14	62	28	1.4641730281534209
J7	15	1	90	18	1.6558151333035989
J8	16	11	84	20	1.420728625292129
J9	14	6	103	23	0.19040413499323572
J10	15	13	51	13	1.3069902353470477
J11	15	13	94	25	1.2508247198215026
\\ Jobs in machine 2
11
J12	17	2	12	22	0.512500610002115
J13	16	13	42	22	0.20219154305963083
J14	14	2	97	16	0.24121117070975084
J15	13	7	20	23	0.8059636517205158
J16	14	8	83	22	2.299944023298763
J17	12	12	47	23	0.3031814923292788
J18	15	3	109	10	0.8745787147644069
J19	14	5	102	21	1.0739247848315288
J20	14	9	63	6	0.6109697080444725
J21	16	13	98	13	1.6606201696116005
J22	13	7	49	21	1.056684576607096
\\ Jobs in machine 3
9
J23	15	14	24	11	1.4791203859780708
J24	13	5	80	4	0.9921770994782573
J25	14	2	9	29	0.9501544427216511
J26	14	13	54	1	1.429215100897001
J27	15	11	49	28	0.871292826054473
J28	15	13	104	1	1.193860857202023
J29	14	1	77	10	0.8494742402281094
J30	15	13	60	29	1.208714051929179
J31	14	2	71	20	0.9210482989750137
\\ Jobs in machine 4
12
J32	16	8	88	19	0.79028110119771
J33	12	7	89	2	0.8505869117213074
J34	14	8	94	13	1.6480031823024075
J35	14	8	25	27	1.5248994543345524
J36	15	9	9	1	1.2639879362515454
J37	15	11	20	26	1.6365685943928703
J38	15	5	103	29	1.8737673903777372
J39	15	5	48	8	0.8658490457020886
J40	13	13	99	24	0.5490664213407218
J41	13	7	77	27	1.5914892875746196
J42	14	8	85	8	1.6012207653011399
J43	15	7	18	22	1.339199489688811
\\ Jobs in machine 5
12
J44	16	4	12	5	1.6123565334218986
J45	13	14	67	7	1.0665618879355934
J46	15	14	90	6	1.9208550945042029
J47	13	14	93	14	1.0331180965485407
J48	15	10	110	1	2.392130948284426
J49	13	11	60	17	1.0986055544480333
J50	15	8	80	20	0.41689780024805223
J51	14	3	108	15	0.4837707754471916
J52	13	10	73	6	1.283849961673112
J53	16	14	3	21	0.7596920985377504
J54	14	14	108	23	1.283764075245174
J55	15	9	81	22	1.0246890611743331
\\ Jobs in machine 6
11
J56	16	8	48	6	1.418794213310133
J57	14	13	92	17	0.16117448877598828
J58	16	10	110	24	0.8924711788150905
J59	14	8	67	20	1.642140744216715
J60	16	13	63	21	0.4161251683038255
J61	16	4	60	2	0.860322890261718
J62	14	9	95	12	1.4026924721410472
J63	16	12	104	1	1.8460073005892939
J64	15	10	27	21	1.195401022207785
J65	15	7	36	19	0.9260392767036912
J66	15	3	50	18	0.9592467322841318
\\ Dependencies 
242
1	2
1	4
1	5
1	6
1	8
1	9
2	3
2	5
2	6
2	7
2	8
2	10
2	11
3	7
3	8
3	10
3	11
4	5
4	6
4	7
4	8
4	10
5	6
5	7
5	11
6	7
6	8
6	9
6	10
7	11
8	9
8	10
8	11
9	10
10	11
12	14
12	15
12	16
12	17
12	18
12	19
12	20
12	21
12	22
13	14
13	18
13	19
13	20
13	21
13	22
14	16
14	18
14	19
14	20
14	21
14	22
15	16
15	17
15	18
15	19
15	20
15	22
16	17
16	18
16	19
16	20
16	21
16	22
17	18
17	19
17	21
17	22
18	20
18	21
19	20
19	21
19	22
20	21
21	22
23	24
23	25
23	26
23	27
23	30
24	25
24	26
24	27
24	28
24	29
25	26
25	27
25	28
25	29
25	30
26	27
26	28
26	29
26	30
27	29
27	31
28	29
28	30
28	31
29	30
29	31
30	31
32	33
32	34
32	35
32	37
32	39
32	40
32	41
32	43
33	35
33	36
33	38
33	40
33	41
33	42
33	43
34	35
34	36
34	40
34	41
34	42
34	43
35	36
35	37
35	38
35	39
35	40
35	41
35	42
35	43
36	37
36	39
36	40
36	43
37	38
37	40
37	41
37	42
38	39
38	40
38	43
39	40
39	42
40	43
44	45
44	46
44	47
44	48
44	49
44	50
44	52
44	54
45	47
45	48
45	49
45	50
45	55
46	48
46	50
46	51
46	53
46	55
47	48
47	49
47	50
47	51
47	52
47	53
47	54
47	55
48	50
48	51
48	52
48	53
48	54
48	55
49	50
49	52
49	53
49	55
50	51
50	52
50	53
50	55
51	52
51	54
51	55
52	55
53	54
53	55
54	55
56	57
56	58
56	59
56	60
56	62
56	63
56	65
56	66
57	58
57	59
57	60
57	62
57	63
57	64
57	65
57	66
58	59
58	60
58	61
58	62
58	64
58	65
58	66
59	60
59	61
59	62
59	63
59	64
59	65
59	66
60	61
60	62
60	64
60	65
60	66
61	62
61	63
61	64
61	65
61	66
62	65
62	66
63	64
63	65
63	66
64	66
