\\ machines
7
\\ max power
70
\\ Jobs in machine 1
10
J1	14	7	79	7	2.1288711643391944
J2	15	5	98	4	0.1
J3	15	10	4	29	0.7353974077789076
J4	14	5	109	3	1.5246300300970683
J5	15	13	97	2	1.4794507597658964
J6	14	6	6	27	1.4003335859277621
J7	13	8	87	16	1.5626542477018035
J8	15	10	19	19	1.1521629428054183
J9	17	9	57	31	1.1864225985772956
J10	15	12	10	1	0.696820578290546
\\ Jobs in machine 2
10
J11	13	5	79	26	1.6356274140756617
J12	14	7	13	12	2.183032695517439
J13	14	11	109	34	1.457925866383412
J14	14	10	71	29	1.569606935966723
J15	14	1	62	30	1.3381897176355844
J16	15	8	27	10	1.667465163200976
J17	14	13	42	16	0.8708792341491194
J18	16	8	6	20	0.9796812721841929
J19	15	2	7	27	0.7083714543250019
J20	15	5	26	26	0.6182614992747172
\\ Jobs in machine 3
10
J21	14	9	86	32	1.0450383269309278
J22	16	2	86	16	1.5221594082332883
J23	15	9	98	8	1.5928647551207424
J24	16	11	29	35	1.5577023110710073
J25	15	12	60	24	1.12076705639728
J26	14	14	95	7	1.2216704337572857
J27	15	3	57	2	1.18688285397947
J28	15	7	86	11	1.0357115200175724
J29	14	3	77	18	0.9273549704673901
J30	15	8	62	17	1.1013233314766162
\\ Jobs in machine 4
12
J31	15	8	56	13	1.7491651246737645
J32	15	12	47	24	0.5282971847506595
J33	15	5	26	17	1.2265355486502099
J34	16	12	109	23	1.1370124435310454
J35	15	5	33	23	0.6142117210956473
J36	15	1	45	17	1.8822058794441143
J37	15	8	43	33	1.348803553727953
J38	16	4	91	22	0.9535788053054572
J39	15	13	26	3	0.6189833146630623
J40	15	10	89	23	1.374832292514247
J41	12	4	27	5	2.3722211637652046
J42	14	11	52	27	1.5522649214694657
\\ Jobs in machine 5
12
J43	14	14	19	15	1.0514948238241826
J44	14	10	52	15	0.1
J45	14	10	103	9	0.7869165155547457
J46	14	6	34	3	1.2264660133313345
J47	16	14	98	22	0.8778576573260122
J48	15	1	79	8	1.1267643730578254
J49	14	11	19	9	1.4065798325665002
J50	14	3	10	28	1.161979176236548
J51	14	9	53	20	0.7372448303456682
J52	15	6	57	4	0.9879594639312227
J53	14	6	32	9	2.049623629412394
J54	12	14	94	14	1.9803119791912782
\\ Jobs in machine 6
12
J55	14	3	89	4	0.27421895171343547
J56	15	5	32	27	0.9759136406295705
J57	17	11	38	8	1.3211474544358468
J58	13	2	52	15	0.7244154267737595
J59	13	14	71	28	0.6599615893572784
J60	15	14	31	10	0.31231680546699103
J61	16	5	43	28	0.6843004820018997
J62	13	9	16	32	0.9632291729616771
J63	14	13	30	5	0.1
J64	14	9	56	13	1.104008863373288
J65	14	14	64	21	1.2165600338061564
J66	14	14	103	35	0.9699456857483051
\\ Jobs in machine 7
11
J67	16	11	69	21	1.3682699893774946
J68	16	8	40	25	2.6006072658674118
J69	13	1	28	17	1.4051407422534723
J70	15	9	97	29	1.5970165853776224
J71	15	1	77	5	1.333473601696055
J72	15	12	48	16	1.1346870555817992
J73	13	3	34	20	0.1
J74	14	4	26	15	1.0096760098204893
J75	15	7	38	24	1.6721330204057159
J76	15	2	15	11	1.4536637685551517
J77	13	4	88	34	0.6496741644104372
\\ Dependencies 
231
1	2
1	3
1	6
1	7
1	9
1	10
2	3
2	4
2	5
2	8
2	9
2	10
3	4
3	6
3	9
3	10
4	5
4	6
4	7
4	8
4	10
5	8
5	9
5	10
6	7
6	8
6	10
7	10
8	10
9	10
11	12
11	14
11	15
11	17
11	18
11	19
11	20
12	14
12	17
12	18
13	15
13	17
13	18
13	19
13	20
14	16
14	19
14	20
15	16
15	17
15	18
15	19
15	20
16	18
16	19
16	20
17	18
17	19
18	19
19	20
21	25
21	26
21	27
21	29
22	23
22	25
22	26
23	24
23	25
23	26
23	29
23	30
24	25
24	30
25	28
25	29
27	28
27	30
28	29
28	30
31	32
31	33
31	34
31	35
31	36
31	38
31	39
31	40
31	41
31	42
32	34
32	35
32	36
32	39
32	41
32	42
33	34
33	36
33	40
33	41
33	42
34	35
34	36
34	38
34	39
34	40
34	41
35	37
35	40
35	42
36	38
37	39
37	40
37	41
37	42
38	39
38	41
39	40
39	41
39	42
43	48
43	51
43	53
43	54
44	45
44	46
44	48
44	49
44	54
45	46
45	47
45	49
45	51
45	52
45	54
46	48
46	49
46	51
46	53
47	48
47	49
47	50
47	54
48	49
48	51
48	52
48	54
49	51
49	52
49	53
49	54
50	52
50	53
50	54
51	52
51	53
52	53
55	56
55	57
55	59
55	60
55	63
55	64
55	65
55	66
56	59
56	60
56	61
56	65
57	58
57	59
57	60
57	62
57	63
57	64
57	66
58	61
58	62
58	63
59	61
59	64
59	65
59	66
60	61
60	62
60	63
60	64
61	62
61	63
61	64
61	65
62	63
62	65
63	64
63	65
63	66
64	66
67	70
67	73
67	74
67	75
67	76
67	77
68	70
68	71
68	72
68	76
68	77
69	70
69	71
69	73
69	74
69	75
69	76
69	77
70	71
70	74
70	76
70	77
71	73
71	75
71	76
71	77
72	73
72	75
72	76
73	74
73	77
74	77
75	76
76	77
