\\ machines
9
\\ max power
90
\\ Jobs in machine 1
11
J1	15	14	99	26	1.5140255652926415
J2	15	10	37	1	0.8494779752305508
J3	15	12	104	1	0.967902223105358
J4	13	14	30	29	0.7730825567502912
J5	15	4	49	16	1.2511234826439355
J6	14	2	70	35	1.1945540316018342
J7	15	6	19	41	0.44365871803049417
J8	16	11	101	13	1.1708510508800285
J9	14	3	86	34	1.977791510637684
J10	14	7	105	41	1.2740501765692576
J11	13	13	61	19	0.7972472010138384
\\ Jobs in machine 2
11
J12	14	2	30	18	0.7089194699796186
J13	13	7	35	32	0.7990206308563654
J14	15	11	107	12	1.268851297453618
J15	14	14	22	25	0.9012237772567064
J16	14	12	109	33	0.5363496542664369
J17	15	12	58	14	1.095768103696056
J18	14	6	101	45	1.8784392799007732
J19	14	7	91	8	1.1769865735243792
J20	14	9	15	1	0.7088607899651371
J21	15	9	93	38	0.1764259782992479
J22	16	13	25	4	1.9195367265600234
\\ Jobs in machine 3
11
J23	15	1	49	38	1.6960074211575864
J24	15	12	11	25	0.48805022535689957
J25	14	13	9	12	1.380344161678312
J26	16	13	90	10	1.1850415273782438
J27	13	10	22	44	1.6710222250052071
J28	15	10	13	1	1.0185389790937343
J29	14	4	34	21	2.1838145584829936
J30	13	5	37	44	0.8802698947017513
J31	15	6	62	27	1.5845097972230386
J32	14	8	80	2	1.3794386584970721
J33	15	13	33	35	0.1
\\ Jobs in machine 4
12
J34	16	10	36	5	0.5914062425968656
J35	17	11	14	12	0.7315851733383769
J36	16	8	70	18	1.5701447272215523
J37	14	3	28	26	0.903125567404174
J38	15	7	46	6	0.8798587187294606
J39	14	2	49	20	1.2510192135051428
J40	15	9	44	1	0.5526994534921638
J41	13	8	97	35	1.807048015275584
J42	13	4	10	31	1.0767895498022586
J43	15	9	14	21	0.9255848291483035
J44	14	14	45	27	2.380847164136509
J45	14	10	10	18	0.9381812086065597
\\ Jobs in machine 5
13
J46	14	1	106	26	1.2252916382793693
J47	14	14	6	6	0.9891759575650646
J48	15	11	39	30	1.620342019335833
J49	14	8	101	10	0.6127003379233636
J50	13	1	34	9	0.10686324942504188
J51	14	13	106	24	1.5368412274738512
J52	14	13	36	32	1.18589828476828
J53	14	6	74	2	1.0378564502621195
J54	14	4	51	23	0.7799415507271168
J55	14	8	89	11	1.4691300346058858
J56	14	13	72	1	0.7933613557056896
J57	14	13	32	6	1.5979077042096637
J58	14	6	95	34	0.6308638786215214
\\ Jobs in machine 6
11
J59	14	10	110	24	1.0604577840906424
J60	17	4	73	45	1.3767048270594295
J61	15	8	93	11	1.6296512922780495
J62	13	11	76	3	1.49106820948481
J63	15	3	4	34	1.424382186468213
J64	15	1	2	5	0.7004182343951992
J65	13	8	80	44	0.9121033574554336
J66	15	10	70	39	1.558722565514375
J67	15	10	14	30	1.4057284471547293
J68	14	9	30	15	0.8460458317338493
J69	16	4	51	35	1.2828243942875566
\\ Jobs in machine 7
12
J70	14	7	67	9	1.8059489578835635
J71	14	2	67	22	1.533354748833122
J72	15	7	51	32	0.9448730071526883
J73	15	4	85	23	1.050902893707486
J74	14	4	31	33	1.1252261680954636
J75	13	11	92	9	0.1351803898302797
J76	16	10	34	18	1.0842190156422962
J77	14	1	104	38	1.001813267846917
J78	14	13	36	30	0.705546789221783
J79	14	12	65	8	1.6726733280315296
J80	15	7	22	20	1.2708463247452038
J81	15	8	99	3	1.6240040943337464
\\ Jobs in machine 8
12
J82	12	12	17	43	0.832554367818092
J83	14	5	18	31	0.9303177722459323
J84	15	1	41	10	0.37495253434524467
J85	15	4	68	43	1.731099809790641
J86	15	10	15	22	1.5090928235430248
J87	15	14	47	33	1.3741545233379386
J88	14	8	25	26	1.316898628626909
J89	14	4	64	28	0.7847666320957012
J90	15	11	68	1	1.7603765274310796
J91	16	9	95	3	1.6457087047583405
J92	13	4	60	2	0.12179487059763194
J93	15	1	50	18	0.44938062091687103
\\ Jobs in machine 9
10
J94	15	1	87	22	1.2973446208420505
J95	15	3	29	45	1.017280833625788
J96	15	3	95	13	1.6273335618494698
J97	15	6	110	41	0.3942354271623616
J98	13	7	93	13	1.384364964595311
J99	14	3	78	13	0.9328966389300661
J100	15	10	38	35	0.6938756046238359
J101	15	9	14	28	1.495939144470257
J102	15	8	60	45	0.7789095672705135
J103	15	10	109	13	1.1550822372570422
\\ Dependencies 
49
1	2
1	3
4	6
5	11
8	11
12	16
13	22
14	15
14	18
15	17
15	22
16	20
18	19
24	29
26	27
26	31
28	32
30	33
34	41
34	43
35	42
36	40
37	38
39	45
41	45
42	43
46	47
46	53
46	55
47	48
49	50
50	52
51	56
53	55
54	55
55	58
59	60
60	62
64	65
70	72
71	80
73	76
75	81
82	87
85	86
90	93
95	100
96	103
99	101
