\\ machines
18
\\ max power
180
\\ Jobs in machine 1
10
J1	14	4	107	65	0.6602500256027272
J2	15	3	91	39	1.6265800451019499
J3	13	10	16	35	1.0722263133534573
J4	15	4	62	71	0.6331673084379024
J5	12	4	109	33	1.0475054630535987
J6	14	5	81	64	1.165063529911261
J7	14	13	82	40	1.706453845487062
J8	15	12	79	54	1.180992295339012
J9	15	8	90	10	1.7155871479322395
J10	15	1	9	54	1.6704051550260168
\\ Jobs in machine 2
11
J11	15	2	91	29	1.2564366314667574
J12	15	9	90	74	0.5962797505021028
J13	14	2	25	8	1.6634070155259038
J14	13	10	79	86	1.6583276250650467
J15	16	12	68	49	0.1
J16	14	6	28	67	1.6261904694903726
J17	15	14	6	27	1.8424774454619564
J18	17	5	107	46	2.0515976133647618
J19	14	14	23	18	1.595372519574692
J20	14	7	36	18	1.0783804049102748
J21	14	10	52	7	1.480956586858254
\\ Jobs in machine 3
11
J22	15	5	65	33	1.3789533974205515
J23	13	8	67	37	0.4670426087124002
J24	13	14	32	52	0.6959135053707486
J25	13	2	67	85	1.757723243453345
J26	14	4	93	57	1.0106260784575778
J27	16	5	59	34	0.1
J28	13	6	76	28	1.8160025029326081
J29	14	1	17	90	0.6945128535339989
J30	15	5	83	10	0.776769987661928
J31	15	13	102	79	0.9997100265267602
J32	16	6	35	10	1.2091607719935153
\\ Jobs in machine 4
11
J33	13	11	69	80	1.4634218538862598
J34	15	13	53	54	0.8159079150338984
J35	17	1	53	86	1.1253491109048612
J36	13	2	4	24	1.1901441345937351
J37	15	14	43	59	1.819836157225062
J38	15	12	22	56	1.2696812785169238
J39	14	10	73	72	1.9782206425834725
J40	15	1	95	37	1.111243556660942
J41	15	10	75	20	1.8119559212653216
J42	16	8	85	35	1.3405434298714078
J43	14	2	75	78	1.6145371946451543
\\ Jobs in machine 5
9
J44	12	14	32	84	1.5585541173484287
J45	14	12	106	40	1.2105310361755333
J46	14	14	42	57	2.749087248861491
J47	13	1	10	24	1.4517052715888672
J48	15	6	2	55	0.7709629205112596
J49	14	14	22	44	0.4614993031860525
J50	14	12	65	29	0.3612887754113685
J51	15	10	33	84	1.4326962403717047
J52	15	12	71	89	0.9652359144745231
\\ Jobs in machine 6
11
J53	15	6	7	79	0.18513892906478602
J54	16	9	91	43	1.8274239593068093
J55	14	13	76	58	1.7656257745763386
J56	16	9	48	28	1.6291391163100242
J57	15	5	17	52	1.548372300929386
J58	15	13	70	44	1.6179285251736388
J59	16	10	9	19	1.0045934364960258
J60	15	1	28	17	1.0553403764857412
J61	14	4	62	60	0.394649487227423
J62	14	13	51	38	1.3541359139329334
J63	12	6	80	47	0.47018593937677455
\\ Jobs in machine 7
11
J64	14	2	32	86	0.595893072584799
J65	15	13	24	2	1.1511981775146796
J66	15	5	39	4	1.198547583632521
J67	15	11	37	4	1.4300773173560057
J68	15	6	91	52	0.46445865028125966
J69	15	8	48	7	1.8907663694979546
J70	14	5	92	19	1.4925789159569263
J71	16	1	83	58	1.0393063917495813
J72	14	9	89	45	0.7576276049931876
J73	15	11	7	14	1.1945237292211242
J74	16	14	35	7	0.9663665460125677
\\ Jobs in machine 8
12
J75	14	14	67	49	2.6573253958919922
J76	15	9	47	17	0.7878083412249748
J77	15	2	49	40	1.0963443009646108
J78	13	9	52	40	1.036992181626173
J79	14	9	76	35	1.7723688328171017
J80	15	5	24	40	0.417776670966826
J81	14	1	106	66	0.8864112377799405
J82	15	8	44	11	0.8061463894711682
J83	14	5	82	21	1.5699594190919046
J84	14	5	93	57	1.2548256398905089
J85	13	10	14	20	0.8376471003085693
J86	14	9	101	15	1.38455684321255
\\ Jobs in machine 9
11
J87	14	9	110	75	1.3305649243591096
J88	14	6	99	76	1.68741844880547
J89	14	6	4	89	1.0650355704449102
J90	15	10	74	49	0.9864878804461803
J91	15	2	38	47	0.6685243418271365
J92	15	7	87	1	1.1486275089113311
J93	17	4	88	41	1.51827054567894
J94	15	14	27	78	1.7660683472260361
J95	14	2	78	37	1.9354825356530108
J96	13	1	61	10	1.5643668182935442
J97	14	9	42	51	1.056666493301945
\\ Jobs in machine 10
10
J98	14	4	101	57	1.4104532737892521
J99	16	12	110	17	1.3089049663391195
J100	14	7	82	40	1.6353678355031118
J101	14	7	30	27	1.2101133662878223
J102	13	12	34	68	1.3047319318535215
J103	15	13	89	81	1.236391678061276
J104	15	4	69	4	2.127589250366963
J105	14	10	45	87	1.0870574427293285
J106	15	2	21	25	1.3243105613026085
J107	14	9	110	46	1.515034214589858
\\ Jobs in machine 11
11
J108	13	4	110	82	1.673566026870091
J109	13	5	34	79	1.6628286261420882
J110	14	1	96	30	1.0874444287738732
J111	16	4	93	48	1.6215851971408575
J112	14	4	52	88	1.1722332847316064
J113	13	11	80	73	1.2173678279728768
J114	15	14	60	26	0.9085759656300028
J115	16	10	109	21	0.5998624484338396
J116	13	10	25	14	0.34356902303770975
J117	13	14	100	70	1.0865332647978838
J118	14	9	85	8	2.794752140014419
\\ Jobs in machine 12
10
J119	16	6	62	26	0.46741611524833027
J120	15	7	75	69	1.151591152812387
J121	15	3	108	31	1.004620956441067
J122	12	6	74	73	1.2998518588384067
J123	13	1	65	13	1.568250344524812
J124	16	6	94	5	1.8390983257012192
J125	15	6	71	61	1.2533651893385456
J126	15	8	74	35	0.6434359040778831
J127	16	4	51	90	1.405581050079464
J128	16	9	10	75	2.0152377407675766
\\ Jobs in machine 13
12
J129	13	3	14	70	1.2879483672240164
J130	14	2	57	11	0.2721479662696279
J131	15	12	68	57	1.258539222069684
J132	15	9	53	44	1.1678732243093393
J133	15	11	73	73	1.5662795695023708
J134	15	8	92	35	1.049205078412133
J135	15	10	54	5	1.4951986620823798
J136	12	5	54	44	1.7564714832834825
J137	14	11	108	84	1.9757424460702455
J138	15	4	71	70	0.6741688158792541
J139	14	14	73	46	1.5196549175004315
J140	14	4	61	2	1.574954885726265
\\ Jobs in machine 14
12
J141	15	7	33	27	1.4023009760439313
J142	14	5	86	39	0.8290699218709717
J143	15	2	97	53	1.9064942717643043
J144	12	2	21	68	0.8295574368580576
J145	14	3	9	37	1.2412997443073577
J146	13	12	7	28	2.043803038783497
J147	15	3	56	17	1.446445351853442
J148	15	14	30	45	0.866395688267106
J149	16	5	73	3	1.6236268984212043
J150	13	10	22	84	0.8695522376887039
J151	15	13	74	65	1.0313171764377642
J152	15	1	20	22	1.9290605884515286
\\ Jobs in machine 15
12
J153	12	6	94	56	1.18899781404012
J154	13	1	43	37	0.9344143938755065
J155	15	11	25	21	1.5440951463882688
J156	15	13	47	6	0.6725211056108394
J157	14	9	109	37	0.9501390348979629
J158	16	4	73	8	1.4825093764843595
J159	13	6	64	65	1.4701097124357156
J160	14	6	71	34	1.8077217892873823
J161	15	14	60	13	0.7389541840038967
J162	14	8	90	76	1.0585347344984448
J163	14	1	23	24	0.869435390290572
J164	15	4	62	74	1.4498868278479045
\\ Jobs in machine 16
12
J165	13	7	103	39	1.3478678906407553
J166	14	8	70	64	1.130419118033754
J167	16	5	92	48	0.582448550459649
J168	14	1	100	43	0.7105231951564632
J169	14	12	40	38	1.5415226235172368
J170	13	8	32	69	1.7669761343786452
J171	16	10	69	35	0.7974239776787061
J172	14	14	88	78	0.8161676258050914
J173	13	8	108	47	1.2826509775634978
J174	14	3	105	81	1.9297366445915172
J175	15	10	37	64	1.1230093833933008
J176	15	4	66	83	1.4460456342683319
\\ Jobs in machine 17
9
J177	13	3	87	56	0.6682584683343064
J178	15	11	38	10	1.2928871760437568
J179	15	8	48	77	0.721570161244111
J180	14	1	25	41	0.45789242284593623
J181	14	1	58	81	1.2211349990773248
J182	14	8	98	59	1.7854349858203902
J183	14	9	99	81	0.34804129739732104
J184	15	2	35	39	1.8259052267070517
J185	12	2	74	4	1.2454692601621
\\ Jobs in machine 18
11
J186	15	11	80	52	1.6515248447840145
J187	15	14	5	27	1.1587499044856044
J188	16	2	21	18	0.7294733948203788
J189	14	14	68	84	1.744871227265244
J190	15	8	17	33	1.4477658337420023
J191	15	6	68	66	0.8736961509798354
J192	13	9	46	78	0.6951538136763686
J193	15	13	96	17	1.4992134512444713
J194	14	5	25	11	0.8436886217468749
J195	16	12	63	28	1.474027245113352
J196	14	1	56	81	0.6818151234419576
\\ Dependencies 
775
1	2
1	3
1	4
1	7
1	9
1	10
2	4
2	6
2	7
2	8
2	9
2	10
3	4
3	6
3	7
3	9
3	10
4	5
4	6
4	7
4	8
4	9
5	6
5	7
5	9
5	10
6	7
6	8
6	10
7	8
7	10
8	9
8	10
9	10
11	12
11	13
11	14
11	15
11	16
11	17
11	19
11	20
11	21
12	13
12	14
12	15
12	16
12	17
12	18
12	19
12	20
12	21
13	14
13	15
13	16
13	17
13	19
13	20
13	21
14	15
14	16
14	17
14	19
14	21
15	16
15	17
15	19
15	21
16	17
16	18
16	19
16	20
16	21
17	18
17	19
17	20
18	19
18	20
18	21
19	20
19	21
22	23
22	25
22	26
22	28
22	29
22	30
22	31
22	32
23	24
23	26
23	27
23	29
23	30
23	32
24	25
24	26
24	27
24	28
24	29
24	30
24	31
24	32
25	26
25	27
25	29
25	31
25	32
26	27
26	29
26	30
26	31
26	32
27	28
27	29
27	30
27	32
28	29
28	30
28	31
28	32
29	30
29	31
29	32
30	31
30	32
33	34
33	35
33	36
33	38
33	39
33	40
33	41
33	42
34	35
34	37
34	38
34	39
34	40
34	42
34	43
35	36
35	38
35	39
35	40
35	41
35	43
36	37
36	38
36	39
36	40
36	41
36	42
36	43
37	38
37	39
37	40
37	42
37	43
38	40
38	41
38	43
39	40
39	43
40	41
41	42
41	43
44	45
44	46
44	49
44	50
44	51
45	46
45	47
45	48
45	49
45	50
45	51
46	47
46	51
46	52
47	48
47	50
47	51
47	52
48	50
48	52
49	50
49	51
49	52
50	51
50	52
51	52
53	54
53	55
53	56
53	59
53	60
53	61
53	62
53	63
54	55
54	58
54	60
54	61
54	62
54	63
55	56
55	57
55	59
55	60
55	61
55	62
55	63
56	57
56	58
56	59
56	60
56	61
56	62
56	63
57	58
57	59
57	60
57	62
57	63
58	59
58	60
58	61
58	62
59	60
59	61
60	63
61	62
61	63
62	63
64	65
64	66
64	67
64	68
64	69
64	70
64	72
64	73
64	74
65	66
65	67
65	69
65	70
65	71
65	73
66	67
66	68
66	69
66	70
66	71
66	72
66	73
66	74
67	68
67	69
67	71
67	73
67	74
68	69
68	70
68	72
68	73
68	74
69	70
69	73
69	74
70	71
70	72
70	73
71	72
71	73
71	74
72	73
73	74
75	76
75	77
75	78
75	79
75	80
75	82
75	85
75	86
76	77
76	79
76	80
76	81
76	82
76	84
76	86
77	78
77	79
77	80
77	82
77	83
77	84
77	85
77	86
78	79
78	81
78	82
78	83
78	84
78	85
78	86
79	80
79	81
79	82
79	83
79	84
79	85
79	86
80	81
80	82
80	83
80	84
80	85
80	86
81	82
81	83
82	83
82	84
82	85
82	86
83	84
83	86
84	85
85	86
87	88
87	89
87	90
87	91
87	92
87	93
87	94
87	95
87	96
87	97
88	90
88	91
88	92
88	94
88	96
88	97
89	90
89	91
89	92
89	93
89	94
89	95
89	96
89	97
90	91
90	94
90	96
90	97
91	93
91	94
91	95
91	96
91	97
92	93
92	94
92	95
92	96
92	97
93	94
93	95
93	96
93	97
94	95
94	96
94	97
95	96
95	97
98	99
98	100
98	102
98	104
98	105
98	106
98	107
99	102
99	103
99	104
99	105
99	106
99	107
100	102
100	104
100	106
101	102
101	103
101	104
101	105
101	106
101	107
102	103
102	105
102	106
102	107
103	104
103	106
103	107
104	105
104	106
104	107
105	106
106	107
108	109
108	110
108	111
108	112
108	113
108	114
108	115
108	116
108	118
109	110
109	111
109	113
109	114
109	117
109	118
110	112
110	113
110	114
110	115
110	116
110	117
110	118
111	113
111	114
111	115
111	116
111	117
112	113
112	114
112	115
112	116
112	117
112	118
113	114
113	115
113	116
113	117
113	118
114	116
114	117
114	118
115	116
115	117
115	118
116	117
116	118
119	120
119	121
119	122
119	123
119	124
119	126
119	127
119	128
120	122
120	124
120	126
120	127
121	122
121	123
121	128
122	123
122	124
122	126
122	127
122	128
123	124
123	125
123	126
123	127
123	128
124	125
124	127
125	126
125	127
125	128
126	127
126	128
127	128
129	131
129	132
129	133
129	135
129	137
129	139
129	140
130	132
130	133
130	134
130	135
130	136
130	137
130	138
130	139
130	140
131	132
131	136
131	137
131	140
132	135
132	136
132	137
132	138
132	139
132	140
133	134
133	135
133	136
133	137
133	138
133	140
134	135
134	137
135	136
135	138
135	139
136	137
136	138
136	139
136	140
137	138
137	139
137	140
138	139
138	140
139	140
141	142
141	144
141	145
141	146
141	147
141	148
141	149
141	150
141	151
141	152
142	144
142	145
142	146
142	147
142	149
142	151
143	144
143	145
143	146
143	147
143	148
143	149
143	150
143	151
143	152
144	146
144	147
144	148
144	149
144	150
144	151
144	152
145	146
145	147
145	148
145	150
145	151
145	152
146	147
146	149
146	150
146	152
147	148
147	149
147	150
147	151
147	152
148	150
148	151
148	152
149	150
149	151
149	152
150	151
151	152
153	154
153	156
153	157
153	158
153	159
153	160
153	162
153	163
154	155
154	156
154	158
154	160
154	161
154	162
154	163
155	156
155	157
155	160
155	162
155	163
155	164
156	157
156	158
156	159
156	160
156	161
156	163
156	164
157	158
157	160
157	161
157	162
157	163
157	164
158	159
158	160
158	161
158	162
158	163
158	164
159	160
159	161
159	162
159	163
159	164
160	161
160	162
160	164
161	162
161	163
161	164
162	163
162	164
163	164
165	167
165	168
165	169
165	171
165	172
165	173
165	174
165	175
165	176
166	169
166	170
166	171
166	173
166	174
167	168
167	169
167	170
167	171
167	174
167	175
167	176
168	169
168	172
168	173
168	174
168	175
168	176
169	170
169	171
169	172
169	176
170	171
170	173
170	175
170	176
171	172
171	174
171	176
172	173
172	174
172	176
173	174
173	175
173	176
174	175
174	176
175	176
177	178
177	179
177	180
177	181
177	182
177	183
177	184
177	185
178	179
178	180
178	181
178	182
178	183
178	185
179	180
179	181
179	182
179	183
179	184
180	182
180	183
180	184
180	185
181	182
181	183
181	184
182	183
182	184
182	185
183	184
183	185
184	185
186	187
186	188
186	189
186	191
186	192
186	193
186	194
186	195
186	196
187	188
187	189
187	190
187	191
187	192
187	193
187	194
187	195
187	196
188	190
188	191
188	192
188	194
188	195
188	196
189	190
189	191
189	192
189	194
189	195
189	196
190	191
190	193
190	194
190	195
190	196
191	193
191	194
191	195
191	196
192	193
192	194
192	196
193	195
193	196
194	195
194	196
195	196
