\\ machines
25
\\ max power
250
\\ Jobs in machine 1
12
J1	15	10	6	71	1.4937481126499226
J2	17	1	77	20	0.9595537613217493
J3	16	5	97	120	1.2163075541468567
J4	15	13	47	77	1.9908909638246235
J5	17	13	26	103	1.0112409985365964
J6	14	2	105	114	1.1967839229356945
J7	15	8	18	22	1.198757482374201
J8	14	10	81	73	1.8864599190926814
J9	14	12	45	10	2.1442277673898666
J10	16	11	44	122	1.7621049740283425
J11	14	2	106	76	1.5327327710120109
J12	14	1	8	76	1.3380629319814772
\\ Jobs in machine 2
11
J13	15	4	76	112	0.6999084970951263
J14	13	11	97	95	1.3465209179615238
J15	14	2	83	60	1.2410708037552753
J16	14	5	64	121	1.012240773915256
J17	14	3	45	60	0.952548786011481
J18	16	10	106	25	0.345851621169306
J19	13	11	8	30	1.3579390373567548
J20	13	3	89	7	1.3865785119490766
J21	15	6	65	43	1.8228663731271886
J22	16	3	42	42	0.8427692605874726
J23	17	1	90	99	1.0522544518668875
\\ Jobs in machine 3
13
J24	15	11	29	14	1.4068406931085806
J25	14	12	81	56	1.3334082815792787
J26	15	7	109	105	1.4709466984738437
J27	16	10	100	103	1.502015612698291
J28	14	14	83	83	1.1875469618723526
J29	13	7	17	86	0.5356306658447992
J30	17	11	86	85	0.5383007011072332
J31	14	11	71	99	1.1376479292649253
J32	14	4	77	29	1.0521599247725975
J33	16	4	39	65	1.3035274921435163
J34	14	10	70	21	1.322871999333768
J35	14	4	81	7	2.714788366768171
J36	14	2	15	28	1.0560885847952912
\\ Jobs in machine 4
12
J37	14	13	17	102	1.7641205855222062
J38	14	13	84	112	0.9558466502989746
J39	14	11	110	37	1.4790933676372853
J40	12	5	20	53	0.7238942483999482
J41	14	11	41	67	1.6100068680980457
J42	13	11	52	33	1.6816085111940204
J43	14	11	63	75	0.17842345963726092
J44	12	5	110	69	1.080886132908473
J45	13	4	43	91	1.6197879461041866
J46	13	7	15	17	1.771114333245026
J47	16	11	70	20	1.2739589810820635
J48	14	12	75	10	1.648688527186035
\\ Jobs in machine 5
11
J49	15	8	79	102	0.6367260148735303
J50	14	12	59	57	0.19219883723037934
J51	16	1	41	124	1.4767555875056662
J52	14	4	89	115	0.3478011729374241
J53	14	12	36	61	0.8849522935261037
J54	15	4	106	38	0.6519709776492116
J55	15	5	61	4	1.0974583883401376
J56	15	6	52	26	0.6256478611229562
J57	16	5	53	74	1.5210514925530143
J58	15	11	82	67	1.4507079414007875
J59	14	3	91	61	0.7684266483604154
\\ Jobs in machine 6
11
J60	15	1	87	50	1.2643339901339066
J61	15	5	34	117	1.2512744485755294
J62	16	8	103	47	0.9115378878904741
J63	15	13	73	84	1.2375427666144487
J64	14	2	13	56	1.6761699747535936
J65	15	5	56	90	1.4699816811362998
J66	14	12	23	66	1.178311053879317
J67	15	10	86	16	0.9472879524575795
J68	15	12	92	36	0.1
J69	16	2	97	107	1.7127324528970043
J70	16	1	62	62	0.19497500606223617
\\ Jobs in machine 7
9
J71	14	8	31	100	1.227933816121615
J72	13	12	73	88	0.9600238374646914
J73	16	13	56	17	1.9114693712941513
J74	15	13	21	27	0.9989470508726367
J75	14	7	52	75	0.32550579925558054
J76	16	13	23	27	0.1
J77	14	12	32	45	0.5099919618144755
J78	16	13	102	92	0.8853250815325249
J79	14	9	88	116	1.0064585829399155
\\ Jobs in machine 8
11
J80	17	12	100	30	0.6453249121706167
J81	14	3	42	7	1.9905532981122482
J82	15	4	66	92	0.983354878221267
J83	14	13	21	73	1.495623903015307
J84	14	9	15	111	0.5609696381644016
J85	12	14	21	20	1.287765660891823
J86	15	3	91	118	1.3622404411536972
J87	14	13	87	13	0.9120467685734392
J88	13	11	5	68	1.6035372630710056
J89	16	1	38	96	1.1900171159800033
J90	14	2	77	102	1.331655133753026
\\ Jobs in machine 9
11
J91	13	2	61	61	1.5179019534380698
J92	15	5	49	68	1.8228904946029194
J93	14	1	24	5	2.3029841812019134
J94	16	13	108	99	1.3374625249034455
J95	14	9	95	111	1.0754489654322161
J96	15	10	16	109	1.3406125728301794
J97	14	2	98	3	1.3141812982811638
J98	14	10	2	91	1.2674181974475578
J99	14	13	73	1	0.6059350054553118
J100	14	5	79	10	1.0879566717385822
J101	13	8	47	62	0.6299070422216225
\\ Jobs in machine 10
12
J102	17	9	30	21	0.18204528549010046
J103	13	9	86	108	0.47674055962584283
J104	14	14	91	110	1.815707480642857
J105	13	8	5	75	1.7553259503021672
J106	15	14	72	7	0.9009589212404017
J107	15	5	34	62	0.8149679405066343
J108	15	12	93	65	1.1238407494415317
J109	15	5	93	69	1.4030901324533869
J110	14	1	90	44	0.9694472039703167
J111	16	6	97	32	1.0908468047698214
J112	14	4	39	88	1.2967040444319244
J113	14	5	65	113	2.4600689559582616
\\ Jobs in machine 11
10
J114	16	5	7	33	1.0953411645924462
J115	15	2	68	20	1.3458113716002778
J116	15	1	15	60	2.7789472775704973
J117	15	9	54	12	0.941426659874672
J118	13	14	53	78	0.8230499672162502
J119	15	5	53	86	0.8121727482279072
J120	15	10	31	47	1.1992982773042522
J121	13	3	110	55	1.4084752686387019
J122	15	13	76	77	2.162508818960509
J123	15	10	5	63	1.5575183945730902
\\ Jobs in machine 12
10
J124	16	8	81	1	2.319344209511048
J125	16	10	70	74	1.7566978291325022
J126	15	4	43	62	1.7611972399572533
J127	15	2	25	81	1.9587985134242143
J128	18	14	108	15	1.2365692006027555
J129	14	4	52	75	1.348605766928286
J130	16	3	63	112	1.6773318668297268
J131	14	8	13	119	0.8673365627071761
J132	16	6	76	121	1.0594952978107712
J133	14	8	80	117	1.4588721277702619
\\ Jobs in machine 13
10
J134	15	7	12	102	1.4714883544255848
J135	15	6	56	44	2.0828441266450217
J136	15	5	5	46	0.49219022380706645
J137	15	14	107	56	2.14552678348557
J138	15	9	48	1	1.3923836109986811
J139	16	4	103	2	1.1008034299875942
J140	17	1	110	89	0.8221973118855214
J141	14	9	52	73	0.1345607346988995
J142	16	1	12	55	1.2124872404425917
J143	15	11	40	100	1.2329830559125654
\\ Jobs in machine 14
13
J144	14	1	10	86	1.3472001894379884
J145	15	5	21	72	1.1278625063264287
J146	14	12	91	35	1.514302253096919
J147	13	3	3	90	0.9224993856103186
J148	15	2	26	62	1.1149267046312623
J149	14	9	48	28	0.6390089388738263
J150	14	5	82	70	1.126615473276645
J151	15	14	85	1	1.07193228291402
J152	14	12	60	2	1.8281712880839454
J153	15	7	9	3	1.1807994886516802
J154	17	2	44	21	1.0383069485722523
J155	16	12	3	40	0.6644325724884534
J156	13	4	75	39	2.231914209860653
\\ Jobs in machine 15
13
J157	14	7	61	116	1.3422365535610539
J158	16	13	29	71	1.498779466419327
J159	15	3	16	59	0.5171673192259367
J160	15	9	104	108	0.6749868361095864
J161	15	13	18	10	0.8088721534506937
J162	15	1	96	81	1.5981504512290732
J163	14	1	3	114	1.423130679548209
J164	14	6	59	30	0.9394132696396384
J165	13	14	66	106	1.1561774316302393
J166	13	5	19	4	1.1856479121450354
J167	12	5	24	58	0.8967885480835625
J168	14	6	72	85	1.100085148507802
J169	14	8	22	84	0.9481029777718804
\\ Jobs in machine 16
12
J170	15	2	98	93	0.7298669317115454
J171	14	9	88	71	0.7492042112665649
J172	15	6	72	62	1.8801821131520204
J173	14	12	44	67	1.2954636992944824
J174	14	9	110	55	1.103553186131402
J175	14	8	11	18	1.8123093976804123
J176	14	5	46	19	1.4662867696540238
J177	15	8	9	36	1.262501372730506
J178	13	3	24	17	0.9435800095659418
J179	14	5	107	17	1.523494105265549
J180	13	8	47	1	1.0315870577277768
J181	15	6	18	7	1.548334488936132
\\ Jobs in machine 17
10
J182	14	12	72	82	0.9542202021509556
J183	14	3	78	56	0.6441997496015309
J184	14	8	32	85	1.176765547472779
J185	13	6	89	36	1.910361590816604
J186	13	11	64	63	1.7171445036121138
J187	14	2	35	28	1.5176470983016759
J188	14	3	91	37	1.9202588662073363
J189	15	9	88	104	0.9497449298056926
J190	15	6	98	53	1.1626820339281723
J191	14	8	33	88	0.5856785222669378
\\ Jobs in machine 18
11
J192	15	9	105	41	1.0405784361956987
J193	16	14	12	23	1.3857059712027184
J194	13	10	69	102	0.18966309428285544
J195	13	9	90	40	2.2054210982910476
J196	14	5	10	55	2.148245746432865
J197	14	13	63	53	2.028980374369409
J198	14	8	79	113	1.2750604403157693
J199	14	14	110	70	2.1009994773370164
J200	14	14	5	91	1.4193797477588677
J201	15	12	72	45	1.8348788202582023
J202	14	7	6	25	0.8647912851886708
\\ Jobs in machine 19
11
J203	16	1	52	46	0.6767679573497114
J204	15	10	5	79	0.9685827715176032
J205	15	9	97	66	1.351477382069743
J206	14	5	51	44	0.7138014664758131
J207	14	2	39	66	0.9760962463443964
J208	15	6	110	95	1.6427247624972559
J209	14	10	98	123	1.1251705159297443
J210	14	7	81	40	2.22979709106803
J211	13	3	26	5	1.4946205617097017
J212	14	7	66	28	0.6645761890960973
J213	15	13	82	76	1.0334735837959337
\\ Jobs in machine 20
10
J214	15	14	11	124	0.41031109201403615
J215	14	2	87	120	0.5272710892791395
J216	13	8	3	93	1.3083547944261462
J217	14	2	89	116	0.49291863277493453
J218	15	5	18	89	1.5453397504275108
J219	14	8	58	95	0.82106139848371
J220	15	13	45	38	0.946432468630747
J221	14	9	91	3	1.2414827275300795
J222	14	2	106	24	1.91821723968925
J223	15	14	80	85	1.9639069553531834
\\ Jobs in machine 21
12
J224	15	12	47	63	1.0289225138338296
J225	14	14	17	68	2.2514125298889116
J226	15	14	29	123	0.6528694084501624
J227	13	10	76	101	2.3817993294923445
J228	14	10	57	22	1.0501047102396834
J229	13	12	2	46	0.904095950567977
J230	15	3	40	23	0.9754724518967628
J231	14	3	107	98	1.5200007388450523
J232	16	6	102	116	1.7270036546269427
J233	15	14	29	114	1.2172592685714345
J234	16	7	97	81	1.0764005090059712
J235	15	7	60	37	1.444536502307097
\\ Jobs in machine 22
11
J236	15	2	25	112	1.1494602335839734
J237	13	1	75	108	0.8373432934386744
J238	15	12	51	108	1.2901828818354375
J239	16	12	81	18	1.634010333695882
J240	14	7	22	112	2.1808472532858607
J241	15	10	65	54	2.3460822929711584
J242	16	5	28	36	1.7231245569210594
J243	15	13	24	43	1.0776124041984636
J244	15	3	108	53	1.1294368426034511
J245	16	8	95	14	1.533742098874897
J246	14	1	41	9	1.104613301114006
\\ Jobs in machine 23
11
J247	16	2	97	122	2.169571980069545
J248	14	2	32	75	1.2671030701945405
J249	14	13	44	119	1.034221069952025
J250	13	13	97	74	0.498512496611514
J251	15	2	70	15	0.9340874655852286
J252	14	13	63	94	1.911936781987255
J253	14	11	15	26	0.8173592563418453
J254	13	2	49	79	1.0412297456593802
J255	14	8	25	6	1.5986086881879575
J256	14	12	108	81	0.9209946763551917
J257	14	7	32	112	0.7837001264617844
\\ Jobs in machine 24
11
J258	16	10	12	40	0.6483201594456494
J259	15	2	73	16	1.8675161156145381
J260	15	4	91	59	1.7799957572669762
J261	15	2	3	106	1.3655261523653073
J262	14	7	63	85	1.1843797298436445
J263	14	9	109	77	0.1
J264	14	7	5	38	1.4145866630450894
J265	15	13	33	12	0.28289587102614244
J266	16	1	11	74	1.1233772045818236
J267	16	12	46	103	0.5865428915947365
J268	13	5	81	8	1.4658817839156053
\\ Jobs in machine 25
11
J269	13	7	75	15	0.894128358776592
J270	14	7	56	51	0.9465176944422622
J271	16	10	15	26	1.201578638098948
J272	15	9	89	75	1.6480222221810934
J273	13	11	101	79	0.901231919084738
J274	15	4	60	95	1.2586079264209904
J275	14	13	6	8	1.5364529291405158
J276	15	11	47	30	1.25987942079529
J277	12	7	56	27	1.319981467768387
J278	13	10	68	24	0.1
J279	16	7	71	46	2.2218768873528645
\\ Dependencies 
1012
1	2
1	3
1	4
1	5
1	8
1	9
1	10
1	11
2	4
2	5
2	8
2	9
2	10
2	11
3	4
3	6
3	7
3	8
3	9
3	10
4	5
4	6
4	7
4	8
4	9
4	10
4	11
4	12
5	9
5	11
5	12
6	7
6	9
6	12
7	8
7	9
7	10
7	11
8	10
8	11
8	12
9	10
9	11
9	12
10	11
10	12
11	12
13	14
13	15
13	16
13	17
13	18
13	19
13	20
13	21
13	22
13	23
14	15
14	16
14	17
14	18
14	19
14	21
14	23
15	16
15	17
15	18
15	19
15	21
15	22
15	23
16	17
16	18
16	21
16	22
16	23
17	18
17	19
17	22
18	19
18	20
18	22
18	23
19	20
19	21
19	23
20	21
20	23
21	22
21	23
24	25
24	26
24	27
24	29
24	30
24	31
24	32
24	33
24	34
24	35
24	36
25	26
25	27
25	30
25	31
25	32
25	33
25	34
25	35
25	36
26	27
26	30
26	32
26	33
26	34
27	30
27	31
27	32
27	33
27	34
27	36
28	29
28	30
28	32
28	33
28	34
28	35
28	36
29	30
29	31
29	33
29	35
29	36
30	31
30	33
30	36
31	32
31	33
31	34
32	33
32	35
32	36
33	35
34	35
34	36
35	36
37	38
37	40
37	41
37	44
37	47
37	48
38	39
38	40
38	41
38	42
38	45
38	46
38	47
38	48
39	41
39	43
39	45
39	46
39	47
39	48
40	42
40	43
40	44
40	45
40	47
40	48
41	44
41	45
41	47
41	48
42	43
42	44
42	45
42	46
42	47
42	48
43	45
43	46
43	47
43	48
44	46
44	47
44	48
45	46
45	48
46	47
47	48
49	50
49	51
49	53
49	54
49	55
49	57
49	58
49	59
50	51
50	53
50	55
50	56
50	59
51	52
51	55
51	57
52	54
52	56
52	57
52	58
53	55
53	56
53	57
53	58
53	59
54	55
54	56
54	57
54	58
55	56
55	57
55	58
55	59
56	57
56	59
58	59
60	61
60	64
60	65
60	66
60	68
60	70
61	62
61	63
61	64
61	65
61	66
61	67
61	69
61	70
62	63
62	64
62	65
62	66
62	67
62	68
62	70
63	64
63	65
63	67
63	69
63	70
64	65
64	66
64	67
64	68
64	69
64	70
65	67
65	68
65	69
65	70
66	68
66	69
66	70
67	69
67	70
68	69
68	70
69	70
71	72
71	73
71	74
71	75
71	78
72	74
72	77
72	79
73	75
73	77
73	78
73	79
74	75
74	76
74	77
74	78
74	79
75	76
75	77
75	78
75	79
76	79
77	78
77	79
78	79
80	82
80	83
80	86
80	87
81	82
81	83
81	84
81	85
81	87
81	88
82	83
82	84
82	85
82	87
82	89
82	90
83	84
83	88
83	89
83	90
84	86
84	87
84	89
85	86
85	87
85	88
85	89
85	90
86	87
86	90
87	89
87	90
89	90
91	92
91	93
91	94
91	95
91	96
91	97
91	101
92	93
92	94
92	96
92	97
92	99
93	94
93	95
93	97
93	100
93	101
94	95
94	96
94	97
94	99
94	101
95	96
95	98
95	99
95	100
95	101
96	97
96	98
96	99
96	101
97	98
97	101
98	99
98	101
99	101
100	101
102	103
102	104
102	105
102	107
102	108
102	109
102	110
102	111
102	112
102	113
103	105
103	107
103	110
103	111
103	112
103	113
104	105
104	106
104	107
104	111
104	112
104	113
105	108
105	110
105	112
105	113
106	108
106	112
106	113
107	108
107	109
107	110
107	111
108	109
108	110
108	111
109	110
109	111
109	112
109	113
110	111
110	112
111	113
112	113
114	115
114	116
114	118
114	120
114	121
114	122
114	123
115	117
115	120
115	121
115	122
115	123
116	118
116	119
116	120
116	121
116	122
116	123
117	118
117	120
117	121
117	123
118	119
118	123
119	120
119	122
119	123
120	121
120	122
120	123
121	122
121	123
122	123
124	125
124	127
124	128
124	129
124	130
124	131
124	132
124	133
125	126
125	127
125	129
125	130
125	131
125	132
125	133
126	127
126	129
126	130
126	131
126	132
126	133
127	128
127	129
127	130
127	132
127	133
128	129
128	131
128	132
128	133
129	130
129	131
129	133
130	131
130	132
131	133
132	133
134	135
134	137
134	138
134	139
134	140
134	142
135	136
135	137
135	138
135	140
135	141
135	142
135	143
136	138
136	139
136	140
136	143
137	138
137	140
137	142
137	143
138	139
138	141
138	142
138	143
139	140
139	143
140	143
141	142
141	143
144	145
144	146
144	149
144	150
144	153
144	154
144	155
144	156
145	146
145	148
145	150
145	153
145	154
145	155
145	156
146	148
146	149
146	150
146	151
146	152
146	153
146	154
146	155
146	156
147	148
147	150
147	152
147	154
147	155
147	156
148	149
148	150
148	152
148	153
148	155
148	156
149	150
149	151
149	152
149	153
150	151
150	152
150	153
150	154
150	156
151	152
151	154
151	156
152	154
152	155
152	156
153	154
153	155
153	156
154	155
154	156
157	160
157	161
157	163
157	164
157	165
157	166
157	168
157	169
158	159
158	160
158	163
158	165
158	167
158	168
158	169
159	160
159	162
159	163
159	164
159	165
159	167
159	168
159	169
160	163
160	164
160	167
160	169
161	162
161	163
161	165
161	166
161	167
161	168
161	169
162	169
163	164
163	165
163	166
163	167
163	168
163	169
164	166
164	168
165	166
165	167
165	168
165	169
166	167
167	169
170	171
170	173
170	174
170	175
170	176
170	177
170	179
170	180
170	181
171	173
171	174
171	175
171	176
171	178
171	180
171	181
172	173
172	175
172	180
172	181
173	174
173	177
173	178
173	180
173	181
174	176
174	177
174	178
174	179
174	180
174	181
175	176
175	177
175	179
176	177
176	179
177	178
177	181
178	180
178	181
179	181
180	181
182	183
182	184
182	185
182	186
182	187
182	189
183	184
183	185
183	186
183	188
183	190
184	185
184	186
184	187
184	188
184	189
184	190
184	191
185	187
185	189
185	190
185	191
186	187
186	188
186	189
186	190
187	190
187	191
188	189
188	190
188	191
189	190
190	191
192	193
192	194
192	195
192	197
192	198
192	199
192	200
192	201
193	194
193	196
193	198
193	199
193	200
193	202
194	195
194	196
194	197
194	198
194	199
194	200
194	201
195	196
195	197
195	198
195	199
195	200
195	201
195	202
196	198
196	199
196	200
196	201
197	200
197	201
197	202
198	199
198	200
198	201
198	202
199	201
199	202
200	202
203	204
203	205
203	207
203	208
203	209
203	211
204	205
204	206
204	207
204	208
204	209
204	211
204	212
204	213
205	206
205	208
205	209
205	210
205	211
205	213
206	209
206	212
207	209
207	210
207	211
207	212
207	213
208	209
208	212
208	213
209	210
209	211
209	212
210	211
210	213
211	213
214	216
214	217
214	219
214	222
214	223
215	216
215	218
215	219
215	221
215	222
215	223
216	217
216	218
216	219
216	220
216	221
216	223
217	219
217	220
217	221
217	223
218	220
218	221
218	222
218	223
219	220
219	223
220	222
220	223
221	223
222	223
224	225
224	226
224	227
224	228
224	229
224	230
224	232
224	234
225	226
225	227
225	229
225	230
225	231
225	232
225	233
225	235
226	227
226	228
226	230
226	231
226	232
226	233
226	234
226	235
227	228
227	229
227	230
227	231
227	232
227	234
227	235
228	229
228	230
228	232
228	233
228	235
229	230
229	231
229	232
229	233
229	234
229	235
230	231
230	232
230	233
230	234
230	235
231	232
231	233
231	234
231	235
232	233
232	234
233	234
233	235
236	237
236	238
236	240
236	241
236	242
236	244
237	238
237	241
237	242
237	243
237	244
237	245
237	246
238	240
238	241
238	242
238	243
238	244
238	246
239	240
239	241
239	242
239	245
239	246
240	241
240	242
240	244
240	245
240	246
241	244
241	245
241	246
242	244
242	245
242	246
243	244
243	245
243	246
244	246
247	248
247	250
247	251
247	252
247	253
247	254
247	256
247	257
248	251
248	252
248	253
248	256
248	257
249	250
249	251
249	252
249	253
249	255
250	252
250	253
250	254
250	256
251	252
251	254
251	255
251	257
252	253
252	256
252	257
253	256
253	257
254	255
255	257
256	257
258	259
258	260
258	261
258	262
258	264
258	265
258	268
259	261
259	262
259	263
259	265
259	266
259	267
259	268
260	262
260	263
260	265
260	266
260	267
260	268
261	262
261	264
261	265
261	267
261	268
262	263
262	264
262	265
262	266
262	268
263	264
263	265
263	266
263	268
264	266
264	267
264	268
265	266
265	268
266	267
269	270
269	271
269	272
269	273
269	274
269	275
269	276
269	279
270	271
270	272
270	273
270	274
270	275
270	276
270	277
270	278
270	279
271	272
271	273
271	274
271	275
271	277
271	278
271	279
272	273
272	274
272	275
272	276
272	277
272	278
273	276
273	278
274	275
274	277
274	278
274	279
275	278
275	279
276	277
276	279
277	278
277	279
278	279
