\\ machines
18
\\ max power
180
\\ Jobs in machine 1
12
J1	15	14	81	10	0.8411152534245997
J2	16	9	88	22	1.4686899845070844
J3	15	7	77	7	0.7686299262073744
J4	14	9	6	63	0.5397328182676214
J5	13	9	65	38	1.1375929161560439
J6	14	6	40	35	0.9512274489935386
J7	13	1	25	16	1.792163790776903
J8	16	13	82	45	0.1
J9	14	1	77	77	0.71001888530085
J10	15	11	86	87	1.440622239225652
J11	16	14	89	88	2.5855070658480983
J12	13	8	84	7	1.439649395361187
\\ Jobs in machine 2
11
J13	15	11	88	51	2.3524234193520206
J14	14	2	65	79	1.2497816193189175
J15	14	13	37	22	0.5625014367276147
J16	15	13	52	41	1.7737750132750425
J17	14	12	95	56	0.9552557507989151
J18	15	4	74	33	1.5386445362685914
J19	15	5	9	36	1.864446931405757
J20	14	4	10	6	1.4142646480595638
J21	15	8	50	40	1.8927567609508507
J22	15	13	58	3	0.9853874136637849
J23	14	3	95	11	0.9330509373901943
\\ Jobs in machine 3
11
J24	14	10	80	82	1.8175692896731341
J25	14	7	30	26	1.8724430321624452
J26	15	13	108	17	1.529087535664905
J27	15	1	13	21	1.3407737446689783
J28	15	13	98	15	1.7541401906297955
J29	14	9	50	18	1.8492143150486124
J30	14	2	110	60	1.7710265910498548
J31	15	12	28	17	0.997643486807483
J32	13	1	39	64	1.0666050781205676
J33	17	13	39	63	0.9403304284209215
J34	15	2	56	28	1.3363374720495953
\\ Jobs in machine 4
9
J35	16	6	36	45	1.017621622453039
J36	14	4	24	43	1.1060836267835898
J37	14	2	57	76	1.2664622349438566
J38	16	5	19	29	1.2231416657916376
J39	14	8	14	54	0.45147673941631317
J40	13	8	20	8	0.823247664275363
J41	15	8	110	38	1.0897151912675822
J42	12	11	83	27	0.9711477739109498
J43	14	9	95	48	1.358737646283195
\\ Jobs in machine 5
12
J44	15	3	71	75	1.5312852026412906
J45	15	5	80	78	0.8536490821572249
J46	15	11	76	45	0.6189804651351707
J47	12	12	83	12	0.6915149284088411
J48	14	4	3	83	1.4002327478700356
J49	14	4	65	54	1.5098466535498265
J50	15	9	62	40	1.3499709750859827
J51	14	2	61	77	0.5459328013765214
J52	15	5	35	79	1.1576061749476132
J53	15	14	65	70	0.7080580630258033
J54	15	5	8	67	0.7298854297246857
J55	14	5	85	54	2.0980714547271027
\\ Jobs in machine 6
11
J56	14	10	16	14	0.5193444933824003
J57	15	1	58	27	0.9991923020211031
J58	14	9	71	63	1.6732351991194323
J59	15	14	73	62	1.778167439185527
J60	16	12	90	82	2.0210577626393587
J61	15	4	66	55	0.717556210444253
J62	15	1	105	83	0.94257603203652
J63	13	2	19	67	0.7892038361585942
J64	15	4	50	63	0.8396264615686985
J65	13	4	52	23	1.2895082338726693
J66	15	12	68	24	0.5104412415729722
\\ Jobs in machine 7
11
J67	15	5	85	66	1.3660826416816305
J68	15	10	29	12	1.954822906248872
J69	15	7	104	32	1.2466352747329132
J70	12	10	97	34	1.0988985967951757
J71	15	9	31	80	0.8613343909218041
J72	16	11	36	30	1.6083198563695462
J73	15	5	105	46	1.3059693370604213
J74	16	3	87	30	1.6001118271098256
J75	15	10	11	3	0.8250548239434863
J76	14	13	20	24	2.032006659413841
J77	14	13	30	58	0.7223764824789287
\\ Jobs in machine 8
10
J78	13	4	30	56	0.8746788673245186
J79	15	12	15	2	1.2122646667067563
J80	15	10	34	55	1.7297610848297853
J81	14	2	97	17	0.32937160797563514
J82	14	4	58	74	0.681625633707372
J83	14	8	32	70	0.5650434298796974
J84	15	9	79	34	1.0778823442682566
J85	14	6	42	28	2.0149705852193107
J86	14	3	26	73	0.9432736617040425
J87	14	3	56	59	1.34192713818917
\\ Jobs in machine 9
11
J88	14	9	79	7	0.6266812207872381
J89	15	5	28	89	1.3736196111659662
J90	15	5	36	18	0.36320552748083723
J91	16	6	36	76	1.6436601473477734
J92	15	12	44	89	0.12146805945938532
J93	13	14	88	78	1.7996006556951682
J94	16	5	55	14	0.5725088912115298
J95	16	4	87	33	2.0214919159326765
J96	14	13	84	50	0.9383339773685234
J97	15	6	53	36	0.1
J98	13	9	91	25	1.3103083939554492
\\ Jobs in machine 10
12
J99	15	11	94	43	2.725904028460276
J100	14	13	10	13	1.0521877389659773
J101	14	4	22	14	2.419567852821351
J102	14	6	97	33	0.8693027682062379
J103	13	14	44	10	1.645133963050634
J104	15	14	84	68	1.3317831702997427
J105	15	13	99	11	0.6959907832110689
J106	12	9	64	71	1.2347395986174212
J107	16	13	20	47	1.2216734151369797
J108	16	5	66	12	0.8795285600989348
J109	16	6	20	68	1.3495773402629412
J110	13	4	65	9	0.24945855714589205
\\ Jobs in machine 11
11
J111	15	13	5	66	1.9807011159179857
J112	14	1	89	80	0.756603222434223
J113	13	1	46	14	0.325332545558472
J114	15	7	45	11	1.1218928759877296
J115	15	2	94	32	2.255440076190127
J116	16	10	39	72	1.6407939568866103
J117	14	11	65	76	1.0977310480468245
J118	15	7	97	35	1.3721816064769197
J119	15	7	94	4	1.5429710171574798
J120	16	3	24	32	0.6368135010269615
J121	14	10	82	42	1.880339679680335
\\ Jobs in machine 12
10
J122	14	2	90	5	1.006252227124894
J123	15	14	12	25	0.876108015937246
J124	14	14	41	90	0.8085789552494511
J125	14	3	105	18	0.49401965854020724
J126	13	6	78	68	1.8202426832720038
J127	13	7	77	11	0.4610552864167531
J128	15	14	55	23	2.2874553133620625
J129	16	1	67	38	1.4921700718335895
J130	15	7	66	55	1.05869299268143
J131	14	10	90	80	1.912510886251253
\\ Jobs in machine 13
11
J132	15	5	45	42	1.518174617404807
J133	14	8	71	43	1.5824473312460083
J134	13	14	27	22	1.3702047794648458
J135	12	6	76	64	1.3639290151097572
J136	13	2	52	46	0.5801728039762979
J137	13	14	11	8	1.1739549198883548
J138	12	6	44	41	1.2384918827965337
J139	14	9	86	67	1.0360291546051887
J140	12	14	20	49	1.1565850589665594
J141	16	2	58	44	1.8216033522340842
J142	14	4	58	72	1.179277342376188
\\ Jobs in machine 14
13
J143	14	2	73	6	1.2458213358002854
J144	16	12	105	2	0.7029560093636775
J145	14	10	17	38	2.3580507244507154
J146	13	11	38	84	1.1054428834272272
J147	16	13	3	45	1.5260601647548366
J148	17	5	27	14	1.3104496775719938
J149	15	13	69	89	0.9938894838858305
J150	14	1	47	85	1.04763119121728
J151	15	7	2	55	1.24108880647788
J152	14	11	64	9	1.2989852921092748
J153	14	7	87	59	1.2713618095576782
J154	13	10	68	44	0.6060753887920917
J155	15	4	75	55	2.066919587820688
\\ Jobs in machine 15
10
J156	16	4	37	24	0.6695406006517884
J157	15	5	59	1	1.1116903336806305
J158	15	12	32	85	0.41452073750495566
J159	14	12	54	74	0.6986699618755633
J160	16	9	59	49	1.32770546890698
J161	15	10	19	52	1.5366149880556086
J162	14	2	106	34	1.6355264864576304
J163	15	11	24	81	1.794778599114101
J164	15	8	91	32	1.6849724887518591
J165	14	11	72	79	1.0899352622187155
\\ Jobs in machine 16
10
J166	14	9	83	41	0.21990606436646853
J167	16	2	110	35	1.1088617091058506
J168	14	9	103	23	1.089586363108439
J169	14	12	7	2	2.042902947560486
J170	17	8	49	67	1.3226680657714451
J171	15	6	102	36	0.7324831345161782
J172	14	13	86	8	0.8697295440952291
J173	14	9	103	29	1.4267718679587744
J174	13	3	60	57	1.618783085293008
J175	14	10	49	22	1.2044006736642927
\\ Jobs in machine 17
11
J176	14	3	20	26	0.9150932348286578
J177	13	4	44	25	1.5597081707858367
J178	15	6	70	82	1.817798729867564
J179	16	6	110	45	1.3742268590145987
J180	15	8	98	49	1.4200839202231352
J181	16	6	12	45	0.30841050566160055
J182	16	13	41	71	1.7786373222453902
J183	15	5	54	2	0.21998217079826454
J184	14	2	61	32	0.8426642582240985
J185	16	11	30	18	1.5962736386459602
J186	12	12	104	12	2.049660111121323
\\ Jobs in machine 18
12
J187	16	5	106	18	1.7437675933144998
J188	16	8	77	52	1.1293521256725891
J189	13	11	74	50	0.5704058254719425
J190	15	14	87	69	1.0228124403726142
J191	13	1	11	49	1.080362682901667
J192	15	11	57	9	1.5710814358069594
J193	15	4	44	6	1.8006380853156934
J194	15	9	103	45	1.2807494487240325
J195	13	11	55	35	0.8358281816225114
J196	14	1	105	74	1.2575946520680426
J197	15	2	43	61	0.9220199918322055
J198	17	3	106	77	1.987808944547122
\\ Dependencies 
910
1	2
1	3
1	4
1	5
1	6
1	7
1	8
1	10
1	11
1	12
2	3
2	5
2	6
2	7
2	8
2	9
2	10
2	11
2	12
3	4
3	5
3	6
3	7
3	8
3	9
3	11
3	12
4	5
4	6
4	7
4	8
4	9
4	10
4	11
4	12
5	6
5	8
5	9
5	10
5	11
5	12
6	7
6	8
6	9
6	10
6	11
6	12
7	8
7	9
7	10
7	11
7	12
8	9
8	10
8	11
8	12
9	10
9	11
9	12
10	11
10	12
11	12
13	14
13	15
13	16
13	20
13	23
14	15
14	16
14	17
14	18
14	19
14	20
14	22
14	23
15	16
15	17
15	18
15	19
15	20
15	21
15	22
15	23
16	17
16	18
16	19
16	20
16	21
16	22
16	23
17	18
17	19
17	20
17	21
17	22
17	23
18	19
18	20
18	21
18	22
18	23
19	20
19	21
19	22
19	23
20	21
20	22
20	23
21	22
21	23
22	23
24	25
24	26
24	27
24	28
24	29
24	30
24	31
24	32
24	33
24	34
25	26
25	27
25	28
25	30
25	31
25	32
25	33
25	34
26	27
26	28
26	29
26	30
26	31
26	32
26	33
26	34
27	28
27	29
27	30
27	31
27	33
27	34
28	30
28	31
28	32
28	33
28	34
29	30
29	31
29	32
29	33
30	31
30	32
30	34
31	32
31	34
32	33
32	34
33	34
35	36
35	37
35	38
35	39
35	40
35	41
35	42
35	43
36	37
36	38
36	39
36	41
36	42
36	43
37	38
37	39
37	40
37	41
37	42
37	43
38	39
38	40
38	41
38	42
38	43
39	40
39	43
40	41
40	42
41	42
41	43
44	45
44	46
44	47
44	48
44	49
44	50
44	51
44	52
44	53
44	54
44	55
45	46
45	48
45	49
45	50
45	51
45	52
45	53
45	54
45	55
46	47
46	48
46	51
46	52
46	53
46	54
46	55
47	48
47	49
47	51
47	52
47	53
47	54
47	55
48	49
48	50
48	51
48	52
48	54
48	55
49	50
49	51
49	52
49	53
49	54
50	51
50	53
50	55
51	52
51	53
51	54
51	55
52	53
52	54
52	55
53	54
54	55
56	57
56	58
56	59
56	60
56	61
56	62
56	63
56	64
56	65
56	66
57	58
57	59
57	60
57	61
57	62
57	63
57	64
57	65
57	66
58	59
58	60
58	61
58	62
58	63
58	64
58	65
58	66
59	60
59	61
59	62
59	63
59	64
59	65
59	66
60	61
60	62
60	63
60	64
60	65
60	66
61	62
61	63
61	64
61	65
61	66
62	63
62	64
62	65
62	66
63	64
63	65
63	66
64	65
64	66
65	66
67	68
67	69
67	70
67	71
67	72
67	73
67	74
67	75
67	76
67	77
68	69
68	70
68	71
68	72
68	73
68	74
68	77
69	71
69	72
69	74
69	75
69	76
69	77
70	71
70	72
70	74
70	75
71	72
71	73
71	74
71	75
71	76
71	77
72	73
72	74
72	75
72	76
72	77
73	74
73	75
73	76
73	77
74	75
74	76
74	77
75	76
75	77
78	79
78	80
78	82
78	83
78	84
78	85
78	86
78	87
79	80
79	81
79	82
79	83
79	84
79	85
79	86
79	87
80	81
80	82
80	83
80	84
80	85
80	86
80	87
81	82
81	84
81	85
81	86
81	87
82	83
82	84
82	85
82	86
82	87
83	84
83	85
83	86
83	87
84	85
84	86
84	87
85	86
85	87
86	87
88	89
88	90
88	94
88	95
88	96
88	97
88	98
89	90
89	92
89	93
89	94
89	95
89	96
89	97
89	98
90	91
90	92
90	93
90	94
90	95
90	96
90	97
90	98
91	92
91	93
91	94
91	95
91	96
91	97
91	98
92	93
92	94
92	95
92	96
92	98
93	94
93	95
93	96
93	97
93	98
94	95
94	96
94	97
94	98
95	96
95	97
95	98
96	97
96	98
97	98
99	100
99	101
99	102
99	103
99	104
99	105
99	106
99	108
99	109
99	110
100	101
100	103
100	104
100	105
100	106
100	107
100	108
100	109
100	110
101	102
101	103
101	104
101	105
101	106
101	107
101	108
101	109
101	110
102	103
102	104
102	105
102	106
102	107
102	109
102	110
103	104
103	105
103	106
103	107
103	108
103	109
103	110
104	105
104	106
104	107
104	108
104	109
104	110
105	106
105	107
105	108
105	109
105	110
106	107
106	108
106	109
106	110
107	110
108	109
108	110
111	112
111	113
111	114
111	115
111	116
111	117
111	118
111	119
111	120
111	121
112	113
112	114
112	115
112	116
112	117
112	118
112	119
112	120
112	121
113	115
113	117
113	118
113	119
113	120
113	121
114	115
114	117
114	119
114	120
114	121
115	116
115	117
115	118
115	119
115	120
115	121
116	117
116	118
116	119
116	121
117	118
117	119
117	120
118	119
118	120
118	121
119	120
120	121
122	123
122	124
122	125
122	126
122	127
122	128
122	129
122	130
122	131
123	124
123	125
123	126
123	127
123	128
123	129
123	130
123	131
124	125
124	126
124	127
124	130
124	131
125	126
125	127
125	128
125	129
125	130
125	131
126	127
126	128
126	129
126	130
127	128
127	129
127	130
127	131
128	129
128	130
129	130
129	131
130	131
132	133
132	134
132	135
132	137
132	138
132	139
132	140
132	141
132	142
133	134
133	135
133	136
133	137
133	138
133	139
133	140
133	141
133	142
134	135
134	136
134	137
134	138
134	139
134	140
134	141
134	142
135	136
135	137
135	138
135	139
135	140
135	142
136	137
136	138
136	139
136	140
136	141
136	142
137	138
137	139
137	140
137	142
138	139
138	140
138	141
138	142
139	140
139	141
139	142
140	141
140	142
141	142
143	144
143	145
143	146
143	147
143	148
143	149
143	150
143	153
143	155
144	145
144	146
144	147
144	148
144	150
144	151
144	152
144	153
144	154
144	155
145	146
145	148
145	149
145	150
145	151
145	153
145	154
145	155
146	147
146	148
146	149
146	150
146	151
146	152
146	153
146	154
146	155
147	148
147	149
147	150
147	151
147	152
147	153
147	154
148	149
148	150
148	151
148	152
148	153
148	154
148	155
149	150
149	151
149	152
149	153
149	154
149	155
150	151
150	152
150	153
150	154
150	155
151	152
151	153
151	154
151	155
152	153
152	154
152	155
153	154
154	155
156	158
156	159
156	160
156	161
156	162
156	163
156	164
157	158
157	159
157	160
157	161
157	162
157	163
157	164
157	165
158	159
158	160
158	161
158	162
158	163
158	164
158	165
159	160
159	162
159	163
159	164
159	165
160	161
160	162
160	163
160	164
160	165
161	163
161	164
161	165
162	163
162	164
163	164
163	165
164	165
166	168
166	169
166	170
166	171
166	172
166	173
166	174
167	168
167	169
167	170
167	171
167	172
167	173
167	175
168	169
168	170
168	171
168	172
168	173
168	174
168	175
169	170
169	171
169	172
169	173
169	174
169	175
170	171
170	172
170	173
170	174
170	175
171	172
171	173
171	174
171	175
172	173
172	175
173	174
173	175
174	175
176	177
176	178
176	179
176	180
176	181
176	182
176	183
176	184
176	185
176	186
177	178
177	179
177	180
177	181
177	182
177	183
177	184
177	185
177	186
178	179
178	180
178	181
178	182
178	183
178	184
178	185
178	186
179	180
179	181
179	182
179	183
179	184
179	185
179	186
180	181
180	182
180	183
180	185
180	186
181	182
181	183
181	184
181	185
181	186
182	183
182	184
182	185
182	186
183	184
183	185
183	186
184	185
184	186
185	186
187	188
187	189
187	190
187	191
187	192
187	193
187	194
187	195
187	196
187	197
188	189
188	190
188	191
188	192
188	193
188	194
188	195
188	196
188	197
189	190
189	191
189	192
189	193
189	194
189	195
189	196
189	197
189	198
190	191
190	192
190	193
190	194
190	195
190	196
190	197
191	192
191	194
191	195
191	196
191	197
192	193
192	194
192	195
192	196
192	197
192	198
193	194
193	195
193	196
193	197
193	198
194	195
194	196
194	197
194	198
195	196
195	197
195	198
196	197
196	198
197	198
