\\ machines
6
\\ max power
60
\\ Jobs in machine 1
10
J1	17	2	38	12	2.502030747645834
J2	14	6	76	18	1.9238625386235408
J3	15	10	56	28	0.8915132279953868
J4	12	14	86	16	1.358181086589614
J5	15	7	55	9	1.2095259624121626
J6	15	13	98	23	1.2228892130919264
J7	14	13	109	12	1.120628445252993
J8	16	9	67	18	1.4703115880465587
J9	16	5	69	26	1.530413496979163
J10	14	14	107	18	1.1595484375553462
\\ Jobs in machine 2
11
J11	14	4	38	19	1.0043501569695745
J12	14	5	7	23	1.826400032452185
J13	15	10	36	18	0.9708705669838468
J14	15	1	72	29	0.35144750153124693
J15	15	1	93	6	0.9867991100986271
J16	15	12	68	7	1.7438794905562789
J17	15	11	7	11	2.247338857599394
J18	15	12	9	8	1.8235291760779668
J19	15	5	33	20	1.5412608492965858
J20	15	2	7	16	0.6330270472706133
J21	15	4	28	30	1.868230203611764
\\ Jobs in machine 3
10
J22	12	6	4	14	1.4472880073553882
J23	15	12	83	9	0.7421512081784065
J24	15	2	13	6	1.8623434134612116
J25	14	1	46	17	0.907911375393186
J26	14	10	6	2	1.7041130189787304
J27	15	10	27	20	0.516280775782382
J28	16	10	12	25	1.863498192405704
J29	13	10	68	15	0.8160389646707948
J30	14	12	78	12	1.150632220915779
J31	15	13	31	5	1.3074484279939647
\\ Jobs in machine 4
12
J32	14	7	110	2	1.1874269658591083
J33	16	11	34	17	0.8296143935953499
J34	15	8	74	7	0.6489425082940368
J35	15	10	4	1	0.6955365672507065
J36	14	13	4	22	1.4646344324075153
J37	14	2	98	9	1.2497898025307228
J38	15	1	23	25	0.7483059001891168
J39	14	11	96	13	1.7160501143278524
J40	14	13	32	2	1.2009352829131406
J41	13	14	44	23	0.8457660039117673
J42	15	3	88	16	1.0361178426003532
J43	15	13	41	1	0.7141362031123832
\\ Jobs in machine 5
11
J44	15	8	87	27	0.8673990671505032
J45	15	13	37	24	1.740565450942579
J46	15	7	57	23	0.6164657417807623
J47	14	3	109	11	1.3947644396595322
J48	14	4	5	8	1.1753508656703666
J49	15	5	53	9	1.0470187692770345
J50	12	10	108	29	1.018942348262463
J51	15	1	36	18	1.2267166752201168
J52	14	14	103	30	1.1010361702736626
J53	16	4	42	15	1.2195526177193412
J54	13	1	103	14	1.6380836189213002
\\ Jobs in machine 6
11
J55	15	9	34	4	1.4254012108401206
J56	13	13	35	5	1.1067352782898694
J57	16	4	4	13	1.2774144991729393
J58	13	6	55	23	1.4085859816286748
J59	14	2	49	26	1.5984373071164777
J60	16	10	2	20	1.4565838409315885
J61	15	9	20	26	0.880478310391316
J62	14	4	102	1	1.292299196128637
J63	15	11	50	15	2.014975737419268
J64	16	9	63	16	1.3464139583955452
J65	15	9	60	28	0.9092671212280603
\\ Dependencies 
64
1	2
1	6
2	5
2	6
4	8
4	9
5	10
6	8
6	10
7	8
11	12
11	13
11	14
11	18
11	20
12	20
13	14
13	18
14	16
14	20
15	16
18	19
22	24
22	26
24	25
24	26
24	28
24	31
25	27
26	31
28	29
28	30
29	31
32	41
32	43
33	35
33	39
34	35
35	37
35	38
35	42
36	42
37	41
42	43
44	45
44	46
44	52
45	48
46	51
46	52
47	50
47	51
48	51
48	53
55	60
55	62
57	61
57	64
58	61
58	65
59	63
59	64
60	61
62	63
