\\ machines
9
\\ max power
90
\\ Jobs in machine 1
11
J1	14	2	9	12	1.5163138306195867
J2	15	3	56	21	1.7571643095309395
J3	12	5	16	16	1.4456870281417966
J4	13	9	49	9	1.5006828851724165
J5	15	3	52	21	2.709500481371158
J6	16	9	33	20	0.1
J7	17	7	76	21	1.6800350408569316
J8	13	12	57	21	1.0903116058066833
J9	15	10	91	10	1.4922175646275502
J10	16	4	9	4	1.2999227796606228
J11	14	12	25	14	0.9074124327408291
\\ Jobs in machine 2
9
J12	14	7	61	5	1.7642199098689226
J13	15	4	70	3	0.6239637820818561
J14	15	11	7	21	1.8353471582225531
J15	16	12	99	21	1.6111820174691986
J16	15	9	38	15	1.4313749862703011
J17	14	5	96	8	1.9222931781213972
J18	15	5	65	2	0.35852809748950276
J19	14	7	41	18	0.6394835628425868
J20	14	3	75	19	1.6294549457988161
\\ Jobs in machine 3
11
J21	15	11	9	19	0.5230091080333918
J22	13	2	2	1	1.662675841012705
J23	15	13	61	2	1.297089752829138
J24	16	10	74	8	1.1960494528887646
J25	16	6	40	10	0.1
J26	15	2	3	15	0.6855865647885133
J27	16	9	25	2	1.8845015466534745
J28	14	14	57	8	0.9413370412785589
J29	15	10	87	11	0.5463991795811858
J30	15	14	70	1	1.2801946318617607
J31	15	4	73	21	1.3903174894461467
\\ Jobs in machine 4
11
J32	15	7	82	11	1.6283850249460918
J33	13	9	69	15	0.9673602120568718
J34	15	13	30	19	0.3853163717728608
J35	14	12	98	19	0.7558328364531582
J36	16	13	71	5	2.09161311960641
J37	14	6	35	19	0.9396027862326026
J38	14	13	109	16	1.5302398324200492
J39	13	5	89	16	1.5390061044012433
J40	14	14	77	17	1.5024671847660864
J41	14	12	99	22	1.0552120584048137
J42	14	4	23	4	0.7187910831489345
\\ Jobs in machine 5
12
J43	13	6	96	1	1.3663937784184912
J44	14	4	109	1	1.3781423417546401
J45	14	11	19	17	1.1045236963570755
J46	12	2	59	21	1.0425238718244947
J47	13	13	92	18	1.1308087279441548
J48	14	4	108	2	1.4475919436959819
J49	15	13	108	14	1.7309993322281378
J50	15	8	85	4	0.8342189103296955
J51	14	1	40	17	0.6976965329485157
J52	15	11	42	7	0.4769247690494739
J53	14	5	98	16	1.5194627489593413
J54	15	7	71	16	1.4174055774643153
\\ Jobs in machine 6
12
J55	16	4	30	22	2.0245812861261694
J56	16	5	32	4	1.6563003210107161
J57	15	7	36	1	1.944846253890666
J58	13	9	16	4	0.894289384926636
J59	15	4	25	18	1.0325214168902044
J60	14	14	67	18	0.9347625145640011
J61	14	7	48	2	1.6296798385881965
J62	14	1	13	9	1.0710614241774294
J63	13	5	100	2	1.0809024952604493
J64	17	7	52	2	0.5380736506495312
J65	14	12	14	13	1.6246612818102044
J66	13	2	17	21	0.8121874030735194
\\ Jobs in machine 7
12
J67	14	6	95	14	1.3777597787037348
J68	16	12	13	12	0.8967333632371974
J69	15	12	48	3	0.42225898676979645
J70	13	11	42	21	1.1144632270265606
J71	16	11	109	3	0.6190034383071411
J72	14	6	75	10	1.6371629383338167
J73	14	1	55	8	1.2836760852624738
J74	15	2	21	11	1.2986852093224877
J75	15	11	10	15	1.7508860531685744
J76	15	14	22	1	0.11700039866822332
J77	14	13	66	19	0.6962918018749952
J78	16	3	21	2	1.2391332749885469
\\ Jobs in machine 8
11
J79	15	1	28	17	0.4049745269400885
J80	15	13	56	14	1.3449767015125407
J81	15	11	87	4	1.3921933267324689
J82	16	7	68	20	1.204542184035423
J83	15	2	36	9	1.8797827628117358
J84	16	6	29	7	1.7240398631646607
J85	14	12	15	4	0.7351681620245817
J86	15	2	23	2	1.459460239530892
J87	15	4	34	14	1.8526862659003651
J88	14	7	44	3	0.9048798425670127
J89	14	10	45	5	1.0570696190820537
\\ Jobs in machine 9
11
J90	14	4	46	16	1.3900749356547024
J91	14	2	104	2	1.2942028207695486
J92	16	9	73	20	0.5652005006832255
J93	15	11	102	6	0.5223344747846381
J94	13	10	45	23	1.6482303670541862
J95	15	3	38	22	1.292747761647342
J96	16	6	103	8	1.153774646589406
J97	13	5	79	21	1.016676015056527
J98	13	1	100	11	1.896520301880561
J99	13	2	58	22	2.1867332878077392
J100	14	7	74	6	1.4718440620934707
\\ Dependencies 
44
2	3
2	8
4	9
5	9
5	11
7	8
8	11
22	30
24	30
25	28
29	30
32	34
33	36
33	40
36	39
37	40
39	42
45	49
45	53
47	54
48	53
48	54
49	50
57	66
58	62
58	64
59	60
59	65
62	65
65	66
68	72
69	73
69	77
70	77
71	74
75	78
76	77
80	83
82	86
83	88
91	92
91	96
92	95
93	98
