\\ machines
9
\\ max power
90
\\ Jobs in machine 1
10
J1	16	13	27	16	1.3109167496201448
J2	13	10	48	4	1.0991827639838854
J3	16	10	69	9	0.8634057493289498
J4	15	8	110	12	0.9568530923509514
J5	13	9	33	9	1.0470277258123089
J6	16	7	12	14	1.1554388234816564
J7	14	2	24	19	1.982304390061152
J8	14	2	17	1	1.4516174980852414
J9	16	12	55	17	1.8360037053081306
J10	13	7	80	16	1.8401525979590145
\\ Jobs in machine 2
11
J11	15	8	13	10	0.8894203719000993
J12	15	12	82	18	1.3302327439695258
J13	15	8	12	15	1.3467665772229944
J14	17	8	58	9	1.2232889498350248
J15	15	1	89	7	1.3043350704359853
J16	14	11	81	16	0.7564537739043948
J17	16	5	75	5	1.4172633712573504
J18	16	9	97	20	0.5097747364318594
J19	14	11	39	16	0.35843091510505276
J20	13	1	105	9	0.9626130919679876
J21	15	5	9	9	1.1548205833919856
\\ Jobs in machine 3
11
J22	15	10	105	21	2.1287725812923517
J23	15	12	62	21	0.5687493300027314
J24	13	5	98	7	1.2461095450063004
J25	15	1	61	2	1.220419257986129
J26	15	10	65	17	1.758311632311849
J27	14	1	54	20	1.2305946339238238
J28	15	11	67	16	0.7275596364371555
J29	14	3	3	1	0.8797620559955446
J30	15	11	14	13	0.7869313892844267
J31	15	2	70	23	1.0163632848905342
J32	14	4	98	19	1.9093856903543593
\\ Jobs in machine 4
10
J33	15	5	82	14	1.5846122088471053
J34	15	14	64	5	1.9752376602606967
J35	15	1	98	12	1.8407428730172446
J36	13	2	32	7	0.9334701087557229
J37	15	5	92	3	0.7631472587776489
J38	13	11	92	7	1.6702317534622657
J39	14	7	86	18	1.1278478659850226
J40	14	1	101	12	1.2415521305815462
J41	14	5	87	17	1.1399412569086405
J42	14	8	101	5	1.564087888420714
\\ Jobs in machine 5
10
J43	14	12	57	1	0.842061675337473
J44	13	3	61	23	1.5136355343019754
J45	16	8	66	22	1.598003190462839
J46	14	8	24	5	1.9760796826276987
J47	15	2	25	8	1.2115987260806151
J48	15	9	64	21	1.0248069955099848
J49	13	14	33	15	1.6286645167356033
J50	15	5	15	18	1.3894928261824075
J51	16	3	37	14	2.09979780197699
J52	14	10	107	4	1.1380423084738531
\\ Jobs in machine 6
12
J53	17	10	48	3	1.4411510502280516
J54	14	1	62	2	1.5949459271477635
J55	15	8	74	19	1.0006121096425205
J56	14	5	93	15	0.9797975862778336
J57	15	3	82	9	0.8988379403453441
J58	15	9	68	3	1.4982067228735654
J59	14	4	71	7	0.17872217350546915
J60	15	3	47	9	1.184126457545138
J61	14	8	11	8	0.5335567416323117
J62	13	12	11	13	1.0761356861402696
J63	15	4	23	12	0.21838375471055305
J64	15	3	96	18	1.6678956869407426
\\ Jobs in machine 7
12
J65	13	6	100	21	1.0024433650112337
J66	16	2	22	4	1.0377252780447792
J67	14	10	15	22	2.3745773796719334
J68	14	1	28	21	1.9849092922465124
J69	15	6	20	9	0.1
J70	13	10	46	17	1.8752663929818914
J71	15	3	63	21	2.196769410096521
J72	15	2	32	2	0.9956792468713154
J73	14	2	110	11	1.3945714040553148
J74	14	7	82	11	1.7311129513186851
J75	13	8	36	13	1.002440174638176
J76	14	10	36	22	1.5691694838511576
\\ Jobs in machine 8
11
J77	16	13	91	17	1.5345669769328116
J78	14	8	16	11	1.70461663995188
J79	13	13	73	17	1.021691405322185
J80	13	11	37	16	0.924870300223251
J81	16	6	54	19	1.5734505419067542
J82	14	14	40	19	0.1
J83	15	13	80	10	1.4965900827295338
J84	16	2	43	11	1.152663581085584
J85	15	10	70	20	1.3476352003452257
J86	13	14	39	4	0.7595652705854483
J87	15	13	43	19	0.6517912319190844
\\ Jobs in machine 9
12
J88	13	9	41	6	1.653835570605131
J89	12	8	91	7	0.8833503196469964
J90	13	4	74	10	1.8248081595073542
J91	15	4	42	15	1.296303550957941
J92	14	11	94	2	0.5708509326760953
J93	14	6	32	5	2.2058288674387803
J94	14	3	50	2	0.220503206313721
J95	14	8	6	8	0.816807975097432
J96	15	13	59	19	1.4165585312578965
J97	16	10	101	5	0.16064188370545107
J98	15	9	57	14	1.1480509170717847
J99	14	8	64	19	0.8418590473033347
\\ Dependencies 
301
1	3
1	4
1	5
1	6
1	7
1	8
1	9
1	10
2	7
2	10
3	7
3	8
3	10
4	6
4	8
5	7
5	8
5	9
5	10
6	7
6	9
8	10
9	10
11	12
11	13
11	14
11	15
11	16
11	17
11	18
11	19
11	20
11	21
12	16
12	17
12	18
12	21
13	15
13	17
13	19
13	21
14	19
15	16
15	17
15	19
16	17
16	19
16	20
16	21
17	19
17	20
18	19
18	20
18	21
19	20
22	23
22	24
22	25
22	26
22	28
22	29
22	30
23	25
23	26
23	29
23	30
23	32
24	28
24	29
24	30
24	31
24	32
25	26
25	27
25	30
26	27
26	30
26	31
26	32
27	29
27	30
27	32
28	30
28	32
29	30
29	31
30	31
30	32
31	32
33	35
33	39
33	40
33	42
34	35
34	37
34	38
34	39
34	41
35	36
35	37
35	38
35	39
35	40
35	41
35	42
36	38
36	40
36	41
37	38
37	39
37	40
37	41
37	42
38	40
38	41
39	40
39	41
39	42
40	42
41	42
43	46
43	49
43	51
43	52
44	46
44	48
44	50
44	52
45	48
45	51
46	47
46	49
46	50
46	52
47	50
47	51
47	52
48	49
48	50
49	51
49	52
50	51
53	59
53	60
53	63
54	55
54	56
54	57
54	58
54	59
54	60
54	61
54	63
54	64
55	56
55	61
55	62
55	63
55	64
56	57
56	59
56	60
56	61
56	62
56	63
56	64
57	58
57	59
57	60
57	61
57	63
58	59
58	61
58	62
58	63
59	60
59	61
60	61
60	62
60	63
60	64
61	62
61	63
61	64
62	63
62	64
65	66
65	67
65	68
65	69
65	70
65	71
65	73
65	74
65	76
66	68
66	70
66	74
66	76
67	68
67	69
67	70
67	72
67	73
67	75
68	69
68	70
68	71
68	73
68	76
69	72
69	73
69	76
70	71
70	72
70	73
70	74
70	75
71	72
71	74
71	75
71	76
72	73
72	76
73	75
73	76
75	76
77	78
77	80
77	81
77	82
77	83
77	84
77	86
77	87
78	84
78	85
79	80
79	83
79	86
79	87
80	81
80	82
80	83
80	84
80	85
80	86
81	82
82	84
82	85
82	86
83	84
83	85
83	87
84	85
84	87
85	86
88	90
88	91
88	94
88	96
88	97
88	98
88	99
89	91
89	92
89	93
89	95
89	96
89	97
89	98
89	99
90	91
90	93
90	95
90	96
91	92
91	93
91	96
91	97
91	99
92	93
92	94
92	95
92	96
92	97
92	98
93	96
93	97
93	99
94	95
94	96
94	97
94	98
94	99
95	96
95	98
95	99
96	97
96	99
98	99
