\\ machines
8
\\ max power
80
\\ Jobs in machine 1
11
J1	14	7	106	8	0.6789278531377075
J2	15	13	74	15	1.862272101507017
J3	15	3	99	14	0.6646921163530488
J4	13	12	88	6	1.6730651183952139
J5	15	1	16	10	0.5957848646858573
J6	15	6	3	17	0.2737311605328401
J7	14	14	102	12	1.9288542510595077
J8	15	2	7	14	0.14435842162591572
J9	13	7	44	12	1.1316291297904024
J10	15	5	71	13	1.220067028414326
J11	14	3	43	6	1.67551182736119
\\ Jobs in machine 2
11
J12	15	14	6	20	0.5318515442106329
J13	15	6	57	9	1.8075830023495243
J14	15	7	102	11	0.5371937723638815
J15	15	10	25	15	0.554840449004052
J16	16	8	65	14	0.5036126754547209
J17	15	6	63	19	1.7686579132352658
J18	14	12	21	3	1.3102141395880684
J19	15	10	46	8	1.4001452610756147
J20	15	6	77	3	0.6774063320921374
J21	15	9	96	9	0.5065506315825593
J22	15	3	96	4	2.066239796434509
\\ Jobs in machine 3
10
J23	15	4	36	10	0.9801324137595089
J24	13	12	19	12	1.6183258286848958
J25	14	2	68	19	0.4924490780668904
J26	15	2	101	20	0.8715647978648701
J27	16	13	82	17	1.6043327767903148
J28	15	9	108	12	1.2830631070941807
J29	14	8	46	18	0.7751030147618789
J30	15	8	85	19	0.42756219760533154
J31	14	4	64	11	1.2643294937634193
J32	13	7	39	11	1.206955596594107
\\ Jobs in machine 4
11
J33	15	6	83	12	0.9990415357849134
J34	17	12	38	2	2.0535431640859265
J35	14	4	7	12	1.7818560616269856
J36	15	1	4	7	1.7793933567375246
J37	15	9	50	8	0.9713553110242562
J38	16	14	61	13	0.5472280149117552
J39	15	4	33	7	1.105685843163852
J40	16	13	99	19	1.3054423600987373
J41	16	3	11	11	2.097327517387112
J42	14	2	75	5	1.9846735245532008
J43	13	8	45	13	1.7731106659871805
\\ Jobs in machine 5
11
J44	14	7	65	5	1.394241157602817
J45	16	1	63	19	1.5288162168867483
J46	14	4	40	19	1.670632847032097
J47	14	10	24	11	1.4816398147540866
J48	15	12	25	4	1.581647127079567
J49	13	6	5	12	1.9383083340973486
J50	14	2	108	6	0.6337334787390272
J51	13	11	77	10	1.8839484432998455
J52	13	14	6	14	1.0400163176446031
J53	15	8	61	10	1.3080497064840295
J54	14	12	15	15	1.4496878529449622
\\ Jobs in machine 6
11
J55	14	12	48	1	1.5249552084139801
J56	13	12	78	11	1.060498867060962
J57	14	2	16	15	0.554966411666287
J58	16	1	31	5	1.369368777247826
J59	14	11	5	18	0.8264615518829364
J60	15	14	16	5	1.3985717895745267
J61	15	13	84	1	1.191756641262849
J62	17	13	65	1	1.8894661195206135
J63	14	13	20	11	0.5839162915762732
J64	15	1	29	7	1.1993534659865888
J65	14	14	94	4	1.1527186360433685
\\ Jobs in machine 7
11
J66	14	14	60	6	1.5612720105756739
J67	13	13	46	18	0.7142806819170142
J68	13	12	33	13	0.7086998415209409
J69	15	11	81	6	1.7316852511314236
J70	14	6	83	9	1.6529004516363057
J71	15	12	43	12	1.6622121294080028
J72	13	13	26	3	1.4002289861895232
J73	15	4	65	15	1.4789540458831794
J74	15	6	53	6	1.1672958888810419
J75	14	3	65	9	0.15320315505447457
J76	14	14	7	12	1.657547570750257
\\ Jobs in machine 8
12
J77	15	8	55	6	1.3982059702949774
J78	15	3	42	16	1.2871271863256446
J79	16	2	57	8	1.5815875627304739
J80	15	7	88	9	1.7911579827852933
J81	15	10	36	8	0.4091091156871898
J82	16	1	30	5	1.1563363254163956
J83	13	13	21	7	0.7140493499016558
J84	15	13	87	16	0.679036824203007
J85	14	7	31	8	0.5156884066764114
J86	16	6	71	11	1.426334284080863
J87	15	14	46	15	1.4613856520845854
J88	13	9	81	13	0.1
\\ Dependencies 
168
1	3
1	4
1	5
1	6
1	7
1	9
1	11
2	5
2	7
2	10
2	11
3	6
3	7
3	8
3	10
4	6
4	8
4	9
5	7
5	8
5	10
6	8
7	8
7	9
7	10
8	9
9	10
12	14
12	16
12	18
13	15
13	16
13	18
13	22
14	21
14	22
15	16
15	18
15	19
15	22
16	19
16	22
18	19
18	20
19	20
19	21
19	22
20	22
23	24
23	26
23	27
23	28
24	25
24	26
24	28
24	29
25	26
25	27
25	29
25	30
25	31
26	27
26	32
27	28
28	29
28	30
28	32
29	30
29	32
30	32
31	32
33	38
33	39
33	40
33	42
34	37
34	41
35	37
35	40
35	43
36	43
37	40
38	39
38	40
38	41
39	40
39	41
39	43
42	43
44	46
44	47
44	49
44	51
44	53
44	54
45	49
45	50
45	52
45	53
45	54
46	48
46	50
46	51
46	54
47	50
47	51
47	53
48	54
49	50
50	51
51	52
51	54
52	54
53	54
55	60
55	62
55	65
56	57
56	60
56	62
56	63
56	64
56	65
57	60
57	61
57	63
58	60
58	62
58	63
59	62
59	65
60	61
60	64
62	65
64	65
66	67
66	71
66	74
66	75
66	76
67	69
67	73
68	73
68	74
70	75
70	76
71	73
71	74
71	76
72	73
72	75
72	76
73	76
77	80
77	82
78	87
79	83
79	87
80	81
80	83
80	86
81	83
81	84
83	84
83	88
84	85
85	87
85	88
