\\ machines
10
\\ max power
100
\\ Jobs in machine 1
12
J1	16	3	48	49	1.003122902981918
J2	15	14	7	71	1.5224072576790542
J3	12	5	102	39	0.5705039886751222
J4	16	3	63	62	1.7994861851629165
J5	14	13	49	35	1.711753926197487
J6	16	1	36	28	1.2442934117998297
J7	14	4	45	13	0.5820962968800029
J8	15	1	43	5	1.5767437489931864
J9	12	8	69	2	1.403068366313454
J10	16	3	80	31	1.3281233849005696
J11	14	3	56	63	1.5733878651977138
J12	16	9	76	48	0.3359085082850758
\\ Jobs in machine 2
10
J13	14	8	102	57	1.0843320066892315
J14	15	1	67	4	2.027793927925924
J15	15	2	11	68	1.3110466258424873
J16	14	14	97	75	1.9658355502684635
J17	14	13	4	50	1.1542837214043018
J18	15	11	62	71	0.8954143851347944
J19	15	14	38	25	1.1164133367169446
J20	14	12	103	26	0.48691660451909424
J21	13	2	99	23	1.7562902153721984
J22	17	12	32	37	1.23502651169219
\\ Jobs in machine 3
13
J23	14	1	94	59	1.4480764919431008
J24	13	12	79	23	0.1
J25	14	13	73	4	1.573466188402251
J26	15	8	50	60	2.0087559597101534
J27	14	14	59	58	1.7553366436151094
J28	14	3	5	34	0.347981181727248
J29	14	13	27	6	1.558709046613742
J30	14	6	93	66	0.7644367726136754
J31	15	10	78	8	0.9510928839827787
J32	14	11	47	17	1.1429613775697016
J33	14	7	55	2	1.2722454732593138
J34	13	10	97	20	0.7373990811474367
J35	14	11	17	21	0.8386312716329873
\\ Jobs in machine 4
11
J36	13	8	35	21	1.2151242832923181
J37	15	10	98	7	0.9729423989466912
J38	13	14	14	18	1.3951502665851367
J39	14	10	91	30	1.1372419701872982
J40	12	8	99	42	1.9171205462974865
J41	13	2	84	65	1.1249205814878045
J42	14	12	88	4	1.84969226680413
J43	15	8	67	57	0.21677412089698433
J44	14	2	7	39	1.5396985848800067
J45	14	13	103	6	0.5395837708188281
J46	15	10	67	21	0.5768862889784655
\\ Jobs in machine 5
12
J47	15	12	54	2	1.3654961855873915
J48	15	1	11	18	1.128752048810185
J49	16	5	83	69	1.4174609547487
J50	17	11	54	74	1.7737821813498909
J51	14	2	61	45	0.5273566422443162
J52	16	10	76	11	1.204290761148598
J53	15	10	79	54	0.6181224887013993
J54	13	10	87	39	0.48454202212464526
J55	16	11	61	66	1.0684043568973434
J56	14	1	82	19	0.85162157046216
J57	14	7	97	52	0.9609523280103289
J58	13	9	105	61	0.2419299149329912
\\ Jobs in machine 6
11
J59	14	4	43	14	1.924147331971814
J60	14	14	9	38	0.6663508988503482
J61	15	3	48	41	0.7970468130070607
J62	16	13	32	23	0.9967919006939787
J63	15	12	66	24	1.5223709456113816
J64	14	13	54	31	1.0999029179307502
J65	14	13	73	33	1.2973793057856058
J66	13	8	109	31	1.6739031836115674
J67	16	6	106	63	1.4057631788353744
J68	15	7	104	31	2.0384902844061568
J69	16	5	60	4	1.4683865018038773
\\ Jobs in machine 7
12
J70	15	12	25	50	0.829230233565061
J71	14	11	16	61	0.9811562619799988
J72	14	11	12	74	1.4353626582106245
J73	14	1	11	40	1.8062690162650261
J74	15	5	6	37	2.1694375344831336
J75	15	2	54	27	1.166337576495619
J76	13	12	106	5	0.9161398286216091
J77	15	13	55	4	1.3345512783065068
J78	13	12	18	52	0.9666465901761204
J79	13	8	58	43	1.1886708253690101
J80	14	2	62	29	1.1532299526728815
J81	15	5	103	4	0.8434069823312716
\\ Jobs in machine 8
11
J82	13	3	44	28	0.677986873320183
J83	13	2	59	73	1.5113220198001458
J84	13	13	95	66	0.7770381402140167
J85	14	4	80	32	1.3198046653923685
J86	14	4	21	64	1.3650577710603213
J87	13	1	67	35	1.3465816510509794
J88	13	4	90	2	1.633615112630329
J89	16	5	11	68	1.1848929526577012
J90	13	5	77	66	0.3003983438973695
J91	13	5	42	68	0.9362645491215895
J92	14	3	51	1	1.3688259269872403
\\ Jobs in machine 9
10
J93	15	8	51	2	1.0120390891463242
J94	16	10	72	44	1.3511587408344155
J95	15	13	34	3	1.3777030194570208
J96	14	2	66	59	1.6753810536699842
J97	15	11	73	40	0.7529611574688194
J98	14	7	66	66	0.3883273218535219
J99	14	9	26	16	0.9618301897107662
J100	15	14	56	8	0.8030925678558785
J101	16	14	107	61	1.027240537551088
J102	14	5	92	22	1.4657298542990969
\\ Jobs in machine 10
11
J103	16	9	55	37	1.0652433885259591
J104	16	5	80	14	0.9905363720816472
J105	15	4	90	63	0.8807237247629447
J106	15	12	27	1	1.7927755440660724
J107	15	5	60	24	0.7391382006939886
J108	15	14	58	23	0.7480453364183441
J109	14	8	89	26	1.4826656592102572
J110	13	10	25	21	0.9868333497591286
J111	15	1	63	69	1.5828372810233495
J112	14	14	66	16	0.1
J113	13	7	56	16	1.0440944109073882
\\ Dependencies 
412
1	2
1	4
1	6
1	7
1	8
1	10
1	11
1	12
2	3
2	5
2	9
2	10
2	11
2	12
3	4
3	5
3	7
3	9
3	10
3	11
3	12
4	5
4	6
4	7
4	8
4	10
4	11
4	12
5	6
5	7
5	10
5	11
5	12
6	7
6	9
6	10
6	11
6	12
7	8
7	9
8	10
8	11
8	12
9	10
9	11
11	12
13	14
13	15
13	16
13	17
13	19
13	20
13	21
14	18
14	20
14	21
14	22
15	16
15	18
15	19
15	20
15	21
15	22
16	17
16	18
16	21
16	22
17	18
17	19
17	20
17	21
17	22
18	19
18	20
19	20
19	22
20	21
21	22
23	26
23	27
23	28
23	30
23	31
23	32
23	33
24	26
24	28
24	29
24	30
24	31
24	33
24	34
24	35
25	26
25	29
25	31
25	32
25	33
25	34
25	35
26	27
26	28
26	29
26	32
26	33
26	35
27	28
27	29
27	30
27	32
27	34
27	35
28	29
28	30
28	32
28	34
29	31
29	33
30	31
30	32
30	33
30	34
30	35
31	33
31	34
31	35
32	33
32	34
32	35
33	35
34	35
36	39
36	40
36	41
36	42
36	43
36	45
37	39
37	40
37	41
37	42
37	43
37	44
37	45
37	46
38	40
38	41
38	42
38	43
38	44
38	45
38	46
39	40
39	42
39	43
39	46
40	41
40	43
40	45
40	46
41	42
41	46
42	43
42	44
42	45
42	46
43	44
43	45
43	46
44	46
47	48
47	49
47	50
47	51
47	52
47	53
47	54
47	55
47	58
48	49
48	50
48	52
48	54
48	55
48	58
49	50
49	51
49	52
49	53
49	54
49	55
49	58
50	52
50	54
50	55
50	56
50	58
51	52
51	53
51	54
51	55
51	56
51	57
51	58
52	53
52	54
52	55
52	56
52	57
52	58
53	54
53	55
53	57
54	55
54	56
54	57
57	58
59	60
59	61
59	62
59	63
59	64
59	65
59	66
59	67
59	68
60	63
60	64
60	66
60	67
60	68
61	62
61	63
61	64
61	65
61	66
61	68
61	69
62	63
62	64
62	65
62	66
62	67
62	68
62	69
63	64
63	66
63	67
63	69
64	65
64	66
64	67
64	68
65	66
65	68
65	69
66	67
66	68
66	69
67	68
67	69
70	71
70	73
70	76
70	77
70	78
70	79
70	81
71	72
71	73
71	74
71	75
71	76
71	78
71	79
71	80
71	81
72	74
72	76
72	78
72	79
72	81
73	74
73	75
73	76
73	77
73	78
73	79
73	80
73	81
74	76
74	77
74	79
74	80
75	77
75	78
75	79
75	80
75	81
76	77
76	78
76	79
76	80
77	78
77	79
77	80
77	81
78	79
78	80
78	81
79	80
79	81
80	81
82	83
82	84
82	85
82	87
82	88
82	89
82	90
83	84
83	85
83	86
83	87
83	88
83	89
83	90
83	91
83	92
84	87
84	88
84	89
84	90
84	91
85	87
85	90
85	91
85	92
86	87
86	91
87	89
87	90
87	91
88	89
88	90
88	91
88	92
89	92
90	92
91	92
93	94
93	96
93	97
93	98
93	99
93	100
94	95
94	98
94	100
94	102
95	96
95	97
95	98
95	101
95	102
96	102
97	100
97	101
97	102
98	99
98	100
99	100
99	101
100	101
100	102
103	104
103	108
103	109
103	110
103	111
103	112
103	113
104	105
104	106
104	108
104	110
104	111
105	107
105	108
105	110
105	111
105	112
106	107
106	110
106	111
106	112
106	113
107	108
107	110
107	111
107	112
107	113
108	110
108	111
108	112
108	113
109	112
109	113
110	111
110	113
111	112
112	113
