\\ machines
20
\\ max power
200
\\ Jobs in machine 1
12
J1	12	5	79	50	1.8856185032635837
J2	16	8	76	83	1.9339898494551835
J3	15	5	36	82	1.2914245230908434
J4	13	5	71	3	0.6675419223162135
J5	14	13	38	80	0.8399609111591382
J6	14	12	26	32	1.154601033989419
J7	14	11	12	94	1.8148366625792638
J8	15	11	9	26	0.8496975369122806
J9	14	6	34	77	1.4631399854190943
J10	16	6	10	89	1.0942769289951784
J11	15	4	95	25	2.0682947989444225
J12	16	6	68	8	1.3229619765636047
\\ Jobs in machine 2
11
J13	15	7	105	15	1.3170100966707257
J14	13	8	86	12	2.231632143515576
J15	15	13	108	32	0.6481155007541386
J16	13	8	81	23	0.5188079619757878
J17	16	4	71	23	1.5317323074414826
J18	14	7	2	82	0.5027773286190467
J19	15	6	59	31	1.7783522546423902
J20	14	3	3	33	1.57753409720037
J21	12	4	70	56	0.7727192311241945
J22	15	13	87	28	1.177780685712411
J23	16	9	18	22	0.9946148785526954
\\ Jobs in machine 3
11
J24	14	14	79	33	0.7210367696079057
J25	14	9	10	92	1.2719237258794032
J26	16	9	80	80	1.67785930348527
J27	15	5	26	91	1.3182932268925929
J28	15	6	96	66	0.43014463819703885
J29	14	11	38	88	1.187393067178836
J30	15	10	103	30	1.5737068218503083
J31	14	11	96	90	0.8372274665540244
J32	15	11	47	82	1.899017218709723
J33	16	10	49	91	0.5561148776570871
J34	16	4	70	99	1.3317715920428805
\\ Jobs in machine 4
11
J35	13	5	12	51	1.795841753845567
J36	13	6	79	20	1.9096413759369746
J37	13	13	63	71	1.74741787628174
J38	16	1	99	72	0.5435943578929917
J39	14	5	30	12	1.6970390493018557
J40	13	3	95	95	0.8151118850420658
J41	14	11	68	77	1.3653050763105845
J42	15	4	17	85	1.8184591781607848
J43	14	9	54	47	0.6047732807820336
J44	15	2	75	42	0.9567302832562574
J45	15	11	99	32	1.9202353984860152
\\ Jobs in machine 5
11
J46	15	3	86	49	1.084171519169077
J47	13	8	2	81	0.7836852226458224
J48	15	8	11	89	0.4813116600384113
J49	17	5	20	20	1.1754124203720877
J50	15	4	108	79	1.0487901406126514
J51	15	9	91	12	1.4328628864525927
J52	14	1	38	67	1.6017571982376135
J53	14	13	102	3	1.815762267563051
J54	16	5	37	88	1.1409859514935923
J55	15	13	34	39	0.3373899540572376
J56	15	13	86	42	2.4925318707278437
\\ Jobs in machine 6
9
J57	14	6	47	43	1.4213376986901771
J58	15	5	93	58	1.6546005815993603
J59	15	11	34	51	1.9576288438977723
J60	16	6	94	28	1.3953544332276353
J61	17	13	53	57	1.3540964509688642
J62	14	13	62	81	0.7111234407461926
J63	14	7	82	16	1.9274548726418235
J64	14	12	84	47	1.056342660526603
J65	15	5	98	90	0.7223566931784914
\\ Jobs in machine 7
11
J66	13	1	27	43	1.2383427158544222
J67	14	3	34	67	1.4166361510315237
J68	13	8	86	23	1.1653128300956808
J69	15	9	103	63	1.8171763497444435
J70	13	13	98	68	1.674532959703141
J71	15	3	23	12	1.4495026265085023
J72	14	7	73	55	1.249479285764897
J73	15	11	85	74	0.8200320372895724
J74	12	7	71	25	1.3291384781159081
J75	15	7	89	69	0.6475423672976272
J76	16	10	97	91	0.8870147612828294
\\ Jobs in machine 8
13
J77	14	2	65	90	0.935672715390942
J78	17	1	40	61	1.0255105904186441
J79	14	3	90	80	1.3659145229774958
J80	15	13	82	71	0.8802310908437032
J81	16	7	53	72	1.1187537088536468
J82	14	13	51	21	1.4490682437885456
J83	13	14	87	20	1.2600378175121907
J84	15	11	79	35	0.1
J85	13	1	33	73	0.9297653568284399
J86	14	12	18	41	1.2674345013969852
J87	16	13	82	53	1.8346680118457437
J88	14	8	56	64	1.5859388414476374
J89	15	7	39	96	0.2332527453071035
\\ Jobs in machine 9
11
J90	14	3	74	78	0.9406669592154007
J91	14	4	3	43	1.3549149116414019
J92	14	9	34	31	1.4096805037541535
J93	14	4	68	42	1.2885928877374901
J94	16	4	109	74	0.4895966576666919
J95	13	13	109	99	0.9752078795678992
J96	14	6	59	92	1.5575938200875572
J97	14	3	101	57	1.098209446521927
J98	14	7	68	22	2.030468156838556
J99	13	2	103	14	1.3894413334944715
J100	14	1	95	47	0.30616288789813695
\\ Jobs in machine 10
11
J101	14	12	26	14	1.934281304790908
J102	15	6	68	27	0.8924501535295984
J103	13	12	74	12	1.4597214130321763
J104	15	12	8	25	2.097871810105488
J105	14	11	10	70	0.7124699320116229
J106	14	4	89	40	1.3014645535992113
J107	15	5	57	9	1.212633892294095
J108	14	1	67	29	2.061574339000923
J109	13	4	25	69	0.45203679216884274
J110	14	8	3	61	0.7000955597680681
J111	13	2	56	70	0.8026117828537098
\\ Jobs in machine 11
11
J112	15	4	22	37	1.0429650396236563
J113	14	1	107	87	1.566953283437568
J114	15	1	39	10	1.242002003949948
J115	13	6	44	48	1.6486834865452584
J116	13	1	40	68	1.238425274134225
J117	16	3	81	4	0.8653751988908249
J118	15	12	30	57	1.218193067249408
J119	15	6	60	34	1.0798363367436346
J120	14	4	102	25	1.183611006213326
J121	15	13	51	99	0.9304788024062917
J122	14	13	50	3	1.2033679763467555
\\ Jobs in machine 12
12
J123	14	2	69	97	0.7351967368883899
J124	15	14	10	35	1.7687342316550172
J125	14	8	9	19	0.7221455795926548
J126	14	1	45	56	2.006419436015094
J127	14	2	42	12	0.7938681823788816
J128	17	13	64	6	1.9662268416208923
J129	14	14	61	34	0.9593252534881348
J130	13	11	3	25	1.8187630539839261
J131	15	3	63	85	1.7269629852437847
J132	15	9	69	65	1.2625592735085707
J133	14	8	3	98	0.5275537800385705
J134	15	3	76	26	0.22868316413702594
\\ Jobs in machine 13
10
J135	13	7	10	43	1.5782196164266586
J136	17	4	93	41	0.9638866824156913
J137	14	5	41	96	0.5640757524272255
J138	16	3	76	13	1.3469805563134063
J139	14	1	49	85	0.25857523387189274
J140	15	6	34	55	1.3971373331604104
J141	13	9	61	3	1.1755864500178166
J142	16	12	88	63	1.8223124537373274
J143	15	11	78	29	0.7369516755986344
J144	15	11	11	33	1.5028336929690551
\\ Jobs in machine 14
12
J145	15	1	103	27	1.5781284597733245
J146	12	3	67	77	0.8328236797756776
J147	16	5	73	4	0.35493078187126936
J148	14	10	99	37	1.1210904435729223
J149	14	2	58	79	1.1501974910573187
J150	12	11	12	38	0.13666301316740603
J151	14	10	42	85	1.626806053715403
J152	15	13	97	24	1.5818497303961014
J153	15	14	42	80	2.226705011618452
J154	14	2	24	17	0.5313901860339117
J155	15	5	97	76	1.5253552325537134
J156	16	3	39	64	1.3813429366097054
\\ Jobs in machine 15
12
J157	14	7	45	49	1.2703893789240424
J158	15	14	52	47	1.5473415094211094
J159	15	10	65	76	0.8477264040044353
J160	14	12	27	56	1.3809489647697724
J161	14	9	98	74	1.0452267414593723
J162	14	6	38	13	0.6105317513106033
J163	14	3	3	5	0.7689329488520587
J164	13	6	67	17	2.021827572921791
J165	14	8	20	57	0.5182028080977639
J166	14	14	23	18	2.284300420048874
J167	13	14	62	82	0.9829212260648532
J168	15	8	15	94	1.4481575514926708
\\ Jobs in machine 16
11
J169	14	8	36	71	0.18330226898079593
J170	14	8	9	45	1.6857002616547487
J171	14	12	40	78	0.9817596351066546
J172	15	8	88	41	1.8271220978370046
J173	15	1	86	72	2.3868659144669007
J174	15	3	76	4	1.7823101121316904
J175	13	9	46	8	0.5465502621433499
J176	15	4	80	17	1.668793561231643
J177	15	8	93	50	1.6016339220265945
J178	14	5	94	63	1.1688643733208914
J179	15	12	62	34	0.9923241615525379
\\ Jobs in machine 17
11
J180	15	2	75	39	1.2135707196892054
J181	14	3	89	1	1.3226667256567364
J182	13	6	61	44	1.505640295726438
J183	15	4	76	96	1.029705844768037
J184	14	5	24	72	1.0849916795488992
J185	13	4	99	56	0.8308877997445233
J186	14	7	24	29	1.460074953065671
J187	15	11	74	28	1.2982170003820084
J188	14	11	12	60	1.7679684186008258
J189	14	4	43	49	0.6980891282805269
J190	14	9	89	78	1.7812667462294616
\\ Jobs in machine 18
12
J191	14	5	74	22	0.24392684853785807
J192	16	7	58	49	0.45678612332881574
J193	16	10	20	49	1.0842758743428669
J194	15	2	90	94	1.4406524100007523
J195	15	13	25	85	0.8669090263912798
J196	15	7	49	17	1.5394930803366473
J197	15	2	37	60	0.7490797650792391
J198	15	1	39	64	0.9732529075147017
J199	15	14	10	26	0.288731961750192
J200	15	14	103	77	0.20863108105418537
J201	17	14	78	61	1.5946042560832534
J202	15	8	55	85	0.35457944248652706
\\ Jobs in machine 19
12
J203	13	8	81	50	1.216682860218598
J204	13	6	92	87	1.3702506525532454
J205	15	1	110	94	0.9849689428332509
J206	14	8	98	26	1.479007957994432
J207	15	3	69	81	1.9613653637028639
J208	14	5	4	58	0.5336242135093671
J209	14	5	20	57	1.4257518965707165
J210	15	7	7	29	0.6656550955868931
J211	15	4	58	45	1.3401523570359006
J212	14	7	78	55	0.6679754573960484
J213	13	9	74	69	0.9840667080899893
J214	15	14	52	86	1.026996322524023
\\ Jobs in machine 20
10
J215	14	9	71	11	1.663926319481926
J216	15	4	33	63	1.653477000810744
J217	14	6	77	86	1.1422100436821359
J218	13	12	95	67	1.2026802607296714
J219	17	14	33	96	0.8641933947977154
J220	12	6	92	57	0.3807262858292514
J221	15	8	89	49	1.44178833805637
J222	14	8	41	18	1.2251192899983205
J223	15	10	49	6	0.38360324303330595
J224	14	6	91	79	1.0809737523737404
\\ Dependencies 
352
1	3
2	9
2	12
3	5
3	7
3	10
3	12
4	7
4	9
5	12
6	8
6	10
6	12
7	9
7	10
7	11
7	12
8	11
8	12
9	11
10	11
13	14
13	16
13	17
14	17
14	21
15	17
15	20
16	17
16	22
17	18
18	19
18	20
18	21
19	23
20	23
21	23
24	25
24	26
24	29
24	32
25	28
25	29
25	30
25	33
25	34
26	31
26	34
27	28
27	29
27	34
28	30
28	34
29	31
30	31
30	33
31	34
33	34
35	37
35	40
36	37
36	40
36	42
37	38
37	39
37	45
38	42
38	45
39	42
39	43
41	43
42	44
42	45
43	44
43	45
46	48
46	51
46	54
47	52
47	53
47	54
48	49
48	56
49	50
49	54
49	56
50	51
50	52
52	54
53	54
53	55
54	55
57	61
57	65
58	60
58	65
59	60
59	61
59	62
59	63
60	62
63	64
66	70
66	71
66	74
66	76
67	68
67	73
68	73
69	70
69	72
69	74
69	76
70	72
70	74
70	75
72	74
72	76
73	74
74	75
77	83
77	88
78	86
79	80
79	82
79	84
79	89
80	87
80	89
81	82
81	85
81	88
82	86
83	85
83	88
84	87
86	88
90	91
90	95
90	97
90	98
90	99
90	100
91	92
91	100
92	93
92	97
92	98
92	100
93	94
93	95
93	96
94	97
96	97
96	98
98	100
99	100
101	107
101	111
102	104
102	107
102	111
103	106
103	109
103	110
103	111
104	105
104	106
105	106
105	109
105	110
106	108
106	109
106	111
108	110
112	113
112	114
112	115
112	117
112	120
112	121
114	116
114	118
114	120
115	121
115	122
116	117
116	120
116	121
117	119
119	120
121	122
123	125
123	128
123	130
123	131
123	133
124	125
124	126
125	128
125	131
125	132
125	134
126	133
126	134
127	131
127	134
128	132
128	134
129	134
130	131
131	134
132	133
132	134
135	137
135	141
135	144
136	138
136	142
137	139
137	141
137	143
138	139
138	142
138	143
139	143
140	142
145	148
145	150
145	155
146	150
146	152
146	155
147	151
147	154
148	149
148	150
148	151
148	154
148	155
148	156
149	150
149	151
149	153
149	155
149	156
150	151
150	152
151	153
152	153
158	159
158	165
158	168
159	161
159	162
159	164
160	168
161	162
161	166
162	163
162	167
162	168
163	166
164	165
164	166
164	168
165	167
169	171
169	173
169	178
170	172
170	174
170	179
171	175
171	178
172	173
172	174
172	178
172	179
173	175
173	179
175	176
175	177
176	177
177	179
180	182
180	186
181	183
181	184
181	185
181	186
183	185
183	186
184	188
185	187
185	189
186	188
187	190
188	190
191	197
191	200
192	198
192	199
192	200
193	197
193	198
193	199
193	201
194	195
194	196
195	198
195	199
196	197
196	201
198	200
199	200
199	202
203	204
203	205
203	207
203	213
203	214
204	213
205	210
205	211
205	212
205	213
206	210
206	213
206	214
207	211
207	213
208	212
208	213
208	214
210	212
211	213
212	213
215	217
215	220
215	223
215	224
216	217
216	219
216	220
216	222
217	222
217	224
219	222
220	221
220	223
222	223
