\\ machines
25
\\ max power
250
\\ Jobs in machine 1
9
J1	15	3	68	53	2.1620735282244388
J2	16	5	73	16	1.0681471629024168
J3	15	7	105	31	1.043047518184762
J4	14	4	70	36	1.217587323831797
J5	15	11	24	21	1.1075323640052301
J6	14	8	12	14	0.7312397825603565
J7	15	3	105	23	1.1754758854846579
J8	16	4	73	31	0.7950729970102557
J9	14	13	104	28	1.1604303771978444
\\ Jobs in machine 2
11
J10	14	12	86	15	0.7938507120792908
J11	14	5	37	44	0.1
J12	14	11	54	57	1.5901478230837454
J13	13	4	72	59	0.8527156091839668
J14	13	10	32	55	1.019003945379261
J15	14	8	23	46	1.0692207240853586
J16	14	5	97	60	1.2483191435339511
J17	14	11	8	31	1.5327732167352002
J18	15	14	19	25	0.9026377209842114
J19	15	13	11	10	1.9487656843448669
J20	15	13	72	18	1.2498663978989322
\\ Jobs in machine 3
12
J21	15	3	102	21	1.1654782202694725
J22	15	8	76	25	0.903423702278106
J23	14	8	69	52	1.47042388479832
J24	14	9	104	44	0.839922559167156
J25	15	6	65	26	1.8429963929551225
J26	14	5	76	48	0.2544738926927319
J27	12	2	48	8	1.047707973464234
J28	14	11	38	41	1.3546326614262605
J29	14	11	98	33	0.938108643363566
J30	14	13	104	24	0.5744466820395574
J31	16	13	59	37	1.9255684817350949
J32	15	13	49	22	0.7032354004643357
\\ Jobs in machine 4
11
J33	14	7	23	56	0.7491407015773888
J34	13	13	49	29	0.9207996939569487
J35	16	6	68	46	0.4798592416418812
J36	15	4	8	62	1.0541988894651373
J37	16	6	58	14	2.0201908050188027
J38	12	14	70	10	0.8249725427781424
J39	15	5	47	61	2.0355582954095515
J40	16	8	19	11	0.7250456973732107
J41	14	14	67	38	1.1273938592365476
J42	14	14	89	55	1.0959262108904215
J43	14	9	26	38	1.585192138990516
\\ Jobs in machine 5
12
J44	14	11	70	45	1.724571241529845
J45	17	5	47	26	0.8821538467549142
J46	15	1	104	31	1.5386836881587969
J47	15	6	79	41	1.052402869993651
J48	14	14	60	15	1.0376197886888936
J49	15	1	65	38	0.4195728014181356
J50	15	5	66	55	1.1053122887784417
J51	14	8	37	44	0.3698918448953371
J52	13	10	33	38	2.0261365713482578
J53	15	7	27	58	1.3349735864072807
J54	14	6	59	18	0.9575760762873328
J55	15	10	93	51	1.399538740514915
\\ Jobs in machine 6
10
J56	15	5	77	3	0.9385990628602312
J57	16	12	47	8	1.7765794649287256
J58	15	6	23	12	1.586094695968899
J59	14	12	40	26	0.11059681020555567
J60	14	14	90	9	1.738409541913424
J61	15	4	18	27	1.726612820458323
J62	14	8	84	3	0.8245897585467571
J63	14	13	71	26	1.635339502879483
J64	14	8	8	36	0.8308623392897065
J65	16	4	57	5	0.51497510909016
\\ Jobs in machine 7
11
J66	15	3	76	32	0.7940917275314978
J67	14	3	84	49	1.7283740341936653
J68	15	11	78	13	1.3480052558741724
J69	15	14	60	10	1.8627213231277713
J70	16	7	102	3	1.3373454733001051
J71	14	13	96	29	1.3252495525902697
J72	15	7	107	59	1.0735725698674632
J73	14	9	66	60	1.2180265260425833
J74	13	14	31	51	1.5615309242302307
J75	13	1	52	46	1.8207936192123197
J76	14	2	49	3	0.702226666509788
\\ Jobs in machine 8
12
J77	14	7	91	48	1.694951939305895
J78	15	5	72	41	0.6275617482020373
J79	13	7	16	16	0.8598336367005717
J80	14	2	8	25	0.8351903340447606
J81	15	9	17	12	0.1643902779647226
J82	16	13	28	8	1.078925430419295
J83	15	4	90	35	0.9691395986634036
J84	16	4	28	63	1.145457827071266
J85	12	2	58	48	0.6718221292655538
J86	13	13	24	17	1.4684339209541863
J87	15	2	97	13	1.7270937015094692
J88	14	11	78	29	1.5669005652727166
\\ Jobs in machine 9
12
J89	15	9	79	31	0.1
J90	15	2	4	26	1.2144464156525532
J91	15	10	83	54	0.9645266413783538
J92	15	2	18	25	0.4771982793437485
J93	16	11	86	8	1.011751667373825
J94	15	6	58	60	2.144230549585786
J95	15	8	90	56	0.1
J96	15	10	46	3	1.3772993663067408
J97	15	1	32	19	0.9477318029474648
J98	15	6	3	55	1.3590797106636594
J99	15	2	107	52	1.4251908163178426
J100	14	1	44	49	1.9534489789947478
\\ Jobs in machine 10
10
J101	14	2	34	3	1.457385586558146
J102	15	5	52	20	0.31474174882707007
J103	15	1	99	57	0.32139544123454455
J104	15	13	28	30	0.9515760896060428
J105	14	4	15	35	1.707150098282326
J106	15	7	82	50	1.7417408650285147
J107	14	7	33	2	1.8444405969545228
J108	14	1	70	33	1.6668913733546933
J109	14	10	9	7	1.7361013012937578
J110	15	6	38	8	1.4390241661613952
\\ Jobs in machine 11
9
J111	14	3	103	21	0.8202190892359689
J112	15	8	77	9	1.0007954100969663
J113	13	14	43	47	2.061974555515045
J114	14	8	25	5	0.6609481299483653
J115	15	8	22	35	1.765129515640791
J116	15	3	25	43	1.4289690482602533
J117	15	14	88	60	1.3331824177328584
J118	15	12	79	14	2.101430789781035
J119	14	11	107	28	0.8020648385583409
\\ Jobs in machine 12
11
J120	13	14	109	16	0.9725750231998859
J121	15	12	17	46	0.1
J122	15	4	72	14	0.7844820266905159
J123	15	12	93	49	0.20198409788207772
J124	15	1	60	39	1.391116007872633
J125	16	7	102	8	1.2513087134382275
J126	15	14	101	47	1.4048815606010407
J127	15	10	105	9	0.6947249427923844
J128	15	8	47	22	0.9140057153297213
J129	15	1	81	62	1.7390302493469414
J130	15	4	92	33	0.8716410322870944
\\ Jobs in machine 13
9
J131	13	8	102	33	1.9180625802061038
J132	14	2	26	1	1.5229055405397915
J133	13	3	88	62	1.3145418153065571
J134	14	4	72	27	1.7444386647320176
J135	14	13	70	19	1.190415169173226
J136	15	2	77	40	2.296028470719583
J137	14	13	66	10	1.1951790896936705
J138	16	9	66	57	2.0111259758288926
J139	16	14	98	17	1.2059954149320904
\\ Jobs in machine 14
13
J140	14	12	7	25	2.4475429196764216
J141	15	7	17	17	1.070014578860985
J142	15	10	20	32	1.0288359569420127
J143	15	2	17	1	1.9184092467211347
J144	16	6	95	62	2.2571359151593393
J145	15	1	49	2	1.3610791588799025
J146	13	11	54	39	1.2819153894363857
J147	14	5	94	16	0.9374214315267169
J148	14	2	81	13	0.6012361636003116
J149	14	3	78	54	1.511401120663486
J150	15	6	71	2	0.962379661020336
J151	14	7	77	50	1.4051586508602056
J152	15	9	3	62	1.3161307122271388
\\ Jobs in machine 15
9
J153	16	10	97	63	1.4536732077783365
J154	15	3	86	48	1.5275601551952107
J155	15	7	83	11	0.8250578335876944
J156	14	6	78	24	1.6338477478149676
J157	13	7	100	51	0.9371486676343251
J158	14	10	53	56	1.2851944137366453
J159	15	2	86	61	2.2403361879023636
J160	13	6	16	18	1.421966300939353
J161	15	1	84	55	1.2556381310841704
\\ Jobs in machine 16
11
J162	14	3	30	26	0.4450032923589582
J163	14	10	71	27	0.7581682140906021
J164	15	1	25	31	1.8431463350348836
J165	14	5	50	11	1.9513611133597224
J166	15	11	98	33	1.0004727438874206
J167	15	12	82	14	1.551576154946596
J168	15	5	18	19	1.7348744136435168
J169	14	14	96	27	0.8872463270582183
J170	16	5	14	33	1.822154815969533
J171	14	12	67	43	0.8533743592439791
J172	16	3	48	55	1.6751267722648575
\\ Jobs in machine 17
10
J173	14	5	105	27	1.2579443295925048
J174	15	14	90	23	1.2459674578717916
J175	16	6	22	6	1.8979860359109524
J176	15	12	77	19	1.0798499483715218
J177	14	12	46	52	1.1718266321337707
J178	13	8	68	43	1.7455293453022325
J179	14	12	6	18	2.0049913948331763
J180	13	6	94	14	1.550959028001095
J181	12	14	70	15	1.1967958849374265
J182	14	14	39	13	0.7636691239981572
\\ Jobs in machine 18
10
J183	13	5	104	59	2.366674124559708
J184	15	11	37	34	0.8801314113073815
J185	15	8	77	8	0.9883722759044492
J186	15	1	36	19	1.6776411268057796
J187	13	12	4	59	1.5456287842371326
J188	15	5	71	9	1.854704348644494
J189	13	11	100	55	0.9275742904383045
J190	14	8	35	38	1.2768725517529425
J191	14	12	101	56	1.6659356285612872
J192	14	10	96	22	1.52917452621605
\\ Jobs in machine 19
13
J193	14	8	110	55	2.6230693687858118
J194	16	7	15	20	1.4001496463969492
J195	14	5	74	60	0.9536266450175841
J196	13	7	84	49	1.5480859785024883
J197	16	2	16	8	1.3362232380926242
J198	15	13	103	32	0.8196500437105094
J199	14	12	99	38	0.677255090300986
J200	14	7	71	21	1.6180672167498504
J201	13	5	42	14	0.5768539207024705
J202	17	11	94	37	0.8178214959081247
J203	16	2	42	28	0.9480249262247046
J204	17	8	17	30	1.2409244749204984
J205	16	4	108	45	0.5603295122102523
\\ Jobs in machine 20
10
J206	14	12	52	38	1.3091953219689016
J207	14	5	20	61	1.7419895825748368
J208	14	8	99	40	0.765392575255752
J209	14	6	96	50	1.6134930479077154
J210	14	3	94	6	1.554925310501745
J211	14	4	51	18	1.059623560595861
J212	15	11	79	43	0.8707388700462102
J213	16	6	26	37	1.262755339734193
J214	13	10	87	35	1.9152492660247376
J215	12	13	103	24	1.75825866079331
\\ Jobs in machine 21
12
J216	15	9	55	38	0.8805308664578884
J217	15	10	75	56	1.1792719357184887
J218	14	10	29	1	0.7147067073446638
J219	16	3	98	51	1.2303353736695335
J220	15	8	27	18	0.8187256532170373
J221	15	11	40	51	1.3057733516333028
J222	16	14	65	15	0.8095855687011703
J223	14	12	32	10	0.5948855190358439
J224	15	9	37	20	0.745942674457652
J225	13	8	17	56	1.208884425010181
J226	14	1	20	51	2.1842522381557283
J227	16	3	54	16	1.2176147223500657
\\ Jobs in machine 22
9
J228	16	10	51	42	1.0610283408639944
J229	14	14	12	22	0.9538343560814957
J230	14	11	87	5	1.2636757974736552
J231	13	12	93	52	1.893332194316821
J232	14	5	19	18	2.0994330166821267
J233	14	6	58	30	1.0353719227515101
J234	14	9	91	39	1.7435155625952201
J235	16	10	18	44	1.1969301286099443
J236	15	13	54	52	0.3640813229980453
\\ Jobs in machine 23
11
J237	14	1	94	52	1.3765370992289863
J238	16	2	108	25	1.98726670981025
J239	15	3	45	62	1.2746983681914934
J240	15	4	33	13	0.8749021708688365
J241	15	11	16	13	1.329524081474089
J242	13	4	65	2	1.28976170767611
J243	14	3	70	27	1.435383770007712
J244	15	5	62	58	1.7707912279056468
J245	14	10	81	42	1.2753695151840465
J246	14	9	26	36	1.6107989598201602
J247	15	1	33	24	2.01741296361619
\\ Jobs in machine 24
12
J248	14	7	29	8	0.601526586050222
J249	13	9	30	22	1.644897161064032
J250	15	9	49	42	1.2155901038790426
J251	15	8	90	34	0.8928735590887482
J252	14	3	65	44	0.4995501303502772
J253	17	12	11	61	0.9330256794356362
J254	16	9	7	9	1.9426431055524604
J255	15	4	109	38	1.6443121467974295
J256	15	4	87	62	0.9870394803892377
J257	15	6	17	20	1.334851282760299
J258	13	5	84	60	2.3730304317084654
J259	14	12	44	61	2.148305009995578
\\ Jobs in machine 25
13
J260	14	12	75	35	2.0817025316511497
J261	14	11	54	2	1.0346093816170367
J262	14	8	109	1	0.7805463932265141
J263	14	4	75	8	0.9421942637723884
J264	15	6	100	54	1.9422932756769289
J265	13	9	25	28	0.1
J266	15	1	62	5	0.9614747670211773
J267	14	9	61	17	1.4219824964861698
J268	16	9	48	21	1.4076296500739525
J269	16	13	28	47	1.222638160049284
J270	12	9	7	26	1.0590308491562606
J271	12	6	65	28	1.6931784645944012
J272	15	4	15	16	1.5773599119749506
\\ Dependencies 
293
1	5
1	8
3	5
3	9
4	5
5	8
5	9
10	11
10	15
10	16
10	18
11	13
11	18
12	19
13	14
13	16
14	19
19	20
21	24
21	29
22	26
22	32
23	26
24	32
25	27
25	30
26	29
26	30
26	32
27	30
28	30
29	32
30	31
33	41
34	35
34	40
34	41
34	42
35	36
35	39
36	37
36	39
36	42
37	39
44	48
45	47
45	48
45	49
45	51
45	54
46	48
46	53
46	55
47	49
47	50
47	52
48	49
48	50
48	54
50	53
50	54
51	53
56	62
57	64
58	61
59	60
59	62
59	63
61	63
62	63
66	70
66	72
68	69
68	71
68	73
68	76
69	72
69	73
70	75
71	73
71	74
77	85
77	87
78	82
78	85
79	81
79	84
79	85
79	87
80	82
81	82
81	84
81	85
82	85
82	87
85	87
86	88
89	93
89	100
90	92
90	95
91	94
91	99
91	100
93	96
94	96
95	99
95	100
97	99
101	103
102	107
104	106
104	107
106	108
107	108
111	112
111	115
111	117
113	115
113	117
114	117
115	116
116	119
117	118
120	122
120	126
120	130
121	122
121	129
122	123
122	125
123	124
123	126
123	127
125	130
126	127
126	130
127	128
131	133
131	138
136	138
140	141
140	145
141	145
141	147
141	148
141	150
141	152
142	149
143	145
143	150
144	149
145	147
145	148
145	149
146	147
146	151
147	151
148	149
148	150
148	152
149	152
153	158
153	161
154	157
155	158
156	161
157	161
158	160
158	161
159	160
162	169
162	172
163	169
163	172
166	170
167	170
167	171
168	169
168	170
173	176
173	181
174	176
174	180
174	182
175	178
175	181
177	178
177	181
179	181
183	186
184	189
184	191
185	188
185	191
186	192
189	192
190	192
193	194
194	199
194	200
194	201
194	205
196	200
196	205
197	202
198	205
199	202
200	202
203	205
206	209
206	215
207	210
207	214
208	214
209	211
209	213
210	213
211	213
216	217
216	225
217	223
217	224
217	227
219	222
219	224
220	225
221	224
221	227
222	223
222	227
228	230
228	231
228	232
228	235
229	235
230	233
230	234
230	235
231	234
232	234
232	236
233	234
237	241
237	242
238	239
238	243
239	243
239	244
240	241
240	242
241	242
241	244
243	245
243	246
243	247
244	245
245	246
248	251
250	253
250	255
250	256
250	257
251	256
252	255
252	259
253	257
253	258
254	255
255	257
255	258
255	259
257	258
257	259
258	259
260	265
260	268
261	270
261	271
262	268
262	269
262	271
264	266
264	267
265	270
265	271
266	269
266	270
266	271
267	270
268	269
269	271
270	271
