\\ machines
7
\\ max power
70
\\ Jobs in machine 1
13
J1	13	3	17	27	1.9789645274341694
J2	15	2	102	34	1.5107153957029749
J3	14	10	81	13	0.6603023047347136
J4	14	14	102	10	1.2088720751520068
J5	14	2	16	53	1.6958110347803705
J6	15	2	87	6	0.11967110732995856
J7	13	4	7	32	1.0792162592842556
J8	16	8	44	38	1.5611442327612757
J9	17	6	52	33	1.0494463566234666
J10	14	2	83	17	0.9549249849195298
J11	16	1	63	47	1.1606855089290848
J12	15	14	9	29	0.7662111978891792
J13	14	1	103	13	1.5599236728404149
\\ Jobs in machine 2
13
J14	13	12	51	36	1.573689987447958
J15	14	13	55	26	1.2216014904663108
J16	15	11	97	22	0.8167196210026063
J17	14	12	69	13	0.8442944540063035
J18	16	10	24	36	2.1133401453178364
J19	14	14	2	30	1.1619489423422655
J20	14	5	81	36	0.6084181208777507
J21	13	10	35	43	1.5937215212665803
J22	14	9	85	21	1.3584262433808032
J23	16	3	21	40	1.2847863008760447
J24	15	12	5	14	1.0551161290211892
J25	12	4	91	3	1.1612921378857572
J26	14	12	93	37	1.093654499587415
\\ Jobs in machine 3
14
J27	14	4	102	51	2.267990910694397
J28	14	1	68	20	0.4538624410201252
J29	15	7	89	12	1.0664657931783088
J30	13	6	62	52	0.9883982050050868
J31	14	7	24	45	0.47017983611131353
J32	13	9	96	23	1.7104159795593787
J33	14	5	48	2	0.6098280565539715
J34	15	4	28	33	1.1875289573974546
J35	14	7	29	25	1.6969863297828622
J36	14	8	101	46	1.550026036205381
J37	14	13	88	8	0.1
J38	17	5	96	19	1.477826327019278
J39	15	7	100	4	0.7645049480507864
J40	14	5	27	36	0.7282370959308966
\\ Jobs in machine 4
11
J41	13	6	99	52	0.6886008601053426
J42	12	13	102	34	1.54171299910469
J43	16	2	24	38	0.5762271195718164
J44	15	14	63	3	0.8681157666032577
J45	16	9	56	20	0.49816992429476636
J46	15	9	45	42	0.5225417423656754
J47	16	14	61	4	1.6101764426966143
J48	15	13	73	26	1.501516003142131
J49	16	12	21	30	0.6080854075573241
J50	15	7	36	5	1.9714275998389197
J51	15	10	16	51	0.8986920797761498
\\ Jobs in machine 5
11
J52	14	4	74	46	1.0527912394612666
J53	14	11	3	1	0.6251707918781161
J54	14	10	42	29	0.8630027825300572
J55	17	5	18	50	1.6901120794285207
J56	15	9	32	14	1.515012093769291
J57	16	2	14	48	1.2502506498169033
J58	15	5	7	50	0.1
J59	16	4	76	42	1.5959931410627344
J60	14	1	98	38	0.501358542258426
J61	14	11	22	36	0.945915509474683
J62	14	9	108	9	1.7670314471249475
\\ Jobs in machine 6
12
J63	14	9	40	48	0.2935886442922728
J64	13	9	42	19	1.640261326239548
J65	14	3	32	11	0.76472627874567
J66	15	5	82	39	1.2425811944333793
J67	14	1	61	23	1.7712122339655862
J68	15	1	104	46	0.9145807610181441
J69	14	7	66	20	2.0235167500760105
J70	13	4	34	28	2.3070709662899636
J71	15	9	109	9	0.5445244879316361
J72	14	9	64	24	0.4866688885813849
J73	15	14	88	15	0.7288787490049625
J74	16	12	5	7	1.2582604640698773
\\ Jobs in machine 7
10
J75	15	14	51	51	1.0042784118960917
J76	16	3	92	22	1.591878340916393
J77	15	11	12	15	1.5173520753099727
J78	13	13	62	51	1.4289918315230044
J79	15	8	25	8	1.7684384904482253
J80	13	14	23	30	1.900116849693826
J81	14	14	73	39	1.1326601756971455
J82	14	11	19	32	1.7234282080765921
J83	15	9	50	34	1.2062348385873056
J84	15	6	6	16	1.1892386562838804
\\ Dependencies 
190
1	3
1	5
1	6
1	8
1	9
1	10
1	13
2	3
2	5
2	6
2	10
3	4
3	5
3	11
4	6
4	9
4	11
4	12
4	13
5	6
5	8
5	9
6	7
6	11
7	12
7	13
8	9
8	10
8	13
9	10
10	11
10	12
10	13
14	15
14	19
14	26
15	19
15	21
15	22
16	18
16	22
17	19
17	21
17	22
17	24
17	25
18	21
18	25
18	26
19	20
19	22
19	24
19	26
20	22
20	24
20	25
20	26
21	24
21	25
22	26
23	25
25	26
27	28
27	34
27	35
27	38
28	29
28	31
28	36
28	39
29	30
29	31
29	33
29	35
29	37
29	40
30	31
30	33
30	34
30	37
30	40
31	33
31	34
31	37
31	39
32	33
32	34
32	38
32	39
33	34
33	36
33	38
34	36
34	38
34	40
35	38
35	40
36	37
39	40
41	46
41	48
41	49
41	50
42	43
42	49
42	50
43	49
44	46
44	47
44	48
44	49
44	51
45	47
45	50
46	49
47	48
47	49
48	50
50	51
52	54
52	55
52	57
53	60
53	61
53	62
54	55
54	57
54	58
54	60
54	62
55	57
55	58
55	62
56	59
56	61
57	58
57	59
58	59
58	60
59	60
59	61
59	62
60	61
63	64
63	66
63	68
63	74
64	65
64	69
64	71
64	72
64	73
65	67
65	68
65	71
65	74
66	67
66	69
66	74
67	69
67	71
68	69
68	70
68	73
68	74
69	71
70	71
70	72
70	73
70	74
72	73
72	74
75	81
75	82
75	83
75	84
76	77
76	79
76	82
76	84
77	83
77	84
78	80
79	82
79	83
80	81
80	82
80	83
81	84
83	84
