\\ machines
18
\\ max power
180
\\ Jobs in machine 1
11
J1	16	10	79	5	1.5628849856719897
J2	15	6	97	105	1.6615638615206498
J3	15	1	84	53	0.912325434602417
J4	15	10	86	82	1.734674497921503
J5	14	13	79	36	1.9482077036164545
J6	15	12	88	7	1.2666874956700669
J7	15	1	59	98	1.4450525525667905
J8	13	7	83	61	1.5191898356180953
J9	14	6	19	100	1.027760805063418
J10	15	10	39	100	2.188220095220325
J11	15	13	75	116	1.286832793924357
\\ Jobs in machine 2
12
J12	15	2	53	16	0.9555887157133132
J13	15	9	31	73	0.6722218192426698
J14	13	7	45	36	1.4910977337418951
J15	16	5	87	82	0.7245494589615759
J16	15	13	53	90	1.8504011812555308
J17	14	4	99	128	2.107263152232351
J18	15	7	50	100	1.1870102536816973
J19	12	13	60	52	0.6878362865380786
J20	14	10	73	7	1.3315278308723248
J21	14	4	24	132	1.2871808656147674
J22	15	14	59	102	2.386213778022443
J23	14	1	90	45	0.7756978062508408
\\ Jobs in machine 3
12
J24	11	8	41	83	2.5827078645280093
J25	14	8	60	102	0.7802201169449081
J26	14	2	55	81	0.3045070064068509
J27	14	8	72	115	1.331091807255948
J28	14	14	27	54	1.6286435461938082
J29	13	14	28	122	1.4638985846752555
J30	14	10	67	31	0.8379239247369143
J31	14	4	43	70	1.8549952249998083
J32	15	6	78	57	1.602782370221112
J33	14	5	84	75	0.5893906893057715
J34	15	3	28	131	1.5353399021049705
J35	14	14	16	120	1.170615732518023
\\ Jobs in machine 4
11
J36	16	1	69	72	1.6669628735197157
J37	14	6	28	94	0.9678632329971302
J38	13	8	106	90	1.2841965949669532
J39	14	12	38	13	1.0589761887181375
J40	15	1	74	39	0.7473430588677732
J41	14	14	42	48	1.398026787456147
J42	15	6	54	93	2.1239131828308144
J43	13	1	96	112	0.8805964036565077
J44	14	10	91	57	1.408011582741988
J45	14	7	60	17	0.5440212009110146
J46	16	11	40	30	1.2366436627725028
\\ Jobs in machine 5
10
J47	16	6	100	82	1.4855246057407283
J48	15	12	92	132	2.1060895093093004
J49	15	5	54	12	1.0368929241467382
J50	14	5	29	129	0.5907993714951196
J51	13	3	73	22	1.0825838932740388
J52	15	14	55	56	0.6552488215133385
J53	15	6	16	127	0.8003687025077095
J54	15	7	84	71	0.6998935223645216
J55	13	4	58	100	1.4495143737707725
J56	15	13	17	75	1.4069481820644896
\\ Jobs in machine 6
12
J57	14	1	60	8	0.6510551289909952
J58	13	2	64	48	0.8053496101069988
J59	15	13	67	92	1.5807683578120502
J60	16	4	79	59	1.021692392135789
J61	14	6	20	56	0.5646218904480003
J62	13	2	13	57	1.6531758684620748
J63	13	1	37	47	1.5126519316069216
J64	12	11	12	114	1.1118732726339342
J65	14	5	44	46	0.6981021181348295
J66	14	3	28	15	1.8477823699628142
J67	16	3	5	93	1.2959208798459727
J68	14	3	46	13	1.0963821566043292
\\ Jobs in machine 7
11
J69	14	2	2	63	0.8436663096969372
J70	15	9	91	78	1.572987076703078
J71	16	1	96	66	1.4875145058230346
J72	14	14	64	106	0.6474602245286674
J73	14	4	80	60	2.317650534880427
J74	16	11	85	14	0.7720799862318934
J75	14	8	10	67	1.2363960279263355
J76	13	12	107	21	1.1659798529938667
J77	14	12	64	80	0.8661628504647869
J78	15	6	107	61	0.7955308326187882
J79	16	3	94	130	0.9396138827155063
\\ Jobs in machine 8
10
J80	15	2	18	71	1.3809704223747026
J81	15	8	103	12	1.6463652811258136
J82	14	6	101	36	1.26538350539271
J83	15	4	21	122	1.3544968483686017
J84	15	8	22	125	1.869940619523398
J85	15	12	26	65	0.8840350371141013
J86	15	11	60	2	1.2829353286239562
J87	14	12	13	40	0.7048872664800978
J88	14	2	82	126	1.6377937990988758
J89	13	2	32	99	0.9791784610159558
\\ Jobs in machine 9
10
J90	15	14	9	126	0.8769437821287991
J91	16	11	93	115	1.9870666301445623
J92	13	13	6	69	1.2297135144400513
J93	13	7	63	43	1.3562155376571636
J94	15	13	33	48	1.9505992213510601
J95	14	4	31	42	1.4898661454963924
J96	14	14	74	73	2.077339700208425
J97	14	10	75	129	1.5622516714160306
J98	15	5	30	40	0.6500359497734678
J99	13	3	37	20	0.7602379998058748
\\ Jobs in machine 10
12
J100	16	5	79	94	1.111569820207675
J101	15	12	78	29	0.6101347788474103
J102	12	10	75	65	1.0953316289186985
J103	14	7	2	48	1.1155275436354628
J104	13	5	23	108	0.1990990694520336
J105	14	8	16	70	1.2341703577156433
J106	16	13	76	98	0.415537486784437
J107	17	7	91	23	0.7091714801864213
J108	13	3	19	95	0.41624955636953287
J109	15	2	78	66	1.1999856087974818
J110	14	4	96	42	1.981207698995882
J111	14	13	90	123	1.6615225976036758
\\ Jobs in machine 11
11
J112	14	9	66	75	1.5184007199011813
J113	15	10	74	32	1.3329709110814394
J114	14	3	103	54	1.3737901891919158
J115	12	14	73	124	1.2177525850240158
J116	15	10	22	85	1.6201573280504487
J117	15	5	29	44	0.8546380592674581
J118	13	11	109	111	1.339177236978619
J119	17	6	87	48	1.003948006390989
J120	13	11	102	44	1.302081941292791
J121	15	4	65	33	1.1836345707742704
J122	13	2	3	17	1.047183136941047
\\ Jobs in machine 12
11
J123	14	5	45	112	2.0016310020186867
J124	15	12	74	118	2.324645350557094
J125	15	6	52	130	1.7998454877590249
J126	14	12	44	31	0.9375617742384554
J127	14	14	74	123	0.2446462738881663
J128	14	3	7	8	1.5940263326629096
J129	16	6	91	75	1.3767691391658547
J130	15	8	23	132	0.736926434927267
J131	15	14	35	63	0.8523586243362395
J132	18	9	83	45	1.5611853273784413
J133	15	13	44	72	1.6864579899975247
\\ Jobs in machine 13
12
J134	15	7	83	86	2.1237153492817527
J135	15	14	96	105	0.6687698264692367
J136	16	5	79	21	0.8106566516872874
J137	13	3	32	76	0.6224279802743512
J138	15	3	93	43	0.9990927578141975
J139	15	9	97	40	0.23643116335904735
J140	17	5	46	11	1.0369433662405267
J141	15	7	32	42	0.9921402540297852
J142	13	4	22	88	1.0532765544980176
J143	16	6	81	67	1.30661142570706
J144	15	11	87	110	1.0297004575297721
J145	15	5	63	120	1.6084760818237507
\\ Jobs in machine 14
12
J146	14	9	11	123	1.4304709219129568
J147	15	2	87	83	1.684969331401737
J148	14	9	6	9	1.797101442976599
J149	14	12	87	129	0.9325495484309776
J150	15	1	62	23	1.9826665321856711
J151	15	5	60	132	1.721662030542717
J152	16	9	9	80	0.4390738314069109
J153	13	9	73	115	1.1605788855236827
J154	14	7	46	105	1.4772002118750405
J155	15	7	21	33	0.6932805371627225
J156	14	3	68	21	2.146709806066272
J157	14	9	23	60	0.9333594763169426
\\ Jobs in machine 15
9
J158	13	5	103	82	0.8510121073926142
J159	15	2	109	129	0.6730690059619647
J160	14	13	3	32	0.1
J161	15	8	16	31	1.3285761179117834
J162	14	8	100	112	0.3203725171471439
J163	14	8	8	68	0.8969832106061639
J164	15	14	98	27	1.7143557715935378
J165	15	1	38	56	1.2833209299288606
J166	16	1	80	64	1.3061746572156194
\\ Jobs in machine 16
11
J167	15	7	87	87	1.996162919910648
J168	13	12	69	124	0.9736742993180654
J169	16	11	9	58	0.858884637013355
J170	15	8	84	27	1.2253468876519455
J171	15	10	84	111	1.8219434683121862
J172	14	7	50	108	1.4127285810293342
J173	14	10	24	93	1.9576377266633875
J174	16	3	97	105	1.1993090789249958
J175	15	6	53	57	0.2549773832141401
J176	16	2	64	23	0.9079083880234258
J177	13	12	99	5	0.4031392720856425
\\ Jobs in machine 17
11
J178	14	13	84	102	1.02715239673262
J179	14	3	106	87	0.35956560216149036
J180	14	14	69	23	0.1
J181	15	4	100	88	0.6657310781199111
J182	15	11	14	20	0.6676955615387955
J183	14	8	47	69	1.6369332821394795
J184	15	7	69	36	0.3429814626749379
J185	14	3	108	13	1.228134670301696
J186	14	2	3	120	0.1
J187	13	12	39	72	0.36545581512548275
J188	14	11	22	50	0.8273271647795604
\\ Jobs in machine 18
12
J189	13	7	11	47	1.245755255359023
J190	14	5	23	1	0.6793030313376772
J191	15	13	102	3	1.2060300711075436
J192	15	11	91	35	1.0343419889176837
J193	15	7	11	14	1.0878929141485216
J194	15	6	25	88	1.4116322530257595
J195	16	4	55	129	1.391974218623548
J196	15	6	42	74	1.0795731442046363
J197	15	8	2	89	0.6216824518432919
J198	15	7	27	61	2.33133479543162
J199	13	8	91	73	0.36098664399681146
J200	15	3	77	71	0.8634433370193082
\\ Dependencies 
96
2	8
3	7
13	18
13	22
14	20
15	19
15	22
18	20
20	23
24	29
25	30
26	29
26	34
27	30
27	34
28	30
30	32
30	35
32	33
33	34
38	39
39	40
48	53
50	55
51	52
58	66
60	61
64	68
65	66
66	68
69	71
69	72
69	77
71	72
73	74
73	79
74	76
87	88
87	89
95	96
95	98
100	101
100	105
100	108
100	109
101	103
102	105
107	109
107	110
108	109
112	115
113	116
114	119
116	121
116	122
124	126
126	128
127	129
129	131
131	132
134	139
135	142
136	137
138	144
139	140
144	145
146	147
147	148
148	153
149	157
154	157
160	162
164	166
167	168
167	171
167	176
168	176
169	175
169	176
169	177
170	177
171	173
173	176
178	179
178	180
178	184
179	187
180	188
187	188
189	190
189	198
191	194
191	195
192	193
192	200
195	199
