\\ machines
12
\\ max power
120
\\ Jobs in machine 1
11
J1	14	1	91	53	1.2672005266664739
J2	13	8	22	24	1.0289409268493448
J3	15	4	34	29	1.0001672891625144
J4	13	12	15	61	1.3504400302640813
J5	16	6	22	78	1.8349777915271557
J6	14	4	25	90	1.1618062387827321
J7	13	11	37	38	0.79278312816787
J8	15	13	50	49	0.6278356822867102
J9	15	4	95	51	1.1274715001197668
J10	14	11	14	53	0.9693778176907288
J11	15	4	104	40	1.3018439048596608
\\ Jobs in machine 2
11
J12	13	12	10	6	1.5826401413230264
J13	15	5	87	14	1.7940005526205143
J14	16	12	47	20	1.2144952641042028
J15	16	7	104	7	1.5054568690904806
J16	14	7	23	88	0.6282440628411551
J17	14	12	40	29	1.291879890435757
J18	14	14	11	74	1.046177860972108
J19	12	7	92	87	1.4900549364723767
J20	16	8	90	1	1.1065740338214454
J21	16	8	40	5	1.005812233626914
J22	15	10	73	83	0.7404509857999682
\\ Jobs in machine 3
11
J23	14	8	26	70	0.6967294027548541
J24	15	10	10	70	1.2671210194405218
J25	15	12	4	16	0.9694892959261124
J26	16	2	78	35	0.6976945566472934
J27	15	3	51	62	1.1900038840509035
J28	15	1	103	16	0.4706977614241328
J29	14	14	12	72	1.4196210102515219
J30	13	7	94	44	0.6943284290897244
J31	15	12	59	2	1.2270727301083353
J32	13	5	16	41	1.0197783824358635
J33	16	14	103	71	0.7723699123484603
\\ Jobs in machine 4
10
J34	15	10	65	83	1.2697839440777092
J35	15	2	36	7	1.8805497059178564
J36	14	10	58	39	1.8159717996216782
J37	17	5	40	32	0.9980579570623301
J38	14	2	24	51	0.8299522254743835
J39	13	8	76	63	0.1
J40	14	4	9	77	1.2937755338643504
J41	15	6	110	78	1.5275578097191755
J42	15	14	93	38	0.28008477644899266
J43	14	2	45	10	1.3384664573722838
\\ Jobs in machine 5
12
J44	14	5	64	35	0.951741704747501
J45	16	2	2	71	2.0000841340681186
J46	15	9	11	48	0.5857670560553887
J47	17	1	14	84	1.2602330722708175
J48	15	8	40	1	0.6595059486354631
J49	15	2	44	23	1.4028472560037164
J50	15	4	12	76	1.5815053019221752
J51	16	5	2	61	1.002287494475908
J52	15	6	83	34	1.308145286647804
J53	14	13	12	33	1.7272831815681764
J54	16	11	90	19	0.5677287301727348
J55	15	8	77	6	1.627861430018682
\\ Jobs in machine 6
10
J56	14	4	43	4	1.428116139424001
J57	14	2	57	30	1.1421137255283147
J58	14	9	107	51	0.8309021601231571
J59	15	9	101	38	0.1
J60	13	1	76	65	0.7681231810886842
J61	14	10	65	5	0.7150867649916421
J62	14	2	19	73	0.8098570287560676
J63	13	5	16	63	0.7854358312820046
J64	14	2	95	1	1.0939754534691486
J65	13	2	40	41	0.5077523616750537
\\ Jobs in machine 7
13
J66	13	12	59	21	2.197414979953917
J67	14	3	44	72	1.2082886567259425
J68	13	7	93	23	0.7413416934777569
J69	15	11	59	15	1.7663103705291974
J70	13	14	79	12	1.7734142201897112
J71	17	11	25	57	0.9282192159688637
J72	13	12	71	65	0.2766494811105683
J73	15	1	52	90	1.4257538618836318
J74	16	2	10	35	1.409801371288768
J75	16	2	96	75	1.4498983096814433
J76	14	1	33	27	1.5239844019189779
J77	16	6	108	62	1.4479856102894826
J78	14	1	10	24	1.4211528169661012
\\ Jobs in machine 8
12
J79	15	14	39	53	1.0698698599767762
J80	13	14	14	27	1.822029511862603
J81	14	8	35	14	1.749792282878769
J82	16	11	46	88	1.0168581078438828
J83	15	5	81	40	0.152793882657156
J84	15	2	50	7	1.5825640266060783
J85	14	1	51	78	1.7511964558507804
J86	13	10	5	67	0.18755229495488468
J87	15	7	99	71	1.2511057221350481
J88	14	3	14	89	1.9017677182640096
J89	15	14	60	55	0.6777001882058332
J90	16	8	8	10	0.1
\\ Jobs in machine 9
11
J91	15	9	110	39	1.265042770655335
J92	14	11	18	85	1.4668267528768866
J93	15	6	32	27	0.8055728370927109
J94	14	1	47	22	1.8060444210491113
J95	14	8	30	59	2.4177801089103164
J96	16	6	65	24	1.1212442168884427
J97	16	8	6	47	1.0307543145643043
J98	14	11	68	45	1.889427436921658
J99	14	6	7	53	1.4086928318463967
J100	15	10	79	46	1.2415308839389827
J101	11	7	25	20	1.5682131488753561
\\ Jobs in machine 10
10
J102	16	13	63	43	1.5101423229726727
J103	14	6	44	80	0.3021692651189094
J104	15	3	46	57	1.1194340934866482
J105	16	5	52	38	2.0276827349057895
J106	15	5	77	23	0.6726895300058932
J107	14	2	66	75	1.1134955608648056
J108	15	7	64	63	1.075104458955507
J109	16	3	3	44	1.2585082373276966
J110	16	11	97	74	2.0886830146685407
J111	14	2	98	83	0.9770807306086712
\\ Jobs in machine 11
11
J112	14	9	90	62	0.8058145942376822
J113	14	13	53	44	1.3725970208451128
J114	16	2	5	66	1.8076143355510408
J115	16	2	102	16	1.2095315816748955
J116	16	4	69	6	1.3647800110195263
J117	14	1	37	89	0.11520431163460731
J118	12	11	24	71	1.6318685869223557
J119	16	2	51	81	1.6283160884584893
J120	14	13	12	49	1.6037154959452125
J121	13	11	8	72	0.6131760605489058
J122	14	9	52	13	0.5683428042327895
\\ Jobs in machine 12
11
J123	13	9	100	39	1.1957224234828452
J124	15	11	7	30	1.7138142016088602
J125	14	7	87	72	1.1744520020053693
J126	14	8	36	62	0.9957285299616849
J127	14	2	92	23	0.9466959442828278
J128	15	1	71	74	1.8659935664413665
J129	14	12	44	39	0.8518068811553539
J130	15	14	51	26	0.9299202232288879
J131	13	14	103	44	1.8317865429437838
J132	15	9	2	68	1.31549743198027
J133	16	12	92	25	1.6364947889237127
\\ Dependencies 
427
1	3
1	4
1	5
1	6
1	7
1	8
1	9
1	11
2	3
2	4
2	5
2	6
2	7
3	4
3	5
3	7
3	8
3	9
3	10
3	11
4	6
4	8
4	9
4	10
5	6
5	9
5	10
5	11
6	7
6	8
6	10
6	11
7	10
8	9
8	10
8	11
9	10
10	11
12	13
12	14
12	15
12	18
12	21
12	22
13	14
13	15
13	17
13	18
13	19
13	20
13	22
14	15
14	17
14	19
14	20
14	22
15	17
15	18
15	19
15	20
15	22
16	18
16	20
16	21
16	22
17	19
17	20
17	22
18	19
18	20
18	21
18	22
19	21
19	22
20	22
21	22
23	24
23	25
23	28
23	29
23	31
23	32
23	33
24	26
24	27
24	28
24	29
24	32
24	33
25	26
25	27
25	32
26	30
26	32
26	33
27	31
27	32
27	33
28	30
28	31
28	32
28	33
29	30
29	31
29	32
29	33
30	32
30	33
31	33
34	35
34	37
34	38
34	42
34	43
35	36
35	37
35	39
35	40
35	43
36	38
36	39
36	40
36	41
36	42
37	39
37	40
37	42
38	40
39	40
39	43
40	41
40	42
41	42
41	43
42	43
44	45
44	50
44	51
44	52
44	53
44	54
45	47
45	48
45	49
45	52
45	55
46	47
46	49
46	51
46	54
47	49
47	52
47	54
48	49
48	50
48	51
48	52
48	55
49	50
49	51
49	53
49	54
49	55
50	51
50	54
50	55
51	52
51	53
51	54
51	55
52	53
53	54
53	55
54	55
56	58
56	59
56	63
56	64
56	65
57	58
57	61
57	62
57	63
57	65
58	59
58	60
58	62
58	63
58	64
59	60
59	62
59	64
60	63
61	62
61	63
61	64
61	65
62	65
63	64
63	65
64	65
66	68
66	71
66	72
66	73
66	74
66	76
66	77
66	78
67	73
67	74
67	75
67	77
67	78
68	69
68	71
68	72
68	73
68	74
68	75
68	76
68	77
68	78
69	71
69	75
69	76
69	77
69	78
70	71
70	73
70	75
70	76
70	77
71	72
71	75
71	76
71	78
72	74
72	75
72	76
72	77
72	78
73	74
73	76
73	77
74	75
74	76
75	78
79	80
79	82
79	83
79	84
79	85
79	86
79	87
79	88
79	89
79	90
80	81
80	83
80	86
80	88
81	84
81	88
81	90
82	85
82	88
82	90
83	84
83	85
83	88
83	90
84	85
84	86
84	87
84	88
84	89
84	90
85	86
85	87
85	88
85	89
85	90
86	87
86	88
86	89
86	90
87	89
87	90
88	90
91	92
91	93
91	95
91	96
91	99
91	100
91	101
92	93
92	95
92	97
92	100
93	94
93	95
93	98
93	99
93	100
93	101
94	96
94	97
94	98
94	99
94	100
95	96
95	99
95	100
95	101
96	97
96	101
97	98
97	100
97	101
98	99
98	101
99	100
100	101
102	105
102	106
102	107
102	109
103	104
103	105
103	106
103	107
103	108
103	109
103	110
103	111
104	106
104	107
104	108
104	109
104	110
105	107
105	109
105	110
105	111
106	108
106	109
106	111
107	109
108	110
108	111
109	111
112	113
112	115
112	116
112	117
112	118
112	120
112	122
113	114
113	116
113	117
113	118
113	120
113	121
113	122
114	115
114	116
114	119
114	121
114	122
115	116
115	117
115	119
115	120
115	121
115	122
116	119
116	121
117	119
117	121
117	122
118	121
118	122
119	121
119	122
120	122
123	124
123	127
123	129
123	130
123	131
123	132
123	133
124	125
124	126
124	127
124	128
124	129
124	131
124	133
125	126
125	128
125	129
125	130
125	131
125	132
126	127
126	128
126	129
126	132
126	133
127	128
127	129
127	130
127	131
127	132
127	133
128	129
128	133
129	130
129	132
129	133
130	132
131	133
132	133
