\\ machines
9
\\ max power
90
\\ Jobs in machine 1
11
J1	15	2	57	37	0.9359073633088684
J2	15	9	92	20	0.83059981464031
J3	13	5	68	37	1.2669456585983663
J4	16	1	39	30	1.2879553892534938
J5	16	10	105	65	0.20009146829194713
J6	16	5	97	64	0.7118305552039018
J7	14	11	77	8	1.2132600450029813
J8	15	7	57	35	1.6810487397763922
J9	13	3	4	41	1.0458827293641004
J10	15	1	56	65	0.6832535606423301
J11	14	2	3	15	1.9592942704537162
\\ Jobs in machine 2
9
J12	16	6	99	1	1.6140944853161558
J13	14	14	106	45	0.7473745134166057
J14	15	14	72	18	0.9866703497636689
J15	14	12	80	50	1.22063573657587
J16	16	10	10	33	1.4466448541094616
J17	14	2	69	13	0.6915945920101975
J18	15	8	88	37	0.8497566800664937
J19	14	12	94	57	1.078837518708793
J20	16	8	57	67	1.481519818142381
\\ Jobs in machine 3
11
J21	14	1	106	58	1.2994643030841728
J22	15	12	76	57	0.9374690809171258
J23	14	3	85	37	0.7088956779074043
J24	15	3	9	49	1.3784468134943992
J25	14	2	42	59	1.2036089456148833
J26	14	3	91	18	1.312524047411954
J27	17	2	35	20	0.865377624847544
J28	14	14	45	20	1.64876224554526
J29	14	12	100	13	0.6786757692951442
J30	14	5	7	55	1.041207365189455
J31	15	6	59	35	1.2958964206900048
\\ Jobs in machine 4
11
J32	15	4	95	64	0.8617080923599669
J33	16	11	97	48	1.4082844958822096
J34	14	11	60	58	1.517887312702
J35	15	10	26	36	0.909328461675156
J36	15	9	64	59	1.5996410807221353
J37	13	14	44	32	0.9199283425714028
J38	14	7	82	37	1.061536201261629
J39	13	10	54	59	0.8144014283579282
J40	15	11	43	31	1.2773528326037156
J41	15	13	65	18	1.0118676331347232
J42	17	12	82	23	0.8390820436922426
\\ Jobs in machine 5
12
J43	14	11	24	61	1.0536815715618377
J44	12	5	107	2	0.684829443599873
J45	14	8	39	2	1.0444143158476074
J46	15	8	61	35	1.7811574335565263
J47	13	3	50	21	0.9140628409565539
J48	14	14	61	18	1.1597090280750437
J49	14	2	93	17	1.7413915881213036
J50	16	5	103	48	1.168091356242834
J51	13	4	84	24	1.7761201328271523
J52	14	2	107	16	1.7103501356208233
J53	13	1	64	39	0.7879445284291993
J54	16	5	56	33	1.6084852527548958
\\ Jobs in machine 6
10
J55	14	14	2	56	1.4804372121317306
J56	14	13	17	38	1.120616848283814
J57	13	4	27	31	2.302670023663426
J58	15	4	99	35	1.6257847004086052
J59	15	14	85	19	1.5919272383227272
J60	14	10	46	37	0.8984504840322802
J61	13	11	18	8	1.2812095943555775
J62	14	10	42	65	1.6108939132399414
J63	13	7	86	67	0.8172411210976667
J64	13	14	45	54	1.4452568452519532
\\ Jobs in machine 7
9
J65	15	13	81	7	0.12176154571291242
J66	14	3	107	14	1.011205291298135
J67	15	6	17	30	0.6646075742820184
J68	16	13	21	44	1.0056789327220272
J69	13	5	58	67	1.2379906035706585
J70	13	5	6	24	1.8567637595854465
J71	13	10	71	46	1.3978325212548561
J72	16	2	96	51	0.938117607173715
J73	16	14	23	57	0.4156250132025433
\\ Jobs in machine 8
13
J74	15	8	38	55	1.1636162113758646
J75	15	7	12	31	1.5571758955024875
J76	16	7	71	29	0.8490731288150495
J77	13	14	20	39	0.7999774037245556
J78	15	14	100	47	0.9440137872296068
J79	14	12	95	65	1.714289909179743
J80	15	8	40	2	1.9234953378267252
J81	15	3	44	59	1.4859537110574512
J82	16	13	15	57	1.6119284849338968
J83	14	3	50	32	1.9272185363948213
J84	14	8	46	64	1.674608862872506
J85	13	4	2	11	1.3073747453557354
J86	15	3	4	40	1.896310498933175
\\ Jobs in machine 9
9
J87	16	7	55	19	1.6560366626040512
J88	14	5	16	14	1.1400837160692339
J89	17	11	43	39	1.1397868695342712
J90	17	5	104	13	1.3720493993902891
J91	15	3	79	13	0.522556639803007
J92	14	1	78	9	0.9837635038160129
J93	15	11	29	2	1.8738422690897527
J94	15	14	12	4	1.401328611477839
J95	15	3	58	17	1.5545730278953038
\\ Dependencies 
90
2	4
2	6
2	7
2	10
2	11
3	7
3	11
5	9
6	8
7	8
7	9
7	10
7	11
12	15
13	14
13	16
13	19
16	17
16	18
18	19
22	31
23	24
23	25
23	30
24	25
24	28
25	27
25	29
28	31
29	31
32	38
32	39
33	35
33	38
33	40
35	36
35	42
36	40
37	42
39	40
39	41
43	53
44	46
44	49
44	51
44	53
45	49
45	53
46	47
46	54
49	52
50	53
50	54
52	54
56	62
56	63
58	60
59	63
60	61
60	63
61	64
62	64
66	73
67	70
67	72
71	72
74	79
74	82
74	85
75	76
75	85
76	80
78	79
78	80
81	82
82	86
83	85
87	92
87	94
88	90
88	93
88	94
89	91
89	93
91	92
91	94
91	95
92	93
92	94
93	94
