\\ machines
7
\\ max power
70
\\ Jobs in machine 1
11
J1	16	2	107	11	1.136263719237083
J2	12	4	98	17	1.171643477511998
J3	15	12	98	14	0.630712818192054
J4	15	2	27	8	1.1928597413242867
J5	14	13	5	17	1.2756761563343628
J6	16	12	106	9	1.0686001654153692
J7	14	12	13	16	1.0504811092765596
J8	14	14	36	2	1.1933193773428847
J9	15	4	79	18	0.5346908194720227
J10	13	12	79	7	1.1967317170833605
J11	15	8	24	13	0.9180422699365756
\\ Jobs in machine 2
12
J12	15	7	79	6	1.5069672107795042
J13	14	5	87	2	0.5396962311882013
J14	14	1	54	10	1.0234432098901252
J15	14	14	87	3	0.8849551510001183
J16	17	6	13	4	1.238030750850712
J17	14	6	75	7	0.9034466914265882
J18	13	12	70	11	0.1995989685293591
J19	14	10	65	9	1.865604939176754
J20	15	10	108	1	0.8618269779480768
J21	14	2	91	11	2.6578691078695043
J22	16	1	94	6	1.498253406427669
J23	16	2	45	3	0.7091096635677799
\\ Jobs in machine 3
13
J24	14	13	79	4	0.9466047650606639
J25	13	7	63	6	1.5551363727384329
J26	17	6	13	18	0.4512211347765718
J27	14	5	18	6	1.4003130631526859
J28	14	13	35	16	1.4336406682642246
J29	15	2	18	10	0.7892588654120388
J30	15	4	35	6	1.3648431057842003
J31	14	6	95	11	1.138526437344288
J32	18	2	16	1	0.2822059084889279
J33	15	4	33	14	1.282677130652122
J34	15	10	11	10	1.6166847841701675
J35	16	12	51	5	0.6455420621245656
J36	13	1	28	7	0.8004801516519793
\\ Jobs in machine 4
11
J37	14	5	25	9	1.4761408692053732
J38	14	9	35	18	1.0731520531302672
J39	15	10	39	2	1.099294084802705
J40	16	12	71	18	0.43021287493895277
J41	13	10	95	15	0.9428130531280182
J42	14	8	66	7	1.521669603925086
J43	16	10	60	13	0.45393382935736126
J44	15	2	100	11	2.0546018058601723
J45	14	9	52	13	1.5202834599673372
J46	16	7	49	13	1.7884129501409285
J47	14	5	52	1	0.8639674944494283
\\ Jobs in machine 5
11
J48	13	13	48	1	1.1687285664395854
J49	15	4	66	5	1.2026738302047895
J50	15	6	58	11	1.3789387488994138
J51	14	4	10	17	0.7061105481180855
J52	13	12	2	16	0.8518301016942138
J53	16	6	83	6	1.1345552233886202
J54	15	11	51	3	0.8018818567359239
J55	16	6	66	15	0.6277557763014083
J56	13	5	96	17	1.0939632436274782
J57	14	2	84	16	1.1045605088340185
J58	13	8	14	11	1.5391994572860104
\\ Jobs in machine 6
11
J59	15	5	92	17	0.34888168794390184
J60	14	3	72	8	1.1691122118884734
J61	16	10	18	10	0.8460321518938565
J62	14	13	30	9	0.11966150611462312
J63	15	1	21	13	1.1712649458139985
J64	14	12	90	1	1.898453723186118
J65	14	10	96	15	0.37145297321535553
J66	13	8	13	5	0.5430230254698334
J67	15	7	97	12	1.0138971196294302
J68	15	8	10	4	0.6547375627817605
J69	15	8	9	12	1.720483726185095
\\ Jobs in machine 7
11
J70	15	1	106	9	0.9922345591166487
J71	15	13	110	13	1.751799978326634
J72	14	5	21	6	1.481873510901497
J73	15	1	6	16	1.7308549187184703
J74	13	5	51	10	1.2988165919421921
J75	14	8	61	15	1.1763594659054004
J76	15	6	98	4	1.0131321844778416
J77	14	4	70	2	0.5626939306403748
J78	15	6	84	15	1.0458573843239327
J79	16	11	66	11	0.4527942150088148
J80	14	10	31	12	1.0647601741424042
\\ Dependencies 
30
4	5
6	11
8	9
12	14
12	15
18	21
19	20
19	23
24	30
26	31
27	29
27	33
28	33
28	35
30	32
32	33
37	41
38	40
42	45
42	46
49	55
49	58
50	51
52	58
53	56
59	62
60	67
71	79
75	76
77	80
