\\ machines
7
\\ max power
70
\\ Jobs in machine 1
13
J1	14	14	54	42	0.9839650809565799
J2	14	3	68	32	0.44428077806790844
J3	14	5	60	28	1.052792622615677
J4	15	12	89	46	1.109252759571359
J5	16	8	33	23	0.9031604913257516
J6	15	8	14	40	2.3335070873985844
J7	15	1	7	26	0.8343733355191062
J8	14	11	6	14	2.101868548909945
J9	15	14	100	7	0.1
J10	14	10	5	11	1.6332131127012293
J11	15	1	5	12	2.039487089918665
J12	14	12	60	11	1.582137173293631
J13	15	5	77	19	1.0764602144891087
\\ Jobs in machine 2
12
J14	14	3	65	51	0.734085999090993
J15	13	14	91	28	1.5809903023772267
J16	15	1	106	21	0.8095450715374535
J17	14	8	95	19	2.142643199454798
J18	13	5	77	26	1.0944417901071506
J19	15	11	90	32	0.6509035681428632
J20	19	7	14	34	1.091522541112304
J21	15	3	48	32	0.6989893465127061
J22	14	11	89	14	1.2865746385274799
J23	15	12	25	20	1.030849874528146
J24	12	11	103	11	1.0478927521828287
J25	15	1	21	8	1.3416657686818798
\\ Jobs in machine 3
12
J26	15	13	74	37	1.0026791372471882
J27	14	11	36	15	1.5063594154873055
J28	14	5	55	16	1.6886835309687696
J29	14	4	47	24	1.7802003239165545
J30	15	2	3	53	1.7710155047358556
J31	15	7	13	24	1.1837796210307339
J32	15	3	106	24	1.1509587273330617
J33	12	6	108	31	1.122288292475284
J34	14	5	10	53	1.2138414507966473
J35	13	1	28	14	1.4277666535862439
J36	13	7	46	36	1.440733934340586
J37	17	13	62	4	2.3824822434564394
\\ Jobs in machine 4
12
J38	16	2	24	10	1.8424383115611835
J39	14	1	92	37	1.9792432193674976
J40	14	6	80	44	1.2489776822607352
J41	15	9	38	13	0.907714130140353
J42	15	12	86	23	1.8979229289226525
J43	15	12	70	45	1.516236450591132
J44	14	1	93	46	1.2736472737364761
J45	15	10	9	40	1.7217815251093609
J46	17	2	95	1	1.2363385496800647
J47	14	3	49	31	1.0734886617501984
J48	15	1	64	51	0.5874082907575273
J49	14	3	5	15	1.3684646619330274
\\ Jobs in machine 5
12
J50	14	12	51	3	1.280289985322764
J51	13	11	49	18	0.601412676029816
J52	13	8	21	10	0.7062746086034295
J53	16	8	58	51	1.9271528694030022
J54	16	7	4	44	0.7901699992546378
J55	15	2	13	11	0.891414596101224
J56	14	14	35	29	1.1571471002212275
J57	14	11	26	16	1.4415321054858858
J58	16	3	91	22	0.24148630814587713
J59	14	3	9	32	0.8751617645640731
J60	14	1	45	52	1.5193812455925475
J61	14	10	5	42	1.0763273947274683
\\ Jobs in machine 6
10
J62	15	8	87	9	1.8070133735666347
J63	15	10	58	48	0.6986126755799726
J64	17	7	40	15	1.0718356471270591
J65	14	7	21	33	0.7018601905875382
J66	15	11	57	51	0.9521349621747522
J67	14	3	21	50	1.4760373901493542
J68	15	10	30	49	0.5997747617702645
J69	13	6	37	6	1.8525827032649158
J70	14	8	37	20	0.8491299261407188
J71	14	2	67	3	1.9019859610139132
\\ Jobs in machine 7
11
J72	13	7	31	38	1.4779972262738037
J73	14	5	29	17	1.0284176301062653
J74	14	7	90	17	2.1407180901409184
J75	14	1	55	53	1.2979634845256562
J76	14	10	24	14	1.8852442117945705
J77	15	8	93	3	1.0973630907899272
J78	15	6	22	29	0.5697515386839697
J79	14	2	40	27	1.7686267220760867
J80	14	1	96	50	1.4810647246114497
J81	16	3	84	33	0.7108345186354761
J82	15	3	91	45	1.627670990541306
\\ Dependencies 
123
1	5
1	13
2	5
2	7
2	11
3	12
4	7
5	6
5	11
6	10
6	13
8	10
8	13
11	13
14	16
14	22
14	23
15	17
15	19
15	24
15	25
16	18
16	20
16	23
16	25
17	18
18	22
18	25
19	20
19	22
20	22
20	23
20	25
22	24
22	25
23	24
23	25
26	29
26	32
26	36
27	32
27	35
27	37
28	30
28	37
29	32
29	35
30	33
30	35
30	37
31	32
31	34
31	36
33	35
33	37
34	36
35	36
38	41
38	42
39	41
39	43
40	43
41	44
41	46
41	48
42	43
42	44
42	46
43	45
43	47
44	45
45	46
45	48
45	49
50	53
50	54
50	55
50	60
51	54
51	57
51	60
53	54
53	56
54	57
54	61
55	56
55	57
55	61
56	59
57	58
57	60
59	61
62	67
62	68
62	69
63	65
63	69
64	71
65	66
65	71
66	67
66	71
69	71
72	79
72	81
73	78
73	81
74	76
74	78
75	77
75	79
75	80
75	82
76	79
76	80
76	82
77	78
78	79
78	80
78	82
79	80
80	81
80	82
