\\ machines
8
\\ max power
80
\\ Jobs in machine 1
12
J1	14	3	2	20	0.2959763910173441
J2	16	10	11	15	0.6574133075181853
J3	14	14	107	4	1.8739018355029537
J4	14	2	109	23	0.9494053301746243
J5	14	4	67	3	1.1433355868828854
J6	15	7	14	29	1.5369692557916335
J7	14	14	19	40	0.7239289065267318
J8	15	8	95	3	1.2529665462308843
J9	14	3	77	36	1.7621216597097127
J10	14	10	106	33	1.61085443691395
J11	15	10	45	13	1.2556308565995216
J12	15	12	12	27	1.7693673214532832
\\ Jobs in machine 2
13
J13	16	3	79	31	1.4787187576864695
J14	15	9	59	22	0.6668340905097584
J15	15	12	91	12	1.0996409816182093
J16	15	3	110	19	1.2110986327237157
J17	14	12	16	2	0.6914849576998874
J18	14	4	42	29	1.1228291122390435
J19	14	11	47	11	1.0847891490419816
J20	14	2	32	37	1.9396770081118089
J21	14	8	77	21	2.190808237958792
J22	13	9	32	25	2.1136328278634666
J23	16	2	58	22	0.19656836647257192
J24	15	8	50	15	1.7274320850264784
J25	13	8	15	10	0.5773697879601112
\\ Jobs in machine 3
11
J26	13	4	51	22	0.6470504449066617
J27	15	11	97	29	0.7700920021490685
J28	15	6	108	36	1.2161044156678364
J29	15	4	28	29	0.803053734699696
J30	15	3	92	34	0.8574742014788442
J31	14	10	83	40	1.1828492168067888
J32	16	8	103	10	1.2810424968908112
J33	16	10	34	21	1.3821805400659237
J34	15	12	53	2	1.2224224104274892
J35	14	3	31	1	1.4347660696199593
J36	15	1	96	10	0.1
\\ Jobs in machine 4
12
J37	14	1	18	11	1.0164233684946709
J38	14	12	42	15	1.682311392184439
J39	15	4	89	31	0.6181781258753107
J40	16	9	22	25	1.8893715224112304
J41	13	3	8	17	1.7220392676723013
J42	13	13	47	19	1.5278779490851067
J43	13	1	72	24	0.910712469723059
J44	15	1	89	2	1.4122311285703504
J45	15	4	6	19	1.6417979338683075
J46	15	10	65	18	0.20932453213094704
J47	14	8	99	40	1.7037786721028438
J48	14	7	45	25	1.1838805698397528
\\ Jobs in machine 5
10
J49	14	7	14	33	1.1401355575148855
J50	11	3	34	1	1.0609892609280773
J51	15	3	51	34	2.706324359359923
J52	13	3	97	32	1.689081941168585
J53	15	9	85	4	1.810596918013374
J54	15	13	78	26	1.133772752228755
J55	11	14	101	30	1.4588415988144048
J56	15	2	12	19	1.0913989647876465
J57	16	1	98	36	2.03185970141906
J58	15	12	4	7	1.2294588968061932
\\ Jobs in machine 6
11
J59	15	5	60	28	0.9724243787194551
J60	14	9	29	14	1.2910483613400427
J61	15	1	93	29	1.009908695756703
J62	15	5	22	40	0.9871291676502847
J63	16	7	67	36	1.1947711556743634
J64	15	14	87	8	2.030513121473699
J65	15	6	5	31	1.0547299841137021
J66	13	11	18	11	1.4276306410875992
J67	12	14	94	13	0.9279411229509541
J68	14	11	2	40	1.7886502530246662
J69	15	14	91	27	1.924115104931238
\\ Jobs in machine 7
9
J70	14	14	25	23	0.8909283284521217
J71	15	7	58	21	1.1725379884382403
J72	15	8	54	19	1.13871392472122
J73	14	3	88	31	1.0646152652448668
J74	15	6	49	10	1.1916468332470027
J75	13	2	2	14	0.17814333153240258
J76	15	11	72	2	0.8920674153633199
J77	14	5	91	8	0.971456578899012
J78	15	5	19	35	1.9889724952665584
\\ Jobs in machine 8
10
J79	15	13	32	14	1.2919270362239323
J80	16	4	26	25	1.1908313545050344
J81	13	13	2	32	1.6358958157400427
J82	16	7	37	22	1.5176308593885601
J83	16	10	19	23	0.2190882583837066
J84	14	11	97	8	1.601328972776074
J85	16	7	69	1	2.200129446599236
J86	16	6	25	27	1.8187113589555088
J87	15	10	54	16	0.939021887246446
J88	13	3	25	18	1.4918419117409223
\\ Dependencies 
405
1	2
1	3
1	4
1	5
1	6
1	7
1	8
1	11
1	12
2	3
2	4
2	5
2	6
2	7
2	8
2	9
2	10
2	11
2	12
3	4
3	5
3	6
3	8
3	9
3	10
3	11
3	12
4	5
4	6
4	7
4	8
4	9
4	10
4	11
4	12
5	6
5	8
5	10
5	11
5	12
6	7
6	8
6	9
6	11
6	12
7	8
7	9
7	10
7	11
7	12
8	9
8	10
8	11
8	12
9	10
9	12
10	11
11	12
13	16
13	17
13	18
13	19
13	20
13	21
13	22
13	23
13	24
13	25
14	15
14	16
14	17
14	19
14	20
14	21
14	22
14	23
14	24
14	25
15	16
15	17
15	18
15	19
15	20
15	21
15	22
15	23
15	24
15	25
16	17
16	18
16	19
16	20
16	21
16	22
16	23
16	24
16	25
17	18
17	19
17	20
17	21
17	22
17	23
17	24
17	25
18	19
18	20
18	21
18	22
18	23
18	24
18	25
19	20
19	21
19	22
19	23
19	24
19	25
20	21
20	22
20	23
20	24
20	25
21	22
21	23
21	24
21	25
22	24
22	25
23	24
23	25
26	28
26	29
26	30
26	31
26	33
26	35
26	36
27	28
27	29
27	30
27	31
27	33
27	34
27	36
28	29
28	30
28	31
28	33
28	34
28	35
28	36
29	30
29	31
29	32
29	33
29	34
29	35
29	36
30	31
30	32
30	33
30	34
30	35
30	36
31	32
31	33
31	34
31	35
31	36
32	33
32	34
32	35
32	36
33	34
33	35
33	36
34	35
34	36
35	36
37	38
37	39
37	40
37	41
37	42
37	43
37	44
37	46
37	47
37	48
38	40
38	41
38	42
38	43
38	45
38	46
38	47
38	48
39	40
39	42
39	43
39	44
39	45
39	47
39	48
40	41
40	42
40	43
40	44
40	45
40	46
40	47
40	48
41	42
41	43
41	45
41	46
41	47
41	48
42	43
42	44
42	46
42	47
42	48
43	45
43	46
43	47
43	48
44	45
44	46
44	48
45	46
45	47
45	48
46	47
46	48
47	48
49	50
49	51
49	52
49	53
49	54
49	55
49	56
49	57
50	51
50	52
50	53
50	54
50	55
50	56
50	57
51	52
51	53
51	54
51	56
51	57
51	58
52	53
52	54
52	55
52	56
52	57
52	58
53	54
53	55
53	56
53	57
53	58
54	55
54	56
54	57
55	56
55	57
55	58
56	57
56	58
57	58
59	60
59	61
59	62
59	63
59	64
59	65
59	66
59	67
59	69
60	61
60	62
60	63
60	64
60	65
60	66
60	67
60	68
60	69
61	63
61	64
61	65
61	66
61	68
61	69
62	63
62	64
62	65
62	66
62	67
62	68
62	69
63	64
63	65
63	66
63	67
63	68
64	65
64	66
64	67
64	68
64	69
65	66
65	67
65	68
65	69
66	67
66	68
66	69
67	68
67	69
68	69
70	71
70	72
70	73
70	74
70	75
70	76
70	77
70	78
71	72
71	73
71	74
71	75
71	76
71	77
71	78
72	73
72	74
72	75
72	76
72	77
72	78
73	74
73	75
73	76
73	77
73	78
74	75
74	76
74	77
74	78
75	76
75	77
75	78
76	77
76	78
77	78
79	80
79	81
79	82
79	85
79	86
79	87
79	88
80	81
80	82
80	83
80	84
80	85
80	86
80	87
81	82
81	83
81	84
81	85
81	86
81	87
81	88
82	83
82	84
82	85
82	86
82	87
82	88
83	84
83	85
83	87
83	88
84	85
84	87
84	88
85	86
85	87
85	88
86	87
86	88
87	88
