\\ machines
20
\\ max power
200
\\ Jobs in machine 1
11
J1	16	10	6	108	0.6270274914430849
J2	13	2	87	113	1.7066181500961164
J3	13	4	81	46	0.9866171020487153
J4	13	4	39	138	1.3912222396841207
J5	16	5	78	92	0.6093818895857881
J6	13	1	99	107	1.3044009570569335
J7	15	7	109	22	1.7242111863170524
J8	13	14	110	49	1.0642102164700056
J9	13	10	43	66	1.8412886624018976
J10	14	8	82	41	1.4057149148065293
J11	16	11	106	66	1.524629411457402
\\ Jobs in machine 2
14
J12	15	3	63	130	1.9112042478016082
J13	15	14	58	61	1.0778110065243156
J14	14	5	90	26	1.1595966472904762
J15	14	5	82	136	1.7691852576296454
J16	14	2	90	44	1.2223059246495755
J17	14	8	22	52	1.4001917522707974
J18	16	4	93	89	1.3574594572481438
J19	14	2	39	149	0.5434406282485061
J20	11	3	100	136	1.193028316485781
J21	13	4	83	114	1.4379514251634604
J22	15	7	66	7	1.0644077527548184
J23	15	8	105	148	0.9489516513342284
J24	14	8	82	128	1.3591114579559604
J25	13	9	41	91	1.2507788266329396
\\ Jobs in machine 3
11
J26	14	4	15	105	1.2552622526865906
J27	14	4	43	116	0.1
J28	14	9	103	72	1.1853580363997345
J29	15	14	90	140	0.7550013897273957
J30	16	3	40	148	0.632364911069882
J31	14	6	79	73	1.3357457324296576
J32	15	4	54	46	1.3558061186885964
J33	14	10	78	130	2.56759134938429
J34	14	6	104	78	1.7596361346830818
J35	16	3	55	114	0.8117069454185216
J36	13	1	65	25	1.3573625961922704
\\ Jobs in machine 4
11
J37	15	12	75	64	1.6041854723086348
J38	15	13	11	10	1.8751583758681891
J39	15	4	15	30	0.7132770996465337
J40	13	6	38	136	1.3664173207396997
J41	14	11	39	104	1.3800949817848251
J42	14	2	18	140	2.0541528755238843
J43	15	14	47	55	1.6008424870498406
J44	15	12	40	128	1.0491251880155514
J45	13	4	17	54	1.1641669361130176
J46	14	2	89	8	2.469198413528521
J47	14	1	36	79	1.0645790476642047
\\ Jobs in machine 5
11
J48	15	5	106	132	1.2533715540000225
J49	13	13	21	133	1.38203823542985
J50	16	4	23	109	0.6065912262814183
J51	13	14	54	73	0.7562415046841211
J52	15	5	12	101	2.126319887096502
J53	15	11	57	91	0.3733509748075826
J54	13	14	82	46	1.7101971158577296
J55	16	12	99	93	1.2465396790665262
J56	13	14	77	76	1.6228964655786173
J57	14	7	94	140	1.5809661375540809
J58	15	1	14	30	1.3396603492063281
\\ Jobs in machine 6
12
J59	14	1	74	133	0.5282878026060535
J60	14	6	24	105	1.7725547978469394
J61	14	13	56	33	1.4902329418940439
J62	13	13	70	82	1.8104029591536042
J63	14	10	18	105	1.3569784914256124
J64	13	7	56	79	0.8991218695071896
J65	12	1	94	48	0.7324141778352378
J66	16	8	82	122	0.5463882751275907
J67	14	12	90	8	2.1360993948395715
J68	16	8	29	128	1.242909009932906
J69	15	8	5	61	1.1999954016935348
J70	16	2	32	43	1.4796808823514522
\\ Jobs in machine 7
11
J71	14	10	11	141	0.9912975167263705
J72	16	12	74	3	0.3066599734194049
J73	15	12	25	97	0.9866701726590208
J74	15	9	63	140	1.7134591196303028
J75	13	12	97	15	1.0033969665102003
J76	14	11	55	33	0.7686570731004774
J77	13	14	37	4	1.606140975637062
J78	16	14	105	135	0.864284454066959
J79	16	1	85	50	1.4127038475995042
J80	15	6	95	67	0.410910239719789
J81	15	11	91	4	0.32938088738895055
\\ Jobs in machine 8
10
J82	15	11	16	103	1.1461954747835643
J83	15	12	81	136	1.2864256020872427
J84	15	6	47	91	0.1
J85	15	7	65	76	1.5776724149471437
J86	15	3	10	105	0.7037521045960933
J87	14	10	102	40	0.8817359638781301
J88	13	13	86	38	1.7962472593899972
J89	13	2	17	72	1.1973552188818002
J90	13	11	110	95	1.1673706341139636
J91	14	4	56	51	1.6342705353576699
\\ Jobs in machine 9
10
J92	13	3	55	25	1.277099667908605
J93	13	10	84	122	1.3525318746396984
J94	15	6	37	70	0.6928575787949605
J95	15	3	102	147	1.7613664129987137
J96	14	7	34	88	1.204873365172298
J97	15	9	25	91	1.5801426607840876
J98	15	13	3	10	1.3057927050601685
J99	15	2	33	48	1.632219841628235
J100	13	8	33	86	0.19538043182393072
J101	14	10	57	148	1.640237650344297
\\ Jobs in machine 10
11
J102	13	14	8	147	0.1
J103	14	7	97	87	2.003431293144743
J104	12	6	3	48	1.049928395686332
J105	15	6	70	3	2.1104500233543906
J106	15	13	30	137	1.9739166594779283
J107	13	4	38	72	1.5641623605826334
J108	14	5	83	106	0.5404409110293212
J109	13	7	104	83	1.518512102612182
J110	15	12	60	86	1.96146146802745
J111	15	11	3	150	1.2287082653054506
J112	14	3	54	92	1.8028035415486388
\\ Jobs in machine 11
12
J113	15	4	20	78	1.4753943283610145
J114	14	9	21	106	1.9411812646961852
J115	14	10	27	70	1.181841039248723
J116	13	1	69	12	1.1648331829326564
J117	12	5	103	62	0.7731196171120556
J118	15	4	3	75	1.8036405140777239
J119	16	3	86	53	2.440208742394603
J120	14	6	61	107	1.5960644387815415
J121	16	14	109	97	1.433772427513067
J122	16	9	14	81	1.420623116937019
J123	13	9	85	121	0.5962614816345283
J124	14	10	43	135	0.9516150562713133
\\ Jobs in machine 12
11
J125	14	7	43	26	0.8717386848776056
J126	14	9	81	127	1.7104333541915668
J127	16	5	70	140	1.4002531549602326
J128	17	6	80	1	1.0760307924866521
J129	15	7	48	17	1.098381332420508
J130	14	12	64	36	1.4524175589725408
J131	15	7	70	86	1.6215760966546524
J132	14	12	60	28	0.7467453033862779
J133	13	12	80	124	2.0205906727359566
J134	12	2	3	131	0.5273146267560711
J135	14	11	28	18	1.9395429655546912
\\ Jobs in machine 13
13
J136	14	2	90	40	1.2290829178409786
J137	15	4	33	44	1.2726204610020964
J138	15	8	20	46	0.8781304822674467
J139	14	10	47	126	2.1312871078190283
J140	16	5	56	79	0.5467157044671355
J141	14	8	7	40	1.1954246646723883
J142	16	4	105	35	1.2560674227771544
J143	15	5	3	52	1.6895909143784715
J144	14	9	59	8	1.4682889708779518
J145	15	5	14	135	1.6409680139792793
J146	15	6	67	40	0.33777816031825647
J147	13	13	35	52	0.9391123831015388
J148	15	10	66	93	0.7465256504033575
\\ Jobs in machine 14
12
J149	14	13	48	120	2.0834986444633583
J150	14	14	74	2	0.5502036569084376
J151	15	2	90	114	1.6439141665845667
J152	15	12	13	84	1.244810464065754
J153	16	7	88	120	0.37721618162962245
J154	15	9	46	129	1.8201096592788943
J155	13	10	87	62	1.4696631136402845
J156	15	11	11	25	0.48905212689334543
J157	14	13	83	86	0.6658960978498051
J158	16	3	8	149	1.5679331552311695
J159	14	9	48	144	1.2980072541601364
J160	14	14	23	93	1.2260767533843218
\\ Jobs in machine 15
10
J161	14	3	9	77	1.3348883231235527
J162	15	8	34	90	1.5668049630780458
J163	15	13	95	89	1.965393243822696
J164	13	6	64	141	1.0313182306938542
J165	16	11	108	51	1.7606760333522586
J166	16	3	64	22	1.0636653068894613
J167	16	14	104	79	0.7238399643226954
J168	13	13	97	89	1.4087739642084076
J169	14	12	42	35	1.420015830054856
J170	16	12	92	84	1.8944972916902292
\\ Jobs in machine 16
12
J171	14	13	57	120	1.7903049857660824
J172	13	5	18	124	2.153834338766521
J173	15	9	92	63	0.9582333279545036
J174	15	1	100	35	1.7679029894473932
J175	13	14	27	14	2.1949957807917957
J176	17	13	18	122	1.9645195774095372
J177	16	2	99	26	0.8967564553743703
J178	15	9	43	72	2.138889771128812
J179	15	5	61	106	2.024113920197082
J180	15	8	35	70	1.382737191663302
J181	14	4	60	96	1.4632840498526505
J182	13	1	104	119	1.6107462853654906
\\ Jobs in machine 17
12
J183	16	12	41	11	0.3773394749180039
J184	14	4	81	123	1.0071017738043198
J185	12	7	20	23	0.8739256247834044
J186	13	5	26	131	1.6779075485019437
J187	13	13	37	103	2.003600775406828
J188	16	8	53	94	0.7094030457616818
J189	15	14	92	55	1.325449211272469
J190	15	3	54	53	1.5828264659036657
J191	15	14	109	119	0.8196380977803727
J192	14	12	74	83	1.0779425532323503
J193	12	10	31	67	1.9348520998004732
J194	15	10	2	89	1.3328999511074549
\\ Jobs in machine 18
12
J195	14	8	110	104	1.753326880339612
J196	15	7	51	73	1.5553204410674013
J197	14	11	4	86	1.8499376563518612
J198	14	2	45	141	1.3305880197699307
J199	16	6	17	142	0.5406310743341687
J200	13	8	70	52	1.6742929535763986
J201	14	12	31	109	0.5778819946921776
J202	12	9	47	119	1.221785291085173
J203	15	8	81	6	1.462354195271435
J204	13	8	34	148	1.250169553982949
J205	15	14	50	4	0.9900182410067881
J206	14	1	77	90	1.9844882518825373
\\ Jobs in machine 19
12
J207	15	14	59	24	0.9430384545588684
J208	15	12	49	49	1.4204013799702397
J209	14	9	103	38	0.775427681543576
J210	13	14	42	41	0.9769940017872321
J211	15	5	86	7	1.0088361445131047
J212	15	4	39	42	1.7086423346153756
J213	16	3	71	144	1.0968949346239942
J214	16	13	57	5	1.7702883549808048
J215	14	8	4	148	1.5774720443272172
J216	15	1	48	12	0.9128001361641478
J217	13	3	110	106	1.5625780572191
J218	13	2	64	74	0.849797197254027
\\ Jobs in machine 20
11
J219	13	7	89	112	1.869078974915936
J220	15	1	72	69	1.0542106392107033
J221	16	4	73	79	1.5984312102219536
J222	14	13	94	5	1.2438176877509293
J223	16	10	36	118	0.9610472879238172
J224	14	8	80	135	0.8727874007509724
J225	15	1	94	149	0.946790559319657
J226	14	5	37	38	1.5046365026416253
J227	14	14	29	4	0.7425112857988843
J228	15	14	93	29	0.6116216029968542
J229	16	13	49	57	0.9223421301828552
\\ Dependencies 
824
1	2
1	3
1	4
1	6
1	7
1	8
1	10
2	3
2	4
2	5
2	6
2	7
2	8
2	9
2	11
3	4
3	6
3	7
3	10
4	5
4	6
4	7
4	8
4	9
4	10
4	11
5	6
5	7
5	8
5	10
5	11
6	7
6	8
6	10
7	8
7	9
7	10
7	11
8	9
8	10
8	11
9	10
9	11
12	14
12	17
12	18
12	20
12	21
12	22
12	24
13	14
13	17
13	20
13	21
13	22
13	23
14	15
14	16
14	17
14	21
14	22
14	23
14	24
14	25
15	16
15	19
15	20
15	21
15	24
15	25
16	18
16	20
16	21
16	22
16	23
16	24
16	25
17	19
17	20
17	21
17	22
17	24
17	25
18	21
18	22
18	23
18	24
18	25
19	21
19	23
20	21
20	23
20	24
20	25
21	22
22	23
22	24
22	25
23	24
23	25
26	28
26	30
26	31
26	33
26	34
26	36
27	28
27	29
27	31
27	32
27	33
27	34
28	30
28	31
28	32
28	34
28	35
29	30
29	31
29	33
29	34
29	35
29	36
30	33
30	35
31	33
31	34
31	35
31	36
32	33
32	34
32	35
32	36
33	34
34	35
34	36
35	36
37	39
37	40
37	41
37	45
37	46
38	39
38	40
38	41
38	42
38	43
38	47
39	40
39	41
39	42
39	43
39	47
40	41
40	43
40	46
40	47
41	42
41	43
41	46
42	45
42	46
42	47
43	44
43	45
43	46
43	47
44	45
45	47
46	47
48	49
48	50
48	51
48	52
48	55
48	57
48	58
49	52
49	55
49	56
49	57
49	58
50	52
50	53
50	54
50	55
50	56
50	57
50	58
51	52
51	53
51	54
51	56
51	58
52	53
52	55
52	57
52	58
53	54
53	55
53	57
54	55
54	56
54	57
54	58
55	57
56	58
57	58
59	60
59	61
59	62
59	63
59	64
59	67
59	68
59	69
59	70
60	61
60	62
60	64
60	65
60	66
60	67
60	70
61	62
61	63
61	64
61	66
61	67
61	68
61	69
61	70
62	63
62	66
62	69
63	64
63	65
63	67
63	69
63	70
64	67
64	68
64	69
65	67
65	70
66	67
66	68
66	69
67	69
68	69
69	70
71	72
71	73
71	74
71	75
71	77
71	78
71	79
71	80
72	74
72	76
72	78
72	79
72	80
72	81
73	74
73	75
73	76
73	77
73	78
73	80
74	75
74	76
74	77
74	78
74	79
74	80
74	81
75	76
75	78
75	79
75	80
76	78
76	79
76	80
77	78
77	80
78	79
78	81
79	80
80	81
82	85
82	86
82	88
82	89
82	90
82	91
83	84
83	86
83	87
83	89
83	90
83	91
84	85
84	86
84	87
84	88
84	89
84	90
85	86
85	90
85	91
86	87
86	88
86	89
86	91
87	88
87	89
87	91
88	89
88	90
88	91
89	90
90	91
92	93
92	94
92	95
92	96
92	97
92	98
92	99
92	100
92	101
93	94
93	95
93	96
93	97
93	99
94	95
94	96
94	97
94	99
94	100
95	96
95	97
95	98
95	99
95	100
96	97
96	98
96	99
96	101
97	99
97	101
98	99
98	100
98	101
99	100
99	101
100	101
102	103
102	106
102	107
102	109
102	110
102	111
102	112
103	104
103	108
103	109
104	105
104	106
104	107
104	108
104	109
104	110
104	111
104	112
105	106
105	108
105	109
105	110
106	107
106	108
106	109
106	111
106	112
107	109
107	110
107	111
107	112
108	111
109	110
109	111
109	112
110	111
110	112
113	115
113	116
113	118
113	119
113	121
113	122
113	124
114	115
114	116
114	117
114	119
114	120
114	122
114	123
114	124
115	119
115	120
115	122
115	123
115	124
116	117
116	118
116	119
116	120
116	124
117	118
117	121
117	123
117	124
118	119
118	120
118	122
119	120
119	121
119	123
119	124
120	121
120	122
120	123
120	124
121	122
121	123
122	124
123	124
125	127
125	128
125	129
125	130
125	131
125	134
126	127
126	128
126	129
126	130
126	132
126	135
127	128
127	129
127	130
127	131
127	133
127	134
128	130
129	130
129	131
129	132
129	135
130	131
130	132
130	133
130	134
130	135
131	132
131	134
131	135
132	135
133	134
133	135
134	135
136	138
136	139
136	140
136	142
136	147
137	140
137	141
137	142
137	143
137	147
137	148
138	139
138	141
138	142
138	143
138	144
138	145
138	146
139	141
139	142
139	143
139	144
139	148
140	141
140	143
140	144
140	146
140	147
140	148
141	142
141	143
141	144
141	145
141	146
141	148
142	143
142	144
142	145
142	147
143	144
143	145
143	146
143	147
143	148
144	145
144	146
144	147
144	148
145	147
145	148
146	147
146	148
147	148
149	150
149	152
149	154
149	155
149	156
149	157
149	158
149	159
149	160
150	151
150	153
150	154
150	156
150	158
150	159
151	153
151	154
151	155
151	156
151	158
151	159
151	160
152	156
152	157
152	160
153	154
153	155
153	156
153	157
153	158
153	159
153	160
154	155
154	157
154	158
154	159
154	160
155	156
155	157
155	159
155	160
156	157
156	158
156	160
157	159
157	160
158	159
158	160
161	165
161	168
161	170
162	164
162	165
162	166
162	167
162	168
162	170
163	164
163	165
163	166
163	167
163	168
163	169
163	170
164	167
164	168
164	170
165	166
165	167
165	169
166	167
166	168
166	169
166	170
167	169
167	170
168	169
169	170
171	172
171	175
171	176
171	179
171	180
171	181
171	182
172	173
172	174
172	175
172	176
172	178
172	179
172	180
172	182
173	174
173	175
173	177
173	179
173	181
173	182
174	175
174	176
174	177
174	178
174	179
174	181
174	182
175	176
175	177
175	179
175	180
176	177
176	178
176	180
176	181
176	182
177	178
177	179
177	180
178	179
178	181
179	180
179	181
180	181
180	182
181	182
183	184
183	188
183	189
183	190
183	194
184	185
184	186
184	188
184	190
184	192
184	193
184	194
185	187
185	188
185	189
185	191
185	193
185	194
186	187
186	189
186	192
186	193
186	194
187	189
187	190
187	192
187	194
188	189
188	191
188	192
188	193
188	194
189	190
189	191
189	192
189	193
190	191
190	192
190	193
190	194
191	192
191	194
192	193
192	194
193	194
195	196
195	197
195	198
195	200
195	206
196	197
196	202
196	204
196	206
197	198
197	199
197	201
197	202
197	203
197	204
197	206
198	199
198	200
198	201
198	202
198	204
198	205
198	206
199	201
199	203
199	204
199	206
200	201
200	202
200	204
200	206
201	202
201	203
201	204
202	204
203	205
203	206
204	206
205	206
207	209
207	210
207	215
207	216
207	217
207	218
208	209
208	210
208	212
208	213
208	214
208	216
208	218
209	211
209	212
209	213
209	214
209	215
209	218
210	211
210	213
210	215
210	216
210	217
210	218
211	212
211	214
211	215
211	216
211	217
211	218
212	213
212	214
212	215
212	216
212	217
212	218
213	216
213	217
213	218
214	215
214	216
214	217
214	218
215	216
215	217
215	218
216	217
216	218
217	218
219	220
219	221
219	223
219	224
219	225
219	227
219	228
220	223
220	224
220	225
220	226
220	227
220	228
221	223
221	225
221	226
221	228
222	223
222	225
222	226
222	227
222	228
222	229
223	225
223	226
223	227
223	228
223	229
224	227
224	229
225	226
225	229
226	229
227	228
227	229
228	229
