\\ machines
9
\\ max power
90
\\ Jobs in machine 1
9
J1	15	6	91	40	0.8385660794735015
J2	15	14	78	24	1.3463234146340284
J3	14	4	95	3	0.7604643040592429
J4	14	1	102	29	0.6576979077689842
J5	14	11	59	1	1.5701127681523872
J6	13	9	105	10	1.2206801173766062
J7	16	12	102	48	1.4307747618523263
J8	14	1	39	59	1.7286922959601114
J9	15	2	109	19	1.5373015087372799
\\ Jobs in machine 2
11
J10	16	12	22	64	0.11075515328924346
J11	14	5	34	14	0.9449029223449669
J12	15	12	48	35	0.769206030251695
J13	14	4	18	24	2.035784503245664
J14	14	8	15	61	0.6873503507743962
J15	13	11	64	25	1.3405306627056577
J16	15	5	100	32	1.1622424622761276
J17	14	11	101	19	1.4226295052728202
J18	13	4	63	24	0.44221347803633515
J19	15	11	67	54	1.0599678266742476
J20	17	2	107	29	1.2292156188754053
\\ Jobs in machine 3
10
J21	15	13	32	35	1.7838402928437076
J22	13	10	57	6	1.2403819143571555
J23	15	12	65	35	1.2117532588322422
J24	15	12	98	66	0.9060427885451708
J25	15	3	51	23	1.563478107433157
J26	14	4	10	13	0.1
J27	16	13	77	50	1.2253199678965407
J28	14	2	41	43	1.780102862212429
J29	15	9	73	36	1.4422478140637958
J30	14	14	57	62	1.6994930962100099
\\ Jobs in machine 4
12
J31	14	9	16	54	0.7277767497372267
J32	15	3	79	37	1.1116353888725095
J33	14	9	39	38	2.3493609558404405
J34	14	4	55	13	1.5344044196084456
J35	14	4	81	25	2.173519191394262
J36	14	10	31	22	1.1511234393643464
J37	14	7	60	48	1.9173311204250854
J38	15	6	22	16	2.262815147399804
J39	14	12	53	54	0.7310181321834488
J40	15	2	5	40	0.6746324010123788
J41	14	11	24	57	1.252218044825012
J42	15	12	90	19	1.0965958722613574
\\ Jobs in machine 5
11
J43	15	10	95	2	1.0951866260200338
J44	14	6	53	18	1.613288940049567
J45	14	10	99	27	1.6213142345689517
J46	15	3	10	65	1.759963788519003
J47	14	11	8	2	1.5613002715714164
J48	15	4	96	9	0.7412004825028975
J49	13	7	76	48	1.071572942279008
J50	15	12	51	8	2.2604157071809037
J51	15	11	3	48	1.1144524475273367
J52	15	11	105	42	1.5270577426691194
J53	16	2	81	40	1.0782048247928915
\\ Jobs in machine 6
10
J54	15	5	100	27	0.9645198664927308
J55	14	9	27	52	1.4029670097751645
J56	16	12	42	51	1.579229171678771
J57	15	12	70	4	1.0986072740471562
J58	15	5	92	39	1.5421129806564933
J59	15	14	66	4	0.9439823474781861
J60	15	11	55	67	1.455834227666992
J61	15	8	26	2	0.7913842570755488
J62	14	9	36	23	0.9023035395072776
J63	16	5	42	14	0.9444887966863178
\\ Jobs in machine 7
11
J64	16	9	37	15	2.020416401583569
J65	14	14	35	47	1.204213356739346
J66	15	1	104	38	1.0730301084110345
J67	15	3	110	51	1.2612083295049525
J68	15	10	84	61	2.0162114729780543
J69	14	3	29	44	0.81218346102677
J70	15	10	85	49	1.3323147494505996
J71	16	1	30	51	1.3965254158593252
J72	15	8	79	38	1.1653949733661992
J73	16	5	11	23	0.5429223320558949
J74	16	1	8	63	1.4296321440417603
\\ Jobs in machine 8
10
J75	13	10	110	47	1.281249733055646
J76	14	7	85	55	0.693081480322519
J77	14	11	48	65	1.1148671031841721
J78	15	9	67	49	1.6055126715601284
J79	14	5	67	44	1.8527671377059398
J80	14	14	88	58	1.078749767536019
J81	16	3	37	12	0.7638000856658445
J82	15	5	98	20	1.4171440099113612
J83	15	2	16	39	0.4707311520630285
J84	14	1	10	51	0.44546835408694574
\\ Jobs in machine 9
9
J85	14	7	22	65	0.755852984241413
J86	15	12	21	65	1.988477284351345
J87	13	12	70	26	1.6151395006530125
J88	15	10	90	11	1.2066687986314135
J89	15	5	57	60	2.6655929642935154
J90	15	1	15	23	2.0469918993863
J91	13	2	58	59	0.8503010045557635
J92	16	6	57	14	1.215006378275895
J93	14	10	59	1	0.783100662324008
\\ Dependencies 
308
1	2
1	3
1	4
1	5
1	6
1	7
1	8
1	9
2	3
2	5
2	6
2	7
2	8
2	9
3	4
3	5
3	6
3	8
3	9
4	5
4	6
4	7
4	9
5	6
5	7
5	8
6	8
6	9
8	9
10	11
10	14
10	15
10	16
10	17
10	18
10	19
11	12
11	13
11	14
11	15
11	16
11	17
11	18
11	19
11	20
12	13
12	14
12	15
12	16
12	17
12	18
12	19
12	20
13	14
13	15
13	16
13	17
13	19
14	15
14	16
14	17
14	18
14	19
15	16
15	18
15	19
15	20
16	17
16	20
17	20
18	19
18	20
21	22
21	23
21	24
21	25
21	26
21	27
21	28
21	29
21	30
22	23
22	25
22	26
22	28
22	29
22	30
23	25
23	27
23	29
24	26
24	27
24	28
24	29
25	26
25	27
25	28
25	30
26	28
26	30
27	28
27	29
27	30
28	30
29	30
31	32
31	34
31	36
31	37
31	38
31	40
31	42
32	34
32	37
32	38
32	39
32	42
33	35
33	36
33	37
33	39
33	41
33	42
34	35
34	36
34	37
34	38
34	39
34	40
34	41
34	42
35	36
35	37
35	38
35	41
36	37
36	38
36	41
36	42
37	39
37	40
37	42
38	39
38	40
38	41
38	42
39	41
41	42
43	44
43	45
43	47
43	48
43	49
43	51
43	52
44	45
44	46
44	48
44	50
44	51
44	52
45	46
45	47
45	48
45	49
45	51
45	52
45	53
46	47
46	50
46	52
46	53
47	49
47	51
48	49
48	50
48	51
49	52
49	53
50	51
50	53
51	52
52	53
54	55
54	56
54	58
54	60
54	61
54	63
55	56
55	58
55	59
55	60
55	61
55	62
56	57
56	58
56	62
56	63
57	58
57	59
57	62
57	63
58	59
58	60
58	61
58	62
58	63
59	60
59	61
59	62
60	61
60	62
60	63
62	63
64	65
64	66
64	68
64	70
64	71
64	72
64	74
65	66
65	68
65	70
65	71
65	72
65	73
65	74
66	67
66	69
66	70
66	71
66	72
66	73
66	74
67	68
67	69
67	71
67	73
68	70
68	72
69	71
69	72
69	73
70	72
70	73
71	73
72	73
72	74
75	76
75	77
75	78
75	79
75	80
75	81
75	82
75	83
75	84
76	77
76	78
76	79
76	80
76	81
76	82
76	83
77	79
77	80
77	81
77	82
78	79
78	80
78	81
78	82
78	84
79	80
79	81
80	82
80	84
81	82
82	83
82	84
83	84
85	86
85	87
85	89
85	90
85	92
85	93
86	89
86	91
86	93
87	91
87	92
88	89
88	90
88	91
88	92
88	93
89	90
89	91
89	92
89	93
90	91
90	92
90	93
91	93
92	93
