\\ machines
18
\\ max power
180
\\ Jobs in machine 1
12
J1	13	14	66	41	1.922499950741833
J2	14	2	97	124	0.6634548691970348
J3	15	14	105	58	1.8590835969450177
J4	14	14	99	88	1.7135432840672575
J5	15	14	98	107	0.704116371146535
J6	14	11	40	12	1.691382155124614
J7	16	2	83	106	1.6070826466168295
J8	15	14	8	35	0.5300112197819862
J9	14	8	30	29	0.1238752230023612
J10	15	12	24	94	1.0232819559281263
J11	15	4	107	55	1.7977112728397842
J12	13	10	29	58	1.2182928310663477
\\ Jobs in machine 2
10
J13	16	14	18	119	0.8024271380403352
J14	14	4	48	120	1.9678198935934579
J15	15	12	62	76	0.7230764346928752
J16	16	10	21	70	2.0560376075965876
J17	14	13	18	88	1.2542676120921519
J18	12	7	32	101	1.7186726648680504
J19	15	13	40	15	0.9210512274170726
J20	15	7	12	12	1.5567000457241598
J21	15	8	103	94	1.186866464416742
J22	16	14	90	103	0.9800244867776774
\\ Jobs in machine 3
12
J23	14	14	96	21	1.0845083729347227
J24	12	9	50	81	1.8267294392210758
J25	15	10	16	13	0.5421379397378271
J26	16	4	32	74	1.6832897369257598
J27	14	8	80	65	1.735238139045362
J28	15	1	81	15	1.100266806387555
J29	14	9	15	58	1.3842972002057352
J30	14	11	78	111	1.068873534617271
J31	14	7	76	127	0.8112233186905449
J32	15	11	7	78	1.577482533535363
J33	16	10	57	78	1.7290796333445457
J34	14	2	37	87	1.5966941652993154
\\ Jobs in machine 4
13
J35	15	10	15	95	1.5648234440071624
J36	14	13	72	120	0.9653552048496019
J37	17	4	95	120	1.2295021906547505
J38	13	7	83	92	0.9325991923668754
J39	14	9	86	135	1.1016568509764333
J40	14	1	57	122	1.9467238440812689
J41	14	5	61	99	1.1179613985617658
J42	14	13	27	37	0.8921320225472614
J43	14	11	28	32	0.5748009971006489
J44	14	8	82	66	1.018564284457165
J45	15	3	32	15	0.4886451669523796
J46	14	10	43	79	0.9478139130013595
J47	14	10	5	6	1.1836360619941977
\\ Jobs in machine 5
12
J48	13	6	6	100	0.9159483951930388
J49	15	3	56	18	1.6880945073161988
J50	14	7	80	110	1.5764567430043714
J51	15	10	105	28	1.027604617356912
J52	13	4	73	119	1.274592942169464
J53	16	13	14	5	0.11629968664211843
J54	16	5	93	7	2.0729622518498334
J55	14	2	6	79	0.9974248939268842
J56	15	2	69	53	1.8405596554775003
J57	15	10	79	67	1.179840964852011
J58	14	4	81	114	2.2364709429949716
J59	16	11	29	23	1.2119369043259682
\\ Jobs in machine 6
13
J60	15	7	40	94	1.336190017701155
J61	15	10	98	42	0.7667142371495426
J62	15	10	35	30	0.85757911412838
J63	13	3	25	55	1.3721871064877302
J64	13	10	52	132	1.5068202787197555
J65	16	2	25	111	1.6393926887814936
J66	13	11	29	64	1.9283410594367605
J67	15	10	8	90	1.018795626586539
J68	14	12	9	83	0.1
J69	16	6	58	77	0.9700148796078839
J70	15	14	43	74	0.9063218663598662
J71	14	12	72	115	1.1051905438939789
J72	15	5	76	32	1.4057102051648702
\\ Jobs in machine 7
13
J73	13	10	70	22	1.7343379669798025
J74	15	7	27	106	1.4283152719870085
J75	16	9	16	109	2.281791599282535
J76	15	4	91	91	1.3443495854435838
J77	15	9	41	71	0.6757472704618437
J78	15	2	65	98	1.1700137810574085
J79	15	13	82	125	1.1442912890450618
J80	14	10	14	130	2.7849326493469047
J81	14	3	75	130	0.8991755715823038
J82	14	5	79	66	0.9333341938702555
J83	16	14	44	81	0.40515758302793226
J84	13	2	60	65	1.145781160037422
J85	15	1	19	125	0.7241561979001785
\\ Jobs in machine 8
11
J86	16	3	97	25	0.1
J87	15	4	43	84	1.5185588303967132
J88	14	7	21	43	1.8745638773967315
J89	14	9	37	7	1.6251752497064107
J90	16	11	81	3	1.8785213592631416
J91	15	10	84	30	1.1090580514495099
J92	13	7	2	85	1.581284899719741
J93	13	8	15	76	1.6431929496846873
J94	13	11	46	34	1.2201378742885607
J95	15	6	71	7	0.9967016106923602
J96	15	13	96	35	1.0573134442915835
\\ Jobs in machine 9
11
J97	14	11	103	40	1.452436438305143
J98	14	7	12	19	0.5631772623561595
J99	14	12	99	133	1.476084888666686
J100	15	14	14	107	1.4002129455032524
J101	14	14	60	15	1.9207194347181198
J102	14	5	52	2	0.9749573636479474
J103	16	1	64	53	1.231830407767192
J104	14	5	43	33	0.6678678328068532
J105	13	5	90	3	2.037034517881575
J106	16	8	32	90	1.1973080327930197
J107	16	3	55	20	1.3402984430001879
\\ Jobs in machine 10
12
J108	15	6	21	123	1.0483005767048976
J109	16	9	52	49	1.6194897800699186
J110	14	12	107	64	1.7867734604850618
J111	16	10	70	31	2.004322249495461
J112	15	11	91	61	0.1
J113	14	2	43	11	0.587182800280571
J114	16	9	89	114	1.224247979746084
J115	14	14	15	73	0.5682897511695744
J116	14	2	49	129	1.5205822116991272
J117	14	9	79	27	1.1309470878103254
J118	15	4	9	56	0.9745771280127111
J119	14	9	55	69	1.971596982512855
\\ Jobs in machine 11
12
J120	13	9	72	33	0.8112574932905614
J121	13	4	13	52	0.7218311588332686
J122	15	2	36	1	1.7170412492487959
J123	16	8	49	109	1.173511082635712
J124	14	8	88	54	0.8461791049845939
J125	14	1	89	125	0.5924279683554002
J126	16	7	78	18	0.6462869236347208
J127	15	12	98	49	1.0048479805562915
J128	15	11	67	123	0.3545012308142115
J129	14	13	46	9	1.5424431329245958
J130	14	8	36	121	2.0029171915452126
J131	15	8	107	74	0.926873278712548
\\ Jobs in machine 12
11
J132	15	11	50	66	0.703064085950514
J133	15	8	20	20	1.4958057094043078
J134	14	7	17	108	1.531700646884935
J135	14	14	13	122	1.2099287613052625
J136	13	14	45	46	0.8751418770765744
J137	14	8	50	24	0.7030810605380322
J138	14	7	17	4	0.752989252183538
J139	15	5	55	108	1.277614006283659
J140	13	11	41	43	1.0535130003291118
J141	15	1	105	68	1.2013148089825159
J142	14	6	73	1	1.435544617611903
\\ Jobs in machine 13
10
J143	16	6	67	27	1.1493228761122418
J144	16	3	95	49	1.4307943002176586
J145	15	6	49	112	1.6205503236689296
J146	13	12	32	90	1.9711442139082904
J147	14	14	41	72	2.1574125945639393
J148	14	12	60	43	0.6051086942110374
J149	14	5	110	105	1.3114754084223461
J150	13	1	86	8	0.5330161271370633
J151	16	4	27	86	0.8504711158706779
J152	16	13	109	92	1.5149369506744588
\\ Jobs in machine 14
9
J153	15	11	68	84	1.3048471174519463
J154	14	1	109	2	1.5518414570621948
J155	15	2	56	29	0.9758178584690502
J156	15	3	44	25	1.6183653794074404
J157	16	9	49	56	0.6513995854315698
J158	15	1	7	78	1.6561601307016909
J159	16	7	24	16	0.6542579319073268
J160	14	2	4	37	0.75444275576836
J161	15	7	80	92	1.4573162305734668
\\ Jobs in machine 15
12
J162	15	6	72	80	1.3240296263043452
J163	14	8	74	63	0.9824674082751311
J164	16	7	5	133	2.1732803345779237
J165	13	2	2	102	0.7981363793251907
J166	13	11	44	15	2.095381372337656
J167	15	11	96	32	0.425970108646723
J168	15	3	65	99	0.6437855348691365
J169	14	3	98	19	0.836321432834149
J170	14	5	76	12	1.8593219211556202
J171	15	13	53	104	1.2995022917587875
J172	15	8	28	37	1.38967130941102
J173	15	3	70	112	1.4436161409338106
\\ Jobs in machine 16
10
J174	15	4	54	69	1.2860650599496117
J175	14	12	100	91	1.781544521961222
J176	14	9	54	114	1.212764990623579
J177	16	7	17	3	0.8414060951958755
J178	14	14	90	103	0.6210936447491983
J179	15	5	95	81	0.4635423432073862
J180	15	4	51	133	0.5627808580033058
J181	13	12	18	67	2.0149498831017914
J182	13	12	88	33	2.049000442329106
J183	14	1	90	99	1.4244792464584524
\\ Jobs in machine 17
9
J184	15	14	73	73	0.7412005628442453
J185	15	7	93	29	0.9560990241763847
J186	13	10	46	68	1.0558980476908333
J187	14	1	35	13	1.6362977432717294
J188	12	5	107	106	1.2815304944388766
J189	15	3	52	51	1.9010239645058473
J190	14	9	35	1	1.3587767770286876
J191	13	6	43	66	1.104668924801462
J192	14	12	86	76	1.5839509451436165
\\ Jobs in machine 18
11
J193	15	13	2	102	1.5583279780174897
J194	14	12	5	35	0.1
J195	14	6	73	135	1.328345848346521
J196	14	4	77	68	1.3270245424986304
J197	17	6	17	22	0.73464067034415
J198	14	8	35	108	0.8049369487996131
J199	14	5	102	39	1.4500273814355356
J200	14	14	26	73	1.9270829055652912
J201	13	6	81	101	0.48894148603323195
J202	14	14	36	18	1.947011224745617
J203	15	14	55	18	1.6768399282905677
\\ Dependencies 
322
1	2
1	8
1	9
1	11
1	12
2	7
2	10
2	12
3	7
3	11
5	7
5	8
5	10
5	11
5	12
6	10
6	11
6	12
7	8
7	9
7	10
8	10
8	11
8	12
9	10
9	11
10	12
11	12
13	18
13	21
14	15
14	20
14	22
15	20
16	17
16	18
16	20
16	22
18	19
18	20
19	21
19	22
20	21
23	24
23	26
23	29
23	31
23	32
23	34
24	28
24	29
24	32
24	33
25	27
25	30
26	34
27	29
27	31
28	30
28	34
30	31
30	34
31	33
32	33
32	34
35	42
36	37
36	39
36	40
36	44
37	39
37	40
37	42
37	43
37	45
37	46
38	39
38	42
38	43
39	44
39	46
39	47
40	43
40	45
42	43
42	45
42	46
46	47
48	49
48	55
48	58
49	50
49	53
50	53
50	55
50	59
51	55
51	57
53	54
53	59
54	57
55	56
55	57
56	58
60	61
60	63
60	65
60	70
61	63
61	67
62	66
62	70
63	64
63	70
63	71
65	67
65	71
65	72
67	70
68	69
70	72
71	72
73	74
73	76
73	81
73	84
74	77
74	80
74	81
74	82
74	84
75	77
75	78
75	79
76	77
76	79
76	84
77	80
77	83
78	81
78	82
78	85
79	80
79	81
79	85
81	82
81	83
81	84
81	85
82	85
86	87
86	88
86	91
86	94
86	95
86	96
87	91
87	93
87	96
88	93
88	94
89	91
89	95
90	91
90	94
91	93
91	95
92	96
97	98
97	101
97	103
97	107
98	102
98	103
98	106
99	107
100	104
100	107
101	103
101	104
101	105
104	107
108	109
108	110
108	116
108	117
109	113
109	114
109	118
110	114
111	112
111	118
112	116
112	117
112	118
112	119
113	114
113	115
113	117
113	118
114	115
115	118
116	117
116	119
118	119
120	123
120	125
120	131
121	124
121	130
122	124
122	125
122	127
122	129
122	131
123	127
123	131
124	125
124	126
124	127
124	131
125	129
125	130
126	127
126	129
127	130
129	130
132	134
132	136
132	137
132	138
132	141
132	142
133	135
134	135
134	136
134	139
136	139
138	141
139	142
143	150
143	152
144	146
144	151
145	147
145	148
145	152
146	148
148	149
149	150
149	151
150	151
150	152
153	155
153	158
153	161
154	155
154	157
155	158
155	160
156	158
157	158
157	159
157	161
158	160
162	163
162	168
162	169
163	165
163	166
163	172
164	167
164	169
164	170
166	170
167	168
167	171
168	169
168	173
169	171
169	173
170	172
171	173
174	182
174	183
175	178
175	179
175	180
176	180
177	179
177	181
178	182
180	183
181	182
181	183
184	185
184	186
184	188
185	187
185	189
185	192
186	187
186	189
186	192
187	188
189	190
190	192
193	197
193	199
193	203
194	200
194	203
195	198
195	201
196	198
196	201
196	203
197	199
197	201
198	199
198	200
202	203
