\\ machines
10
\\ max power
100
\\ Jobs in machine 1
11
J1	14	14	110	14	0.871791351665071
J2	15	6	12	23	1.2126704960346495
J3	14	13	21	11	1.1993230288257684
J4	14	14	93	18	0.8384091913940535
J5	15	9	105	17	1.3111342647097608
J6	14	7	45	21	1.1210141607750432
J7	15	13	69	5	2.3421859687479616
J8	14	10	33	3	1.1681525605588878
J9	14	5	40	20	1.4703788910261035
J10	15	13	86	7	1.1535622856717145
J11	14	14	65	3	1.7618186465787806
\\ Jobs in machine 2
10
J12	15	12	4	23	1.6295897083232656
J13	15	9	94	7	0.9637596793990977
J14	15	9	22	4	0.5375681172669755
J15	13	2	32	1	0.1
J16	14	3	62	23	0.49858348310206635
J17	16	10	44	24	1.0746398415272789
J18	14	12	30	17	1.2687887065762207
J19	14	8	99	10	1.8059423520358944
J20	14	10	2	6	1.2095519741918013
J21	13	13	12	14	0.73579015929441
\\ Jobs in machine 3
10
J22	14	9	43	5	1.361441158000347
J23	16	3	30	13	0.5465904108353532
J24	15	5	108	5	1.5791648653773873
J25	14	7	62	20	1.4103564162186528
J26	13	13	55	5	1.4864496342684057
J27	15	12	60	13	1.4539433765459286
J28	17	11	9	25	1.8099375535488376
J29	13	10	22	17	0.7973660827726147
J30	14	8	9	13	0.8275930865662945
J31	14	12	13	8	0.9947289647945798
\\ Jobs in machine 4
12
J32	14	5	43	5	2.5080866188244872
J33	14	1	22	17	1.19105788870628
J34	15	9	75	23	1.972694317582856
J35	14	5	22	19	0.9938675049090879
J36	15	4	66	5	0.6849593534400146
J37	15	10	64	7	1.0505470292426609
J38	15	8	34	20	1.214525824352517
J39	17	1	87	15	1.814932641364806
J40	14	10	15	24	0.993223766478718
J41	15	13	82	4	1.0213635387245779
J42	15	12	82	5	0.9639030118887545
J43	14	6	90	21	0.7079199400758835
\\ Jobs in machine 5
11
J44	16	1	92	21	1.7317893837698435
J45	15	2	75	22	1.329349172908568
J46	16	14	40	3	1.1812730098590156
J47	15	13	11	1	0.6149210212057414
J48	15	13	70	12	1.4143338413246327
J49	15	12	83	8	0.8054412847722596
J50	14	9	52	22	0.7086689948882942
J51	14	12	84	10	2.121419478230473
J52	14	7	7	24	0.9918625555335944
J53	16	14	59	23	2.4425742792836216
J54	14	14	80	3	1.0514716276380036
\\ Jobs in machine 6
11
J55	14	14	36	11	0.6750665212139131
J56	15	6	32	14	0.5721638985913483
J57	14	7	86	18	1.2388865858993736
J58	15	5	24	6	1.4578574140049911
J59	15	7	33	3	1.0772451357854682
J60	16	3	20	3	0.7305630961971623
J61	15	13	86	4	0.820102018714999
J62	15	4	50	4	2.12990308685176
J63	16	3	2	23	0.640875042813784
J64	14	2	50	22	1.1211208298281963
J65	15	13	23	10	1.379151509202722
\\ Jobs in machine 7
11
J66	13	13	90	2	2.162078113953523
J67	13	14	19	12	1.4479231429105857
J68	15	3	61	4	1.1124309500393967
J69	14	6	78	25	1.091107736680141
J70	15	2	9	23	0.4876589130330725
J71	16	4	102	8	0.9452504684516113
J72	15	4	25	24	0.9357654836306275
J73	14	1	13	9	1.6643107781420072
J74	15	13	39	21	1.7079881824650194
J75	14	14	60	17	1.435127525131129
J76	14	9	78	3	1.2067665677732582
\\ Jobs in machine 8
12
J77	12	3	46	22	0.35073555966427106
J78	14	11	53	7	0.470057109223355
J79	15	2	86	6	0.7491895935851216
J80	16	12	101	11	0.9815541859949507
J81	14	9	2	12	0.9064460827589849
J82	15	1	10	25	0.8725550090530901
J83	15	13	23	4	1.0961055481533357
J84	13	9	55	2	0.9287527746189843
J85	17	2	21	23	1.6263556220830324
J86	16	3	59	17	1.6152840706198905
J87	13	8	23	15	0.8619689305265625
J88	13	3	94	23	0.8485294915241736
\\ Jobs in machine 9
11
J89	13	12	13	5	1.5228705124065258
J90	14	7	28	9	1.0356995304658463
J91	14	4	42	12	1.0486461201437942
J92	16	5	90	19	0.1
J93	15	14	56	22	0.340815581884359
J94	13	3	33	22	1.730971762736543
J95	17	12	70	2	1.2081282750713709
J96	14	12	86	5	1.0677081154274501
J97	15	12	59	12	0.9898515128013131
J98	13	11	2	7	1.1128579254038207
J99	15	7	2	5	1.1357641117376538
\\ Jobs in machine 10
11
J100	15	10	23	7	0.9524417660124241
J101	14	1	69	20	0.35519857719149195
J102	15	7	56	10	0.5025326381250063
J103	16	14	53	9	0.5193436892041838
J104	14	11	25	11	1.66266030538298
J105	16	12	27	1	0.25074673510899426
J106	15	13	19	24	1.7223111334264702
J107	15	4	15	18	1.2160054291622582
J108	14	1	17	18	1.0471582717827306
J109	14	1	50	20	0.9840447291827242
J110	14	13	70	8	1.219617092245026
\\ Dependencies 
404
1	2
1	4
1	5
1	6
1	8
1	9
1	10
1	11
2	3
2	4
2	5
2	6
2	7
2	8
2	9
2	10
2	11
3	4
3	6
3	7
3	8
3	9
3	10
3	11
4	5
4	6
4	7
4	9
4	11
5	6
5	7
5	8
5	11
6	8
6	9
6	10
6	11
7	8
7	9
7	11
8	9
8	10
8	11
10	11
12	13
12	15
12	16
12	19
12	20
12	21
13	14
13	15
13	16
13	17
13	19
13	20
13	21
14	15
14	17
14	19
14	20
15	16
15	19
15	21
16	19
16	20
16	21
17	18
17	19
18	19
18	20
18	21
19	20
19	21
20	21
22	23
22	24
22	25
22	26
22	27
22	28
22	30
22	31
23	24
23	25
23	26
23	27
23	28
23	30
23	31
24	26
24	27
24	30
24	31
25	26
25	27
25	29
25	31
26	27
26	29
26	30
26	31
27	28
27	29
27	30
27	31
28	29
28	30
28	31
29	30
29	31
30	31
32	33
32	34
32	35
32	37
32	39
32	40
32	41
32	43
33	35
33	36
33	37
33	40
33	42
33	43
34	35
34	36
34	37
34	38
34	39
34	40
34	41
35	36
35	37
35	41
35	42
35	43
36	37
36	40
36	41
37	38
37	40
37	41
37	42
38	39
38	41
38	42
38	43
39	41
39	43
41	42
41	43
42	43
44	45
44	48
44	50
44	51
44	53
45	46
45	47
45	48
45	49
45	50
45	51
45	53
45	54
46	47
46	48
46	49
46	50
46	51
46	52
46	53
46	54
47	48
47	50
47	51
47	52
47	53
47	54
48	50
48	53
49	50
49	51
49	52
49	53
50	51
50	53
50	54
51	53
52	53
52	54
55	56
55	57
55	58
55	59
55	60
55	61
55	62
55	63
56	57
56	58
56	59
56	60
56	61
56	62
56	63
56	64
56	65
57	59
57	60
57	61
57	63
57	64
57	65
58	60
58	61
58	62
58	63
58	64
58	65
59	60
59	61
59	63
59	64
60	62
60	63
60	65
61	64
61	65
62	63
62	65
63	64
63	65
64	65
66	67
66	68
66	69
66	70
66	71
66	72
66	73
66	74
66	75
66	76
67	68
67	69
67	70
67	71
67	72
67	73
67	74
67	75
68	70
68	72
68	73
68	75
68	76
69	70
69	71
69	74
69	75
69	76
70	71
70	73
70	75
70	76
71	72
71	75
71	76
72	73
72	75
73	74
73	75
74	75
74	76
77	78
77	79
77	80
77	82
77	83
77	84
77	85
77	86
77	87
77	88
78	79
78	81
78	84
78	85
78	86
79	80
79	81
79	82
79	84
79	85
79	86
80	81
80	82
80	83
80	84
80	85
80	86
80	88
81	82
81	85
81	87
81	88
82	83
82	85
82	86
82	87
82	88
83	84
83	85
83	88
84	86
84	87
84	88
85	88
86	87
86	88
89	91
89	92
89	93
89	94
89	95
89	96
89	97
89	98
89	99
90	93
90	95
90	96
90	97
90	98
90	99
91	92
91	93
91	94
91	95
91	98
91	99
92	93
92	94
92	95
92	97
92	98
93	94
93	95
93	97
93	98
94	95
94	96
94	98
95	96
95	97
95	98
95	99
96	97
96	98
97	98
97	99
98	99
100	102
100	103
100	104
100	105
100	107
100	108
100	109
100	110
101	103
101	104
101	106
101	107
101	109
101	110
102	103
102	106
102	107
102	108
103	107
103	108
103	109
103	110
104	105
104	106
104	107
104	108
104	109
104	110
105	107
105	108
105	109
105	110
106	107
106	108
106	109
107	108
107	109
107	110
108	109
