\\ machines
10
\\ max power
100
\\ Jobs in machine 1
12
J1	15	7	75	23	0.9623280552264795
J2	16	9	110	34	1.758873229597044
J3	13	3	81	72	0.3888599197358853
J4	14	9	107	5	1.2311430676130568
J5	14	8	64	38	1.4823803342030963
J6	13	9	99	61	1.8310745098494516
J7	13	5	95	36	1.1606658019970988
J8	15	11	109	73	1.1556673219192521
J9	16	10	91	48	1.0220810413300767
J10	12	11	108	24	1.1467504328731588
J11	14	9	19	64	1.6860794053599841
J12	15	13	77	62	0.8884687325269637
\\ Jobs in machine 2
10
J13	14	14	27	54	0.9413750983596665
J14	14	11	9	16	1.6483017755466143
J15	14	2	10	60	1.218179733872718
J16	14	14	16	44	1.0903274135728427
J17	15	6	17	75	0.1902236505920587
J18	14	3	73	67	1.0524443428382866
J19	14	4	106	21	1.1818282266295868
J20	13	3	41	5	1.0706877131504413
J21	14	5	67	21	1.361633477507771
J22	15	3	72	48	1.3015705953040877
\\ Jobs in machine 3
10
J23	16	12	73	16	1.3488704073249047
J24	16	8	26	35	1.1263756855127542
J25	16	7	52	21	1.5699235051749147
J26	14	1	44	71	0.9321450386332757
J27	13	14	106	12	1.6845898337565643
J28	13	8	33	56	1.432163489207333
J29	13	13	28	45	0.7286268516330973
J30	15	3	50	74	0.1
J31	14	12	37	75	1.1482400980601457
J32	14	3	77	22	0.8748277442564101
\\ Jobs in machine 4
10
J33	15	3	6	69	1.684033714276329
J34	15	9	8	12	1.271428007135103
J35	15	5	9	64	1.0511920108684887
J36	15	7	89	12	1.625282728818993
J37	13	1	53	51	1.0792160215587547
J38	14	3	33	59	0.7987991138049864
J39	14	7	39	41	1.472902422947514
J40	16	11	4	10	1.058957645893461
J41	15	13	76	21	0.7910819755849945
J42	16	9	26	11	1.9272566540543874
\\ Jobs in machine 5
11
J43	16	5	87	15	1.9064009980860197
J44	15	10	65	56	1.988262412925662
J45	13	10	99	68	0.922786420131227
J46	13	14	45	70	1.9851994820291945
J47	15	3	25	15	1.2123612560559924
J48	15	9	21	19	0.545691436172006
J49	16	6	15	38	1.026713642059453
J50	14	8	9	43	1.3786914923390228
J51	14	1	47	45	0.13161422131817768
J52	15	7	88	40	0.6655800041975429
J53	13	11	66	63	0.9061491461236802
\\ Jobs in machine 6
12
J54	15	9	85	71	1.907525461145433
J55	16	9	27	14	1.8302621099826255
J56	15	4	65	45	1.6974983123887322
J57	14	5	103	6	0.9636403334796408
J58	15	7	19	58	1.2278728830324555
J59	14	8	5	7	1.5330053619571875
J60	17	5	49	22	1.4777083351785492
J61	14	11	68	14	0.21345686489912918
J62	13	2	53	25	1.4039029778151162
J63	15	4	65	44	0.9587673360943753
J64	14	10	37	68	1.7087812287280673
J65	13	10	33	52	0.3213363451773893
\\ Jobs in machine 7
12
J66	14	13	44	45	0.5858676410613295
J67	17	6	103	22	1.082378467407771
J68	13	11	106	73	0.9329583116676494
J69	14	1	63	14	0.17411860297306192
J70	14	3	72	25	1.374676001927193
J71	14	8	60	58	1.4589650742867726
J72	15	13	92	37	0.587476793817303
J73	15	4	97	4	1.3833173650163435
J74	14	11	3	4	0.9426924586669228
J75	15	7	40	69	1.6069665056797617
J76	14	9	89	26	0.4514394912713342
J77	15	1	77	43	1.6290916499259207
\\ Jobs in machine 8
12
J78	13	13	2	52	0.7830900507045169
J79	14	8	54	64	0.9285839840790844
J80	15	10	102	60	1.4548145366207756
J81	14	7	65	41	1.7329257725362965
J82	14	10	108	26	0.12049312131850187
J83	15	14	25	7	1.2600037616337916
J84	14	12	103	4	0.7497076608974999
J85	14	8	105	65	1.4389043880077117
J86	15	12	52	52	2.3006943486613918
J87	16	3	37	14	0.1
J88	15	6	55	28	2.1265192781242463
J89	15	6	10	41	0.7101655954224287
\\ Jobs in machine 9
11
J90	13	1	67	19	1.54187397880947
J91	14	3	71	9	1.36024831451094
J92	15	5	7	10	1.639454359068229
J93	15	6	98	12	1.313726367389993
J94	15	13	40	22	0.9793918725363384
J95	14	14	15	63	1.7850495130671238
J96	15	3	72	10	0.21205052450200734
J97	16	5	110	31	1.4279591657930684
J98	14	11	11	66	0.97747117516339
J99	15	13	27	46	0.1
J100	13	11	68	38	0.8676031657969641
\\ Jobs in machine 10
12
J101	15	12	83	13	1.417536677269777
J102	15	1	53	8	0.8030301786947966
J103	15	5	55	37	0.952851258939596
J104	15	12	70	62	1.112589337343504
J105	13	7	2	60	1.4023632776879027
J106	15	9	84	38	0.805087270424649
J107	13	4	34	43	1.7504398117092048
J108	15	11	92	46	0.8421497479278466
J109	14	12	2	47	0.40885579701648145
J110	17	9	70	31	1.0450456024694328
J111	17	1	51	72	0.6311403471646181
J112	14	12	71	31	0.8445504872901285
\\ Dependencies 
66
1	2
3	7
5	10
7	10
8	10
11	12
13	19
14	18
16	18
23	28
23	29
23	32
24	26
24	30
25	32
26	28
26	32
27	30
30	32
33	42
34	35
34	38
34	41
35	37
36	38
44	45
44	51
45	49
47	48
50	53
52	53
54	56
54	63
57	64
59	62
59	65
62	65
63	65
66	76
67	70
67	72
69	71
70	73
74	75
74	76
78	81
78	87
79	82
80	86
81	86
82	88
83	84
84	87
88	89
90	99
91	95
93	96
93	97
95	97
97	98
101	111
102	106
102	108
103	105
105	110
111	112
