\\ machines
5
\\ max power
50
\\ Jobs in machine 1
12
J1	14	8	98	6	1.2488538933153985
J2	14	12	102	4	0.6535441922427444
J3	13	2	83	30	1.1369905252496582
J4	14	12	6	21	0.9085523446140235
J5	14	8	78	37	1.3446080833535186
J6	16	7	65	32	1.0115325645538351
J7	13	11	14	8	1.0421957921036549
J8	11	3	49	5	1.1615469033749724
J9	15	10	23	2	0.5556443867056204
J10	15	2	39	9	1.0849351827805533
J11	13	1	102	24	0.8581922060437543
J12	15	12	98	17	1.3263385863778387
\\ Jobs in machine 2
10
J13	14	5	41	13	0.8145834299025376
J14	15	1	37	32	1.1534944082139178
J15	17	10	73	27	1.8231720292362485
J16	15	5	69	34	1.45002902978252
J17	15	5	72	8	1.7103973425179968
J18	14	5	63	4	1.5705628729887353
J19	13	2	44	5	1.0998182211047405
J20	15	1	26	32	1.2499186645377705
J21	14	4	82	16	0.957799574975696
J22	15	8	62	4	0.1
\\ Jobs in machine 3
11
J23	14	8	87	4	1.4091125326992118
J24	15	7	45	5	1.564947018488236
J25	15	5	28	20	0.745685230372023
J26	14	3	13	18	1.6398890755730355
J27	15	8	99	1	0.5644694577921217
J28	15	1	64	10	0.64704012449731
J29	15	8	95	26	1.4159655501132848
J30	14	7	100	26	1.1580269731746462
J31	15	2	102	23	2.1149106537830207
J32	16	3	83	29	0.5305069303868657
J33	13	6	5	21	0.32012678827264796
\\ Jobs in machine 4
12
J34	15	9	17	36	0.9364172624787739
J35	14	2	106	15	0.8055444373465374
J36	13	13	92	26	1.7576113383829364
J37	14	10	73	29	1.6798908194893674
J38	15	13	22	20	1.1898415787859673
J39	13	14	44	6	0.5868962995104781
J40	13	11	51	17	1.0501078100155463
J41	13	10	10	23	1.6170541410672095
J42	13	9	89	27	0.7381430180220138
J43	16	11	42	8	1.4513525870842428
J44	16	2	21	33	1.450881016320605
J45	13	11	8	11	1.165462336225204
\\ Jobs in machine 5
10
J46	15	9	83	33	0.7996751434193032
J47	14	7	59	7	1.5907556647170145
J48	15	10	36	37	0.7867143210570444
J49	14	5	71	15	0.5385297788127854
J50	13	5	98	5	1.4239008176937433
J51	15	2	8	33	0.8308354130051987
J52	16	14	67	38	0.3617419689519492
J53	14	12	44	23	1.5991853643612997
J54	14	1	3	18	1.0614148431077812
J55	13	2	92	3	1.863108227715259
\\ Dependencies 
51
1	3
1	5
1	11
2	6
2	9
3	5
4	5
4	9
5	10
6	7
6	9
6	11
9	10
13	19
13	21
13	22
14	17
14	22
15	20
17	18
19	21
20	22
21	22
24	25
25	26
25	29
25	31
25	32
26	29
26	31
27	32
30	32
34	37
34	44
35	37
37	43
37	44
38	41
39	42
39	43
39	45
40	44
46	50
47	52
48	55
50	51
50	54
50	55
52	54
53	54
53	55
