\\ machines
18
\\ max power
180
\\ Jobs in machine 1
11
J1	14	5	73	117	0.8227206309344666
J2	16	2	45	16	1.334933813094305
J3	13	14	45	110	1.5535411654749214
J4	15	1	31	80	1.5205351913040785
J5	14	7	19	49	1.3644823742538796
J6	15	12	23	46	0.7515527329795091
J7	13	11	97	19	1.4734250784863567
J8	14	11	68	25	0.6323242129455191
J9	12	12	53	29	1.1544156135729668
J10	14	2	22	33	1.3785153859455428
J11	14	12	25	95	0.1
\\ Jobs in machine 2
10
J12	16	14	8	25	1.4044425500424969
J13	15	12	57	65	0.8956791937729339
J14	13	12	23	8	0.6510044719599978
J15	13	13	5	80	0.3992272427275976
J16	16	1	29	81	0.25170493668233784
J17	15	3	55	48	0.1
J18	14	8	58	83	2.1656556541555436
J19	13	7	74	49	1.8083622440459115
J20	16	1	105	77	1.3572895400728384
J21	15	13	76	31	0.25673741987192833
\\ Jobs in machine 3
11
J22	15	4	33	124	1.9164037635368536
J23	15	7	38	106	1.0700020376303672
J24	14	14	95	18	1.2709468832497428
J25	14	7	54	49	2.039279997206525
J26	13	13	81	109	1.045390156342153
J27	16	5	23	37	1.5864841521631723
J28	16	11	75	37	1.961832555291087
J29	15	8	13	11	1.262810581520482
J30	14	3	79	118	2.2251891327914715
J31	15	10	86	78	1.6267444291006596
J32	15	11	99	54	0.6218648782140921
\\ Jobs in machine 4
11
J33	14	10	46	2	1.29498004165253
J34	15	13	28	21	2.2382706180817484
J35	15	1	82	107	1.9859162934605172
J36	15	10	85	17	1.1284014161135398
J37	15	6	24	124	0.9640301540974057
J38	14	11	78	85	0.8247677287785449
J39	15	4	51	76	1.0168283659530928
J40	15	3	60	94	1.197354798720455
J41	14	10	99	19	0.8957933051985432
J42	16	11	24	105	0.7599171908803284
J43	15	11	59	84	1.867151127509738
\\ Jobs in machine 5
12
J44	15	10	3	135	0.8970714143690539
J45	15	5	17	42	0.30213334405637604
J46	13	9	51	104	1.8106277690871908
J47	14	9	51	129	2.2800334923675543
J48	14	6	81	40	1.424439512688701
J49	15	5	3	73	0.9554900231731229
J50	15	7	73	109	1.5270107131469641
J51	16	14	55	31	1.574691415666931
J52	13	2	44	126	0.8937402161611957
J53	14	1	79	72	0.1
J54	14	12	11	35	1.6231974607079633
J55	14	14	109	5	0.545426099406333
\\ Jobs in machine 6
10
J56	14	11	28	6	1.28196174923881
J57	15	10	65	74	0.5826584234915865
J58	13	6	68	103	1.2891103833304345
J59	13	10	67	106	1.3757166900687363
J60	15	5	30	35	1.7014780718230162
J61	14	4	46	91	0.9205542994076394
J62	13	5	36	30	2.027058086482528
J63	15	6	41	39	1.9112548763151396
J64	14	9	58	34	1.3034887802399446
J65	13	10	61	62	1.2608442275291416
\\ Jobs in machine 7
10
J66	14	10	14	64	1.1236852120506955
J67	15	13	91	38	1.5795093811627534
J68	14	11	66	89	1.1412861728266839
J69	15	1	24	130	2.053470904327435
J70	15	7	66	44	1.3031408025860878
J71	16	2	104	130	1.475636228089757
J72	14	5	31	135	1.34733124698331
J73	14	9	85	115	1.1499401823085063
J74	15	11	49	99	1.266740128725744
J75	13	7	109	65	1.7537282517842003
\\ Jobs in machine 8
10
J76	13	4	51	19	1.9495809563933113
J77	15	1	51	113	0.2221616794686302
J78	17	11	108	18	0.9233427253108326
J79	14	4	104	42	1.7248249250997678
J80	16	5	85	76	1.5160829904809832
J81	15	6	91	53	2.4769164878387766
J82	15	7	59	111	0.9135092275558534
J83	15	1	57	123	1.3865244066753832
J84	16	3	57	58	2.3588947696442473
J85	16	7	70	18	1.653646810042175
\\ Jobs in machine 9
11
J86	15	4	91	122	1.3305681680400914
J87	13	9	66	113	1.383801457321024
J88	15	8	39	116	1.6147510481265628
J89	13	2	96	65	1.2429201623410224
J90	12	5	81	12	1.83980301495147
J91	13	9	110	10	0.1
J92	14	9	91	82	1.3231294663478061
J93	14	5	86	9	1.4243854247920278
J94	15	3	16	39	1.5438403908942373
J95	14	10	61	16	0.545802242656896
J96	14	11	37	29	0.4934811189908551
\\ Jobs in machine 10
12
J97	14	11	80	63	1.6754185925187797
J98	14	6	80	104	2.199349255385688
J99	14	11	104	76	1.4044451965070328
J100	13	12	28	7	0.6536236595524793
J101	15	9	86	95	1.212577558453807
J102	15	8	84	87	1.914555969098126
J103	15	8	60	43	1.294886324869764
J104	15	1	3	117	0.543399607513209
J105	15	5	90	134	1.6126551514619503
J106	15	3	12	43	1.3128740454230117
J107	14	10	86	114	0.9553401318564398
J108	14	13	38	121	0.7858750043300076
\\ Jobs in machine 11
10
J109	13	3	90	61	1.1695604255474732
J110	16	14	9	30	0.9445082266690648
J111	13	6	36	49	1.0634388386740568
J112	15	5	18	117	1.0633587750719022
J113	15	8	69	14	2.038058089015793
J114	16	10	86	20	1.6551687041536522
J115	14	2	61	25	0.6792242702761075
J116	16	11	24	67	1.66337099168924
J117	14	7	53	99	1.3000398905340105
J118	13	2	21	38	1.7382905491404488
\\ Jobs in machine 12
10
J119	15	4	38	42	0.9087836709590054
J120	14	4	79	79	1.2960820812898437
J121	13	12	66	10	2.0782377015284546
J122	15	6	102	13	0.7610159781565795
J123	14	11	35	73	0.5043412651581168
J124	15	13	15	27	1.9888423974344835
J125	15	3	80	13	1.0589126840857737
J126	13	11	96	47	1.02772188415592
J127	13	1	90	116	1.2907018956983032
J128	15	4	107	108	1.8489385382748336
\\ Jobs in machine 13
12
J129	12	7	42	52	0.6883079781959431
J130	14	5	76	21	0.5425372657943771
J131	15	11	8	87	2.155992302808455
J132	16	5	73	33	1.133559263806677
J133	13	1	2	22	0.8412458420483881
J134	13	14	41	41	1.210167006364507
J135	13	12	43	38	0.4760937995707236
J136	14	4	72	106	0.6267351371146195
J137	14	8	54	20	1.062040772750747
J138	14	6	38	68	1.6192881601065727
J139	14	10	85	95	1.2560194886876435
J140	13	2	14	71	0.715751542447115
\\ Jobs in machine 14
12
J141	13	1	34	134	1.8895043434834828
J142	14	14	107	16	0.45438816971709617
J143	15	11	3	25	2.056502747656658
J144	13	11	53	48	1.3562587702043336
J145	15	12	11	80	1.658015408868831
J146	15	12	92	55	0.2612385180944059
J147	16	14	21	14	1.7295016948944202
J148	14	4	92	66	1.1309035720107998
J149	14	14	67	128	0.8492169569631388
J150	17	13	82	96	1.5353555101508143
J151	15	7	92	100	1.4534775691111477
J152	15	4	95	87	0.8147491347976752
\\ Jobs in machine 15
12
J153	15	6	35	75	0.6345282913417579
J154	14	9	11	78	0.2834295775388411
J155	16	12	89	34	1.1211501603425418
J156	15	5	60	69	0.27161326510094963
J157	14	9	27	47	0.6373386634274162
J158	14	6	21	120	1.669696590627344
J159	14	13	49	115	1.5329047163215606
J160	13	14	32	75	1.234401590110302
J161	16	6	60	7	1.1880896782164054
J162	14	10	22	108	0.9749279891481225
J163	14	1	105	115	0.8535440357231308
J164	16	5	38	7	1.2188080562537846
\\ Jobs in machine 16
10
J165	14	3	7	7	1.0050659223500529
J166	13	2	80	52	0.6050548530791412
J167	14	6	71	53	1.4820460089121303
J168	13	10	26	45	0.8952974430282215
J169	14	1	39	25	1.0355748224597958
J170	13	3	66	89	1.0506170465361786
J171	14	9	70	74	2.012709630678414
J172	16	5	32	86	1.2654758309167795
J173	14	9	99	66	0.5968868292207944
J174	18	10	78	102	1.2095786168540308
\\ Jobs in machine 17
10
J175	14	3	93	95	0.8099361294755876
J176	14	2	102	101	1.2120008440606738
J177	14	9	59	81	0.1
J178	17	9	7	74	0.4635053804337109
J179	14	7	59	88	0.8592304849696859
J180	16	13	87	38	0.9540893304346916
J181	16	1	23	74	1.7621306562042411
J182	14	10	91	25	1.7253703566814815
J183	15	7	14	114	1.5581705042323026
J184	15	3	43	87	1.786799797490591
\\ Jobs in machine 18
11
J185	14	5	54	132	0.39209092336531126
J186	13	11	14	92	0.8517816153483687
J187	14	8	74	55	1.1250209386089989
J188	14	6	26	105	0.994774088159904
J189	15	14	59	61	1.2577568436671553
J190	14	9	42	106	0.9478523719426655
J191	14	4	8	22	1.0281540245680785
J192	14	11	38	71	1.6256345647444879
J193	13	2	91	59	0.692006032001795
J194	15	4	4	76	1.2123725216549164
J195	14	7	28	113	2.087176943974625
\\ Dependencies 
174
1	3
1	4
1	6
2	3
2	9
3	6
3	8
3	10
4	8
5	8
5	9
6	8
8	11
9	11
12	19
12	21
14	15
14	18
15	16
15	17
16	21
17	19
22	27
22	32
23	25
23	30
24	28
24	31
25	28
26	31
27	28
28	31
29	31
33	39
35	36
35	39
35	40
37	41
37	42
39	42
39	43
41	43
42	43
44	49
44	50
44	53
44	54
46	52
46	55
47	54
47	55
48	52
48	54
48	55
50	52
50	55
53	54
56	57
57	61
57	63
60	62
60	63
60	65
61	64
61	65
62	64
62	65
63	64
64	65
67	75
69	71
70	74
72	73
76	81
76	84
77	82
77	85
78	82
79	85
80	85
81	83
82	84
83	84
84	85
86	92
86	93
87	88
87	89
87	91
88	89
91	95
97	103
98	99
100	102
100	107
101	102
104	108
105	107
106	108
110	118
111	113
111	114
111	118
112	115
113	115
115	116
119	123
119	125
119	128
121	124
121	128
122	126
124	125
124	127
124	128
125	128
129	131
130	131
130	132
130	140
132	138
133	138
134	138
135	138
135	140
138	139
142	144
142	149
145	147
145	148
146	149
146	150
146	151
153	154
153	159
153	161
153	164
154	159
154	160
155	158
155	160
157	159
157	164
158	162
158	163
158	164
159	160
159	161
160	161
160	164
166	169
168	170
168	173
169	170
170	174
173	174
175	178
175	183
176	183
177	180
178	181
178	184
180	184
182	183
183	184
185	195
186	193
187	190
188	191
188	193
189	193
190	191
191	193
193	195
