\\ machines
18
\\ max power
180
\\ Jobs in machine 1
11
J1	13	3	32	47	0.1
J2	14	14	92	117	1.1524820601312096
J3	13	11	87	46	2.2337684417553216
J4	14	4	98	46	1.3735081358344512
J5	15	12	27	99	1.1233189839179196
J6	15	3	25	7	0.16873809278247776
J7	14	2	40	89	0.510960113912765
J8	15	11	103	104	1.6843299214984502
J9	14	3	9	73	0.5640689923990545
J10	14	12	71	65	1.826749099462802
J11	14	7	26	52	1.5408829624128575
\\ Jobs in machine 2
12
J12	13	12	15	102	1.3944679949710426
J13	14	4	66	89	1.4865271857214897
J14	16	8	35	133	1.055413846656478
J15	14	3	31	29	0.7912046982203621
J16	16	9	61	12	1.6397945003286483
J17	14	4	69	17	1.5801659013523341
J18	14	7	74	43	0.9610580663115467
J19	14	1	96	83	1.1382219323084912
J20	14	8	35	90	1.5103395028889208
J21	15	11	59	60	1.1600671236390963
J22	14	10	90	4	1.1257783989116277
J23	15	14	51	110	1.1192743268832763
\\ Jobs in machine 3
11
J24	15	6	20	117	0.8529384942717047
J25	14	13	48	108	1.4306480801073798
J26	15	12	85	104	1.2256818040206627
J27	14	11	70	113	1.2174527060015319
J28	14	10	64	94	1.4554610911020653
J29	15	7	70	67	0.5212020754046907
J30	15	11	56	11	1.1772829865981458
J31	13	8	23	42	1.2656316295974133
J32	13	10	26	40	0.8690255040688507
J33	14	12	24	48	1.3780432832226603
J34	15	11	58	37	1.6979104191522838
\\ Jobs in machine 4
11
J35	15	8	76	54	0.4232566751289465
J36	16	2	101	27	1.5232296493786566
J37	14	14	71	86	2.098085719070862
J38	14	6	88	61	1.0874585849687557
J39	12	2	42	71	1.9341344173375223
J40	15	10	13	94	1.2758523766292842
J41	14	1	18	6	0.8989925641895165
J42	15	13	69	82	1.4058272947677137
J43	15	3	3	69	1.3833746145721346
J44	13	1	24	32	2.1441474248570658
J45	14	3	50	53	1.3058228467513737
\\ Jobs in machine 5
12
J46	15	14	44	25	0.23203787009556764
J47	14	10	93	85	1.1330027068444035
J48	14	5	40	88	1.0830826225254233
J49	15	8	41	93	0.8646866681266594
J50	15	4	65	104	0.5428670351736127
J51	13	14	46	57	1.1859462690380584
J52	14	4	75	65	1.7349448877251228
J53	15	9	91	95	1.1954283390628324
J54	13	12	65	125	1.9803764688099026
J55	14	10	93	4	1.5381266345102196
J56	14	8	66	52	1.9408144329507016
J57	14	2	9	39	1.613630267070302
\\ Jobs in machine 6
10
J58	13	9	79	128	0.49687224247358075
J59	13	10	54	68	1.031908231235508
J60	13	12	30	97	1.1338958630596696
J61	15	1	6	133	0.1
J62	16	11	10	92	0.8823985616607541
J63	15	5	24	59	1.0664812386748186
J64	15	9	4	124	0.5457933972341117
J65	12	1	93	8	1.7869187664558224
J66	17	6	24	20	1.2247131862360272
J67	16	14	17	93	0.9236695707562654
\\ Jobs in machine 7
12
J68	14	10	26	31	1.5635794091859534
J69	14	8	99	111	1.0063689755777636
J70	16	12	13	81	1.9638507968363408
J71	14	7	110	121	1.3227963044897881
J72	15	6	76	72	1.5197135204576184
J73	14	1	15	54	0.836779432467488
J74	14	6	16	79	1.6747098255117403
J75	16	8	79	81	1.0538784209003702
J76	15	2	36	135	1.3991593675034404
J77	14	12	52	107	1.6487678916472064
J78	15	10	27	103	1.123874434218991
J79	12	9	40	78	0.6298508653369798
\\ Jobs in machine 8
11
J80	15	2	108	22	0.9685075603339478
J81	16	1	25	45	1.6036465770502355
J82	15	7	82	58	1.3096157427098616
J83	13	8	2	38	1.613880505256084
J84	14	8	20	60	0.911886803704693
J85	13	12	85	46	0.9094626534805131
J86	13	10	70	89	1.8856741831331232
J87	14	3	65	5	1.098088631109723
J88	15	1	96	118	0.3228371593089976
J89	15	10	55	122	0.959971416685266
J90	13	4	43	131	1.2413655649638704
\\ Jobs in machine 9
11
J91	15	1	20	93	0.9365001329678659
J92	14	4	107	66	1.3162928365458326
J93	14	14	29	1	1.8282223425317654
J94	14	9	75	69	0.5977158565011772
J95	12	8	81	77	0.22695177796449173
J96	14	6	83	32	1.5895175412358502
J97	14	2	2	2	1.8150851035151776
J98	13	6	84	19	1.53046413790714
J99	15	13	105	109	0.6639578484230035
J100	15	7	14	9	1.875582465260622
J101	15	2	12	103	0.7076825875572621
\\ Jobs in machine 10
11
J102	14	5	90	59	0.7564237394937522
J103	15	12	90	64	1.7029083284794244
J104	15	14	30	49	1.1898798266459294
J105	15	13	60	71	0.3207423635859966
J106	14	2	78	73	0.6607017198115267
J107	13	4	30	31	0.8445757318448834
J108	13	10	21	50	1.157178160170695
J109	15	10	19	90	2.023682903182524
J110	15	1	81	23	0.7925198275270045
J111	16	14	43	101	0.19570831041589543
J112	14	14	39	106	0.31727842899158365
\\ Jobs in machine 11
10
J113	14	6	83	66	1.389540131466119
J114	15	7	50	103	1.175374335219051
J115	15	10	79	49	1.079671585321647
J116	15	11	86	39	0.9219797149369775
J117	14	2	53	102	1.2258959817338144
J118	13	12	71	35	0.6234158464404105
J119	14	14	74	35	0.9578811616159323
J120	16	6	5	103	2.3203645407605196
J121	13	5	19	122	1.1608315866548313
J122	14	1	14	69	1.5801266994172283
\\ Jobs in machine 12
10
J123	14	9	38	16	1.440775371237636
J124	14	4	57	79	1.6865079159066954
J125	14	10	43	33	1.4036733738450866
J126	15	1	24	7	1.9881978060827397
J127	14	11	23	53	0.9557995329906817
J128	16	1	36	100	1.039182404038677
J129	16	9	50	103	1.117989351960419
J130	15	6	74	68	0.4168803420091184
J131	14	11	55	59	0.9568741153327197
J132	14	1	13	6	0.5282070361449533
\\ Jobs in machine 13
11
J133	15	2	37	34	1.7459439301874555
J134	14	3	107	50	1.1285540482059349
J135	13	7	35	34	1.4900822516408274
J136	14	3	40	104	0.6990192269997707
J137	14	6	101	49	1.383521170297899
J138	13	2	89	94	1.5711513694463983
J139	15	12	98	134	0.6027828173147809
J140	14	8	95	97	1.7493954922853776
J141	13	4	101	85	0.8251916981202927
J142	15	13	106	36	0.45788726817895953
J143	14	7	64	74	0.9578984539963143
\\ Jobs in machine 14
10
J144	15	8	51	16	1.2043637829665608
J145	16	5	102	11	1.6704423938711552
J146	15	11	101	103	0.5885271674343429
J147	13	6	88	42	0.9405630660115718
J148	16	2	51	61	1.9054384338464634
J149	14	2	53	32	0.9014852720527311
J150	14	1	12	12	0.8460125834453871
J151	15	13	69	119	1.3240809626810537
J152	15	4	86	46	0.8580947046577505
J153	14	10	76	13	1.5406608533858974
\\ Jobs in machine 15
10
J154	14	5	86	88	0.2273019703871647
J155	13	8	103	48	2.4622937843103525
J156	13	4	28	62	1.5414757552324947
J157	16	5	84	34	1.964517714622188
J158	13	1	40	24	1.064946311925719
J159	14	8	39	72	0.5822623875028764
J160	15	4	26	29	0.6771415396863641
J161	14	4	9	98	1.0508324416242332
J162	15	6	45	115	1.0810997294280429
J163	15	1	37	119	1.3346310113736737
\\ Jobs in machine 16
12
J164	15	3	21	34	1.113180673287035
J165	14	11	76	113	1.5402405408955682
J166	14	7	86	9	0.1
J167	13	3	16	63	1.642471653339012
J168	15	14	92	70	0.2873102863166561
J169	14	6	66	115	1.6839463910162615
J170	15	9	59	10	2.375038203006408
J171	12	4	82	43	1.2526810903042516
J172	14	7	82	133	2.022959920611401
J173	13	5	45	65	0.9585718262765737
J174	14	8	48	46	0.6976848701259794
J175	14	5	47	19	1.8812568377176735
\\ Jobs in machine 17
13
J176	14	4	18	80	0.4812575539757955
J177	16	5	57	94	1.9846568593231448
J178	16	4	11	108	1.089781926625244
J179	16	7	14	91	1.6098593114150863
J180	15	14	76	8	2.308355002600753
J181	14	6	31	106	0.8666596918748716
J182	14	2	14	15	0.8543362289117906
J183	16	1	26	91	1.7137144585871105
J184	15	13	105	116	1.4557710099316652
J185	15	10	47	126	0.8111632707478191
J186	13	9	61	134	0.7249001769722934
J187	13	3	37	105	0.9863946496016621
J188	14	12	8	110	0.5655773922160999
\\ Jobs in machine 18
12
J189	14	13	23	33	1.179914455616007
J190	14	11	44	106	1.4074692866168372
J191	16	5	31	56	1.0854794112736195
J192	13	12	14	123	2.4446246952969855
J193	15	7	87	124	1.3357060853494713
J194	15	8	109	122	0.8277111675996667
J195	12	4	49	31	0.9429107141857701
J196	15	7	106	116	1.3101573139039653
J197	15	9	70	53	1.0030931731501243
J198	14	6	36	19	1.0584434444220134
J199	14	6	78	73	1.5980889382649381
J200	14	8	75	104	1.2529697956676664
\\ Dependencies 
908
1	2
1	3
1	4
1	5
1	6
1	7
1	8
1	9
1	10
1	11
2	3
2	4
2	5
2	6
2	7
2	8
2	9
2	10
2	11
3	4
3	5
3	6
3	7
3	8
3	9
3	10
3	11
4	5
4	6
4	7
4	8
4	9
4	10
4	11
5	6
5	7
5	8
5	9
5	10
5	11
6	7
6	8
6	9
6	10
6	11
7	8
7	9
7	10
7	11
8	9
8	10
8	11
9	10
10	11
12	13
12	14
12	15
12	16
12	17
12	18
12	19
12	20
12	21
12	22
12	23
13	14
13	15
13	16
13	17
13	18
13	22
13	23
14	15
14	16
14	17
14	18
14	19
14	20
14	22
14	23
15	16
15	18
15	19
15	20
15	21
15	22
16	18
16	21
16	22
16	23
17	18
17	19
17	20
17	21
17	22
17	23
18	19
18	20
18	21
18	22
18	23
19	20
19	21
19	22
19	23
20	22
21	22
21	23
22	23
24	25
24	26
24	27
24	28
24	29
24	30
24	31
24	32
24	33
24	34
25	26
25	27
25	28
25	29
25	30
25	31
25	33
25	34
26	27
26	28
26	29
26	33
26	34
27	28
27	29
27	30
27	31
27	32
27	33
27	34
28	29
28	32
28	33
28	34
29	30
29	31
29	32
29	33
29	34
30	31
30	32
30	33
30	34
31	32
31	33
32	33
32	34
33	34
35	36
35	37
35	39
35	41
35	42
35	43
35	44
35	45
36	37
36	38
36	39
36	40
36	41
36	42
36	44
36	45
37	38
37	39
37	40
37	41
37	43
37	44
37	45
38	39
38	40
38	41
38	42
38	43
38	44
38	45
39	40
39	41
39	42
39	43
39	44
39	45
40	41
40	42
40	43
40	44
40	45
41	42
41	43
41	44
41	45
42	43
42	44
42	45
43	44
43	45
44	45
46	47
46	48
46	49
46	50
46	51
46	52
46	53
46	54
46	55
46	56
46	57
47	48
47	49
47	50
47	51
47	53
47	54
47	55
47	56
47	57
48	49
48	50
48	51
48	52
48	53
48	54
48	55
48	56
49	50
49	51
49	52
49	54
49	55
49	56
49	57
50	51
50	52
50	53
50	54
50	55
50	56
50	57
51	52
51	53
51	54
51	56
52	53
52	54
52	55
52	56
52	57
53	54
53	55
53	56
53	57
54	55
54	56
54	57
55	56
55	57
56	57
58	59
58	60
58	61
58	63
58	65
58	66
58	67
59	60
59	61
59	62
59	63
59	64
59	65
59	66
59	67
60	61
60	62
60	64
60	65
60	66
60	67
61	62
61	63
61	64
61	65
61	66
61	67
62	63
62	64
62	65
62	66
62	67
63	64
63	65
63	66
63	67
64	65
64	66
64	67
65	66
65	67
66	67
68	69
68	70
68	71
68	72
68	73
68	74
68	75
68	76
68	79
69	70
69	71
69	73
69	74
69	75
69	76
69	77
69	78
69	79
70	71
70	72
70	73
70	74
70	75
70	76
70	77
70	78
71	72
71	73
71	74
71	75
71	76
71	77
71	78
71	79
72	73
72	74
72	75
72	76
72	78
73	74
73	75
73	76
73	77
73	79
74	75
74	76
74	77
74	78
74	79
75	77
75	78
75	79
76	79
77	79
78	79
80	81
80	82
80	83
80	84
80	85
80	87
80	88
80	89
80	90
81	82
81	83
81	84
81	85
81	86
81	87
81	88
81	89
81	90
82	83
82	84
82	85
82	86
82	87
82	88
82	89
83	84
83	85
83	86
83	87
83	88
83	89
83	90
84	85
84	86
84	87
84	88
84	90
85	86
85	87
85	88
85	89
85	90
86	87
86	88
86	89
86	90
87	88
87	89
87	90
88	89
88	90
89	90
91	92
91	93
91	94
91	95
91	96
91	97
91	98
91	99
91	100
91	101
92	94
92	95
92	96
92	97
92	98
92	99
92	100
92	101
93	94
93	95
93	96
93	97
93	99
93	100
93	101
94	95
94	96
94	97
94	98
94	99
94	100
94	101
95	96
95	97
95	98
95	99
95	100
95	101
96	97
96	98
96	99
96	101
97	98
97	99
97	100
97	101
98	99
98	100
98	101
99	100
99	101
100	101
102	103
102	104
102	105
102	106
102	107
102	108
102	109
102	110
102	112
103	104
103	105
103	107
103	108
103	109
103	110
103	112
104	105
104	106
104	107
104	108
104	109
104	110
104	111
104	112
105	106
105	107
105	108
105	109
105	110
105	111
105	112
106	107
106	108
106	109
106	111
106	112
107	109
107	110
107	111
108	109
108	110
108	111
108	112
109	110
109	111
109	112
110	111
110	112
111	112
113	114
113	115
113	116
113	117
113	118
113	119
113	120
113	121
113	122
114	115
114	116
114	117
114	118
114	119
114	120
114	121
114	122
115	116
115	117
115	118
115	119
115	120
115	121
115	122
116	117
116	118
116	119
116	120
116	121
116	122
117	118
117	119
117	120
117	122
118	120
118	121
118	122
119	121
119	122
120	121
120	122
121	122
123	124
123	125
123	126
123	127
123	128
123	129
123	130
123	131
123	132
124	125
124	126
124	127
124	128
124	129
124	130
124	131
124	132
125	126
125	128
125	129
125	130
125	131
125	132
126	127
126	128
126	129
126	130
126	131
126	132
127	128
127	129
127	130
127	131
127	132
128	129
128	130
128	131
128	132
129	130
129	131
129	132
130	131
130	132
131	132
133	134
133	135
133	136
133	137
133	138
133	139
133	140
133	141
133	143
134	135
134	137
134	138
134	139
134	140
134	141
134	142
134	143
135	136
135	137
135	139
135	140
135	142
135	143
136	137
136	139
136	140
136	141
136	142
136	143
137	139
137	140
137	142
137	143
138	139
138	140
138	142
139	140
139	141
139	142
139	143
140	141
140	142
140	143
141	142
141	143
142	143
144	145
144	146
144	147
144	148
144	149
144	150
144	151
144	152
145	146
145	147
145	148
145	149
145	150
145	151
145	152
145	153
146	148
146	149
146	150
146	151
146	152
147	148
147	149
147	150
147	151
147	152
147	153
148	149
148	150
148	151
148	153
149	150
149	151
149	152
150	151
150	152
150	153
151	152
152	153
154	155
154	156
154	157
154	158
154	159
154	161
154	162
154	163
155	156
155	157
155	158
155	159
155	160
155	161
155	162
155	163
156	157
156	158
156	159
156	160
156	161
156	162
156	163
157	158
157	159
157	160
157	161
157	162
157	163
158	159
158	160
158	161
158	162
158	163
159	160
159	161
159	162
159	163
160	161
160	162
160	163
161	163
162	163
164	165
164	168
164	169
164	170
164	171
164	172
164	173
164	174
164	175
165	166
165	167
165	169
165	171
165	172
165	173
166	168
166	169
166	171
166	172
166	173
167	168
167	169
167	170
167	171
167	172
167	173
167	174
167	175
168	169
168	170
168	172
168	173
168	174
168	175
169	170
169	171
169	172
169	175
170	171
170	172
170	173
170	174
170	175
171	172
171	173
172	174
172	175
173	174
173	175
174	175
176	177
176	178
176	179
176	180
176	181
176	182
176	183
176	184
176	185
176	186
176	188
177	178
177	179
177	180
177	181
177	182
177	183
177	185
177	187
177	188
178	179
178	180
178	181
178	182
178	183
178	184
178	185
178	186
178	187
178	188
179	180
179	181
179	182
179	183
179	184
179	185
179	186
179	187
179	188
180	181
180	182
180	183
180	184
180	185
180	186
180	187
180	188
181	182
181	183
181	184
181	185
181	186
181	187
181	188
182	183
182	184
182	185
182	186
182	187
182	188
183	184
183	185
183	187
183	188
184	185
184	186
184	187
185	186
185	187
185	188
186	187
186	188
187	188
189	190
189	191
189	193
189	194
189	197
189	199
189	200
190	191
190	193
190	194
190	195
190	196
190	197
190	198
190	199
191	193
191	194
191	195
191	196
191	197
191	199
191	200
192	193
192	194
192	195
192	197
192	198
192	199
192	200
193	195
193	196
193	198
193	199
193	200
194	195
194	196
194	197
194	198
194	199
194	200
195	196
195	197
195	198
195	199
195	200
196	197
196	199
196	200
197	199
197	200
198	199
199	200
