\\ machines
9
\\ max power
90
\\ Jobs in machine 1
12
J1	14	10	92	6	0.7485213961335542
J2	15	8	58	28	1.5738501471122817
J3	14	10	91	14	1.3148862890730635
J4	14	3	102	10	1.3502805304708496
J5	15	6	78	35	1.7482462450366931
J6	16	11	89	8	1.8486792104187895
J7	14	11	13	23	1.3845548787841557
J8	16	14	18	27	0.9917980500674082
J9	16	4	39	14	0.6110454437514875
J10	16	14	26	40	0.8590589532108055
J11	14	5	110	36	1.3174662140324942
J12	15	3	9	38	1.7111111955938736
\\ Jobs in machine 2
10
J13	16	14	46	3	1.6893907384284064
J14	15	3	16	12	1.2004556738832857
J15	15	3	81	6	0.7279617611444242
J16	14	4	6	30	0.22348364654899144
J17	14	7	27	36	0.1
J18	14	1	22	8	1.8407510616886962
J19	14	2	28	2	0.1
J20	14	7	64	31	1.3534765207896937
J21	14	9	23	31	1.0422470804731698
J22	16	13	43	5	1.0933499477740556
\\ Jobs in machine 3
10
J23	14	2	91	26	2.220652541784494
J24	15	14	102	3	1.0876665725008308
J25	14	5	32	40	0.6983367521742156
J26	13	6	48	7	1.6381115175205578
J27	15	14	70	15	1.1039082345856217
J28	14	3	62	28	1.5102251740987054
J29	16	7	7	19	0.8204973016141284
J30	15	5	46	40	1.5877543605163444
J31	13	10	78	30	1.6539049021511572
J32	16	11	74	10	1.147588830407361
\\ Jobs in machine 4
12
J33	14	2	20	1	1.326324835764861
J34	14	3	17	23	0.9265935661608635
J35	15	2	57	24	1.279599557637556
J36	13	12	109	15	1.2828114683380532
J37	14	9	100	41	0.5184349998669283
J38	14	8	29	8	1.6739354189825986
J39	16	4	43	34	1.2044258519854518
J40	14	5	31	35	1.9165407811451851
J41	14	10	79	13	0.8067628235603195
J42	13	8	49	26	1.2735653685492372
J43	15	3	32	15	1.3555969497233384
J44	15	2	17	23	0.24912955494175637
\\ Jobs in machine 5
12
J45	14	11	11	24	1.4753611640627111
J46	15	11	90	9	1.4213086366913954
J47	14	11	13	36	1.3603212370402358
J48	13	7	79	33	1.602977263274104
J49	14	14	90	23	0.7771949466842709
J50	15	9	15	41	1.530855259004131
J51	15	9	2	10	2.0933783521697644
J52	14	14	82	42	0.7650032601446506
J53	14	11	63	37	2.146236376034257
J54	15	12	73	33	1.7239843163345543
J55	14	10	21	23	1.4576795388651196
J56	13	13	37	12	1.6795316299376633
\\ Jobs in machine 6
13
J57	14	9	92	37	1.3984800720267399
J58	14	2	50	23	1.0780537653897715
J59	17	12	3	9	1.8187842445923332
J60	15	11	96	20	1.5635365377679877
J61	14	12	56	29	2.531904018941389
J62	15	8	2	4	1.3445983165643167
J63	15	6	99	8	1.2107458497089827
J64	15	2	60	12	1.4316602918620742
J65	14	3	55	30	1.773451316690108
J66	15	8	86	42	0.9319546760109945
J67	14	8	24	31	1.254483797662471
J68	16	2	39	17	1.5426208412336615
J69	16	11	110	3	1.3052352515877947
\\ Jobs in machine 7
11
J70	15	7	92	39	1.359323477286285
J71	16	9	8	41	1.3360780255037894
J72	14	9	78	40	1.6135892097618645
J73	16	12	26	5	1.431501941072047
J74	15	5	4	36	0.24941109507056336
J75	15	8	85	16	0.9518483114795242
J76	15	8	74	22	1.290091413092977
J77	15	9	72	3	1.3019327406367724
J78	15	11	75	37	0.28540240818396045
J79	15	10	28	25	1.132129516931167
J80	15	14	3	2	0.7664941755411108
\\ Jobs in machine 8
12
J81	15	10	53	11	1.5450737982025002
J82	14	5	9	2	0.6879790506269791
J83	14	10	49	22	1.3833288259484555
J84	14	6	77	11	1.179059023982852
J85	16	3	63	16	0.7497220902077977
J86	13	12	66	24	0.9107069674747861
J87	14	11	105	8	2.1345146484785613
J88	13	10	81	17	0.8297678925670715
J89	14	1	5	25	1.1087902381749724
J90	13	11	24	25	1.1030349879174657
J91	15	12	97	1	1.7497840652934165
J92	13	12	60	16	1.3885400661201501
\\ Jobs in machine 9
11
J93	14	10	46	31	0.1
J94	15	5	26	25	1.1352473593699772
J95	15	2	102	16	0.9475377539373335
J96	14	2	98	9	0.3443052819999983
J97	12	2	84	21	1.258466126696908
J98	13	7	66	6	1.0581524112857392
J99	15	4	59	26	0.7926043978157806
J100	14	1	64	21	2.051919798003976
J101	14	7	14	35	0.9043520328223879
J102	13	3	55	44	0.31913547789610686
J103	16	13	94	41	0.4846264234791743
\\ Dependencies 
274
1	3
1	6
1	7
1	8
1	10
1	11
1	12
2	7
2	9
2	10
3	4
3	5
3	9
3	10
3	12
4	5
4	7
4	9
4	10
4	12
5	6
5	7
5	9
5	11
5	12
6	7
6	9
6	12
7	8
7	9
7	10
7	11
8	10
8	11
9	11
9	12
10	12
11	12
14	17
14	19
14	22
15	18
15	19
15	20
15	22
16	18
16	22
17	18
17	20
17	21
17	22
18	19
18	20
18	21
20	21
20	22
21	22
23	26
23	27
23	28
23	29
23	30
23	31
23	32
24	25
24	27
24	28
24	30
24	32
25	26
25	28
25	31
25	32
26	31
27	29
27	32
28	30
28	31
28	32
29	31
30	31
31	32
33	34
33	35
33	36
33	38
33	39
33	43
33	44
34	37
34	38
34	40
34	41
34	43
34	44
35	37
35	38
35	40
35	41
35	43
36	37
36	39
36	40
36	41
36	42
36	43
37	41
37	44
38	41
38	43
39	40
39	43
40	43
41	42
41	43
43	44
45	49
45	50
45	51
45	54
46	47
46	48
46	50
46	51
46	52
46	54
46	56
47	49
47	50
47	51
47	54
47	55
47	56
48	49
48	50
48	51
48	52
48	53
48	56
49	52
49	53
49	54
50	55
51	52
51	53
51	54
51	56
52	56
53	56
55	56
57	59
57	60
57	64
57	65
57	67
58	60
58	61
58	62
58	64
58	66
58	67
59	60
59	62
59	63
59	64
59	65
59	67
60	61
60	62
60	65
60	66
60	68
61	64
61	65
61	66
61	67
62	63
62	65
62	68
63	64
63	65
63	67
63	68
64	68
64	69
65	66
66	67
66	69
70	73
70	74
70	76
70	80
71	72
71	76
71	77
71	78
71	79
71	80
72	73
72	74
72	75
72	76
72	77
72	78
72	79
73	75
73	76
73	79
73	80
74	75
74	76
75	77
76	77
76	78
76	80
77	80
79	80
81	82
81	90
82	84
82	86
82	87
82	88
82	89
82	91
82	92
83	84
83	86
83	89
84	86
84	87
84	88
84	89
84	90
85	86
85	87
85	91
86	87
86	89
86	92
87	88
87	91
88	91
89	90
90	91
91	92
93	96
94	95
94	96
94	97
94	98
94	100
94	102
95	97
95	98
95	99
95	101
95	102
96	99
96	101
96	103
97	99
97	101
97	102
98	100
98	101
98	103
99	100
99	102
100	101
100	102
100	103
101	102
102	103
