\\ machines
8
\\ max power
80
\\ Jobs in machine 1
11
J1	15	14	77	4	1.3445871961693758
J2	15	8	6	10	1.7776043688937149
J3	14	6	99	11	0.572077068955363
J4	15	2	22	9	1.2863003309005083
J5	14	7	64	16	0.7974011629906887
J6	13	8	18	9	1.6176979059666086
J7	14	3	72	17	2.005239882039322
J8	14	2	105	18	1.2418328592919439
J9	14	10	21	20	1.6038980856816578
J10	14	2	80	16	1.456830174547108
J11	16	12	102	17	1.1867652628879857
\\ Jobs in machine 2
13
J12	14	4	90	4	2.5770788551331196
J13	13	2	41	10	0.8349726477160656
J14	14	8	63	5	0.8876390720470155
J15	14	8	100	13	0.7960513525895541
J16	14	7	24	3	0.6247431323384851
J17	14	6	42	13	1.4502461270373745
J18	14	8	76	7	1.4166720160952142
J19	15	7	22	7	0.8407870105270953
J20	15	3	80	5	1.2583315776190704
J21	14	5	104	8	1.6964035406445683
J22	14	7	48	2	0.3299683410303612
J23	15	7	79	15	1.5429168650088594
J24	14	12	96	1	1.0642919941004039
\\ Jobs in machine 3
11
J25	13	1	24	5	1.6942190252752531
J26	15	13	60	8	1.0235655419382352
J27	15	4	27	13	2.1088014065946954
J28	16	5	100	11	1.790485665184505
J29	14	5	40	18	1.1314275408144179
J30	13	11	44	18	1.081471011760385
J31	15	10	59	15	1.1172741185304562
J32	15	4	84	7	1.3783460096633002
J33	14	6	99	12	0.2328201450290618
J34	14	13	37	18	0.24587420055757125
J35	15	2	19	9	1.4076751676006705
\\ Jobs in machine 4
12
J36	16	8	51	18	1.3540451867104155
J37	15	9	22	10	1.6576404894014276
J38	14	5	23	5	1.8325732117608498
J39	15	1	24	6	0.6768507835117931
J40	15	5	45	19	0.5616410153317158
J41	14	2	49	8	1.213053055396933
J42	15	5	49	14	0.3836835006187125
J43	16	2	22	14	1.603224340486966
J44	14	10	48	13	0.5918391820009694
J45	17	1	95	13	1.1448161246281474
J46	14	5	7	9	1.7641410222785971
J47	15	7	34	15	0.7858747463342961
\\ Jobs in machine 5
10
J48	13	5	23	8	1.2434726706092203
J49	14	2	81	15	0.9029540958833807
J50	13	8	6	17	2.266231823158855
J51	15	14	52	12	1.3840563593651867
J52	15	6	21	16	1.043090117781618
J53	15	5	68	3	0.646206273376739
J54	15	13	11	9	1.6410036037606748
J55	14	4	44	9	1.4364914885449205
J56	14	4	100	5	1.2267092013823078
J57	14	8	69	14	1.4357245505858474
\\ Jobs in machine 6
11
J58	15	8	45	5	0.896588007339634
J59	13	1	37	4	0.8268836207228889
J60	15	10	52	8	1.9592237595586586
J61	15	12	70	14	0.8557179364080578
J62	14	9	13	11	2.0854067036316257
J63	16	7	74	8	1.330276113555744
J64	14	2	37	4	0.9123803341421024
J65	13	11	58	13	1.6478837989359312
J66	14	3	22	12	0.9582198078591042
J67	13	2	5	3	1.3495163163859516
J68	14	10	68	4	2.007493616096724
\\ Jobs in machine 7
11
J69	17	5	48	9	1.1227575163240195
J70	14	4	103	9	1.1460415810971467
J71	12	11	93	12	1.6934384931547561
J72	15	1	21	16	0.7337190102227545
J73	14	1	49	17	2.310264686758052
J74	15	14	84	19	1.036480077768575
J75	15	4	29	17	0.8935665884880492
J76	12	2	78	12	0.579746665481966
J77	16	14	8	8	1.5172752573787507
J78	13	10	108	3	1.3289785720489584
J79	13	5	9	10	0.9084597657891635
\\ Jobs in machine 8
11
J80	17	3	70	11	0.8568031748547367
J81	14	7	26	18	1.8850663896032662
J82	16	5	11	6	1.483704560310467
J83	14	7	103	15	0.9041697794167236
J84	15	7	68	4	0.6731251167038071
J85	14	6	89	18	1.224230407157835
J86	15	10	61	7	1.4699940281285164
J87	14	14	10	1	0.835013264478941
J88	13	3	32	20	1.0427951317287094
J89	15	12	9	6	1.1743109821999431
J90	16	2	15	10	1.6882756756347008
\\ Dependencies 
226
1	2
1	3
1	6
1	10
2	3
2	4
2	5
2	6
2	9
2	10
3	4
3	8
3	9
3	10
4	10
4	11
5	7
5	8
5	9
6	7
6	8
7	10
7	11
8	9
8	10
10	11
12	14
12	20
12	22
13	14
13	15
13	18
13	19
13	21
14	16
14	18
14	19
14	20
14	21
15	16
15	17
15	18
15	19
15	20
15	23
15	24
16	17
16	21
16	22
16	23
16	24
17	18
17	19
17	21
17	22
17	23
17	24
18	21
18	22
19	23
19	24
20	21
20	22
20	23
20	24
21	22
21	24
25	33
26	27
26	28
26	30
26	31
27	31
27	33
27	34
27	35
28	29
28	31
28	34
28	35
29	32
29	34
29	35
30	31
30	32
30	33
30	34
31	33
31	34
32	33
32	34
33	35
36	37
36	38
36	39
36	40
36	41
36	42
36	43
36	44
36	47
37	38
37	40
37	41
37	44
37	45
37	47
38	39
38	40
38	41
38	43
38	44
39	41
39	47
40	42
40	44
40	45
41	45
41	46
42	44
43	44
43	45
43	46
43	47
44	45
44	47
45	46
48	51
48	54
48	55
48	57
49	53
49	54
49	55
49	56
50	55
50	57
51	52
51	53
52	54
52	55
53	54
53	55
55	56
56	57
58	59
58	60
58	65
58	66
58	67
58	68
59	60
59	61
59	63
59	66
59	68
60	62
60	66
60	67
60	68
62	63
62	65
62	68
63	64
63	67
63	68
64	67
65	66
66	67
66	68
67	68
69	76
69	77
69	78
69	79
70	71
70	72
70	75
70	77
71	72
71	74
71	75
71	78
71	79
72	73
72	76
72	77
73	75
74	75
74	76
74	78
74	79
76	79
77	79
80	81
80	88
80	90
81	82
81	83
81	84
81	85
81	86
81	88
82	83
82	84
82	85
82	87
82	88
82	89
82	90
83	84
83	85
83	86
83	88
83	89
84	85
84	86
84	87
84	88
86	88
86	89
86	90
87	88
87	89
87	90
89	90
