\\ machines
6
\\ max power
60
\\ Jobs in machine 1
10
J1	15	2	56	16	1.228565122897302
J2	15	14	22	12	1.058419895287635
J3	15	6	103	22	0.36383890840147315
J4	15	1	90	7	1.8019222181955263
J5	13	8	2	40	1.0160312622436312
J6	15	8	9	26	1.7423142581275632
J7	14	4	70	42	1.1874381891002437
J8	17	7	69	34	1.5188416596375807
J9	16	2	65	7	2.100880554799747
J10	14	13	81	19	1.6028298148906581
\\ Jobs in machine 2
9
J11	15	14	28	36	1.2325518947682013
J12	13	12	99	27	2.1607084619884005
J13	15	6	72	32	1.7219567229162211
J14	15	14	53	17	1.584804035110061
J15	17	7	83	41	1.6672171276479095
J16	13	1	50	7	0.5877691244670307
J17	14	4	60	6	0.5237060417179293
J18	15	3	84	13	1.3274377041488636
J19	15	5	64	30	1.6678611275873585
\\ Jobs in machine 3
10
J20	13	12	110	27	1.971158662708386
J21	16	8	46	3	1.2187323454692838
J22	13	14	40	7	1.057779486420222
J23	14	3	34	29	1.1099539398483047
J24	17	5	106	34	0.3641866357589232
J25	15	9	94	27	0.844070445779609
J26	14	7	72	1	1.0309097443580402
J27	14	8	59	10	0.8262364055897364
J28	14	2	53	10	0.8105389329850139
J29	16	9	79	32	1.209505519225428
\\ Jobs in machine 4
11
J30	15	9	4	11	1.9740378959292852
J31	14	2	80	15	1.7906775831418105
J32	13	10	70	8	1.414783604499754
J33	13	10	45	16	0.5840909978649139
J34	17	1	70	38	1.2231247366934948
J35	15	4	17	8	0.4773098141172607
J36	13	7	65	27	1.871884536188889
J37	16	6	32	18	2.4925664567204535
J38	16	1	7	8	0.8368611061273266
J39	16	14	99	44	1.620459481306149
J40	16	13	29	30	1.6367871727050791
\\ Jobs in machine 5
12
J41	14	7	55	41	1.1114143157634568
J42	15	6	4	31	1.813347037977612
J43	14	3	64	26	1.1421931251845494
J44	13	14	22	13	1.8580782429714295
J45	16	10	93	15	1.0703711418765343
J46	13	4	68	26	0.634372295863179
J47	15	6	95	41	1.438298562030142
J48	16	2	93	37	0.6029070217770343
J49	16	9	100	7	1.9870272135365619
J50	16	9	50	45	0.1
J51	15	9	63	35	1.8121857356558793
J52	15	5	16	23	1.2064080962735397
\\ Jobs in machine 6
12
J53	15	12	29	45	1.6201098911076939
J54	14	12	65	14	0.3508189411376801
J55	14	14	8	26	0.9158965151754757
J56	15	7	68	13	1.0923887440083693
J57	15	12	66	29	1.057568042414044
J58	15	2	44	6	1.4095218587707787
J59	15	1	58	21	1.4145119472762024
J60	16	12	7	44	1.445083626454658
J61	16	1	85	2	1.8922469447556183
J62	15	11	66	22	0.4828384348876189
J63	16	6	90	37	1.7750980845793167
J64	15	6	77	15	0.216795267638747
\\ Dependencies 
161
1	2
1	5
1	6
1	7
1	9
2	3
2	4
2	5
2	7
2	8
2	9
2	10
3	6
3	7
3	10
4	8
4	10
5	6
5	8
6	8
6	9
7	10
8	9
9	10
11	12
11	16
11	17
12	13
12	14
12	15
12	16
12	19
13	17
13	18
13	19
14	15
14	18
14	19
15	19
16	18
17	18
18	19
20	22
20	23
20	24
20	25
20	26
20	27
21	23
21	25
21	28
22	23
22	24
22	28
22	29
23	24
23	25
24	27
24	28
24	29
25	26
25	27
25	29
26	27
27	28
28	29
30	31
30	32
30	33
30	35
30	36
30	37
30	38
31	33
31	34
31	35
31	39
31	40
32	34
32	36
32	37
32	38
32	39
32	40
33	36
33	38
33	39
33	40
34	36
34	38
34	39
35	37
35	38
35	40
36	39
36	40
37	38
37	39
37	40
39	40
41	42
41	43
41	48
42	43
42	44
42	46
42	47
42	52
43	45
43	46
43	47
43	48
43	49
43	52
44	46
44	49
44	50
44	51
44	52
45	49
45	52
46	50
46	51
46	52
47	48
47	51
48	49
49	50
49	51
50	51
50	52
51	52
53	54
53	56
53	59
53	60
53	61
53	62
54	56
54	63
55	56
55	57
55	58
55	59
55	61
55	62
56	57
56	59
56	62
56	63
57	58
57	61
57	64
58	59
58	61
58	64
59	62
59	63
60	64
61	62
62	64
