\\ machines
7
\\ max power
70
\\ Jobs in machine 1
10
J1	14	14	24	2	0.1
J2	15	5	38	46	1.398561427245989
J3	14	9	76	5	0.893761686677816
J4	14	5	60	11	1.0044128099078962
J5	15	12	69	42	1.203357558655364
J6	16	6	106	13	2.7039564935863836
J7	15	10	74	37	0.9987888462098038
J8	14	6	90	37	1.4968654033343816
J9	14	11	12	41	0.47715669856125187
J10	14	6	47	53	1.873644072530507
\\ Jobs in machine 2
12
J11	12	1	44	7	1.068334368923687
J12	15	7	58	42	0.7453615582535518
J13	15	12	80	46	1.5813268332383097
J14	17	1	17	4	1.722911735601689
J15	12	14	64	24	1.1779331983111023
J16	14	7	52	35	1.2008275829297912
J17	15	13	107	2	0.7512037581031732
J18	14	12	79	34	1.5140213350037666
J19	15	13	57	20	0.46722743867909267
J20	15	3	85	31	1.9989302049753042
J21	14	4	15	16	0.5041948721461806
J22	14	5	104	13	0.9613635120625303
\\ Jobs in machine 3
11
J23	15	4	98	32	0.2618695608503203
J24	16	3	103	38	1.292701795510421
J25	13	13	55	14	1.3825518350607517
J26	14	12	84	41	1.1582011170589708
J27	17	8	31	51	0.7476815625670393
J28	15	6	75	22	1.4100817041432823
J29	13	9	24	29	1.3134583555842556
J30	14	9	9	37	1.6268182039226782
J31	14	12	40	46	1.1728059457016282
J32	14	5	10	7	0.5744595177158404
J33	10	11	55	47	0.8004200350809354
\\ Jobs in machine 4
10
J34	15	11	47	2	0.7801905695447133
J35	15	10	35	1	1.216428633008177
J36	13	10	50	13	1.7170793649112897
J37	15	6	82	39	0.791795404091478
J38	15	7	88	15	1.9738199543688764
J39	15	7	46	1	1.5778850824003037
J40	16	9	27	38	1.4470769779058357
J41	17	1	73	19	1.3826937494555884
J42	15	14	50	51	0.1
J43	15	3	51	28	0.26840115456463143
\\ Jobs in machine 5
11
J44	14	4	3	1	1.2232267331859397
J45	15	2	52	10	0.9345439456303984
J46	16	6	21	52	2.1681870131780707
J47	15	7	49	47	0.6375889615634209
J48	14	7	86	3	1.5179391720462627
J49	12	3	12	17	2.0211144115371305
J50	14	5	59	45	1.2995672675103231
J51	16	8	31	1	0.6576785390802041
J52	14	14	2	2	0.9685266393932288
J53	13	11	14	11	0.7677257757444857
J54	15	11	96	21	0.28733504140109345
\\ Jobs in machine 6
12
J55	14	4	36	28	1.1345593924234025
J56	15	13	102	14	0.9710110200956246
J57	15	4	45	43	1.0619869495630472
J58	14	2	27	20	1.1804503415803487
J59	14	10	19	26	0.5305982542704591
J60	15	5	108	8	1.2052214605233813
J61	14	12	24	49	2.1911812114945928
J62	15	8	64	6	1.4612921931447649
J63	14	3	107	8	0.44739359938894796
J64	15	3	96	21	1.3862326474463342
J65	13	13	83	4	2.4183416404429376
J66	14	4	21	2	1.3346951001166771
\\ Jobs in machine 7
13
J67	15	3	48	11	0.6478202098381985
J68	15	11	6	49	0.9421071345508073
J69	13	9	3	22	1.5713804365500506
J70	14	3	66	24	1.250400956648716
J71	14	9	68	39	1.3077364747150706
J72	17	12	30	50	0.71952310944367
J73	15	13	89	4	1.0612303432391297
J74	14	11	63	7	1.0814952660476957
J75	15	2	81	29	0.8832297365773389
J76	15	11	23	2	1.7756070976535356
J77	14	13	29	20	1.9930533368910806
J78	14	14	28	35	1.7757201108699383
J79	15	4	82	1	0.8797323610537298
\\ Dependencies 
199
1	2
1	5
1	7
1	9
1	10
2	7
2	9
3	4
3	5
3	6
3	7
3	8
3	9
4	5
4	6
4	9
5	7
5	9
5	10
6	7
7	10
8	9
9	10
11	12
11	13
11	14
11	17
11	19
11	20
11	21
12	13
12	14
12	15
12	16
12	19
12	20
13	14
13	15
13	17
13	20
14	16
14	18
15	18
15	20
15	21
16	17
16	18
16	19
16	21
16	22
17	18
17	19
17	21
17	22
18	19
18	20
19	20
19	22
23	24
23	27
23	30
24	26
24	31
24	32
24	33
25	31
25	32
25	33
26	27
26	28
26	29
26	32
26	33
27	29
27	30
27	32
28	30
28	31
29	32
29	33
30	31
30	33
31	33
34	39
34	42
34	43
35	37
35	41
36	38
36	39
36	42
37	38
37	42
38	39
38	40
38	42
38	43
39	42
39	43
41	43
42	43
44	46
44	50
44	51
44	52
45	46
45	50
45	51
45	53
45	54
46	47
46	49
46	50
46	53
46	54
47	48
47	49
47	51
47	53
47	54
48	51
48	52
49	51
49	53
49	54
50	51
50	52
51	52
52	53
53	54
55	57
55	63
55	64
55	65
56	57
56	59
56	60
56	62
57	59
57	60
57	61
57	64
58	59
58	60
58	61
58	62
58	64
58	65
58	66
59	60
59	63
59	64
59	66
60	62
60	63
60	64
61	62
61	63
62	63
62	66
65	66
67	72
67	73
67	77
67	78
67	79
68	71
68	72
68	73
68	74
68	76
68	77
69	72
69	73
69	75
69	78
69	79
70	71
70	74
70	76
70	77
71	72
71	74
71	76
71	77
72	73
72	75
72	76
72	79
73	75
73	76
73	78
74	75
74	76
74	78
75	76
76	77
76	78
76	79
