\\ machines
9
\\ max power
90
\\ Jobs in machine 1
11
J1	15	14	40	44	0.9675328853616172
J2	15	14	106	8	0.8303835648452753
J3	13	11	88	34	2.2480730838455143
J4	14	13	84	28	1.1195842984006172
J5	13	5	49	25	0.9098434335501342
J6	14	3	100	28	1.3111330878579686
J7	13	8	110	36	0.39755349370179105
J8	14	3	95	28	0.6548504645888995
J9	14	6	35	3	1.1316990029536398
J10	14	4	62	43	1.2557911703379128
J11	16	4	102	21	1.51591215383871
\\ Jobs in machine 2
11
J12	13	2	57	39	0.1
J13	14	14	34	27	1.4815890521762913
J14	14	2	14	44	0.5800459425534503
J15	14	4	99	16	1.7188233827892074
J16	13	1	107	28	1.5932831368285236
J17	14	12	31	20	1.1698644988116251
J18	14	13	16	26	0.1
J19	13	5	105	21	0.2739041294250554
J20	15	3	83	31	1.0133415018890521
J21	13	4	46	35	1.0580322290129562
J22	15	14	7	23	1.0940064025306444
\\ Jobs in machine 3
10
J23	15	3	95	31	0.7622044148038768
J24	12	10	98	27	0.5602741524562683
J25	15	7	46	6	1.4339021952847533
J26	14	3	77	37	0.9680758603890078
J27	13	6	14	6	1.4051271665930058
J28	16	2	102	40	0.582323961853512
J29	15	14	99	43	0.46876051511765493
J30	15	2	12	41	1.1984511941784648
J31	15	12	8	5	1.2038528186545392
J32	14	9	97	39	1.7522387409047995
\\ Jobs in machine 4
11
J33	15	1	44	9	1.3667352817886427
J34	14	13	28	16	1.322792171664174
J35	12	3	14	31	0.9185128681940273
J36	15	11	83	38	0.4210070109945123
J37	15	5	6	17	1.048851973344532
J38	14	8	24	33	0.8304258010941297
J39	14	9	75	45	0.5612790050119995
J40	16	10	108	4	1.1574800446403108
J41	15	6	104	25	0.6067697611392662
J42	15	8	29	7	0.34356915092818807
J43	15	8	35	22	0.9594748589906652
\\ Jobs in machine 5
10
J44	14	9	13	20	0.7714095789606248
J45	15	11	48	5	1.0870971621004497
J46	15	1	87	23	1.3629604603386425
J47	15	11	12	40	1.3393981750369692
J48	17	11	31	16	2.003919350873485
J49	15	6	64	37	1.4463301847185965
J50	15	9	5	7	1.4738671611445289
J51	14	2	106	34	0.8999461465965903
J52	17	9	76	3	1.2437734040647739
J53	14	9	107	43	1.3402306616756228
\\ Jobs in machine 6
11
J54	13	14	70	4	0.6067488781782865
J55	15	3	87	37	1.4223231528784213
J56	13	4	38	30	0.9008844920482573
J57	14	11	102	41	1.1013339716614983
J58	15	8	86	35	0.7028537702952427
J59	15	9	60	22	0.8942847814716781
J60	16	3	9	17	1.0487698889414658
J61	13	4	60	29	1.705393581099519
J62	15	12	91	21	1.499796311827013
J63	16	6	48	3	2.1189520283880245
J64	15	5	4	7	0.18993919542798055
\\ Jobs in machine 7
11
J65	13	11	43	1	0.7752634782738095
J66	14	9	102	39	1.682985379129823
J67	15	4	62	30	0.9596579568406692
J68	14	3	95	23	1.8769695890361333
J69	14	3	102	30	0.7282254492255371
J70	14	11	107	25	1.1357853679914656
J71	14	7	17	34	1.181152306590342
J72	16	5	40	34	0.9688099528472298
J73	15	7	55	44	1.7413897279279975
J74	14	3	104	10	0.46735437667833957
J75	13	13	53	41	1.5647371987547836
\\ Jobs in machine 8
11
J76	15	8	6	2	0.5054813972632831
J77	15	7	88	40	1.374389801681815
J78	14	6	4	43	0.5414926171777826
J79	15	2	81	20	1.498628354736612
J80	15	9	35	22	0.6266988959177991
J81	14	8	82	2	1.879990763329928
J82	16	13	54	44	1.2082562651606072
J83	14	8	14	43	0.8481843276535486
J84	15	2	103	42	1.5068675905391082
J85	16	9	110	17	0.6245720974542724
J86	14	3	4	43	1.2631405141248881
\\ Jobs in machine 9
11
J87	15	7	19	27	2.013461876126451
J88	15	13	31	38	0.7573528565347407
J89	14	12	43	37	0.999494053016158
J90	16	13	30	32	0.9222735911331252
J91	15	5	5	33	2.0091002156808675
J92	16	13	54	2	1.0446209271206277
J93	15	6	60	40	0.9883062534174317
J94	13	13	6	18	1.8744774121986034
J95	16	8	92	13	2.708916501963084
J96	15	10	62	30	1.1407177189300353
J97	13	2	68	36	1.6963570219780972
\\ Dependencies 
288
1	2
1	3
1	4
1	5
1	6
1	8
1	9
1	10
2	3
2	4
2	5
2	7
2	8
2	10
3	5
3	6
3	7
3	8
3	9
3	10
3	11
4	5
4	7
4	8
4	9
5	6
5	8
5	10
6	7
6	8
6	10
6	11
7	8
7	9
7	10
7	11
8	9
8	11
9	10
9	11
10	11
12	14
12	20
12	21
12	22
13	15
13	16
13	18
13	20
13	21
13	22
14	16
14	18
14	20
14	21
15	16
15	19
15	20
15	21
16	18
16	21
16	22
17	19
17	20
17	22
18	21
18	22
19	21
19	22
20	21
21	22
23	25
23	29
23	31
24	26
24	28
24	29
24	30
24	32
25	27
25	29
25	30
25	31
26	27
26	28
26	29
26	30
26	31
26	32
27	30
27	32
28	29
28	31
29	30
29	31
30	32
33	38
33	39
33	40
33	41
33	42
33	43
34	35
34	36
34	38
34	40
34	42
34	43
35	40
35	41
35	42
35	43
36	39
36	41
36	42
36	43
37	38
37	39
37	41
37	43
38	43
39	40
39	41
40	41
40	43
41	42
41	43
42	43
44	46
44	47
44	48
44	50
44	52
44	53
45	48
45	49
45	51
46	48
46	49
46	50
46	51
46	52
47	49
47	50
47	53
48	50
48	51
49	50
49	51
49	52
49	53
50	51
50	52
51	53
52	53
54	55
54	56
54	58
54	60
54	62
55	57
55	58
55	59
55	62
55	64
56	58
56	60
56	61
56	62
56	63
56	64
57	58
57	59
57	60
57	61
57	62
57	63
57	64
58	60
58	61
58	63
58	64
59	61
59	62
59	63
60	61
60	62
60	63
60	64
61	62
61	63
61	64
62	63
62	64
63	64
65	66
65	68
65	70
65	72
65	75
66	67
66	70
66	71
66	72
66	74
66	75
67	70
67	71
67	72
67	75
68	69
68	71
68	73
68	74
69	70
69	71
69	73
69	74
69	75
70	71
70	72
70	73
70	75
71	72
71	73
71	74
72	73
73	74
74	75
76	77
76	78
76	81
76	83
76	85
76	86
77	78
77	80
77	83
77	84
77	85
78	80
78	81
78	82
78	83
78	86
79	81
79	82
79	84
80	83
80	84
80	85
80	86
81	84
81	86
82	84
83	85
83	86
84	85
85	86
87	88
87	89
87	90
87	92
87	93
87	96
88	90
88	91
88	95
88	96
88	97
89	90
89	92
89	93
89	97
90	95
90	96
90	97
91	94
91	95
91	96
91	97
92	94
92	95
92	96
93	95
93	97
94	95
94	96
