\\ machines
15
\\ max power
150
\\ Jobs in machine 1
12
J1	16	3	2	26	1.5599568980988225
J2	13	5	38	3	0.927510179363347
J3	15	1	89	55	1.5198988620620346
J4	14	5	85	36	1.7051690878878478
J5	15	12	83	51	0.6339335163247474
J6	15	6	43	9	1.0549108858929526
J7	14	3	59	45	1.3822566833215397
J8	16	11	19	1	1.5022767880880963
J9	15	10	22	72	1.2074104203326705
J10	13	8	71	25	1.5114076951047868
J11	16	4	62	24	1.4772874913825527
J12	14	8	18	41	1.4256836623966118
\\ Jobs in machine 2
12
J13	14	5	109	48	1.1343918395606467
J14	15	2	74	43	1.4475635411791885
J15	14	9	18	42	1.747820221076111
J16	14	9	7	57	0.7292496273166214
J17	15	4	93	64	1.803644875710428
J18	15	4	68	56	0.976790818710525
J19	15	14	87	50	0.7466003521476378
J20	14	4	11	51	0.5737326295235137
J21	16	13	16	63	1.0255331339221612
J22	15	10	87	28	0.7534848203630288
J23	15	3	13	2	0.9681694529862221
J24	15	10	39	36	1.7385967784698977
\\ Jobs in machine 3
11
J25	15	10	79	56	0.5967477606913572
J26	15	14	82	69	1.1090637158777086
J27	14	13	46	52	1.0929333958737315
J28	14	5	84	55	0.6260258585178197
J29	12	3	4	63	1.1277987988136988
J30	13	7	44	66	1.6724036679270229
J31	15	11	45	21	2.4929813132696936
J32	15	9	23	61	1.2391686465813678
J33	14	5	66	43	0.7410304133471697
J34	15	6	49	14	0.4388390278372879
J35	17	5	76	22	1.0225927617641501
\\ Jobs in machine 4
11
J36	15	12	87	55	1.3739730695314332
J37	14	4	69	15	1.5784005193950106
J38	13	10	10	3	0.7949683307599211
J39	15	7	37	64	1.4269620120701536
J40	13	5	74	45	0.6679859148028421
J41	15	4	90	30	1.5906499413218103
J42	13	14	5	50	1.5276528950440917
J43	15	13	97	41	1.5482750093970314
J44	16	7	96	44	1.3137048084874956
J45	15	8	36	3	1.0413220150945632
J46	15	14	65	61	0.7189407783288828
\\ Jobs in machine 5
11
J47	15	1	56	35	0.7703084604758972
J48	15	4	104	21	0.7993003386001915
J49	12	11	32	20	1.157048632824504
J50	15	2	21	42	0.9010051790920803
J51	12	9	59	36	0.8551424338275901
J52	16	5	71	4	1.1524702870465808
J53	14	3	89	6	1.4826111709075818
J54	14	9	31	26	0.8694471599023674
J55	17	9	40	19	0.5973812299063297
J56	15	3	31	65	1.4962686578589144
J57	15	1	68	1	2.2271903402942845
\\ Jobs in machine 6
11
J58	16	10	27	50	1.3080286601664808
J59	13	6	13	13	1.1859036851872438
J60	13	6	96	5	0.9482310696924223
J61	15	5	40	20	0.6233577905004014
J62	16	8	92	27	0.6514103833968572
J63	16	6	19	73	0.9211532129573283
J64	14	8	80	52	0.894308619780283
J65	15	4	66	31	1.5017282264011123
J66	14	4	95	14	1.8309525306762962
J67	16	1	93	71	1.517138926399846
J68	15	6	55	23	1.2137700246255971
\\ Jobs in machine 7
13
J69	15	6	108	23	0.7913985962518291
J70	15	4	8	64	1.154904899877892
J71	15	3	19	21	1.0128248952327956
J72	14	5	51	9	1.4456985526990258
J73	14	1	100	42	1.062166194644708
J74	13	1	69	13	1.1770815886948087
J75	15	9	12	43	0.39641460425775754
J76	15	14	48	40	1.0012544049590104
J77	15	7	42	20	0.6756813015006597
J78	13	12	2	2	0.8640426453373189
J79	14	9	89	47	0.8935614599112867
J80	15	13	66	30	0.4904373043590593
J81	13	7	108	20	1.3268039779264569
\\ Jobs in machine 8
11
J82	14	8	60	13	0.9893872893246325
J83	16	4	104	66	1.3737154500544821
J84	14	9	86	52	0.599216119278304
J85	13	1	84	2	1.5311659434376006
J86	14	7	98	5	1.923701994688566
J87	14	7	43	72	0.9984597648551519
J88	15	1	77	40	1.2142171877522363
J89	15	7	53	12	1.6239876662591124
J90	16	2	78	55	1.5536381980069993
J91	15	11	64	74	1.3650603293624914
J92	15	11	16	43	1.1901973987918082
\\ Jobs in machine 9
10
J93	15	12	35	41	0.9710244358320389
J94	12	12	21	14	1.8153741014480702
J95	15	6	91	62	1.3371594546558165
J96	14	9	64	61	0.9696746218310335
J97	14	12	92	19	1.0601607474472972
J98	16	10	86	67	0.9914189024210209
J99	15	10	86	71	1.0010865013563897
J100	15	11	58	7	1.2406870639066847
J101	14	7	81	21	0.9224916351343824
J102	13	3	55	72	1.092648834849375
\\ Jobs in machine 10
11
J103	13	14	17	38	1.6004502476897648
J104	14	8	91	6	1.3859685255131027
J105	16	7	43	23	1.99864299409824
J106	15	14	3	40	1.4341739436427934
J107	14	14	57	46	1.8129517947581917
J108	14	3	24	75	0.24787080836467723
J109	15	13	97	21	1.1177824589854095
J110	13	2	61	23	0.7906195310925639
J111	14	5	10	47	1.3080787089349335
J112	14	10	15	36	0.9811214385930249
J113	15	1	96	21	1.6100455658281312
\\ Jobs in machine 11
11
J114	15	2	103	16	0.8282231769392159
J115	14	7	24	4	2.0253799333570237
J116	15	4	101	63	0.909071216023914
J117	16	4	13	63	0.9862440358140883
J118	15	12	86	8	1.749439814321336
J119	15	1	24	27	1.1977504734533075
J120	15	13	19	32	1.5684149725046468
J121	12	13	101	2	0.1932073015737108
J122	15	9	26	48	1.04366507870892
J123	16	13	78	66	1.229632850176248
J124	15	14	21	51	1.681030770495688
\\ Jobs in machine 12
11
J125	14	6	47	24	0.9818067653918892
J126	16	13	105	29	1.6904601508701467
J127	17	8	36	4	1.134096839066389
J128	14	9	88	75	1.6252698499458396
J129	15	5	101	69	0.11697607862952797
J130	13	13	30	23	1.193906663744529
J131	15	5	59	72	1.257327306093797
J132	15	9	60	32	1.3835957117325988
J133	14	10	6	4	1.404182812171376
J134	15	10	11	59	1.4213258586815434
J135	14	8	14	38	1.6315545069447324
\\ Jobs in machine 13
10
J136	15	13	36	21	0.5572057605167519
J137	15	5	107	24	1.8874415566957825
J138	14	12	46	7	1.9089466321785333
J139	12	8	23	17	1.2787211220524168
J140	15	12	108	64	0.6152347301377166
J141	15	8	26	13	1.3820551171203375
J142	14	9	37	37	1.5028978839178233
J143	14	3	98	10	1.363414937610357
J144	16	5	104	29	0.6612553933534465
J145	15	14	54	22	1.4949374385750716
\\ Jobs in machine 14
11
J146	13	14	87	6	0.6800808142239734
J147	15	1	42	48	0.8416047717731017
J148	14	12	17	42	0.7239339265753031
J149	14	14	67	48	1.1255567658523242
J150	15	3	102	16	1.4086211682503216
J151	16	3	66	27	0.8812491111596699
J152	16	12	68	4	1.2160574196735396
J153	14	5	36	7	0.9465602645412774
J154	15	7	46	14	1.4026020203668415
J155	15	9	52	67	0.7598362432527996
J156	15	12	16	61	0.7503699074640852
\\ Jobs in machine 15
11
J157	15	3	17	8	0.4509708349973848
J158	15	3	92	15	1.0931580176908808
J159	15	1	68	44	0.6376863687416692
J160	15	5	101	45	1.4839449271704015
J161	16	2	76	26	1.063877506618394
J162	15	5	85	6	1.154811016134308
J163	15	4	4	64	1.4897881113587812
J164	14	10	14	28	1.2100819119265402
J165	15	4	56	31	1.579793362264745
J166	16	3	73	33	1.7587833894570677
J167	14	7	102	50	0.9273342827137747
\\ Dependencies 
229
1	6
1	8
1	9
2	5
2	6
3	7
3	10
3	12
4	6
4	7
4	8
4	9
5	10
5	12
6	9
6	12
7	9
7	11
8	9
13	16
14	16
14	19
15	22
16	17
17	21
18	19
18	24
19	22
19	24
25	26
25	27
25	29
25	32
25	35
26	28
26	33
27	31
27	32
27	35
28	31
28	34
29	31
30	31
30	32
30	33
31	34
31	35
32	33
34	35
37	39
39	41
39	42
39	43
39	44
40	42
40	44
40	46
41	44
42	44
42	45
43	45
43	46
48	54
48	55
48	56
48	57
50	51
50	52
50	54
51	57
52	53
52	54
52	55
53	54
53	56
56	57
58	65
58	67
58	68
59	62
59	65
59	66
59	67
59	68
60	65
60	66
61	65
61	66
63	64
64	67
64	68
67	68
69	71
69	77
70	72
70	73
70	76
70	78
70	80
70	81
71	72
71	73
71	80
72	73
72	77
72	78
72	80
72	81
73	76
74	78
74	80
75	79
75	80
76	78
76	79
77	79
78	81
79	80
83	87
83	88
84	85
84	86
84	87
85	88
86	87
87	88
89	90
93	94
94	95
94	97
94	100
95	100
96	97
96	100
96	101
96	102
97	98
97	99
98	99
98	100
98	102
103	104
103	105
103	106
103	107
103	109
104	105
104	107
104	109
105	108
105	109
106	109
107	113
108	110
108	111
108	112
109	112
109	113
110	112
111	113
112	113
114	116
114	118
114	120
114	123
115	120
115	121
116	122
117	120
117	121
117	124
118	120
118	123
118	124
119	121
119	123
121	122
122	123
123	124
125	129
125	132
125	133
125	134
126	130
127	128
127	130
127	132
127	134
130	131
130	134
131	133
131	135
133	134
136	137
136	138
137	139
137	145
138	141
138	142
139	144
141	143
141	144
141	145
143	144
144	145
146	151
147	148
147	151
148	149
148	151
148	152
148	155
149	153
150	152
150	156
151	153
157	162
158	161
158	162
159	162
159	164
160	161
160	163
160	167
161	163
161	165
162	163
162	166
163	165
