\\ machines
25
\\ max power
250
\\ Jobs in machine 1
9
J1	13	10	50	53	1.5280682337057856
J2	14	6	49	38	1.1922686020814508
J3	16	10	110	12	1.5588839984919916
J4	13	1	77	6	1.031544509587424
J5	16	10	60	41	0.6486834652446385
J6	14	10	95	52	1.0456809209352185
J7	13	13	38	54	1.5602806064673058
J8	15	3	28	7	1.1871293214237018
J9	15	2	17	43	1.7870806673650494
\\ Jobs in machine 2
13
J10	13	8	42	16	0.5470896923813623
J11	15	12	7	3	0.527293589492764
J12	13	7	29	36	0.5264204725163101
J13	15	14	59	37	1.2847035831395166
J14	14	12	54	24	1.4828032868481766
J15	14	12	110	54	0.4487044195878508
J16	14	6	9	17	1.1274906392412605
J17	15	2	43	58	1.1141632150878056
J18	14	3	8	26	0.8047462724848875
J19	15	3	26	11	0.2786629114091205
J20	14	6	102	30	1.082299541120149
J21	14	8	77	30	0.7176071600516916
J22	13	10	12	9	0.7889110109991181
\\ Jobs in machine 3
12
J23	17	10	12	38	0.954746457638074
J24	14	8	33	24	1.6183034514389156
J25	15	7	36	46	0.6763324104427672
J26	15	11	95	46	1.1738123599773536
J27	15	1	109	57	2.010584695566766
J28	14	7	59	62	0.9210830062252782
J29	16	9	93	51	1.5437696107994632
J30	14	6	41	34	1.3167699039380925
J31	12	1	69	15	2.0074604681594286
J32	14	8	110	56	0.45760714566800176
J33	14	2	106	21	1.2829150722741893
J34	13	8	56	48	1.0460787172591133
\\ Jobs in machine 4
11
J35	15	14	76	28	1.3865017343659025
J36	16	14	7	20	1.5157618909732349
J37	15	3	86	8	0.9468204166966523
J38	14	7	101	1	1.0199873014745255
J39	15	1	50	40	0.34354918047921856
J40	16	5	35	15	1.7834851322674437
J41	15	4	76	44	1.2322655734595842
J42	15	1	105	6	1.651800223782351
J43	15	11	39	53	0.9040063601048745
J44	16	12	79	8	1.4693447583722037
J45	15	8	93	1	1.7920377279861701
\\ Jobs in machine 5
9
J46	15	13	24	63	0.25816494743337337
J47	15	2	67	48	0.7698362674697821
J48	14	3	27	26	0.39268266274173946
J49	15	9	7	7	1.3842453712331089
J50	15	7	79	28	2.1896403632034045
J51	14	8	66	36	0.469661520066072
J52	15	9	41	44	1.800928743262753
J53	14	4	13	36	0.42888923604304163
J54	15	13	26	11	1.14129725897728
\\ Jobs in machine 6
12
J55	14	12	4	42	0.7307793604261715
J56	14	1	91	33	0.5668358821376351
J57	14	13	25	48	0.6737875382813883
J58	15	2	75	3	1.4114341536427815
J59	16	2	48	17	1.5955719810213165
J60	12	13	51	32	1.2646191257508606
J61	16	5	76	17	0.8374057715751136
J62	15	3	90	44	0.7714337618366046
J63	14	6	61	22	0.1
J64	14	9	59	17	2.2378805582341332
J65	12	6	29	10	0.6092053153403739
J66	18	14	81	35	1.0531094341640121
\\ Jobs in machine 7
11
J67	15	4	93	31	1.6962524552382467
J68	15	11	21	44	1.5407777671704623
J69	16	5	44	36	0.1
J70	14	3	92	48	1.2739360295953595
J71	14	1	48	20	0.1
J72	15	4	6	2	0.9851383572596282
J73	13	10	5	38	1.3031093021294924
J74	16	9	105	3	1.3088879007323269
J75	15	6	28	8	0.958116257089039
J76	13	7	17	8	0.7700314619672916
J77	15	8	5	57	0.1
\\ Jobs in machine 8
13
J78	16	14	16	48	2.0215524267079132
J79	16	12	56	40	2.1557249459050345
J80	15	3	20	16	0.4444178211085079
J81	16	12	80	14	0.7363946744729026
J82	14	11	92	17	1.6776340692897065
J83	13	9	110	48	1.2496712724901136
J84	14	8	80	22	1.3986067032182175
J85	12	5	49	57	0.664227592262165
J86	15	1	78	37	1.5847964464118576
J87	16	13	109	2	1.9437721209283705
J88	15	11	24	39	0.42956584117889285
J89	13	13	73	14	1.2435449291727845
J90	14	14	43	35	2.247268679070386
\\ Jobs in machine 9
12
J91	14	11	80	2	1.6487274901669224
J92	15	10	84	4	0.9331685288550506
J93	14	13	95	53	1.1179221717500654
J94	15	6	5	18	0.998927137083685
J95	15	11	46	18	0.34909498999243305
J96	16	2	13	57	1.3172103602347185
J97	14	5	3	55	1.7845914099723834
J98	15	9	43	53	0.8766186672607106
J99	16	8	15	24	1.1664620673599908
J100	14	10	14	58	1.2609140435723858
J101	14	2	35	5	2.532864201568719
J102	16	11	63	23	1.9819322653706233
\\ Jobs in machine 10
12
J103	13	4	95	41	0.744263993865045
J104	14	12	75	5	0.1
J105	16	7	28	55	0.5603507488444545
J106	17	11	93	45	0.7076487077432052
J107	13	10	46	48	1.2067817981235904
J108	16	4	17	58	2.1355166223927995
J109	16	7	36	50	1.1962980032464232
J110	13	9	11	53	1.459343759454216
J111	13	1	9	17	1.308310989849498
J112	14	9	66	4	1.5716945056940195
J113	13	2	59	25	1.838465637608044
J114	14	5	29	41	1.0086922594802517
\\ Jobs in machine 11
11
J115	14	9	18	43	1.2725402638118355
J116	14	9	106	37	1.5954872581955033
J117	13	9	36	58	0.6528930396267715
J118	15	11	100	44	2.0035678759383857
J119	13	1	96	16	1.3856603479338276
J120	14	9	95	14	1.284687009906962
J121	12	1	80	20	0.6446112878972262
J122	14	11	41	46	1.2941087296953917
J123	15	13	20	32	1.270880645614304
J124	15	10	51	11	1.3800907996783616
J125	16	8	77	24	0.3637264923588519
\\ Jobs in machine 12
10
J126	13	9	35	5	1.8832054039845905
J127	14	6	48	9	0.367594271943958
J128	14	1	6	36	1.452111189442261
J129	13	1	87	54	1.5396061285243339
J130	17	12	96	5	0.4547197311920237
J131	16	14	74	30	0.9722946127157093
J132	12	6	89	56	1.2819135879386745
J133	13	9	40	38	1.032994281410174
J134	15	3	45	41	1.6965838964237998
J135	15	5	62	46	0.1
\\ Jobs in machine 13
10
J136	15	11	100	27	0.793551016424128
J137	13	4	29	4	1.8417675757014358
J138	12	11	27	14	1.8047607359532483
J139	14	11	26	25	1.1843395927787137
J140	12	8	30	24	0.9633974975129924
J141	14	2	27	7	1.0555104415621923
J142	15	5	103	2	1.1683665034710324
J143	14	6	71	13	1.0880123745121992
J144	15	7	36	16	0.8823821182948353
J145	13	7	107	53	1.769820925838258
\\ Jobs in machine 14
9
J146	14	12	69	23	0.6613373612234553
J147	14	14	106	45	0.724650091785507
J148	14	10	24	5	1.1126042217633494
J149	15	13	67	56	1.7351033285803568
J150	15	7	98	27	1.8052510289085903
J151	15	9	38	37	0.9758249863335249
J152	14	3	71	39	1.5055552066664115
J153	12	6	99	4	1.2085091797083147
J154	16	11	22	18	1.8302008324718964
\\ Jobs in machine 15
11
J155	13	9	15	2	1.3820229459904432
J156	13	3	32	55	1.1678240867754308
J157	13	1	27	13	1.9638977199294312
J158	14	3	24	51	0.593851373610887
J159	15	14	109	43	1.0505150234781016
J160	15	12	84	61	1.0724780939395764
J161	14	5	19	33	1.4420739043678856
J162	15	9	53	1	1.3758807080485402
J163	13	14	19	56	1.2718060286281578
J164	14	7	34	17	2.0601397689785217
J165	15	4	10	13	0.7104544156629146
\\ Jobs in machine 16
11
J166	16	11	62	19	0.8403509115497412
J167	15	10	80	17	1.2107026899008246
J168	13	4	12	13	0.5832962017120207
J169	16	13	43	3	1.1944757398523034
J170	14	2	3	52	0.4388236827755819
J171	15	13	78	52	0.37340893400723507
J172	15	12	102	50	0.45055951239406666
J173	14	13	44	51	0.730966298382131
J174	16	8	21	46	1.51969012226389
J175	17	11	17	52	0.8624441773056362
J176	15	12	75	20	1.635162807968381
\\ Jobs in machine 17
12
J177	13	6	15	23	1.2720597963918197
J178	13	13	60	51	1.1832444835493796
J179	14	11	20	2	1.4143401103400133
J180	17	13	20	3	1.338926355043295
J181	14	4	60	4	1.2552898532710657
J182	14	4	66	61	1.7856913279475157
J183	15	8	72	8	2.1460080672350075
J184	16	10	54	6	0.6181977071677236
J185	15	3	11	6	1.7639856582348192
J186	16	2	89	43	1.3410237114651244
J187	16	7	105	10	1.509124376220288
J188	15	10	104	2	1.819505092443821
\\ Jobs in machine 18
11
J189	15	10	13	53	0.5436760785245438
J190	14	13	38	16	1.4253079660689176
J191	16	7	30	13	0.2416454004600337
J192	16	5	65	62	1.2814468754147401
J193	13	13	81	48	2.6984193189259944
J194	14	9	14	6	1.457150701935277
J195	13	3	60	11	1.2947222960049747
J196	14	2	57	45	0.5427046519911057
J197	15	11	83	25	1.289391537527887
J198	15	3	2	46	0.4703000024439995
J199	14	7	43	2	1.942081936425076
\\ Jobs in machine 19
12
J200	16	10	48	41	1.6729156236745548
J201	15	14	83	52	0.7669580071238424
J202	13	12	91	33	0.8584902318482514
J203	13	5	44	40	0.6460898941426261
J204	15	5	75	27	1.6286001185745738
J205	14	13	60	30	0.7853383640846847
J206	15	4	76	16	0.735502184328907
J207	15	14	29	28	0.6863128497108156
J208	14	11	16	48	1.887905666382657
J209	14	6	107	55	0.9246210477051484
J210	14	5	66	11	1.1390323287824853
J211	14	8	59	33	0.8697349206300142
\\ Jobs in machine 20
10
J212	14	10	68	11	2.033029638873744
J213	15	9	27	23	1.0282096549752653
J214	14	7	14	3	1.0542809865770668
J215	14	1	38	51	1.576094900455839
J216	14	8	84	44	2.1740576284350923
J217	14	12	13	46	0.15662108180750156
J218	13	9	92	32	1.2213006406511508
J219	15	9	28	27	0.7182706045941203
J220	16	12	105	48	1.2505948059122771
J221	15	11	49	21	0.8330170409952619
\\ Jobs in machine 21
10
J222	15	2	20	51	1.1020139862096785
J223	16	13	39	26	1.0441060428341746
J224	15	6	101	16	1.5887285781942353
J225	15	14	84	4	0.79332145451646
J226	13	5	65	61	1.044172209939636
J227	13	12	8	35	1.2140326423678895
J228	15	3	8	14	0.6873113522943259
J229	15	12	105	59	1.1249001211872285
J230	15	5	17	41	0.6758301203498048
J231	14	8	10	47	0.9515091915524915
\\ Jobs in machine 22
11
J232	14	10	38	8	1.66319543217021
J233	16	5	68	26	1.7954907304749104
J234	15	1	83	37	1.270138753007733
J235	13	10	7	43	1.1380678639128925
J236	13	9	99	58	2.058919061783587
J237	15	14	41	54	1.0278532531040883
J238	17	4	36	44	0.3670005629540576
J239	14	14	87	14	1.8876732023274547
J240	16	1	35	60	1.180194747019366
J241	13	14	65	33	1.4027030519840649
J242	13	14	94	57	1.2374942263103903
\\ Jobs in machine 23
11
J243	14	4	6	24	1.1710320759972679
J244	15	2	44	17	2.097519315874572
J245	14	5	37	59	1.797231141267776
J246	16	2	15	26	1.5519397884530868
J247	14	8	72	45	1.692805879977107
J248	15	10	50	40	2.2581413074102334
J249	14	4	37	15	2.205509656600931
J250	15	8	110	52	1.4965974074534794
J251	14	7	44	17	0.7288660574359631
J252	15	7	92	15	1.4632572502432115
J253	15	6	93	4	1.3962094428075074
\\ Jobs in machine 24
11
J254	15	12	54	26	1.1902912032707753
J255	14	9	35	38	1.2103899620973757
J256	15	11	43	62	0.36387150519424705
J257	14	14	90	33	0.6210377028154883
J258	16	13	110	30	1.1355318814970572
J259	16	2	48	47	0.502809282443058
J260	14	13	109	16	0.3688391702295264
J261	13	2	53	5	2.302444883245405
J262	15	2	8	35	0.9137187911187659
J263	16	9	100	38	1.285068016245147
J264	15	2	91	1	1.422755935767753
\\ Jobs in machine 25
10
J265	14	8	108	7	0.7573608734738662
J266	14	9	85	23	0.7776250467828028
J267	14	3	100	15	0.6791141118493164
J268	16	13	49	10	1.5930440158329502
J269	17	11	106	21	1.4649103703074322
J270	14	12	24	16	0.8564183352462938
J271	14	5	78	25	0.9303144932133024
J272	14	4	51	2	1.3383419403743853
J273	15	9	39	26	1.7714592729265932
J274	15	10	10	10	1.3145367904900573
\\ Dependencies 
1249
1	2
1	3
1	4
1	5
1	6
1	7
1	8
1	9
2	4
2	5
2	6
2	7
2	8
2	9
3	4
3	5
3	6
3	7
3	8
3	9
4	6
4	7
4	8
4	9
5	6
5	7
5	8
5	9
6	7
6	9
7	8
7	9
8	9
10	11
10	14
10	15
10	16
10	18
10	19
10	20
10	21
10	22
11	12
11	13
11	14
11	15
11	16
11	17
11	18
11	19
11	20
11	21
11	22
12	13
12	14
12	15
12	16
12	17
12	18
12	19
12	20
12	21
12	22
13	14
13	16
13	17
13	18
13	20
13	21
13	22
14	15
14	16
14	17
14	18
14	19
14	20
14	22
15	16
15	17
15	18
15	19
15	20
15	21
15	22
16	17
16	18
16	19
16	20
16	21
16	22
17	19
17	20
17	21
17	22
18	19
18	20
18	21
18	22
19	21
19	22
20	21
20	22
21	22
23	24
23	25
23	26
23	27
23	28
23	29
23	30
23	31
23	32
23	33
23	34
24	25
24	26
24	27
24	29
24	30
24	31
24	32
24	33
24	34
25	26
25	27
25	28
25	30
25	31
25	32
25	33
25	34
26	27
26	28
26	29
26	30
26	31
26	32
26	33
26	34
27	28
27	29
27	30
27	31
27	32
27	33
27	34
28	29
28	30
28	31
28	32
28	33
28	34
29	30
29	31
29	32
29	33
29	34
30	31
30	32
30	33
30	34
31	32
31	33
31	34
32	33
32	34
35	36
35	37
35	38
35	39
35	40
35	41
35	42
35	43
35	44
35	45
36	37
36	38
36	40
36	41
36	42
36	43
36	44
36	45
37	38
37	39
37	40
37	42
37	43
37	44
37	45
38	39
38	40
38	41
38	42
38	44
38	45
39	40
39	42
39	43
39	44
39	45
40	41
40	42
40	43
40	44
40	45
41	42
41	43
42	44
42	45
43	45
44	45
46	47
46	48
46	49
46	50
46	51
46	52
46	54
47	48
47	49
47	50
47	51
47	52
47	53
47	54
48	49
48	50
48	51
48	52
48	53
49	50
49	51
49	52
49	53
49	54
50	51
50	53
50	54
51	52
51	54
52	53
52	54
53	54
55	56
55	57
55	58
55	59
55	60
55	61
55	62
55	63
55	64
55	65
55	66
56	57
56	58
56	59
56	61
56	62
56	63
56	64
56	65
56	66
57	58
57	59
57	60
57	61
57	62
57	64
57	65
57	66
58	59
58	60
58	61
58	62
58	63
58	64
58	65
58	66
59	60
59	61
59	62
59	63
59	64
59	65
59	66
60	61
60	63
60	64
60	65
60	66
61	62
61	64
61	65
61	66
62	63
62	64
62	65
62	66
63	64
63	65
63	66
64	65
64	66
65	66
67	68
67	69
67	70
67	71
67	72
67	73
67	74
67	75
67	76
67	77
68	70
68	72
68	74
68	76
68	77
69	70
69	71
69	72
69	73
69	74
69	75
69	76
69	77
70	71
70	73
70	74
70	75
70	77
71	72
71	73
71	74
71	75
71	76
71	77
72	73
72	74
72	75
72	77
73	74
73	75
73	76
73	77
74	75
74	76
74	77
75	76
75	77
76	77
78	79
78	80
78	81
78	82
78	83
78	84
78	85
78	87
78	88
78	89
78	90
79	80
79	81
79	82
79	83
79	84
79	85
79	86
79	87
79	88
79	89
79	90
80	81
80	82
80	83
80	84
80	85
80	87
80	88
80	89
80	90
81	82
81	83
81	84
81	86
81	87
81	88
81	89
81	90
82	83
82	85
82	87
82	88
82	89
82	90
83	84
83	85
83	86
83	87
83	88
83	89
83	90
84	85
84	86
84	87
84	88
84	89
84	90
85	86
85	87
85	88
85	89
85	90
86	87
86	88
86	89
86	90
87	88
87	89
87	90
88	89
89	90
91	92
91	93
91	94
91	95
91	96
91	97
91	98
91	99
91	100
91	101
91	102
92	93
92	94
92	95
92	97
92	98
92	99
92	100
92	101
92	102
93	94
93	95
93	97
93	98
93	99
93	101
93	102
94	95
94	96
94	97
94	98
94	99
94	100
94	101
94	102
95	96
95	97
95	98
95	99
95	100
95	101
96	97
96	98
96	99
96	100
96	101
96	102
97	98
97	99
97	100
97	101
97	102
98	100
98	101
98	102
99	100
99	101
99	102
100	101
101	102
103	104
103	105
103	106
103	107
103	108
103	109
103	110
103	111
103	112
103	113
104	105
104	106
104	108
104	109
104	110
104	111
104	112
104	113
104	114
105	106
105	108
105	110
105	111
105	112
105	113
105	114
106	107
106	108
106	109
106	110
106	111
106	112
106	113
106	114
107	108
107	109
107	110
107	111
107	112
107	113
107	114
108	110
108	111
108	112
108	113
108	114
109	110
109	111
109	113
109	114
110	111
110	113
110	114
111	112
111	113
111	114
112	113
112	114
113	114
115	116
115	117
115	118
115	119
115	120
115	121
115	122
115	123
115	124
115	125
116	118
116	119
116	120
116	121
116	122
116	123
116	124
116	125
117	118
117	119
117	120
117	121
117	122
117	123
118	119
118	120
118	121
118	122
118	123
118	124
118	125
119	120
119	121
119	122
119	123
119	124
119	125
120	121
120	122
120	124
120	125
121	122
121	123
121	124
121	125
122	123
122	125
123	124
123	125
124	125
126	127
126	128
126	129
126	130
126	132
126	133
126	134
126	135
127	130
127	131
127	132
127	133
127	134
127	135
128	129
128	130
128	131
128	133
128	134
128	135
129	130
129	131
129	132
129	134
129	135
130	131
130	132
130	133
130	134
130	135
131	132
131	133
131	134
132	133
133	134
133	135
134	135
136	137
136	138
136	139
136	140
136	141
136	142
136	143
136	145
137	138
137	139
137	140
137	141
137	143
137	144
137	145
138	139
138	140
138	141
138	142
138	144
139	140
139	141
139	142
139	144
139	145
140	141
140	142
140	143
140	144
140	145
141	142
141	143
141	144
141	145
142	143
142	144
142	145
143	144
143	145
144	145
146	147
146	148
146	149
146	150
146	151
146	152
146	154
147	148
147	149
147	150
147	151
147	152
147	153
147	154
148	149
148	151
148	152
148	153
148	154
149	150
149	151
149	152
149	153
149	154
150	151
150	152
150	153
150	154
151	152
151	153
151	154
152	153
152	154
153	154
155	156
155	157
155	159
155	160
155	161
155	163
155	164
155	165
156	158
156	159
156	160
156	161
156	162
156	163
156	165
157	158
157	159
157	160
157	161
157	162
157	163
157	164
157	165
158	159
158	160
158	161
158	162
158	163
158	164
158	165
159	160
159	161
159	162
159	163
159	164
159	165
160	161
160	162
160	163
160	164
160	165
161	162
161	163
161	164
161	165
162	163
162	164
162	165
163	164
163	165
164	165
166	167
166	168
166	169
166	170
166	171
166	172
166	173
166	174
166	175
166	176
167	168
167	170
167	171
167	172
167	173
167	174
167	175
167	176
168	169
168	170
168	171
168	172
168	173
168	174
168	175
168	176
169	170
169	171
169	172
169	173
169	174
169	175
169	176
170	171
170	172
170	173
170	174
170	175
171	172
171	174
171	175
171	176
172	173
172	174
172	175
172	176
173	174
173	175
173	176
174	175
175	176
177	178
177	179
177	180
177	181
177	182
177	183
177	184
177	185
177	186
177	187
177	188
178	179
178	180
178	181
178	182
178	183
178	184
178	185
178	187
178	188
179	180
179	181
179	182
179	183
179	184
179	185
179	186
179	187
179	188
180	182
180	183
180	184
180	185
180	186
180	187
180	188
181	182
181	183
181	184
181	185
181	186
181	187
181	188
182	183
182	184
182	185
182	186
182	187
182	188
183	184
183	185
183	186
183	187
183	188
184	185
184	186
184	187
184	188
185	186
185	187
185	188
186	187
186	188
187	188
189	190
189	191
189	193
189	194
189	196
189	197
189	198
189	199
190	191
190	192
190	193
190	194
190	195
190	196
190	198
190	199
191	192
191	193
191	194
191	195
191	196
191	197
191	198
191	199
192	193
192	194
192	195
192	196
192	197
192	198
192	199
193	194
193	195
193	196
193	197
193	198
193	199
194	195
194	196
194	197
194	198
194	199
195	196
195	197
195	198
195	199
196	197
196	198
196	199
197	198
197	199
200	201
200	202
200	203
200	204
200	206
200	207
200	208
200	209
200	210
200	211
201	202
201	203
201	204
201	205
201	206
201	207
201	208
201	209
201	210
201	211
202	203
202	205
202	207
202	209
202	210
202	211
203	204
203	205
203	206
203	207
203	208
203	209
203	210
203	211
204	205
204	206
204	207
204	208
204	209
204	210
204	211
205	206
205	208
205	209
205	210
205	211
206	207
206	208
206	209
206	210
206	211
207	208
207	209
207	210
207	211
208	210
208	211
209	210
209	211
210	211
212	215
212	216
212	217
212	218
212	219
212	220
212	221
213	214
213	215
213	216
213	217
213	218
213	219
213	220
213	221
214	215
214	216
214	217
214	218
214	219
214	220
214	221
215	216
215	217
215	219
215	220
215	221
216	217
216	218
216	219
216	220
217	219
217	220
217	221
218	219
218	220
218	221
219	220
220	221
222	223
222	224
222	225
222	226
222	228
222	230
223	224
223	225
223	226
223	227
223	228
223	229
223	230
223	231
224	225
224	226
224	227
224	228
224	229
224	231
225	226
225	227
225	228
225	229
225	230
225	231
226	227
226	228
226	229
226	230
226	231
227	228
227	229
227	230
227	231
228	229
228	230
229	230
229	231
230	231
232	233
232	234
232	235
232	236
232	237
232	238
232	239
232	240
232	241
232	242
233	234
233	235
233	236
233	237
233	238
233	239
233	240
233	242
234	235
234	236
234	237
234	239
234	240
234	242
235	236
235	237
235	238
235	239
235	240
235	241
235	242
236	237
236	238
236	239
236	240
236	241
236	242
237	238
237	240
237	241
237	242
238	240
238	241
238	242
239	240
239	241
239	242
240	242
243	244
243	245
243	246
243	247
243	248
243	249
243	250
243	251
243	253
244	245
244	247
244	248
244	249
244	250
244	251
244	252
244	253
245	246
245	248
245	249
245	250
245	251
245	252
245	253
246	247
246	248
246	249
246	250
246	251
246	252
246	253
247	248
247	249
247	250
247	252
247	253
248	249
248	250
248	251
248	253
249	250
249	251
249	252
249	253
250	251
250	252
250	253
251	252
251	253
252	253
254	255
254	256
254	257
254	258
254	259
254	260
254	261
254	262
254	263
254	264
255	256
255	257
255	258
255	259
255	260
255	261
255	262
255	264
256	257
256	258
256	259
256	260
256	261
256	262
256	263
256	264
257	258
257	259
257	260
257	261
257	263
257	264
258	259
258	260
258	261
258	262
258	264
259	260
259	263
259	264
260	261
260	262
260	263
260	264
261	262
261	264
262	264
263	264
265	266
265	267
265	268
265	269
265	270
265	271
265	272
265	273
265	274
266	267
266	268
266	269
266	271
266	273
266	274
267	268
267	270
267	271
267	272
267	273
268	270
268	271
268	272
268	273
268	274
269	270
269	271
269	272
269	273
269	274
270	271
270	272
270	273
270	274
271	272
271	273
271	274
272	273
272	274
273	274
