\\ machines
7
\\ max power
70
\\ Jobs in machine 1
12
J1	15	1	68	42	0.5664967060953755
J2	14	5	58	24	1.840873945992466
J3	15	14	67	47	0.4958493522406543
J4	15	3	69	8	0.5346378084786242
J5	14	1	18	6	1.6174000485098623
J6	14	8	39	11	1.195112025118358
J7	17	9	47	21	1.0894044348619898
J8	15	9	12	52	1.2516335020907803
J9	14	12	65	9	1.3442448067159123
J10	15	13	45	11	1.382377433688555
J11	15	8	30	29	1.7774052070943576
J12	14	9	42	46	1.0393294019003194
\\ Jobs in machine 2
11
J13	12	14	82	40	1.3125948274218662
J14	15	13	102	15	2.2207062762759024
J15	13	7	8	31	1.4433330445140935
J16	15	2	60	37	0.6640640159575406
J17	16	1	77	3	0.912303492840582
J18	14	13	95	1	0.7397757467257113
J19	15	13	60	24	0.8949338667331017
J20	14	6	91	13	0.1
J21	13	11	12	51	2.201905698484331
J22	14	9	57	22	2.106104841249355
J23	14	14	4	50	1.0568870675717261
\\ Jobs in machine 3
11
J24	13	13	71	5	1.4409103481001577
J25	13	5	47	1	0.8635610680353644
J26	16	14	31	5	0.3657076677172665
J27	14	6	64	12	1.726426797036683
J28	16	3	89	51	0.9756128903298563
J29	15	9	5	9	0.4876730274525719
J30	14	1	18	34	1.8398973695124627
J31	13	10	82	46	2.018999328555394
J32	14	7	67	51	1.242973171848603
J33	14	6	102	17	0.8865702950129861
J34	15	5	86	48	1.2848691826471057
\\ Jobs in machine 4
12
J35	13	6	66	22	0.737391763823704
J36	14	3	23	31	1.0000584291908532
J37	14	12	82	38	1.1170598499651105
J38	16	6	55	5	1.4168187845385065
J39	15	11	55	25	1.274837801245958
J40	15	7	35	53	1.7441548211113527
J41	13	8	102	35	1.0973319877394914
J42	14	6	13	20	2.208566938518958
J43	15	2	98	46	0.93273395833987
J44	15	9	64	43	0.29455199336436755
J45	16	8	99	20	0.250850250014489
J46	15	8	62	34	1.183325674516901
\\ Jobs in machine 5
12
J47	15	14	28	12	1.4359423312867086
J48	14	2	34	19	1.4331875359882709
J49	14	12	22	30	1.3297180830255106
J50	15	10	40	6	1.204003811193228
J51	14	7	78	38	1.4437058713650968
J52	15	7	70	46	0.5509922199516899
J53	14	3	76	38	1.694317975524312
J54	15	1	48	20	1.3673646692531065
J55	16	3	14	19	1.1326757504222988
J56	15	6	107	11	1.1691409350843422
J57	16	3	58	46	0.7064037103693511
J58	14	13	33	49	0.6481941851348765
\\ Jobs in machine 6
12
J59	15	2	46	18	0.5902597444952983
J60	14	1	10	52	1.0033772932750233
J61	13	9	60	11	1.723139617051404
J62	15	14	108	14	1.1306986623386095
J63	17	7	6	52	0.42002626410155897
J64	15	8	50	5	1.976835009954337
J65	16	12	95	7	1.3208467267890656
J66	13	9	44	1	1.5015409647980045
J67	15	3	60	17	1.1750289279207322
J68	14	7	103	9	1.0647417933161598
J69	13	14	13	19	0.9549829135012018
J70	15	7	36	23	1.3417819977606582
\\ Jobs in machine 7
13
J71	15	9	80	50	1.5328525433870548
J72	15	5	48	40	1.77447790029386
J73	16	3	16	30	1.2343042118602239
J74	14	7	9	26	0.9569539027265932
J75	13	6	20	3	1.26894723004719
J76	14	12	96	33	0.4850758632847384
J77	16	6	61	30	2.5033571120547986
J78	14	6	74	1	1.0199361888622884
J79	13	7	10	23	0.9447711829135874
J80	15	9	52	46	0.47610409758176386
J81	15	5	15	27	1.6184199778307806
J82	16	7	54	1	0.4521756909274127
J83	14	2	82	19	1.143749214161585
\\ Dependencies 
367
1	3
1	4
1	5
1	6
1	8
1	11
1	12
2	3
2	4
2	5
2	7
2	8
2	9
2	10
2	11
2	12
3	4
3	5
3	6
3	8
3	9
3	10
3	11
3	12
4	5
4	6
4	7
4	8
4	9
4	10
4	11
4	12
5	6
5	7
5	8
5	11
5	12
6	7
6	8
6	10
6	12
7	8
7	9
7	11
8	9
8	10
8	11
8	12
9	10
9	11
10	11
11	12
13	14
13	16
13	17
13	19
13	20
13	21
13	22
13	23
14	15
14	16
14	17
14	18
14	19
14	20
14	21
14	22
15	16
15	17
15	19
15	21
15	22
15	23
16	18
16	19
16	20
16	21
16	22
17	19
17	20
17	21
17	22
18	21
18	22
18	23
19	20
19	21
19	22
19	23
20	21
20	23
21	23
22	23
24	25
24	26
24	27
24	28
24	29
24	30
24	31
24	32
24	33
24	34
25	26
25	27
25	28
25	30
25	31
25	32
25	33
25	34
26	27
26	29
26	30
26	31
26	32
26	34
27	28
27	29
27	30
27	31
27	32
27	33
27	34
28	29
28	33
28	34
29	30
29	33
29	34
30	31
30	32
30	33
30	34
31	32
31	33
31	34
32	33
32	34
33	34
35	36
35	37
35	38
35	40
35	41
35	43
35	44
35	45
35	46
36	37
36	38
36	39
36	40
36	41
36	42
36	43
36	44
36	45
37	38
37	39
37	40
37	41
37	42
37	43
37	44
37	45
37	46
38	39
38	40
38	41
38	42
38	43
38	44
38	45
38	46
39	40
39	44
39	45
39	46
40	41
40	42
40	44
40	45
40	46
41	42
41	43
41	45
41	46
42	43
42	45
42	46
43	45
44	45
44	46
47	48
47	49
47	50
47	51
47	52
47	53
47	54
47	55
47	56
47	57
47	58
48	49
48	50
48	51
48	52
48	53
48	54
48	55
48	56
48	57
48	58
49	50
49	52
49	53
49	54
49	55
49	56
49	57
49	58
50	53
50	54
50	55
50	56
50	57
51	52
51	55
51	56
51	57
51	58
52	53
52	54
52	56
52	57
52	58
53	54
53	56
53	57
53	58
54	55
54	56
54	57
54	58
55	56
55	57
55	58
56	57
56	58
57	58
59	60
59	61
59	62
59	64
59	66
59	67
59	68
59	69
60	61
60	62
60	64
60	65
60	66
60	68
60	69
60	70
61	63
61	64
61	65
61	66
61	67
61	68
61	69
62	64
62	65
62	66
62	67
62	68
62	69
63	64
63	65
63	66
63	67
63	68
63	70
64	65
64	66
64	67
64	68
64	69
64	70
65	67
65	68
65	69
65	70
66	67
66	68
66	70
67	68
67	69
67	70
68	70
71	73
71	75
71	78
71	79
71	80
71	81
71	82
71	83
72	75
72	76
72	78
72	79
72	80
72	81
72	82
72	83
73	76
73	78
73	80
73	81
73	82
73	83
74	75
74	76
74	77
74	79
74	80
74	81
74	82
74	83
75	76
75	78
75	79
75	81
75	82
75	83
76	77
76	78
76	79
76	80
76	81
76	82
76	83
77	78
77	80
77	81
77	82
77	83
78	80
78	81
78	82
78	83
79	80
79	81
79	82
79	83
80	81
80	82
80	83
81	82
81	83
82	83
