\\ machines
7
\\ max power
70
\\ Jobs in machine 1
12
J1	14	14	66	4	1.589489994737684
J2	15	8	99	20	0.9984920146551401
J3	15	12	66	29	1.4530901558467115
J4	13	11	53	32	1.3833582208283792
J5	14	13	109	14	1.8363376205426114
J6	15	5	26	7	0.893361353807661
J7	15	14	93	15	1.5427420477177114
J8	14	14	52	28	1.110441494237672
J9	15	12	14	2	1.47396804815126
J10	14	3	43	8	0.8572558567260045
J11	13	3	24	6	1.827637190480357
J12	15	3	77	17	1.6933149633439668
\\ Jobs in machine 2
11
J13	13	13	35	15	0.7258745667930616
J14	13	9	56	14	0.5627313883022069
J15	15	4	54	29	0.845195329208279
J16	15	8	25	16	1.099491861077228
J17	16	1	39	17	1.4365237433771565
J18	14	14	54	17	1.5252720596954266
J19	15	9	87	23	0.7253349386928323
J20	14	6	72	16	1.6364238715422084
J21	15	13	101	22	1.1639202160795237
J22	12	7	21	12	1.8097837399828558
J23	15	5	14	17	0.8366199118331451
\\ Jobs in machine 3
11
J24	14	8	19	13	0.9605276771895273
J25	14	8	94	13	1.4055058863744376
J26	15	2	13	33	1.537069568353672
J27	13	5	57	16	0.9792652890859747
J28	16	8	86	27	0.8098487847381084
J29	15	7	70	29	0.7390942609652882
J30	15	3	42	15	1.006809232518487
J31	14	4	107	17	1.5536857346722983
J32	16	11	35	34	1.3509456745383241
J33	15	2	78	12	1.5566112284247844
J34	15	2	81	21	1.3153699260436496
\\ Jobs in machine 4
11
J35	16	3	14	22	1.4657220289477706
J36	14	3	78	9	0.8525937737705931
J37	14	4	60	20	0.9034090705371856
J38	13	5	109	16	2.2204901675939275
J39	14	6	6	5	1.1822683978508897
J40	14	2	86	15	1.3199467013247284
J41	15	7	60	17	1.2969924485873816
J42	15	2	13	32	1.0921330963399525
J43	15	7	85	1	1.4794948106028583
J44	14	2	74	31	0.8429599489839981
J45	14	9	16	10	1.4763937594355627
\\ Jobs in machine 5
11
J46	15	14	12	35	1.4210720042343576
J47	15	8	92	31	1.550618584330866
J48	15	2	83	14	1.770579942221043
J49	14	13	10	18	0.9437092214024592
J50	15	10	68	21	1.6959623128216923
J51	16	12	14	24	0.4210243253144784
J52	14	9	76	3	0.9640872700231315
J53	15	8	14	26	1.4100977671814054
J54	14	3	83	6	1.5183987954489413
J55	12	1	69	21	0.6227890221460386
J56	15	2	39	26	0.3181750831586847
\\ Jobs in machine 6
11
J57	15	1	58	18	1.8571384645657214
J58	13	8	74	20	1.3057844163511798
J59	14	7	36	25	0.7493206271480573
J60	15	8	99	1	0.9573942883627491
J61	15	2	5	31	1.6491893174768173
J62	14	7	28	5	0.3378309457267825
J63	14	8	3	16	0.7787520220638103
J64	15	9	41	19	0.8985534854300479
J65	13	5	28	21	0.7245938556430227
J66	15	7	45	35	0.37082738977193863
J67	15	10	74	23	2.1205722698391156
\\ Jobs in machine 7
11
J68	14	14	43	2	0.8409247571000456
J69	17	11	106	1	0.8026686950213945
J70	11	6	21	21	1.8458702669815543
J71	15	10	109	1	2.088132546011782
J72	14	3	13	7	0.8213995657536971
J73	15	2	31	12	0.9709987256226538
J74	15	7	93	29	0.7812910621048301
J75	16	8	43	24	1.582311843859964
J76	16	1	13	13	1.3968265245968716
J77	14	12	57	15	0.7773302424211894
J78	15	1	57	29	0.8391562668031141
\\ Dependencies 
320
1	2
1	3
1	4
1	5
1	6
1	7
1	8
1	9
1	10
1	11
2	3
2	4
2	5
2	7
2	8
2	9
2	10
2	11
2	12
3	4
3	5
3	6
3	7
3	8
3	9
3	10
3	11
3	12
4	6
4	7
4	8
4	10
4	11
4	12
5	6
5	7
5	8
5	9
5	10
5	11
5	12
6	8
6	9
6	10
6	11
6	12
7	9
7	11
7	12
8	9
8	10
8	11
8	12
9	11
10	12
11	12
13	14
13	15
13	17
13	18
13	20
13	23
14	15
14	16
14	17
14	19
14	20
14	21
14	22
14	23
15	17
15	18
15	19
15	20
15	21
15	23
16	18
16	19
16	20
16	21
16	22
17	18
17	19
17	20
17	21
17	22
17	23
18	19
18	20
18	21
18	22
18	23
19	20
19	21
19	22
19	23
20	21
20	22
20	23
21	22
21	23
22	23
24	25
24	26
24	27
24	28
24	29
24	30
24	31
24	33
24	34
25	26
25	27
25	28
25	29
25	30
25	32
25	33
25	34
26	27
26	28
26	29
26	30
26	31
26	32
26	33
26	34
27	28
27	29
27	30
27	32
27	33
28	29
28	30
28	31
28	32
28	33
28	34
29	31
29	32
29	33
29	34
30	32
31	32
31	33
32	34
33	34
35	37
35	38
35	39
35	40
35	41
35	42
35	43
35	44
35	45
36	37
36	38
36	39
36	40
36	41
36	42
36	44
36	45
37	39
37	40
37	43
37	45
38	40
38	41
38	42
38	43
38	44
38	45
39	40
39	41
39	42
39	43
39	44
39	45
40	41
40	42
40	43
40	44
40	45
41	42
41	43
41	44
41	45
42	44
42	45
43	44
43	45
44	45
46	47
46	48
46	49
46	51
46	52
46	54
46	55
46	56
47	48
47	49
47	50
47	51
47	52
47	53
47	54
47	55
47	56
48	49
48	50
48	51
48	52
48	53
48	54
48	55
48	56
49	50
49	52
49	54
49	56
50	51
50	52
50	53
50	54
50	55
50	56
51	52
51	53
51	54
51	56
52	53
52	54
52	55
52	56
53	54
53	55
53	56
54	55
55	56
57	58
57	60
57	61
57	62
57	65
57	66
57	67
58	59
58	61
58	62
58	64
58	65
58	67
59	60
59	61
59	63
59	64
59	66
59	67
60	62
60	64
60	65
60	66
60	67
61	64
61	65
62	64
62	65
62	66
62	67
63	65
63	66
64	65
64	67
65	67
66	67
68	70
68	71
68	72
68	73
68	74
68	75
68	76
68	77
68	78
69	71
69	72
69	73
69	76
69	77
69	78
70	72
70	73
70	74
70	75
70	76
70	77
70	78
71	72
71	73
71	74
71	75
72	73
72	74
72	75
72	76
72	78
73	74
73	75
73	76
73	77
73	78
74	76
74	78
75	77
75	78
76	78
77	78
