\\ machines
6
\\ max power
60
\\ Jobs in machine 1
11
J1	14	8	74	12	1.0443754083249002
J2	14	13	20	12	1.1777693836157483
J3	16	9	74	14	1.0677379030505747
J4	14	11	110	8	1.5735779061591848
J5	15	6	52	3	1.912243269564777
J6	14	14	87	3	2.492647068847896
J7	15	7	13	9	0.8504151016685664
J8	16	14	85	7	1.3351558778798458
J9	14	6	43	1	1.7231058254301352
J10	13	8	101	9	1.334020689317227
J11	14	14	86	8	1.4014710771584002
\\ Jobs in machine 2
11
J12	14	4	66	1	1.6508121763204973
J13	14	11	35	14	1.8175592846278787
J14	12	11	110	10	1.4731680629879587
J15	14	1	6	2	0.9520434301599471
J16	14	14	99	4	1.1981168011332914
J17	16	7	17	6	0.8210516493846476
J18	14	5	39	11	0.2888743934618362
J19	15	10	108	4	0.5014374442303214
J20	13	7	20	13	0.7503245689624893
J21	15	1	69	2	1.2932207320990325
J22	17	9	31	3	1.0669602672473264
\\ Jobs in machine 3
12
J23	12	8	46	5	1.0053531273702436
J24	15	13	8	7	0.7940094742293716
J25	15	4	107	12	0.4506598372032633
J26	13	9	55	9	0.5453483254251795
J27	16	4	92	9	1.1939601376165978
J28	14	14	40	11	0.5942836353183684
J29	14	10	94	14	1.3047305455881069
J30	16	3	92	3	0.7949261959639795
J31	16	12	2	12	1.2408195854854989
J32	16	10	66	13	1.7459097220272286
J33	16	12	48	1	0.9957592606270521
J34	13	13	69	15	2.061224310835338
\\ Jobs in machine 4
10
J35	15	1	26	7	0.43662687154972446
J36	15	7	84	5	1.599413208535231
J37	13	2	46	4	0.712698469007242
J38	16	13	43	8	1.2371156049369896
J39	14	7	89	7	1.3586486396157387
J40	14	11	83	6	2.0216775133322407
J41	15	2	89	15	1.89416689095997
J42	16	9	33	15	0.28812815043937046
J43	14	1	74	15	0.40357542223896137
J44	15	12	26	7	0.5943293189052314
\\ Jobs in machine 5
11
J45	16	1	80	12	2.250919968275787
J46	12	2	93	1	0.39364749069173355
J47	13	6	26	1	0.9883076879755643
J48	14	8	31	11	1.1413233638615141
J49	15	8	70	13	1.4827898471015875
J50	14	12	61	3	1.15425320361954
J51	17	12	49	15	1.6269048367055823
J52	16	1	82	8	1.157431144932182
J53	14	14	8	6	1.0196661538510687
J54	14	8	29	10	1.2273065124672957
J55	14	8	30	14	0.9488742595664754
\\ Jobs in machine 6
12
J56	14	11	41	15	1.5282921059562167
J57	15	13	65	10	0.8567516467319731
J58	14	14	21	1	1.032232208297652
J59	14	10	75	1	1.3301251946997508
J60	15	13	69	12	0.7859863363086379
J61	16	2	18	2	1.339303233158664
J62	13	5	3	13	1.830561732604516
J63	15	2	28	13	0.8845517446326383
J64	14	2	53	12	1.0999238466498062
J65	16	3	4	3	0.6559450177246859
J66	14	9	68	14	0.694862473143869
J67	14	1	2	14	2.1269855744399386
\\ Dependencies 
268
1	2
1	3
1	4
1	5
1	6
1	7
1	8
1	9
1	10
2	4
2	5
2	6
2	7
2	8
2	9
2	10
2	11
3	5
3	6
3	7
3	9
3	10
3	11
4	5
4	6
4	8
4	9
4	11
5	6
5	7
5	10
5	11
6	8
6	11
7	8
7	11
8	11
9	10
9	11
10	11
12	13
12	14
12	15
12	16
12	17
12	18
12	20
12	21
12	22
13	14
13	16
13	17
13	18
13	19
13	20
14	15
14	16
14	17
14	18
14	21
14	22
15	17
15	19
15	20
15	21
15	22
16	17
16	19
16	20
16	21
17	18
17	19
17	20
17	21
17	22
18	19
18	20
18	21
18	22
19	20
19	21
20	21
20	22
21	22
23	24
23	25
23	26
23	27
23	28
23	29
23	30
23	31
23	32
23	33
23	34
24	25
24	27
24	29
24	30
24	31
24	32
24	33
24	34
25	27
25	28
25	29
25	30
25	31
25	33
26	27
26	28
26	29
26	30
26	32
26	33
27	28
27	30
27	31
27	32
27	33
27	34
28	29
28	31
28	33
28	34
29	30
29	31
29	32
29	33
29	34
30	31
30	32
30	34
31	33
31	34
32	33
32	34
33	34
35	37
35	38
35	39
35	41
35	42
35	43
35	44
36	37
36	39
36	40
36	41
36	42
36	44
37	38
37	39
37	40
37	41
37	42
37	43
38	40
38	41
38	42
38	44
39	40
39	41
39	42
39	43
39	44
40	41
40	42
40	43
40	44
41	42
41	44
42	43
42	44
43	44
45	46
45	48
45	49
45	51
45	52
45	53
46	47
46	49
46	50
46	51
47	48
47	49
47	50
47	51
47	53
47	54
47	55
48	50
48	51
48	52
48	53
48	54
48	55
49	50
49	52
49	53
49	54
49	55
50	51
50	52
50	55
51	52
51	53
51	54
51	55
52	53
52	55
53	54
53	55
56	57
56	58
56	59
56	60
56	61
56	62
56	63
56	65
56	66
56	67
57	58
57	59
57	60
57	61
57	62
57	63
57	64
57	65
58	59
58	61
58	63
58	65
58	66
58	67
59	60
59	61
59	62
59	63
59	64
59	65
59	67
60	61
60	62
60	64
60	65
60	67
61	62
61	64
61	65
61	66
61	67
62	63
62	64
62	67
63	64
63	65
63	66
63	67
64	65
64	66
64	67
65	66
65	67
66	67
