\\ machines
20
\\ max power
200
\\ Jobs in machine 1
11
J1	14	10	67	36	1.95146473597422
J2	14	11	40	108	1.219642966941552
J3	15	2	105	121	1.5642134372380068
J4	15	9	105	32	1.5909244901727255
J5	15	10	3	51	1.130927041868559
J6	15	5	32	134	1.4871930190231772
J7	16	2	84	33	0.1
J8	15	4	69	9	1.347034951996547
J9	14	6	55	53	1.8895249088577062
J10	15	10	31	109	0.9610074969802909
J11	13	12	38	48	1.342594535014973
\\ Jobs in machine 2
10
J12	15	9	55	146	1.2618392928750672
J13	14	8	3	57	1.4543059005278478
J14	15	4	18	56	0.7648582213268862
J15	16	9	78	77	2.217912676069371
J16	15	9	110	109	1.971012896980336
J17	16	4	96	99	0.6369457342872772
J18	15	13	77	106	1.2650187112377567
J19	14	13	22	56	0.9216504504219234
J20	15	6	106	54	2.31255186231017
J21	15	7	53	83	0.6364690636822222
\\ Jobs in machine 3
12
J22	14	3	88	33	0.9296173845765848
J23	14	3	72	71	1.0779189590342921
J24	15	1	110	126	0.9847596179097335
J25	15	12	63	8	0.8170377931514878
J26	15	3	22	76	1.6634593174312626
J27	15	9	99	25	0.8393553233444151
J28	14	13	6	8	0.430081162118521
J29	15	5	104	97	1.3712569955260134
J30	16	5	28	122	0.6897213542544617
J31	15	10	47	52	1.3936439836364902
J32	14	1	30	57	1.2891076032971076
J33	13	4	44	122	0.8422698225548859
\\ Jobs in machine 4
12
J34	12	13	44	8	1.3490452705274383
J35	14	5	47	119	0.7752848667961733
J36	15	9	44	16	2.312239295571155
J37	16	7	4	140	1.1739296258687826
J38	13	2	77	132	0.6489669558649614
J39	15	8	26	116	1.7070574387695323
J40	16	11	43	105	1.742746304129931
J41	16	3	78	131	0.8648150545198621
J42	13	9	80	145	1.4982392598309462
J43	13	5	20	5	1.6939560465077288
J44	13	8	67	1	1.5356337192942129
J45	14	6	74	71	1.735786650774632
\\ Jobs in machine 5
11
J46	14	7	48	89	0.8072796678473037
J47	15	12	3	46	1.0958123852664208
J48	14	12	46	11	1.4829651978932739
J49	14	5	108	18	1.3173798460828732
J50	14	13	80	130	0.607144164962868
J51	13	11	14	75	1.7959802119710202
J52	16	3	108	141	0.8151327830488926
J53	14	1	56	10	1.29796131529622
J54	14	6	28	127	1.2169124351589533
J55	15	13	49	120	1.5149113976792705
J56	13	13	50	8	1.1500277464966966
\\ Jobs in machine 6
10
J57	14	8	18	24	2.2061858907694516
J58	14	5	65	70	0.5818390687750339
J59	14	14	69	14	0.40576389799504264
J60	14	7	84	121	1.7239843245408624
J61	14	14	36	45	1.6378368797715641
J62	15	10	54	121	0.5150715884966225
J63	15	11	51	61	1.0457933948329479
J64	15	11	86	41	1.4362387293424683
J65	15	13	16	130	1.4520086630879296
J66	14	6	51	2	0.9554885756755706
\\ Jobs in machine 7
9
J67	15	12	53	134	2.1200873114566168
J68	15	8	52	91	1.197248018462488
J69	16	2	7	21	2.1207932861722236
J70	14	9	46	111	1.0587795692417457
J71	15	8	7	90	1.7375087160928528
J72	14	11	8	126	1.2465696393040868
J73	15	13	16	43	0.9345712666297756
J74	14	12	109	89	1.7625028411686339
J75	15	4	42	40	0.701684375400687
\\ Jobs in machine 8
10
J76	13	8	74	124	1.1854982415222848
J77	15	14	11	113	1.7601616818714698
J78	15	14	34	139	1.3464489181592887
J79	15	3	51	96	1.3800740388783954
J80	13	2	22	59	0.9091316929967845
J81	14	4	48	122	0.8980140902699444
J82	16	5	75	65	2.184464167648991
J83	16	5	55	149	1.2301948182128923
J84	15	11	7	9	1.1860261791958837
J85	15	6	33	53	0.7780743839205606
\\ Jobs in machine 9
12
J86	13	13	99	5	1.0704815603671536
J87	13	4	21	61	0.5347261651688747
J88	14	2	62	58	1.2449086068701505
J89	14	10	37	39	0.4063787320706861
J90	15	1	59	15	1.1279783700867223
J91	15	1	84	49	1.3081160739491475
J92	15	14	55	127	0.9028101565860419
J93	15	11	16	19	0.6120437602266757
J94	15	4	59	62	1.644317353728706
J95	16	9	73	116	1.6045765201284756
J96	14	12	91	124	0.8528548019128968
J97	16	6	104	103	0.38911608633588346
\\ Jobs in machine 10
11
J98	15	11	3	64	1.7570148104643302
J99	15	4	44	16	1.5425037999863656
J100	14	11	72	7	1.536780690871795
J101	13	3	25	123	0.9036274672649478
J102	14	5	2	115	1.240264755032734
J103	14	6	93	91	1.8124073618919985
J104	16	3	61	61	1.3117842027267808
J105	15	13	46	33	1.5832187184046855
J106	15	8	32	93	0.8877259553268532
J107	16	11	105	95	1.1502516263187896
J108	16	13	36	49	1.2874109747574978
\\ Jobs in machine 11
11
J109	15	4	72	59	1.4465213851131982
J110	14	12	37	147	0.7963827929584498
J111	11	9	86	6	0.8066136708847794
J112	15	11	41	72	0.6955416491152372
J113	15	5	44	51	1.058102835666816
J114	17	7	69	8	1.42737207616834
J115	14	1	76	51	1.2204789127015168
J116	13	8	16	1	1.7265612179181622
J117	15	13	85	84	0.6108722841599451
J118	14	9	85	86	0.6769404487724475
J119	15	11	104	144	2.222038511444513
\\ Jobs in machine 12
12
J120	16	12	58	44	0.24326259650737925
J121	14	1	32	134	0.6524904007227681
J122	15	3	32	8	0.7754157842529135
J123	15	9	48	104	1.2957324757958273
J124	13	13	33	18	1.5240401609802872
J125	13	8	62	138	1.5168620107902449
J126	14	4	68	11	1.1944405487822514
J127	15	14	75	36	0.34413240951040835
J128	13	11	62	59	1.745844632511812
J129	14	8	53	114	1.6226922849419285
J130	16	3	4	133	1.920648654889928
J131	16	1	21	20	0.8744979075617891
\\ Jobs in machine 13
10
J132	13	11	23	130	0.8644549505810915
J133	14	10	65	68	1.3429365276519292
J134	14	6	26	7	1.502917301564522
J135	16	5	5	114	0.8427983816307203
J136	15	11	9	42	0.2595173176914406
J137	14	8	55	8	1.0340990682117062
J138	15	12	97	121	1.8393361957659113
J139	15	7	47	59	2.2656783051409635
J140	14	12	77	102	0.36133145705125547
J141	14	13	85	145	0.34399981825799564
\\ Jobs in machine 14
11
J142	14	4	94	43	0.9833265168961931
J143	14	5	9	57	0.4148779682533227
J144	16	10	26	148	1.3244878045321802
J145	16	8	4	21	1.981675708846053
J146	15	13	88	10	1.3280884210170592
J147	14	7	103	69	1.4535217918436196
J148	16	11	105	144	0.9770289251368901
J149	17	7	24	94	0.7222525271301838
J150	13	4	55	73	1.1601303336787951
J151	14	7	109	47	0.9295434801491587
J152	14	13	23	98	1.1877458434616315
\\ Jobs in machine 15
11
J153	15	13	35	90	0.6896502459260263
J154	14	9	75	92	1.5892413865026151
J155	15	3	78	147	1.0155931866366663
J156	16	5	101	33	0.3377020651819713
J157	13	4	20	34	1.5368077016979012
J158	13	2	85	125	2.1118006483734217
J159	16	5	9	7	1.3956923289033516
J160	15	12	58	7	1.2567901457249135
J161	14	8	103	93	1.6514893274314701
J162	14	10	14	1	1.704100907807992
J163	14	4	107	19	0.18947424808144842
\\ Jobs in machine 16
11
J164	15	8	36	114	1.004487541768543
J165	14	13	2	9	1.6781547743052774
J166	15	11	17	109	1.6617940579353991
J167	13	14	22	52	0.993302586047627
J168	16	5	83	137	0.9522328609580273
J169	14	6	45	130	1.0760338034199481
J170	15	1	85	43	2.7560103529056694
J171	17	6	18	37	1.9691335617048527
J172	14	8	57	146	1.0780355833232258
J173	17	1	32	31	0.3596994357105874
J174	13	12	7	123	1.725568345065816
\\ Jobs in machine 17
12
J175	15	13	42	142	1.2130344541204607
J176	14	4	49	114	1.2230328982991392
J177	17	6	57	45	1.7320224132361457
J178	15	6	22	131	1.2383271457657556
J179	14	7	73	109	1.3476505270528356
J180	16	11	26	119	1.3344898562998706
J181	14	11	59	80	0.5639256428309856
J182	14	1	61	141	1.5006541452849522
J183	17	14	84	2	1.533890674810959
J184	14	13	90	21	2.261325748015181
J185	13	5	18	76	0.9822975391298956
J186	15	3	104	135	1.5671397725476848
\\ Jobs in machine 18
10
J187	14	1	84	80	0.6900677467780941
J188	14	2	105	6	1.6504702505284452
J189	13	2	71	133	0.9785027336800076
J190	15	5	97	102	1.4178858979808076
J191	14	5	69	24	1.7107003414682223
J192	15	10	36	12	1.4348105161650533
J193	15	4	44	87	0.20755753873860838
J194	15	9	37	113	1.049408488427823
J195	13	4	45	23	1.0314002457239144
J196	14	4	98	66	1.0434806464416364
\\ Jobs in machine 19
10
J197	14	5	26	130	0.5145936431218663
J198	16	7	55	25	1.7556056366239994
J199	13	10	88	86	1.6576861759724142
J200	15	1	94	140	1.2241853086173724
J201	15	11	57	7	1.3292146133811993
J202	16	12	90	148	0.9913263154505902
J203	13	7	68	104	1.2029728982234296
J204	14	14	50	21	1.0277590096012466
J205	15	5	83	77	1.023507901263619
J206	15	3	39	38	0.4729329154026902
\\ Jobs in machine 20
10
J207	13	7	69	13	0.7799696632617926
J208	15	2	87	105	1.069841784006418
J209	14	5	13	119	0.8480981084490362
J210	16	11	38	68	2.227503300619043
J211	15	5	73	65	1.1863132755937773
J212	17	11	76	10	0.9911794230886052
J213	16	6	56	136	1.1963891470012824
J214	15	4	32	109	1.016892215508793
J215	16	12	110	69	1.0239350360453403
J216	14	11	9	80	1.677813495254574
\\ Dependencies 
437
1	7
1	10
2	4
2	6
2	7
2	10
2	11
3	4
3	11
4	5
4	6
4	7
4	9
4	10
5	7
5	9
6	10
7	8
7	9
7	10
8	9
8	11
9	10
12	13
12	17
12	21
13	15
13	19
13	20
14	15
14	18
14	21
15	17
15	18
16	17
16	18
16	19
16	21
17	18
17	20
17	21
18	20
18	21
19	21
22	23
22	24
22	25
22	26
22	29
22	30
23	25
23	26
23	30
24	25
24	26
24	29
24	30
24	31
24	32
25	27
26	27
26	28
26	30
26	33
27	28
27	31
27	32
27	33
28	31
28	32
29	30
29	31
30	31
30	32
30	33
31	33
32	33
34	35
34	37
34	40
34	42
35	37
35	39
36	37
36	40
36	41
37	39
37	42
37	44
38	41
39	41
39	42
39	45
40	42
40	43
40	45
44	45
46	47
46	49
46	52
46	53
47	48
47	50
47	52
47	54
48	49
48	50
48	51
48	56
49	54
53	54
53	55
54	56
55	56
57	58
57	60
57	62
57	63
57	64
57	66
58	61
58	62
58	63
58	64
58	66
59	60
59	61
59	65
61	65
62	63
62	65
63	64
64	66
67	68
68	70
68	71
68	73
68	74
69	70
69	71
69	72
69	73
70	73
71	72
71	73
72	73
76	80
76	81
76	85
77	78
77	80
77	81
77	82
77	83
78	83
78	84
79	80
79	82
79	84
79	85
80	81
80	82
81	83
82	83
82	84
83	84
86	88
86	89
86	91
86	92
86	96
86	97
87	92
87	93
87	97
88	93
88	97
89	90
89	92
89	93
89	95
89	97
90	91
90	94
91	95
91	96
91	97
92	93
92	95
92	96
92	97
93	96
95	96
98	100
98	101
98	102
98	104
98	105
98	106
98	108
99	101
99	102
99	103
99	105
99	106
100	101
100	104
100	107
100	108
101	103
101	104
101	106
102	104
102	105
102	106
102	108
103	104
103	108
104	105
104	106
104	108
105	107
105	108
106	107
109	110
109	114
109	116
109	118
109	119
110	111
110	113
110	114
110	117
111	113
111	115
111	118
112	113
112	115
112	117
113	115
114	115
114	116
115	116
116	119
120	123
120	124
120	126
120	127
120	128
120	130
121	122
122	129
122	130
123	125
123	126
123	127
123	128
124	125
124	130
125	127
125	129
125	130
126	127
126	128
128	129
130	131
132	133
132	134
132	136
132	137
132	139
133	138
133	141
134	138
134	139
134	140
134	141
135	136
135	139
135	140
135	141
136	137
136	140
136	141
137	140
138	139
138	141
140	141
142	143
142	146
142	147
142	148
142	150
142	151
142	152
143	146
143	147
143	150
143	151
144	146
144	148
144	149
144	152
145	149
145	150
146	148
146	149
147	148
147	151
147	152
148	149
148	152
149	150
149	151
150	152
151	152
153	154
153	156
153	157
153	160
154	159
155	158
155	159
155	160
155	161
156	157
156	158
156	161
157	160
157	163
158	160
158	161
159	160
159	161
159	163
160	161
160	162
160	163
161	163
164	166
164	167
164	171
165	167
165	171
166	170
167	174
168	169
169	171
169	173
169	174
171	173
171	174
173	174
175	176
175	178
175	180
175	181
175	184
175	185
175	186
176	178
176	180
176	185
176	186
177	180
177	182
177	183
177	184
177	185
177	186
178	181
178	182
178	185
179	182
179	183
180	181
180	183
180	186
181	186
182	183
182	185
182	186
183	184
184	185
184	186
185	186
187	188
187	189
187	192
187	196
188	190
188	191
188	192
188	193
188	196
189	190
189	192
189	193
190	194
190	195
191	192
192	193
192	194
195	196
197	199
197	200
197	201
197	204
198	201
198	202
199	200
199	201
199	203
200	202
200	203
200	205
202	204
203	204
204	205
204	206
205	206
207	212
207	215
207	216
208	211
208	213
208	214
208	215
209	213
209	215
209	216
210	216
212	214
212	215
213	215
213	216
214	216
