\\ machines
15
\\ max power
150
\\ Jobs in machine 1
10
J1	15	8	36	15	1.5737824571487642
J2	14	4	63	38	1.2159038737298984
J3	16	1	103	25	1.3451679431989285
J4	16	3	95	31	1.0445666977213262
J5	14	2	22	14	1.1863891926701902
J6	14	7	81	26	1.0218383939413227
J7	15	13	47	20	0.713864468261069
J8	14	14	41	18	1.321902478123637
J9	12	14	4	8	0.21197379971869657
J10	14	12	17	32	1.013685180183681
\\ Jobs in machine 2
11
J11	12	14	91	21	0.6340699976683306
J12	15	4	66	8	1.453424503001361
J13	14	2	74	24	1.3430360308003748
J14	14	11	16	26	0.7595315435178049
J15	15	7	106	13	1.940258646301238
J16	15	12	49	34	0.7325580869798541
J17	15	14	63	1	1.4151197945339855
J18	11	10	108	7	1.1258458199398522
J19	14	5	49	22	1.7313840168929726
J20	15	9	10	20	0.6558920086083585
J21	14	14	81	8	1.3381036874023828
\\ Jobs in machine 3
10
J22	14	9	82	15	2.292444220565317
J23	14	12	65	14	1.2693195414153406
J24	14	2	18	11	1.0206990687330648
J25	16	1	76	27	0.7236689784603112
J26	14	2	8	22	1.5240723668287193
J27	15	13	81	24	0.23850632359460022
J28	15	4	65	36	0.1
J29	15	13	14	13	1.4637324678776613
J30	15	14	47	31	2.2481083951752896
J31	14	13	47	22	1.085170064460663
\\ Jobs in machine 4
11
J32	14	6	14	31	0.9532751974367499
J33	14	8	71	4	1.2416908672407427
J34	15	5	97	34	0.8320632137284107
J35	15	14	8	32	1.1301319878974847
J36	15	4	56	25	0.6113590839131559
J37	15	12	67	19	1.8323644773471002
J38	12	12	49	36	1.5560612540579934
J39	13	9	80	35	1.7250710542124073
J40	14	14	12	35	1.0496111817552147
J41	14	7	82	1	1.7127072936808965
J42	15	10	31	5	0.8674814778038318
\\ Jobs in machine 5
10
J43	14	10	70	26	1.2624470887056114
J44	14	2	31	13	0.7624864807417489
J45	14	2	71	1	1.0336026638429947
J46	13	5	21	13	0.24030304974357486
J47	14	6	16	31	0.4601277569196822
J48	16	7	56	5	1.3413488133737956
J49	15	12	9	25	0.1
J50	14	3	95	32	1.086312724725772
J51	16	10	95	34	1.2093412099599612
J52	16	11	43	37	1.6137250722976328
\\ Jobs in machine 6
12
J53	15	6	12	5	1.7083776369276142
J54	15	5	82	12	1.8917608899477252
J55	13	12	29	24	1.7607814567292195
J56	16	1	49	3	0.270572580847262
J57	14	6	106	35	1.7437738155579234
J58	17	13	25	22	0.5397235348364641
J59	17	9	99	27	0.9400011234560715
J60	15	4	55	11	1.1254563322545768
J61	15	9	55	34	1.8016522862735918
J62	15	2	85	15	1.8229283581646791
J63	15	7	107	20	1.8259074012696275
J64	14	10	61	29	1.6544799586811434
\\ Jobs in machine 7
10
J65	15	6	10	37	1.290864599248843
J66	14	14	102	14	1.482993457519549
J67	14	9	34	15	1.5350680158457997
J68	15	5	39	12	0.1
J69	15	1	79	15	0.47787600970866906
J70	14	13	60	14	1.1789214700948394
J71	14	8	15	35	1.6321448224358321
J72	14	4	34	4	2.489365147617588
J73	14	13	67	19	1.3318097021886492
J74	16	4	39	19	0.37126141783581545
\\ Jobs in machine 8
12
J75	15	5	15	36	1.586977000754441
J76	14	4	97	27	0.3788284550840405
J77	13	7	5	15	1.329901113756261
J78	15	10	90	23	1.5173304954887954
J79	15	1	58	20	0.5373735355748869
J80	16	9	84	25	1.1332179001401805
J81	15	4	74	23	1.020094253497645
J82	15	1	107	9	1.9047718139923506
J83	16	2	94	20	1.5619749058963701
J84	14	10	31	15	1.4488132728579706
J85	16	9	99	3	1.3802691625240344
J86	15	11	90	7	1.506210627175519
\\ Jobs in machine 9
11
J87	15	5	81	19	0.7481839288398229
J88	15	8	26	22	1.1493087761721081
J89	14	12	109	2	1.67021767623242
J90	15	8	70	21	0.8364775446549583
J91	15	7	29	15	1.479430935483406
J92	14	2	62	27	1.4223649347039415
J93	14	9	32	38	1.5671420085435226
J94	14	7	96	18	1.539316441024645
J95	15	8	6	2	0.7614771341628286
J96	14	10	74	15	1.4097367479103413
J97	13	3	46	23	1.0575931196063413
\\ Jobs in machine 10
11
J98	14	13	83	15	1.022217143734503
J99	13	10	93	2	1.9424660106458878
J100	15	13	18	28	0.8341514722539891
J101	14	12	99	36	1.279681823374194
J102	16	7	95	23	0.7139814534224738
J103	16	9	64	6	1.9132599913799644
J104	14	14	24	34	1.0334700498753326
J105	14	12	29	6	0.7416451860091111
J106	15	10	44	34	1.7917499010657751
J107	16	10	37	36	0.6833410482128558
J108	15	5	72	30	1.3774093786677044
\\ Jobs in machine 11
12
J109	14	8	6	23	1.2066824041878697
J110	14	5	10	32	1.5236460504516052
J111	16	9	22	22	0.3959449264067413
J112	16	2	32	28	0.9320330462102824
J113	15	2	43	14	0.2933982051994195
J114	15	7	37	19	1.4030821794922024
J115	15	11	28	22	0.8415370075950667
J116	14	13	29	15	1.4513466797701242
J117	14	13	91	19	0.4560031724194926
J118	15	3	62	34	1.3612692106533448
J119	15	9	50	3	1.1295505293343857
J120	15	13	95	31	1.00835010251417
\\ Jobs in machine 12
12
J121	15	6	110	4	1.0571258229827312
J122	14	14	23	28	1.0315339275422808
J123	14	14	107	32	0.4084648395287894
J124	14	9	25	11	1.213257516699432
J125	14	9	65	15	2.4738093037824473
J126	14	8	57	16	2.0318794156201987
J127	15	7	21	10	0.9925356595608412
J128	17	12	35	22	0.9997494124844618
J129	13	12	67	6	1.682906155537898
J130	14	3	46	14	1.574912871257506
J131	13	11	6	30	1.1700980398534533
J132	14	9	9	9	0.9210826369467683
\\ Jobs in machine 13
11
J133	15	9	63	20	2.228976680251507
J134	15	3	58	33	1.2161925357340815
J135	15	2	101	13	0.9907343405389403
J136	15	14	74	9	2.084543592811197
J137	15	4	74	20	1.7902248903410425
J138	14	9	62	29	1.2795857708145375
J139	14	9	58	2	1.2293840919522543
J140	13	1	34	30	1.6019126654059468
J141	14	14	95	29	1.6147947154315758
J142	14	12	57	38	1.3735613634487676
J143	14	7	28	6	1.8850429852887705
\\ Jobs in machine 14
12
J144	15	9	44	2	0.6729892125713458
J145	16	14	83	29	0.1
J146	14	10	20	3	1.1907206662524341
J147	16	11	39	16	0.9893151423215903
J148	15	12	11	15	1.1222679376590476
J149	15	14	40	29	2.112685650894384
J150	14	13	67	24	0.7995487694612898
J151	15	13	34	20	2.3298522884762236
J152	13	12	5	22	1.8603862428250686
J153	16	13	8	20	1.3027752648545712
J154	14	7	55	31	0.7420766567784627
J155	16	10	79	31	1.4893993663620384
\\ Jobs in machine 15
10
J156	13	4	16	33	1.2508390871482589
J157	14	14	58	30	0.3188350424354186
J158	14	3	42	9	1.0867094735886744
J159	13	9	92	8	1.5774816063572912
J160	14	11	73	22	0.1
J161	14	4	26	33	1.043282227036141
J162	13	1	48	18	0.5011123470993973
J163	16	13	73	24	1.538791384605569
J164	14	7	110	14	1.4926365184980412
J165	15	14	12	4	1.0083114439603347
\\ Dependencies 
582
1	2
1	4
1	6
1	7
1	9
1	10
2	3
2	4
2	5
2	6
2	10
3	5
3	6
3	7
3	10
4	5
4	6
4	7
4	8
4	9
4	10
5	6
5	7
5	8
5	9
5	10
6	7
6	9
6	10
7	8
7	9
8	9
8	10
11	12
11	13
11	14
11	15
11	16
11	19
12	13
12	15
12	16
12	17
12	18
12	19
13	14
13	15
13	17
13	18
13	21
14	16
14	18
14	19
14	21
15	17
15	18
15	19
15	20
15	21
16	17
16	18
16	20
16	21
17	19
17	20
17	21
18	20
19	20
20	21
22	24
22	25
22	26
22	27
22	28
22	29
22	31
23	24
23	25
23	26
23	27
23	28
23	30
23	31
24	28
25	26
25	29
25	30
25	31
26	27
26	29
26	31
27	29
27	30
27	31
28	30
28	31
29	30
30	31
32	33
32	34
32	35
32	42
33	34
33	35
33	38
33	39
33	40
33	41
34	35
34	36
34	37
34	38
34	39
34	40
35	37
35	40
35	41
35	42
36	38
36	39
36	41
36	42
37	38
37	39
37	41
38	39
38	40
38	41
39	40
39	41
39	42
40	41
43	44
43	45
43	46
43	47
43	48
43	49
43	50
43	52
44	45
44	47
44	48
44	49
44	50
44	51
44	52
45	46
45	47
45	48
45	49
45	51
45	52
46	47
46	48
46	49
46	50
46	52
47	48
47	49
47	50
47	51
47	52
48	49
49	50
49	52
50	51
50	52
51	52
53	55
53	56
53	57
53	58
53	59
53	62
53	63
53	64
54	56
54	57
54	58
54	60
54	61
54	62
54	63
54	64
55	56
55	57
55	58
55	60
55	62
55	63
55	64
56	58
56	59
56	60
56	62
56	63
56	64
57	58
57	59
57	63
57	64
58	60
58	62
58	64
59	62
59	64
60	61
60	64
61	62
61	63
61	64
62	64
65	66
65	67
65	68
65	69
65	70
65	71
65	72
65	73
66	67
66	68
66	71
66	72
66	73
66	74
67	68
67	70
67	71
67	73
68	69
68	71
68	72
68	73
69	70
69	71
69	72
69	73
69	74
70	71
70	73
71	72
71	74
72	73
72	74
73	74
75	76
75	77
75	78
75	79
75	80
75	82
75	83
75	85
75	86
76	77
76	78
76	82
76	83
76	84
76	85
76	86
77	78
77	79
77	80
77	82
77	83
77	85
77	86
78	79
78	80
78	81
78	84
78	85
78	86
79	80
79	81
79	82
79	83
79	84
79	85
79	86
80	81
80	82
80	83
80	86
81	82
81	83
81	84
81	85
82	86
83	84
83	85
84	85
84	86
85	86
87	88
87	89
87	90
87	92
87	94
87	95
87	96
87	97
88	89
88	90
88	91
88	92
88	93
88	94
88	95
88	96
89	90
89	91
89	94
89	96
89	97
90	91
90	94
90	97
91	92
91	94
91	95
91	96
91	97
92	94
92	95
92	96
92	97
93	94
93	97
94	95
94	96
95	96
95	97
96	97
98	99
98	101
98	103
98	104
98	108
99	100
99	101
99	102
99	103
99	104
99	105
99	106
99	107
99	108
100	102
100	103
100	104
100	105
100	107
101	103
101	105
101	106
101	107
101	108
102	103
102	104
102	106
102	107
103	105
103	106
103	108
104	107
104	108
105	106
105	107
105	108
106	107
109	111
109	112
109	114
109	119
109	120
110	112
110	113
110	114
110	115
110	117
110	119
111	112
111	113
111	116
111	118
111	119
112	114
112	115
112	116
112	117
112	119
113	114
113	115
113	119
114	115
114	116
114	117
114	119
114	120
115	117
115	118
116	118
116	119
116	120
117	119
117	120
118	119
118	120
119	120
121	122
121	123
121	125
121	127
121	128
121	129
121	130
121	131
121	132
122	123
122	124
122	125
122	126
122	127
122	128
122	130
122	131
123	124
123	125
123	127
123	128
123	129
123	130
123	131
123	132
124	125
124	128
124	129
124	130
124	131
125	126
125	128
125	129
125	130
125	131
125	132
126	127
126	129
126	131
126	132
127	128
127	130
127	131
127	132
128	129
128	130
129	132
130	131
130	132
131	132
133	134
133	135
133	136
133	139
133	141
133	142
133	143
134	135
134	137
134	138
134	139
134	141
134	142
135	136
135	137
135	138
135	139
135	140
135	141
135	142
135	143
136	137
136	138
136	139
136	140
136	141
136	142
136	143
137	138
137	139
137	140
137	143
138	140
138	141
138	142
139	140
139	141
139	142
139	143
140	143
141	142
144	146
144	147
144	148
144	149
144	150
144	151
144	152
144	154
145	147
145	148
145	149
145	150
145	152
145	153
145	154
145	155
146	147
146	148
146	150
146	152
146	153
146	154
146	155
147	148
147	149
147	150
147	152
147	154
148	149
148	151
148	152
148	154
148	155
149	151
149	152
149	153
149	154
149	155
150	151
150	152
150	153
151	152
151	153
151	155
152	153
152	154
152	155
153	154
153	155
156	159
156	162
156	163
156	165
157	158
157	159
157	160
157	162
157	163
157	164
157	165
158	160
158	161
158	162
158	163
159	161
159	162
159	163
159	164
159	165
160	161
160	162
160	163
160	164
160	165
161	162
161	164
162	164
163	165
