\\ machines
9
\\ max power
90
\\ Jobs in machine 1
11
J1	14	10	94	10	1.6407746725115857
J2	14	4	100	21	1.2491129632082194
J3	14	13	52	17	1.3063884385221882
J4	14	11	13	22	1.3021873359379785
J5	15	1	25	15	1.6000132540074496
J6	15	1	3	12	1.3340269173642896
J7	15	10	57	21	2.0259385021521927
J8	15	11	77	5	1.1196631392999636
J9	15	10	100	15	1.069014494351996
J10	14	6	14	9	0.5062918860711995
J11	14	13	107	8	2.047618537175025
\\ Jobs in machine 2
11
J12	17	13	73	16	1.2163715193827287
J13	15	1	3	5	1.8514664800391984
J14	14	4	11	1	1.4688323953660638
J15	15	5	18	6	1.0148310943842447
J16	14	2	86	7	0.9179502122503871
J17	14	10	3	7	1.4736932568131178
J18	14	9	25	3	0.707969524593459
J19	15	1	59	10	0.6664675224542939
J20	16	13	46	7	1.3088192199149222
J21	13	8	68	8	1.0962903467434175
J22	13	13	34	2	1.6410628813084538
\\ Jobs in machine 3
10
J23	14	4	39	9	1.3626142054570258
J24	14	13	43	19	1.8834010331720967
J25	14	12	11	2	1.5796456780854207
J26	16	6	86	21	1.173749361668043
J27	13	2	98	10	1.8571289586069262
J28	14	1	44	3	1.2575399006966517
J29	13	5	84	14	0.1
J30	13	7	92	4	0.6123677943942848
J31	14	3	26	22	0.6416726351361295
J32	14	8	94	15	0.7566937996194516
\\ Jobs in machine 4
11
J33	16	8	105	23	1.6543912148869593
J34	15	12	47	12	1.1286196591460318
J35	14	1	99	9	0.5995520705894318
J36	15	11	99	2	1.1711417754480975
J37	14	8	90	11	0.5322217987904594
J38	16	10	101	13	0.9224822294292836
J39	16	7	2	3	1.8962464415655393
J40	14	1	83	18	2.641166087158247
J41	15	3	57	17	0.73869876653256
J42	15	7	70	22	2.302440901590902
J43	12	12	54	8	2.152838509977591
\\ Jobs in machine 5
10
J44	15	8	80	13	1.3761818625600373
J45	13	7	97	2	1.2502797936032508
J46	14	12	30	18	1.0172390220531533
J47	14	8	106	11	1.8422853916374107
J48	13	4	104	8	1.1553789617638517
J49	15	11	100	14	1.4775281249778445
J50	15	13	85	5	1.103317842861503
J51	15	6	55	17	1.487436285559179
J52	15	5	19	10	1.5799655397869146
J53	14	2	81	2	0.9670521212239631
\\ Jobs in machine 6
12
J54	15	6	72	1	1.5656427917663924
J55	15	13	56	20	0.1
J56	14	2	96	6	1.3183077944664534
J57	16	6	110	22	1.1388315401274756
J58	14	4	50	8	1.2651000272541038
J59	15	4	34	3	0.7520423578126967
J60	17	12	69	22	1.4041929033674216
J61	14	1	38	12	1.3168538399595295
J62	14	10	88	6	1.3077566724858238
J63	13	2	73	11	1.2377512668765251
J64	14	10	3	1	0.7802728531542864
J65	15	7	24	23	0.6957652769608236
\\ Jobs in machine 7
12
J66	15	3	7	17	1.1075756766128984
J67	13	12	80	3	0.8496150900770236
J68	14	12	42	11	1.2338793833426507
J69	17	9	44	20	0.23563938069957768
J70	15	7	105	23	0.9117354384015716
J71	15	3	99	5	0.9034628561736053
J72	14	12	41	9	0.9021563454648094
J73	15	14	15	3	0.5436756445346705
J74	14	13	52	2	0.6748256038462315
J75	14	12	90	20	1.256967577978509
J76	15	3	108	4	1.6069917637486193
J77	14	3	65	3	0.5545380672566537
\\ Jobs in machine 8
11
J78	15	3	36	4	1.3850418447947384
J79	14	1	102	9	1.1950454594878095
J80	14	1	6	21	1.7161302484929486
J81	15	4	72	9	1.324084706716013
J82	14	8	108	12	1.3518069422855776
J83	14	13	44	23	1.0824978006573576
J84	14	11	20	12	1.1819125757899853
J85	14	1	93	5	1.2364139508067342
J86	13	3	95	9	1.1159336581992936
J87	17	14	38	22	1.8878232352487228
J88	16	9	28	9	0.8841572022941531
\\ Jobs in machine 9
12
J89	14	3	95	9	1.6459830008178742
J90	14	8	89	3	1.467652517543834
J91	14	1	45	15	1.2018779609865153
J92	12	10	103	17	0.11972336324001875
J93	14	13	84	8	0.2184661096364422
J94	14	1	44	19	2.1809243618130347
J95	14	5	71	19	1.7653500320605096
J96	15	12	46	22	1.3878844853961625
J97	14	3	96	11	1.7872261127315885
J98	15	4	94	2	0.5192754798141145
J99	16	4	64	8	0.8051338977056315
J100	12	7	65	2	1.440539025578472
\\ Dependencies 
50
1	4
1	6
1	7
2	7
3	7
4	5
5	6
12	21
13	20
16	21
16	22
18	22
19	21
24	28
24	32
27	30
33	37
34	37
34	39
36	41
38	40
40	41
44	48
44	50
50	52
56	58
58	59
60	61
61	65
62	65
66	67
66	69
69	71
70	73
75	77
78	83
80	81
83	85
83	87
84	88
87	88
89	90
89	99
91	94
91	96
92	97
92	98
94	95
94	97
97	98
