\\ machines
7
\\ max power
70
\\ Jobs in machine 1
10
J1	14	2	95	26	0.13531248314208688
J2	15	14	89	26	0.8830003505722485
J3	14	7	44	36	1.4494662772870817
J4	15	1	90	51	2.0605264122348728
J5	14	3	68	5	0.4263090112380288
J6	15	9	21	21	1.9512867740116977
J7	16	2	106	49	2.1178783841831406
J8	14	14	91	4	0.8392888961911891
J9	13	9	96	19	1.5671988928561211
J10	15	4	91	35	0.6527045342921525
\\ Jobs in machine 2
12
J11	15	5	19	18	1.2826829155633193
J12	15	1	68	48	1.9172823302612518
J13	14	8	110	23	1.3973728540087065
J14	13	4	44	34	1.0404625356780497
J15	14	1	84	50	1.3305748091449938
J16	14	9	99	43	1.522816691588456
J17	14	14	12	47	1.9468087795255054
J18	15	11	18	38	0.9754145774830857
J19	11	9	98	6	1.6602389845061245
J20	14	13	4	27	0.9197335601225334
J21	16	3	14	10	1.2657027577162772
J22	15	14	36	52	1.858146631532677
\\ Jobs in machine 3
13
J23	15	7	31	4	1.6647691371381226
J24	14	2	110	5	1.423614047698379
J25	16	12	93	34	1.4121731112310199
J26	13	9	42	49	2.1399050687694716
J27	14	8	5	27	1.3970398575959961
J28	14	10	59	23	1.6622939896618163
J29	15	7	63	23	1.2592283266090198
J30	16	14	49	21	1.753067214960238
J31	14	7	31	35	0.8165242062218678
J32	16	8	103	18	2.0297632346188186
J33	14	10	26	34	0.7223934026410427
J34	15	2	25	30	0.5990377042691598
J35	15	10	15	36	1.6192077893950543
\\ Jobs in machine 4
12
J36	15	11	8	2	1.174615406898356
J37	15	11	28	19	1.4330658345163634
J38	16	1	24	10	1.3172884910743394
J39	14	7	107	7	0.41715226434639885
J40	14	3	48	30	0.7464516038590128
J41	16	9	19	27	0.9519237595774936
J42	12	11	84	7	1.5758932224375544
J43	17	6	90	44	0.46694619421900074
J44	14	4	94	25	0.7410670535887074
J45	12	5	73	23	2.4506713819359156
J46	13	5	14	36	1.5295009466091662
J47	15	5	82	27	1.1370246100406352
\\ Jobs in machine 5
12
J48	16	5	37	33	1.3114068958485439
J49	14	12	4	3	0.1
J50	15	3	2	46	0.9461682786330533
J51	15	8	92	12	1.561396751490657
J52	13	6	4	10	1.4098638982675684
J53	13	13	54	26	1.8104185143843416
J54	14	3	78	39	1.2905882032116816
J55	15	9	52	45	1.1278474514076542
J56	15	4	58	16	0.717481378901582
J57	14	14	51	45	0.12806877238344505
J58	13	14	40	23	0.7906389888842215
J59	15	3	104	22	1.851154309411005
\\ Jobs in machine 6
11
J60	14	10	25	8	1.3205576215484072
J61	14	5	17	14	1.1689906315205787
J62	14	4	40	14	0.7144401048918754
J63	15	14	30	32	2.138404199624909
J64	16	6	66	40	0.6510621850922117
J65	15	7	38	1	1.6105761077028975
J66	14	4	101	37	1.7900232438263648
J67	14	7	41	25	1.4274632275048085
J68	14	11	57	42	0.8676428769694121
J69	15	9	105	7	0.37457681381157026
J70	13	12	63	20	1.3021365173779516
\\ Jobs in machine 7
11
J71	15	7	39	9	0.6575710383918528
J72	15	12	96	37	1.6782481340466093
J73	15	1	36	39	1.3076418091775774
J74	14	12	13	13	1.3334084161139308
J75	13	9	19	4	1.3599636741323515
J76	13	3	90	49	1.0816615041892899
J77	17	13	49	9	1.321971573167913
J78	13	9	103	15	1.0010131925599586
J79	14	1	5	17	1.384936849756227
J80	14	2	96	1	0.8642055905818238
J81	16	9	27	7	1.0080783686919736
\\ Dependencies 
300
1	4
1	5
1	7
1	8
1	10
2	4
2	5
2	7
2	8
2	9
2	10
3	8
3	9
3	10
4	5
4	7
4	8
4	9
4	10
5	6
5	7
5	8
5	9
5	10
6	7
6	9
6	10
7	8
7	9
7	10
8	9
8	10
9	10
11	12
11	13
11	15
11	16
11	17
11	18
11	19
11	20
11	21
11	22
12	13
12	14
12	15
12	16
12	17
12	18
12	20
12	21
12	22
13	15
13	16
13	18
13	19
13	20
13	21
13	22
14	15
14	16
14	17
14	18
14	21
14	22
15	16
15	17
15	18
15	19
15	21
16	18
16	19
16	20
16	21
16	22
17	18
17	19
17	20
17	21
18	19
18	21
18	22
19	20
19	21
19	22
20	21
21	22
23	24
23	25
23	26
23	27
23	28
23	29
23	30
23	31
23	32
23	33
23	35
24	25
24	26
24	27
24	28
24	32
24	33
24	34
25	26
25	27
25	30
25	32
25	34
26	28
26	30
26	32
26	33
26	34
27	28
27	29
27	30
27	31
27	33
27	34
28	30
28	32
28	33
29	31
29	32
29	33
29	34
30	31
30	32
30	35
31	32
31	33
31	34
32	33
32	35
33	34
33	35
34	35
36	38
36	39
36	40
36	41
36	42
36	43
36	44
36	46
36	47
37	38
37	39
37	40
37	41
37	43
37	44
37	46
37	47
38	40
38	41
38	42
38	44
38	45
38	46
38	47
39	40
39	42
39	44
39	45
40	41
40	44
40	46
41	42
41	43
41	44
41	46
42	46
42	47
43	45
44	45
44	46
44	47
45	46
45	47
46	47
48	49
48	51
48	52
48	53
48	54
48	55
48	56
48	57
49	50
49	53
49	54
49	55
49	56
49	59
50	51
50	52
50	53
50	54
50	56
50	57
50	58
50	59
51	52
51	53
51	56
51	57
51	58
51	59
52	53
52	55
52	56
52	57
53	54
53	55
53	57
53	58
53	59
54	55
54	56
54	57
54	58
54	59
55	56
55	59
56	57
56	59
57	58
57	59
58	59
60	61
60	62
60	63
60	67
60	68
60	69
60	70
61	63
61	64
61	65
61	67
61	69
62	63
62	64
62	66
62	68
63	64
63	66
63	67
63	68
63	70
64	67
64	70
65	66
65	67
65	69
65	70
66	67
66	69
66	70
67	68
67	69
68	70
69	70
71	72
71	73
71	74
71	75
71	77
71	79
71	80
72	75
72	77
72	79
72	80
72	81
73	75
73	76
73	77
73	78
73	80
74	75
74	78
74	79
74	80
74	81
75	77
75	78
75	80
76	79
76	80
76	81
77	79
77	80
77	81
78	81
79	81
80	81
