\\ machines
25
\\ max power
250
\\ Jobs in machine 1
12
J1	15	13	79	75	1.1995540869040011
J2	14	6	94	59	0.6416437576759787
J3	14	10	31	20	1.7926113715728778
J4	15	8	40	57	2.389370930339607
J5	16	4	94	74	1.7712356754933838
J6	16	14	103	49	0.6436326022668648
J7	16	8	102	119	0.9977120088338333
J8	15	1	58	34	1.5521039109363453
J9	15	14	101	78	1.3684499847520666
J10	14	1	69	3	1.1228582338270054
J11	15	4	6	15	1.0117973442430854
J12	14	2	5	20	0.5415272923540677
\\ Jobs in machine 2
9
J13	14	9	19	121	1.0664228181071405
J14	14	14	85	99	2.2766072272284656
J15	15	3	40	30	1.180788939824822
J16	13	1	69	19	1.1927615958757023
J17	15	5	17	101	1.4031589879459545
J18	14	10	4	17	0.8094373293026309
J19	15	11	26	46	1.5045152626790161
J20	16	1	99	60	1.2955116900044281
J21	12	5	61	95	1.5320032901403584
\\ Jobs in machine 3
11
J22	15	14	64	59	1.6051977310574401
J23	13	7	57	18	0.8379986891292666
J24	13	13	110	117	0.39759804438905866
J25	14	11	4	122	0.5528193192659284
J26	14	1	15	96	1.2576622993210855
J27	14	5	65	106	1.5429385446599615
J28	14	3	81	116	0.5837647137233326
J29	16	6	58	65	1.5607892840123383
J30	13	13	47	94	1.4481719717879176
J31	14	13	67	9	0.22986917605137458
J32	15	6	21	40	0.9354152970929149
\\ Jobs in machine 4
11
J33	14	13	40	58	1.4031410721561821
J34	14	6	67	21	1.701638861992358
J35	14	13	34	82	1.9094933180139122
J36	14	9	109	37	1.519138458603835
J37	14	3	34	30	0.36619438656205017
J38	15	7	46	97	1.0667326418954466
J39	15	3	21	115	1.6135162857378895
J40	15	13	59	57	1.0846819248377773
J41	15	10	51	14	0.7738579542766377
J42	16	1	9	70	0.5068072739887947
J43	14	14	75	18	0.1
\\ Jobs in machine 5
9
J44	15	12	74	19	1.568171474508651
J45	18	11	22	55	0.8094137288998284
J46	16	3	23	121	0.873297165861554
J47	16	4	68	81	0.5875290677065402
J48	15	7	13	21	1.600413706206577
J49	11	5	57	3	1.3242493491276306
J50	15	8	55	34	0.4353375193433425
J51	14	11	82	4	1.3078013919517095
J52	15	11	66	87	1.3544134900399556
\\ Jobs in machine 6
10
J53	15	13	2	114	0.9860456348739524
J54	15	5	101	103	1.4654351244947263
J55	13	7	21	71	1.3048408467209183
J56	15	1	91	73	2.237680500766978
J57	14	3	26	2	1.8372977480582473
J58	13	8	110	119	0.8362143721862599
J59	13	13	29	11	1.0847332911730747
J60	15	13	78	49	2.2247954324346817
J61	14	10	22	16	2.120117924298204
J62	13	7	58	34	2.2439270089274483
\\ Jobs in machine 7
10
J63	14	12	77	125	1.444938228950182
J64	14	14	59	40	1.4861757107663172
J65	15	9	63	117	1.3704481277519567
J66	14	7	85	124	1.289688188770091
J67	16	11	81	43	0.1
J68	14	3	26	121	1.6973443562007453
J69	15	1	47	3	0.531741802721839
J70	15	5	7	76	0.4079014601283245
J71	14	4	60	124	0.5676119827625226
J72	12	2	4	105	1.0527519578648674
\\ Jobs in machine 8
11
J73	16	5	109	10	0.9577384027845304
J74	15	7	34	23	1.4005993714503946
J75	14	3	95	87	1.4055089281183355
J76	14	5	28	50	1.5017359814911937
J77	15	4	53	107	1.8681179539949233
J78	15	13	34	39	1.988221114307257
J79	13	4	24	68	0.9603654814392248
J80	14	1	80	11	1.9367722536208007
J81	15	9	48	23	0.42678686547060307
J82	16	8	80	18	1.6963762694974727
J83	17	8	3	114	0.8233202335858232
\\ Jobs in machine 9
11
J84	16	2	17	58	0.9854642625277991
J85	14	10	31	41	1.3377871970303494
J86	16	10	95	12	1.6042422689974891
J87	13	1	76	92	1.65712621100534
J88	14	13	44	114	1.658198035790882
J89	14	13	44	53	1.0627062978171493
J90	15	2	88	67	0.9112592928352621
J91	16	12	61	35	1.24243736685464
J92	14	4	38	22	1.1924804313083466
J93	15	8	38	32	1.1549447660857584
J94	14	8	109	21	0.8503339306405283
\\ Jobs in machine 10
10
J95	14	11	90	33	0.8558311124263767
J96	13	7	95	52	2.365756549199949
J97	14	5	84	32	1.7399386679441644
J98	13	6	98	83	0.8627597424295911
J99	13	12	46	13	1.8806856335138724
J100	15	12	86	64	0.2635994949234134
J101	14	2	69	73	1.007258660445189
J102	14	8	66	99	1.0123597294422344
J103	12	2	82	46	1.0186475385596316
J104	15	12	96	48	0.9092060185268397
\\ Jobs in machine 11
11
J105	14	5	11	3	1.3227566187841866
J106	15	12	88	114	0.9797708548468268
J107	14	4	70	77	1.6176693162297944
J108	13	11	26	2	1.405590317440566
J109	17	12	39	36	1.5155161810751774
J110	14	11	44	83	1.194313346350783
J111	15	10	103	102	1.589739650054271
J112	13	12	21	63	1.7019247903680639
J113	16	4	17	123	0.5981585321978005
J114	14	9	37	14	1.4040082421341782
J115	14	3	21	115	0.49921506938773796
\\ Jobs in machine 12
12
J116	15	9	87	123	1.581449019173704
J117	15	5	5	4	1.4899852472340402
J118	12	10	91	98	0.5473307762043199
J119	14	10	8	95	0.3857141826777448
J120	15	11	100	88	0.3704574513603349
J121	13	4	12	103	1.0391937801062514
J122	15	7	96	56	0.6794424717361542
J123	13	2	35	53	2.0118357517999836
J124	15	13	29	124	0.9607553547594021
J125	13	3	10	125	0.9178219124177001
J126	15	7	86	18	1.4149614016837688
J127	14	1	41	43	0.5641746935790504
\\ Jobs in machine 13
12
J128	16	11	38	60	1.7047832351294394
J129	15	12	69	68	0.1
J130	15	13	33	33	0.6295717751579027
J131	15	8	94	45	1.6425305874755969
J132	15	9	46	125	1.4600211063228943
J133	16	11	108	110	1.8238937743742385
J134	16	10	13	116	1.2698780796707172
J135	16	1	23	109	1.071472141786708
J136	14	4	26	90	1.6702242470321902
J137	12	1	53	95	1.6471161317795875
J138	14	12	15	47	1.5753506564249742
J139	13	2	54	75	1.6231389661619318
\\ Jobs in machine 14
11
J140	15	11	2	63	0.9188109759785467
J141	17	9	33	87	0.1
J142	14	4	60	39	1.1947317480987265
J143	12	2	73	18	0.5476275132883807
J144	13	12	13	76	0.8604404206004985
J145	13	8	88	3	1.0670747857533758
J146	15	2	35	97	0.774656978107036
J147	14	10	108	85	0.709283864458373
J148	13	7	106	88	0.3757501485952164
J149	14	13	5	115	0.4880505183351048
J150	14	12	43	77	1.9968039641060877
\\ Jobs in machine 15
10
J151	15	6	43	121	0.9039550762498534
J152	13	11	92	64	1.5147705199656771
J153	16	1	96	119	1.188998962872671
J154	13	1	91	36	2.432617913148529
J155	14	11	90	89	1.1876348221349238
J156	15	6	70	110	1.5594099846646239
J157	14	13	74	29	1.2708862722173162
J158	16	11	63	78	1.5126863868442122
J159	14	1	46	36	2.5414373516833297
J160	15	14	83	76	0.7290656807944955
\\ Jobs in machine 16
12
J161	13	14	72	82	2.2115060794532426
J162	13	8	45	101	1.791285466473226
J163	15	12	36	76	1.037263983077097
J164	14	4	40	77	0.8840640105558666
J165	14	8	35	75	1.3181525840612893
J166	14	13	88	90	1.2481174835585636
J167	15	7	19	78	0.8133586799535972
J168	15	7	110	122	1.489334859503326
J169	14	5	105	116	2.03646749086351
J170	15	8	60	85	1.0869903043882554
J171	14	4	50	79	1.2670178934740703
J172	15	7	2	67	0.9003983264345761
\\ Jobs in machine 17
9
J173	15	12	102	21	1.2766659184698748
J174	15	8	34	103	0.8345058941858547
J175	16	3	29	125	0.8437958285572756
J176	13	9	85	108	0.5371047200984788
J177	16	1	45	74	1.8595416739129238
J178	15	8	14	82	1.619416067783789
J179	16	9	8	54	1.7814810358840907
J180	16	1	34	51	1.1762755374488072
J181	13	12	59	35	0.6724410808218075
\\ Jobs in machine 18
13
J182	15	8	49	44	1.5376906830342876
J183	14	13	109	16	0.8424712921701354
J184	14	9	21	120	2.211606219047976
J185	14	3	55	115	0.8711526502115018
J186	15	2	88	30	0.7040209601083001
J187	14	5	65	117	1.118511704589443
J188	15	1	64	92	1.3205901223235166
J189	16	7	84	71	1.0931589996331572
J190	15	8	22	76	1.4790710693100892
J191	14	4	19	86	2.055418481455054
J192	13	6	20	14	1.209324433672608
J193	14	3	31	55	1.0004825496467313
J194	15	13	76	54	0.9340956227726651
\\ Jobs in machine 19
10
J195	14	14	105	53	0.8765521064944081
J196	13	10	22	8	0.5526626577641474
J197	14	8	93	89	0.7225558345045202
J198	14	8	69	75	0.7643871741916289
J199	13	4	93	89	1.9561042342564074
J200	14	10	12	40	0.8415392893635032
J201	15	13	37	3	1.0900247780044603
J202	15	7	6	124	0.7989830163357248
J203	15	4	41	123	1.0159213769200064
J204	14	5	29	122	1.7410407070788194
\\ Jobs in machine 20
11
J205	15	14	45	35	1.3330670456752092
J206	14	13	21	110	1.5967304259397135
J207	13	13	72	46	1.3209664432067627
J208	15	8	48	57	1.464333813133413
J209	15	6	61	7	1.201425020827302
J210	12	11	55	85	1.6257128731485622
J211	14	14	14	99	1.2003226750559297
J212	14	2	6	91	1.0685069289385853
J213	15	6	59	35	0.9254888669724926
J214	14	7	84	48	1.3677528651205673
J215	16	7	67	106	0.9278969885569739
\\ Jobs in machine 21
11
J216	15	13	99	92	1.601930107636651
J217	13	7	105	82	1.1153242838221478
J218	18	4	42	87	1.5854144448019505
J219	15	11	99	15	0.8488252420515519
J220	16	12	14	90	1.3575174911002668
J221	15	13	64	107	1.133166561703538
J222	14	8	50	1	0.6320889770873671
J223	13	14	83	84	1.402406626993154
J224	16	4	86	118	1.2503559588226387
J225	14	1	49	43	0.7335838981885119
J226	15	14	50	115	1.754970966964422
\\ Jobs in machine 22
10
J227	15	14	26	64	1.2210841015563725
J228	14	12	103	35	0.4974157897704541
J229	14	8	55	59	1.002670117137453
J230	17	14	99	13	0.37940864781319894
J231	15	12	49	74	0.8718805126514144
J232	14	14	6	65	1.2567948249564698
J233	14	4	32	78	1.395693142929835
J234	14	1	24	18	1.0455075573273072
J235	14	12	68	25	2.2481142464953408
J236	15	14	109	103	0.6314409823920509
\\ Jobs in machine 23
10
J237	13	11	42	119	1.1875346928066868
J238	14	1	20	15	1.1881665142555629
J239	15	11	2	87	1.6258248537973368
J240	15	3	31	26	1.9034656098619789
J241	15	2	44	27	0.5966700185040279
J242	14	11	45	24	1.7368592846058937
J243	15	1	31	120	0.49582999704287767
J244	16	14	14	115	2.128470262091056
J245	14	13	59	88	1.510904576278484
J246	13	13	38	5	1.722712757562464
\\ Jobs in machine 24
8
J247	14	2	29	59	1.2630205726018595
J248	16	10	48	37	0.6418702171082306
J249	15	13	104	90	0.6195877191277985
J250	15	2	63	31	1.6992186061211267
J251	14	11	2	58	1.2285492561085738
J252	16	14	17	3	0.4840583355901198
J253	15	13	108	70	0.5353227495509326
J254	16	11	3	58	1.276824680076797
\\ Jobs in machine 25
10
J255	15	5	105	13	1.2925000687810533
J256	15	6	57	4	1.924043520213663
J257	14	9	3	1	0.9324607115580048
J258	14	8	17	36	1.8336217263645658
J259	14	2	66	124	1.7389497522073991
J260	15	13	52	119	2.2779974360099873
J261	15	6	106	73	0.7606368233893277
J262	13	9	60	26	0.41722884621508705
J263	15	8	84	90	1.2779341081147162
J264	15	5	63	111	1.3387291730015047
\\ Dependencies 
248
1	7
1	8
1	11
2	11
3	4
3	8
3	12
4	10
4	11
4	12
5	6
5	7
6	7
6	8
6	12
8	10
9	12
10	11
13	18
13	19
14	17
14	18
15	16
15	18
17	19
18	20
20	21
22	23
23	25
23	27
23	29
23	32
24	26
24	29
24	30
25	26
26	28
28	29
28	32
30	32
31	32
34	38
35	43
36	37
36	39
36	43
37	40
38	42
38	43
39	40
39	42
39	43
44	47
44	48
44	49
44	50
46	50
47	52
48	49
48	50
53	55
53	57
53	58
53	59
53	60
54	55
55	56
55	58
55	60
56	59
59	62
60	61
60	62
63	64
64	72
65	66
65	70
66	67
68	72
73	78
74	75
74	80
75	76
75	79
76	82
78	80
78	82
79	81
84	89
84	90
84	93
86	92
87	90
88	89
89	92
91	92
97	100
98	99
98	103
100	103
100	104
105	115
106	115
108	109
108	111
108	112
108	114
109	110
109	111
109	115
110	112
110	115
111	113
116	117
116	119
116	126
118	120
118	122
118	123
119	127
120	124
120	126
120	127
121	122
122	123
122	125
125	126
126	127
128	134
130	131
130	134
130	135
132	136
133	134
133	135
133	136
134	136
134	139
137	138
141	146
142	143
142	148
142	150
143	147
144	145
146	149
151	152
151	159
154	155
154	158
154	160
156	159
156	160
161	162
161	166
161	168
161	169
162	165
162	172
165	169
166	167
166	169
167	170
167	172
169	172
175	176
175	177
176	179
177	178
182	184
182	192
182	194
183	187
183	192
184	192
184	193
185	186
185	189
185	193
187	189
187	191
189	190
190	191
192	194
195	197
195	202
197	202
199	202
201	204
202	204
205	207
205	209
205	214
206	208
207	212
207	213
208	210
208	211
208	213
208	214
209	210
209	214
209	215
211	213
213	215
216	221
216	223
216	225
217	220
217	222
217	224
220	223
220	226
222	225
222	226
223	226
227	228
227	234
227	236
228	236
229	235
230	231
231	235
232	233
232	234
237	238
237	240
237	241
238	245
239	241
239	243
240	244
240	246
241	245
242	244
243	244
243	246
247	252
247	254
250	251
253	254
255	256
256	257
256	260
257	258
257	263
260	264
262	264
