\\ machines
6
\\ max power
60
\\ Jobs in machine 1
10
J1	16	11	45	23	0.9809173636482883
J2	14	11	47	45	1.5173219415474049
J3	15	3	7	17	1.6658690676664345
J4	15	11	82	26	0.13219568098026024
J5	14	13	82	4	0.7534499534596982
J6	12	6	89	29	0.7423576080572096
J7	12	1	77	41	1.3990786244639213
J8	16	14	53	20	1.2496353918519871
J9	15	13	21	7	1.8260791617349796
J10	16	11	85	20	0.7042005197862224
\\ Jobs in machine 2
13
J11	14	14	72	9	1.8634662953343863
J12	16	6	45	11	1.122108145862808
J13	14	2	17	9	0.9344262395849496
J14	12	11	11	1	1.4407193409268646
J15	14	8	65	39	1.844489055521468
J16	15	9	16	26	1.8749377038104609
J17	14	1	49	25	1.40710794628374
J18	13	5	78	31	0.8299864834767761
J19	16	9	82	12	0.6596557675455658
J20	13	14	99	34	0.8229615485401552
J21	14	12	17	21	1.7027783345062
J22	14	2	49	42	0.9987723241600133
J23	16	13	54	18	1.3868396920150918
\\ Jobs in machine 3
11
J24	14	11	45	41	0.6047651996000754
J25	14	13	65	2	1.4803171325446978
J26	15	14	107	26	1.8886033521911887
J27	13	11	53	24	1.3545500315671306
J28	15	10	92	40	1.9786578957550085
J29	14	9	79	45	1.2914571546850175
J30	13	13	48	31	1.3231679658231623
J31	16	6	30	43	1.608790787872372
J32	16	11	62	24	1.0243191361072927
J33	15	1	41	7	1.8559375083849516
J34	14	4	78	26	1.620039571072612
\\ Jobs in machine 4
13
J35	15	13	56	17	0.7428345864300039
J36	15	1	95	44	1.2546828820975267
J37	13	7	23	13	1.5319603719020836
J38	12	1	66	27	1.4703117445571372
J39	16	8	68	1	1.456098417930218
J40	15	4	60	27	1.8080483703998647
J41	17	6	104	35	1.8126734284920925
J42	15	12	49	19	2.193865217487243
J43	15	7	30	4	1.4698914530651674
J44	15	5	110	32	0.603087160251005
J45	15	9	22	11	1.8598038566580959
J46	15	7	29	43	1.8088795344172377
J47	13	7	67	6	1.3155339005611533
\\ Jobs in machine 5
11
J48	15	14	15	24	1.3877902372837767
J49	17	6	62	21	1.3561966953343536
J50	15	10	22	34	1.7376343504692096
J51	15	7	44	5	1.4185047593845577
J52	15	11	28	10	1.6293821879463692
J53	16	6	26	13	1.0399312615862735
J54	15	2	107	29	1.6509720123914515
J55	16	4	106	37	0.8842649128672908
J56	15	1	16	7	1.7183023248634268
J57	14	14	75	30	1.5451559211378851
J58	13	7	43	1	1.5982087774602858
\\ Jobs in machine 6
13
J59	15	9	76	30	0.9641144249156196
J60	15	5	11	29	0.1
J61	15	1	4	39	1.0037556577509017
J62	12	10	63	5	0.5504318087669818
J63	13	13	95	24	2.134984890706019
J64	15	10	9	21	0.8119176591449928
J65	14	13	20	7	0.9852753353372182
J66	15	12	52	17	1.2394473028852149
J67	15	13	14	26	1.1995084981035398
J68	16	6	8	42	0.1
J69	15	7	95	11	1.455815944664871
J70	12	8	21	15	2.0511333540719914
J71	13	12	23	21	0.7079851514858586
\\ Dependencies 
260
1	2
1	3
1	7
1	9
2	4
2	5
2	6
2	8
2	10
3	4
3	6
3	7
3	9
3	10
4	5
4	7
4	8
4	9
5	6
5	9
5	10
6	9
6	10
7	8
7	10
8	9
8	10
9	10
11	14
11	15
11	16
11	19
11	20
11	23
12	13
12	16
12	18
12	19
12	20
12	22
12	23
13	14
13	15
13	18
13	19
13	20
13	21
13	22
14	15
14	18
14	19
14	21
14	22
15	16
15	17
15	18
15	20
15	21
16	17
16	18
16	19
16	20
16	21
16	22
16	23
17	18
17	19
17	22
18	19
18	21
18	22
19	20
19	22
19	23
20	22
20	23
21	22
21	23
24	25
24	26
24	27
24	29
24	30
24	31
24	32
24	33
24	34
25	26
25	27
25	28
25	31
26	27
26	28
26	29
26	30
26	31
26	32
26	33
26	34
27	28
27	29
27	30
27	31
27	32
27	34
28	29
28	30
28	31
28	33
28	34
29	31
29	32
30	31
30	32
30	33
30	34
31	32
31	33
31	34
32	33
33	34
35	36
35	37
35	38
35	39
35	40
35	41
35	43
35	44
35	45
35	47
36	40
36	41
36	43
36	44
36	46
36	47
37	38
37	39
37	41
37	42
37	45
37	47
38	40
38	41
38	42
38	45
39	40
39	42
39	44
39	45
39	46
39	47
40	42
40	45
40	46
40	47
41	42
41	43
41	44
41	45
41	46
41	47
42	44
42	45
42	46
43	44
43	45
43	46
44	45
45	47
48	49
48	50
48	51
48	52
48	53
48	54
48	58
49	50
49	52
49	56
49	57
50	51
50	52
50	53
50	55
50	56
50	57
50	58
51	52
51	55
51	56
51	58
52	53
52	56
53	54
53	55
53	56
53	58
54	57
54	58
55	56
55	57
55	58
56	57
56	58
57	58
59	62
59	63
59	65
59	67
59	69
59	70
59	71
60	62
60	64
60	66
60	67
60	68
60	69
61	62
61	64
61	65
61	66
61	68
61	69
61	70
62	63
62	64
62	65
62	66
62	67
62	68
62	69
62	70
62	71
63	65
63	67
63	69
63	70
63	71
64	65
64	66
64	70
65	66
65	68
65	69
65	70
65	71
66	67
66	68
66	70
66	71
67	68
67	70
67	71
68	69
68	71
69	70
69	71
