\\ machines
18
\\ max power
180
\\ Jobs in machine 1
11
J1	15	13	73	129	1.8813508787739688
J2	14	7	85	34	0.9572122691745932
J3	15	7	109	84	2.063831763195899
J4	15	12	20	100	1.7355800954991567
J5	13	3	98	87	1.3675628625654712
J6	15	4	28	90	1.376934124283185
J7	15	8	62	106	0.9285586192517729
J8	14	8	64	111	1.4153741741336017
J9	14	12	102	127	1.1806230582569548
J10	15	4	71	67	1.1425891305832554
J11	16	5	52	129	1.3430137847691526
\\ Jobs in machine 2
13
J12	16	5	16	134	0.8202365580844968
J13	13	7	50	54	0.6941157340935057
J14	14	5	99	39	1.3131522909793931
J15	16	1	34	107	0.8591727955188515
J16	13	13	72	81	0.9803829676005846
J17	14	3	46	107	2.429353538174607
J18	15	3	79	122	0.9599456906431293
J19	14	1	61	34	1.6209242971647946
J20	17	6	101	2	0.9814501293235985
J21	14	14	47	71	1.5459927655828125
J22	15	8	73	24	1.6911524681915377
J23	13	3	92	14	1.3447464787788128
J24	14	8	74	84	1.063815711814186
\\ Jobs in machine 3
11
J25	15	14	106	4	1.410293201394151
J26	15	13	33	105	0.7620139269534651
J27	15	4	106	28	1.0059470602142815
J28	15	10	72	97	1.1027082279095606
J29	15	7	90	133	1.0893808155729243
J30	13	11	84	127	0.5113294608883611
J31	16	9	86	114	1.1820214132905655
J32	16	8	109	22	0.8654130437247605
J33	14	12	72	45	1.05919900125598
J34	15	10	4	90	1.0882847868067984
J35	13	12	54	93	1.3971539728665217
\\ Jobs in machine 4
13
J36	15	6	109	56	1.1340337964183718
J37	13	1	27	63	0.7368841125422458
J38	14	2	66	35	0.8015020842285738
J39	15	9	96	87	1.7246315957640423
J40	14	7	109	72	1.2036365331338015
J41	14	12	24	66	1.600553993638347
J42	15	8	6	135	1.1895910397462988
J43	14	11	54	72	0.6803569063529258
J44	15	10	87	77	1.5333293571723374
J45	17	4	18	108	1.4160730726265358
J46	15	1	47	6	1.4516286541696044
J47	14	4	75	61	0.513723699170207
J48	15	7	13	17	0.7116286435102808
\\ Jobs in machine 5
11
J49	16	14	8	9	1.8466242455939588
J50	14	6	92	127	0.37704971880080584
J51	13	1	37	13	1.153683843347439
J52	17	7	66	70	0.701353694288569
J53	16	11	104	113	1.6157361048054382
J54	14	7	103	55	2.0970397142670167
J55	14	3	88	115	1.9613308588682434
J56	16	7	44	78	1.1777576183020526
J57	15	3	52	84	2.2009166125173842
J58	15	9	7	24	0.3244263645982324
J59	14	14	63	42	1.9280963312259096
\\ Jobs in machine 6
12
J60	16	2	8	123	0.6853448528573893
J61	16	9	71	106	1.5048199606488537
J62	14	6	2	97	1.6315649211051886
J63	14	3	96	24	1.589250228424797
J64	14	1	22	64	0.9543577910756464
J65	15	1	57	111	0.5272695394965892
J66	15	4	33	50	0.8611292511409665
J67	15	12	103	92	1.2896228458832426
J68	15	14	73	1	1.9151145263822638
J69	15	4	4	26	0.8907847686194104
J70	15	10	85	51	0.7501222880529971
J71	16	13	55	3	1.1211457990294549
\\ Jobs in machine 7
10
J72	16	5	25	74	1.9378023054642366
J73	14	1	92	75	0.33684302577940317
J74	13	7	52	72	0.7345446665935182
J75	14	6	5	128	1.1646472517241175
J76	14	5	54	22	0.9606972988507068
J77	15	14	79	77	0.9526269301424133
J78	14	11	88	78	0.24272050005312285
J79	14	1	98	61	0.6024254053819815
J80	15	14	64	93	1.178322666445941
J81	16	9	98	32	1.8098579924778986
\\ Jobs in machine 8
12
J82	14	4	9	22	0.6428039148696
J83	14	10	36	36	0.6326561398728474
J84	15	10	51	75	0.38824500647004234
J85	15	8	31	102	1.0406738955865378
J86	15	12	4	94	1.0197884425236108
J87	15	3	87	104	1.5486614710820712
J88	16	8	103	101	1.868338399919621
J89	14	1	69	122	0.4802259283082838
J90	14	7	104	61	0.4317626847629329
J91	14	12	108	7	0.5891739423550799
J92	14	5	26	19	1.3210709545929187
J93	15	8	30	110	0.9094193001534205
\\ Jobs in machine 9
15
J94	14	4	4	17	0.6176510367175073
J95	14	7	67	59	0.7975563285320693
J96	15	3	29	40	0.9037748606017111
J97	15	6	28	132	1.383195068302982
J98	14	2	84	64	1.2372606092388911
J99	14	13	27	101	0.5100651548842097
J100	17	2	11	115	1.229832623584111
J101	15	8	81	46	1.896821291577397
J102	13	11	69	7	0.4443706513513602
J103	16	8	32	20	1.4947103861436488
J104	16	13	67	63	1.0846247578704
J105	13	10	76	22	1.0828655259541284
J106	13	13	80	128	1.27777195570091
J107	13	3	60	100	1.38584395261584
J108	14	9	28	98	0.46809414564174123
\\ Jobs in machine 10
10
J109	14	7	19	86	1.7216623787350418
J110	14	11	18	87	0.5994289177019506
J111	15	14	82	104	1.415557987565247
J112	15	9	12	47	1.5590757888185571
J113	14	5	68	46	1.2917872742917478
J114	12	4	65	48	1.5758299394651512
J115	15	7	75	19	1.873321974113605
J116	15	10	80	54	1.661900608938379
J117	14	9	108	35	1.5604989767101325
J118	14	11	14	7	2.154167849253352
\\ Jobs in machine 11
12
J119	16	11	95	73	2.0187110807954576
J120	15	10	8	103	1.152059209475201
J121	15	13	11	19	0.439085724492558
J122	15	8	48	111	0.5105085031234758
J123	16	2	16	86	0.8469158706688464
J124	13	13	34	129	1.067195430498569
J125	14	10	102	3	0.959721562567169
J126	14	13	51	96	1.1695992174512573
J127	16	7	3	8	2.0390893391424103
J128	15	8	88	79	1.4963025672993473
J129	15	13	49	128	1.7794670207128558
J130	14	8	59	7	1.2512562297593242
\\ Jobs in machine 12
12
J131	15	5	37	74	0.4439152895684356
J132	16	2	13	110	1.2873515107971896
J133	13	1	8	61	0.9160580286601755
J134	15	12	32	23	1.2997127571193046
J135	14	14	80	106	1.4142299406015497
J136	15	14	62	12	1.0567868480026292
J137	14	12	72	32	1.709001565461929
J138	13	7	8	67	1.977656630875984
J139	14	3	11	119	1.6673296390898542
J140	15	9	40	27	1.2108684405768182
J141	15	8	25	82	0.7666447510958436
J142	16	10	25	19	0.930799256116259
\\ Jobs in machine 13
11
J143	13	3	109	16	0.8662320436903619
J144	15	9	29	120	0.8527426157704492
J145	14	11	56	91	1.2422236577925112
J146	15	2	87	118	0.851275980098369
J147	14	3	48	52	0.587336214752554
J148	13	9	89	110	0.5932562747681078
J149	15	2	6	41	1.2750735246127456
J150	15	3	10	48	0.9020513659726848
J151	14	6	103	102	1.0478453676070933
J152	14	13	108	70	1.3346433085348817
J153	13	6	83	2	0.9203016934847466
\\ Jobs in machine 14
11
J154	14	3	61	128	0.47207816259250646
J155	14	14	89	53	1.0877378210913924
J156	16	14	70	107	0.7823853046624446
J157	15	14	25	9	0.7590229405892317
J158	13	8	92	19	0.8489427311598683
J159	13	1	45	82	1.456150283966591
J160	15	4	37	45	1.762641253020743
J161	14	14	12	100	1.5074380690313538
J162	16	4	36	72	1.635386209714337
J163	16	14	109	102	1.7339977401921778
J164	15	6	29	1	1.317575601846753
\\ Jobs in machine 15
10
J165	14	12	56	104	2.2060393082071394
J166	14	13	41	7	2.382188559203884
J167	14	14	94	28	1.2993331951621276
J168	14	8	52	98	0.9116761766048056
J169	15	2	68	7	1.933780492190389
J170	13	11	18	39	1.0209732951023696
J171	14	14	99	82	0.433346361547302
J172	16	1	79	87	1.2244960102243156
J173	13	1	110	45	0.6419807415181442
J174	14	5	53	48	1.1793661270541902
\\ Jobs in machine 16
10
J175	15	14	25	13	0.8081036853876109
J176	14	3	17	31	0.9723085608339395
J177	15	11	21	85	0.8917981950884695
J178	16	6	108	78	1.2826698427974517
J179	12	11	64	80	1.4190404341192322
J180	15	4	31	78	0.8140929384822282
J181	16	3	36	62	1.359563883822641
J182	14	8	70	32	1.41531810234277
J183	13	1	76	124	2.1883264422642634
J184	16	6	98	135	0.9386256386007964
\\ Jobs in machine 17
11
J185	13	10	37	39	0.5176405732193773
J186	15	14	75	70	1.0226963033503025
J187	15	11	61	106	1.6804389937434672
J188	16	4	45	122	1.2367147350227068
J189	14	12	74	107	0.9615801302922565
J190	14	14	95	84	0.7960672602943925
J191	14	4	15	79	2.0961106253004713
J192	15	10	36	29	1.7507223456247485
J193	16	13	14	134	2.1995046364380406
J194	13	2	68	71	1.364484534634173
J195	15	9	89	69	1.5300646141899878
\\ Jobs in machine 18
11
J196	15	9	25	56	1.0564430481361804
J197	15	2	3	35	0.9426954707177131
J198	14	9	2	22	1.0095461443972702
J199	14	9	35	47	2.006820156248746
J200	15	4	83	54	1.494573962518084
J201	15	10	53	123	1.1242939223677892
J202	14	14	39	121	0.3788534570651162
J203	15	12	91	83	2.1653860522331274
J204	15	1	80	23	0.7845356154813693
J205	15	6	107	65	1.2614948521918836
J206	15	13	14	129	1.0089930129711606
\\ Dependencies 
100
14	16
14	24
16	17
20	21
25	26
25	27
25	30
26	30
26	31
27	35
29	35
30	32
30	35
31	33
34	35
38	39
38	43
38	47
40	41
41	43
42	45
43	46
49	51
49	54
49	59
50	57
50	58
52	58
52	59
53	56
55	57
56	58
60	67
64	71
65	71
66	68
66	69
67	68
68	70
78	80
82	87
83	87
88	89
88	93
89	93
94	108
95	97
96	97
96	98
96	102
97	105
98	102
99	105
100	102
101	107
103	105
107	108
109	110
114	118
115	117
119	122
119	128
122	124
123	126
124	129
131	134
133	134
133	142
136	137
136	141
137	138
137	139
143	151
144	147
145	148
147	148
147	150
155	161
156	164
157	162
158	163
167	171
168	171
170	171
171	173
175	182
175	183
177	184
178	180
185	190
186	187
186	194
189	194
189	195
196	202
196	204
197	201
199	205
200	202
200	205
