\\ machines
7
\\ max power
70
\\ Jobs in machine 1
13
J1	15	13	67	26	1.2248928322184287
J2	15	12	84	9	0.2147036621415941
J3	15	12	95	23	0.8965347294392532
J4	16	12	11	1	0.353046518528368
J5	15	11	65	30	0.3219872850691311
J6	15	6	4	23	1.754551434864227
J7	15	1	81	14	1.5158148165776277
J8	16	11	93	22	2.029972068417345
J9	15	7	32	14	1.4191208857313828
J10	14	1	34	17	1.1570454184522128
J11	15	4	68	9	0.7069219333954896
J12	15	13	74	5	0.7945292955151171
J13	15	6	94	34	0.37587625940499114
\\ Jobs in machine 2
8
J14	16	8	104	32	1.1953928053296496
J15	14	3	38	9	1.0947972417105627
J16	15	6	42	23	1.3417780205541716
J17	14	4	73	11	0.810043081550559
J18	14	9	68	33	0.7106056517259103
J19	13	6	34	19	2.017533722708075
J20	14	5	81	33	1.4320085993990426
J21	14	9	57	4	1.4148343297041543
\\ Jobs in machine 3
12
J22	16	7	48	31	1.9033118027567792
J23	15	5	66	28	1.0949818266809888
J24	15	2	31	15	2.0103998519774806
J25	15	4	20	24	1.0616240537821244
J26	15	5	91	32	0.33232962562920043
J27	16	14	13	32	1.2612883023323258
J28	17	14	76	19	0.6220083823440822
J29	15	5	73	21	0.15084326828115047
J30	15	14	76	2	1.1066173694041745
J31	15	6	57	15	1.0830621876661581
J32	14	3	16	16	0.6680410939760062
J33	15	7	50	29	0.9034383134440255
\\ Jobs in machine 4
10
J34	15	3	28	20	1.1536402127160967
J35	15	14	97	4	1.0661805560388995
J36	15	7	98	11	1.12157377708596
J37	15	11	64	18	0.5208617661351517
J38	15	11	58	19	1.2743703407894893
J39	14	14	36	24	0.6785923961483982
J40	14	8	16	27	0.9781792902277088
J41	16	5	35	17	1.0037564902445797
J42	14	8	17	33	1.1551008793468502
J43	15	4	50	14	1.3364457490411783
\\ Jobs in machine 5
12
J44	15	13	94	31	0.18592845265522095
J45	15	4	107	3	0.4710029050439217
J46	15	4	18	11	2.687357742299704
J47	15	10	39	22	1.425003090680809
J48	15	3	45	35	0.8329387229090801
J49	14	6	49	7	0.1501973458294117
J50	14	2	18	22	0.9163879744437196
J51	14	14	15	34	1.284710509796044
J52	13	7	99	25	1.4948669100541316
J53	14	8	33	2	1.1306194964338223
J54	12	14	10	8	1.624092471522431
J55	17	6	80	30	1.4729521170831674
\\ Jobs in machine 6
10
J56	16	3	66	1	0.7350310044654649
J57	14	8	44	13	1.8264309557723952
J58	16	3	27	29	1.054719984343374
J59	15	7	65	26	1.1695021044876925
J60	15	14	107	7	1.4490873234576054
J61	14	13	22	9	0.7234228161526981
J62	13	8	91	1	0.9861790933455197
J63	15	14	10	20	1.4294367202154654
J64	15	5	43	8	0.7401989304810134
J65	13	5	62	27	1.3985927370789766
\\ Jobs in machine 7
10
J66	14	10	54	16	1.5888020730522183
J67	15	9	17	9	0.8010732125199268
J68	15	8	76	16	0.37673147580721356
J69	13	4	103	22	1.523748832487087
J70	12	4	110	34	1.5896148567004547
J71	14	8	13	11	0.36956187919379424
J72	14	10	82	3	1.1322972915969345
J73	14	13	93	17	1.6912762504753143
J74	16	12	2	9	1.3911652450755152
J75	16	13	89	9	0.9920622589720125
\\ Dependencies 
48
1	3
1	6
1	11
3	8
4	7
5	9
5	10
6	11
6	12
14	17
15	16
15	18
16	20
18	21
24	30
26	27
26	28
26	33
28	32
29	30
29	33
30	31
30	33
34	40
35	37
35	42
37	39
40	42
42	43
44	50
44	52
44	55
45	46
45	50
45	51
46	53
47	54
48	51
50	51
52	54
53	54
56	61
59	65
64	65
66	69
66	74
67	68
74	75
