\\ machines
15
\\ max power
150
\\ Jobs in machine 1
10
J1	15	11	90	12	1.4374215469326876
J2	16	2	104	67	0.783065883011951
J3	13	6	70	47	1.0169391543413075
J4	15	9	94	64	2.090985321013734
J5	13	3	56	6	0.29439829092336955
J6	13	9	24	46	1.4183320735271974
J7	15	9	86	44	0.9328330022929466
J8	14	3	103	55	0.9870747241583435
J9	14	3	65	41	0.2313537933136679
J10	13	4	100	20	0.9229268825605594
\\ Jobs in machine 2
13
J11	12	4	74	60	1.7606756279790727
J12	15	14	31	21	1.514671741519813
J13	15	5	106	12	1.5378673060477424
J14	15	13	66	16	0.8639641303910234
J15	13	6	68	45	1.304199198959942
J16	12	7	86	67	1.0324339226335701
J17	16	13	48	48	0.9174050853427675
J18	16	10	24	21	0.8136755897304797
J19	15	7	52	53	1.0481062480902688
J20	13	14	62	75	0.9660027414362439
J21	15	9	44	57	1.4277653005992894
J22	15	12	48	39	0.5919439338318683
J23	15	5	67	23	1.8023241015744236
\\ Jobs in machine 3
10
J24	14	11	54	52	1.4860348058317787
J25	13	8	75	75	1.8571791996783258
J26	13	9	32	47	0.7729103798720428
J27	15	10	79	3	1.9410094580420285
J28	15	7	72	65	1.6969501092464572
J29	15	1	57	28	1.797582672343083
J30	14	10	65	28	2.0333408643334545
J31	15	9	60	54	1.0887796322255137
J32	16	6	94	13	1.3278901223633688
J33	15	5	15	71	0.8977109321200982
\\ Jobs in machine 4
11
J34	14	9	68	3	1.4738338293977398
J35	15	2	106	26	1.9552742780639965
J36	14	11	50	23	1.0064412741212123
J37	14	7	8	9	1.5786135330244897
J38	15	2	66	53	1.6137696125207786
J39	14	2	74	47	1.3966173455595337
J40	15	13	23	59	2.047380111747395
J41	15	14	72	36	1.8410601322255662
J42	15	3	71	4	1.7559212555784176
J43	13	9	9	4	1.6540287098671191
J44	13	11	90	37	0.8286447417607206
\\ Jobs in machine 5
10
J45	14	13	37	3	2.3440537726630417
J46	14	9	39	56	1.040073583805269
J47	15	14	36	65	1.5513334762136881
J48	13	7	75	34	0.499654171563767
J49	14	7	101	51	1.5339944784179114
J50	15	11	19	50	0.578032025936496
J51	16	6	13	69	1.7230924785550474
J52	15	9	48	14	1.8070885902982203
J53	16	5	27	72	1.1671642230192292
J54	14	2	108	34	2.1480252132013904
\\ Jobs in machine 6
10
J55	16	2	50	50	0.5595265021412978
J56	15	7	13	66	1.7152443570985052
J57	13	3	76	63	1.3620385846057643
J58	16	14	23	8	0.9480947435504496
J59	14	3	88	14	1.1733798217177847
J60	13	8	104	15	0.5077995953145849
J61	14	2	60	18	0.18046191545271717
J62	16	11	79	4	1.9020403938969177
J63	14	10	19	59	1.1916980841020834
J64	15	2	79	2	0.750418301030519
\\ Jobs in machine 7
12
J65	14	6	13	34	1.409098528490663
J66	16	10	67	7	1.519216937019535
J67	15	9	40	25	0.9253043748521912
J68	15	5	70	41	0.8199234753497385
J69	15	5	33	21	1.8456578785878928
J70	15	10	11	43	0.9207951397611126
J71	16	5	80	36	1.4888928124172762
J72	15	9	87	75	1.550985531892936
J73	15	5	32	10	1.364857649912653
J74	15	10	10	37	1.2839152146049426
J75	15	13	87	36	0.5174154927822745
J76	15	11	22	32	1.3504565749763875
\\ Jobs in machine 8
10
J77	13	11	24	5	1.003277213787003
J78	14	12	30	55	1.0007044125922948
J79	12	8	72	64	2.321629547083475
J80	13	1	57	46	1.43519372046341
J81	14	10	50	71	1.305721916575644
J82	14	8	23	26	0.6294736686073046
J83	14	8	37	67	0.7869599118410919
J84	16	4	4	75	0.45723687171754757
J85	15	8	22	53	0.3394151120894141
J86	16	5	47	58	1.318501678934211
\\ Jobs in machine 9
11
J87	14	7	5	9	0.9016832296169603
J88	15	6	75	59	0.5756535599517115
J89	14	14	29	34	0.6719966315737413
J90	15	8	81	17	0.1
J91	13	11	101	32	1.524129597193102
J92	15	9	36	30	1.5668665509085766
J93	15	6	59	9	1.9514560653107886
J94	14	12	88	63	1.832191109888508
J95	13	8	26	34	1.4882534702013956
J96	15	14	96	6	0.1
J97	15	12	17	4	1.637431889214012
\\ Jobs in machine 10
10
J98	13	5	14	33	1.0887721582540564
J99	14	12	73	73	0.9674168039720775
J100	15	10	77	49	1.283527019303937
J101	13	11	49	8	0.7532254498140487
J102	14	5	34	4	0.955594536831816
J103	14	3	65	34	1.7024596431148158
J104	14	8	13	73	1.9309719716352034
J105	15	14	69	32	1.3084763065298897
J106	14	6	79	23	2.126024923953123
J107	13	14	75	39	1.0700485613342172
\\ Jobs in machine 11
10
J108	17	4	20	33	1.466064419388831
J109	15	8	75	51	0.6702968442617611
J110	14	10	19	53	1.3649793891678093
J111	15	3	88	50	1.0698662860401906
J112	16	7	102	9	1.9905371132948981
J113	14	4	99	67	1.4861163981772565
J114	14	12	14	74	1.987625260603438
J115	15	5	33	18	1.0137043751625676
J116	15	3	11	8	1.2760670274424644
J117	15	5	81	30	0.47755046807511825
\\ Jobs in machine 12
10
J118	15	8	3	30	0.9665436278197452
J119	14	7	92	23	1.770611641904734
J120	15	11	67	33	0.8069017255035338
J121	13	11	101	5	0.3703723772299714
J122	15	10	34	65	0.9927652151918662
J123	16	12	105	14	0.8987907901635048
J124	14	6	67	20	0.9423636934818954
J125	14	7	40	37	1.0803616685939241
J126	15	7	41	68	1.5794870459965669
J127	14	5	91	2	1.361115119631701
\\ Jobs in machine 13
11
J128	16	6	72	19	1.264054905128047
J129	14	10	61	18	1.221255065002459
J130	13	4	47	67	2.364001636507956
J131	15	11	104	62	1.5645570662359771
J132	16	9	46	21	0.9019126958362207
J133	14	13	3	39	1.1859014566972006
J134	15	12	89	64	0.1
J135	16	11	26	54	1.5918731611846824
J136	15	11	9	49	0.9348881303288296
J137	15	12	105	40	1.5263730212297637
J138	15	3	60	22	1.3186256702609356
\\ Jobs in machine 14
11
J139	13	1	39	53	1.2684095568604663
J140	14	4	21	23	1.1607783404753076
J141	14	9	8	53	0.6864177722774906
J142	15	4	58	52	1.1884231540018007
J143	16	6	43	10	1.4070692929325879
J144	14	5	77	43	1.2635824644381384
J145	15	10	33	3	1.1460530386512973
J146	14	2	34	9	1.8532381545795293
J147	15	5	90	59	1.2147054629784118
J148	14	5	109	43	0.8912006861969151
J149	16	10	72	61	1.3790673262761382
\\ Jobs in machine 15
12
J150	15	9	72	22	0.5918466388752486
J151	16	11	48	7	1.6709598755382775
J152	15	13	42	26	1.509902384629289
J153	15	5	50	27	1.0747217296856488
J154	13	7	53	38	1.411004789172538
J155	14	4	49	47	0.8617805583526963
J156	15	3	41	35	1.6512226780246209
J157	15	9	96	69	1.242679009389965
J158	14	7	63	75	0.11706806618543708
J159	14	8	101	11	0.7572539278090726
J160	16	14	62	1	1.7483023663816133
J161	14	10	9	48	1.9487700344798813
\\ Dependencies 
372
1	5
1	8
1	10
2	3
2	5
2	6
2	7
2	8
2	9
2	10
3	5
3	6
3	7
3	8
3	9
3	10
4	5
4	6
4	10
5	10
7	8
8	9
11	13
11	17
11	18
11	19
11	20
11	21
12	14
12	16
12	19
12	22
12	23
13	14
13	16
13	17
14	15
14	18
14	20
14	21
15	17
15	19
15	20
15	22
16	17
16	18
16	20
16	21
17	21
18	20
18	22
18	23
19	20
19	21
19	22
20	23
24	26
24	27
24	28
24	29
24	33
25	26
25	27
25	29
25	31
25	32
26	29
26	30
27	29
27	30
27	33
28	29
28	32
29	32
29	33
30	31
31	32
31	33
34	36
34	37
34	38
34	40
34	42
34	43
35	36
35	37
35	39
35	40
35	41
35	42
36	38
36	39
36	40
36	42
36	44
37	40
37	42
37	43
38	39
38	41
39	42
39	43
40	41
40	42
42	43
42	44
43	44
45	47
45	48
45	49
45	50
45	52
45	54
46	48
46	49
46	51
47	48
47	49
47	50
47	53
47	54
48	50
48	53
49	51
49	52
50	53
50	54
55	57
55	58
55	62
56	57
56	58
56	60
56	61
56	63
56	64
57	58
57	61
58	59
58	62
59	63
60	62
60	63
61	62
62	63
65	66
65	68
65	70
65	72
65	75
66	67
66	68
66	69
66	73
66	74
66	75
67	70
67	71
67	75
67	76
68	71
68	75
69	70
69	73
69	74
69	75
69	76
70	71
70	72
70	73
70	74
70	75
70	76
71	73
71	76
72	76
73	75
74	75
74	76
75	76
77	81
77	83
77	84
78	79
78	82
78	84
79	85
80	83
80	84
80	86
81	82
81	86
82	83
82	85
82	86
83	86
87	88
87	89
87	91
88	90
88	91
88	96
88	97
89	90
89	92
89	96
90	91
90	92
90	94
90	95
90	97
91	93
91	94
91	95
91	96
93	96
93	97
94	96
94	97
98	101
98	104
98	105
99	105
100	101
100	102
100	104
100	105
100	107
101	103
101	105
101	107
103	106
104	106
104	107
105	106
108	110
108	111
108	112
108	116
108	117
109	110
109	111
109	115
109	116
109	117
110	111
110	112
110	113
110	116
110	117
111	112
111	113
111	114
112	114
112	115
112	116
112	117
113	116
113	117
114	115
114	116
118	119
118	120
118	121
118	122
118	123
119	123
119	125
119	127
120	124
120	127
121	124
121	126
121	127
122	124
122	127
123	126
123	127
125	126
126	127
128	129
128	130
128	131
128	134
128	135
128	136
128	137
129	130
129	131
129	133
129	135
129	137
129	138
130	134
130	135
130	138
131	132
131	134
131	137
131	138
132	134
132	135
132	136
133	134
133	138
134	136
134	137
134	138
135	136
135	138
136	138
137	138
139	141
139	143
139	147
139	149
140	142
140	143
140	144
140	145
140	147
140	149
141	145
142	144
142	145
142	146
142	148
143	145
143	147
144	145
144	146
144	148
145	146
145	148
146	147
146	149
147	149
148	149
150	151
150	152
150	154
150	156
150	159
150	160
150	161
151	152
151	154
151	156
151	157
151	158
151	161
152	155
152	156
152	158
152	159
152	160
153	154
153	155
153	158
154	156
154	159
154	160
154	161
155	156
156	157
156	158
156	159
156	161
157	160
157	161
158	161
160	161
