\\ machines
20
\\ max power
200
\\ Jobs in machine 1
10
J1	15	13	10	23	0.5096619361122446
J2	16	10	104	24	1.4711740444387353
J3	14	1	58	37	1.5858106831673613
J4	16	4	35	21	1.4071281360796126
J5	14	9	37	7	0.1
J6	15	13	64	32	1.2231766051292896
J7	13	13	5	15	0.5214177731984586
J8	15	1	15	45	1.1794241461855466
J9	13	1	29	40	1.4547946627575048
J10	15	1	20	9	0.1
\\ Jobs in machine 2
10
J11	14	4	55	20	1.4051508554216314
J12	15	3	26	13	1.6195352295200776
J13	15	10	56	35	0.5854451799563071
J14	15	10	86	48	1.868601047034459
J15	14	12	12	41	1.3614790697437371
J16	14	13	96	2	0.9164477972179657
J17	14	9	88	40	2.4334688802347273
J18	16	6	110	5	0.9179046177078419
J19	13	10	66	16	1.374982782433866
J20	15	12	60	29	1.7089300792527387
\\ Jobs in machine 3
10
J21	13	3	67	14	1.7601353977170544
J22	13	5	110	7	1.7559298724534282
J23	15	10	95	13	1.179431264809362
J24	13	9	109	30	1.5626843828853503
J25	15	1	72	3	1.6926232273259147
J26	15	1	45	32	1.792605003714038
J27	13	4	94	40	1.3761732642172688
J28	14	5	41	46	1.5724561259004943
J29	15	12	65	25	0.5794520173067468
J30	16	3	29	41	0.6712864387732925
\\ Jobs in machine 4
11
J31	12	5	102	26	0.9215667436964282
J32	14	8	67	4	1.003711251772453
J33	15	8	16	30	2.2820571554621676
J34	15	9	101	14	1.503838909509999
J35	14	7	41	7	1.6399054058569256
J36	14	5	58	38	1.2299502004790044
J37	17	9	10	20	1.100597578644593
J38	15	1	4	32	0.9183226933090265
J39	15	11	108	39	1.175695521904612
J40	14	8	23	21	0.6164719244679635
J41	15	13	95	46	1.0206271525142039
\\ Jobs in machine 5
10
J42	14	8	39	8	0.6255230590873769
J43	15	7	55	45	1.270677258272545
J44	15	6	52	2	1.665017766578986
J45	15	4	12	12	1.7602788045673703
J46	15	9	110	47	1.1835139029029902
J47	13	13	63	42	0.6582763390038839
J48	15	10	76	22	1.4432677733485604
J49	13	13	77	14	0.827789104055132
J50	14	8	2	47	0.940932612602309
J51	12	9	53	13	0.6967218996581123
\\ Jobs in machine 6
11
J52	14	3	6	36	0.5770645332148473
J53	14	2	100	45	1.0339657125983424
J54	15	11	101	24	1.6946151667427196
J55	15	6	108	23	0.8803419591970701
J56	16	4	54	48	1.3670823907972256
J57	14	10	35	2	1.2696065020714427
J58	17	11	86	9	2.4419301957978234
J59	14	6	86	48	0.9351167412787422
J60	14	14	107	7	1.0673795242180752
J61	15	9	65	47	1.2373300344825007
J62	14	2	76	38	0.37865321911997174
\\ Jobs in machine 7
11
J63	15	7	38	30	0.18794882125583845
J64	14	11	35	50	1.4472950101477111
J65	14	6	17	23	1.4437875140918648
J66	15	5	28	45	1.612790214272857
J67	14	11	25	28	0.7696055014448531
J68	15	1	87	46	1.242966346020695
J69	16	6	94	32	1.4368767560507323
J70	15	2	21	4	1.917500347074896
J71	15	9	4	7	1.1438406084291977
J72	14	3	81	38	1.6906696957783163
J73	14	6	61	43	0.2771748598312346
\\ Jobs in machine 8
12
J74	16	2	95	18	0.8954996762680296
J75	14	6	15	27	0.6213380600508237
J76	14	3	47	21	1.1341146227625867
J77	16	5	54	33	0.1
J78	14	6	73	33	1.6854857299178347
J79	16	6	75	48	1.449536851671615
J80	13	2	34	16	1.6301178180352935
J81	14	12	54	15	0.531398641088853
J82	15	6	5	10	1.4163737275369357
J83	14	8	86	1	1.593205433746682
J84	16	2	78	7	1.3562351559612629
J85	16	12	6	34	0.9998026787255085
\\ Jobs in machine 9
12
J86	16	9	100	36	1.7686809261223742
J87	17	10	8	40	1.557453292644745
J88	14	13	71	48	1.3375736718808224
J89	14	12	95	34	0.533831265380355
J90	15	10	5	6	1.1040209568139243
J91	15	6	98	15	0.897421191344753
J92	15	14	31	4	0.7450622122403283
J93	16	13	75	26	1.6322577066470494
J94	14	11	11	35	0.9813520862136724
J95	15	6	75	18	1.5657507830634048
J96	16	5	13	17	1.4527086685178294
J97	15	9	38	37	1.8388940519011725
\\ Jobs in machine 10
10
J98	15	6	72	39	1.62935410307478
J99	15	8	24	2	0.4343006451802023
J100	13	6	97	11	1.608346434775335
J101	15	11	49	1	0.7065931496600522
J102	14	7	95	27	0.1651293002537857
J103	16	4	48	17	1.504066347324984
J104	15	2	31	7	1.456876130575834
J105	14	10	74	25	1.4957869939674502
J106	14	5	90	31	1.0094308421940836
J107	13	11	33	13	1.289470793060792
\\ Jobs in machine 11
11
J108	16	11	63	33	0.6981807311324495
J109	15	7	5	5	1.8555643890496338
J110	16	10	62	5	1.0519625957441714
J111	13	5	89	11	0.6397214222329367
J112	15	2	21	1	0.838903345993159
J113	16	2	100	40	2.2133714693408244
J114	13	3	55	50	1.9781227845069922
J115	15	9	24	42	1.2698452265094542
J116	15	3	20	3	1.5980731261727739
J117	13	6	29	25	1.0540287673622912
J118	16	7	20	15	1.1738033854069043
\\ Jobs in machine 12
9
J119	14	3	46	35	1.1471915538626731
J120	15	1	73	22	1.373578412831965
J121	15	8	67	41	1.054968434147968
J122	14	3	73	13	0.9334816037447355
J123	15	2	71	20	1.747941438329418
J124	15	6	43	35	1.5971838033908623
J125	16	6	40	35	0.6879955324106086
J126	15	9	90	39	1.0980470313149435
J127	14	5	102	41	0.887588289943948
\\ Jobs in machine 13
12
J128	15	1	32	36	0.18087979389343278
J129	12	2	54	33	0.8090561230042629
J130	14	9	97	45	1.722327127715678
J131	15	9	54	8	1.903535929376307
J132	13	12	78	27	1.0532233147492773
J133	14	9	62	41	0.4966077340293439
J134	13	1	85	47	1.7893477415508028
J135	14	13	12	48	0.9568227504492154
J136	16	5	94	15	0.9464150280506767
J137	14	14	86	16	0.2865037473493005
J138	14	13	15	12	1.2839140379075282
J139	15	10	6	2	1.0517785272449016
\\ Jobs in machine 14
11
J140	15	12	42	16	1.2819759480187791
J141	15	4	32	12	0.1
J142	16	11	83	15	1.2007833329341782
J143	14	5	109	33	1.1257196840361237
J144	12	6	24	49	2.2518065230637903
J145	15	9	43	31	0.1
J146	14	10	69	8	1.346756119109891
J147	15	7	56	46	2.081183301559773
J148	13	9	81	4	1.9197040250390056
J149	14	6	98	37	0.854249094233755
J150	15	6	80	39	1.245422573934994
\\ Jobs in machine 15
10
J151	14	2	4	4	1.3562148519246462
J152	15	11	56	41	1.5302746511885819
J153	14	8	48	5	0.8094418919266955
J154	15	8	102	26	0.4701109705447255
J155	16	2	49	44	0.6999496688092596
J156	16	8	72	39	2.4231981558408817
J157	13	11	54	8	1.2360818613240612
J158	14	7	41	20	1.7443806981987109
J159	15	8	2	23	1.586704051635219
J160	14	14	40	50	0.6808144220521665
\\ Jobs in machine 16
12
J161	15	13	50	32	1.3756376980023821
J162	14	10	65	18	2.0092761324869213
J163	15	13	37	11	1.0373386532888973
J164	14	11	34	27	1.54441478323241
J165	14	3	37	33	0.6141799652704506
J166	15	14	54	1	1.3004578229303598
J167	14	14	99	48	1.5530146697175176
J168	14	8	110	35	1.5403091911660962
J169	13	4	84	23	2.0659941034839973
J170	16	6	92	10	1.553461962048954
J171	16	11	48	49	1.9810786174042057
J172	13	1	8	25	1.6383991775570854
\\ Jobs in machine 17
12
J173	16	7	50	23	1.5297862518969696
J174	15	3	32	10	1.404222964077833
J175	15	10	46	19	1.583597613750443
J176	15	7	105	1	1.6958211436502284
J177	16	14	104	49	1.3475151580348623
J178	14	12	65	30	1.2958340598933402
J179	16	5	38	19	1.588919774811643
J180	14	7	65	41	1.4532403993578484
J181	14	9	107	23	1.0331773776021684
J182	13	10	93	45	0.30081770958529885
J183	17	14	56	41	1.3076907167224099
J184	14	2	70	50	1.6791147906720127
\\ Jobs in machine 18
12
J185	14	8	83	17	1.8228583295421195
J186	14	12	56	21	1.878733009262677
J187	14	8	5	19	0.4192764000271092
J188	14	4	15	29	0.7528498083061164
J189	14	14	90	11	1.6309056806184283
J190	16	6	25	3	1.3382686641188026
J191	13	9	64	6	0.6028863760923434
J192	15	3	41	19	1.4117023865288953
J193	15	8	52	7	0.23738420827147622
J194	14	3	18	39	0.7587917266872923
J195	13	3	46	8	1.4251354231852478
J196	15	7	39	50	0.6014744641891091
\\ Jobs in machine 19
11
J197	14	2	74	24	1.34548902250421
J198	14	9	11	37	1.3909945784274658
J199	15	6	21	9	1.1948207931246577
J200	15	10	62	43	1.439253804829065
J201	15	7	61	28	1.2829454461418472
J202	15	12	67	5	1.4434523318473453
J203	14	2	25	10	0.6552263704406134
J204	15	5	94	39	1.3301308395940319
J205	16	10	87	7	1.7624227036377844
J206	15	11	56	12	1.8361944388824636
J207	13	5	57	16	1.8319325545901104
\\ Jobs in machine 20
11
J208	14	7	65	19	0.7667894249877905
J209	15	13	3	13	1.5696826624708327
J210	14	6	37	48	1.9498845635760818
J211	15	13	19	46	1.5315538970792322
J212	16	11	23	10	1.828536964672685
J213	16	4	20	10	1.2021314517936799
J214	15	5	80	9	1.6794964425004877
J215	14	2	65	45	1.4509558426652636
J216	14	11	86	49	1.3719034862587183
J217	13	7	106	39	1.6708067005801945
J218	14	2	80	26	1.4838533344735492
\\ Dependencies 
535
1	2
1	3
1	7
1	8
2	3
2	4
2	6
2	8
2	9
2	10
3	5
3	8
4	7
4	10
5	6
5	7
5	10
6	9
6	10
7	8
7	9
7	10
9	10
11	12
11	13
11	14
11	17
11	19
11	20
12	14
12	15
12	17
14	15
14	16
14	17
15	16
15	17
15	18
15	19
16	19
17	18
17	20
18	19
18	20
21	22
21	24
21	25
21	26
21	28
21	29
21	30
22	23
22	27
22	29
22	30
23	25
23	27
23	30
24	25
24	26
24	27
24	30
25	30
27	28
28	30
31	36
31	41
32	33
32	36
32	37
32	39
32	41
33	36
33	37
33	38
33	39
33	41
34	35
34	36
34	38
35	36
35	38
35	40
36	38
36	39
36	40
36	41
37	41
38	39
38	41
39	40
39	41
40	41
42	43
42	44
42	46
42	48
42	49
43	44
43	45
43	46
43	48
43	49
43	50
43	51
44	45
44	47
44	48
44	50
44	51
45	47
45	49
45	51
46	48
46	49
46	50
47	51
48	49
48	50
49	51
50	51
52	54
52	55
52	56
52	58
52	61
52	62
53	54
53	58
53	59
53	61
54	55
54	56
54	57
54	59
54	60
55	59
55	60
55	61
55	62
56	59
56	62
57	59
57	62
58	59
58	60
59	60
59	62
61	62
63	64
63	66
63	67
63	68
63	71
64	66
64	68
64	70
64	71
64	73
65	67
65	72
65	73
66	67
66	68
66	72
67	70
67	71
67	73
68	70
68	71
68	73
69	71
69	73
70	72
74	76
74	77
74	78
74	79
74	83
74	85
75	76
75	77
75	78
75	80
75	81
75	82
75	85
76	77
76	78
76	82
76	84
76	85
77	78
77	81
77	83
77	84
78	79
78	81
78	83
78	84
78	85
79	80
79	81
79	82
79	84
79	85
80	81
80	82
80	83
80	84
81	82
81	83
81	85
82	84
82	85
84	85
86	88
86	89
86	92
86	93
86	94
87	88
87	89
87	96
87	97
88	90
88	91
88	92
88	94
89	90
89	91
89	92
89	93
89	95
90	91
90	92
90	94
90	95
90	96
91	92
91	93
91	96
92	93
92	94
92	96
92	97
93	94
94	96
95	97
96	97
98	100
98	102
99	100
99	101
99	107
100	103
101	103
102	105
103	105
103	106
103	107
104	107
105	106
108	112
108	113
108	117
108	118
109	110
109	114
109	116
109	117
111	112
111	113
111	114
111	116
111	117
111	118
112	113
112	116
112	118
113	114
113	115
113	117
115	116
115	117
116	118
119	122
119	123
119	126
120	125
120	126
120	127
121	122
121	124
121	125
121	127
122	124
122	126
123	124
123	126
123	127
124	125
124	126
126	127
128	129
128	132
128	134
128	136
128	137
128	138
129	130
129	133
129	134
129	135
129	136
129	139
130	131
130	132
130	133
130	134
130	136
130	137
130	138
131	132
131	133
131	137
131	139
132	134
132	135
132	138
133	135
133	136
133	138
133	139
134	136
134	138
135	137
135	138
135	139
136	137
136	138
138	139
140	142
140	143
140	144
140	146
140	147
140	148
141	142
141	145
141	146
141	148
142	143
142	145
142	146
142	148
142	149
142	150
143	144
143	145
143	148
143	149
144	147
144	149
144	150
145	147
145	149
145	150
146	150
147	149
149	150
151	153
151	154
151	155
151	157
151	159
151	160
152	155
152	156
153	154
153	155
154	158
155	156
156	159
157	160
161	162
161	163
161	170
161	171
161	172
162	163
162	165
162	166
162	167
162	169
163	164
163	167
163	169
163	170
163	171
164	165
164	166
164	167
164	168
164	169
164	171
164	172
165	166
165	168
165	171
165	172
166	169
167	168
167	170
167	171
167	172
168	169
169	170
169	172
170	171
170	172
171	172
173	174
173	175
173	177
173	183
173	184
174	175
174	178
174	179
174	180
174	182
175	177
175	181
175	182
175	184
176	179
176	180
176	182
177	178
177	179
177	180
177	184
178	179
178	180
178	183
178	184
179	180
179	181
179	182
179	184
180	181
180	183
181	184
185	186
185	189
185	190
185	191
185	193
186	190
186	191
186	192
186	193
186	194
186	196
187	188
187	190
187	192
187	193
187	194
187	195
188	192
188	193
188	194
189	191
189	195
189	196
190	192
190	195
191	192
191	196
192	193
194	195
194	196
195	196
197	202
197	203
197	207
198	199
198	200
198	203
198	205
198	206
199	200
199	201
199	206
200	203
200	204
201	203
201	204
201	205
201	206
201	207
202	204
202	206
202	207
203	204
203	206
208	210
208	211
208	213
208	214
208	217
209	212
209	213
209	214
209	215
209	218
210	212
210	214
210	216
210	217
210	218
211	213
211	216
211	217
211	218
212	214
212	216
212	218
213	214
213	215
213	216
214	215
214	216
