\\ machines
10
\\ max power
100
\\ Jobs in machine 1
9
J1	17	4	49	1	1.1648802446880036
J2	13	12	48	2	0.9743492344134097
J3	14	2	95	15	1.7746209629697591
J4	14	1	96	14	0.9395928098927644
J5	16	12	79	2	1.736941517997548
J6	15	5	98	5	1.0118385330521136
J7	15	7	90	11	1.6001194040443272
J8	15	6	23	13	1.9573604102933555
J9	14	13	42	9	1.2334263374960792
\\ Jobs in machine 2
13
J10	16	3	24	18	1.5124686024675462
J11	14	4	59	4	1.7728877486689263
J12	15	9	18	8	1.6748719600190027
J13	12	1	57	7	0.9443723467534981
J14	13	8	42	2	0.8826527297170512
J15	15	9	58	13	1.235726000731277
J16	14	7	45	13	1.4807583600904817
J17	16	9	70	4	0.8656622083202006
J18	14	5	86	7	1.2112672725348574
J19	16	11	84	16	1.6370512780104751
J20	15	14	96	21	1.3903176753646402
J21	14	12	109	8	0.2273297123179706
J22	16	7	42	20	1.0121214064669117
\\ Jobs in machine 3
10
J23	13	1	95	7	0.7253478832838056
J24	15	4	11	9	0.5127703717938856
J25	13	1	102	25	0.5753586035927445
J26	14	1	84	11	0.5577251370116307
J27	14	11	106	24	1.1345301844693905
J28	15	6	67	18	1.3858569910062715
J29	14	2	14	22	0.9357796007359346
J30	16	3	104	20	1.083147748411912
J31	14	12	82	12	0.8678800588832474
J32	13	11	79	19	0.7948424216411516
\\ Jobs in machine 4
11
J33	15	11	75	10	1.6650274341242186
J34	13	3	97	18	1.5394304998882233
J35	14	5	19	1	0.6412847346531406
J36	17	1	57	9	0.8326507056251722
J37	13	1	38	18	0.2654004135850604
J38	17	6	100	17	0.718331363629199
J39	14	12	46	22	0.6968030034233752
J40	15	4	65	7	1.6181362844890315
J41	14	1	36	2	1.5065543392451988
J42	15	11	83	8	0.5130887780220449
J43	16	4	3	13	1.2984846582463125
\\ Jobs in machine 5
12
J44	15	9	39	5	0.5020520286311128
J45	14	14	89	8	0.1
J46	15	5	39	4	1.5730614907081122
J47	15	10	30	8	1.1849918289358963
J48	14	1	49	11	0.9155325481554031
J49	16	12	104	1	1.3130985269629816
J50	16	2	110	13	1.3102508409990468
J51	15	5	104	16	1.9251601993802219
J52	13	1	39	2	1.5733701225801053
J53	16	12	34	18	1.0588425250335218
J54	15	12	5	4	1.4752891467469496
J55	13	8	59	7	1.2985488637366607
\\ Jobs in machine 6
10
J56	15	9	86	10	1.058730456688121
J57	14	4	85	23	0.3725386800248228
J58	15	5	89	17	1.6588814522534263
J59	15	9	107	9	1.744128962274735
J60	14	7	20	25	0.7226247408138036
J61	16	14	56	3	1.805394989092445
J62	16	5	59	13	1.3000411555524272
J63	13	14	87	12	0.7097047077910552
J64	15	6	50	24	0.2977228419151934
J65	15	14	41	23	1.418927548351664
\\ Jobs in machine 7
12
J66	15	4	110	12	1.4841952636339701
J67	15	14	32	21	2.4488840102380998
J68	13	13	110	22	1.2927721938334333
J69	15	4	32	9	1.3854278339900605
J70	14	12	48	14	1.680804831598708
J71	14	7	71	13	1.5037299702099158
J72	16	3	70	6	1.432435620043343
J73	15	5	94	4	0.5326544061163958
J74	15	6	39	14	1.8981694819167947
J75	15	4	18	7	1.559610124149827
J76	12	5	77	10	1.3789554911350006
J77	13	11	15	10	0.7067744683183856
\\ Jobs in machine 8
13
J78	12	13	46	17	1.5212516612318083
J79	13	4	53	8	0.8782717422160866
J80	13	3	26	3	2.269443498329731
J81	15	13	101	11	0.6160914943430136
J82	15	7	59	24	1.6972541695753285
J83	15	12	8	14	1.4553542619315523
J84	16	11	93	17	1.51740686675633
J85	15	11	3	10	1.2556397361420453
J86	13	11	11	21	1.0679405028124536
J87	13	4	98	5	1.787243531367728
J88	14	14	5	20	1.0406235373774508
J89	14	4	14	22	1.5341537512461554
J90	16	3	79	21	1.0286924076792427
\\ Jobs in machine 9
9
J91	17	5	21	6	0.6975143105297774
J92	15	3	3	10	1.334256092907089
J93	16	8	74	19	1.2009110830171845
J94	13	10	23	25	1.7096819448328877
J95	14	9	2	22	0.7257774935981773
J96	13	6	75	16	0.6771982238497367
J97	15	11	80	2	2.2044648977390544
J98	14	12	97	25	1.1965639183594674
J99	14	1	17	23	0.9830611947671386
\\ Jobs in machine 10
10
J100	15	4	44	4	0.9095771083913489
J101	15	2	32	5	1.032278985033956
J102	15	7	55	7	1.0189115488647293
J103	15	12	90	19	1.0691573809332149
J104	15	5	87	9	1.072270161978866
J105	15	6	110	17	1.4521618435073058
J106	13	4	20	25	1.3044530151526204
J107	13	2	82	25	1.9899429258553027
J108	15	13	32	16	1.0513774602331178
J109	15	14	54	16	1.5575874050992977
\\ Dependencies 
380
1	3
1	4
1	5
1	7
1	8
2	3
2	4
2	5
2	6
2	7
2	9
3	5
3	6
3	7
3	9
4	6
4	8
5	8
5	9
6	7
6	8
6	9
7	8
7	9
8	9
10	11
10	13
10	14
10	17
11	12
11	13
11	15
11	16
11	18
11	21
12	13
12	14
12	15
12	16
12	17
12	18
12	19
12	20
13	15
13	16
13	17
13	18
13	21
13	22
14	15
14	18
14	19
14	20
14	22
15	16
15	17
15	20
15	22
16	17
16	18
16	22
17	19
17	20
17	21
18	20
18	22
19	20
19	22
20	21
20	22
21	22
23	24
23	28
23	30
23	31
23	32
24	25
24	28
24	29
24	30
24	31
25	26
25	27
25	28
25	32
26	27
26	28
26	29
26	30
26	31
26	32
27	28
27	29
27	30
27	31
28	29
28	30
29	30
29	32
30	32
31	32
33	35
33	38
33	39
33	40
33	43
34	36
34	38
34	39
34	40
34	41
34	42
34	43
35	37
35	38
35	41
35	43
36	37
36	38
36	41
37	38
37	39
37	41
37	42
37	43
38	39
38	42
39	41
39	42
40	41
40	43
41	42
41	43
44	45
44	48
44	50
44	51
44	53
44	55
45	47
45	48
45	49
45	50
45	51
45	52
45	53
45	54
46	47
46	48
46	49
46	50
46	51
46	53
46	54
46	55
47	48
47	49
47	50
47	51
47	52
47	53
47	54
48	49
48	50
48	52
48	53
48	55
49	50
49	51
49	52
49	53
49	54
49	55
50	52
50	53
50	54
51	52
51	53
51	54
51	55
52	53
52	54
52	55
53	54
53	55
54	55
56	58
56	59
56	63
56	64
57	59
57	60
57	65
58	59
58	60
58	61
58	62
58	64
58	65
59	60
59	62
59	63
59	64
59	65
60	63
60	64
60	65
61	62
61	64
61	65
62	63
62	65
64	65
66	67
66	68
66	69
66	70
66	71
66	72
66	73
66	74
66	76
66	77
67	69
67	70
67	72
67	76
67	77
68	69
68	71
68	72
68	74
68	76
69	71
69	72
69	74
69	76
69	77
70	72
70	73
70	74
70	77
71	72
71	73
71	75
71	76
71	77
72	73
72	74
72	75
72	76
72	77
73	74
73	75
73	76
73	77
74	75
74	76
74	77
75	76
75	77
76	77
78	80
78	81
78	82
78	83
78	85
78	86
78	88
78	89
78	90
79	80
79	82
79	83
79	84
79	85
79	86
79	87
80	81
80	82
80	84
80	85
80	86
80	87
80	88
80	89
80	90
81	82
81	83
81	84
81	85
81	86
81	87
81	88
81	89
81	90
82	83
82	84
82	86
82	87
82	89
83	84
83	85
83	87
83	88
83	89
83	90
84	85
84	87
84	89
84	90
85	86
85	87
85	88
85	89
85	90
86	87
86	88
86	89
86	90
87	89
87	90
89	90
91	92
91	93
91	95
91	96
91	97
91	99
92	93
92	94
92	95
92	96
92	97
92	98
93	95
93	97
93	98
93	99
94	95
94	97
94	98
95	97
95	99
96	97
96	98
96	99
98	99
100	101
100	103
100	104
100	106
100	107
100	108
100	109
101	102
101	103
101	104
101	105
101	107
101	108
102	105
102	106
102	108
103	104
103	105
103	106
103	107
103	108
104	105
104	106
104	108
105	106
105	108
105	109
106	107
106	108
106	109
107	108
107	109
