\\ machines
12
\\ max power
120
\\ Jobs in machine 1
12
J1	15	4	20	2	1.0452226015169421
J2	15	13	25	27	0.5123401108268347
J3	15	10	36	5	1.3606795081544496
J4	15	5	38	14	0.46081396534552554
J5	15	2	74	4	0.7331305656958113
J6	14	10	27	12	1.2115514479238294
J7	14	2	84	28	1.6315664771540737
J8	14	2	85	17	1.0361047966354167
J9	16	11	58	26	1.83647006728215
J10	14	3	23	26	1.2308995958478433
J11	13	5	48	9	1.2323812289696199
J12	15	8	8	23	1.1761322360255002
\\ Jobs in machine 2
11
J13	14	11	8	25	1.896018021001649
J14	15	2	33	19	1.7970019318697874
J15	16	13	102	16	1.5870001472926796
J16	14	4	77	28	1.2062672918820685
J17	13	14	13	22	2.483228240988016
J18	14	6	43	5	0.8212032013327981
J19	13	5	39	6	1.7552743530774766
J20	16	12	33	20	0.8485250461868199
J21	13	8	106	12	1.0100469999170631
J22	14	1	37	20	1.1968945084018898
J23	12	14	106	9	1.297317551356509
\\ Jobs in machine 3
11
J24	14	1	98	28	0.8515492722140272
J25	14	2	48	3	2.2306585888998383
J26	16	6	36	10	1.1044768748588254
J27	14	12	83	10	1.3701196822920676
J28	14	13	22	20	1.02659625116779
J29	15	7	38	19	0.9273854557813886
J30	17	5	33	6	1.8614718359723188
J31	14	9	93	7	1.4402215553758417
J32	13	3	28	27	0.8900024659863073
J33	14	10	32	9	1.7349845137246254
J34	18	3	91	1	1.2510621628604581
\\ Jobs in machine 4
11
J35	14	7	37	30	1.0279824812082299
J36	13	5	107	17	0.6412483018600009
J37	14	11	2	26	0.8149588113247799
J38	14	6	91	17	1.3073246989321214
J39	13	2	10	30	1.2513166728743343
J40	15	4	92	12	0.1
J41	15	8	76	2	1.0545803595912984
J42	15	5	59	6	1.4207321401348016
J43	15	2	10	8	0.5814726683157002
J44	16	6	65	12	1.2119835501786367
J45	14	14	89	13	0.9864654265700983
\\ Jobs in machine 5
11
J46	15	1	39	17	0.9533452933877046
J47	14	13	26	16	1.3084410122760173
J48	15	6	83	9	0.7279042124355464
J49	14	9	26	1	1.4857116367518786
J50	15	14	20	20	0.7017775463474032
J51	15	10	32	16	1.6770197909058537
J52	14	2	79	21	0.5933779503696132
J53	15	9	8	9	1.2521994127265355
J54	16	4	72	6	1.637702800140944
J55	16	10	2	15	0.46800368488140776
J56	15	2	7	24	2.1659866143821187
\\ Jobs in machine 6
12
J57	16	6	33	21	1.0272848929599958
J58	15	8	76	5	1.7145364925164719
J59	15	1	84	18	0.8376062706381704
J60	14	12	50	17	1.6804790248852173
J61	14	2	2	15	1.4350938880625974
J62	14	7	91	27	0.6519465954714365
J63	11	3	107	1	1.6100154031874332
J64	15	3	67	20	0.9345086697618378
J65	15	13	73	19	0.77154238646991
J66	17	2	31	28	1.423492323552408
J67	13	14	101	6	0.9532981984302189
J68	14	10	90	14	0.31651045970487823
\\ Jobs in machine 7
10
J69	13	9	13	3	1.5036286257307294
J70	13	9	45	13	1.99322098872079
J71	17	6	57	11	0.47633679200988177
J72	14	5	39	29	1.317449383093074
J73	13	6	11	16	1.0985423835107924
J74	16	12	68	11	1.4999439167405366
J75	14	13	10	1	1.0081357658347483
J76	16	7	82	7	1.4817908077338175
J77	15	11	68	4	1.3056648836220086
J78	14	14	66	19	1.235637755780143
\\ Jobs in machine 8
12
J79	14	2	52	20	2.1194444033169924
J80	14	5	58	9	1.860859771672132
J81	13	12	68	25	1.0800074333503697
J82	13	12	43	21	0.9650254495831635
J83	16	3	15	29	0.9110056129709765
J84	14	8	7	29	0.8120135231599941
J85	14	4	53	20	0.9628956632768391
J86	15	9	37	19	1.043414064867943
J87	12	6	13	18	0.9349671417004148
J88	13	4	14	12	2.1189368026220947
J89	14	10	30	27	1.8012526641844802
J90	16	14	60	15	0.9069982669900046
\\ Jobs in machine 9
11
J91	13	12	30	18	2.2272715581743934
J92	15	9	22	24	1.3931301585581732
J93	12	10	77	10	1.1643141604674028
J94	14	1	99	15	0.4609315762865829
J95	16	6	93	14	1.7023299477718723
J96	15	1	56	8	1.2398075176125716
J97	15	3	22	3	1.0796652322478897
J98	14	10	3	2	0.3986407212819756
J99	15	6	64	16	1.1034716746968696
J100	15	13	11	22	1.8968059448789605
J101	16	2	39	11	1.3935381969363037
\\ Jobs in machine 10
11
J102	16	3	77	11	1.7799751069322556
J103	14	6	105	1	0.6683981554821061
J104	14	7	49	30	2.5891963283112855
J105	15	9	3	29	1.5860028318161017
J106	14	4	22	24	0.1
J107	14	3	92	3	1.6777120007478872
J108	14	3	31	7	1.1350995330445712
J109	15	1	4	24	1.253782560084594
J110	13	4	67	16	0.4742867779559484
J111	15	5	31	4	0.8641117981511819
J112	15	1	75	30	0.6482640983486724
\\ Jobs in machine 11
10
J113	15	13	38	13	1.283422191309985
J114	15	9	28	26	2.1477895644415423
J115	16	13	55	18	0.3392437042485351
J116	14	7	11	25	1.5085638262526506
J117	14	3	8	15	0.5898188170149269
J118	12	6	19	6	0.8320336416967715
J119	14	8	59	6	1.0045431557309927
J120	16	14	22	24	1.1752212004122127
J121	15	9	25	12	0.6953246049148163
J122	16	13	44	22	0.45728825873469925
\\ Jobs in machine 12
10
J123	13	13	15	14	1.633460322358263
J124	14	2	3	12	0.3068834932614506
J125	15	13	96	30	1.5205205386670202
J126	15	13	81	23	1.4209263901531302
J127	15	5	81	10	0.30624463374752
J128	13	14	15	9	1.433434013688395
J129	14	11	25	6	1.1152459013615135
J130	16	5	16	15	1.3510927189449422
J131	13	12	42	2	1.2822033822903867
J132	13	8	42	10	0.8992410434481035
\\ Dependencies 
189
1	2
1	5
1	9
2	8
2	9
3	8
3	10
4	11
5	6
6	7
6	8
6	12
7	8
7	10
7	12
8	11
8	12
10	12
13	15
13	19
14	20
14	21
15	19
15	20
16	18
17	19
17	21
17	22
18	22
19	20
19	22
20	22
20	23
21	23
22	23
25	27
25	29
25	30
26	29
26	30
27	28
27	30
27	31
27	34
28	29
28	30
28	33
29	34
30	34
31	34
32	34
35	36
35	37
35	41
36	39
36	43
37	38
37	40
38	41
38	43
38	44
39	42
40	43
41	43
41	45
43	45
44	45
46	52
46	53
46	55
47	50
48	49
48	56
50	51
50	52
50	53
50	55
50	56
52	53
52	56
57	60
57	62
57	68
58	60
58	61
58	63
58	64
58	67
58	68
59	62
59	64
60	61
60	63
60	65
60	67
61	63
61	66
61	68
63	64
63	68
64	65
64	66
64	67
65	67
65	68
66	67
69	70
69	78
70	71
70	73
70	74
70	75
71	73
71	75
72	74
72	76
72	78
73	75
74	77
75	77
75	78
79	84
79	85
80	82
80	87
80	89
81	84
81	87
81	90
82	84
82	85
82	86
82	88
82	89
83	84
83	85
83	87
83	89
85	88
86	88
87	90
89	90
91	92
91	94
91	98
91	100
92	98
94	97
95	98
95	101
99	100
99	101
100	101
102	103
102	110
103	104
103	106
103	107
104	107
104	108
105	109
106	108
106	110
107	110
108	109
109	112
110	111
110	112
113	115
113	119
114	119
114	120
115	118
115	119
116	121
117	118
117	119
119	121
123	125
123	127
123	131
124	129
124	131
125	126
125	132
127	130
127	131
127	132
128	131
