\\ machines
10
\\ max power
100
\\ Jobs in machine 1
12
J1	15	12	23	6	1.9039939782259407
J2	15	10	91	3	1.1552511535707564
J3	14	1	87	12	1.246410276343748
J4	15	14	59	11	1.4824000862520703
J5	15	12	106	22	0.4734523379716019
J6	15	11	41	15	1.0236595081729716
J7	14	1	49	4	1.5245998826105118
J8	14	14	41	10	0.8671281151952774
J9	13	5	51	7	0.827565861485553
J10	15	14	15	23	1.0560456196828745
J11	14	13	76	22	1.8640149136842037
J12	13	6	71	23	0.5329886150180936
\\ Jobs in machine 2
11
J13	13	12	65	7	1.4750778745580666
J14	15	9	62	11	1.1598166377937542
J15	14	7	26	19	0.3797146104601996
J16	13	9	49	17	0.6110001451651915
J17	13	12	52	17	1.99738276921209
J18	15	14	85	4	0.6132326593332104
J19	16	3	68	9	0.7519570061816735
J20	14	3	68	11	0.7662070831466755
J21	14	7	109	11	1.3029505031323338
J22	16	4	30	15	1.102085930888444
J23	13	11	9	9	1.2446799222227038
\\ Jobs in machine 3
12
J24	16	14	37	1	0.4449239029187054
J25	15	12	35	7	1.2279563949100276
J26	16	13	50	3	1.0032606525387124
J27	14	3	70	9	1.352786077464447
J28	13	13	78	21	1.8267393512165642
J29	15	4	25	25	1.9525752341562441
J30	14	5	92	12	0.7356115891327064
J31	14	3	96	14	0.605057839480602
J32	14	3	104	20	1.7462094602635445
J33	15	4	5	10	0.7244304159612824
J34	15	3	45	25	0.9758881883837414
J35	14	7	15	5	0.873227436879261
\\ Jobs in machine 4
12
J36	14	5	55	12	1.3405932216101
J37	15	11	80	6	1.344351063152064
J38	12	12	46	20	2.04754164017676
J39	13	11	20	5	1.7689219918904628
J40	15	7	88	10	1.507234331115848
J41	14	11	50	7	1.47071957648102
J42	15	6	63	24	0.9233669914648709
J43	15	5	40	12	0.7468730198368738
J44	16	6	14	1	1.8909342167308556
J45	15	13	33	13	0.8571364954017359
J46	14	12	84	25	1.2228155884280296
J47	14	14	3	19	1.4526489629601584
\\ Jobs in machine 5
11
J48	15	1	55	17	1.8510503903480657
J49	15	6	76	19	0.8342589453916831
J50	14	9	102	23	0.864111516580292
J51	16	3	96	16	1.4983718789510683
J52	16	12	74	10	1.5027227217965886
J53	15	12	65	22	1.3263909354821433
J54	15	2	24	16	0.1927564783962339
J55	16	5	36	10	1.2526061223623162
J56	16	12	92	3	0.1
J57	13	2	13	25	1.0289696071031416
J58	13	10	25	20	1.965943261518355
\\ Jobs in machine 6
13
J59	16	9	16	19	1.1008262850585608
J60	13	1	9	14	1.5520335303532184
J61	16	11	57	7	1.465187289593227
J62	13	10	57	4	0.6885653040706169
J63	14	11	4	21	1.0721316995398247
J64	17	3	87	16	1.5815817200278504
J65	15	11	23	1	1.172816155360552
J66	17	2	94	21	1.644414680435503
J67	15	8	60	7	1.9899132669038262
J68	14	14	43	1	1.5891139828745706
J69	16	4	94	19	1.2207793176341046
J70	14	10	32	3	1.058992959487407
J71	15	7	38	15	0.40367917844286594
\\ Jobs in machine 7
12
J72	14	9	2	12	1.221441964190746
J73	15	6	109	20	2.2266722538116452
J74	13	12	29	10	1.410289728815783
J75	15	2	106	10	1.1546598605559732
J76	14	7	95	3	0.4988646419399959
J77	16	1	91	20	1.3576960074218596
J78	14	11	83	11	0.5205997769362982
J79	16	7	29	7	1.1083811375026869
J80	14	7	44	13	1.5065906340798825
J81	16	8	53	6	2.0939430524113405
J82	14	5	21	5	0.8430448849039237
J83	14	6	99	6	1.2677243217573846
\\ Jobs in machine 8
11
J84	13	4	110	19	1.000260660234695
J85	14	12	25	21	1.2457681427536968
J86	14	8	12	5	1.1860113619426054
J87	13	5	99	8	0.5559129630531023
J88	16	10	42	13	1.8957699216208135
J89	15	3	95	6	1.1859777706958066
J90	15	12	51	3	1.699487801604491
J91	14	13	29	14	1.1537787703376068
J92	15	14	93	2	1.1533556351255092
J93	14	7	72	22	0.9136424285985638
J94	14	6	100	1	1.6556135027477061
\\ Jobs in machine 9
12
J95	13	6	91	8	0.9703744482927692
J96	15	11	31	2	0.8270167583842281
J97	16	7	93	22	1.0987873912748034
J98	15	2	8	6	1.0052889730403731
J99	14	11	29	8	1.4240419076300244
J100	15	6	70	8	2.1602351831131474
J101	16	11	66	4	1.4453093696998713
J102	15	14	93	15	1.3877917752615707
J103	13	11	100	6	1.0015877066591157
J104	15	5	5	15	1.6784815009591982
J105	14	7	31	23	1.7634306575793837
J106	13	1	83	10	1.3522456384539672
\\ Jobs in machine 10
11
J107	15	3	110	11	0.1
J108	14	6	51	23	1.155292562561501
J109	14	3	102	23	1.2647365426674824
J110	13	3	54	22	0.5013092255389157
J111	16	6	14	20	1.6142841865144661
J112	14	5	60	3	0.2061934954789122
J113	14	8	25	7	1.3687091889780847
J114	15	12	60	12	0.9930123049972952
J115	14	11	64	8	0.2983119458352347
J116	12	2	37	18	1.5886686461070563
J117	16	11	37	8	1.3925873417859338
\\ Dependencies 
504
1	2
1	3
1	4
1	5
1	7
1	8
1	10
1	12
2	3
2	4
2	6
2	7
2	8
2	9
2	11
2	12
3	4
3	5
3	7
3	8
3	9
3	10
3	11
3	12
4	6
4	7
4	9
4	10
4	11
5	6
5	7
5	8
5	9
5	10
5	11
5	12
6	7
6	9
6	10
6	11
6	12
7	8
7	10
7	11
7	12
8	9
8	11
8	12
9	10
9	11
9	12
10	11
11	12
13	14
13	16
13	17
13	18
13	20
13	21
13	22
13	23
14	15
14	16
14	17
14	18
14	20
14	21
14	22
14	23
15	16
15	17
15	19
15	20
15	21
15	22
15	23
16	17
16	18
16	19
16	20
16	21
16	22
16	23
17	18
17	19
17	20
17	21
17	22
17	23
18	19
18	20
18	21
18	22
18	23
19	22
20	21
20	22
21	22
21	23
22	23
24	25
24	26
24	27
24	29
24	30
24	31
24	32
24	33
24	34
25	27
25	28
25	29
25	30
25	32
25	33
25	34
26	27
26	29
26	30
26	31
26	32
26	33
26	34
26	35
27	28
27	29
27	30
27	31
27	32
27	33
27	34
27	35
28	29
28	30
28	31
28	32
28	34
28	35
29	30
29	32
29	34
29	35
30	31
30	32
30	34
30	35
31	32
31	33
31	34
31	35
32	33
32	34
32	35
33	34
33	35
34	35
36	37
36	38
36	39
36	40
36	41
36	42
36	43
36	46
36	47
37	38
37	39
37	40
37	41
37	42
37	43
37	44
37	45
37	46
37	47
38	39
38	40
38	41
38	42
38	43
38	44
38	46
38	47
39	40
39	41
39	43
39	44
39	46
39	47
40	41
40	42
40	43
40	44
40	45
40	46
40	47
41	42
41	44
41	45
41	46
41	47
42	44
42	45
42	46
42	47
43	45
43	46
44	45
44	46
44	47
45	46
45	47
46	47
48	50
48	51
48	52
48	53
48	54
48	55
49	50
49	51
49	52
49	53
49	54
49	55
49	57
50	51
50	53
50	57
51	52
51	53
51	54
51	55
51	56
51	57
51	58
52	53
52	55
52	56
52	57
52	58
53	54
53	55
53	56
53	57
54	55
54	57
54	58
55	56
55	58
56	57
56	58
57	58
59	60
59	61
59	62
59	63
59	65
59	66
59	67
59	68
59	70
59	71
60	61
60	62
60	63
60	64
60	65
60	67
60	68
60	70
61	62
61	63
61	64
61	65
61	67
61	68
61	69
61	71
62	64
62	65
62	66
62	67
62	68
62	69
62	70
62	71
63	64
63	66
63	68
63	69
63	70
64	66
64	68
64	69
64	70
64	71
65	66
65	70
65	71
66	68
66	69
66	70
66	71
67	68
67	70
67	71
68	69
68	70
68	71
69	70
69	71
72	73
72	74
72	75
72	76
72	77
72	78
72	79
72	81
72	82
72	83
73	74
73	75
73	76
73	79
73	80
73	81
73	82
73	83
74	75
74	79
74	80
74	81
74	82
75	77
75	78
75	79
75	80
75	82
75	83
76	77
76	78
76	79
76	80
76	81
76	82
76	83
77	78
77	79
77	80
77	81
77	82
77	83
78	79
78	80
78	81
78	82
78	83
79	80
79	83
80	81
80	82
81	83
84	85
84	86
84	87
84	89
84	90
84	91
84	92
84	93
85	86
85	87
85	88
85	89
85	91
85	94
86	88
86	89
86	90
86	91
86	93
86	94
87	88
87	90
87	91
87	92
87	93
87	94
88	89
88	91
88	92
88	94
89	90
89	91
89	92
89	93
89	94
90	91
90	92
90	93
92	93
93	94
95	97
95	99
95	100
95	101
95	102
95	103
95	104
95	105
95	106
96	97
96	98
96	100
96	101
96	102
96	103
96	104
96	105
96	106
97	98
97	101
97	102
97	103
97	106
98	100
98	101
98	102
98	103
98	104
98	106
99	100
99	101
99	102
99	103
99	105
99	106
100	101
100	102
100	103
100	104
100	105
100	106
101	102
101	103
101	104
102	103
102	104
102	105
102	106
103	104
103	105
103	106
104	105
105	106
107	108
107	109
107	110
107	111
107	112
107	113
107	116
107	117
108	109
108	110
108	112
108	113
108	114
108	115
108	117
109	110
109	111
109	112
109	114
109	115
109	116
109	117
110	111
110	112
110	114
110	115
110	116
110	117
111	112
111	113
111	114
111	115
111	116
112	113
112	114
112	115
112	116
113	114
113	115
113	116
113	117
114	115
114	116
114	117
115	116
115	117
116	117
