\\ machines
20
\\ max power
200
\\ Jobs in machine 1
12
J1	13	1	69	10	0.966362574844644
J2	14	14	35	41	0.680372341277275
J3	14	8	57	11	1.8312608389416805
J4	15	12	41	13	2.5860669423807816
J5	14	5	22	13	1.017588530219903
J6	16	8	93	40	1.4037787195929807
J7	14	13	38	48	1.2622983396441219
J8	16	6	44	46	0.36403444557125153
J9	15	1	94	40	0.9950047641721073
J10	16	1	8	3	1.4379631392986587
J11	15	13	60	20	1.33017506938913
J12	15	7	82	46	0.12077458977693123
\\ Jobs in machine 2
11
J13	17	7	70	41	1.2672090561467257
J14	15	5	103	22	0.9119541927474932
J15	14	1	103	32	0.8276751668958635
J16	14	6	27	26	1.029979789866863
J17	15	4	103	24	1.2929075381204282
J18	16	14	48	4	0.9976395375795458
J19	15	3	80	44	1.3721498641200978
J20	14	8	77	7	1.2420587323491705
J21	15	2	85	24	1.1874501484814723
J22	14	5	76	31	1.784249963651829
J23	15	4	100	50	0.649029165414585
\\ Jobs in machine 3
12
J24	15	11	93	29	2.1458873260252154
J25	15	10	92	37	1.7494406847425037
J26	15	9	60	6	0.6023862384444394
J27	13	3	87	21	1.1564873223098566
J28	15	13	49	42	0.5450553354416063
J29	13	12	69	50	0.33567956306352287
J30	15	9	33	32	1.5831535572137079
J31	13	6	37	34	1.4610304869922204
J32	15	14	4	7	2.018302434677117
J33	12	7	15	24	1.7143340573157086
J34	15	14	72	17	1.4926182091234848
J35	16	3	73	20	0.9492490587145064
\\ Jobs in machine 4
12
J36	14	14	74	10	1.6151440744070706
J37	12	11	52	34	0.7165275371018975
J38	15	8	96	10	1.4132570972540235
J39	14	9	62	20	1.6507775355546115
J40	15	5	19	19	1.2899316884526728
J41	14	3	73	28	0.8198127727011859
J42	15	13	33	19	1.0703235482878921
J43	15	6	32	46	1.0918499985162875
J44	14	7	13	19	0.8043813297353699
J45	13	13	60	4	1.1578721917404171
J46	13	14	101	34	0.6974104782684204
J47	13	6	80	33	1.9143296229146305
\\ Jobs in machine 5
10
J48	13	1	8	13	1.0156210424467385
J49	15	12	104	16	1.8619395146108624
J50	14	9	54	50	1.1817691879372525
J51	13	11	23	7	1.5798852005721062
J52	15	10	82	36	1.2624342202878553
J53	15	13	59	14	0.6955465241238508
J54	15	13	103	46	0.89388299896667
J55	14	13	55	40	1.4179904835859023
J56	14	4	23	33	1.2803945579250946
J57	14	12	72	17	1.301173927268398
\\ Jobs in machine 6
11
J58	15	11	71	9	1.0833027960227852
J59	14	12	105	35	1.4500345875978065
J60	14	10	15	1	1.5743573059067568
J61	13	8	92	32	1.4803242962527277
J62	14	9	4	26	1.0701848350963536
J63	15	2	95	19	0.26902323230420055
J64	13	10	55	3	1.1305029372607989
J65	15	1	53	17	2.318882246985738
J66	14	12	17	15	1.7328403283965943
J67	15	4	13	25	1.7775914773504329
J68	14	10	2	13	0.4957585421687083
\\ Jobs in machine 7
10
J69	15	13	41	17	1.5540879178889022
J70	14	1	10	2	0.4313643498219738
J71	15	11	86	3	1.587798994695374
J72	16	10	69	16	1.438211112608702
J73	15	14	19	13	2.011587553186599
J74	16	10	76	2	0.4902023494616422
J75	13	7	69	32	1.5666246493036406
J76	16	2	101	21	1.7836985659178535
J77	13	3	106	2	0.510407824195288
J78	16	13	9	19	1.1539181401333842
\\ Jobs in machine 8
11
J79	14	13	11	14	1.325359201308626
J80	15	1	93	3	0.8444359988806002
J81	15	2	7	31	1.0930532634708225
J82	15	3	81	15	0.36126488851091365
J83	15	14	42	11	1.000270689078108
J84	15	3	79	18	1.425561618062113
J85	14	4	64	42	0.9966455582369589
J86	14	4	26	33	1.0324153547953363
J87	17	12	69	47	1.997273051659448
J88	13	8	87	26	1.7936155241639506
J89	13	7	64	18	0.9774914993620603
\\ Jobs in machine 9
12
J90	14	8	10	16	0.5766999564789518
J91	15	7	104	14	1.2524954026206248
J92	16	8	9	1	1.0639187300419708
J93	16	11	12	18	0.8248020040436942
J94	15	14	33	1	1.2689409855326637
J95	15	1	4	48	1.56796664263176
J96	15	8	20	16	1.7684188816557707
J97	16	4	109	36	1.2169583464314997
J98	15	9	81	49	1.0986639613680156
J99	15	8	103	49	1.3744245524837713
J100	15	14	94	4	1.5004814930264938
J101	14	7	95	48	0.6624709710503566
\\ Jobs in machine 10
9
J102	15	10	110	7	0.9019044535561636
J103	14	13	2	28	1.59235915800335
J104	15	11	52	38	1.7515923144667571
J105	14	1	57	43	1.162876082656846
J106	15	13	102	49	1.7917201807387773
J107	15	3	12	45	0.9654959368901326
J108	14	14	31	17	1.3587084444236444
J109	17	14	47	31	1.2803751442090576
J110	17	8	44	42	0.21697850379284656
\\ Jobs in machine 11
11
J111	14	12	68	41	0.4563370546218408
J112	14	14	86	3	1.4334604516245957
J113	14	7	6	5	1.4609492413598875
J114	15	13	66	49	0.28723686644487145
J115	16	3	3	10	0.4863728159422819
J116	15	4	77	19	1.6352797935854344
J117	14	2	29	42	1.0741118404587437
J118	16	12	97	4	1.0924184520245386
J119	14	2	90	13	1.1145056280417993
J120	15	6	77	36	2.7243702198384767
J121	16	10	71	36	1.0558497207219704
\\ Jobs in machine 12
12
J122	16	4	54	29	0.7929521557671426
J123	15	5	2	3	0.3389992085174225
J124	14	10	52	47	1.2395815096374911
J125	16	6	59	31	1.019856168484947
J126	14	4	4	26	1.4476639343533275
J127	15	8	23	40	1.9226209542361214
J128	14	11	99	19	1.593199384071568
J129	13	4	65	4	2.4917741435512766
J130	15	4	5	40	0.6183614122347328
J131	15	3	56	3	1.2617521810706505
J132	15	10	18	20	1.040180078176535
J133	14	13	63	19	1.0683350258149844
\\ Jobs in machine 13
10
J134	16	11	13	5	1.3456403681177715
J135	14	9	92	18	1.4163783116059776
J136	15	3	53	38	0.41637673141953246
J137	14	9	3	49	0.40627453072481934
J138	15	4	76	17	0.44984341746875933
J139	15	5	49	6	0.9206799992612604
J140	15	5	86	7	1.1734762883269387
J141	14	8	45	20	0.258072823153897
J142	14	5	74	47	0.8207655021568772
J143	14	12	5	24	0.72146039863045
\\ Jobs in machine 14
9
J144	15	7	72	19	1.0170414923633646
J145	15	3	23	18	0.5890170742761889
J146	14	12	30	26	0.25999592213357225
J147	15	2	60	33	1.5920349555833069
J148	13	5	6	45	0.6260653174964504
J149	15	2	80	21	1.6166429330786074
J150	13	6	52	22	1.9346523823887536
J151	15	4	79	39	2.211600537417965
J152	15	12	74	34	0.5143916000233765
\\ Jobs in machine 15
11
J153	15	13	48	19	1.0952232890533198
J154	14	1	87	28	1.1851447681229592
J155	15	7	74	43	1.270213033871542
J156	12	4	43	10	0.3331057866677215
J157	13	14	60	44	1.4529763778626317
J158	14	7	18	39	1.9029727129115377
J159	14	7	55	12	1.1581929238899094
J160	15	12	52	18	1.4442769453492414
J161	15	3	103	25	0.9653590546436546
J162	14	2	32	12	0.28742130553108536
J163	14	10	82	27	1.4241042871157321
\\ Jobs in machine 16
12
J164	14	8	21	14	0.9129610130011165
J165	13	12	74	25	0.8967427420376611
J166	15	11	86	40	1.1256315712122538
J167	14	6	70	33	1.3154096151554282
J168	15	12	57	50	0.6661100297623409
J169	14	5	81	16	1.6874490864302738
J170	14	4	30	47	0.9642307799802792
J171	13	8	96	38	1.2423740300162063
J172	13	6	105	33	1.1908282552874856
J173	14	13	17	26	1.7185962288166694
J174	16	13	90	34	1.2749597622871527
J175	16	12	86	41	0.5805775797992642
\\ Jobs in machine 17
13
J176	14	8	57	7	0.6420893945800761
J177	13	8	7	31	0.7465082753361838
J178	16	10	51	41	1.5372810593637878
J179	14	11	95	34	1.136629911629445
J180	14	3	39	38	1.9929426802063508
J181	14	7	45	24	0.7740270444854868
J182	15	10	25	36	1.7915819287825925
J183	14	5	94	3	1.9465057017136578
J184	13	4	9	49	1.3019744427573214
J185	13	13	90	16	0.8798211063502059
J186	15	2	34	19	0.8717163115826996
J187	14	9	82	43	1.4019257342278906
J188	15	3	101	46	1.140621412601633
\\ Jobs in machine 18
11
J189	16	14	82	11	1.8315621973239156
J190	13	3	2	22	0.9867886865591394
J191	14	1	93	4	1.0946690968915815
J192	16	5	22	50	1.0934790719966487
J193	14	1	60	16	1.4480033902802374
J194	14	8	45	2	0.9006129408231818
J195	14	8	51	45	1.348301209608425
J196	15	14	83	17	2.738563668426721
J197	14	10	80	16	1.1176138302680576
J198	14	4	67	42	1.4765964899390478
J199	14	13	66	27	1.5996617243028606
\\ Jobs in machine 19
11
J200	16	3	15	33	1.5112410845460464
J201	14	8	37	24	0.9245229221322587
J202	16	13	50	11	1.0495448175606343
J203	15	8	34	50	0.9308992274450969
J204	15	12	70	9	0.6428643486643421
J205	14	10	35	2	0.8777721129644295
J206	12	6	14	32	1.3440274201728395
J207	14	7	24	27	0.8399011669386616
J208	15	11	90	26	1.2861238955659657
J209	14	2	108	47	1.0620939709923827
J210	14	3	6	17	0.8686321199756715
\\ Jobs in machine 20
11
J211	15	13	52	8	1.5269726889805275
J212	15	8	39	20	0.1
J213	14	10	89	33	2.4560777815619295
J214	14	8	9	37	1.2530165500466859
J215	14	5	14	44	0.3488350651528995
J216	15	9	26	8	1.3513818096478412
J217	17	1	61	27	0.3346794571524928
J218	15	1	98	15	1.4708172081982007
J219	14	10	52	37	1.578774805927981
J220	15	3	33	29	0.965716700751972
J221	16	13	53	44	1.5587862138709268
\\ Dependencies 
775
1	2
1	3
1	4
1	6
1	7
1	8
1	9
2	3
2	4
2	5
2	7
2	8
2	9
2	11
2	12
3	4
3	5
3	6
3	7
3	10
3	11
4	5
4	6
4	7
4	8
4	9
4	10
5	6
5	10
5	11
5	12
6	9
6	10
6	12
7	8
7	11
7	12
8	10
8	11
9	10
9	11
9	12
10	11
10	12
13	14
13	15
13	16
13	17
13	18
13	19
13	20
13	22
13	23
14	15
14	16
14	17
14	18
14	19
14	20
14	21
14	22
14	23
15	18
15	21
15	22
15	23
16	17
16	20
16	21
16	22
16	23
17	18
17	19
17	20
17	21
17	22
17	23
18	19
18	20
18	22
19	21
19	22
19	23
20	22
20	23
21	22
21	23
24	25
24	26
24	27
24	28
24	29
24	30
24	31
24	32
24	33
24	34
25	26
25	28
25	29
25	30
25	31
25	32
25	33
25	35
26	27
26	28
26	29
26	30
26	31
26	32
26	33
26	34
26	35
27	30
27	32
27	34
27	35
28	29
28	30
28	31
28	32
28	33
29	30
29	31
29	32
29	33
29	34
29	35
30	32
30	33
30	34
30	35
31	32
31	34
32	34
32	35
33	34
34	35
36	37
36	38
36	39
36	40
36	41
36	42
36	43
36	44
36	45
36	46
36	47
37	38
37	40
37	45
37	46
37	47
38	43
38	44
38	45
38	46
38	47
39	40
39	43
39	44
39	46
39	47
40	41
40	42
40	44
40	45
40	46
40	47
41	43
41	44
42	45
42	46
43	44
43	46
44	47
45	46
46	47
48	49
48	50
48	51
48	54
48	56
48	57
49	51
49	54
49	56
49	57
50	51
50	52
50	54
50	55
50	57
51	52
51	53
51	55
51	57
52	53
52	54
52	55
52	57
53	55
53	56
53	57
54	57
56	57
58	59
58	60
58	62
58	63
58	64
58	65
58	67
59	60
59	61
59	62
59	63
59	66
59	67
60	61
60	63
60	65
60	66
60	67
60	68
61	62
61	63
61	64
61	65
61	67
62	63
62	64
62	68
63	64
63	65
63	66
63	67
64	65
64	66
64	67
64	68
65	67
65	68
66	68
67	68
69	70
69	71
69	72
69	73
69	74
69	75
69	76
69	78
70	71
70	74
70	77
70	78
71	72
71	73
71	74
71	76
71	78
72	76
72	77
73	75
73	76
73	77
73	78
74	76
74	77
74	78
75	77
75	78
76	77
76	78
79	82
79	83
79	86
79	87
80	82
80	83
80	84
80	85
80	86
80	87
80	88
80	89
81	82
81	83
81	84
81	86
81	87
81	88
81	89
82	83
82	86
82	88
83	84
83	85
83	86
83	87
83	88
83	89
84	85
84	86
84	88
84	89
85	87
85	88
85	89
86	87
86	88
87	88
87	89
88	89
90	91
90	92
90	93
90	95
90	96
90	97
90	98
90	100
90	101
91	92
91	93
91	94
91	97
91	98
91	99
91	101
92	96
92	98
92	99
92	100
92	101
93	94
93	95
93	96
93	97
93	99
93	101
94	95
94	98
94	99
94	100
94	101
95	97
95	98
95	100
95	101
96	97
96	98
96	99
96	100
96	101
97	99
97	101
98	99
98	100
98	101
100	101
102	103
102	104
102	107
102	108
102	109
102	110
103	104
103	106
103	107
103	109
103	110
104	105
104	106
104	107
104	109
104	110
105	106
106	108
106	109
107	108
107	110
108	109
108	110
109	110
111	112
111	113
111	114
111	118
111	120
111	121
112	114
112	115
112	118
112	119
112	120
112	121
113	114
113	115
113	116
113	118
113	120
114	115
114	116
114	117
114	118
114	119
114	120
114	121
115	116
115	117
115	119
115	120
115	121
116	117
116	118
116	119
116	121
117	118
117	120
117	121
118	119
118	120
119	120
119	121
120	121
122	123
122	125
122	126
122	127
122	128
122	129
122	131
122	132
122	133
123	125
123	126
123	127
123	128
123	129
123	131
123	132
123	133
124	125
124	126
124	127
124	128
124	129
124	131
124	132
124	133
125	126
125	127
125	128
125	130
125	131
125	132
126	127
126	128
126	129
126	130
126	132
126	133
127	128
127	131
127	133
128	129
128	130
128	133
129	130
129	131
129	132
130	131
130	132
130	133
132	133
134	136
134	137
134	139
134	140
134	141
134	142
135	136
135	138
135	139
135	141
135	142
135	143
136	137
136	138
136	139
136	140
136	141
136	143
137	138
137	139
137	140
137	141
138	140
138	141
138	142
139	140
139	141
139	143
140	141
140	142
140	143
141	142
142	143
144	145
144	146
144	148
144	149
144	150
144	152
145	146
145	147
145	148
145	149
145	151
146	147
146	148
146	150
147	148
147	149
147	150
147	151
148	149
148	150
148	151
149	150
149	152
150	151
151	152
153	154
153	158
153	159
153	160
153	161
153	162
153	163
154	155
154	156
154	159
154	162
155	156
155	157
155	160
155	161
155	162
156	157
156	158
156	159
156	160
156	161
156	163
157	159
157	160
157	162
157	163
158	161
158	163
159	160
159	161
159	163
160	161
160	163
162	163
164	166
164	167
164	168
164	169
164	171
164	172
164	173
164	174
165	166
165	168
165	169
165	170
165	173
165	174
166	167
166	169
166	171
166	172
166	173
166	174
166	175
167	168
167	170
167	171
168	169
168	170
168	171
168	172
168	174
168	175
169	171
169	172
169	173
169	175
170	173
170	174
170	175
171	172
171	174
171	175
172	173
172	174
172	175
173	175
174	175
176	178
176	179
176	180
176	181
176	182
176	183
176	184
176	187
176	188
177	178
177	179
177	180
177	182
177	184
177	185
177	187
178	180
178	181
178	183
178	184
178	186
178	187
178	188
179	180
179	181
179	182
179	183
179	186
179	188
180	181
180	183
180	184
180	186
180	187
181	182
181	184
181	185
181	186
181	188
182	183
182	185
182	186
182	187
182	188
183	185
183	186
183	188
184	185
184	186
184	187
184	188
185	187
185	188
186	187
189	190
189	192
189	194
189	197
189	198
190	191
190	192
190	194
190	195
190	196
190	197
190	198
190	199
191	192
191	193
191	194
191	195
191	197
191	198
192	193
192	195
192	197
192	198
192	199
193	195
193	196
193	198
194	195
194	196
194	197
194	199
195	196
195	197
195	198
195	199
196	197
196	198
196	199
197	199
200	203
200	205
200	206
200	207
200	208
201	204
201	206
201	207
201	208
201	209
202	203
202	204
202	206
202	209
202	210
203	206
203	207
203	208
204	206
204	208
204	209
204	210
205	206
205	207
205	208
205	209
205	210
206	208
206	209
207	209
207	210
209	210
211	212
211	213
211	214
211	215
211	216
211	218
211	219
211	221
212	215
212	217
212	220
213	214
213	217
213	219
213	220
213	221
214	215
214	216
214	219
214	220
214	221
215	216
215	218
215	220
215	221
216	218
216	220
216	221
217	219
217	220
218	219
219	220
219	221
220	221
