\\ machines
8
\\ max power
80
\\ Jobs in machine 1
10
J1	14	14	62	19	0.8504266121752122
J2	15	8	69	6	0.16259563836472402
J3	14	3	83	13	1.0469810656268002
J4	14	8	31	2	0.5263712215855234
J5	15	14	109	18	1.1871257438936862
J6	13	8	106	11	1.183070374595776
J7	13	2	76	13	0.9624762262577452
J8	16	12	28	19	1.4121126343983916
J9	15	8	61	17	0.6584174639326523
J10	15	8	97	10	0.6879771492007799
\\ Jobs in machine 2
9
J11	14	2	97	10	1.7065424477509135
J12	14	13	57	3	1.2029560296144706
J13	15	12	73	16	0.7928879659354331
J14	14	12	17	18	1.885805314513138
J15	16	1	12	13	0.5567864136775414
J16	13	4	33	13	1.1352157963926295
J17	14	4	108	5	1.285336851305777
J18	14	7	91	8	1.3481826283828957
J19	16	11	18	13	1.0348725217107773
\\ Jobs in machine 3
11
J20	13	4	16	18	1.6640986088180874
J21	15	5	79	2	1.5719911564069005
J22	14	1	40	16	2.780026634598877
J23	15	4	28	19	2.086741663411027
J24	15	6	41	13	1.4073769454476652
J25	12	13	76	1	1.7320933900739979
J26	15	8	24	3	0.7464324104796181
J27	16	13	110	13	0.8890558499960581
J28	14	3	43	7	0.1
J29	14	3	87	15	1.3853906089348027
J30	14	8	39	9	1.868649323304985
\\ Jobs in machine 4
10
J31	15	7	96	18	0.4002940066520049
J32	13	6	49	11	0.6766248490967577
J33	15	13	71	14	0.5714609001150512
J34	14	1	107	8	1.6763316525978582
J35	15	4	80	2	1.2659044867549298
J36	14	1	17	15	0.8603949598575735
J37	14	11	8	11	0.7354986256221852
J38	15	6	28	11	1.3014243107654815
J39	15	11	2	12	1.3625005438063769
J40	14	2	101	20	0.7519085223824492
\\ Jobs in machine 5
9
J41	14	13	82	9	0.49857551655888943
J42	13	12	61	6	0.8512330653861894
J43	13	9	54	10	0.5213427679989123
J44	16	10	67	4	0.8436466443997896
J45	14	7	60	15	1.7442510472773427
J46	15	11	73	8	0.8645365198698316
J47	13	2	24	2	1.0606357063275094
J48	13	8	102	13	0.1
J49	14	9	60	5	1.7010791487907593
\\ Jobs in machine 6
10
J50	15	13	88	14	1.074157458277004
J51	15	1	66	15	1.6827133983728173
J52	16	1	39	17	1.5942498847878415
J53	13	11	23	2	1.322606581267271
J54	14	6	31	12	1.1785070025302022
J55	14	5	4	4	0.7286690740539958
J56	13	11	16	14	1.0490213019287447
J57	13	14	54	1	2.3156524976471946
J58	16	7	65	16	1.4602138588830893
J59	13	4	12	20	1.5781902233253688
\\ Jobs in machine 7
10
J60	14	10	34	14	0.7330325110611435
J61	13	13	84	17	0.8292817416926576
J62	16	1	88	5	1.1324272315017119
J63	14	8	69	12	1.13435841150302
J64	14	1	84	16	1.5455677453840613
J65	15	11	54	10	1.0963143225355612
J66	15	3	61	15	1.2200987684189863
J67	16	5	30	12	1.4690963738562366
J68	14	3	43	18	1.7064057617210517
J69	15	11	91	4	1.2258517667231599
\\ Jobs in machine 8
12
J70	16	13	37	2	1.5040187908436526
J71	16	7	57	11	0.29803757052650215
J72	14	11	106	11	1.14174085687652
J73	15	5	31	8	0.7617355395764029
J74	14	3	23	18	1.561033757698892
J75	15	4	84	10	1.9691838688742824
J76	14	14	15	17	1.2491150137236544
J77	15	11	18	19	1.2969540057964857
J78	16	1	44	6	1.6912804017356553
J79	16	9	6	3	1.38034666807246
J80	13	10	66	3	1.2322423146387185
J81	13	11	25	9	0.8157742368993497
\\ Dependencies 
76
3	9
4	5
5	9
7	10
9	10
11	18
12	15
12	18
12	19
13	15
14	18
15	17
16	17
16	19
17	18
17	19
20	23
20	26
20	29
21	23
21	27
21	28
22	26
22	27
23	27
26	30
29	30
33	34
34	36
34	39
39	40
41	45
41	48
42	43
42	44
42	45
42	47
45	46
45	48
46	49
50	53
50	59
51	56
51	58
53	59
54	59
55	59
56	58
58	59
60	62
60	67
61	62
61	63
61	65
62	63
63	64
63	66
64	65
64	69
70	73
70	75
70	76
70	81
71	73
71	79
71	80
72	74
72	78
73	74
73	79
73	81
74	76
75	80
76	78
78	79
80	81
