\\ machines
18
\\ max power
180
\\ Jobs in machine 1
11
J1	14	2	83	34	1.8845082283375536
J2	14	5	47	4	1.5280140504678033
J3	14	11	72	37	1.7289158182920787
J4	14	4	6	17	0.6215555630983898
J5	15	1	58	40	1.3518419457896371
J6	14	1	103	29	1.3092177423626479
J7	15	14	25	10	1.4412848347784335
J8	16	5	43	9	0.9906353868372253
J9	14	13	97	7	2.0581721385660123
J10	15	10	14	8	1.0206782367836689
J11	15	3	85	44	1.2649341477446163
\\ Jobs in machine 2
11
J12	12	5	22	12	1.1266033502799
J13	13	3	15	37	1.8626417396749049
J14	14	9	9	7	1.442102019106021
J15	14	14	34	26	1.4285653857371126
J16	13	1	53	42	1.0567945230307605
J17	15	4	72	20	1.4212663523062377
J18	15	3	110	13	0.9513506241323929
J19	13	1	52	34	1.2709536471083438
J20	13	8	54	33	0.24998197664643174
J21	15	1	49	15	1.8083583459321821
J22	15	7	6	33	1.126404340828389
\\ Jobs in machine 3
12
J23	15	8	106	26	0.6809651381066825
J24	13	3	20	4	0.7082514851707444
J25	15	13	50	39	1.0613917560879753
J26	14	7	109	1	0.600227503761072
J27	15	8	79	38	0.6501554732396886
J28	13	2	47	31	0.9615914208533267
J29	13	8	29	34	0.5063151789194389
J30	15	2	87	33	1.1882899863928404
J31	15	4	97	32	1.8983728114964653
J32	14	4	79	30	1.2209759578387762
J33	16	11	72	34	1.6335834835508998
J34	15	5	36	31	0.5550602636423213
\\ Jobs in machine 4
11
J35	14	3	88	35	1.2786574888809163
J36	15	9	74	25	0.6186950589602842
J37	14	2	24	30	1.219973345962289
J38	15	7	24	45	0.8848335733983466
J39	14	10	109	38	1.6700188588722018
J40	13	7	6	27	1.0804800275154978
J41	15	13	10	44	0.4476705500219821
J42	16	3	21	6	1.0865490821295745
J43	15	11	39	36	1.4153603642129997
J44	16	11	32	36	1.3352335718157637
J45	13	8	71	12	0.985881579031434
\\ Jobs in machine 5
13
J46	15	4	42	16	1.1798826449333693
J47	14	2	58	37	1.4122001871946637
J48	14	13	27	45	0.24684221341883938
J49	13	12	68	24	1.392813768262286
J50	15	4	34	25	1.3864774408310876
J51	12	14	39	37	1.4835726796227322
J52	14	11	47	30	1.5131147336605424
J53	17	13	4	7	0.23540623117377857
J54	16	13	24	4	0.7591491295935293
J55	16	2	53	15	0.8247203491481807
J56	15	2	53	28	0.8770519639162302
J57	14	14	81	8	0.3178069741781864
J58	15	12	106	12	0.2094407450430178
\\ Jobs in machine 6
11
J59	14	11	11	4	1.2588706389522606
J60	15	7	101	33	1.2766112107439709
J61	15	8	3	41	1.2739020711108868
J62	15	10	29	38	0.9892981239697215
J63	15	12	50	19	1.4584760376825514
J64	14	7	40	13	0.8930108883829753
J65	15	13	72	11	0.1866860725640178
J66	13	14	4	3	1.1282794042434576
J67	16	3	27	31	2.0015694559691415
J68	17	7	63	43	1.3217818510671488
J69	15	9	8	26	2.2039163564161615
\\ Jobs in machine 7
12
J70	16	13	85	14	1.7859473955236373
J71	15	2	59	20	1.4076426796807024
J72	14	12	3	24	0.7681521525287438
J73	13	11	38	22	0.779145035342803
J74	14	2	90	36	1.9226335398290506
J75	16	12	96	15	1.4200565926934805
J76	15	13	40	35	0.8342016093020729
J77	17	3	83	39	1.9109386436263565
J78	14	1	18	15	0.5406282654449832
J79	14	8	78	11	2.1495444964592623
J80	16	1	78	25	1.2623470143031326
J81	15	11	16	25	1.196189779152012
\\ Jobs in machine 8
11
J82	14	10	57	44	1.358695927679544
J83	15	1	105	20	0.8134628288224098
J84	15	5	93	34	1.4328405278480199
J85	15	11	108	16	0.7290073298595046
J86	14	5	100	22	1.3643321879653498
J87	13	14	38	31	0.6429057089942057
J88	15	13	78	37	1.758655252864323
J89	14	7	43	22	1.1071650967421276
J90	14	4	109	37	1.5568728327472545
J91	15	9	110	18	1.4126275443076373
J92	14	14	8	43	1.285286552032514
\\ Jobs in machine 9
13
J93	15	8	58	45	1.3479337489512386
J94	15	3	53	30	1.2075871935755476
J95	14	11	54	39	1.4374161604040776
J96	16	7	45	25	1.3520716385917007
J97	15	7	5	7	0.7973493429963453
J98	15	9	62	42	1.3628250429220403
J99	14	10	7	28	0.6404550177052801
J100	16	8	35	17	0.45909030000037554
J101	15	12	84	25	1.1735964057071013
J102	16	4	98	14	0.29322903517556176
J103	14	4	40	1	1.3643680370483902
J104	14	14	100	13	1.5007714209310001
J105	13	1	73	33	1.8231767587580716
\\ Jobs in machine 10
10
J106	15	3	57	26	1.869175335653006
J107	17	13	41	6	0.8343623511323812
J108	15	11	15	33	1.3800455949018278
J109	14	6	32	22	1.4028170875724715
J110	15	13	63	4	1.0734342673786474
J111	13	6	14	15	0.8169280609991375
J112	14	12	110	15	0.1
J113	14	1	69	42	0.7178012674946841
J114	13	2	108	33	1.4015599368302483
J115	16	14	90	10	1.1458946824212006
\\ Jobs in machine 11
11
J116	14	12	107	18	1.1183962792556488
J117	15	1	91	30	0.1
J118	14	11	74	44	0.592806033844067
J119	15	5	41	3	1.7390908756852368
J120	15	1	108	39	1.5357212027300526
J121	16	1	24	31	1.0812701110542406
J122	14	8	46	29	0.8846636688904428
J123	13	5	56	43	1.3233528148863742
J124	15	14	14	32	0.28659254109777077
J125	14	12	102	15	1.3374193352493169
J126	14	4	48	8	1.5971571005597913
\\ Jobs in machine 12
12
J127	15	14	49	31	1.6150951573405736
J128	13	5	80	29	1.4137668674154618
J129	15	13	28	18	1.3457862387701067
J130	15	11	33	41	1.210992875135546
J131	14	6	98	14	1.3838530431224956
J132	16	10	2	4	1.9320760545744111
J133	15	2	45	16	0.5486563906491694
J134	14	10	28	37	1.4246341721846858
J135	14	4	51	29	1.4241044820986697
J136	13	14	103	3	0.444693830939927
J137	15	8	58	11	1.4015288354607747
J138	13	4	47	35	1.8948551264091384
\\ Jobs in machine 13
13
J139	15	13	90	27	2.1334552802654096
J140	15	11	68	42	1.1642820352567478
J141	15	2	30	16	0.9335391144959883
J142	17	12	57	8	0.4041061962605973
J143	15	8	70	30	0.7180651377087414
J144	15	6	89	22	1.5568729664971297
J145	15	13	20	42	1.5606112712486278
J146	15	1	39	30	0.9687319606142548
J147	15	8	31	39	1.6226733203644972
J148	15	12	4	11	1.4945152637296815
J149	14	5	49	16	0.6880372523621443
J150	16	2	51	26	1.8994117455905684
J151	14	2	65	27	1.232896265922384
\\ Jobs in machine 14
11
J152	13	2	27	24	1.4094349669498452
J153	16	1	7	42	1.7420221654104777
J154	13	7	14	18	0.17161885015459433
J155	14	5	93	4	0.9231574808016942
J156	14	3	72	35	1.2033747425773036
J157	14	2	88	24	1.958114336571208
J158	14	14	107	42	1.4089937394780614
J159	14	5	50	16	1.64937976686773
J160	15	10	23	30	1.3925288946353385
J161	15	6	73	36	1.8393175559128734
J162	15	12	24	31	1.8769072267533655
\\ Jobs in machine 15
10
J163	15	4	70	20	0.7352847336891938
J164	14	14	53	21	0.7709023702222995
J165	14	12	51	43	2.0838861200526297
J166	14	5	38	18	0.1
J167	15	3	49	5	0.6740149949238402
J168	14	11	3	11	1.3544294444699634
J169	14	8	84	44	0.8914723347751078
J170	16	11	109	40	1.4821262326887057
J171	16	5	26	38	1.4091235535575235
J172	14	4	15	28	1.4532074414584186
\\ Jobs in machine 16
9
J173	15	11	107	24	1.0805123969040722
J174	14	13	12	24	0.8848432556628947
J175	14	12	87	44	1.0074039544744464
J176	16	5	29	44	0.948386650502624
J177	17	14	6	44	1.8196127879369233
J178	15	12	94	34	1.8005869824167888
J179	15	9	28	28	1.6484379702161327
J180	15	14	86	20	1.0171517661269092
J181	14	6	45	20	1.0198377773022154
\\ Jobs in machine 17
10
J182	15	7	23	1	1.1934896066238518
J183	15	4	81	13	1.4904606949172514
J184	15	5	86	23	0.6755721160220517
J185	15	2	58	18	1.7534685358613262
J186	15	8	90	13	1.3813099767240646
J187	14	8	75	26	2.0474596583537052
J188	14	12	5	40	1.3393348466652868
J189	14	4	69	5	1.4105985144489888
J190	15	7	110	44	0.9304914950027576
J191	14	2	28	34	1.1814984814759146
\\ Jobs in machine 18
10
J192	14	10	73	3	1.89050528932011
J193	16	8	11	36	2.1864664002211684
J194	14	3	76	15	1.7779629817798925
J195	15	12	75	31	0.6238512347385972
J196	15	7	100	18	2.7939125075006883
J197	14	1	32	34	1.6073652515463996
J198	14	1	43	13	1.2213327136700625
J199	13	13	69	33	1.913189468234222
J200	16	10	61	3	0.9391710299379229
J201	14	10	32	35	0.32943806942327114
\\ Dependencies 
939
1	2
1	3
1	4
1	5
1	6
1	7
1	8
1	9
1	10
1	11
2	3
2	4
2	6
2	7
2	8
2	9
2	11
3	4
3	5
3	7
3	9
3	10
3	11
4	5
4	6
4	8
4	9
4	10
4	11
5	6
5	7
5	8
5	9
5	10
5	11
6	7
6	8
6	9
6	10
6	11
7	8
7	9
7	10
7	11
8	9
8	10
8	11
9	10
9	11
10	11
12	13
12	14
12	15
12	16
12	17
12	18
12	19
12	20
12	21
12	22
13	14
13	15
13	16
13	17
13	18
13	19
13	20
13	21
13	22
14	15
14	16
14	17
14	18
14	19
14	20
14	22
15	16
15	17
15	18
15	20
15	21
16	18
16	19
16	20
16	21
16	22
17	18
17	19
17	20
17	21
17	22
18	19
18	21
18	22
19	20
19	22
20	21
20	22
21	22
23	24
23	25
23	26
23	27
23	28
23	29
23	30
23	31
23	32
23	33
23	34
24	25
24	26
24	27
24	28
24	29
24	30
24	31
24	32
24	33
24	34
25	26
25	27
25	28
25	29
25	30
25	31
25	32
25	34
26	27
26	28
26	29
26	31
26	32
26	34
27	28
27	30
27	32
27	33
27	34
28	30
28	31
28	32
28	33
28	34
29	30
29	31
29	32
29	33
29	34
30	31
30	32
30	33
31	32
31	33
31	34
32	33
32	34
33	34
35	36
35	37
35	38
35	39
35	40
35	41
35	42
35	43
35	44
35	45
36	37
36	38
36	39
36	40
36	41
36	42
36	43
36	44
36	45
37	38
37	39
37	41
37	42
37	43
37	44
37	45
38	39
38	40
38	41
38	42
38	43
38	44
38	45
39	40
39	41
39	42
39	43
39	44
39	45
40	41
40	42
40	43
40	44
40	45
41	42
41	43
41	44
41	45
42	43
42	44
42	45
43	44
43	45
44	45
46	47
46	48
46	49
46	50
46	51
46	52
46	53
46	54
46	55
46	56
46	57
47	48
47	49
47	50
47	51
47	52
47	53
47	54
47	55
47	56
47	57
47	58
48	49
48	50
48	52
48	53
48	54
48	55
48	56
48	57
48	58
49	50
49	51
49	52
49	53
49	54
49	55
49	56
49	57
49	58
50	51
50	52
50	53
50	54
50	55
50	56
50	57
50	58
51	52
51	53
51	54
51	55
51	56
51	57
52	53
52	54
52	55
52	57
52	58
53	54
53	55
53	56
53	57
53	58
54	55
54	56
54	57
54	58
55	56
55	57
55	58
56	57
56	58
57	58
59	60
59	61
59	62
59	63
59	64
59	65
59	66
59	67
59	68
59	69
60	61
60	62
60	63
60	65
60	66
60	67
60	68
60	69
61	62
61	63
61	64
61	65
61	66
61	67
61	68
61	69
62	63
62	64
62	65
62	66
62	67
62	68
62	69
63	64
63	65
63	66
63	67
63	68
63	69
64	65
64	66
64	67
64	68
64	69
65	66
65	67
65	68
65	69
66	68
66	69
67	68
67	69
70	71
70	72
70	74
70	75
70	76
70	77
70	78
70	79
70	80
70	81
71	72
71	73
71	74
71	75
71	76
71	77
71	78
71	81
72	73
72	75
72	76
72	77
72	78
72	79
72	80
73	74
73	75
73	76
73	78
73	79
73	81
74	75
74	76
74	77
74	78
74	79
74	80
74	81
75	76
75	77
75	78
75	79
75	80
75	81
76	77
76	78
76	79
76	80
76	81
77	78
77	79
77	80
77	81
78	79
78	80
78	81
79	80
79	81
80	81
82	83
82	84
82	86
82	87
82	88
82	89
82	90
82	91
82	92
83	84
83	85
83	86
83	88
83	89
83	90
83	91
83	92
84	85
84	86
84	88
84	89
84	90
84	92
85	86
85	88
85	89
85	90
85	91
85	92
86	87
86	88
86	89
86	90
86	92
87	88
87	89
87	90
87	91
87	92
88	89
88	90
88	91
88	92
89	90
89	91
89	92
90	91
90	92
93	94
93	95
93	96
93	97
93	98
93	99
93	103
93	104
93	105
94	95
94	96
94	97
94	98
94	99
94	100
94	101
94	102
94	103
94	104
94	105
95	96
95	98
95	99
95	100
95	101
95	102
95	105
96	97
96	98
96	99
96	100
96	101
96	103
96	104
97	98
97	99
97	101
97	102
97	103
97	104
98	99
98	100
98	102
98	103
98	104
98	105
99	100
99	101
99	102
99	103
99	104
99	105
100	101
100	102
100	103
100	104
100	105
101	102
101	103
101	104
101	105
102	103
102	104
102	105
103	104
103	105
104	105
106	107
106	108
106	109
106	110
106	111
106	112
106	113
106	115
107	108
107	109
107	110
107	111
107	112
107	113
107	114
107	115
108	109
108	110
108	111
108	113
108	114
108	115
109	110
109	111
109	112
109	113
109	114
109	115
110	111
110	112
110	113
110	114
110	115
111	112
111	113
111	114
111	115
112	113
112	114
112	115
113	114
113	115
114	115
116	117
116	118
116	120
116	121
116	122
116	123
116	124
116	125
116	126
117	118
117	119
117	121
117	122
117	123
117	124
117	125
117	126
118	119
118	120
118	121
118	122
118	123
118	124
118	125
118	126
119	120
119	121
119	122
119	123
119	125
119	126
120	121
120	122
120	123
120	124
120	125
120	126
121	122
121	123
121	124
121	125
121	126
122	123
122	124
122	125
122	126
123	124
123	125
123	126
124	125
124	126
125	126
127	128
127	129
127	130
127	131
127	132
127	133
127	134
127	135
127	136
128	129
128	130
128	131
128	132
128	133
128	134
128	135
128	136
128	137
128	138
129	130
129	132
129	133
129	134
129	135
129	136
129	137
129	138
130	131
130	132
130	134
130	135
130	136
130	137
130	138
131	132
131	133
131	134
131	135
131	136
131	137
131	138
132	133
132	134
132	135
132	136
132	137
132	138
133	134
133	135
133	136
133	137
133	138
134	135
134	136
134	137
134	138
135	136
135	138
136	137
136	138
137	138
139	140
139	143
139	145
139	147
139	148
139	149
139	151
140	141
140	142
140	143
140	144
140	145
140	146
140	147
140	148
140	150
140	151
141	142
141	143
141	144
141	145
141	146
141	147
141	149
141	150
141	151
142	143
142	144
142	146
142	147
142	148
142	149
142	150
142	151
143	144
143	145
143	146
143	147
143	149
143	150
143	151
144	145
144	146
144	148
144	149
144	150
144	151
145	146
145	147
145	148
145	149
145	150
145	151
146	147
146	148
146	149
146	150
146	151
147	149
147	150
147	151
148	149
148	150
148	151
149	150
149	151
150	151
152	155
152	156
152	157
152	158
152	159
152	160
152	161
153	154
153	155
153	156
153	157
153	158
153	159
153	160
153	161
154	155
154	156
154	157
154	158
154	159
154	160
154	161
154	162
155	156
155	157
155	158
155	159
155	161
155	162
156	157
156	158
156	159
156	160
156	161
156	162
157	158
157	159
157	160
157	161
157	162
158	160
158	162
159	160
159	161
160	161
160	162
161	162
163	165
163	166
163	167
163	168
163	169
163	170
163	171
163	172
164	165
164	166
164	167
164	168
164	169
164	171
165	166
165	167
165	168
165	169
165	171
165	172
166	168
166	169
166	170
166	171
167	168
167	169
167	170
167	171
167	172
168	169
168	170
168	171
168	172
169	170
169	172
170	171
170	172
171	172
173	174
173	175
173	176
173	177
173	179
173	180
173	181
174	175
174	176
174	177
174	178
174	180
174	181
175	176
175	177
175	178
175	179
175	180
175	181
176	177
176	179
176	180
176	181
177	178
177	179
177	180
177	181
178	179
178	180
178	181
179	180
179	181
182	183
182	184
182	185
182	186
182	187
182	188
182	189
182	190
182	191
183	184
183	185
183	186
183	187
183	188
183	189
183	190
183	191
184	185
184	186
184	187
184	188
184	189
184	190
184	191
185	186
185	188
185	190
185	191
186	187
186	188
186	189
186	190
186	191
187	188
187	189
187	190
187	191
188	189
188	190
188	191
189	190
189	191
190	191
192	193
192	194
192	196
192	197
192	198
192	199
192	200
192	201
193	194
193	195
193	196
193	197
193	198
193	199
193	200
193	201
194	195
194	196
194	197
194	198
194	199
194	200
194	201
195	196
195	197
195	198
195	199
195	200
195	201
196	197
196	198
196	199
196	200
196	201
197	198
197	199
197	200
197	201
198	199
198	200
198	201
199	200
199	201
200	201
