\\ machines
9
\\ max power
90
\\ Jobs in machine 1
12
J1	14	14	90	3	0.8661911550857937
J2	14	13	62	38	1.215761855143833
J3	15	5	75	16	1.328193412297081
J4	15	7	60	37	1.5105730761077116
J5	14	9	6	7	2.50841227063324
J6	16	9	25	9	1.7925824447774177
J7	14	8	28	38	0.33113300930876066
J8	14	6	94	29	0.11004658780819754
J9	15	8	60	26	0.6959487903088132
J10	13	5	26	8	1.3859385298294264
J11	15	11	82	22	1.326747698327892
J12	13	1	73	20	0.6291769437830685
\\ Jobs in machine 2
11
J13	16	9	11	15	1.400186380879322
J14	13	4	44	18	1.8912575224969053
J15	14	12	92	42	0.5536544569721206
J16	15	9	78	29	1.0832323658896181
J17	14	9	15	30	1.093258246058795
J18	12	12	97	21	0.7428785978496704
J19	15	14	67	7	1.2295451329106226
J20	13	2	105	7	0.8473188585488346
J21	15	4	42	8	0.1
J22	14	12	48	14	1.7187980900599138
J23	15	6	51	29	1.0780487777003882
\\ Jobs in machine 3
11
J24	12	5	69	23	1.114191796617571
J25	14	2	22	26	1.0479563701080155
J26	15	5	24	4	0.5383899397970994
J27	14	8	102	10	0.789604045272271
J28	14	10	84	38	1.8057767348932177
J29	16	11	67	16	0.9779563534540706
J30	16	7	35	40	1.1511043594985988
J31	15	9	73	35	1.4140695634404064
J32	16	12	14	39	1.0539299657451966
J33	14	12	102	17	1.2389703912058163
J34	13	8	99	9	1.0833606693828455
\\ Jobs in machine 4
13
J35	15	2	72	32	1.6293232464322207
J36	17	1	9	2	0.10447372931879895
J37	14	7	104	42	0.5943541934894342
J38	17	12	87	18	1.3925516998089948
J39	14	9	2	11	2.035129560307137
J40	15	3	97	18	1.189126505455487
J41	14	3	16	13	1.0378025352805276
J42	15	9	105	30	0.8785769317433136
J43	16	12	51	12	2.033412425357109
J44	15	4	66	25	2.243668114527786
J45	15	13	103	9	2.052365804322913
J46	15	7	92	4	1.6111780659116401
J47	15	14	31	14	0.6842097469119803
\\ Jobs in machine 5
10
J48	14	8	100	5	1.1486799133804522
J49	16	11	21	27	1.2163759720266718
J50	15	3	67	39	0.7914615109688031
J51	14	11	2	3	1.331112477652866
J52	15	10	5	12	1.8473599158446543
J53	16	6	38	35	1.2791173189057563
J54	14	7	10	8	1.2881378947899886
J55	14	7	81	7	1.5491226048757136
J56	13	10	11	27	1.337001094898076
J57	16	2	3	6	0.4989449191646682
\\ Jobs in machine 6
12
J58	14	5	72	10	1.187718789441309
J59	16	6	22	22	1.2380918099999418
J60	16	8	34	13	1.0244408383887382
J61	16	9	40	45	1.284507682773693
J62	17	10	5	44	1.1432754539839998
J63	15	10	5	9	1.6217153715797012
J64	14	4	2	24	0.8708758234858824
J65	14	6	57	26	1.0741835317678925
J66	14	8	106	18	1.3996868116588792
J67	13	14	95	26	1.285298329618735
J68	14	9	56	2	0.5803495510686162
J69	14	14	57	18	1.0820324204775533
\\ Jobs in machine 7
9
J70	15	10	24	37	0.626051331082972
J71	15	9	82	12	1.125539304037402
J72	15	10	4	9	1.2389636506164066
J73	14	1	96	4	1.132866397680554
J74	14	7	55	22	1.6099035721787898
J75	13	9	13	34	1.7275903712042844
J76	14	11	48	28	1.150931947784703
J77	14	12	10	18	0.9548793862875766
J78	15	4	110	40	1.588938458982638
\\ Jobs in machine 8
11
J79	14	2	39	3	0.9667538120276126
J80	15	14	110	24	0.9031973016931352
J81	15	1	53	40	1.793377759040476
J82	15	13	90	16	1.4856506627792607
J83	13	4	68	45	1.3426207833960273
J84	12	8	103	22	1.240144877242487
J85	15	11	14	18	2.3224089587093957
J86	14	3	81	19	1.0928595150443012
J87	15	14	103	18	1.1130085418496451
J88	14	2	4	7	1.4273108152026666
J89	16	4	48	4	2.0453700292234993
\\ Jobs in machine 9
9
J90	14	12	16	21	1.2785316970642817
J91	14	7	67	14	1.2378199828403562
J92	13	10	4	41	1.6157858602420876
J93	15	13	16	35	1.4689250187855682
J94	14	9	59	32	1.519418616040481
J95	14	14	32	43	0.810001826153008
J96	14	8	32	38	0.855563058863718
J97	14	5	106	44	1.2711480355053995
J98	14	7	108	24	0.5882342108940517
\\ Dependencies 
297
1	4
1	5
1	6
1	8
1	9
1	10
1	12
2	3
2	4
2	5
2	6
2	7
2	8
2	12
3	4
3	6
3	9
3	10
3	11
3	12
4	6
4	7
4	8
4	9
4	10
5	8
5	9
5	10
5	11
6	8
6	10
6	11
6	12
7	8
7	10
8	9
8	10
8	11
8	12
9	11
9	12
10	12
11	12
13	14
13	15
13	16
13	17
13	19
13	20
13	21
13	23
14	15
14	21
14	22
15	16
15	17
15	18
15	19
15	20
15	23
16	17
16	19
16	20
16	21
17	18
17	19
18	20
18	21
18	22
19	20
19	21
19	22
20	21
21	22
21	23
22	23
24	25
24	26
24	27
24	30
24	32
24	33
24	34
25	26
25	27
25	28
25	30
25	32
25	33
26	28
26	29
27	30
27	31
27	32
28	30
28	31
28	33
28	34
29	30
29	34
30	33
31	32
31	33
32	33
35	36
35	37
35	39
35	42
35	44
35	45
35	46
35	47
36	37
36	43
36	44
36	47
37	38
37	39
37	40
37	41
37	42
37	46
37	47
38	39
38	40
38	41
38	43
38	45
38	46
38	47
39	40
39	43
40	42
40	44
41	43
41	44
41	45
41	46
41	47
42	43
42	44
43	44
43	45
43	46
43	47
44	46
44	47
45	46
45	47
48	50
48	53
48	54
48	55
48	56
49	52
49	53
49	54
49	56
49	57
50	52
50	53
50	55
50	56
50	57
51	52
51	53
51	54
51	55
51	56
52	54
52	56
52	57
53	54
53	55
54	55
55	56
55	57
56	57
58	60
58	61
58	62
58	63
58	64
58	66
58	68
58	69
59	60
59	62
59	64
59	65
59	66
59	67
59	68
59	69
60	61
60	62
60	64
60	69
61	62
61	64
61	66
61	67
62	64
62	65
62	66
62	67
62	68
62	69
63	64
63	65
63	66
63	68
63	69
64	66
64	68
65	67
65	69
68	69
70	71
70	74
71	72
71	73
71	74
71	75
71	76
71	78
72	73
72	74
72	76
72	77
72	78
73	74
73	75
73	77
73	78
74	75
74	76
74	77
75	76
75	77
76	77
77	78
79	80
79	84
79	87
79	88
79	89
80	81
80	82
80	83
80	84
80	85
80	86
80	87
80	89
81	84
81	86
81	87
81	89
82	83
82	88
83	84
83	87
83	88
84	85
84	87
84	88
84	89
85	87
85	89
86	89
87	88
87	89
90	92
90	93
90	94
90	95
90	96
90	98
91	92
91	93
91	95
91	97
91	98
92	94
92	95
92	96
92	97
93	96
93	97
93	98
94	97
94	98
95	97
95	98
96	98
97	98
