\\ machines
6
\\ max power
60
\\ Jobs in machine 1
12
J1	15	10	86	9	0.9128332117876015
J2	14	3	26	8	1.397342293550547
J3	14	13	82	11	1.0719448439400496
J4	15	14	95	7	1.8993341313121106
J5	13	5	56	5	0.8274679912213809
J6	12	14	83	5	2.3453743245564107
J7	12	5	105	8	2.815495453823896
J8	14	12	76	3	1.8723718599197992
J9	15	10	103	8	0.963360159343527
J10	13	3	72	15	1.7848051705928674
J11	15	9	42	12	2.253512962640114
J12	15	12	54	2	0.566678461827351
\\ Jobs in machine 2
11
J13	14	1	26	13	1.3888997883969696
J14	14	7	105	8	1.5303556249165753
J15	14	9	26	6	1.3689791545622123
J16	13	4	104	12	1.772223551779826
J17	12	6	43	2	1.3219715710658244
J18	15	8	53	10	0.7017616813767622
J19	13	7	41	7	1.9918820156586925
J20	15	13	54	5	0.1
J21	14	4	22	15	1.3528458229465052
J22	14	6	44	8	1.2010536653504964
J23	17	8	69	11	1.028585878488484
\\ Jobs in machine 3
10
J24	15	10	23	8	1.371791456094802
J25	15	13	15	14	0.6590736649254839
J26	15	5	47	6	0.7850273449673717
J27	14	12	27	4	0.1
J28	15	1	80	1	0.4974495418008167
J29	15	7	48	4	0.8444622718368271
J30	15	4	73	9	2.3901498429719847
J31	13	8	11	5	0.45691320326913687
J32	14	14	18	1	1.8191992510206387
J33	13	11	53	11	0.9226894519860271
\\ Jobs in machine 4
11
J34	14	11	83	15	1.2552312301524169
J35	14	8	99	11	1.5447958669827402
J36	15	12	65	14	1.2454323041616082
J37	14	1	110	3	1.3816267531372872
J38	14	6	60	2	0.7462930109073882
J39	16	1	47	12	1.090964267318109
J40	14	11	28	15	1.964516125549863
J41	16	8	18	4	1.373994676466368
J42	14	12	25	6	0.9760645099259028
J43	14	12	30	2	1.1805017746447946
J44	15	8	8	15	1.780201823847068
\\ Jobs in machine 5
11
J45	16	14	32	10	1.2255996012518948
J46	14	12	35	11	1.3271721286218385
J47	14	9	33	2	0.8699809313523934
J48	12	8	39	7	0.6704795908671666
J49	15	6	10	15	1.5092260808896438
J50	14	4	49	11	2.1315913787600134
J51	15	9	31	14	0.9688926668109155
J52	14	8	108	1	0.9489449451596889
J53	13	10	17	9	1.316640712168906
J54	13	9	29	5	1.4085907672244131
J55	13	7	15	6	0.8406583261100897
\\ Jobs in machine 6
11
J56	15	14	109	12	1.0160370458605665
J57	14	6	39	6	1.3232014170866506
J58	14	3	28	4	0.15573409505672875
J59	16	8	9	7	1.4757949648724094
J60	13	11	16	10	1.464883495328708
J61	14	3	74	6	1.1949874112806813
J62	16	10	16	8	1.0665004435085774
J63	14	3	45	8	0.2579634507591262
J64	13	5	90	14	1.4078505371073493
J65	14	6	65	11	1.7791601920228133
J66	13	11	93	3	1.1928623021084477
\\ Dependencies 
31
1	8
2	10
3	8
5	10
5	11
8	10
13	18
14	16
14	17
15	16
15	18
16	18
16	21
19	23
27	28
34	38
35	37
36	42
37	43
45	53
46	53
47	55
51	53
53	55
54	55
57	62
57	66
58	63
59	64
59	66
62	65
