\\ machines
18
\\ max power
180
\\ Jobs in machine 1
10
J1	15	4	89	20	0.6820172671973316
J2	17	3	102	1	1.1968013285276957
J3	14	6	37	26	1.786113166765672
J4	13	11	50	10	1.1179855488811952
J5	15	2	66	15	1.6117321562202316
J6	16	8	24	38	1.0915466435221524
J7	14	10	33	27	0.6812811082743253
J8	12	13	28	3	1.827727987899368
J9	14	7	29	6	1.194382095250697
J10	13	7	5	6	1.315196889985282
\\ Jobs in machine 2
13
J11	15	7	78	19	1.3257044618609908
J12	15	5	99	42	1.2558575401116259
J13	16	1	94	4	0.678070229250116
J14	15	10	97	42	2.0817675464065744
J15	16	14	14	17	1.6149096625611914
J16	16	5	29	12	0.6122728618991535
J17	15	2	97	19	0.1
J18	13	12	19	25	0.9043789202810235
J19	14	4	104	23	0.6881342711018207
J20	16	9	6	22	1.6201904645874392
J21	12	1	25	45	1.3866951598364476
J22	14	8	106	32	1.1127647560018739
J23	12	12	64	18	1.5563022178671795
\\ Jobs in machine 3
10
J24	13	5	92	21	1.2627396536098106
J25	15	12	38	14	2.086120614718734
J26	14	11	34	32	0.540153194634094
J27	15	12	90	27	0.8666741563939249
J28	15	11	38	2	2.084911131154417
J29	14	3	39	27	1.1875080806175309
J30	13	11	47	3	0.6655443906172961
J31	15	12	13	22	0.5562532947602437
J32	14	13	7	6	1.9436655622065608
J33	14	10	39	16	1.367808456249896
\\ Jobs in machine 4
11
J34	15	2	12	30	0.6744691266573545
J35	14	8	33	4	1.4830179693906569
J36	14	1	107	8	1.2719271348935308
J37	15	10	76	42	0.44989850306122003
J38	13	3	17	37	0.1
J39	14	3	30	28	2.368004026449146
J40	14	6	69	13	0.9185140955096014
J41	14	13	38	10	0.8411352912668006
J42	14	2	86	14	0.8139850868443479
J43	13	9	53	30	0.8057546475412753
J44	16	12	38	5	1.1132708051518578
\\ Jobs in machine 5
11
J45	14	12	6	29	1.1333070140055812
J46	15	9	84	29	1.8474120665011842
J47	16	10	74	23	0.6021488414817253
J48	14	9	11	15	0.8128935594981616
J49	14	1	61	30	1.3894306930552556
J50	15	6	47	42	1.093851443589101
J51	17	14	101	29	1.1291263774740727
J52	15	14	57	22	0.8499719551631617
J53	15	13	97	4	1.5976991241561143
J54	16	5	41	30	1.2938962755575596
J55	12	6	100	29	0.9941776638345939
\\ Jobs in machine 6
10
J56	15	3	49	38	1.0893835070495872
J57	14	5	34	42	1.2199859065432108
J58	15	7	23	28	1.5642976298012126
J59	17	1	107	28	0.8006269580166572
J60	15	4	92	41	1.1801540619730726
J61	15	5	18	23	0.7577815816922049
J62	15	2	39	18	1.5658436640769249
J63	15	9	45	23	1.2306203699151312
J64	15	10	27	40	0.33007912047839505
J65	14	3	54	33	1.1276870949078313
\\ Jobs in machine 7
11
J66	14	5	84	24	1.0577182277244914
J67	15	12	21	40	0.8189774103714432
J68	16	9	50	28	1.7641082444170137
J69	15	8	97	18	1.5817826571574771
J70	15	7	26	1	1.0124669235727886
J71	14	1	104	35	1.9725149680347978
J72	14	5	95	15	1.437178962309845
J73	14	2	46	27	0.11130711483405475
J74	14	11	61	27	0.89842596438961
J75	13	12	37	45	1.5554195592244489
J76	17	13	80	43	0.8656137494752756
\\ Jobs in machine 8
11
J77	14	11	87	4	1.5556730908719394
J78	16	14	85	41	1.3488803815186392
J79	15	9	33	16	1.2940316779290404
J80	15	4	23	34	0.6532841679714382
J81	16	5	31	36	0.9205455180734803
J82	15	3	52	31	0.7912676573145044
J83	14	1	95	13	1.134544922912263
J84	14	11	61	14	0.8077788209896
J85	15	7	77	6	0.3735212111180364
J86	14	3	44	6	0.7437205595161475
J87	16	12	44	39	1.0860728636306813
\\ Jobs in machine 9
12
J88	14	12	94	6	1.456840282110111
J89	13	5	76	44	1.5518520179196562
J90	16	13	10	2	1.845375896169807
J91	16	12	41	30	0.5223551585889474
J92	13	13	91	4	1.7898294141623996
J93	14	13	78	2	2.24400150659931
J94	13	5	26	41	1.2537659636162355
J95	15	14	38	43	2.1861781310895343
J96	15	1	62	38	1.2699647416196256
J97	16	2	34	44	0.7868426986345738
J98	12	12	17	27	1.2267565439599055
J99	13	2	83	29	0.5080596833874393
\\ Jobs in machine 10
12
J100	14	1	105	21	1.3566413699535544
J101	14	8	105	41	0.5891596095082466
J102	13	9	108	12	1.0867557399578185
J103	14	3	44	29	0.9008541374768619
J104	15	11	77	24	1.6284741819321928
J105	15	8	21	36	1.4407101849058035
J106	15	6	14	27	1.118566141386058
J107	13	12	49	31	1.36025121046259
J108	14	13	36	11	0.1
J109	14	14	103	22	0.7403398371445369
J110	15	3	56	11	1.5243610318200473
J111	15	1	99	27	0.6921427388314013
\\ Jobs in machine 11
11
J112	15	8	60	21	2.2379871116208347
J113	15	1	13	34	1.0595025965004456
J114	13	9	109	40	2.317429262650905
J115	15	10	26	13	2.132997572838783
J116	16	2	24	38	1.5370871308992482
J117	13	3	108	4	0.8190126310495764
J118	14	7	41	37	1.1379058375653082
J119	14	8	59	7	1.888403720684995
J120	15	2	63	2	1.319900318967068
J121	15	9	27	26	0.5870669578377099
J122	16	7	90	8	1.4578862665500063
\\ Jobs in machine 12
11
J123	15	11	35	39	0.878802540621084
J124	15	9	20	14	1.2182971010993926
J125	15	4	14	20	1.2183452723146277
J126	13	7	38	34	1.3554171910397363
J127	13	5	67	20	1.6539671736265282
J128	16	1	103	20	0.8269799174461527
J129	16	3	51	27	1.6069766585317877
J130	14	7	3	4	0.893289082033556
J131	16	6	96	31	2.026345420845166
J132	14	11	25	25	0.8461333082694431
J133	14	11	87	22	0.5881287572964711
\\ Jobs in machine 13
10
J134	16	2	45	20	2.08178979314399
J135	14	1	77	39	0.6902890961963392
J136	16	1	96	27	1.7664253352530206
J137	14	12	57	30	0.9880177086723612
J138	14	1	73	7	1.6864243334147697
J139	16	13	13	35	1.0434570379382588
J140	15	6	50	8	0.6584952349672207
J141	14	13	46	33	0.8845991612003787
J142	17	7	80	43	1.2126590832464461
J143	15	12	97	18	1.2864881438477547
\\ Jobs in machine 14
11
J144	16	8	6	34	1.1791580115239964
J145	15	10	91	23	1.9058351858135436
J146	14	6	36	8	0.1
J147	15	6	25	11	0.592568339808434
J148	14	2	45	17	0.7078999806599626
J149	14	4	26	23	1.192871506161161
J150	14	9	38	8	1.0352854296814975
J151	15	3	45	31	0.8918767109672983
J152	14	1	88	31	1.134971264505984
J153	16	14	29	6	1.575459540521783
J154	16	6	45	34	0.4342462565620159
\\ Jobs in machine 15
13
J155	15	6	88	2	0.8927284154992402
J156	16	6	14	20	1.4311978726920218
J157	15	12	32	19	0.6695938329054197
J158	16	10	73	32	1.1173225436827037
J159	15	9	74	10	1.2825647533149325
J160	14	14	12	3	1.0813007043858247
J161	14	7	50	22	2.1768501708456736
J162	14	5	6	25	1.1513603084127322
J163	14	11	18	34	1.159561141376351
J164	16	9	103	7	2.698384729306211
J165	13	9	30	11	0.5879240507742177
J166	14	8	90	37	0.8307369558031336
J167	14	2	36	25	1.6846052123989508
\\ Jobs in machine 16
10
J168	15	7	95	17	1.6554180671459737
J169	15	13	52	41	1.8232222356460488
J170	16	13	108	35	0.8114701840278828
J171	14	2	32	14	1.1156516413683277
J172	16	10	10	26	1.4476424090831301
J173	17	12	98	38	1.3915116496278037
J174	15	6	8	35	1.2788366728486258
J175	16	13	61	22	0.6826410431567432
J176	15	5	80	25	1.5095408041061567
J177	15	14	3	26	1.4527787107972716
\\ Jobs in machine 17
11
J178	15	3	18	36	0.9342516427601926
J179	16	12	108	8	1.8098154735581407
J180	14	4	8	3	1.2708016068993104
J181	15	7	83	39	0.2732700186177067
J182	14	2	41	38	0.7540178678012377
J183	15	14	59	44	1.4217174369191645
J184	15	2	83	17	1.2699418238349072
J185	13	6	93	41	0.9347091734369382
J186	15	14	3	7	1.0929554631915834
J187	15	4	25	12	1.7796737717689441
J188	14	4	67	33	1.8166098599713152
\\ Jobs in machine 18
12
J189	14	13	51	32	1.5405645150585192
J190	14	1	2	41	0.29236466208045586
J191	13	11	22	31	1.8585209309560216
J192	16	13	108	24	2.0345877277384106
J193	13	9	106	21	0.10835000097610448
J194	16	7	66	2	0.6594544109247066
J195	13	1	93	6	1.2497615167693117
J196	13	11	71	19	1.8091579971383651
J197	15	3	12	14	1.2266763998640418
J198	13	9	42	32	2.137172561607293
J199	14	1	21	8	1.115764373842586
J200	15	4	63	13	0.7455832966585387
\\ Dependencies 
303
1	2
1	6
1	7
2	4
3	6
3	7
3	10
6	8
7	9
9	10
11	14
11	17
11	19
12	14
12	15
12	19
13	18
13	19
14	15
15	17
15	18
15	19
15	22
16	20
17	20
17	22
18	19
18	20
18	23
20	21
20	22
24	27
24	28
24	29
24	32
25	26
25	28
25	30
25	33
26	27
27	30
27	32
31	33
34	35
34	37
35	36
35	39
36	39
36	40
36	41
36	44
37	38
37	39
37	40
37	43
37	44
38	39
38	40
39	43
39	44
40	44
41	42
42	44
45	50
45	52
45	53
46	48
46	49
46	53
47	52
48	51
48	52
49	54
50	51
50	55
51	52
52	55
53	55
56	58
56	62
56	64
56	65
57	58
57	60
57	62
57	65
58	59
59	61
59	62
60	63
60	64
60	65
61	64
62	63
62	65
66	67
66	69
66	70
66	73
67	68
67	71
68	69
69	71
69	72
70	75
70	76
72	75
72	76
73	74
73	75
74	76
75	76
77	78
77	79
77	80
77	82
77	87
78	83
78	86
79	80
79	82
81	83
81	84
82	83
82	86
88	89
88	97
89	96
90	91
90	99
91	96
91	97
91	98
93	94
94	95
95	99
100	107
100	109
100	110
100	111
101	102
101	103
101	111
102	103
102	106
102	107
103	111
104	109
105	107
105	111
106	110
106	111
107	111
108	110
109	110
112	113
112	114
112	117
112	122
114	118
114	121
115	116
115	119
115	122
116	119
117	118
117	119
117	121
117	122
118	119
118	120
118	121
119	122
121	122
123	127
123	132
124	126
124	127
125	126
126	128
126	130
126	132
127	129
127	130
127	132
128	129
129	130
129	131
129	133
130	132
131	132
134	136
134	137
134	138
134	139
134	140
134	142
135	139
135	141
136	138
136	139
136	143
138	141
139	140
139	143
142	143
144	145
144	146
144	147
144	149
144	150
145	146
145	151
145	152
145	153
146	149
146	150
146	153
146	154
148	151
148	152
148	154
149	151
149	152
150	153
151	154
152	154
153	154
155	156
155	158
155	162
155	166
156	160
156	161
156	167
157	158
158	161
158	167
159	161
159	162
159	164
159	165
160	164
160	167
161	165
161	167
162	163
162	166
162	167
163	165
163	167
168	169
169	172
169	173
170	171
171	173
171	174
172	175
172	176
172	177
173	174
174	176
175	176
176	177
178	179
178	180
178	181
178	183
178	184
179	182
179	183
179	184
179	186
179	187
180	181
180	183
180	184
180	186
180	187
180	188
181	183
182	184
182	185
182	186
183	184
184	187
185	187
186	188
189	190
189	195
189	198
189	199
190	198
190	200
191	193
192	193
192	194
192	196
195	197
195	200
197	200
198	199
198	200
