\\ machines
18
\\ max power
180
\\ Jobs in machine 1
11
J1	15	14	28	23	1.7566706308099653
J2	16	2	52	41	1.2107209175721152
J3	14	10	8	32	1.1528268924148317
J4	15	5	26	12	0.4733918610077783
J5	13	1	92	30	1.1819712419763084
J6	15	6	110	32	1.223861164839465
J7	16	6	33	22	1.0267274274318834
J8	14	4	58	37	0.9591272849402803
J9	15	14	30	19	1.670149825429592
J10	13	7	86	23	0.995611205973748
J11	14	4	106	19	1.541000378954307
\\ Jobs in machine 2
11
J12	14	7	61	43	0.8809570073166576
J13	14	7	16	13	1.8054246347538783
J14	15	6	86	33	0.9934358968109589
J15	14	13	4	36	1.4292661252266408
J16	15	5	88	1	0.8529241639016292
J17	15	13	38	28	1.4964211177065725
J18	14	11	44	9	1.3635221964008466
J19	15	8	36	34	0.9470134330266731
J20	14	7	6	3	0.9760143821107559
J21	14	10	40	13	1.1118674357163696
J22	16	10	83	13	1.1899101608186724
\\ Jobs in machine 3
11
J23	15	3	24	41	0.40542084433981995
J24	16	6	108	27	0.7088322538164011
J25	14	13	65	32	1.0687487417994213
J26	15	10	110	18	1.639730810915014
J27	13	11	106	11	1.083677424776197
J28	14	4	58	8	0.7887477395743395
J29	13	9	14	28	1.2368521707536815
J30	15	5	99	45	1.5327172941315292
J31	15	12	92	14	1.2867902613969904
J32	15	11	48	30	0.9533870761483195
J33	14	14	78	20	0.8248006983889015
\\ Jobs in machine 4
9
J34	15	9	82	17	0.8199258317865697
J35	15	7	91	31	0.9900442914213734
J36	15	6	41	24	1.9360268244273073
J37	14	5	17	9	2.067457537616345
J38	15	1	93	22	0.966783490139749
J39	15	12	103	15	1.0871958832271447
J40	14	3	50	5	2.0724377660971816
J41	15	10	24	45	0.9213976584692298
J42	13	13	4	38	0.6800524399416744
\\ Jobs in machine 5
11
J43	12	6	49	14	1.6821793111340235
J44	14	6	40	25	1.0963269484708424
J45	16	11	17	37	0.9732894242817649
J46	16	7	45	13	2.100202411614074
J47	15	5	26	12	2.114549221461821
J48	16	6	27	24	0.9375170803963168
J49	14	1	50	20	0.7098884731313477
J50	14	14	44	39	1.1959212741963898
J51	15	8	51	21	0.9039042451773971
J52	16	5	5	1	1.028249671746294
J53	15	4	50	33	1.1525168252684057
\\ Jobs in machine 6
11
J54	16	7	75	12	1.505041428173584
J55	13	5	78	10	1.0982946132189886
J56	14	12	74	42	0.7237728588835091
J57	14	9	82	7	0.1923471082328887
J58	15	4	45	2	1.6992367551774072
J59	16	8	53	12	0.7943596057145723
J60	13	4	66	30	0.1
J61	15	2	76	44	0.7239716677554622
J62	15	14	76	21	1.51208928949569
J63	14	2	107	31	1.613074442787002
J64	14	2	21	14	1.4419234524011113
\\ Jobs in machine 7
10
J65	13	11	74	25	0.644337809598636
J66	16	14	64	24	0.43940243368104437
J67	15	3	56	19	0.8484333283509009
J68	13	5	108	29	1.2204617419751185
J69	15	10	42	34	1.3380134924868317
J70	16	5	29	41	0.13860523127273616
J71	15	1	33	10	1.3341556023138257
J72	15	6	105	31	2.0557726495107786
J73	13	11	91	11	1.5126256175368393
J74	15	3	55	3	1.2977667594856102
\\ Jobs in machine 8
11
J75	15	6	21	21	1.997017370409822
J76	16	7	44	20	1.235280028725622
J77	15	7	34	28	1.0385197735142324
J78	14	5	92	13	0.9959427615882461
J79	15	14	92	15	1.7731592843211952
J80	16	7	71	33	1.602442283305162
J81	14	4	81	12	0.7664441689255578
J82	12	10	34	11	1.0225728940538699
J83	15	1	80	9	1.057910213302499
J84	16	5	6	45	0.8347732728363086
J85	16	13	23	13	1.0198667965237034
\\ Jobs in machine 9
11
J86	16	5	3	19	0.46406105916483553
J87	15	14	24	21	1.1831848531952314
J88	16	8	46	27	0.4816168697993859
J89	14	13	110	16	0.7623608802067472
J90	13	14	42	38	1.202456487448707
J91	13	9	9	22	1.8282268963466732
J92	15	7	81	2	1.992544032993203
J93	12	1	92	19	0.9425240545060878
J94	15	10	42	11	0.8402539106149236
J95	16	12	53	20	1.3503367524823964
J96	15	3	57	41	0.4816496522048269
\\ Jobs in machine 10
12
J97	14	2	64	1	0.8625393291206312
J98	15	3	22	42	1.5445816530509129
J99	14	1	84	25	0.8448006700554177
J100	16	5	75	43	0.8941130885413302
J101	16	2	48	11	1.436968739813745
J102	15	12	65	12	1.831254962982869
J103	13	11	69	11	1.339645858214666
J104	12	3	56	40	0.8264101489011882
J105	14	1	99	12	1.005839608855586
J106	16	9	96	39	0.1
J107	15	4	76	11	1.170090872405871
J108	16	11	109	27	1.2111111322773098
\\ Jobs in machine 11
11
J109	15	7	27	25	1.3600208112237364
J110	14	8	33	23	1.6049083515156566
J111	16	14	54	22	0.1874493662319623
J112	13	1	63	22	1.261916326729575
J113	15	13	27	38	0.8460567195037523
J114	13	7	42	7	0.9421921291096973
J115	13	9	22	7	0.6042084267379896
J116	15	11	105	4	0.7221999833983019
J117	14	3	7	35	1.5981599042438777
J118	15	2	95	33	1.0730217556929742
J119	14	10	10	2	1.2723442903512745
\\ Jobs in machine 12
12
J120	14	10	101	39	1.5193661897038515
J121	14	5	103	9	1.296200649453228
J122	14	12	46	5	1.8452338099686472
J123	16	6	49	3	0.9199689700646321
J124	14	1	35	1	1.764375384331352
J125	17	14	57	3	0.4216100000970673
J126	16	11	47	43	1.011945714170468
J127	15	6	26	21	1.2488576906936386
J128	13	9	110	22	1.421103946993918
J129	15	7	35	27	1.3228690868635717
J130	14	14	86	3	1.0368146965646359
J131	14	2	80	15	1.3264701926115445
\\ Jobs in machine 13
12
J132	16	5	65	38	1.6235272290846168
J133	15	1	78	6	1.3747413570589022
J134	15	11	52	41	1.2710576956297963
J135	14	9	94	2	1.2001152390262393
J136	16	9	14	42	1.8385242553336507
J137	14	3	106	28	2.5045723612927393
J138	16	14	64	27	1.8923838262403163
J139	14	13	55	16	1.7277804482578891
J140	14	5	64	14	0.7006477058408758
J141	15	3	76	45	0.9252258912367776
J142	14	3	96	45	1.1842786946376498
J143	14	12	36	37	0.6179789109593811
\\ Jobs in machine 14
11
J144	13	12	60	7	0.8844418442566633
J145	14	6	87	30	0.9615609780571397
J146	16	4	83	40	0.963363420100471
J147	14	4	5	25	0.8584256384662722
J148	14	14	47	23	1.2820016534798553
J149	14	9	78	18	1.7963245955413956
J150	14	5	68	42	0.88239981148353
J151	15	11	61	42	0.6700130531691711
J152	14	5	67	38	0.7194638612045421
J153	13	2	49	31	0.331954155184499
J154	14	12	18	15	1.4930516543239698
\\ Jobs in machine 15
10
J155	13	7	81	30	1.187204349150326
J156	14	10	60	30	0.7333984072075376
J157	15	1	75	4	1.1306099958836489
J158	14	12	15	27	1.0229092474214356
J159	16	4	54	20	1.408435613342352
J160	16	8	43	43	0.3694691109601336
J161	15	13	99	38	1.9739963712281576
J162	14	9	18	14	0.758465195372402
J163	16	1	30	3	1.2873376053129997
J164	15	8	97	8	0.29965463954645655
\\ Jobs in machine 16
12
J165	15	9	27	13	1.2685642594107613
J166	15	14	64	36	0.884872645847105
J167	15	9	64	3	0.3734313668589443
J168	15	9	14	32	0.8172082345396359
J169	13	14	78	28	1.6413620042104542
J170	14	4	79	44	1.9295665970688738
J171	16	12	10	39	0.8587405648146729
J172	15	5	108	41	1.6161142236199213
J173	14	4	28	40	1.333056064358017
J174	13	14	11	8	0.9878531054257389
J175	13	8	102	45	1.6446446172675577
J176	17	2	98	44	0.6544764865061278
\\ Jobs in machine 17
13
J177	13	13	72	11	0.97256905028481
J178	14	11	11	27	1.0027277643476775
J179	14	8	58	4	1.034811446442753
J180	15	12	22	39	1.3200990274348083
J181	17	10	25	28	1.2269654850941238
J182	14	8	43	23	1.0060890853972577
J183	14	10	22	28	1.460532103694205
J184	15	5	12	11	0.4587340627866383
J185	14	14	3	41	1.3110253012654467
J186	15	8	60	32	0.35600975207389907
J187	13	3	61	18	1.653748372518284
J188	12	12	100	15	0.2684074807092812
J189	14	4	63	1	1.335608717845412
\\ Jobs in machine 18
11
J190	15	5	77	20	1.5057714466219734
J191	14	1	12	21	1.3984803806351067
J192	12	12	107	25	0.6052554756631399
J193	14	2	24	10	1.7654234885033806
J194	14	10	31	42	1.1150358007307388
J195	14	2	16	13	0.4522589931203226
J196	15	9	15	18	1.8325573270879947
J197	13	10	74	32	0.8149203409244531
J198	15	1	89	20	0.12150113443408594
J199	15	9	35	20	0.4922097993468615
J200	13	3	43	37	1.5836841051936394
\\ Dependencies 
709
1	2
1	4
1	5
1	7
1	8
1	10
1	11
2	3
2	5
2	7
2	8
2	9
2	10
2	11
3	7
3	8
3	9
3	10
3	11
4	5
4	7
4	8
4	9
4	11
5	7
6	7
6	10
6	11
7	8
7	9
8	9
8	11
9	10
9	11
12	13
12	14
12	16
12	18
12	19
12	20
12	22
13	15
13	16
13	19
13	20
13	21
13	22
14	15
14	17
14	18
14	20
14	22
15	16
15	18
15	19
15	20
15	21
15	22
16	18
16	22
17	19
17	20
17	21
17	22
18	20
18	21
18	22
19	20
19	21
20	21
20	22
23	24
23	25
23	26
23	29
23	32
23	33
24	27
24	28
24	29
24	30
24	31
24	32
24	33
25	26
25	28
25	30
25	31
25	32
26	27
26	28
26	29
26	30
26	31
26	33
27	28
27	30
27	32
27	33
28	29
28	30
28	31
28	32
29	30
29	31
29	32
30	32
30	33
31	32
31	33
32	33
34	35
34	36
34	39
34	40
34	41
34	42
35	37
35	39
35	40
35	41
36	37
36	40
37	39
37	41
37	42
38	39
38	40
38	41
38	42
39	40
39	41
40	41
40	42
43	44
43	45
43	46
43	47
43	48
43	49
43	50
43	51
43	52
43	53
44	45
44	48
44	51
44	52
44	53
45	46
45	47
45	48
45	49
45	50
45	52
45	53
46	47
46	48
46	49
46	50
46	51
46	52
47	49
47	50
47	51
47	52
47	53
48	50
48	51
48	52
49	51
50	51
50	53
51	52
51	53
52	53
54	55
54	56
54	57
54	58
54	60
54	62
54	64
55	56
55	57
55	59
55	60
55	61
55	62
55	63
55	64
56	57
56	58
56	59
56	60
56	61
56	63
56	64
57	58
57	59
57	61
57	62
57	63
57	64
58	60
58	61
58	62
58	63
58	64
59	60
59	61
59	62
59	63
59	64
60	61
60	62
60	63
60	64
61	62
61	63
62	63
62	64
65	66
65	67
65	68
65	70
65	71
65	72
65	73
65	74
66	67
66	70
66	71
66	72
66	73
66	74
67	68
67	69
67	70
67	71
67	73
68	69
68	70
68	72
68	73
68	74
69	70
69	72
69	73
70	71
70	72
70	73
70	74
71	73
71	74
73	74
75	76
75	78
75	82
75	83
75	85
76	77
76	78
76	79
76	80
76	81
76	82
76	83
76	84
77	78
77	81
77	83
77	84
77	85
78	79
78	81
78	82
78	84
78	85
79	80
79	81
79	82
79	83
79	85
80	81
81	82
81	83
81	85
82	85
83	85
84	85
86	88
86	89
86	90
86	92
86	93
86	95
86	96
87	88
87	89
87	90
87	91
87	92
87	93
87	94
87	95
87	96
88	90
88	91
88	93
88	94
88	95
88	96
89	90
89	91
89	94
89	95
89	96
90	91
90	92
90	93
90	94
90	95
90	96
91	94
91	96
92	93
92	94
92	95
92	96
93	94
93	95
93	96
94	95
95	96
97	100
97	101
97	102
97	103
97	105
97	106
97	108
98	99
98	100
98	102
98	103
98	104
98	106
99	100
99	101
99	103
99	105
99	107
99	108
100	101
100	102
100	103
100	104
100	105
100	106
100	108
101	102
101	103
101	104
101	106
101	107
102	103
102	105
102	106
102	107
102	108
103	104
103	107
104	105
104	106
104	107
104	108
105	107
105	108
106	108
107	108
109	110
109	112
109	113
109	114
109	116
109	118
109	119
110	111
110	112
110	114
110	115
110	116
110	118
110	119
111	112
111	114
111	117
111	118
111	119
112	113
112	114
112	115
112	116
112	117
112	118
112	119
113	114
113	115
113	116
113	118
113	119
114	115
114	117
114	118
114	119
115	118
115	119
116	118
116	119
120	124
120	125
120	126
120	128
120	129
121	122
121	123
121	126
121	127
121	128
121	129
121	130
122	123
122	124
122	126
122	127
122	128
122	129
122	131
123	124
123	126
123	131
124	125
124	126
124	130
124	131
125	129
125	130
126	127
126	130
127	130
127	131
128	130
129	131
132	134
132	135
132	137
132	138
132	139
132	140
132	141
132	142
132	143
133	134
133	135
133	136
133	138
133	139
133	141
133	143
134	135
134	136
134	137
134	139
134	140
134	141
134	142
134	143
135	137
135	138
135	139
135	140
135	141
135	143
136	137
136	138
136	140
136	142
136	143
137	139
137	140
137	142
138	142
139	143
140	142
141	142
142	143
144	145
144	148
144	149
144	150
144	151
144	152
144	154
145	146
145	147
145	148
145	149
145	150
145	151
145	153
145	154
146	151
146	152
146	153
146	154
147	148
147	150
147	151
147	152
147	153
147	154
148	149
148	151
148	153
148	154
149	151
149	152
149	153
149	154
150	153
150	154
151	152
151	153
151	154
152	154
155	156
155	157
155	158
155	159
155	161
155	163
155	164
156	157
156	158
156	159
156	160
156	161
156	163
156	164
157	158
157	159
157	160
157	161
157	163
158	159
158	160
158	161
158	164
159	160
159	162
159	163
159	164
160	162
160	163
160	164
161	162
163	164
165	166
165	169
165	171
165	172
165	173
165	174
165	176
166	168
166	170
166	171
166	172
166	173
166	175
167	168
167	169
167	170
167	171
167	172
167	173
168	169
168	170
168	171
168	172
168	173
168	174
168	176
169	170
169	171
169	174
169	176
170	171
170	172
170	173
170	175
170	176
171	172
171	173
171	175
172	173
172	174
172	176
173	174
173	176
174	175
174	176
175	176
177	178
177	180
177	182
177	183
177	184
177	185
177	186
177	189
178	180
178	182
178	184
178	185
178	187
178	188
179	180
179	181
179	182
179	183
179	184
179	186
180	181
180	182
180	183
180	185
180	186
180	187
180	188
180	189
181	182
181	183
181	184
181	185
181	187
181	189
182	183
182	184
182	185
182	186
182	187
182	189
183	184
183	185
183	186
183	187
183	188
183	189
184	185
184	187
184	188
184	189
185	186
185	187
185	189
186	187
186	188
187	188
187	189
190	191
190	192
190	194
190	196
190	197
190	198
190	199
190	200
191	192
191	194
191	195
191	196
191	197
191	198
191	199
191	200
192	193
192	194
192	195
192	196
192	197
192	200
193	194
193	198
193	199
193	200
194	196
194	198
194	199
195	196
195	197
196	200
197	198
197	199
197	200
198	199
198	200
199	200
