\\ machines
8
\\ max power
80
\\ Jobs in machine 1
11
J1	14	1	95	58	1.306752874238621
J2	15	7	99	57	0.9962753511974882
J3	15	4	103	9	0.3254050197088284
J4	14	4	97	48	1.523516455079478
J5	14	3	64	30	1.2772414461031114
J6	15	7	25	34	1.5781359267509054
J7	15	7	90	43	1.379016372282403
J8	14	8	86	38	1.8608970935925295
J9	15	3	54	58	1.0154734625613115
J10	16	3	59	55	1.7217918258226834
J11	14	10	102	60	0.1
\\ Jobs in machine 2
12
J12	13	3	103	47	0.1
J13	14	8	82	2	1.041013829351966
J14	15	7	17	10	0.9431804475800211
J15	15	13	19	53	1.7496648559253614
J16	13	4	108	21	1.1135967204041812
J17	14	4	9	7	1.4436999235768309
J18	13	13	61	6	1.7000832862727386
J19	15	6	30	41	0.47308532060548447
J20	14	13	17	14	1.5297952297851578
J21	14	2	56	10	1.3894354668736115
J22	14	1	7	57	0.9674203623968611
J23	16	3	40	55	0.5781342363174808
\\ Jobs in machine 3
13
J24	14	12	89	6	1.6314055770203866
J25	15	12	88	56	1.1385347414653562
J26	14	3	2	51	1.1299564145798815
J27	15	4	42	1	1.266052018857432
J28	13	11	43	28	0.7877006569127929
J29	14	10	60	26	1.1103269038868309
J30	15	5	102	37	1.9339687271600847
J31	13	10	73	43	2.198497245776542
J32	14	8	23	36	0.9297751660343632
J33	15	11	47	43	1.5048429380904091
J34	15	5	63	21	1.0886985104531741
J35	14	7	56	58	1.3396738337609793
J36	12	12	6	6	1.2568805790440063
\\ Jobs in machine 4
11
J37	16	2	23	48	0.5359386268911595
J38	15	10	35	21	1.0826921248398034
J39	14	2	108	37	2.356252621278216
J40	15	1	72	43	1.311743405909965
J41	14	12	72	25	0.9053111542686294
J42	15	10	70	41	0.7039707375255546
J43	14	14	86	29	1.2388111502322618
J44	15	10	65	4	0.7890250777071525
J45	16	2	77	25	1.4557980225326124
J46	15	5	86	11	0.8534855632857846
J47	13	10	30	47	1.653980729990028
\\ Jobs in machine 5
12
J48	14	14	14	35	1.4347836816344286
J49	15	9	81	50	0.6961220085624313
J50	13	3	64	59	0.982183309923188
J51	14	1	95	23	0.44312086978243614
J52	15	3	43	11	1.6718062936793185
J53	14	7	27	30	0.9900185846768285
J54	14	3	91	23	1.1185978010802693
J55	15	13	26	40	1.1028066419270166
J56	13	14	58	28	0.96655042967302
J57	13	5	4	59	1.1881719511776174
J58	15	5	108	53	1.164572085971586
J59	15	6	94	34	1.3077958583973617
\\ Jobs in machine 6
11
J60	15	10	105	58	1.2103352721646157
J61	15	3	62	19	1.2067116139937577
J62	14	2	71	21	1.1711247638705056
J63	14	8	101	7	1.5804980646326006
J64	14	6	91	8	0.9829082083574334
J65	15	3	63	52	1.2278982308074795
J66	17	14	105	60	1.0020227978825313
J67	14	7	31	57	1.4345603624464252
J68	15	3	23	1	1.4415190202683665
J69	14	4	6	25	1.172613065762114
J70	15	9	68	53	1.6291897360312817
\\ Jobs in machine 7
12
J71	15	12	47	56	2.4544249202811828
J72	14	1	45	38	1.6325447124622217
J73	16	4	98	31	1.772697248228357
J74	14	5	91	44	0.960220275628233
J75	13	5	65	10	0.9638181896505411
J76	14	8	78	45	0.4409127358386815
J77	14	14	89	5	1.8511543633587955
J78	13	3	17	36	1.2901765367786266
J79	16	1	104	38	0.44412569563469595
J80	12	9	43	30	0.686495159196062
J81	14	4	29	56	0.4581346333464691
J82	17	7	13	20	1.1717552909541982
\\ Jobs in machine 8
12
J83	16	7	47	26	1.3358859116486514
J84	13	11	63	15	0.6731152738822805
J85	15	7	12	19	1.312055848203079
J86	14	4	101	46	1.1528147619458888
J87	15	4	93	29	1.335243100152081
J88	16	2	108	17	0.9657589592398108
J89	14	6	54	40	0.1
J90	16	10	29	22	1.807729350666225
J91	15	11	65	41	1.534603749417122
J92	14	11	79	45	1.8979536738098481
J93	14	11	81	28	1.1641813345732233
J94	11	1	48	6	2.1022029076018356
\\ Dependencies 
452
1	3
1	4
1	5
1	6
1	7
1	8
1	9
1	11
2	3
2	6
2	8
2	9
2	10
2	11
3	4
3	5
3	6
3	7
3	8
3	9
3	10
3	11
4	5
4	6
4	7
4	9
5	6
5	7
5	8
5	9
5	10
5	11
6	7
6	9
6	10
6	11
7	8
7	10
7	11
8	9
8	10
9	10
9	11
10	11
12	13
12	14
12	16
12	17
12	18
12	19
12	20
12	21
12	22
12	23
13	14
13	15
13	16
13	17
13	18
13	20
13	21
13	22
13	23
14	16
14	17
14	18
14	19
14	20
14	21
14	22
14	23
15	17
15	18
15	19
15	20
15	22
15	23
16	17
16	18
16	19
16	20
16	21
16	22
16	23
17	18
17	19
17	20
17	21
17	22
18	19
18	20
18	21
18	22
18	23
19	20
19	21
19	22
19	23
20	22
20	23
21	22
21	23
22	23
24	25
24	26
24	27
24	28
24	30
24	31
24	33
24	34
24	35
24	36
25	26
25	27
25	28
25	29
25	30
25	31
25	33
25	34
25	35
25	36
26	27
26	29
26	30
26	31
26	32
26	33
26	34
26	35
26	36
27	28
27	29
27	30
27	31
27	32
27	33
27	34
27	35
27	36
28	29
28	30
28	31
28	32
28	33
28	34
28	35
28	36
29	30
29	31
29	32
29	33
29	34
29	36
30	31
30	33
30	34
30	35
30	36
31	32
31	34
31	35
32	33
32	34
32	35
32	36
33	34
33	35
34	35
34	36
35	36
37	38
37	39
37	41
37	42
37	43
37	44
37	45
37	46
37	47
38	39
38	42
38	43
38	45
38	47
39	40
39	42
39	43
39	44
39	45
39	46
39	47
40	41
40	42
40	43
40	44
40	46
40	47
41	42
41	43
41	45
41	46
41	47
42	43
42	44
42	45
42	47
43	44
43	45
43	46
43	47
44	45
44	46
44	47
45	46
45	47
46	47
48	49
48	50
48	51
48	52
48	53
48	54
48	55
48	56
48	57
48	58
48	59
49	50
49	51
49	52
49	53
49	54
49	56
49	57
49	58
50	51
50	53
50	54
50	55
50	56
50	57
50	58
51	52
51	53
51	54
51	56
51	57
51	59
52	53
52	54
52	55
52	56
52	57
52	58
52	59
53	54
53	55
53	56
53	57
53	59
54	55
54	56
54	57
54	58
54	59
55	56
55	57
55	58
55	59
56	57
56	58
56	59
57	58
57	59
58	59
60	61
60	63
60	64
60	65
60	66
60	67
60	68
60	69
60	70
61	62
61	63
61	64
61	65
61	66
61	67
61	68
61	69
61	70
62	63
62	64
62	65
62	66
62	67
62	68
62	69
62	70
63	64
63	65
63	66
63	67
63	68
63	69
63	70
64	65
64	66
64	67
64	68
64	69
64	70
65	67
65	68
65	69
66	67
66	68
66	69
66	70
67	68
67	69
67	70
68	69
68	70
69	70
71	72
71	73
71	74
71	75
71	76
71	77
71	78
71	80
71	81
71	82
72	73
72	74
72	75
72	76
72	77
72	78
72	79
72	80
72	81
72	82
73	74
73	75
73	76
73	77
73	78
73	79
73	81
73	82
74	75
74	76
74	77
74	78
74	79
74	80
74	81
74	82
75	76
75	77
75	78
75	79
75	80
75	81
75	82
76	77
76	78
76	79
76	80
76	81
76	82
77	78
77	79
77	81
77	82
78	79
78	80
78	81
78	82
79	80
79	81
79	82
80	81
81	82
83	84
83	85
83	86
83	87
83	88
83	89
83	90
83	91
83	92
83	93
83	94
84	86
84	87
84	88
84	89
84	90
84	91
84	92
84	94
85	86
85	87
85	88
85	89
85	90
85	91
85	92
85	93
85	94
86	87
86	89
86	90
86	91
86	93
86	94
87	88
87	89
87	91
87	92
87	93
87	94
88	89
88	90
88	91
88	92
88	93
88	94
89	90
89	91
89	92
89	93
89	94
90	91
90	92
90	93
90	94
91	92
91	93
91	94
92	93
92	94
93	94
