\\ machines
10
\\ max power
100
\\ Jobs in machine 1
11
J1	13	12	81	65	1.6032275595952077
J2	13	14	11	19	0.7601086683847184
J3	14	2	58	38	1.344043103689573
J4	14	3	5	17	2.0317228228891078
J5	13	2	86	52	0.1
J6	14	5	88	24	1.896325810835429
J7	14	10	77	74	0.4909354353490957
J8	13	7	16	32	0.9935587854095659
J9	14	2	39	18	1.8831750206134803
J10	16	3	19	40	0.9305887555316265
J11	15	10	25	36	2.5392815626249954
\\ Jobs in machine 2
9
J12	15	6	22	44	1.4184799970653998
J13	14	9	66	31	1.8995662288306505
J14	13	11	48	24	1.6892078894852338
J15	16	6	59	44	1.6865366733967715
J16	13	7	17	56	1.289053967515952
J17	15	8	108	46	1.8380076880808662
J18	14	1	18	68	0.7362283726655137
J19	15	12	105	38	0.385081422379112
J20	16	8	97	71	0.6258296456437521
\\ Jobs in machine 3
10
J21	17	3	55	42	1.4422324294930127
J22	14	14	104	64	0.8526191676151387
J23	16	11	100	18	1.9272880158089278
J24	15	14	105	22	1.5556514670378108
J25	14	6	19	41	1.663021249161111
J26	15	5	22	59	1.0135152265832403
J27	15	14	85	60	1.6552357368678365
J28	14	5	100	39	1.1243956917437707
J29	17	4	69	17	0.5888553169533138
J30	13	13	26	32	0.4566021803303355
\\ Jobs in machine 4
11
J31	13	5	3	56	1.6958821233056536
J32	15	9	35	16	1.1832548639648417
J33	14	3	15	31	0.8028840080445365
J34	12	7	35	53	1.6317296355819755
J35	14	14	29	47	1.8219020332931
J36	14	6	86	1	1.012323239705693
J37	16	4	97	57	1.585258804919515
J38	14	4	30	13	1.4435059320696566
J39	14	11	37	56	0.7360583824321472
J40	14	11	52	61	1.7110962366277949
J41	14	13	34	14	1.3487155127109527
\\ Jobs in machine 5
11
J42	12	11	53	72	0.726349211532297
J43	16	5	82	6	1.320440083264794
J44	14	2	63	40	1.2662223893538562
J45	14	12	86	74	0.9655814282763769
J46	16	2	12	9	1.1857003755831157
J47	16	10	29	18	1.8997196866590533
J48	14	12	70	13	1.1136101135599277
J49	15	6	14	17	0.16324777893037345
J50	15	8	104	6	1.0465577943238034
J51	14	10	67	59	1.3314011782550363
J52	15	10	58	31	0.9960119619993559
\\ Jobs in machine 6
13
J53	16	4	59	73	0.4660628091076128
J54	14	1	68	34	1.1817764267340958
J55	15	9	25	29	0.6192602985588361
J56	14	11	88	56	0.5242923194137887
J57	14	8	67	10	1.211804369389989
J58	16	8	109	33	0.27006165656244685
J59	15	7	16	4	1.0534976902544595
J60	14	13	72	14	0.4065494756230025
J61	15	2	107	52	1.3820750679708054
J62	14	6	106	60	1.2235907173538498
J63	14	11	100	36	1.2815262831368157
J64	14	12	47	1	2.162515013038958
J65	16	12	5	57	0.7500936979099275
\\ Jobs in machine 7
10
J66	14	2	23	50	0.8500190467843567
J67	14	4	50	10	1.5098242640213007
J68	13	11	109	54	1.4450249391425467
J69	13	3	60	10	0.9803331045204005
J70	13	8	48	33	2.007708518790642
J71	14	7	85	56	1.6209532754724212
J72	16	14	108	42	1.1696623003967102
J73	15	9	89	15	0.577581520348535
J74	15	12	44	19	0.875015713481125
J75	14	12	24	68	1.5246234790364668
\\ Jobs in machine 8
12
J76	15	13	63	54	1.0364988748223318
J77	13	6	16	32	0.9612978643518744
J78	14	5	46	8	0.5604796831576397
J79	14	10	20	32	1.5534515699169322
J80	13	14	39	26	1.8261326499661357
J81	13	5	58	45	1.4170729121554186
J82	14	2	81	18	1.4034206099308146
J83	15	4	14	67	2.1175030249731854
J84	14	8	68	54	2.082384761626753
J85	14	10	16	43	0.2772424124094238
J86	14	2	61	64	1.3195144417850944
J87	14	11	79	58	1.8056847702325007
\\ Jobs in machine 9
10
J88	15	4	45	69	0.9637513165114365
J89	16	7	100	14	1.0402716976381907
J90	16	4	32	14	1.6573903076599252
J91	14	5	12	15	1.4751189788640167
J92	16	8	53	55	0.5759393517153546
J93	16	14	88	50	1.5949987608368184
J94	14	5	100	71	0.8798419531290231
J95	14	5	75	71	0.25211188763210746
J96	13	8	70	54	1.593686908514014
J97	14	6	28	39	0.1
\\ Jobs in machine 10
11
J98	14	8	95	21	1.4014052252649687
J99	15	7	109	58	1.168820657858458
J100	15	7	38	2	1.4122767427341256
J101	14	11	8	17	0.4307056727721428
J102	15	6	33	70	0.6464222674158047
J103	14	12	78	67	0.7444876915364718
J104	15	14	12	56	0.5969682630188995
J105	15	12	20	73	0.8663792224153731
J106	14	12	83	18	0.9523986859021882
J107	16	2	50	44	0.7263206110868146
J108	15	14	83	73	1.3455402441516626
\\ Dependencies 
425
1	2
1	3
1	4
1	6
1	7
1	8
1	10
2	3
2	4
2	5
2	6
2	7
2	8
2	9
2	10
2	11
3	5
3	6
3	8
3	9
3	10
3	11
4	5
4	7
4	8
4	10
4	11
5	6
5	7
5	8
5	9
5	11
6	7
6	8
6	9
6	10
6	11
7	8
7	9
8	9
8	10
8	11
9	10
10	11
12	13
12	14
12	15
12	16
12	17
12	18
13	14
13	15
13	16
13	17
13	18
13	19
13	20
14	15
14	16
14	17
14	19
14	20
15	16
15	18
15	19
16	18
16	19
16	20
17	18
17	19
17	20
18	20
21	24
21	26
21	27
21	28
21	29
21	30
22	23
22	24
22	25
22	26
22	28
22	29
22	30
23	24
23	25
23	26
23	27
23	28
23	30
24	25
24	26
24	27
24	28
24	29
24	30
25	26
25	27
25	28
25	29
25	30
26	27
26	29
26	30
27	28
27	29
27	30
28	29
28	30
29	30
31	32
31	33
31	34
31	35
31	36
31	37
31	38
31	39
31	41
32	33
32	34
32	35
32	36
32	39
32	40
33	34
33	35
33	36
33	37
33	38
33	39
33	40
33	41
34	35
34	37
34	39
34	40
34	41
35	36
35	37
35	38
35	39
35	40
35	41
36	38
36	39
36	41
37	39
37	40
37	41
38	40
38	41
39	40
39	41
40	41
42	43
42	45
42	46
42	47
42	48
42	49
42	50
42	51
42	52
43	44
43	46
43	47
43	48
43	49
43	50
43	52
44	45
44	46
44	48
44	50
44	51
44	52
45	48
45	49
45	50
45	51
46	48
46	49
46	50
46	51
46	52
47	48
47	49
47	51
47	52
48	49
48	51
48	52
49	52
50	51
50	52
53	55
53	56
53	57
53	58
53	60
53	61
53	63
53	64
53	65
54	55
54	56
54	58
54	59
54	60
54	61
54	62
54	63
54	64
54	65
55	56
55	57
55	58
55	59
55	60
55	61
55	62
55	64
56	57
56	58
56	59
56	60
56	61
56	62
56	63
56	64
56	65
57	58
57	60
57	61
57	62
57	63
57	64
57	65
58	59
58	60
58	61
58	62
58	64
58	65
59	60
59	61
59	63
59	64
59	65
60	61
60	62
60	65
61	62
61	63
61	64
61	65
62	63
62	64
62	65
63	64
63	65
64	65
66	67
66	69
66	71
66	72
66	73
66	74
66	75
67	68
67	69
67	70
67	71
67	72
67	73
67	74
67	75
68	69
68	70
68	71
68	72
68	74
68	75
69	70
69	71
69	72
69	74
69	75
70	71
70	74
70	75
71	72
71	73
71	75
72	74
73	74
73	75
74	75
76	77
76	78
76	79
76	80
76	81
76	82
76	84
76	86
76	87
77	78
77	79
77	80
77	81
77	82
77	84
77	85
77	87
78	79
78	80
78	81
78	82
78	83
78	85
78	86
78	87
79	80
79	81
79	82
79	83
79	84
79	85
79	86
79	87
80	81
80	82
80	83
80	85
80	87
81	82
81	85
81	86
81	87
82	83
82	84
82	86
82	87
83	84
83	85
83	86
84	86
84	87
85	87
86	87
88	90
88	93
88	94
88	97
89	91
89	92
89	94
89	95
89	96
89	97
90	92
90	93
90	96
91	92
91	93
91	94
91	96
91	97
92	93
92	94
92	95
92	97
93	95
93	96
93	97
94	95
94	97
95	96
95	97
98	99
98	101
98	102
98	103
98	104
98	105
98	107
98	108
99	100
99	101
99	103
99	105
99	106
99	107
100	102
100	103
100	104
100	105
100	106
100	107
100	108
101	102
101	103
101	104
101	107
101	108
102	103
102	104
102	105
102	107
103	105
103	107
103	108
104	105
104	106
104	107
104	108
105	106
105	107
105	108
106	107
106	108
107	108
