\\ machines
18
\\ max power
180
\\ Jobs in machine 1
11
J1	16	14	108	9	0.9454666095721215
J2	13	14	9	19	0.5690151593384312
J3	16	2	107	18	1.3019118816870512
J4	15	5	35	12	1.3627774599403835
J5	14	9	50	19	0.8932484890087655
J6	14	14	47	45	1.5534765922689404
J7	14	1	19	17	1.7221659794303896
J8	15	10	73	23	1.1559940004884743
J9	16	7	31	3	0.9559403091964319
J10	15	14	30	22	1.079037346821072
J11	14	1	75	34	1.9543558596205255
\\ Jobs in machine 2
12
J12	14	13	15	33	0.47884225551237847
J13	14	5	19	10	1.392291550706718
J14	14	11	87	33	1.2313518342178698
J15	14	11	78	3	0.9237872104623537
J16	14	7	29	26	1.2080596829129602
J17	15	7	61	42	0.9207236167719268
J18	16	3	98	45	0.9774990357168957
J19	16	6	94	35	1.6826182750187655
J20	13	10	14	24	1.4765591688881068
J21	15	14	88	12	0.9480505741746735
J22	16	3	9	10	0.9726252262987534
J23	16	4	37	6	2.3473044027318934
\\ Jobs in machine 3
9
J24	15	1	44	38	0.5505348860192206
J25	15	5	63	22	0.9991950653445419
J26	14	8	26	38	1.6618686102826523
J27	14	9	35	19	1.4085284242377132
J28	14	6	48	3	1.6325323896117456
J29	14	8	70	1	1.404035314119583
J30	15	2	79	33	1.7231198054304167
J31	17	5	94	34	1.4465300095577527
J32	15	14	25	19	0.7528058851558799
\\ Jobs in machine 4
11
J33	14	10	67	43	1.549295965235733
J34	15	14	42	22	1.3886599087470006
J35	16	1	47	30	1.1264507805268071
J36	14	14	69	21	1.7122633593645915
J37	15	14	19	8	1.6118751596812244
J38	14	6	26	11	2.1012810993011684
J39	15	5	64	22	0.9310987797090097
J40	13	4	22	24	0.6849547168033974
J41	13	10	61	40	0.5898797369428673
J42	13	9	23	37	2.0712690127921656
J43	15	9	57	15	1.967713284449283
\\ Jobs in machine 5
12
J44	15	3	104	6	0.7770548395610481
J45	15	12	18	12	0.6913820180672903
J46	14	13	57	28	1.3342589550224582
J47	16	13	9	37	1.348955021136745
J48	16	12	72	36	1.1268801081766109
J49	14	11	54	43	2.1162276116371213
J50	14	5	69	40	0.9278117725954059
J51	15	3	13	36	1.2718149101536942
J52	14	7	60	9	1.046042736876776
J53	15	2	37	1	0.7101000983729918
J54	14	13	77	4	0.5997263470608996
J55	14	1	89	44	1.8186655892758596
\\ Jobs in machine 6
9
J56	13	14	20	13	0.9170115751523208
J57	15	8	60	43	0.96754248475478
J58	16	11	91	28	0.5578877360787774
J59	15	11	67	39	0.8958820718176109
J60	14	4	47	27	1.7756244070230673
J61	13	7	91	6	1.5773116747051157
J62	15	1	16	38	1.1633107090438997
J63	14	13	47	26	0.9557198575708632
J64	16	7	18	20	0.8010971029306588
\\ Jobs in machine 7
10
J65	16	5	61	32	1.4951387343124476
J66	14	12	68	22	0.6371767907900556
J67	15	5	103	10	2.0301207781479973
J68	14	13	104	3	0.9386157319676393
J69	14	1	105	11	0.8357875440952798
J70	15	6	84	3	0.7060876504870748
J71	15	6	35	25	2.2423876445782973
J72	14	9	35	30	0.81314872649596
J73	15	10	86	16	1.8993408233372366
J74	15	10	107	4	0.5845753944026844
\\ Jobs in machine 8
11
J75	14	5	89	9	1.8064100864109305
J76	14	10	70	32	1.5834314345292881
J77	18	7	53	16	1.978094888703883
J78	14	6	40	13	1.3557735519515322
J79	14	6	63	15	1.7383988467905727
J80	15	8	106	11	0.49174077989676357
J81	14	13	83	9	0.8636537891048282
J82	14	6	36	10	0.8720759512269218
J83	15	7	21	10	1.1555657068948733
J84	13	6	56	20	0.7114650753653928
J85	15	13	23	31	2.3297888663825375
\\ Jobs in machine 9
10
J86	14	13	13	27	0.7477596586942228
J87	16	8	105	30	1.2159230134633783
J88	14	12	12	37	1.587375941679078
J89	16	11	65	14	0.624254210847072
J90	14	9	12	15	1.253293908179349
J91	16	2	16	36	0.38101473105238925
J92	15	1	73	25	1.0031489076258422
J93	16	14	46	20	1.1847256394864722
J94	14	9	65	6	1.31014381939485
J95	17	3	86	21	1.2552866954775626
\\ Jobs in machine 10
12
J96	15	7	4	33	1.7014270398176108
J97	14	2	93	40	0.8146045259308601
J98	16	1	21	2	1.6567875510189527
J99	16	5	70	39	0.4422615406854097
J100	15	1	45	31	0.6882596508605306
J101	14	9	15	44	1.0937857354415867
J102	14	2	8	42	0.9850935673456394
J103	14	12	15	12	1.36663459160027
J104	13	2	34	21	1.3095961958284745
J105	14	9	31	8	0.960797943567949
J106	14	6	91	8	1.585611971273169
J107	15	8	72	10	1.5326486607363117
\\ Jobs in machine 11
10
J108	13	4	69	31	1.639930736137438
J109	15	7	83	44	0.9606401696448614
J110	14	6	10	5	0.6742121847692778
J111	14	13	5	34	1.333270605860255
J112	16	5	51	27	1.3390865565863772
J113	13	10	76	6	1.197173349076383
J114	15	9	37	15	1.2900057034051629
J115	15	13	72	41	0.9256915026909428
J116	15	2	50	19	1.1081813699263243
J117	13	11	17	11	2.1929543810134806
\\ Jobs in machine 12
13
J118	13	11	33	19	1.571756437710976
J119	16	13	104	39	1.345022159709447
J120	14	5	105	32	1.6276757400237645
J121	14	10	52	31	1.1379152748331778
J122	14	3	79	10	2.4165930800724746
J123	16	5	107	41	1.7799902700128398
J124	13	13	67	27	1.1247722097166173
J125	15	14	95	40	1.828165223375281
J126	13	4	26	19	0.7311962998088574
J127	15	6	71	4	1.3067200716226495
J128	14	10	109	18	1.1212220543667633
J129	12	6	8	9	1.8141176296098673
J130	16	13	53	14	0.8197344884163542
\\ Jobs in machine 13
11
J131	13	14	61	23	1.292675083282954
J132	14	2	57	43	0.8707947712360012
J133	13	10	61	5	1.405685426394539
J134	16	13	12	2	1.17290057438742
J135	14	7	4	33	1.2319088540340253
J136	16	1	13	20	0.919731151690748
J137	16	12	88	43	1.4093484969812293
J138	15	11	73	42	0.7554206350302461
J139	15	13	106	40	0.49419242479983894
J140	13	3	21	34	1.1847123384848008
J141	16	12	46	23	0.1
\\ Jobs in machine 14
11
J142	15	10	100	26	1.3294484162898375
J143	16	12	73	27	1.5232561241718054
J144	15	10	11	39	1.5509501749325785
J145	15	5	8	30	1.368403517195579
J146	15	1	50	27	0.9838344123498507
J147	13	4	6	37	1.5138253942189936
J148	16	9	4	44	1.080328824383356
J149	14	1	49	33	0.9201202753891844
J150	14	5	54	38	1.016614603465744
J151	14	2	48	2	1.15803004850092
J152	14	12	20	13	0.29646308159064116
\\ Jobs in machine 15
10
J153	16	1	7	44	1.1388347365326024
J154	14	9	7	32	1.1194659755071728
J155	16	4	51	45	1.5420936232831814
J156	15	10	45	27	0.9289882056629781
J157	14	12	109	6	1.1965184319545874
J158	14	11	15	28	0.9876674974866729
J159	13	6	92	5	1.6967161137691587
J160	13	7	16	32	0.8607818939521739
J161	16	1	89	35	0.5862887967951589
J162	17	9	60	4	0.45378964989623205
\\ Jobs in machine 16
12
J163	14	8	91	6	1.1640127214644982
J164	16	13	40	18	1.043058220713379
J165	16	11	80	25	1.3148257677683377
J166	13	2	68	28	1.8369834518686372
J167	16	13	95	14	1.5781583164840063
J168	14	8	101	38	0.6646443649943454
J169	16	4	67	25	0.8866010825270554
J170	15	4	22	34	1.4902786938753865
J171	14	4	32	33	0.1
J172	15	11	85	26	1.3559153000876067
J173	13	11	75	32	0.8072589797272431
J174	14	4	47	45	0.8122257478363657
\\ Jobs in machine 17
12
J175	14	10	48	4	2.038284764538157
J176	15	2	3	20	1.4261885673036958
J177	16	9	49	20	1.3085496179901446
J178	13	7	67	28	1.5233823898620156
J179	15	2	7	18	1.1808657482840856
J180	14	14	34	4	1.6181718564295535
J181	15	3	76	2	1.062571917740803
J182	14	14	97	6	0.721597415542454
J183	13	4	61	45	2.21772738536832
J184	15	1	65	15	1.3075605614375334
J185	15	11	31	27	1.6873042592774938
J186	15	3	7	32	1.5866659000185375
\\ Jobs in machine 18
10
J187	13	1	89	26	1.4607916609254206
J188	14	14	100	32	1.7607586034089244
J189	14	4	37	9	1.8226363576818994
J190	14	10	20	14	0.5628810298579894
J191	14	4	28	31	0.7258129133535349
J192	15	10	36	41	1.7049855982257553
J193	13	12	41	8	0.8922568741280352
J194	13	1	53	4	1.2805450638066707
J195	13	9	48	27	1.531733689506039
J196	15	9	32	7	0.6191408235523185
\\ Dependencies 
788
1	2
1	3
1	4
1	5
1	6
1	7
1	9
1	10
1	11
2	5
2	6
2	7
2	8
2	9
2	10
3	4
3	5
3	6
3	7
3	8
3	11
4	5
4	6
4	7
4	9
4	10
4	11
5	6
5	7
5	8
5	9
5	10
5	11
6	8
6	9
6	10
6	11
7	8
7	10
7	11
8	9
8	10
9	10
9	11
12	14
12	15
12	16
12	17
12	18
12	19
12	20
12	21
13	14
13	15
13	16
13	17
13	19
13	20
13	21
13	22
14	15
14	16
14	18
14	20
14	23
15	16
15	17
15	18
15	19
15	20
15	21
15	22
16	17
16	18
16	19
16	20
16	21
16	22
16	23
17	18
17	19
17	21
17	22
17	23
18	19
18	20
18	21
18	22
18	23
19	20
19	21
19	22
19	23
20	21
20	22
20	23
21	22
21	23
22	23
24	25
24	26
24	27
24	28
24	29
24	31
24	32
25	26
25	27
25	29
25	30
25	32
26	27
26	29
26	30
26	31
26	32
27	28
27	29
27	30
27	31
27	32
28	29
28	30
28	31
28	32
29	30
29	31
29	32
30	31
30	32
33	34
33	35
33	36
33	37
33	39
33	40
33	41
33	42
33	43
34	35
34	36
34	37
34	38
34	40
34	41
34	42
35	37
35	38
35	39
35	40
35	41
35	42
36	37
36	38
36	39
36	40
36	41
36	43
37	38
37	39
37	41
37	43
38	39
38	40
38	41
38	42
38	43
39	41
39	42
39	43
40	42
40	43
41	42
41	43
42	43
44	45
44	46
44	47
44	49
44	50
44	52
44	53
44	54
45	46
45	47
45	49
45	50
45	51
45	53
45	54
45	55
46	47
46	48
46	50
46	51
46	54
46	55
47	48
47	50
47	51
47	52
47	55
48	49
48	50
48	51
48	52
48	53
48	54
48	55
49	50
49	51
49	52
49	53
49	54
49	55
50	51
50	52
50	53
50	55
51	52
51	53
51	54
51	55
52	53
52	54
53	54
53	55
54	55
56	58
56	59
56	60
56	61
56	62
56	63
57	59
57	61
57	62
57	63
57	64
58	60
58	61
58	62
58	63
58	64
59	60
59	61
59	62
59	63
59	64
60	61
60	62
60	63
60	64
61	62
61	63
61	64
62	63
62	64
63	64
65	66
65	67
65	68
65	69
65	70
65	72
65	73
66	67
66	68
66	69
66	74
67	69
67	70
67	71
67	73
67	74
68	69
68	70
68	71
68	73
68	74
69	70
69	71
69	72
69	73
69	74
70	71
70	72
70	73
70	74
71	72
71	73
71	74
72	73
72	74
73	74
75	76
75	78
75	80
75	81
75	83
75	84
75	85
76	77
76	79
76	80
76	81
76	83
76	84
76	85
77	78
77	79
77	80
77	83
77	84
78	80
78	81
78	82
78	83
78	84
78	85
79	80
79	81
79	82
79	83
79	84
79	85
80	81
80	82
80	83
80	84
80	85
81	82
81	83
81	84
81	85
82	84
83	84
83	85
86	88
86	89
86	90
86	91
86	92
86	93
87	88
87	89
87	91
87	92
87	94
88	91
88	93
89	90
89	91
89	92
89	93
89	94
89	95
90	91
90	93
90	95
91	92
91	93
91	94
91	95
92	93
92	94
93	94
94	95
96	97
96	98
96	99
96	100
96	102
96	104
96	105
96	106
96	107
97	98
97	99
97	101
97	102
97	104
97	105
97	106
98	99
98	100
98	101
98	102
98	103
98	104
98	105
98	106
98	107
99	100
99	101
99	102
99	103
99	105
99	107
100	101
100	102
100	103
100	104
100	105
100	106
100	107
101	102
101	103
101	104
101	105
101	106
102	103
102	104
102	105
102	106
102	107
103	104
103	105
103	106
104	105
104	106
104	107
105	106
105	107
106	107
108	109
108	110
108	111
108	112
108	113
108	114
108	115
108	116
109	110
109	113
109	114
109	115
109	116
109	117
110	111
110	112
110	113
110	114
110	115
110	116
111	112
111	114
111	115
111	116
111	117
112	113
112	114
112	115
112	117
113	114
113	115
113	117
114	116
114	117
115	116
115	117
118	119
118	120
118	121
118	122
118	124
118	125
118	126
118	127
118	128
118	129
118	130
119	120
119	121
119	122
119	123
119	124
119	125
119	126
119	128
119	129
119	130
120	121
120	122
120	123
120	124
120	126
120	127
120	129
120	130
121	122
121	123
121	125
121	126
121	128
121	129
122	123
122	124
122	125
122	127
122	128
122	129
122	130
123	124
123	125
123	128
123	130
124	125
124	126
124	128
124	129
125	127
125	128
125	129
125	130
126	128
126	130
127	128
127	130
128	129
129	130
131	132
131	133
131	134
131	135
131	136
131	137
131	141
132	133
132	134
132	135
132	139
132	140
132	141
133	135
133	136
133	137
133	138
133	139
133	140
133	141
134	135
134	136
134	137
134	138
134	139
134	140
135	136
135	137
135	138
135	139
135	141
136	137
136	138
136	139
136	140
137	138
137	139
137	140
137	141
138	140
138	141
139	140
139	141
140	141
142	143
142	144
142	145
142	146
142	147
142	148
142	149
142	151
142	152
143	145
143	147
143	148
143	149
143	151
144	146
144	147
144	148
144	150
144	151
144	152
145	146
145	147
145	148
145	149
145	150
145	151
145	152
146	147
146	149
146	150
146	151
146	152
147	148
147	151
147	152
148	149
148	150
148	151
149	150
149	152
151	152
153	155
153	156
153	158
153	160
153	161
154	155
154	156
154	157
154	158
154	159
154	160
154	161
155	156
155	157
155	158
155	159
155	160
155	161
156	157
156	158
156	159
156	160
156	161
156	162
157	158
157	159
157	161
157	162
158	159
158	160
158	161
158	162
159	160
159	162
160	161
160	162
161	162
163	165
163	166
163	167
163	168
163	169
163	170
163	171
163	172
163	174
164	165
164	166
164	167
164	168
164	169
164	170
164	171
164	172
164	173
165	171
165	172
165	174
166	167
166	168
166	169
166	170
166	171
166	172
166	173
166	174
167	168
167	169
167	170
167	171
167	172
167	173
167	174
168	169
168	170
168	171
168	172
168	174
169	171
169	172
170	171
170	173
170	174
171	172
171	174
172	173
172	174
175	176
175	177
175	179
175	180
175	181
175	182
175	183
175	184
175	185
176	177
176	178
176	179
176	180
176	181
176	182
176	183
176	185
177	178
177	179
177	181
177	182
177	183
177	184
177	185
177	186
178	179
178	180
178	181
178	182
178	184
178	186
179	180
179	181
179	183
179	184
179	185
179	186
180	181
180	183
180	184
180	185
180	186
181	182
181	183
181	184
181	185
181	186
182	183
182	184
182	185
182	186
183	184
183	185
184	185
184	186
185	186
187	188
187	190
187	191
187	193
187	194
187	195
187	196
188	189
188	191
188	193
188	194
188	196
189	190
189	191
189	192
189	193
189	194
189	195
189	196
190	191
190	192
190	193
190	194
190	195
190	196
191	192
191	193
191	194
191	196
192	193
192	194
192	195
192	196
193	194
193	195
193	196
194	195
194	196
195	196
