\\ machines
9
\\ max power
90
\\ Jobs in machine 1
12
J1	12	6	52	46	1.682328439592034
J2	16	12	32	33	1.2220349876057153
J3	16	11	80	4	0.6114087181657006
J4	15	8	85	25	0.6842415449916557
J5	15	4	34	42	1.6439344162230518
J6	15	5	13	47	1.8522048393609087
J7	16	1	98	3	1.534232365580633
J8	15	14	35	48	0.8459086250310721
J9	16	5	67	18	1.44305251876184
J10	13	9	74	49	0.6254428533401631
J11	13	14	67	32	2.2005262260214424
J12	15	5	68	39	1.1564797164800995
\\ Jobs in machine 2
12
J13	15	10	37	35	1.5388572405531908
J14	15	4	38	31	1.3799131591974505
J15	15	8	77	43	1.5713796918948295
J16	15	4	79	7	1.9434102320425737
J17	16	4	75	32	1.8640707840075739
J18	14	9	54	55	1.0673624902479975
J19	15	2	82	30	0.6562841698597279
J20	14	11	56	51	1.2240008431122984
J21	14	9	21	18	0.982775146975787
J22	15	2	80	23	1.5310277991209769
J23	13	10	70	18	0.7325730127093419
J24	13	8	22	27	1.2105031767148517
\\ Jobs in machine 3
12
J25	14	1	60	53	1.4491508784095446
J26	15	5	93	64	0.9141660198830892
J27	14	8	5	28	0.94838720779487
J28	14	3	35	44	1.7507480511795146
J29	13	13	43	14	1.7065796451200321
J30	15	2	110	37	0.1
J31	15	8	89	21	0.7065892979999278
J32	16	11	74	29	1.436084869117666
J33	14	1	73	19	0.35587926291199923
J34	15	6	55	38	1.8549969887036006
J35	15	8	68	15	1.0412710125694504
J36	15	5	25	40	1.8380116220384228
\\ Jobs in machine 4
12
J37	15	3	39	66	0.1
J38	14	12	16	18	1.3789313401172736
J39	14	13	90	12	1.0492059696481568
J40	15	5	84	30	1.012226888710083
J41	13	14	99	17	0.5191425761642028
J42	15	1	60	46	1.3540140923557225
J43	16	13	13	55	0.9836583582051939
J44	15	11	71	13	1.6749210668276147
J45	15	2	15	18	1.2414559870527146
J46	14	10	59	17	0.8867477003976155
J47	15	3	97	1	0.7303701391694823
J48	15	1	61	35	1.0822138101143777
\\ Jobs in machine 5
12
J49	15	6	70	65	0.6582131454658499
J50	15	5	41	52	1.7397122252467772
J51	15	14	55	40	1.6202212547245
J52	15	3	36	41	1.0457341356220615
J53	14	5	75	34	1.2824476078620082
J54	16	13	48	49	1.5264485748403165
J55	15	13	8	63	0.907124679054633
J56	15	3	70	6	0.4278787714411598
J57	14	3	83	5	1.643616093787496
J58	15	2	72	59	0.9877201822733002
J59	14	4	48	12	1.5476796397400694
J60	16	2	61	10	0.9226748625195278
\\ Jobs in machine 6
11
J61	14	10	53	24	1.4664848485494781
J62	14	4	57	11	0.3073316244149574
J63	14	2	68	39	0.6023984937293332
J64	15	7	95	25	0.9320075519939218
J65	15	14	70	6	1.2650653384324053
J66	14	6	103	17	0.8817576839569234
J67	13	14	95	23	2.0075057271448755
J68	14	13	110	39	1.1032335435523268
J69	14	14	38	1	0.1
J70	16	4	20	19	1.2537675778860615
J71	14	7	68	20	1.5175862927673722
\\ Jobs in machine 7
10
J72	14	11	52	31	1.205754806448883
J73	13	2	92	59	1.4194104571497441
J74	15	1	93	4	1.126174242676819
J75	15	6	89	48	0.8153281063359665
J76	15	1	97	60	1.5362467121810488
J77	13	9	32	12	1.66850440527787
J78	13	5	11	23	1.0251490425037237
J79	14	6	18	16	1.7021774517301145
J80	15	12	43	49	1.7866902982016513
J81	15	3	30	36	2.5081699964767505
\\ Jobs in machine 8
10
J82	15	6	16	13	0.46138977317734686
J83	15	12	53	31	1.6327596311833044
J84	15	2	45	51	1.162635687552592
J85	14	4	29	62	1.1289005475476013
J86	14	10	5	61	0.9629256994924614
J87	13	3	64	38	0.45356582673189694
J88	13	9	106	9	1.515746902303031
J89	15	11	14	51	0.9809804220135039
J90	14	14	88	14	0.9104095101319519
J91	15	2	78	10	0.9963635886535754
\\ Jobs in machine 9
10
J92	14	12	82	33	0.1620500399008893
J93	15	10	103	42	2.0084697035396126
J94	15	12	105	14	1.3959647474923216
J95	14	14	26	11	0.3808403789206287
J96	14	8	36	2	0.2550602099749393
J97	16	12	7	64	1.006666376795793
J98	16	9	87	58	0.8558407578174039
J99	15	2	4	16	1.1990514896604805
J100	15	10	81	5	1.9794825317326301
J101	13	1	109	3	0.1
\\ Dependencies 
156
1	7
2	8
2	11
3	7
3	10
3	11
5	6
5	12
6	9
6	12
7	8
8	9
8	11
9	11
13	18
13	19
13	21
13	23
13	24
14	18
14	20
14	22
15	17
16	23
17	21
17	22
17	23
17	24
18	21
19	20
19	21
19	24
21	23
21	24
23	24
25	30
25	33
26	27
26	28
26	29
26	36
27	28
27	30
27	33
27	36
28	29
28	30
28	33
28	36
29	36
30	33
30	35
32	34
32	36
33	35
34	36
37	38
37	41
37	42
37	46
38	39
38	43
38	45
38	46
38	47
39	45
39	46
39	48
40	43
40	46
41	46
42	43
42	46
43	48
44	45
45	48
49	50
49	53
49	60
50	55
50	58
51	57
52	57
53	56
53	57
54	56
54	58
54	60
55	56
55	57
56	59
57	58
59	60
61	63
61	65
61	66
61	69
61	71
62	64
62	65
62	68
63	69
63	71
64	65
64	66
64	67
64	69
65	71
66	67
66	68
72	73
72	77
72	78
73	74
73	76
73	79
73	80
74	75
74	76
74	77
75	78
75	80
76	77
76	78
76	80
76	81
77	78
77	80
78	79
82	86
82	89
83	84
83	90
83	91
85	91
86	89
88	90
90	91
92	96
92	100
93	95
93	96
93	97
93	98
93	99
93	101
94	95
94	100
95	97
95	98
96	98
96	100
97	101
98	99
99	101
100	101
