\\ machines
8
\\ max power
80
\\ Jobs in machine 1
12
J1	13	1	74	15	1.1163437356883212
J2	13	11	89	6	1.0484155198659435
J3	15	8	38	20	0.1
J4	14	2	15	11	1.1143236039677609
J5	13	7	45	9	1.4836903432603548
J6	14	12	75	15	0.5142070069775069
J7	14	13	102	15	2.294180460975552
J8	14	14	50	3	0.8384268726574491
J9	14	1	24	19	2.3201087219885466
J10	14	14	36	10	2.132108123243085
J11	15	10	2	8	1.1244291346863031
J12	14	13	40	8	0.1
\\ Jobs in machine 2
14
J13	17	6	25	13	2.059257524543278
J14	13	3	15	9	1.0267664247090487
J15	13	3	93	14	0.9291261720447168
J16	14	12	104	12	1.2896679921754028
J17	15	4	67	6	0.2123116436579776
J18	14	10	51	6	0.46865963252556775
J19	13	11	69	14	1.5258544794676858
J20	15	4	63	20	1.2199603059193427
J21	14	13	91	9	1.3351527524853883
J22	15	12	88	17	1.9045771137387602
J23	16	7	68	16	1.065041573402047
J24	14	13	50	1	1.0091285094474545
J25	14	2	88	11	0.1
J26	15	3	43	20	0.9967761657252686
\\ Jobs in machine 3
12
J27	11	3	51	20	2.074258088506963
J28	13	4	27	11	1.2071799263233405
J29	15	9	90	20	1.309785989947585
J30	15	2	26	13	1.4587585468974509
J31	14	11	48	9	1.0717106215040153
J32	14	4	103	7	0.8054674468083798
J33	14	8	40	9	2.351182150870815
J34	14	4	75	17	1.4533004576167017
J35	16	1	60	4	1.6691874542382636
J36	15	9	15	1	1.7751726334036264
J37	15	2	2	17	1.2934840229891866
J38	14	7	83	11	1.1971710803417515
\\ Jobs in machine 4
11
J39	15	1	32	5	0.983544778243021
J40	13	5	38	15	1.2687162336996654
J41	14	3	66	16	1.168738592596907
J42	16	5	64	9	0.9930248021954671
J43	16	7	78	6	0.5153358805287027
J44	14	11	77	14	0.553070532406728
J45	14	13	106	4	0.7556351264792545
J46	15	1	63	20	1.3367525698657294
J47	14	1	38	12	1.7187821141855317
J48	14	3	54	20	0.5704773668139279
J49	16	14	79	6	1.3109200884115864
\\ Jobs in machine 5
11
J50	16	3	31	5	2.2401495886159655
J51	14	7	13	11	0.9142842923296641
J52	14	11	54	18	0.7251893948199254
J53	14	14	12	18	0.9562215970523943
J54	13	4	17	13	1.411878645064093
J55	13	1	21	4	1.4463182637472398
J56	15	2	18	17	1.5068902758513212
J57	14	14	85	10	1.383922757858081
J58	14	7	29	3	1.2761109857363044
J59	14	6	107	5	1.3277984009510302
J60	14	7	36	18	1.9318620686976102
\\ Jobs in machine 6
10
J61	14	5	50	10	1.973597068577376
J62	15	5	88	11	1.9021343540595845
J63	14	8	54	10	0.9278181357627464
J64	13	12	27	11	1.2015449110561514
J65	16	6	85	2	1.6370679964120718
J66	15	6	87	6	1.3152452358058597
J67	14	5	69	13	1.5059666360662811
J68	15	11	78	16	1.2882120848721816
J69	15	2	76	14	0.6407885778632348
J70	13	10	40	17	1.0753968291154223
\\ Jobs in machine 7
11
J71	14	4	50	6	1.0854703480878571
J72	16	3	55	2	1.6015435359454169
J73	16	12	80	9	1.2972755018885334
J74	15	1	86	9	1.006421095640146
J75	14	3	69	10	1.7783304732492091
J76	16	13	29	2	1.5936274748647405
J77	14	2	46	18	1.310914821770885
J78	14	6	61	11	1.4684209070859513
J79	13	7	6	19	1.541326933241467
J80	15	2	49	15	1.4510407439675097
J81	15	14	42	6	1.394907542828536
\\ Jobs in machine 8
10
J82	14	7	30	18	0.9370346866494297
J83	15	9	95	12	1.9452480039568236
J84	16	12	82	17	0.1
J85	14	11	49	9	0.7906503613136375
J86	14	1	18	19	0.49443794508780525
J87	13	11	90	10	1.9587923868986958
J88	13	1	81	6	0.9480890708221206
J89	14	4	71	10	1.159458770859662
J90	15	12	29	1	0.6108805338093256
J91	14	13	67	6	1.5384464248058853
\\ Dependencies 
311
1	2
1	3
1	5
1	8
1	9
2	3
2	4
2	5
2	9
2	10
2	11
2	12
3	6
3	7
3	8
3	10
3	12
4	5
4	6
4	10
4	11
4	12
5	7
5	8
5	9
5	10
5	11
5	12
6	7
7	8
7	9
7	10
7	11
7	12
8	9
8	12
9	10
10	11
10	12
11	12
13	15
13	17
13	18
13	19
13	20
13	21
13	22
13	23
13	25
13	26
14	17
14	20
14	21
14	22
14	23
14	24
15	17
15	18
15	19
15	20
15	21
15	22
15	24
15	26
16	17
16	18
16	19
16	20
16	21
16	24
16	26
17	20
17	25
17	26
18	19
18	20
18	21
18	23
18	25
18	26
19	20
19	21
19	22
19	24
19	25
19	26
20	21
20	22
20	23
20	26
21	23
21	24
21	26
22	23
22	25
22	26
23	25
23	26
25	26
27	28
27	30
27	31
27	32
27	34
27	35
27	37
27	38
28	29
28	30
28	31
28	33
28	35
28	36
28	38
29	30
29	31
29	32
29	33
29	34
29	35
29	36
29	37
29	38
30	31
30	32
30	33
30	34
30	38
31	32
31	35
31	36
31	38
32	35
32	36
32	38
33	34
33	37
34	35
34	37
34	38
35	36
35	37
35	38
36	37
36	38
37	38
39	40
39	41
39	43
39	44
39	46
39	49
40	43
40	45
40	46
40	47
40	48
40	49
41	42
41	43
41	45
41	47
42	43
42	44
42	45
42	46
42	47
42	49
43	44
43	46
43	48
44	45
44	46
44	47
44	48
45	47
45	48
46	47
47	48
47	49
50	52
50	53
50	54
50	56
50	57
50	59
51	53
51	56
51	57
51	58
51	59
52	54
52	55
52	58
52	60
53	55
53	56
53	57
53	58
53	59
53	60
54	56
54	57
54	58
54	59
54	60
55	57
55	58
55	59
56	57
56	58
56	59
56	60
57	60
58	59
58	60
61	62
61	63
61	65
61	66
61	67
61	69
62	63
62	64
62	65
62	66
62	67
62	70
63	66
63	67
64	65
64	66
64	67
64	68
64	69
64	70
65	66
65	67
65	68
65	69
65	70
66	69
67	70
68	69
69	70
71	72
71	73
71	74
71	75
71	76
71	78
71	79
71	80
71	81
72	75
72	78
72	79
73	74
73	75
73	76
73	77
73	78
73	79
73	80
73	81
74	75
74	76
74	77
74	80
75	77
75	78
76	77
76	78
76	80
76	81
77	78
77	79
77	80
78	79
78	81
79	81
80	81
82	84
82	85
82	86
82	88
82	90
82	91
83	84
83	85
83	87
83	89
83	91
84	85
84	86
84	87
84	89
84	91
85	86
85	88
85	89
85	91
86	91
87	88
87	90
87	91
88	90
88	91
89	90
89	91
90	91
