\\ machines
8
\\ max power
80
\\ Jobs in machine 1
10
J1	14	3	73	14	1.3008965255102547
J2	14	14	51	51	0.7182707663306107
J3	14	2	69	60	1.7512223536405833
J4	15	10	66	10	0.9082881126946798
J5	12	6	30	45	0.49959783038893135
J6	14	8	27	16	0.9274586322389808
J7	15	2	58	15	0.8397375912461201
J8	15	10	74	30	0.8656178638387695
J9	14	8	24	24	2.5388991020221257
J10	16	1	12	28	1.3828237910392442
\\ Jobs in machine 2
10
J11	15	10	38	51	1.4203210181029045
J12	15	8	28	16	1.3560122332528093
J13	15	8	25	37	0.8143544109124166
J14	16	14	29	20	1.0433294406489055
J15	15	13	96	26	1.2259540119032066
J16	14	13	22	52	1.1748060709749246
J17	13	7	95	46	1.5806327729472258
J18	15	14	17	57	1.7808460657984284
J19	16	13	73	44	0.4414399935810953
J20	15	7	68	2	1.1475898489750094
\\ Jobs in machine 3
8
J21	15	14	91	52	0.9061018553005369
J22	15	9	9	29	1.2396069943588568
J23	15	5	15	17	0.9443764882503618
J24	14	10	50	57	0.3122685598124083
J25	14	2	77	18	0.9403539066026405
J26	15	3	36	45	1.2267501495539814
J27	14	5	11	39	1.3705564228498075
J28	13	11	6	29	1.2938806359808235
\\ Jobs in machine 4
12
J29	14	6	63	54	1.3919663979317791
J30	14	8	19	30	2.196230264476455
J31	17	6	66	38	2.610022443705067
J32	16	6	38	26	1.014283729187938
J33	14	9	68	49	0.11900117004054134
J34	14	14	40	35	1.2292251367725564
J35	15	9	102	18	1.0181844042680768
J36	15	7	21	58	1.5502995617821076
J37	16	5	94	41	2.0689116841978104
J38	15	8	53	11	1.3599277691758789
J39	12	4	72	6	0.8433997629359576
J40	16	3	62	56	1.5446280672690325
\\ Jobs in machine 5
10
J41	16	3	59	31	0.9088719473595115
J42	14	2	36	2	0.5851387149493823
J43	13	4	103	23	0.6748907132985132
J44	14	5	70	59	1.1654975401660501
J45	13	6	40	33	1.005465786050707
J46	15	13	59	22	1.505573645839327
J47	14	9	42	29	1.0231729243328473
J48	13	11	39	54	0.825474955544255
J49	14	5	105	55	0.840890195107829
J50	15	8	88	15	1.3846877915766291
\\ Jobs in machine 6
9
J51	14	7	16	59	1.2046327688842198
J52	15	6	89	43	0.7976847517046554
J53	14	12	80	26	0.4035785570614264
J54	15	3	2	54	1.2136081898865827
J55	14	4	8	22	0.558405205783015
J56	15	2	19	50	0.42555719763878075
J57	13	5	45	40	1.3494567600987886
J58	16	2	77	48	0.34378363054195105
J59	13	10	17	43	1.259515532038222
\\ Jobs in machine 7
11
J60	13	3	109	30	1.276889868883239
J61	15	3	74	29	1.032308680295652
J62	14	11	32	15	1.3586013689577239
J63	15	5	105	36	1.044903444135126
J64	14	14	53	35	1.9548436429503266
J65	13	8	59	49	0.9909058672221114
J66	15	1	78	33	1.4351232321462772
J67	15	3	32	4	1.8049587346477232
J68	16	7	79	48	1.676282041323888
J69	14	11	85	42	1.5218719379219747
J70	14	12	108	57	1.708602811066687
\\ Jobs in machine 8
12
J71	14	1	36	59	1.3902158384681311
J72	15	4	100	34	1.117309503865617
J73	14	11	26	40	1.9237751699444474
J74	15	10	104	9	1.1481393060889267
J75	16	14	72	49	1.4083225199522011
J76	15	6	24	14	1.5214040087399414
J77	16	6	26	7	1.429008698375116
J78	15	7	30	10	1.4569377326693356
J79	15	14	8	36	1.864471959578915
J80	13	7	41	26	0.6254408168969909
J81	15	12	53	44	1.4399317533226503
J82	14	12	88	55	0.450869619096645
\\ Dependencies 
203
1	5
1	7
1	8
1	9
2	3
2	4
2	9
2	10
3	4
3	5
3	6
3	7
3	8
3	10
4	5
4	6
4	7
4	8
4	9
5	6
5	8
6	9
6	10
7	9
8	10
11	13
11	15
11	17
11	19
12	13
12	14
12	15
12	19
13	16
13	17
13	18
14	15
14	17
14	19
15	16
15	18
15	19
15	20
16	17
16	20
17	19
17	20
18	19
19	20
21	23
21	25
21	26
21	27
22	24
22	25
22	26
22	27
23	25
23	26
23	28
24	28
25	28
26	27
27	28
29	34
29	35
29	37
29	38
29	40
30	31
30	35
30	37
30	39
31	32
31	37
31	40
32	33
32	35
32	37
33	36
33	38
33	40
34	35
34	36
35	36
35	40
37	38
37	39
41	42
41	43
41	44
41	46
41	48
41	49
41	50
42	43
42	44
42	46
42	49
43	44
43	45
43	46
43	48
43	49
44	45
44	46
44	47
44	49
45	46
45	49
46	47
46	48
46	50
47	49
47	50
48	49
51	52
51	53
51	54
51	57
51	58
51	59
52	53
52	55
52	59
53	57
53	58
53	59
54	55
54	56
54	57
54	59
55	58
56	57
56	58
56	59
57	58
60	63
60	64
60	67
61	63
61	64
61	67
61	69
62	63
62	66
62	69
63	64
63	65
63	67
64	65
64	66
64	67
64	70
65	67
65	68
65	69
65	70
66	67
66	68
66	70
67	68
67	69
67	70
68	70
69	70
71	72
71	73
71	74
71	75
71	77
71	80
71	81
72	73
72	74
72	75
72	77
72	78
72	80
73	74
73	75
73	76
73	77
73	79
73	80
73	81
74	76
74	78
74	81
75	78
75	80
75	81
76	77
76	82
77	79
77	80
77	81
78	79
78	80
78	81
79	80
79	81
81	82
