\\ machines
6
\\ max power
60
\\ Jobs in machine 1
10
J1	14	10	56	8	2.432132049223301
J2	13	5	29	12	0.8530516185899935
J3	16	11	99	6	1.9335318717442653
J4	15	7	101	12	0.616554811245202
J5	16	11	101	9	1.2345476672265612
J6	12	11	51	12	0.8242110922176424
J7	14	13	70	13	1.6127415170311996
J8	15	3	99	6	1.2872370264651456
J9	12	8	97	9	2.1948372516516077
J10	14	3	98	15	1.1467971820319458
\\ Jobs in machine 2
10
J11	13	14	29	1	0.9896261310091627
J12	14	6	42	10	1.5075297789166373
J13	14	2	27	15	1.4230612534552616
J14	15	1	17	10	0.7578328182106935
J15	15	8	70	8	1.3946270431907535
J16	15	4	20	10	0.6681789643449324
J17	14	2	109	6	1.3145224302267302
J18	14	14	50	3	1.4341820899988929
J19	14	4	78	6	1.1130409060950168
J20	17	12	15	1	1.635382468174689
\\ Jobs in machine 3
14
J21	15	13	91	5	2.0435051660453163
J22	14	8	57	9	1.408463840807341
J23	12	12	74	5	2.063345782049552
J24	15	6	85	13	1.5052822547702938
J25	11	5	12	8	0.5173262883828339
J26	14	3	23	8	1.7097049745099762
J27	15	12	97	2	1.1247813074761799
J28	13	14	23	7	0.9936396262164544
J29	14	12	25	1	1.8192279988058218
J30	16	2	102	14	1.3855051271231535
J31	15	3	12	2	2.2404134605523165
J32	15	5	109	7	1.2881743142656783
J33	15	12	68	5	0.9565621051509036
J34	14	12	69	15	1.6517835730922066
\\ Jobs in machine 4
10
J35	16	10	55	10	1.0354498576443885
J36	14	5	63	6	1.4508494645232564
J37	15	1	24	11	1.4567128143122634
J38	17	13	73	12	1.7648567300980487
J39	14	4	78	4	1.0607021904329796
J40	15	13	31	9	1.0412693719810144
J41	14	7	57	13	1.055881539522403
J42	14	7	46	7	0.9134828841606764
J43	14	11	44	15	2.1583841704840436
J44	14	2	66	8	1.2230697495593617
\\ Jobs in machine 5
11
J45	14	12	27	7	1.4346581425739258
J46	13	3	2	12	1.1989229236755
J47	14	12	82	12	1.2939177764250498
J48	16	11	102	1	2.1051075815974043
J49	15	2	11	7	1.3336180471696004
J50	13	9	110	12	1.7618033110274438
J51	15	11	75	1	1.5133509403804961
J52	17	11	47	15	2.0407078302061317
J53	14	3	2	10	1.9753667704589128
J54	15	1	53	11	1.9977644927764955
J55	14	13	30	12	1.053468844804861
\\ Jobs in machine 6
9
J56	13	10	5	15	1.1390070806393384
J57	15	2	70	7	1.5329227058388937
J58	13	12	21	10	1.33117954535637
J59	16	9	88	12	1.0534529215978032
J60	14	13	110	12	1.2350611322368978
J61	14	10	8	3	1.7779870669502424
J62	14	5	5	2	1.3848101765481327
J63	14	5	89	12	1.6726270921262203
J64	13	7	9	6	1.8841126746974735
\\ Dependencies 
64
1	8
1	9
2	8
3	7
4	10
5	6
5	9
6	7
11	12
12	18
13	14
13	19
15	20
17	18
17	20
18	20
21	24
21	25
21	27
21	33
22	27
22	33
23	25
24	27
24	33
25	27
25	30
25	32
26	29
26	33
26	34
27	32
27	34
28	30
28	32
29	34
32	34
35	40
37	39
40	41
41	44
45	46
45	55
46	51
46	52
47	55
48	49
48	55
49	50
50	51
50	52
50	53
50	54
51	53
56	58
56	59
56	60
56	64
57	58
58	63
59	61
59	64
60	64
62	64
