\\ machines
12
\\ max power
120
\\ Jobs in machine 1
11
J1	15	13	83	22	1.7060697425346127
J2	14	12	109	16	1.4315261525484908
J3	14	9	63	55	0.1
J4	13	7	33	22	1.8779153712202938
J5	14	12	39	31	1.076550088622445
J6	16	12	97	45	1.1280822429830235
J7	16	3	95	4	0.5242065929931804
J8	14	9	50	57	2.0193176687654564
J9	13	7	107	22	1.7885235843501857
J10	13	10	50	32	0.8099492382139464
J11	15	14	66	36	1.2716947265939378
\\ Jobs in machine 2
11
J12	13	6	32	5	1.825192924328409
J13	15	10	37	32	0.1
J14	15	7	39	28	0.8545841431913361
J15	14	14	65	26	1.9277173183065774
J16	14	3	105	25	1.7888397935189202
J17	14	9	14	33	1.8604820774592699
J18	13	3	33	34	1.707206900070139
J19	14	7	60	60	1.196804877093011
J20	14	13	45	19	1.544688996228218
J21	16	14	75	23	1.0730976996672903
J22	15	8	90	40	1.9311595077728434
\\ Jobs in machine 3
10
J23	14	12	89	57	1.061270399542951
J24	14	3	36	29	1.6708412036034348
J25	15	14	70	21	1.5854547406710138
J26	14	2	32	44	0.8029241341971934
J27	15	11	21	3	1.2972940989969448
J28	17	10	31	31	1.3508869096515714
J29	15	14	75	26	0.883229094078207
J30	14	4	68	26	1.0537245840476213
J31	15	4	24	58	0.9681856426711932
J32	15	1	89	25	0.6417518258957688
\\ Jobs in machine 4
10
J33	14	14	63	36	0.5127054807799121
J34	14	12	44	15	0.8611427668492786
J35	13	12	53	29	1.2003185652637725
J36	15	11	35	40	0.7931480875086985
J37	14	7	47	22	0.5979322514563132
J38	15	10	60	55	0.9405286765360719
J39	15	3	36	1	0.8676657291464496
J40	14	1	98	14	1.2407980238153258
J41	13	13	77	29	0.3555681281323524
J42	16	5	66	58	1.1163780587776406
\\ Jobs in machine 5
13
J43	14	14	4	39	0.6398262260426589
J44	16	14	87	1	1.2240876025194178
J45	13	3	70	33	1.2688975858593092
J46	14	9	46	42	1.0452676829741723
J47	14	8	9	49	1.9396839019812995
J48	14	14	52	38	0.2960593874464389
J49	15	12	33	45	0.7995159871744852
J50	15	2	40	34	0.670680295874245
J51	15	2	79	11	1.1311781781615977
J52	14	10	28	26	0.6702158299664451
J53	14	13	100	34	1.594474470119321
J54	14	7	95	11	1.762378324299458
J55	13	10	62	14	2.1918223584009775
\\ Jobs in machine 6
10
J56	15	11	39	18	1.2130630898240216
J57	14	1	42	41	1.2464544273176954
J58	14	2	41	33	1.7453693843199196
J59	14	6	59	49	0.1
J60	12	6	67	2	1.0122576493180422
J61	14	1	15	25	1.4067002567626807
J62	14	8	49	37	0.9271526865745487
J63	16	10	100	6	2.2150262739163455
J64	16	11	39	5	0.6248481921088764
J65	15	7	104	59	2.049698209756793
\\ Jobs in machine 7
9
J66	15	8	64	47	1.509794282215673
J67	15	6	82	8	1.1579758098123567
J68	15	13	2	13	1.479758919029986
J69	15	8	29	50	0.9835364376270292
J70	13	13	67	43	1.9558377009233858
J71	12	6	20	50	0.1644438551733951
J72	15	3	59	50	2.239330896201035
J73	16	14	22	16	1.515647888118645
J74	17	4	80	12	0.3091949285596781
\\ Jobs in machine 8
11
J75	14	11	102	22	0.1
J76	12	2	18	8	2.138971669628776
J77	15	7	81	24	1.5070561819089485
J78	13	2	84	4	1.8787018481187698
J79	16	1	76	33	1.027871668688045
J80	13	14	15	6	1.6798854495836792
J81	16	7	2	3	0.9735043859347727
J82	15	6	67	9	0.6762827407203739
J83	14	2	12	42	1.0790505712001044
J84	16	5	57	37	1.6597491088049765
J85	15	4	54	31	1.038979351836479
\\ Jobs in machine 9
10
J86	15	14	102	33	0.7458235397767254
J87	14	11	69	12	0.8282603264916669
J88	13	12	17	46	1.5474774471415969
J89	14	3	62	30	1.3505645407027764
J90	17	11	53	10	1.1511862125496661
J91	14	9	53	54	1.9827946196195372
J92	14	1	79	15	1.017104766829343
J93	13	14	88	46	0.672915040413705
J94	16	1	79	20	1.065721340556443
J95	15	8	87	39	1.1832314101314267
\\ Jobs in machine 10
11
J96	15	7	64	3	1.2322633168059522
J97	15	8	74	14	0.8608046535920941
J98	16	5	60	41	1.6138223865102796
J99	14	11	25	33	1.543440769649061
J100	12	2	58	10	1.0420587696188646
J101	13	3	99	44	1.9388812634353463
J102	15	10	49	13	0.6564844485251067
J103	15	8	53	20	1.1705848370474177
J104	16	5	16	19	0.5403314040517844
J105	15	7	4	13	1.4062472788163007
J106	15	2	47	47	0.9857851141712886
\\ Jobs in machine 11
10
J107	14	12	21	59	1.7946671239521046
J108	14	6	92	37	1.702134987882303
J109	14	10	24	20	0.7103522337484842
J110	15	8	28	45	1.3215310254509058
J111	14	2	100	31	1.1637055179418758
J112	15	6	60	50	0.9962780417166133
J113	14	13	57	4	1.117308334163714
J114	14	7	44	32	1.3344842063220783
J115	15	3	57	1	1.5240377663501754
J116	15	8	51	40	0.8360603121614906
\\ Jobs in machine 12
10
J117	14	13	56	32	1.7414502974872819
J118	14	11	27	49	1.2586459625225035
J119	14	13	19	52	1.1916309215479708
J120	15	7	49	32	1.4896653420469392
J121	12	12	59	28	1.1490727960021465
J122	15	12	103	13	1.455833105525252
J123	15	2	81	3	1.5539426720573486
J124	15	2	15	59	0.324404140784478
J125	15	7	66	19	1.2129758346552044
J126	13	3	43	49	1.0453775471878541
\\ Dependencies 
483
1	2
1	3
1	5
1	7
1	8
1	9
1	10
2	3
2	4
2	5
2	7
2	8
2	9
2	10
3	4
3	5
3	6
3	7
3	8
3	9
3	10
3	11
4	5
4	6
4	7
4	8
4	9
4	11
5	6
5	7
5	8
5	10
6	7
6	8
6	9
6	10
7	8
7	10
7	11
8	9
8	10
8	11
12	13
12	14
12	15
12	16
12	17
12	18
12	19
12	20
12	22
13	15
13	17
13	18
13	19
13	20
13	21
14	15
14	16
14	17
14	18
14	20
14	21
14	22
15	16
15	18
15	19
15	20
15	21
16	18
16	19
16	20
16	22
17	19
17	20
17	21
18	20
18	21
18	22
19	21
19	22
20	22
21	22
23	24
23	27
23	28
23	29
23	30
23	31
23	32
24	26
24	27
24	29
24	32
25	26
25	27
25	28
25	29
25	30
25	31
25	32
26	27
26	28
26	29
26	30
26	31
26	32
27	28
27	29
27	30
28	29
28	30
28	31
28	32
29	31
29	32
30	31
30	32
31	32
33	34
33	36
33	37
33	38
33	39
33	40
33	42
34	35
34	36
34	37
34	38
34	39
34	40
34	41
34	42
35	37
35	38
35	39
35	40
35	41
35	42
36	38
36	39
36	40
36	41
36	42
37	38
37	39
37	40
37	41
38	39
38	41
38	42
40	42
41	42
43	44
43	45
43	46
43	47
43	48
43	49
43	50
43	51
43	52
43	53
43	54
43	55
44	45
44	46
44	49
44	50
44	51
44	52
44	53
44	54
44	55
45	46
45	47
45	48
45	49
45	50
45	51
45	52
45	54
45	55
46	47
46	48
46	49
46	50
46	52
46	53
46	55
47	48
47	49
47	50
47	51
47	52
47	53
47	54
47	55
48	49
48	50
48	51
48	52
48	53
48	54
48	55
49	50
49	51
49	53
49	55
50	51
50	52
50	53
50	54
50	55
51	52
51	53
51	54
52	53
52	54
53	55
54	55
56	57
56	59
56	60
56	62
56	63
56	64
56	65
57	58
57	59
57	60
57	61
57	62
57	64
57	65
58	59
58	60
58	61
58	63
58	64
58	65
59	61
59	62
59	63
59	64
59	65
60	61
60	62
60	63
60	64
61	62
61	63
61	64
61	65
62	63
62	64
62	65
63	65
64	65
66	67
66	68
66	69
66	70
66	71
66	72
66	73
66	74
67	68
67	69
67	70
67	71
67	73
67	74
68	69
68	70
68	71
68	72
68	73
68	74
69	70
69	73
69	74
70	73
70	74
71	72
71	73
71	74
72	73
73	74
75	76
75	77
75	78
75	79
75	80
75	81
75	83
75	84
76	77
76	78
76	79
76	81
76	82
76	83
76	85
77	78
77	80
77	82
77	83
77	84
77	85
78	80
78	84
78	85
79	80
79	81
79	82
79	83
79	84
80	82
80	84
80	85
81	83
81	85
82	83
82	84
82	85
83	85
84	85
86	87
86	88
86	89
86	92
86	93
86	94
86	95
87	88
87	89
87	90
87	91
87	92
87	93
87	95
88	90
88	91
88	93
88	94
88	95
89	90
89	91
89	93
89	94
89	95
90	92
90	93
90	94
91	92
91	93
91	94
91	95
92	93
92	94
92	95
93	94
93	95
96	98
96	99
96	100
96	101
96	102
96	103
96	104
96	105
96	106
97	98
97	99
97	100
97	101
97	103
97	104
97	105
98	100
98	101
98	102
98	103
98	104
98	105
98	106
99	100
99	101
99	102
99	104
99	105
99	106
100	102
100	103
100	104
100	105
100	106
101	103
101	104
101	105
101	106
102	103
102	104
102	105
102	106
103	104
103	105
103	106
104	105
104	106
105	106
107	108
107	109
107	110
107	111
107	112
107	113
107	114
107	115
107	116
108	109
108	110
108	111
108	112
108	113
108	114
108	115
108	116
109	110
109	111
109	112
109	113
109	115
110	111
110	113
110	114
110	115
110	116
111	112
111	113
111	114
111	115
111	116
112	114
112	116
113	114
113	115
113	116
115	116
117	118
117	119
117	120
117	121
117	124
117	125
117	126
118	119
118	120
118	122
118	123
118	124
118	125
118	126
119	120
119	121
119	122
119	123
119	124
119	125
120	121
120	122
120	124
120	126
121	122
121	123
122	123
122	126
123	125
123	126
124	126
125	126
