\\ machines
10
\\ max power
100
\\ Jobs in machine 1
9
J1	14	14	59	24	0.7473121396511113
J2	14	9	18	22	0.7984375023865208
J3	15	10	18	11	1.7686193304417777
J4	16	13	42	2	2.130914528576303
J5	15	9	70	15	1.693016589764675
J6	15	4	65	22	0.7871669227504593
J7	13	7	52	15	1.3708826422893339
J8	15	2	71	6	1.587875341125359
J9	14	3	46	5	0.4875531509594405
\\ Jobs in machine 2
12
J10	16	9	18	5	0.8049069927083742
J11	14	4	84	8	0.5854615488886631
J12	14	11	109	13	1.231516429049047
J13	16	3	74	10	0.713534527352034
J14	15	8	47	18	1.5828384107280624
J15	16	3	63	8	1.2092876564063229
J16	15	11	12	7	0.8041092465293598
J17	14	1	22	16	0.7341469146049155
J18	15	2	45	24	0.35947284382874034
J19	15	5	73	17	0.7480060124649239
J20	15	4	59	19	1.328108362205572
J21	15	13	44	22	1.492626850811071
\\ Jobs in machine 3
11
J22	14	7	5	22	1.7576918116755627
J23	16	12	48	10	1.7165845342931139
J24	14	2	104	21	1.286085332054308
J25	15	7	28	17	1.1418764996444586
J26	15	14	68	11	2.6930989351327144
J27	16	3	108	14	0.9790923581932358
J28	12	2	63	12	1.265648795875269
J29	16	13	13	23	0.1
J30	14	7	44	15	1.8542109586654418
J31	15	2	78	12	0.8237450914645374
J32	15	3	81	15	0.8520487369141867
\\ Jobs in machine 4
10
J33	15	13	95	9	0.9119702010578823
J34	15	5	98	20	1.2702376276199459
J35	16	14	47	19	1.5561358270577832
J36	14	8	9	22	1.6342538034950778
J37	16	12	3	3	1.4169467471524646
J38	14	3	81	14	0.652251060362266
J39	15	4	32	9	0.6714544764331697
J40	14	5	75	9	0.8190939400784683
J41	16	14	3	12	1.7848151961475427
J42	16	5	90	2	0.8079183191376056
\\ Jobs in machine 5
13
J43	15	14	68	15	1.3540690485674227
J44	15	9	6	4	1.8354263137845883
J45	15	3	77	4	1.11829680953021
J46	15	6	97	7	0.6133525308224863
J47	14	6	85	17	0.9505004324476399
J48	15	12	51	15	1.2573962286455986
J49	16	1	96	12	2.3910624673860053
J50	13	5	47	6	0.7416173846585341
J51	13	9	60	25	1.326671406117947
J52	15	2	108	20	1.865801848774867
J53	13	6	97	6	0.5899689169460183
J54	13	3	90	1	0.19730326590604053
J55	15	3	10	11	0.7079216147591405
\\ Jobs in machine 6
11
J56	16	14	7	21	2.51668325849051
J57	16	1	19	3	1.245149234604711
J58	14	3	96	6	1.5991681749626014
J59	14	2	22	6	1.1935179373712814
J60	14	8	48	2	2.0107957163525443
J61	15	6	99	1	1.9916045762246088
J62	15	6	81	17	0.21172287600592365
J63	14	13	98	1	0.7879690369040964
J64	13	5	51	25	1.1164790554158568
J65	15	13	28	3	0.7170995956988452
J66	15	4	5	14	1.573641649531924
\\ Jobs in machine 7
11
J67	12	7	72	19	1.424982556864191
J68	13	1	13	21	0.3704646972615794
J69	14	11	107	2	0.6932482681392722
J70	13	12	44	1	1.099255405270844
J71	14	5	42	12	1.4398291760066615
J72	13	5	38	9	1.2749401740560389
J73	14	2	85	23	1.768640235160839
J74	14	6	92	12	2.180117734724324
J75	16	11	19	24	1.0678578646290138
J76	13	13	80	21	1.3544293508027534
J77	14	6	26	22	1.1334200263352123
\\ Jobs in machine 8
10
J78	14	11	92	16	1.8377633219465999
J79	16	9	25	8	0.4877577725681841
J80	13	1	95	8	2.0113954421392415
J81	16	11	71	25	1.5318189153601396
J82	15	4	56	6	0.8672592032650482
J83	14	4	41	11	1.478062992427677
J84	16	5	102	15	0.1
J85	16	6	16	11	1.4892401896428886
J86	16	8	15	7	0.8128766947113043
J87	15	13	31	13	1.2421473941445007
\\ Jobs in machine 9
11
J88	14	3	102	21	0.9901640515948442
J89	13	5	14	23	1.1655246009423932
J90	16	3	62	13	1.1987052681001613
J91	15	3	96	8	1.6490609727366394
J92	13	14	91	3	0.6375601465497738
J93	14	8	8	6	1.53732135671076
J94	14	6	19	19	2.3118172684411498
J95	15	11	19	2	1.0806003302198728
J96	17	7	72	5	0.7514145593760923
J97	15	2	73	20	0.4384788153707201
J98	14	13	102	23	0.7175451930463411
\\ Jobs in machine 10
11
J99	15	1	95	12	1.6810607471279324
J100	14	1	88	6	0.8103904682108976
J101	14	11	47	13	1.1263216026921246
J102	16	1	72	21	1.84272422596718
J103	15	9	24	11	1.5992053942067104
J104	12	14	40	1	0.1
J105	13	8	45	18	1.2309470811226533
J106	15	12	27	9	2.3769741253399137
J107	15	12	53	8	0.6478064915593654
J108	14	7	110	24	0.7027095295548453
J109	13	6	54	20	1.2662802297922755
\\ Dependencies 
280
1	3
1	4
1	6
2	3
2	4
2	6
2	7
2	8
3	6
3	8
3	9
4	6
4	7
4	9
5	6
5	7
5	8
6	7
8	9
10	11
10	12
10	19
10	20
10	21
11	13
11	14
11	15
11	16
12	15
12	17
12	18
12	19
12	20
13	14
13	15
13	18
13	19
13	21
14	16
14	17
14	18
14	20
14	21
15	18
15	19
16	18
16	19
17	19
17	20
17	21
18	19
18	20
18	21
19	20
19	21
22	25
22	26
22	27
22	28
22	29
22	31
23	24
23	29
23	30
23	31
24	26
24	29
24	31
25	26
25	28
25	31
26	27
26	28
26	30
26	32
27	28
27	30
27	31
28	29
28	30
28	32
29	32
33	35
33	40
33	41
33	42
34	36
34	37
34	39
34	41
34	42
35	39
35	40
35	41
36	39
36	40
36	41
36	42
37	41
38	40
38	41
38	42
39	42
41	42
43	49
43	54
44	49
44	50
44	53
44	54
45	47
45	48
45	50
45	53
46	49
46	50
46	51
46	54
47	49
47	51
47	52
47	53
47	54
48	49
48	51
48	52
48	54
49	50
49	52
49	53
49	54
50	52
50	53
50	54
50	55
51	53
51	55
53	54
53	55
56	58
56	60
57	66
58	59
58	60
58	62
58	64
59	60
59	64
59	65
60	61
60	62
60	66
61	62
62	63
62	64
62	66
63	64
63	65
64	65
65	66
67	69
67	70
68	69
68	73
68	75
68	77
69	70
69	71
69	72
69	73
69	74
69	75
69	77
70	71
70	73
70	74
70	75
70	76
70	77
71	73
71	75
71	76
73	76
74	76
75	76
76	77
78	79
78	80
78	81
78	83
78	84
79	81
79	82
79	83
79	85
79	86
79	87
80	82
80	83
80	84
80	85
80	86
82	83
82	84
82	86
82	87
83	84
83	85
84	85
84	87
85	86
85	87
86	87
88	89
88	92
88	93
88	95
88	97
88	98
89	93
89	94
89	96
89	97
89	98
90	91
90	96
90	97
90	98
91	92
91	96
91	97
91	98
92	93
92	94
92	95
92	96
93	94
93	95
93	96
93	98
94	95
94	98
95	96
96	97
99	100
99	102
99	103
99	106
99	107
99	108
100	102
100	105
100	106
100	108
101	104
101	105
101	106
101	107
101	108
102	103
102	104
102	109
103	104
103	105
103	106
103	107
103	108
103	109
104	105
104	106
104	107
104	108
104	109
105	106
105	107
105	108
105	109
106	109
107	108
108	109
