\\ machines
7
\\ max power
70
\\ Jobs in machine 1
10
J1	16	7	104	13	1.4403444501854255
J2	14	6	56	34	0.6675936803634217
J3	14	13	88	1	1.4227795321565424
J4	13	2	67	33	1.462366510177199
J5	15	13	49	7	0.1
J6	15	13	32	12	2.0934485499302773
J7	15	7	18	19	1.1563796742648231
J8	14	3	16	26	1.595612389429237
J9	14	8	109	11	1.320944585180394
J10	13	10	8	5	1.4963593888498143
\\ Jobs in machine 2
11
J11	14	10	10	13	1.1730020193457664
J12	16	14	37	8	1.0858233749954984
J13	14	6	18	24	0.8724947662266165
J14	15	6	72	29	1.5117702409555087
J15	14	4	33	30	1.2491291707242713
J16	14	5	82	17	2.1619705951276265
J17	14	8	55	24	0.9385593691473851
J18	16	14	84	23	1.1977952228217288
J19	14	3	48	24	0.1
J20	13	10	106	29	0.9498744166373292
J21	16	2	14	12	0.9833705528576415
\\ Jobs in machine 3
11
J22	15	10	81	26	0.9977538667532178
J23	15	5	103	24	1.7773051825761983
J24	15	8	50	7	1.0097984395334185
J25	15	1	72	27	1.3119274878154734
J26	14	10	15	32	2.4358326125015655
J27	15	11	3	6	0.7761743301259025
J28	17	5	65	3	1.382974112840952
J29	14	14	52	19	1.4124685724760098
J30	12	8	102	22	1.083756053396029
J31	15	11	71	26	0.5880254840837918
J32	14	11	12	13	1.1331941827801653
\\ Jobs in machine 4
10
J33	15	14	41	13	0.9923977037611675
J34	15	5	11	5	1.452259953545805
J35	14	10	80	8	1.3749861600921136
J36	14	11	14	29	1.5781227205019763
J37	14	9	14	7	1.3354292757729822
J38	14	10	16	31	0.7117545849164778
J39	15	9	93	26	1.793280107343698
J40	14	8	48	1	1.0781628651274728
J41	14	3	31	8	1.6529844963044487
J42	15	9	67	9	1.3438402308655708
\\ Jobs in machine 5
11
J43	14	3	75	27	0.7800502458797469
J44	15	6	73	16	0.6595306297668259
J45	14	7	102	28	1.607017770602558
J46	14	7	68	21	1.2076323909041873
J47	15	9	91	32	0.9724426944239689
J48	15	13	83	26	0.7579099716881956
J49	14	11	88	35	1.4927343669793212
J50	15	12	104	30	0.34638540048750444
J51	13	4	72	24	1.4136546860380093
J52	14	9	52	15	1.0305812073821132
J53	14	9	42	18	1.41604563036163
\\ Jobs in machine 6
12
J54	13	12	30	31	0.8356330388858016
J55	14	4	99	34	1.290348192535186
J56	16	9	82	21	1.3640548642682482
J57	15	12	80	32	1.2569835352632373
J58	13	4	47	7	0.8802318513650829
J59	14	12	43	30	1.2674957316107283
J60	13	14	60	20	1.1242849607056595
J61	15	8	71	3	1.5894870729896902
J62	15	3	4	1	0.6694780077715655
J63	15	2	74	17	1.1507323526931659
J64	14	9	87	3	1.702558710581739
J65	14	4	86	23	1.0787950677358151
\\ Jobs in machine 7
11
J66	14	8	31	4	2.642356141768527
J67	14	4	72	28	1.3868656748544077
J68	15	3	105	13	1.296297553245759
J69	14	8	88	35	1.3655197758433826
J70	14	11	48	21	0.6680665360690802
J71	14	7	105	16	2.0020377605124553
J72	15	8	81	22	1.371264858937007
J73	15	5	47	7	1.4765227444365925
J74	14	7	73	29	0.1
J75	15	4	22	9	0.26697697186359914
J76	14	11	71	20	0.9104270765309428
\\ Dependencies 
145
1	3
1	8
2	3
2	6
2	7
2	8
3	4
3	5
3	9
3	10
4	5
4	8
4	9
5	6
5	7
6	9
6	10
7	9
7	10
8	9
11	14
11	16
11	19
12	14
12	17
12	19
13	14
13	16
13	18
13	20
14	15
14	20
15	19
15	20
16	17
16	18
16	20
17	18
18	19
20	21
22	27
22	29
22	31
22	32
23	24
23	25
23	26
23	32
24	28
25	26
25	29
25	32
26	31
26	32
27	29
28	29
28	30
33	34
34	37
34	38
34	39
34	42
35	38
35	42
36	37
36	39
37	40
37	42
38	39
38	41
39	40
39	41
41	42
43	51
44	46
44	48
44	49
45	48
45	49
45	52
45	53
46	47
46	49
46	50
47	49
48	49
48	50
48	52
49	50
50	51
50	52
51	52
51	53
54	55
54	56
54	57
54	59
54	61
54	65
55	56
55	59
56	57
56	59
56	60
56	61
56	63
56	65
57	58
57	62
57	63
57	65
58	59
58	60
58	62
59	61
59	63
59	64
60	63
60	64
63	64
63	65
64	65
66	69
66	70
66	75
67	72
67	74
67	76
68	69
68	71
68	72
68	74
68	75
69	70
69	75
69	76
70	75
71	74
72	73
72	74
72	75
73	76
74	75
74	76
75	76
