\\ machines
8
\\ max power
80
\\ Jobs in machine 1
11
J1	14	11	20	14	0.6635311979083629
J2	14	10	99	4	0.7698365372789934
J3	15	7	58	16	1.5322024386796989
J4	14	1	7	7	0.8255777280387628
J5	14	4	18	13	1.7928577552301848
J6	14	14	44	4	1.0059222287573744
J7	14	7	66	9	0.8754819714665283
J8	14	2	61	7	1.3542104681243892
J9	16	2	77	3	1.9088997379563581
J10	15	6	90	2	1.9187448587877782
J11	14	7	109	20	2.086578061477798
\\ Jobs in machine 2
11
J12	14	13	63	13	0.6963146507626031
J13	14	8	39	5	1.1944591030843303
J14	13	1	11	14	1.839764071693787
J15	15	12	97	11	1.793438421045705
J16	15	10	27	12	1.5247680001893213
J17	13	7	10	3	0.595401335236763
J18	16	7	52	3	1.2879709636316174
J19	15	10	51	2	0.8278085554774071
J20	12	5	5	19	0.4490695190967412
J21	14	13	100	14	0.29918517016322366
J22	14	2	23	12	1.9731503123099539
\\ Jobs in machine 3
11
J23	16	12	10	8	1.012222714105781
J24	14	14	52	17	0.9703712409130889
J25	13	6	95	9	0.7839669462387708
J26	16	4	81	6	1.4490042283616102
J27	14	6	57	13	0.9086734280122538
J28	15	4	92	8	1.1423906701325837
J29	13	13	110	11	1.1481096568376574
J30	15	11	100	14	1.3339663928242425
J31	14	10	110	13	1.0532074957364805
J32	15	3	14	17	1.2596675273245848
J33	16	2	82	15	0.46995050924950077
\\ Jobs in machine 4
11
J34	14	12	73	18	1.260591244985324
J35	15	1	54	6	1.213347837794348
J36	15	14	21	16	1.0726124470265308
J37	15	7	87	7	1.1746762192947462
J38	17	3	40	7	0.4041455602030668
J39	15	14	51	14	0.6547071181958418
J40	14	2	39	16	1.68433942963215
J41	14	6	71	8	0.7994732587226339
J42	16	9	88	13	1.5495857324494173
J43	16	1	97	7	1.1695276938065575
J44	13	13	8	7	1.42721460823778
\\ Jobs in machine 5
12
J45	13	8	29	19	1.712348294696528
J46	13	3	30	14	1.286828075959333
J47	16	1	50	1	0.3289186882076146
J48	16	10	56	1	1.3581914027480795
J49	14	5	58	6	1.1981690542123462
J50	13	1	107	13	1.312158246989302
J51	15	7	24	14	1.4931288188096081
J52	15	12	83	3	0.6164116186791717
J53	14	5	47	2	0.9939004007317245
J54	14	12	59	4	1.8473641937127807
J55	14	8	50	4	1.6210263820970054
J56	14	10	55	14	0.38989755931331516
\\ Jobs in machine 6
11
J57	14	11	106	20	1.3035354130350687
J58	14	14	21	11	1.7879469970464092
J59	14	8	7	18	0.969306358267086
J60	15	3	29	8	0.93910620336693
J61	14	1	37	9	1.3597655246547704
J62	12	6	109	7	1.3343938645329874
J63	14	10	52	2	1.3700605006014395
J64	14	3	44	9	0.6063652969257552
J65	13	7	90	15	0.953702568022929
J66	13	6	38	7	0.522782508696089
J67	15	1	101	16	0.7417139327518916
\\ Jobs in machine 7
11
J68	15	3	82	8	1.045577820731236
J69	15	6	69	17	1.3985407539958084
J70	16	9	93	11	1.549754437567746
J71	16	14	7	2	1.1906044714885513
J72	15	11	14	17	1.9608282895275364
J73	14	4	105	12	1.6501756898706466
J74	15	1	7	20	1.369349830578047
J75	13	2	99	15	1.2893433464295039
J76	14	9	86	14	1.066636350319562
J77	16	9	25	4	1.6467937442667147
J78	13	11	61	14	0.8134920624509341
\\ Jobs in machine 8
11
J79	15	1	88	16	1.3212585093487315
J80	15	7	53	11	1.3010375740041313
J81	15	2	77	13	2.041494180069029
J82	15	14	54	18	0.8947142795583681
J83	13	9	50	13	1.2927858734845528
J84	14	10	81	12	0.23928263487932167
J85	13	9	49	17	1.2922703912103615
J86	14	14	98	17	1.4949369783756696
J87	14	6	84	1	1.0437132781166718
J88	14	3	52	9	1.8443860976557147
J89	15	5	109	16	1.1193772804542605
\\ Dependencies 
139
1	3
1	10
2	3
2	9
3	8
3	10
4	8
5	8
6	10
7	9
12	13
12	15
12	17
12	18
12	19
13	20
13	21
14	17
15	22
16	18
16	21
20	21
21	22
23	24
23	30
23	31
23	33
24	25
25	26
25	32
26	28
26	31
27	32
27	33
28	33
29	30
29	32
32	33
34	38
35	43
36	44
37	41
37	42
37	43
37	44
38	41
38	43
39	43
40	43
41	43
42	43
43	44
45	46
45	47
45	55
46	47
46	51
47	50
47	51
47	52
48	50
48	54
48	55
49	51
49	54
50	52
50	53
50	55
51	54
51	55
52	54
52	56
53	55
53	56
54	56
57	61
57	62
57	66
58	65
59	60
59	61
59	63
59	65
59	67
60	63
60	65
60	67
61	66
61	67
62	65
63	64
64	65
64	66
65	66
68	71
68	74
68	77
69	71
69	72
69	74
69	77
69	78
70	72
70	73
70	75
71	72
71	73
71	75
71	76
72	73
72	77
73	74
73	75
73	77
74	75
74	77
75	76
77	78
79	80
79	81
79	84
79	85
79	86
80	86
80	88
81	82
81	83
81	89
82	83
82	85
82	88
83	84
83	86
83	88
84	89
85	87
85	89
86	87
87	89
