\\ machines
25
\\ max power
250
\\ Jobs in machine 1
12
J1	14	12	17	28	1.8209699673784159
J2	14	2	105	130	1.2888064094003406
J3	16	6	74	157	1.3188441309747023
J4	15	4	51	29	0.9056329453681019
J5	16	11	108	63	0.8957583205516089
J6	15	12	83	108	1.3007225923535652
J7	15	13	82	155	1.0956207856276423
J8	14	14	30	77	1.7911377193049642
J9	16	12	97	86	1.0112501888800143
J10	16	10	88	113	1.2346703328285205
J11	14	13	27	74	2.0627470093822247
J12	15	3	79	55	1.0375962371241088
\\ Jobs in machine 2
12
J13	14	2	30	17	2.1789867485635077
J14	14	1	19	48	1.2984582387567576
J15	16	2	50	27	0.7788361883757671
J16	16	11	99	124	1.4806675121199735
J17	14	9	22	181	0.5646929448099732
J18	14	11	90	111	0.9956741783099816
J19	14	8	38	75	1.6470822012083943
J20	15	7	75	19	1.9469128697179547
J21	15	8	23	151	2.2481203104734337
J22	16	5	67	133	1.3296554106811378
J23	15	3	8	142	1.525103434816972
J24	15	7	107	90	1.6865091809956665
\\ Jobs in machine 3
9
J25	13	2	71	113	0.9070166118047167
J26	14	1	21	166	0.9670995640510062
J27	15	13	3	138	0.8682236540826698
J28	15	3	106	39	1.2644672906505068
J29	15	7	36	88	1.6546650019855584
J30	16	10	12	183	1.717613588672457
J31	13	10	96	116	1.2548186526510205
J32	13	9	22	187	1.4198182477750794
J33	15	12	80	76	1.6530381823835196
\\ Jobs in machine 4
10
J34	15	13	38	100	1.5459860616247298
J35	14	8	85	18	1.8988509636107516
J36	16	7	92	74	0.9129920590278495
J37	16	12	78	8	0.8870814262162456
J38	15	13	60	47	0.9117372777629574
J39	16	10	96	187	0.989769247071631
J40	15	10	13	30	1.724747210657366
J41	15	12	19	119	1.5320046644033594
J42	16	11	48	30	1.5301017116424451
J43	17	8	98	165	0.8798889645339186
\\ Jobs in machine 5
10
J44	14	2	3	20	0.9251062851417318
J45	16	12	36	118	0.9326680160971869
J46	14	11	63	76	0.6869532041221051
J47	15	5	7	26	1.6251379939467832
J48	14	14	74	113	0.7509965154885258
J49	14	10	46	122	0.9908746018314456
J50	13	5	16	186	1.1078306706734902
J51	16	6	33	55	2.1935414819568146
J52	16	13	82	75	1.6092181896758104
J53	15	13	9	84	0.8395059935837272
\\ Jobs in machine 6
10
J54	16	2	55	16	1.513841696313956
J55	15	4	55	43	0.9763325804242206
J56	14	5	86	88	0.9928071160093555
J57	14	12	62	3	1.566487590834591
J58	14	3	66	176	1.6032767186165549
J59	14	8	43	48	1.0124449405860279
J60	15	13	86	36	0.3629929147030134
J61	13	7	95	41	0.3191792973762825
J62	15	10	96	147	1.4110423133373646
J63	16	11	53	15	2.5795238663376967
\\ Jobs in machine 7
12
J64	15	2	36	77	1.0295761631558549
J65	16	1	49	66	0.9529165056625254
J66	15	1	18	126	1.9361341763337894
J67	11	13	103	20	1.6759153248470846
J68	15	8	95	154	1.611193355412787
J69	15	5	43	64	1.4585484475702817
J70	15	6	104	122	1.6009493541800393
J71	14	5	101	171	1.2100133792272312
J72	14	3	60	23	0.8489621830470233
J73	14	10	95	3	0.6917284107532524
J74	14	3	39	44	1.6926893254991295
J75	13	1	24	88	1.7681119453855216
\\ Jobs in machine 8
12
J76	15	1	89	111	1.0635906367849886
J77	13	9	106	76	1.359479747588365
J78	15	12	81	9	0.8700206664275926
J79	16	1	53	15	0.6006348742941665
J80	16	11	59	48	0.1
J81	15	10	50	44	1.743522250050981
J82	16	2	18	165	2.182876780889846
J83	14	10	66	34	2.041159608974633
J84	15	8	46	76	1.4194991623005269
J85	15	4	3	106	1.5800079088235357
J86	15	5	92	77	0.9460538765208903
J87	14	14	51	96	1.487170396089182
\\ Jobs in machine 9
13
J88	14	13	46	180	0.46223713068907
J89	12	12	43	60	1.0406948009167507
J90	14	11	18	103	1.1925072341835823
J91	14	1	86	181	1.1513708476100326
J92	13	3	69	101	1.4296467417205512
J93	14	3	50	149	1.9027799469202349
J94	14	7	21	27	2.392873478262862
J95	16	10	65	157	1.332959121437675
J96	13	12	14	13	0.41281165772554274
J97	14	1	53	46	1.7096699438547165
J98	14	7	7	144	1.359984748195869
J99	14	13	79	36	0.8949134031991157
J100	15	13	51	29	0.9357042388016663
\\ Jobs in machine 10
10
J101	14	11	43	122	1.4527694037145547
J102	14	14	60	115	1.5957837526700374
J103	15	4	13	117	1.2369686495684702
J104	16	6	94	7	1.573971598886437
J105	16	10	85	102	1.2275945047741033
J106	14	13	92	175	1.1109545772126355
J107	13	13	48	169	1.046566491714963
J108	14	3	58	35	1.0683809123273595
J109	12	12	91	89	1.1437915123218039
J110	15	14	62	3	1.0363940077483722
\\ Jobs in machine 11
11
J111	13	1	44	148	1.2106381118628315
J112	14	13	98	175	1.7113732957108243
J113	14	4	64	10	1.5064233257497766
J114	15	11	24	125	1.924425500251818
J115	13	8	4	14	1.6897137519804182
J116	16	6	12	143	0.5473665214768354
J117	13	4	101	82	1.6932831068854561
J118	13	1	61	165	1.4716679045097494
J119	12	8	49	75	0.9307570944686503
J120	13	4	51	67	1.5753804184721736
J121	14	7	6	129	1.2758727433822064
\\ Jobs in machine 12
11
J122	15	3	99	151	1.5679686010654166
J123	14	13	73	181	2.3753989588060733
J124	14	14	5	30	1.596412512302372
J125	15	6	41	89	1.046144059962663
J126	15	13	72	104	1.5934176009216576
J127	14	6	23	43	1.532031277198448
J128	14	4	102	95	0.918829247388863
J129	14	10	81	60	0.9951342257438689
J130	16	1	22	157	1.2612055957870434
J131	13	14	44	20	2.015116617099486
J132	15	3	8	30	1.0151721178061268
\\ Jobs in machine 13
10
J133	13	11	86	176	1.40225714751182
J134	14	6	59	62	1.2676039601606526
J135	14	13	6	93	0.3821723724939847
J136	14	1	50	92	1.395104654683367
J137	17	4	84	143	1.4835786670303075
J138	15	12	60	37	0.6435652954500708
J139	15	4	52	114	1.133487783237067
J140	17	9	104	146	1.3305242443730427
J141	14	7	20	58	1.0364359925033102
J142	14	2	35	140	1.0557026362461415
\\ Jobs in machine 14
11
J143	15	11	102	87	0.6483222455435854
J144	12	14	79	124	0.8238421787300779
J145	15	1	91	110	1.0065369299922695
J146	14	4	101	97	0.31006817644076057
J147	14	6	8	27	1.453968557985103
J148	13	9	52	7	1.1152561946555064
J149	13	6	11	142	2.011773198681377
J150	14	8	76	182	0.8243020009849359
J151	14	3	66	96	0.7996515179361507
J152	15	11	39	5	1.224287729252765
J153	14	4	105	89	0.1
\\ Jobs in machine 15
12
J154	15	2	37	168	1.6164646810773697
J155	14	1	64	6	0.7538585056715492
J156	15	9	23	20	1.5011279562618143
J157	15	3	86	187	0.48157735747459063
J158	15	10	22	108	1.7223978485554903
J159	16	2	83	71	0.7741203992019853
J160	16	9	52	89	1.45619500460271
J161	14	1	82	113	0.9925259831490076
J162	14	14	66	67	0.86942926949291
J163	13	14	92	13	0.9701209205391941
J164	15	14	76	98	1.2590124640297762
J165	15	12	50	121	0.2304151473940692
\\ Jobs in machine 16
10
J166	15	12	64	53	0.7297263827092233
J167	13	6	27	17	0.16086534586324452
J168	17	10	104	26	1.2608351368289779
J169	14	2	22	69	0.46755662791240915
J170	13	11	40	33	2.164073652530254
J171	19	8	5	187	1.394012611143011
J172	13	6	4	100	1.2312131282808318
J173	15	8	100	79	1.4584911150907567
J174	17	6	51	170	0.8585410187535235
J175	14	10	74	29	0.7041668196300421
\\ Jobs in machine 17
11
J176	13	10	49	163	1.0668109487999313
J177	14	14	75	41	1.1568649422607613
J178	16	6	25	41	0.9788406709391321
J179	14	8	88	43	1.2734079061454346
J180	15	14	43	86	1.1237127657972033
J181	15	11	86	30	0.1
J182	14	5	29	90	0.7864359562640588
J183	15	13	19	69	2.1273152507832265
J184	15	10	31	110	1.221444084172295
J185	13	12	21	30	0.9578706037096588
J186	14	12	15	2	0.8316035562659361
\\ Jobs in machine 18
12
J187	14	8	53	145	0.7796350498635913
J188	15	5	15	90	1.6295141025190443
J189	13	10	12	89	1.3798998520373713
J190	14	6	89	32	1.1258191266173003
J191	15	9	104	146	1.307773549650299
J192	16	8	98	131	1.4751513797251397
J193	16	1	18	157	1.4991862242314558
J194	15	13	63	80	1.156158690113521
J195	14	7	78	49	1.6707446071533902
J196	15	4	107	155	1.451065553345119
J197	16	5	23	75	1.1953285463555976
J198	14	7	68	60	1.9292717269051178
\\ Jobs in machine 19
11
J199	16	4	78	128	2.2243158886847207
J200	15	13	52	174	1.5085638887212038
J201	15	9	106	86	2.167786204884085
J202	14	14	66	154	0.8519294576141376
J203	15	10	51	10	0.6408584927755699
J204	16	12	49	178	1.115323903929788
J205	15	14	69	22	1.613304330791667
J206	16	2	40	129	0.3232275969406212
J207	16	4	34	39	1.2233253762957015
J208	14	13	72	77	1.767925716701967
J209	13	2	79	93	1.6961868174565364
\\ Jobs in machine 20
13
J210	13	1	38	68	0.49297705258289126
J211	16	8	52	134	0.48105394332191276
J212	14	4	28	103	1.084570463585253
J213	15	12	108	81	1.886570907707376
J214	13	5	20	183	2.0235357007328547
J215	15	12	8	20	1.1414896549129314
J216	15	4	103	166	0.833884040277421
J217	16	5	37	131	2.400337102119302
J218	17	14	48	60	0.7034030558803503
J219	15	7	8	125	1.145270725302153
J220	13	4	110	134	1.1404198071964282
J221	15	11	30	14	1.0987389196178212
J222	12	13	44	99	0.7177510455637466
\\ Jobs in machine 21
12
J223	14	9	28	117	0.6912351009919419
J224	15	2	51	105	1.2349745623117527
J225	14	6	66	77	0.9718752322891966
J226	13	11	89	52	0.7907951219954684
J227	17	4	60	127	1.1476268555877007
J228	15	7	65	6	1.3890024165053496
J229	14	1	82	40	1.255200472235462
J230	13	5	39	173	1.2910825397467136
J231	13	12	21	82	1.8725332311577334
J232	15	2	9	138	1.0116051764107996
J233	16	14	36	90	1.4533519808893385
J234	13	9	40	54	1.795660281749906
\\ Jobs in machine 22
12
J235	16	10	18	162	0.5251914825041638
J236	14	3	40	23	1.4493187640100054
J237	14	6	11	102	1.1919440458421948
J238	15	14	28	178	1.0419399816512978
J239	15	2	50	59	1.1924887404787523
J240	15	4	40	41	1.7992008463198625
J241	16	13	42	48	0.9842934782421515
J242	14	6	110	156	1.655801981986472
J243	15	3	99	72	0.6029999939091295
J244	13	14	83	54	0.6608687610126787
J245	15	7	68	147	0.906960540884026
J246	14	9	22	17	1.0207750446363717
\\ Jobs in machine 23
10
J247	15	5	47	63	1.0108957173438895
J248	14	8	16	8	1.9412596746559205
J249	15	2	75	13	1.323474281364104
J250	16	1	63	46	1.1373012313613602
J251	14	4	23	171	1.5221122059250278
J252	13	1	87	150	0.6996123539672668
J253	15	10	28	21	1.8205251095511072
J254	13	14	75	74	1.1412616640185407
J255	13	7	84	98	0.7937055792088148
J256	16	14	31	126	1.1675479877531456
\\ Jobs in machine 24
10
J257	14	14	97	155	1.0717830626930733
J258	13	4	8	107	0.2102998287590665
J259	14	7	39	7	0.48112646633132594
J260	15	2	4	124	1.120052151187266
J261	15	10	29	69	1.4543531267973422
J262	15	4	3	181	1.0288707541415851
J263	13	2	69	40	1.0519947458460401
J264	15	12	35	74	2.0110453510800266
J265	14	10	15	32	1.9850714716578461
J266	14	5	96	160	1.4534202024254723
\\ Jobs in machine 25
12
J267	15	5	89	104	1.173561147577546
J268	14	9	50	84	0.4465511190287844
J269	15	10	80	28	0.7270586759521904
J270	16	5	55	9	0.9882012649897196
J271	15	1	17	163	1.967102836246158
J272	14	11	2	21	0.1
J273	14	8	34	154	1.3033754553326105
J274	16	11	41	102	0.2727098193334757
J275	16	12	85	62	1.2062450768773187
J276	13	7	30	178	1.377649856712479
J277	14	13	41	79	0.5187194331573042
J278	15	9	27	18	1.286734627206518
\\ Dependencies 
136
1	2
4	10
13	15
13	19
13	23
16	20
18	20
25	30
26	27
34	35
34	39
36	42
39	43
44	49
49	51
55	61
56	62
64	73
65	69
65	73
67	73
68	73
71	72
77	84
78	83
79	81
84	87
89	96
89	100
90	98
92	97
93	98
93	100
94	96
96	99
97	99
101	102
101	103
101	104
103	107
104	107
111	112
111	117
112	114
113	116
113	119
115	119
115	121
122	129
125	130
125	132
126	130
127	128
130	132
134	135
134	136
134	142
135	139
136	142
145	152
147	153
151	152
154	160
156	158
157	161
160	161
164	165
166	168
167	168
171	175
173	174
176	185
177	182
178	181
178	185
179	184
182	184
182	185
182	186
187	193
189	196
191	193
191	196
193	197
193	198
195	197
199	200
199	202
200	206
200	207
202	207
210	218
211	212
211	216
212	213
212	214
213	216
213	217
215	221
216	217
217	220
218	219
218	222
219	221
223	225
223	227
223	228
225	226
225	231
226	229
227	231
227	234
228	230
228	233
232	233
235	236
236	245
239	243
241	246
242	246
244	245
247	249
247	254
249	252
250	255
252	253
258	262
258	264
259	264
260	262
260	263
260	265
262	266
269	273
269	277
270	275
