\\ machines
9
\\ max power
90
\\ Jobs in machine 1
11
J1	14	4	31	9	0.6656877371089859
J2	15	13	16	16	1.4130947275289543
J3	16	8	107	1	0.7383196994488219
J4	12	1	35	17	1.3484429303354404
J5	15	1	96	21	1.537919793781764
J6	14	3	39	2	0.9110395335980745
J7	15	4	42	4	0.872453540120679
J8	14	11	66	16	0.7501066563576666
J9	15	11	36	16	1.0488720707551986
J10	14	9	17	12	0.6947711414691567
J11	14	11	31	5	0.6752550423609218
\\ Jobs in machine 2
11
J12	13	14	97	20	1.3531577503140488
J13	14	8	108	8	1.1223404673119044
J14	15	1	24	9	0.6144172193364228
J15	15	10	108	5	0.6742632099696938
J16	15	7	26	16	0.5939122813564929
J17	15	4	96	2	1.013414600038854
J18	14	3	18	11	0.1
J19	16	4	3	10	0.1
J20	15	8	10	6	2.2410091160327736
J21	15	5	82	22	1.8849157921625985
J22	16	8	103	2	0.7501346222237917
\\ Jobs in machine 3
12
J23	16	13	102	16	0.5667704346308322
J24	14	7	109	15	0.4408215151567081
J25	15	2	36	12	1.5275055652574225
J26	14	5	68	13	1.3554692419765546
J27	15	9	11	1	1.2631165016090018
J28	16	6	31	14	1.1265347497129548
J29	14	13	43	12	0.6050605143235847
J30	13	4	24	11	1.2423485083874084
J31	15	7	15	21	1.4340849507302753
J32	13	9	12	16	1.665120190970851
J33	14	5	23	22	1.7411077680336589
J34	14	3	20	8	0.9323428184647993
\\ Jobs in machine 4
11
J35	15	1	41	15	0.24126096685338982
J36	14	1	40	6	0.6613179169791757
J37	14	4	60	20	2.157138255586538
J38	15	3	97	16	1.4408671032634555
J39	15	2	6	13	1.5609360048744905
J40	15	3	48	3	1.0424189910865573
J41	14	8	19	5	0.16083748983424861
J42	14	13	36	11	1.8891252634424203
J43	16	13	43	15	0.9852341740513866
J44	15	10	41	18	0.844910477863948
J45	14	5	97	11	1.1222102643310803
\\ Jobs in machine 5
13
J46	16	9	23	22	1.6446805046954445
J47	14	3	28	12	1.5949909718965893
J48	13	9	108	3	1.174577946972777
J49	15	4	105	9	1.2931543287354508
J50	15	3	63	10	1.2435553688480168
J51	15	12	105	13	1.5582429031428793
J52	14	9	42	22	1.4542742839548906
J53	16	8	13	21	0.6891868943365268
J54	14	7	81	22	2.040264611290203
J55	15	10	67	19	0.7108102842439884
J56	14	12	32	5	2.3429960225455924
J57	16	9	104	9	1.2462322131719181
J58	14	13	74	13	2.332501621360298
\\ Jobs in machine 6
10
J59	14	7	67	13	0.8961215899753889
J60	15	2	59	15	1.4288118807462271
J61	14	5	106	1	1.4173198715603117
J62	14	9	46	15	1.6563855076062226
J63	15	11	72	6	0.8363126679543058
J64	14	10	108	22	1.0752586093559173
J65	15	9	35	4	1.5259693124433333
J66	15	8	49	3	0.8064009238130259
J67	14	11	4	15	1.435436622609215
J68	14	2	70	17	1.4761988893058384
\\ Jobs in machine 7
9
J69	14	1	104	11	1.5609672182245504
J70	14	10	85	11	1.4545068189156767
J71	16	10	81	2	0.7794522735334735
J72	14	8	92	23	0.5836905188375076
J73	13	10	49	6	0.9511560258174594
J74	15	5	51	13	1.8175625732041636
J75	12	10	90	21	1.0276634651623502
J76	14	8	95	6	0.1
J77	15	1	29	6	1.3854895113130845
\\ Jobs in machine 8
12
J78	13	4	49	1	1.5899606116170757
J79	13	5	31	7	1.8394370048496138
J80	15	13	51	22	1.4428410797387876
J81	13	8	35	1	1.2995618930832253
J82	14	14	75	14	1.430429457685981
J83	14	10	74	8	0.7308768421509451
J84	15	2	86	19	0.7757330748660507
J85	14	10	85	21	0.6013730720258724
J86	14	8	48	14	1.1103976978008696
J87	13	3	110	14	1.1684301303837625
J88	14	14	17	10	0.9540152245725273
J89	15	6	53	9	1.3207612546592227
\\ Jobs in machine 9
13
J90	15	6	64	15	0.7153584335828271
J91	15	4	89	18	1.2586131377306735
J92	13	9	19	11	1.0709568622117924
J93	14	13	37	12	1.780150047088846
J94	15	7	88	2	1.8105614368832985
J95	16	9	19	7	1.6078057408587174
J96	15	12	25	23	1.6887219746777253
J97	14	11	2	20	0.9854763805857949
J98	14	2	32	21	0.9933939638193554
J99	14	1	29	5	0.6771573968705147
J100	14	5	80	1	1.5961275136120587
J101	14	4	56	23	0.9100792233898536
J102	16	4	6	10	1.7446350835851225
\\ Dependencies 
154
1	9
1	10
2	6
2	7
3	7
4	5
4	6
4	9
4	10
5	7
5	8
5	11
6	8
6	9
6	11
8	10
10	11
12	15
12	17
12	19
12	20
13	19
13	22
14	17
15	19
15	21
19	20
23	29
24	25
24	26
25	27
25	28
25	31
26	27
26	31
26	34
27	28
27	34
28	32
28	33
29	31
29	33
30	31
31	32
31	33
35	36
35	45
36	37
36	38
36	39
36	41
36	45
37	39
37	42
37	43
38	41
38	43
38	45
39	43
39	45
40	42
40	44
42	44
42	45
43	44
44	45
46	50
47	48
47	53
48	50
48	52
48	56
48	57
49	50
49	51
49	52
49	54
49	55
50	51
50	54
50	56
51	53
51	54
51	58
52	56
52	57
52	58
53	56
54	55
54	56
60	61
60	63
60	67
61	65
63	64
64	66
64	67
65	68
66	68
67	68
69	72
69	73
69	74
69	75
69	77
70	71
70	75
70	77
72	77
74	76
78	83
78	85
79	80
79	85
79	86
79	88
80	83
81	82
81	83
81	89
82	85
82	86
82	89
83	84
85	87
85	88
86	87
86	89
87	88
90	91
90	94
90	95
90	101
91	93
91	94
91	97
92	93
92	96
92	97
92	100
92	101
93	94
93	95
93	97
93	99
93	100
93	102
94	96
95	96
96	100
97	100
97	102
98	99
98	100
