\\ machines
20
\\ max power
200
\\ Jobs in machine 1
10
J1	14	6	73	117	1.850372701186593
J2	16	12	17	47	0.2288663441527261
J3	15	5	50	86	1.6423780916211146
J4	14	3	12	88	0.8950307700729623
J5	14	12	71	67	1.337601121228264
J6	17	13	93	52	1.5450739685604347
J7	15	13	55	57	1.6924611475408646
J8	15	9	2	51	1.025062047703305
J9	14	2	55	138	1.783344195904909
J10	13	14	90	110	0.5680387716271812
\\ Jobs in machine 2
12
J11	13	6	50	146	1.4497364613256198
J12	13	1	45	117	1.6868519495435021
J13	15	11	59	116	0.9720585405343298
J14	15	2	35	85	0.9976327226955558
J15	13	12	6	71	1.03219822532529
J16	16	10	27	147	1.165239141780628
J17	15	3	2	150	0.9837831110015548
J18	14	11	11	87	1.6433760595506834
J19	16	5	10	32	1.1694568599306656
J20	14	8	108	30	1.58951082302801
J21	14	12	76	48	1.9716826027414684
J22	15	12	3	76	1.6952382317707255
\\ Jobs in machine 3
10
J23	16	8	14	38	1.0828241431860919
J24	15	13	26	13	1.0618423580815508
J25	14	9	77	142	0.786568599289896
J26	15	2	40	72	1.3847782625364347
J27	15	7	5	92	1.5154950612784357
J28	13	2	109	136	0.41027529756921344
J29	16	11	28	136	0.7691824446725251
J30	14	8	94	106	0.5292699116485639
J31	13	11	92	43	0.9179906421118715
J32	14	6	76	72	2.0306035915996716
\\ Jobs in machine 4
10
J33	14	10	31	123	0.23181676055438372
J34	15	2	49	53	2.0471081748426654
J35	14	9	26	23	1.1550318177261278
J36	15	14	75	89	1.8771086378377562
J37	15	12	72	33	1.3428689421241893
J38	13	5	91	45	1.9791440371094429
J39	15	7	39	113	1.6969905745364935
J40	15	5	62	124	1.3602937076298203
J41	14	8	95	121	1.4652309462040685
J42	13	2	11	18	1.9447553903083081
\\ Jobs in machine 5
11
J43	14	7	68	74	1.437678163291827
J44	14	6	57	48	1.64408891680198
J45	13	10	87	136	0.8176133399492784
J46	16	2	46	110	0.6599917406360866
J47	14	8	78	146	0.8632583002735237
J48	14	2	98	40	1.5027358192320246
J49	16	2	16	33	1.4017445223823455
J50	14	13	55	9	1.268557670674747
J51	14	12	32	138	1.212003537915138
J52	14	6	41	94	2.0663095914643415
J53	15	4	37	68	2.081250714449104
\\ Jobs in machine 6
10
J54	15	1	86	72	1.8081045799775988
J55	15	12	44	16	1.3437391320669965
J56	14	9	52	19	1.3187319226652892
J57	15	13	50	90	1.2728430961628605
J58	13	7	3	20	1.2227323008590374
J59	16	10	27	132	2.1458879554172077
J60	15	5	85	110	0.733477798582119
J61	15	6	98	17	1.2159362063400445
J62	15	4	105	61	1.2100268069897209
J63	15	11	87	132	1.3982861241680506
\\ Jobs in machine 7
11
J64	14	8	7	21	1.2121193708559035
J65	15	2	88	95	0.7037973328342626
J66	14	7	26	139	1.5564143974861886
J67	15	9	66	74	0.1
J68	15	3	89	130	2.449280915728589
J69	14	12	43	44	2.2792879297870465
J70	14	12	12	28	1.0548496272733152
J71	13	7	23	14	0.9021923607376001
J72	15	12	48	69	1.3602591309461256
J73	13	5	71	10	1.8499017426292041
J74	15	13	73	146	0.9654701338151763
\\ Jobs in machine 8
12
J75	15	7	27	102	0.842489917282054
J76	15	5	12	2	1.8681731978981153
J77	15	4	10	117	1.6540982432131297
J78	13	14	64	110	0.9314688475845878
J79	14	13	63	10	1.0877935762652684
J80	15	4	98	43	1.0139252263459155
J81	14	8	26	30	1.4015316534461306
J82	14	5	42	7	2.2683076322453313
J83	15	8	110	40	0.2109982938075048
J84	15	6	2	42	1.3725101604859502
J85	17	8	12	4	0.9778617728527119
J86	16	1	46	2	0.8584818714316158
\\ Jobs in machine 9
12
J87	15	2	84	18	0.8957715565013371
J88	15	10	62	61	0.9324391345309554
J89	15	8	3	132	1.0513542922771304
J90	16	4	12	113	1.3725382383408313
J91	13	11	16	25	1.54855444746067
J92	14	1	104	68	1.4251436780411086
J93	15	13	16	60	0.7989822176441559
J94	15	6	104	40	0.8316877331228485
J95	16	1	36	132	2.147171217797273
J96	16	6	43	99	0.4430416415718409
J97	13	13	64	83	1.2313128334770287
J98	16	11	9	140	0.23800169923679493
\\ Jobs in machine 10
10
J99	14	14	53	91	0.7901767819996341
J100	13	12	8	37	0.7029816898680945
J101	16	6	68	142	0.8863413657171103
J102	14	8	14	142	0.9248349028167822
J103	13	7	78	118	1.6709439465637344
J104	14	1	74	37	1.7900811100866447
J105	15	3	60	137	0.48246948407520296
J106	17	11	96	22	1.6154812073610356
J107	15	14	35	90	0.1
J108	15	1	72	84	2.2390120725777107
\\ Jobs in machine 11
11
J109	13	13	22	114	0.4970983995650087
J110	14	10	5	143	1.1985990874172245
J111	15	9	4	59	1.7103482612784435
J112	15	2	24	134	1.171215220877357
J113	14	14	37	144	0.643981784768273
J114	15	1	5	20	1.6350944156569707
J115	14	13	2	71	2.42587628117113
J116	15	10	2	106	0.8742842613771387
J117	14	9	99	5	1.0475494513850028
J118	14	7	55	136	1.123377236894482
J119	15	12	81	56	1.6602769127968786
\\ Jobs in machine 12
12
J120	13	10	36	103	0.81026377308151
J121	16	3	61	1	0.34208015515416634
J122	16	4	44	58	0.8482360958591981
J123	14	6	62	116	1.2957373330733422
J124	15	9	52	103	1.8749346283885482
J125	12	10	91	49	2.2570209395935334
J126	16	7	10	134	0.8723957724172737
J127	16	12	7	20	0.7124376792256584
J128	14	11	38	124	1.4229271541994084
J129	13	2	23	111	0.5330534111475217
J130	16	9	109	35	2.1567327059114967
J131	14	4	6	42	0.7973382929453043
\\ Jobs in machine 13
10
J132	14	3	61	102	1.2199367042557745
J133	16	11	15	56	1.1979547649352245
J134	13	12	95	120	1.0863568370532077
J135	15	9	65	61	0.1
J136	13	11	38	145	0.4699847717561777
J137	14	12	21	117	0.19481700893043752
J138	15	7	110	51	0.751197794033186
J139	14	8	105	134	1.927275493705097
J140	15	10	78	34	1.8981681597578883
J141	15	10	16	116	2.2865888548200877
\\ Jobs in machine 14
11
J142	15	5	98	143	1.7563416318949048
J143	15	12	15	111	1.3396281669316796
J144	14	8	33	6	0.4576039420900224
J145	15	9	51	117	1.2505806514326137
J146	15	2	5	23	1.372789336877569
J147	14	10	51	127	1.3624205533929352
J148	13	6	83	50	0.7062309593882679
J149	14	3	90	52	0.7892758987139152
J150	13	14	24	45	0.9938781076973051
J151	13	7	106	143	0.937225057004917
J152	16	7	74	130	0.9698340961279953
\\ Jobs in machine 15
12
J153	14	14	82	141	0.8883834802123385
J154	15	3	19	75	0.9709010841025291
J155	16	1	44	77	1.3152529578047987
J156	13	7	3	56	1.6299018961191845
J157	13	12	19	64	1.1468278258302997
J158	15	7	32	89	1.9496389654800121
J159	14	5	22	112	1.639714592072071
J160	14	6	46	38	1.5196867624863222
J161	14	13	18	136	1.3094280567081094
J162	13	4	30	22	1.283340557179019
J163	15	13	82	89	1.1382038363532587
J164	14	10	65	72	0.9612750247345778
\\ Jobs in machine 16
10
J165	15	10	77	47	0.8270514783052556
J166	15	6	39	75	1.3333770987352
J167	14	4	103	111	0.7089764391682154
J168	14	1	20	137	2.0818143166567604
J169	14	2	83	24	0.9515213060647068
J170	16	7	15	25	1.2986038330526535
J171	14	10	30	7	0.9737712495274515
J172	16	1	84	62	0.6416738296358658
J173	13	2	53	28	1.1466644157851096
J174	14	14	41	103	1.567738846870982
\\ Jobs in machine 17
11
J175	15	11	36	69	1.0878080290323093
J176	15	10	104	145	0.7304785017846256
J177	13	8	41	62	0.3399845607595131
J178	14	7	4	29	1.4492416396892143
J179	14	5	12	143	1.707445231906064
J180	15	9	74	81	1.3679005546971035
J181	16	14	85	43	1.8363702875115675
J182	14	14	77	40	1.259806406069036
J183	17	12	25	81	1.3264523980036327
J184	15	3	89	129	1.4256531399990455
J185	13	5	70	116	0.7886685536951232
\\ Jobs in machine 18
12
J186	15	13	85	49	1.6814892548645726
J187	14	14	30	56	1.673529537895826
J188	15	13	7	107	0.9147820243381015
J189	15	10	70	86	0.5310527073613047
J190	13	9	10	39	1.2571057296369028
J191	13	5	65	18	1.9280905753657374
J192	14	4	69	74	1.271864692915138
J193	14	1	26	82	2.3228899599672537
J194	13	8	40	107	1.7584520199458602
J195	16	8	102	42	1.055554204652236
J196	13	1	18	128	1.2474073665683214
J197	15	8	70	66	0.2047798162407125
\\ Jobs in machine 19
10
J198	16	11	102	92	1.6202270577217086
J199	13	6	54	147	1.8336358157597528
J200	13	5	34	19	1.5867240595340681
J201	15	7	29	74	1.1929530717858159
J202	15	9	68	10	1.3818623135459052
J203	14	5	95	115	1.5097379447529546
J204	12	11	17	145	1.1816335944034542
J205	17	5	13	110	0.997069133092682
J206	15	13	72	139	1.5735556892274438
J207	16	11	61	104	1.4415501592157383
\\ Jobs in machine 20
10
J208	14	8	83	104	0.43193668431222343
J209	15	5	61	143	1.3184573822630417
J210	17	10	41	25	0.7124798350900424
J211	14	1	56	11	1.0458972949198762
J212	14	10	40	129	0.6859039317227501
J213	16	7	101	83	1.0424724157330223
J214	16	2	100	50	1.4739765797423448
J215	14	6	65	148	1.0685465671235528
J216	16	5	59	58	1.7823547804475226
J217	15	3	39	41	1.571872926851158
\\ Dependencies 
208
1	2
1	3
1	5
1	8
4	5
4	6
4	7
8	9
9	10
12	13
12	18
12	20
13	17
13	18
14	21
14	22
16	17
16	21
17	19
17	21
24	26
24	27
25	28
25	30
26	31
28	32
29	30
29	31
33	35
34	36
35	37
43	44
43	49
43	53
44	51
45	50
47	49
47	52
47	53
48	49
48	50
49	51
49	53
54	58
54	63
55	56
55	63
57	62
58	59
60	61
60	63
61	63
64	69
65	69
66	69
66	71
66	72
66	74
67	71
69	70
69	72
69	74
70	71
71	72
75	80
75	83
75	86
76	79
76	80
76	85
76	86
77	78
77	82
77	84
78	84
79	83
80	85
82	85
87	90
88	90
88	94
88	98
89	97
90	94
91	97
92	98
93	94
93	96
93	98
94	97
94	98
96	98
99	102
100	102
101	107
102	103
102	108
103	104
103	105
110	116
111	112
111	114
112	117
113	114
113	117
114	117
118	119
120	128
121	123
122	130
124	125
125	131
126	128
126	129
126	130
127	131
128	131
129	131
132	136
132	137
132	138
135	137
136	140
137	140
140	141
142	145
142	150
142	151
143	144
143	149
143	151
145	151
146	148
146	149
146	150
151	152
153	163
154	158
154	161
154	164
155	160
156	158
156	160
157	160
157	164
158	162
158	164
160	163
160	164
165	169
165	172
166	170
166	174
167	169
168	169
168	171
168	172
168	173
169	172
171	172
172	174
175	184
176	177
176	178
176	179
176	184
177	180
177	181
178	179
178	180
180	184
181	184
181	185
182	184
183	184
186	189
187	188
187	196
188	190
188	196
189	190
189	191
189	193
189	196
191	192
191	194
191	197
192	194
192	196
194	196
198	199
198	202
198	207
199	200
199	201
199	204
199	207
200	207
201	204
202	204
203	205
203	207
208	211
209	216
209	217
211	212
211	214
212	214
