\\ machines
12
\\ max power
120
\\ Jobs in machine 1
11
J1	14	13	108	13	1.348785213868863
J2	15	5	98	10	0.5641911725923127
J3	15	7	32	8	1.0170972156486313
J4	15	5	110	23	1.2917372144401675
J5	13	14	67	19	0.20947343015655973
J6	14	8	50	29	0.99749936238138
J7	15	4	15	7	0.3475920051065252
J8	14	6	79	30	1.1727676684553474
J9	14	3	66	7	1.8339395783856411
J10	14	14	18	18	1.6933858590508157
J11	13	5	99	25	0.4952478220989518
\\ Jobs in machine 2
11
J12	15	14	40	3	0.49535497856255717
J13	16	5	5	3	0.73779281946456
J14	14	7	63	19	1.0956598541592075
J15	12	5	10	22	1.6255090492525754
J16	13	10	62	3	0.6030722850445582
J17	14	1	85	2	1.4234730566637999
J18	16	7	16	4	1.4591297964892385
J19	13	6	12	9	1.1446422323770893
J20	15	8	70	2	0.26427807896658806
J21	16	9	75	8	1.5494716142633465
J22	14	10	75	20	1.197510840785508
\\ Jobs in machine 3
11
J23	16	1	35	8	1.4316355990879095
J24	15	2	22	2	0.5476668225619151
J25	13	1	81	29	0.5902494118809672
J26	16	14	53	30	1.364714434364116
J27	15	14	52	28	0.9414449781662715
J28	14	6	11	9	1.4912989092855458
J29	17	13	12	17	0.7753737255712446
J30	13	8	21	30	1.1139829373701893
J31	14	12	79	22	1.0628702052671553
J32	14	13	88	21	0.9863595823783626
J33	13	4	100	19	0.37426417090803155
\\ Jobs in machine 4
12
J34	15	14	46	9	1.743539787313229
J35	14	10	87	2	1.334618829136903
J36	14	8	6	8	1.8012279055663118
J37	14	12	37	14	0.9966727336677282
J38	13	8	64	5	1.411798763831014
J39	14	2	34	19	1.1278611984409677
J40	15	5	90	18	1.0693875862737412
J41	13	8	21	30	1.3564410799562845
J42	14	5	31	2	1.6277833393887275
J43	15	4	20	30	1.170431049546493
J44	17	7	20	15	1.1566585123335167
J45	15	2	71	16	0.6655757535662982
\\ Jobs in machine 5
11
J46	13	13	80	20	0.9742468973567744
J47	16	6	66	4	1.5978939166656894
J48	13	9	27	17	1.5591454701009566
J49	16	5	72	26	0.1
J50	14	2	22	21	0.9333348786320602
J51	14	1	64	30	1.111746867727252
J52	15	13	75	11	1.5541113504894346
J53	15	5	22	16	2.3908355241988746
J54	14	7	71	5	1.349997723027259
J55	14	14	110	6	1.6936921011619228
J56	14	12	81	12	1.7771092056912727
\\ Jobs in machine 6
10
J57	15	4	105	20	0.6148326048957317
J58	13	9	82	26	0.9969372793821518
J59	15	2	28	22	1.5361431164408668
J60	17	7	18	20	1.6419436636984162
J61	14	9	37	13	0.605152351495357
J62	14	7	18	9	1.6162615991033966
J63	15	9	76	14	0.934608071450804
J64	15	10	97	21	1.2712995818455113
J65	14	12	80	7	1.6719491165805378
J66	17	11	43	25	0.7781941251245412
\\ Jobs in machine 7
11
J67	14	6	6	20	2.016429724335027
J68	14	11	56	30	1.5821111200308864
J69	12	6	48	17	1.0064824371726333
J70	16	3	68	12	0.4924292169322464
J71	14	4	63	19	1.0084111965786007
J72	15	4	57	8	1.023024696437733
J73	15	5	92	18	0.46888605775361436
J74	13	2	7	16	1.5802159102913955
J75	13	7	35	2	1.0187838339317317
J76	16	3	32	19	1.248543709392426
J77	14	10	11	8	2.44843063134559
\\ Jobs in machine 8
13
J78	15	14	108	11	0.9460129355828106
J79	13	2	109	1	1.1185056360597911
J80	17	10	24	16	1.3352669170804443
J81	16	9	18	26	1.7435326320746483
J82	16	3	81	25	0.7103347885533822
J83	16	6	13	9	1.1017225968345017
J84	14	11	20	10	1.4036876308660997
J85	14	3	25	21	1.2178325443909126
J86	16	1	102	19	1.288703941981518
J87	15	11	81	15	0.600200995816092
J88	15	8	23	17	0.606080132825324
J89	14	14	42	8	1.8829667771411076
J90	15	12	31	27	1.8245654775504085
\\ Jobs in machine 9
11
J91	16	9	87	12	1.233099787628963
J92	15	5	88	7	0.564435559752773
J93	15	3	61	8	1.3713815566803018
J94	14	2	107	12	1.1847934213771445
J95	15	2	92	6	0.5701166237571561
J96	14	3	48	24	1.154857298362721
J97	14	9	22	6	1.7620090172211365
J98	15	1	72	16	1.8758835075233968
J99	14	4	93	9	0.932057040930801
J100	16	5	72	18	0.23016477385483158
J101	15	10	44	23	0.6658992179160224
\\ Jobs in machine 10
9
J102	13	9	16	14	0.9966685529904374
J103	15	4	93	18	0.5875848059515405
J104	16	6	22	24	1.1394566378539879
J105	15	5	44	11	0.42082967213189293
J106	14	5	3	26	1.339821610420909
J107	15	7	48	1	0.8252736874120618
J108	15	7	68	28	0.5893894155772625
J109	13	5	30	3	1.0820866162365064
J110	16	7	75	30	1.0924603295777096
\\ Jobs in machine 11
10
J111	15	7	62	23	1.1113686171048713
J112	15	1	62	20	0.3291859842486824
J113	15	3	37	22	1.497976086337098
J114	14	12	40	9	1.590120549025656
J115	14	2	14	13	0.6347372228827995
J116	16	11	67	16	1.376548419236915
J117	15	14	4	27	0.3433138041549537
J118	15	9	29	13	0.4914766724575751
J119	14	7	5	6	1.0056671817432878
J120	15	5	70	19	0.6011247157044057
\\ Jobs in machine 12
9
J121	15	13	48	3	1.750197549473315
J122	13	11	83	19	0.45045739070428603
J123	16	12	39	6	0.8179930414494114
J124	13	3	11	10	1.391284220428133
J125	15	12	83	2	1.1747881817606147
J126	14	6	26	16	0.8208917075009861
J127	14	7	30	24	0.7873998730612934
J128	13	12	61	2	2.3262016158826393
J129	14	8	79	6	1.8245969922402319
\\ Dependencies 
564
1	2
1	3
1	4
1	5
1	6
1	7
1	8
1	9
1	10
2	3
2	4
2	5
2	6
2	7
2	8
2	9
2	10
2	11
3	5
3	7
3	8
3	9
3	10
3	11
4	5
4	6
4	7
4	8
4	9
4	10
4	11
5	6
5	7
5	8
5	9
5	11
6	7
6	8
6	9
6	10
6	11
7	9
7	10
8	9
8	10
8	11
9	10
9	11
12	13
12	14
12	16
12	17
12	18
12	19
12	20
12	21
12	22
13	14
13	16
13	18
13	21
13	22
14	16
14	17
14	18
14	19
14	20
14	21
14	22
15	16
15	17
15	18
15	19
15	20
15	21
16	17
16	18
16	19
16	20
16	21
16	22
17	18
17	19
17	20
17	21
17	22
18	19
18	20
18	21
18	22
19	20
19	21
19	22
21	22
23	24
23	25
23	26
23	27
23	28
23	29
23	30
23	32
23	33
24	25
24	26
24	27
24	28
24	29
24	30
24	31
24	32
24	33
25	26
25	27
25	28
25	29
25	30
25	31
25	32
25	33
26	27
26	28
26	29
26	30
26	31
26	33
27	28
27	29
27	30
27	31
27	32
27	33
28	29
28	30
28	31
28	32
28	33
29	30
29	31
29	32
29	33
30	31
30	32
30	33
31	32
31	33
32	33
34	35
34	36
34	37
34	38
34	39
34	42
34	43
34	44
34	45
35	36
35	37
35	38
35	39
35	40
35	41
35	42
35	43
35	44
35	45
36	37
36	39
36	40
36	41
36	42
36	43
36	44
36	45
37	38
37	39
37	41
37	42
37	43
37	44
37	45
38	39
38	40
38	41
38	42
38	43
38	44
38	45
39	40
39	42
39	44
39	45
40	42
40	43
40	44
40	45
41	42
41	43
41	44
41	45
42	44
42	45
43	44
43	45
44	45
46	47
46	49
46	50
46	51
46	52
46	53
46	55
46	56
47	48
47	49
47	51
47	52
47	53
47	54
47	55
47	56
48	50
48	51
48	53
48	54
48	55
48	56
49	50
49	51
49	52
49	53
49	54
49	55
49	56
50	51
50	52
50	53
50	54
50	56
51	52
51	53
51	54
51	55
51	56
52	53
52	54
52	55
52	56
53	54
53	56
54	55
54	56
55	56
57	58
57	59
57	60
57	61
57	62
57	63
57	64
57	65
57	66
58	59
58	60
58	61
58	62
58	63
58	64
58	66
59	60
59	62
59	63
59	64
59	65
59	66
60	61
60	62
60	63
60	64
60	65
60	66
61	62
61	63
61	64
61	65
61	66
62	63
62	64
62	65
62	66
63	65
63	66
64	65
64	66
65	66
67	68
67	69
67	71
67	72
67	73
67	74
67	75
67	76
67	77
68	69
68	71
68	72
68	73
68	74
68	75
68	76
68	77
69	70
69	72
69	73
69	74
69	75
69	77
70	72
70	73
70	74
70	75
70	76
70	77
71	72
71	74
71	75
71	76
72	73
72	74
72	75
72	76
72	77
73	75
73	76
73	77
74	75
74	76
74	77
75	76
75	77
76	77
78	79
78	80
78	81
78	82
78	84
78	85
78	87
78	88
78	89
78	90
79	80
79	81
79	82
79	83
79	84
79	85
79	86
79	87
79	88
79	89
79	90
80	81
80	82
80	83
80	84
80	86
80	87
80	88
80	89
80	90
81	82
81	83
81	85
81	86
81	87
81	88
81	89
81	90
82	83
82	84
82	85
82	86
82	87
82	88
82	89
82	90
83	84
83	85
83	86
83	87
83	88
83	89
83	90
84	85
84	86
84	87
84	88
84	89
84	90
85	86
85	87
85	88
85	89
85	90
86	87
86	90
87	89
87	90
88	89
88	90
89	90
91	93
91	94
91	95
91	96
91	97
91	98
91	99
91	100
91	101
92	93
92	94
92	95
92	96
92	97
92	98
92	99
92	100
92	101
93	94
93	96
93	97
93	98
93	99
93	100
93	101
94	95
94	96
94	97
94	98
94	101
95	96
95	98
95	99
95	100
95	101
96	97
96	98
96	100
96	101
97	98
97	99
97	101
98	99
98	101
99	101
100	101
102	103
102	104
102	105
102	106
102	107
102	108
102	109
102	110
103	104
103	105
103	106
103	107
103	108
103	109
103	110
104	105
104	106
104	107
104	108
104	109
104	110
105	106
105	107
105	108
105	109
105	110
106	107
106	109
107	108
107	109
107	110
108	109
108	110
109	110
111	112
111	114
111	116
111	117
111	118
111	119
112	113
112	114
112	115
112	116
112	117
112	118
112	119
112	120
113	114
113	116
113	117
113	118
113	119
113	120
114	115
114	116
114	117
114	118
114	119
114	120
115	116
115	117
115	118
115	119
116	117
116	118
116	119
117	118
117	119
117	120
118	119
118	120
119	120
121	122
121	123
121	125
121	126
121	127
121	128
121	129
122	123
122	124
122	125
122	126
122	127
122	128
122	129
123	124
123	125
123	127
123	128
123	129
124	126
124	127
124	128
124	129
125	126
125	127
125	128
125	129
126	127
126	129
127	128
127	129
128	129
