\\ machines
9
\\ max power
90
\\ Jobs in machine 1
10
J1	14	8	26	17	1.834369849562823
J2	15	8	69	35	1.5827339754857883
J3	15	4	93	4	2.1026293228183723
J4	14	4	19	34	1.0325839399239625
J5	14	14	97	19	1.6196904931655618
J6	14	4	109	26	1.4354445389964683
J7	13	3	58	14	1.6000230315937953
J8	15	9	35	44	0.8047864993060561
J9	14	3	94	45	1.3153975379888156
J10	13	1	21	14	1.3133111655069265
\\ Jobs in machine 2
10
J11	13	4	88	1	0.41347338058318317
J12	15	3	48	13	1.0749550306765605
J13	15	13	28	36	1.6940920160885122
J14	15	2	8	29	0.45582048587930724
J15	14	10	32	35	1.6431763974600089
J16	12	7	27	29	0.34181463982633775
J17	16	14	65	17	0.7320010256559906
J18	16	2	101	42	2.0027874543690016
J19	13	2	49	45	1.1028452527884487
J20	13	10	45	40	1.3090209890019313
\\ Jobs in machine 3
13
J21	13	14	32	43	2.2763862208717383
J22	14	7	28	9	1.1409625372579444
J23	15	5	106	10	0.8079657985551001
J24	14	6	45	24	0.46174463514042996
J25	14	8	85	40	0.9881670773722053
J26	13	5	95	45	0.9506137212039004
J27	14	1	35	1	1.760606521040824
J28	15	4	84	5	0.575141028000826
J29	15	8	20	20	1.5758453563422292
J30	15	11	77	14	1.324358891135637
J31	15	3	109	29	2.474408102153045
J32	15	8	11	29	0.7039873617269856
J33	15	5	66	12	1.070531907802606
\\ Jobs in machine 4
10
J34	17	6	37	8	1.443088011296041
J35	12	5	45	5	0.8765442072730666
J36	15	4	35	22	0.8932379188300261
J37	13	11	6	34	2.5729251198060354
J38	13	1	98	42	0.4117570598109286
J39	14	9	43	10	0.3457640374054024
J40	13	12	110	26	1.400970177422118
J41	17	11	46	10	1.531760951546421
J42	14	10	75	35	1.441148965085549
J43	12	4	25	16	1.508537418587594
\\ Jobs in machine 5
10
J44	15	10	10	5	0.5389245533978319
J45	16	2	60	39	1.4603047435841408
J46	15	13	109	41	0.43189452226090164
J47	15	4	83	40	1.833511982843893
J48	15	14	29	3	1.4791761050784262
J49	14	4	55	33	0.925748158321966
J50	15	3	40	11	1.3964664878308222
J51	14	8	110	30	0.6165551650115598
J52	14	12	75	29	1.1748714244720417
J53	14	5	51	18	1.1522562705044408
\\ Jobs in machine 6
10
J54	13	4	98	39	1.3879727510029114
J55	14	9	44	37	1.358277149660429
J56	15	13	11	43	1.6243331547995328
J57	15	5	47	16	0.9511733786204012
J58	15	2	105	12	1.3817263682942205
J59	14	5	8	41	1.999321192146232
J60	13	14	58	8	1.6290590302261256
J61	14	4	66	17	0.83503183832833
J62	13	9	59	6	1.5883430095319626
J63	15	4	76	44	1.8478917319781183
\\ Jobs in machine 7
13
J64	15	7	33	17	2.0344269014003467
J65	15	8	12	38	0.7693180546886238
J66	15	8	58	23	2.0092538211918223
J67	17	11	17	31	0.9645312069243576
J68	15	2	22	2	1.7767432575183073
J69	15	3	72	30	2.1495795316644353
J70	17	11	4	40	0.5745221557107641
J71	17	13	45	16	0.7053136203825026
J72	15	10	11	44	1.6831219903296026
J73	14	1	6	43	1.1028906409709294
J74	14	14	96	22	0.4850301772571334
J75	16	10	37	28	1.4675313257116755
J76	15	12	106	36	1.7574990243247341
\\ Jobs in machine 8
13
J77	14	12	20	15	0.46211635442423304
J78	13	14	37	26	2.2099961719469965
J79	15	1	48	45	2.003780386430481
J80	13	13	94	24	1.249771240444072
J81	14	5	53	17	1.7129816887191867
J82	16	8	15	7	1.9458130620138965
J83	14	11	105	12	1.214169203589599
J84	14	8	67	19	0.6622234645665154
J85	14	13	50	24	0.7096364968910315
J86	15	12	52	44	1.4642832828955687
J87	14	12	30	27	1.7039346267221043
J88	14	2	71	35	0.4172129840674367
J89	15	10	12	38	1.1130814880924427
\\ Jobs in machine 9
12
J90	17	11	87	15	0.6592089909326108
J91	14	2	46	20	1.1660017071479731
J92	14	14	27	28	1.1548962740151554
J93	17	10	46	14	1.431693406796844
J94	16	14	3	34	2.248418412713466
J95	15	7	17	20	1.1322426710782478
J96	15	4	102	11	1.367452234906806
J97	15	2	55	23	0.727151287092376
J98	14	1	47	10	1.8456457273232094
J99	14	8	53	8	1.3977206758807863
J100	16	14	67	32	1.6156589762008806
J101	15	7	3	10	1.349676083184241
\\ Dependencies 
468
1	2
1	3
1	4
1	5
1	6
1	7
1	8
1	9
1	10
2	3
2	4
2	5
2	6
2	7
2	8
2	10
3	4
3	5
3	6
3	7
3	8
3	9
3	10
4	5
4	6
4	7
4	8
4	9
4	10
5	6
5	7
5	8
5	9
5	10
6	7
6	8
6	10
7	8
7	9
7	10
8	9
8	10
9	10
11	12
11	13
11	14
11	15
11	16
11	17
11	18
11	19
11	20
12	13
12	15
12	16
12	17
12	18
12	19
12	20
13	14
13	15
13	16
13	17
13	18
13	20
14	16
14	17
14	19
14	20
15	16
15	17
15	18
15	20
16	17
16	18
16	19
16	20
17	19
17	20
18	19
18	20
19	20
21	22
21	23
21	24
21	25
21	26
21	27
21	28
21	30
21	33
22	23
22	24
22	25
22	26
22	27
22	29
22	30
22	31
22	32
22	33
23	24
23	25
23	26
23	27
23	28
23	29
23	30
23	33
24	25
24	26
24	27
24	28
24	29
24	30
24	31
24	32
24	33
25	26
25	27
25	28
25	29
25	30
25	32
25	33
26	27
26	29
26	30
26	31
26	32
26	33
27	28
27	29
27	30
27	31
27	32
27	33
28	29
28	30
28	31
28	32
28	33
29	31
29	32
29	33
30	31
30	32
30	33
31	32
31	33
32	33
34	35
34	36
34	37
34	38
34	39
34	40
34	41
34	43
35	36
35	37
35	39
35	40
35	41
35	42
35	43
36	37
36	38
36	39
36	40
36	41
36	42
36	43
37	38
37	40
37	41
37	42
37	43
38	39
38	40
38	41
38	42
38	43
39	40
39	41
39	42
39	43
40	41
40	42
41	42
41	43
42	43
44	45
44	46
44	48
44	49
44	50
44	51
44	52
44	53
45	46
45	47
45	48
45	49
45	50
45	51
45	52
45	53
46	48
46	49
46	50
46	51
46	52
46	53
47	48
47	49
47	50
47	51
47	52
47	53
48	49
48	50
48	51
48	52
48	53
49	50
49	51
49	52
49	53
50	51
50	53
51	52
51	53
52	53
54	55
54	56
54	57
54	58
54	59
54	60
54	61
54	62
54	63
55	56
55	58
55	60
55	61
55	62
56	57
56	58
56	59
56	61
56	62
57	58
57	59
57	60
57	61
57	62
57	63
58	59
58	60
58	61
58	62
58	63
59	60
59	61
59	62
59	63
60	61
60	62
60	63
61	63
64	65
64	66
64	67
64	68
64	69
64	70
64	71
64	72
64	73
64	74
64	75
65	66
65	67
65	68
65	69
65	70
65	71
65	73
65	74
65	75
65	76
66	67
66	69
66	70
66	71
66	73
66	74
66	75
66	76
67	68
67	69
67	70
67	71
67	72
67	73
67	74
67	75
67	76
68	69
68	70
68	71
68	72
68	73
68	74
68	75
68	76
69	70
69	73
69	74
69	75
69	76
70	71
70	72
70	73
70	74
70	75
70	76
71	72
71	74
71	76
72	73
72	75
72	76
73	74
73	75
73	76
74	75
74	76
75	76
77	78
77	79
77	80
77	81
77	82
77	83
77	84
77	85
77	86
77	87
77	88
78	79
78	80
78	81
78	82
78	83
78	84
78	85
78	86
78	87
78	88
78	89
79	80
79	81
79	82
79	84
79	85
79	86
79	88
79	89
80	81
80	82
80	83
80	84
80	85
80	86
80	87
80	88
80	89
81	82
81	83
81	85
81	86
81	87
81	88
81	89
82	85
82	86
82	87
82	88
82	89
83	84
83	85
83	86
83	87
83	88
83	89
84	85
84	86
84	87
84	88
84	89
85	86
85	87
85	88
85	89
86	87
86	88
87	88
87	89
88	89
90	91
90	92
90	93
90	94
90	96
90	97
90	98
90	99
90	100
91	94
91	95
91	96
91	97
91	98
91	99
91	100
91	101
92	93
92	94
92	95
92	96
92	97
92	99
92	100
93	94
93	95
93	97
93	98
93	99
93	101
94	95
94	96
94	97
94	98
94	99
94	100
94	101
95	96
95	97
95	99
95	101
96	97
96	98
96	99
96	100
96	101
97	98
97	99
97	100
97	101
98	99
98	100
98	101
99	100
99	101
100	101
