\\ machines
9
\\ max power
90
\\ Jobs in machine 1
11
J1	14	9	104	60	2.0029352639280105
J2	15	13	95	40	1.9761844087610159
J3	15	8	59	1	0.4195927008997361
J4	16	1	9	23	1.5305422471355852
J5	13	1	6	13	1.9033417954685692
J6	15	2	63	35	2.037592301989974
J7	16	6	105	9	1.7380834428688323
J8	15	3	65	53	1.7139193865574651
J9	14	5	51	61	1.0136280560786266
J10	16	1	72	43	1.1314148135346982
J11	13	10	74	41	0.7514508973655157
\\ Jobs in machine 2
10
J12	16	1	78	66	0.553687544432896
J13	13	5	40	62	0.3647364721905805
J14	16	4	81	50	0.5151096981802743
J15	14	11	26	18	0.521801025738975
J16	14	8	40	28	2.0838377916017277
J17	12	7	11	56	1.4672712988897452
J18	15	11	107	50	1.9105450965220094
J19	12	9	73	34	0.9949938871369233
J20	15	2	29	63	1.885459255382818
J21	15	14	60	66	1.3579505329777768
\\ Jobs in machine 3
12
J22	15	14	43	20	1.079094178463879
J23	13	1	24	68	0.8141435815951918
J24	14	5	49	44	0.6059769033388455
J25	13	8	37	42	0.9726385709237321
J26	14	12	48	59	1.866500709406679
J27	13	1	77	30	1.398356353853412
J28	12	12	72	54	1.3939158669130334
J29	12	11	29	28	0.9955440071271158
J30	16	1	71	20	1.3095168350422424
J31	14	1	88	13	0.5634701370751289
J32	17	9	94	42	1.4109162166614997
J33	12	10	90	15	0.4070792042558342
\\ Jobs in machine 4
9
J34	17	10	94	35	1.3195332660300767
J35	15	5	97	57	1.1858016344320783
J36	15	5	48	47	0.7163105167891053
J37	14	9	33	59	0.9091217023802994
J38	15	4	4	61	0.40296547220399626
J39	15	13	35	3	1.3057443991900186
J40	13	7	107	15	2.4480414619010094
J41	13	2	98	29	1.2733794654049793
J42	15	14	91	35	0.9743340654630869
\\ Jobs in machine 5
12
J43	16	3	31	6	1.4104127572717653
J44	15	12	103	7	1.5683052296980282
J45	15	8	87	13	1.2767981709439584
J46	15	10	65	43	1.3123466686172065
J47	13	10	60	23	1.1423857875964916
J48	15	3	26	19	1.2926045087433555
J49	15	3	50	47	1.0245751174404016
J50	14	11	67	28	0.9217981617093353
J51	14	10	74	30	1.1821774770116473
J52	16	11	69	28	1.7504918252839574
J53	15	7	42	48	2.2201471905634045
J54	14	9	29	41	1.176973300121575
\\ Jobs in machine 6
11
J55	16	5	11	54	2.0683484716128584
J56	14	9	108	35	0.40384896072459486
J57	16	10	105	51	0.7250904684760622
J58	16	11	61	20	1.8018730048686367
J59	13	9	37	39	0.7745756797085188
J60	14	5	10	19	1.7645873787056234
J61	15	11	33	2	1.6977297136892724
J62	15	4	9	24	2.024744200350037
J63	15	8	19	3	0.16571272870341236
J64	13	10	2	22	1.2623202877356055
J65	13	11	26	52	1.4433022314831483
\\ Jobs in machine 7
9
J66	13	6	62	41	0.9174718354910585
J67	14	9	101	65	1.4820814391743748
J68	14	13	73	47	1.0162741740497157
J69	14	5	34	60	1.6867696466564608
J70	16	10	7	62	1.426450323355035
J71	15	2	44	17	1.7115394419045964
J72	14	10	105	44	1.5041256195177746
J73	14	6	66	40	1.408790833053246
J74	14	6	80	65	0.7273544158823293
\\ Jobs in machine 8
10
J75	14	5	105	27	1.1844761866242395
J76	14	3	21	54	0.7055799347217888
J77	15	10	85	55	0.1
J78	14	14	80	57	0.9841175921025772
J79	15	8	80	49	1.9846148957616823
J80	14	10	78	4	0.7275771484983966
J81	15	5	93	19	1.9657710605012109
J82	15	1	108	29	1.1075587105779325
J83	13	1	98	17	1.474092774089719
J84	15	2	94	63	1.4313478793830112
\\ Jobs in machine 9
10
J85	14	5	58	7	1.360801161916652
J86	14	1	103	56	1.0101736476512093
J87	13	3	89	9	1.0250554940373076
J88	15	11	49	4	2.5261920653406946
J89	14	3	62	42	1.8515515106017504
J90	14	3	103	23	1.2199346870918053
J91	14	9	91	47	1.5697585823157802
J92	14	3	18	13	1.2057713169377766
J93	16	9	81	41	0.7029532418614202
J94	16	2	72	2	1.1048722055078422
\\ Dependencies 
49
1	4
2	6
3	8
13	19
14	18
16	21
17	21
27	29
28	30
31	33
34	36
35	40
36	39
36	41
41	42
43	46
43	52
43	54
44	49
45	53
46	48
47	52
48	54
49	52
52	54
55	59
55	61
57	60
57	63
58	62
58	63
66	68
66	70
67	70
68	72
70	71
72	73
75	77
75	79
75	80
75	82
75	84
76	82
76	84
79	84
86	87
87	88
87	89
87	93
