\\ machines
6
\\ max power
60
\\ Jobs in machine 1
12
J1	15	3	94	12	1.278474221624585
J2	15	4	32	3	1.0616099375103325
J3	14	8	43	3	0.8590273100224566
J4	14	5	20	11	1.5845037389095207
J5	15	6	25	13	1.620399147036062
J6	14	14	72	11	2.7606195036858434
J7	15	5	38	5	1.2664892453922967
J8	15	3	59	2	1.2565891409288494
J9	15	4	30	3	0.2331566206844925
J10	15	11	84	5	1.9343631058286803
J11	15	2	28	15	1.4333750749159615
J12	13	8	40	4	1.295584466189229
\\ Jobs in machine 2
11
J13	16	11	65	2	2.01711807896473
J14	15	11	93	3	1.3541337091936068
J15	14	4	105	2	0.6368045003436931
J16	15	11	28	9	1.3054796395926624
J17	14	11	92	3	1.8556850318123557
J18	14	10	3	7	1.2061769560336795
J19	15	1	32	3	0.934258794644919
J20	14	9	100	3	0.1
J21	14	11	31	3	0.1611613650552437
J22	14	2	70	13	1.4545732266058877
J23	13	10	32	5	0.6135804679433482
\\ Jobs in machine 3
12
J24	16	13	32	2	1.2428505589580499
J25	14	11	20	7	1.0179695255043844
J26	16	10	92	4	1.1453257999961453
J27	15	12	13	7	1.6744654264367305
J28	15	8	38	14	0.18844131350303828
J29	14	3	3	14	0.8670278977504605
J30	17	1	109	10	0.6960968706722163
J31	14	5	45	7	1.2009626940880185
J32	15	2	31	10	0.1
J33	15	11	99	4	0.32853246388300317
J34	14	12	98	15	0.5952649749583371
J35	14	10	96	10	0.43395937560206943
\\ Jobs in machine 4
11
J36	14	5	2	7	1.9178690453815124
J37	15	12	85	13	0.1
J38	17	11	7	7	0.7660099365819452
J39	13	6	34	13	0.2726711534795916
J40	14	14	88	6	0.8498878125798064
J41	14	7	75	3	1.9103781439437464
J42	14	7	59	12	0.7938367870117746
J43	15	4	2	14	0.40132974532283383
J44	13	3	97	9	1.1306323155689335
J45	16	3	110	3	1.2894456151633618
J46	16	8	51	14	1.1593466256262528
\\ Jobs in machine 5
11
J47	14	5	66	1	1.1499429878003788
J48	16	9	98	9	0.6609241936207066
J49	14	6	67	12	0.9914356981966276
J50	14	8	20	4	1.380734866710143
J51	17	9	26	6	1.2439193101529464
J52	15	7	74	2	2.071210226113062
J53	16	4	35	7	1.1264651853205396
J54	15	6	56	7	0.9769126783798991
J55	16	10	109	3	0.26757336020203093
J56	16	7	65	10	1.7232140710947914
J57	13	2	38	3	1.0007170473894056
\\ Jobs in machine 6
12
J58	14	11	54	3	1.496628335171359
J59	13	10	18	7	1.0859269780636402
J60	13	7	89	2	1.1367553222245146
J61	15	5	23	3	0.7184620916954179
J62	15	2	71	7	0.6850444763757337
J63	15	9	82	12	1.501528174716518
J64	15	6	105	10	1.4687378456209743
J65	14	4	25	15	1.1775936797610078
J66	15	5	14	2	1.6198474432339816
J67	15	13	61	5	0.9099999709413246
J68	15	1	46	4	1.3120669340536018
J69	16	7	11	7	1.3440571502438126
\\ Dependencies 
244
1	5
1	7
1	8
1	9
1	12
2	3
2	4
2	5
2	9
2	10
2	11
2	12
3	4
3	6
3	7
3	8
3	10
3	12
4	5
4	7
4	9
4	10
5	6
5	7
5	9
5	10
5	11
6	9
6	10
6	11
7	9
7	10
8	10
8	11
8	12
9	10
9	11
10	11
10	12
11	12
13	14
13	16
13	18
13	19
13	20
13	21
13	22
14	15
14	17
14	18
14	19
14	21
14	22
14	23
15	18
15	19
15	20
15	22
15	23
16	17
16	20
16	21
16	23
17	18
17	19
17	23
18	19
18	21
18	22
18	23
19	20
19	21
19	22
19	23
20	22
21	22
21	23
22	23
24	25
24	26
24	27
24	28
24	31
24	33
24	34
24	35
25	26
25	27
25	28
25	30
25	32
25	33
25	35
26	29
26	30
26	31
26	32
26	35
27	29
27	30
27	31
27	32
27	33
27	34
27	35
28	29
28	30
28	31
28	32
28	33
28	35
29	33
29	34
29	35
30	33
30	34
31	32
31	33
31	34
32	34
32	35
33	35
34	35
36	38
36	40
36	41
36	42
36	45
37	38
37	39
37	40
37	41
37	42
37	43
37	46
38	39
38	40
38	42
38	43
38	45
39	42
39	44
40	41
40	42
40	43
40	44
40	46
41	44
41	45
42	43
42	44
43	44
43	45
44	45
44	46
45	46
47	48
47	49
47	50
47	51
47	52
47	53
47	54
47	55
48	51
48	52
48	53
48	54
48	55
48	57
49	50
49	51
49	53
49	55
49	56
49	57
50	51
50	52
50	53
50	54
50	56
50	57
51	52
51	55
51	56
51	57
52	53
52	55
52	56
52	57
53	54
53	56
53	57
54	55
54	56
54	57
55	56
56	57
58	61
58	62
58	63
58	65
58	66
58	67
58	68
58	69
59	60
59	61
59	62
59	63
59	64
59	65
59	67
59	68
60	62
60	63
60	64
60	65
60	66
60	67
60	69
61	62
61	63
61	64
61	65
62	64
62	65
62	66
62	68
63	65
63	67
64	65
64	66
64	67
64	68
64	69
65	66
65	67
65	68
65	69
66	67
66	68
67	68
67	69
