\\ machines
20
\\ max power
200
\\ Jobs in machine 1
12
J1	14	10	84	66	1.0766568705640995
J2	14	14	72	47	0.1
J3	14	3	105	150	1.5558162955087438
J4	14	12	59	6	1.5250661199925801
J5	14	3	8	15	1.4479829912418836
J6	14	12	29	121	0.5125315992144157
J7	15	13	100	9	1.377133241258501
J8	12	10	6	76	0.5382484327743963
J9	14	12	16	84	0.9828402894263512
J10	15	2	48	85	0.7560341375565044
J11	14	13	75	115	2.047235477256445
J12	16	14	54	121	2.0202808874906264
\\ Jobs in machine 2
11
J13	15	1	8	15	1.5867511788682989
J14	14	3	35	103	1.3746963176154992
J15	14	1	51	68	1.6517493699937353
J16	16	13	75	4	0.7986217999945461
J17	15	12	35	128	0.8290751440714477
J18	15	1	91	46	1.4196533089812347
J19	13	14	56	8	1.0281390769532368
J20	15	1	97	3	2.2849741874206737
J21	15	10	24	23	0.891305189205206
J22	13	9	7	134	1.4841869214135153
J23	15	6	26	125	1.6271116616586274
\\ Jobs in machine 3
11
J24	12	1	50	99	1.4231313777987802
J25	14	3	64	119	1.740197646035413
J26	14	5	36	89	1.383413646201946
J27	17	11	2	112	1.1817667756289518
J28	13	11	57	12	1.8544675766852299
J29	15	12	110	108	0.1
J30	14	10	109	115	0.9563132346745712
J31	13	3	66	66	0.9243579866576224
J32	15	2	94	52	1.1577660649087067
J33	15	7	30	101	1.8571677793862218
J34	14	4	60	50	1.3028625220585777
\\ Jobs in machine 4
11
J35	16	4	22	135	1.923352640377669
J36	15	9	67	16	1.4259238651766126
J37	13	14	85	68	0.7151559739939025
J38	17	12	18	31	1.7670231441190016
J39	16	4	106	20	0.6823637769992584
J40	16	9	7	106	1.042175207644875
J41	15	13	69	104	0.9674637854328697
J42	16	13	35	133	1.2953808218874079
J43	12	4	27	60	1.0331587661398576
J44	14	11	33	28	0.9045266543677477
J45	14	5	58	49	1.1872755627272353
\\ Jobs in machine 5
11
J46	15	3	79	57	0.7251618773239104
J47	15	2	93	115	0.5598528839582398
J48	15	8	65	29	0.15884032043719554
J49	13	8	65	131	0.9377612771527024
J50	15	1	91	25	0.8704471168333655
J51	14	11	99	128	0.7920305941529326
J52	14	8	80	50	1.371431503812095
J53	13	7	68	39	2.3558207005954683
J54	15	5	8	124	1.3561981944479695
J55	14	3	46	33	0.374664497496049
J56	15	1	65	7	0.7569403854116121
\\ Jobs in machine 6
11
J57	14	2	110	99	2.546167535094191
J58	15	8	53	120	0.5699529860391401
J59	15	14	68	40	1.8792030939747892
J60	15	11	37	146	0.6869258076553393
J61	14	10	67	41	1.7642461849838291
J62	14	11	34	83	0.6591146967098885
J63	15	4	74	113	1.6667334634800788
J64	13	12	44	49	1.72081736613847
J65	12	2	4	100	1.5308068611602141
J66	16	10	81	134	1.8080691857215936
J67	14	5	69	55	0.48498373016838436
\\ Jobs in machine 7
13
J68	15	10	78	46	0.2723409200461071
J69	13	9	76	133	1.2622761497395998
J70	15	1	67	100	1.4262187496319896
J71	16	9	23	65	1.1763067572940207
J72	15	11	100	118	1.7471178408576749
J73	15	9	60	85	1.2831334627002802
J74	15	6	84	19	0.9060162640919684
J75	16	5	103	11	1.2567252595988572
J76	15	12	64	89	1.8270107113845075
J77	13	5	80	87	1.6110536040716705
J78	13	9	60	89	0.5067694011728208
J79	12	10	80	40	1.3660119127345371
J80	15	7	22	91	1.4704316694899233
\\ Jobs in machine 8
11
J81	13	10	93	129	2.034370012783415
J82	14	11	48	80	1.2764733203044787
J83	14	13	29	92	0.7162431172572221
J84	15	14	56	94	0.44362764870131555
J85	16	7	88	18	1.5121508114281983
J86	16	1	106	45	1.9262073752023625
J87	13	5	6	113	1.367293902612194
J88	14	10	82	138	1.2173075003563627
J89	13	10	10	128	1.555153009846117
J90	15	9	34	116	1.611005815735344
J91	15	3	34	139	1.2479820737551084
\\ Jobs in machine 9
11
J92	14	12	63	35	1.4250205527991042
J93	13	3	57	87	2.053564975038194
J94	15	1	47	61	1.1636581993630164
J95	16	4	56	95	1.7987144477150387
J96	13	13	7	29	1.3098080599746822
J97	15	2	103	142	0.9122887183656034
J98	15	6	31	116	1.1264001795724903
J99	16	11	89	17	1.3753451933893155
J100	15	14	48	13	0.4450796512767523
J101	14	10	41	38	1.3709867634283426
J102	13	5	70	132	1.180720984777768
\\ Jobs in machine 10
12
J103	16	5	64	149	1.1878150573307797
J104	14	9	99	69	1.4118642827992833
J105	15	11	30	52	0.7699015568065135
J106	13	6	46	129	1.1562645225648884
J107	15	11	77	31	1.4242100096793777
J108	15	9	31	44	1.2399045806258724
J109	14	2	76	34	0.9346386204855739
J110	16	8	25	31	1.6829772735148532
J111	12	2	36	46	0.6485830448014549
J112	14	9	49	118	1.2844577578939387
J113	16	6	45	66	1.3699247171155107
J114	14	2	17	139	0.32477391272475
\\ Jobs in machine 11
11
J115	16	6	79	36	0.7963055124121323
J116	16	11	40	143	0.8686065101846319
J117	15	14	39	29	0.8198935309184263
J118	15	2	29	129	1.5405014303497377
J119	14	10	66	16	0.6305662997352109
J120	14	8	98	100	0.7327638103025981
J121	14	4	70	59	0.49058683282658
J122	14	9	77	85	1.1815143016689755
J123	13	7	6	6	2.3726882934996345
J124	15	13	2	29	0.9490709982285924
J125	15	7	106	50	1.4587693124922976
\\ Jobs in machine 12
12
J126	15	11	42	70	0.878813385162966
J127	14	4	84	132	0.5917236973710074
J128	14	13	21	38	1.6591247462120662
J129	15	12	55	134	1.1670443725658222
J130	15	4	37	110	0.9385334153339961
J131	14	12	29	68	1.1138200715288797
J132	14	8	108	86	0.9189011428324203
J133	15	10	74	58	1.1388828045694606
J134	13	3	89	73	1.2060299767515446
J135	15	6	60	73	0.9498199783530162
J136	16	6	24	83	1.3079448894769283
J137	15	10	108	81	0.3376158305698709
\\ Jobs in machine 13
12
J138	17	5	100	36	1.5900235952224624
J139	14	4	87	117	0.9121496656642528
J140	15	2	6	63	1.5425525530085322
J141	13	5	81	130	1.465869018724688
J142	14	11	44	43	1.5493172512675961
J143	15	8	104	27	2.1767362401830352
J144	15	7	86	116	2.0493307341501046
J145	15	4	14	45	0.5122254231439541
J146	14	10	47	45	1.6769520423944455
J147	13	13	59	56	1.929124321409839
J148	14	3	34	147	1.7915018379084038
J149	13	11	78	68	1.1205751599796314
\\ Jobs in machine 14
13
J150	14	12	34	146	0.7732305835964084
J151	14	14	25	84	1.5162497533631583
J152	13	14	57	132	0.26520269310528055
J153	14	6	19	137	0.8833412142921644
J154	13	2	102	66	0.8663326434135201
J155	15	9	85	103	0.836499073656507
J156	16	10	90	2	0.8748339671786123
J157	16	2	45	139	1.0133779965223804
J158	14	6	101	10	0.9453512265482982
J159	13	6	105	120	1.4213866569080964
J160	13	12	72	4	1.1443203008295981
J161	15	11	51	86	0.943949917756588
J162	15	8	92	121	1.3774008999463656
\\ Jobs in machine 15
11
J163	14	1	62	147	1.4968590409757703
J164	15	5	3	16	0.8697921100842219
J165	15	8	78	75	0.11543136539239929
J166	13	13	37	122	1.7230152655376516
J167	16	5	11	12	1.7297693216215448
J168	13	11	84	89	0.962639989083293
J169	14	2	85	111	1.0956944346054633
J170	14	12	87	68	1.5399516619329008
J171	14	7	49	2	1.2523708937150537
J172	14	5	57	69	1.6001528614101295
J173	12	10	28	110	0.723540609082727
\\ Jobs in machine 16
11
J174	14	8	98	144	1.552992218724636
J175	14	14	75	78	1.2791411998278825
J176	15	3	108	17	0.6785877593071664
J177	16	5	6	24	0.8808937016336319
J178	13	4	65	91	1.4804412197926362
J179	13	3	36	106	1.3007660923065132
J180	15	3	103	75	1.4092854368213648
J181	14	3	101	86	1.2571109427997638
J182	16	1	61	137	0.5410308621360812
J183	15	13	6	26	1.5137751288762455
J184	14	12	32	51	1.5457007839813892
\\ Jobs in machine 17
12
J185	14	5	64	73	0.9979189724684021
J186	14	9	6	57	0.8182677873796886
J187	15	4	60	26	0.9671966158397274
J188	15	7	25	92	1.273657639432683
J189	14	4	74	38	1.2161564668592788
J190	16	11	75	40	1.263149142283109
J191	15	9	35	107	1.5177965146228987
J192	14	12	90	118	1.3528363180041398
J193	15	9	61	99	1.5960340969579918
J194	14	13	99	59	1.3667772020789477
J195	14	8	33	9	1.5037981190958662
J196	15	13	35	55	0.5071602515121862
\\ Jobs in machine 18
10
J197	15	5	69	138	0.5139845035115662
J198	13	8	13	21	0.9366466946873162
J199	14	7	14	23	1.101110316411957
J200	15	10	99	23	1.2823092388361783
J201	16	12	83	36	1.536128282646292
J202	14	13	79	109	1.8700202601444849
J203	16	9	89	76	1.7552732326319709
J204	14	13	7	91	1.4861141874871908
J205	13	8	97	20	0.9334351185241112
J206	15	14	10	136	0.36309010146644183
\\ Jobs in machine 19
11
J207	13	13	14	56	1.1673416868447628
J208	14	7	3	120	1.1662878838705768
J209	16	1	47	1	1.6185149359031112
J210	13	4	82	96	1.4756686499244895
J211	13	8	28	80	0.409496696544817
J212	14	9	69	74	0.6388586113810945
J213	14	12	23	4	1.47305249105786
J214	14	8	99	27	1.246782010268959
J215	15	12	45	131	0.13771066501038032
J216	15	5	20	33	0.9713929957964975
J217	14	6	81	53	0.49753881085968854
\\ Jobs in machine 20
11
J218	15	9	10	88	1.504599689225979
J219	15	5	91	102	0.4570480111674612
J220	14	2	81	44	1.4968348619788001
J221	15	3	71	30	0.5920950110392932
J222	14	8	54	93	1.3194574515847588
J223	17	12	82	66	2.3629686683019324
J224	15	5	2	19	0.9425744342765897
J225	16	4	20	80	1.3288123714479418
J226	14	14	18	3	1.4340129043723076
J227	13	6	51	125	0.4171839126974026
J228	14	5	59	34	1.9559610647973327
\\ Dependencies 
1082
1	2
1	3
1	4
1	5
1	6
1	7
1	8
1	9
1	10
1	11
1	12
2	3
2	4
2	5
2	6
2	7
2	8
2	9
2	10
2	11
2	12
3	4
3	5
3	6
3	7
3	8
3	9
3	10
3	11
3	12
4	5
4	6
4	7
4	8
4	9
4	10
4	11
4	12
5	7
5	8
5	9
5	10
5	11
5	12
6	8
6	9
6	10
6	11
6	12
7	8
7	9
7	10
7	11
7	12
8	9
8	10
8	11
8	12
9	11
9	12
10	11
10	12
11	12
13	14
13	15
13	16
13	17
13	19
13	20
13	21
13	22
13	23
14	15
14	16
14	17
14	18
14	19
14	20
14	21
14	22
14	23
15	16
15	17
15	18
15	19
15	20
15	21
15	22
15	23
16	17
16	18
16	19
16	21
16	22
16	23
17	18
17	19
17	20
17	21
17	22
18	19
18	20
18	21
18	22
18	23
19	20
19	21
19	22
19	23
20	21
20	22
20	23
21	22
21	23
22	23
24	26
24	27
24	29
24	30
24	31
24	32
24	33
24	34
25	26
25	27
25	28
25	29
25	30
25	31
25	32
26	27
26	28
26	29
26	30
26	31
26	32
26	33
26	34
27	28
27	29
27	30
27	31
27	32
27	33
27	34
28	29
28	30
28	31
28	32
28	33
28	34
29	30
29	31
29	32
29	33
29	34
30	31
30	32
30	33
30	34
31	33
31	34
32	33
32	34
33	34
35	36
35	37
35	38
35	39
35	40
35	42
35	43
35	44
35	45
36	37
36	38
36	39
36	40
36	41
36	42
36	43
36	44
36	45
37	38
37	39
37	40
37	41
37	42
37	43
37	44
37	45
38	39
38	40
38	41
38	42
38	43
38	44
38	45
39	40
39	41
39	42
39	43
39	44
39	45
40	41
40	42
40	43
40	44
40	45
41	42
41	43
41	44
41	45
42	43
42	44
42	45
43	44
43	45
44	45
46	47
46	48
46	49
46	50
46	52
46	53
46	54
46	55
46	56
47	48
47	49
47	50
47	51
47	52
47	53
47	54
47	55
47	56
48	50
48	51
48	52
48	54
48	55
49	50
49	51
49	52
49	53
49	54
49	56
50	51
50	52
50	53
50	54
50	55
50	56
51	52
51	53
51	54
51	55
51	56
52	53
52	54
52	55
52	56
53	54
53	55
54	55
54	56
55	56
57	58
57	59
57	61
57	62
57	63
57	64
57	65
57	66
57	67
58	59
58	61
58	62
58	63
58	64
58	65
58	66
58	67
59	60
59	62
59	63
59	65
59	66
59	67
60	61
60	62
60	64
60	65
60	66
60	67
61	62
61	64
61	65
61	66
61	67
62	63
62	64
62	67
63	64
63	65
63	66
63	67
64	65
64	66
64	67
65	66
65	67
66	67
68	69
68	71
68	72
68	73
68	74
68	75
68	76
68	77
68	78
68	79
69	70
69	71
69	72
69	73
69	74
69	75
69	76
69	77
69	78
69	79
69	80
70	71
70	72
70	73
70	75
70	76
70	77
70	78
70	79
70	80
71	72
71	74
71	75
71	76
71	77
71	78
71	79
71	80
72	73
72	74
72	75
72	76
72	77
72	78
72	79
72	80
73	74
73	75
73	76
73	77
73	78
73	79
73	80
74	75
74	76
74	77
74	78
74	79
75	76
75	77
75	78
75	79
76	77
76	78
76	79
76	80
77	78
77	79
77	80
78	79
78	80
79	80
81	82
81	83
81	84
81	85
81	86
81	88
81	89
81	90
81	91
82	83
82	84
82	85
82	86
82	87
82	88
82	90
82	91
83	84
83	85
83	86
83	87
83	88
83	90
83	91
84	85
84	86
84	87
84	88
84	89
84	90
84	91
85	86
85	87
85	89
85	90
86	87
86	88
86	89
86	90
86	91
87	88
87	89
87	90
87	91
88	89
88	90
88	91
89	90
89	91
92	93
92	95
92	96
92	97
92	98
92	99
92	100
92	101
92	102
93	94
93	95
93	96
93	97
93	99
93	100
93	101
93	102
94	95
94	96
94	97
94	98
94	100
94	101
94	102
95	96
95	97
95	98
95	100
95	101
95	102
96	97
96	98
96	99
96	100
96	101
96	102
97	98
97	99
97	100
97	101
97	102
98	99
98	100
98	101
98	102
99	100
99	101
99	102
100	101
100	102
101	102
103	104
103	105
103	106
103	107
103	108
103	109
103	112
103	113
103	114
104	105
104	106
104	107
104	109
104	110
104	111
104	112
104	114
105	106
105	107
105	108
105	109
105	110
105	111
105	112
105	113
105	114
106	107
106	108
106	109
106	110
106	111
106	112
106	113
106	114
107	108
107	109
107	110
107	111
107	112
107	113
107	114
108	109
108	110
108	111
108	112
108	113
108	114
109	110
109	111
109	112
109	113
109	114
110	112
110	113
110	114
111	112
111	113
111	114
112	113
112	114
113	114
115	116
115	117
115	118
115	119
115	120
115	121
115	123
115	124
115	125
116	117
116	118
116	120
116	121
116	122
116	123
116	124
116	125
117	118
117	120
117	121
117	123
117	124
117	125
118	119
118	120
118	121
118	122
118	123
118	124
118	125
119	120
119	122
119	123
119	124
119	125
120	123
120	124
120	125
121	122
121	123
121	124
121	125
122	123
122	124
122	125
123	124
123	125
124	125
126	127
126	128
126	129
126	130
126	131
126	132
126	133
126	135
126	136
126	137
127	128
127	129
127	130
127	131
127	132
127	133
127	134
127	135
127	136
127	137
128	129
128	130
128	131
128	132
128	134
128	135
128	136
128	137
129	130
129	131
129	132
129	133
129	135
129	136
129	137
130	131
130	132
130	133
130	134
130	135
130	136
130	137
131	132
131	134
131	135
131	136
131	137
132	133
132	134
132	135
132	136
132	137
133	134
133	135
133	136
134	135
134	136
134	137
135	136
135	137
136	137
138	139
138	140
138	141
138	142
138	143
138	144
138	145
138	146
138	147
138	148
138	149
139	141
139	142
139	143
139	144
139	145
139	146
139	147
139	148
139	149
140	141
140	142
140	143
140	144
140	145
140	146
140	147
140	148
140	149
141	142
141	143
141	144
141	145
141	146
141	147
141	148
141	149
142	143
142	145
142	146
142	147
142	148
142	149
143	144
143	145
143	146
143	147
143	149
144	145
144	146
144	147
144	148
144	149
145	146
145	147
145	148
145	149
146	147
146	148
146	149
147	148
147	149
148	149
150	151
150	152
150	153
150	154
150	155
150	156
150	157
150	159
150	160
150	161
150	162
151	152
151	153
151	154
151	156
151	157
151	158
151	159
151	160
151	161
151	162
152	153
152	154
152	155
152	156
152	157
152	158
152	160
152	161
152	162
153	154
153	155
153	156
153	157
153	158
153	159
153	160
153	161
153	162
154	155
154	156
154	157
154	158
154	159
154	160
154	161
154	162
155	156
155	157
155	158
155	159
155	160
155	161
156	158
156	159
156	160
156	161
156	162
157	158
157	159
157	160
157	161
157	162
158	159
158	160
158	161
158	162
159	160
159	161
159	162
160	161
160	162
161	162
163	164
163	165
163	166
163	167
163	168
163	170
163	171
163	172
163	173
164	165
164	167
164	168
164	169
164	170
164	171
164	172
164	173
165	166
165	168
165	169
165	170
165	171
165	172
165	173
166	167
166	168
166	169
166	170
166	171
166	173
167	168
167	169
167	170
167	171
168	169
168	171
168	172
168	173
169	170
169	171
169	172
169	173
170	171
170	172
171	172
171	173
172	173
174	175
174	176
174	179
174	180
174	181
174	182
174	183
174	184
175	176
175	177
175	178
175	179
175	180
175	181
175	182
175	183
175	184
176	177
176	178
176	179
176	181
176	182
176	183
176	184
177	178
177	180
177	181
177	182
177	183
178	179
178	180
178	181
178	183
179	180
179	181
179	182
179	183
179	184
180	182
180	183
181	182
181	183
181	184
182	183
183	184
185	186
185	187
185	188
185	189
185	190
185	191
185	192
185	193
185	194
185	195
185	196
186	187
186	188
186	189
186	190
186	191
186	192
186	193
186	194
186	195
186	196
187	190
187	191
187	193
187	194
187	195
187	196
188	189
188	192
188	193
188	194
188	195
188	196
189	190
189	191
189	192
189	193
189	194
189	195
189	196
190	191
190	192
190	193
190	195
190	196
191	192
191	193
191	194
191	195
191	196
192	193
192	194
192	195
192	196
193	194
193	195
193	196
194	195
194	196
195	196
197	198
197	199
197	200
197	201
197	202
197	203
197	205
197	206
198	199
198	200
198	201
198	202
198	203
198	204
198	206
199	200
199	201
199	202
199	203
199	204
199	206
200	201
200	202
200	204
200	205
200	206
201	203
201	204
201	205
202	204
202	205
202	206
203	204
203	205
203	206
204	205
204	206
205	206
207	208
207	209
207	211
207	212
207	213
207	214
207	215
207	216
207	217
208	210
208	211
208	212
208	213
208	214
208	215
208	216
208	217
209	210
209	212
209	213
209	214
209	215
209	216
209	217
210	211
210	212
210	213
210	214
210	215
210	216
210	217
211	213
211	214
211	215
211	216
211	217
212	213
212	214
212	215
212	216
212	217
213	214
213	215
213	216
214	215
214	216
214	217
215	217
216	217
218	219
218	220
218	221
218	222
218	223
218	224
218	225
218	226
218	227
219	220
219	221
219	222
219	224
219	225
219	226
219	227
219	228
220	221
220	222
220	223
220	224
220	225
220	226
220	227
220	228
221	222
221	223
221	225
221	226
221	227
221	228
222	223
222	224
222	225
222	226
222	227
223	224
223	225
223	226
223	227
223	228
224	225
224	226
224	227
224	228
225	226
225	227
226	227
226	228
227	228
