\\ machines
10
\\ max power
100
\\ Jobs in machine 1
9
J1	15	6	64	70	1.101468674210313
J2	15	9	83	58	2.3445449676302452
J3	14	7	72	20	0.8244200696188189
J4	15	2	52	67	1.8236349674130652
J5	14	11	44	40	0.27726667399925686
J6	12	6	2	55	0.8833097736330063
J7	15	8	52	22	1.6146996341659516
J8	14	3	98	60	0.6015564633594902
J9	15	11	92	24	1.5438707684200266
\\ Jobs in machine 2
11
J10	13	4	68	17	1.510129972705976
J11	15	3	27	39	0.8282241290314498
J12	14	12	2	56	0.9835883327502858
J13	14	9	44	14	1.3715588786514374
J14	13	11	89	28	1.32936351333208
J15	14	9	49	27	0.9956852312132977
J16	13	1	47	21	1.1165008435916826
J17	15	12	5	5	0.9556780956762264
J18	14	4	107	15	0.7901788392618093
J19	15	8	63	39	1.6448698770214758
J20	13	2	85	34	1.2742841261719975
\\ Jobs in machine 3
12
J21	14	7	98	23	0.9120703802761343
J22	14	11	94	36	1.2422796717011166
J23	16	3	102	40	1.2651888915729113
J24	16	5	59	63	1.9787481464234902
J25	14	7	42	27	1.5651519923503727
J26	16	5	82	40	0.7077144047700232
J27	14	11	90	75	1.077127981547843
J28	14	7	29	42	2.0654994459016622
J29	16	1	94	48	1.1079221658977367
J30	14	7	101	75	2.2527696526921934
J31	13	2	47	73	1.767567141791643
J32	15	8	27	43	1.9053344988933847
\\ Jobs in machine 4
10
J33	13	14	91	19	0.8745502848832558
J34	14	9	42	17	1.3532318653281048
J35	14	11	63	30	1.0266427766627964
J36	15	6	66	17	0.8867642772506628
J37	14	8	32	72	1.3147005111242305
J38	15	11	25	8	1.1010215640823744
J39	16	14	105	65	0.7499798354538092
J40	15	9	100	3	1.15092338197733
J41	13	13	50	19	2.131699184274887
J42	16	3	83	51	1.9708642687127473
\\ Jobs in machine 5
10
J43	16	6	66	12	1.9912088459299457
J44	14	3	86	31	1.3051832912678338
J45	16	8	86	32	1.0880899367225585
J46	14	10	105	10	1.0806278204245177
J47	17	2	99	4	0.7350422599935055
J48	12	14	37	30	1.0179784226374942
J49	13	2	55	73	0.5798315226163325
J50	15	6	31	29	1.5819441288203737
J51	15	11	88	61	0.32832368761262165
J52	15	6	49	46	1.4644610769856619
\\ Jobs in machine 6
10
J53	14	13	80	34	1.2079780117811423
J54	14	2	45	68	1.78287519912141
J55	14	6	85	38	1.053198873199708
J56	12	3	10	48	1.6060369264690033
J57	13	3	99	41	1.04006594154903
J58	15	10	10	5	1.7422220854539119
J59	14	6	96	19	0.8074734662716418
J60	15	4	34	55	1.273574463038856
J61	15	1	45	69	2.1020497074324496
J62	14	5	9	13	1.672511391285509
\\ Jobs in machine 7
12
J63	14	5	34	56	0.8281982032478659
J64	15	2	46	47	1.2360201096671246
J65	15	5	46	52	0.8220958854928768
J66	15	14	63	61	2.523419285197528
J67	13	7	48	57	0.7827505935845744
J68	15	12	53	47	1.7669539093004192
J69	14	5	77	34	0.6769884051351373
J70	13	12	58	60	1.641892466723744
J71	14	2	66	35	1.1436508517569064
J72	16	9	28	10	1.141827581580763
J73	15	14	90	72	2.023927713140558
J74	12	8	107	75	1.1478121062710245
\\ Jobs in machine 8
11
J75	15	10	37	68	1.374595921264313
J76	13	3	78	52	2.390038122950149
J77	13	5	98	25	0.9542370377245827
J78	15	4	66	30	1.602360205292401
J79	14	2	95	24	1.2359473191209185
J80	13	9	76	35	1.3191550269011922
J81	14	2	92	4	0.5615029607011547
J82	14	12	33	55	0.23398060799642129
J83	14	13	15	40	1.3561497358536514
J84	16	12	13	42	1.3101174921927474
J85	14	10	42	32	1.2617875433715064
\\ Jobs in machine 9
11
J86	16	3	99	30	1.2029821371181637
J87	14	8	46	52	0.7338847343000661
J88	14	6	76	59	0.6553862195796882
J89	15	9	104	22	1.7963450951524917
J90	14	3	43	37	0.974528155587393
J91	15	4	50	45	0.8012715567030746
J92	14	1	67	35	0.8564768274741601
J93	15	6	96	55	0.9349705656007402
J94	14	5	58	75	1.4518359188925585
J95	15	3	86	64	1.2071920117394226
J96	15	12	49	4	1.5755204862515542
\\ Jobs in machine 10
12
J97	16	6	110	5	0.6194581026551024
J98	15	3	91	67	1.2807345594970636
J99	16	11	78	43	0.6729596812354185
J100	15	6	68	4	0.9425804950772263
J101	17	2	31	39	1.7492942944323953
J102	14	14	110	22	1.856673046161653
J103	14	8	90	31	1.3880945029907648
J104	14	12	107	23	1.3342443464250537
J105	15	12	29	48	0.7623114870119401
J106	12	13	21	38	1.9365524513303272
J107	15	10	22	74	0.6350696291564942
J108	13	3	60	48	1.6950083763457475
\\ Dependencies 
485
1	2
1	3
1	4
1	6
1	7
1	8
1	9
2	3
2	4
2	5
2	6
2	7
2	9
3	4
3	5
3	6
3	7
3	9
4	5
4	6
4	7
4	8
4	9
5	6
5	7
5	8
6	7
6	8
7	8
8	9
10	11
10	12
10	13
10	14
10	15
10	16
10	17
10	18
10	19
10	20
11	12
11	13
11	14
11	16
11	17
11	18
11	19
11	20
12	13
12	14
12	15
12	16
12	17
12	18
12	20
13	14
13	15
13	16
13	17
13	18
13	19
13	20
14	15
14	16
14	17
14	18
14	19
14	20
15	16
15	17
15	18
15	19
15	20
16	17
16	18
16	19
16	20
17	18
18	19
18	20
19	20
21	22
21	23
21	25
21	26
21	27
21	28
21	30
21	31
21	32
22	23
22	24
22	25
22	27
22	28
22	29
22	30
22	31
22	32
23	25
23	26
23	27
23	29
23	30
23	31
23	32
24	25
24	26
24	28
24	29
24	30
24	31
25	26
25	27
25	28
25	29
25	30
25	31
25	32
26	27
26	28
26	29
26	30
26	31
27	28
27	29
27	30
27	31
27	32
28	29
28	30
28	31
28	32
29	30
29	31
29	32
30	31
31	32
33	34
33	35
33	36
33	37
33	38
33	39
33	40
33	41
33	42
34	35
34	36
34	37
34	38
34	39
34	40
34	41
34	42
35	36
35	37
35	38
35	39
35	40
35	42
36	37
36	38
36	39
36	41
36	42
37	38
37	39
37	40
37	41
37	42
38	39
38	40
38	41
39	40
39	41
39	42
40	41
40	42
41	42
43	44
43	45
43	46
43	47
43	48
43	49
43	50
43	51
43	52
44	45
44	46
44	47
44	48
44	49
44	50
44	51
44	52
45	46
45	48
45	49
45	51
45	52
46	47
46	48
46	49
46	50
46	52
47	48
47	49
47	50
47	51
47	52
48	49
48	51
48	52
49	50
49	51
49	52
50	51
50	52
51	52
53	54
53	55
53	56
53	57
53	58
53	59
53	60
53	61
53	62
54	55
54	56
54	57
54	58
54	59
54	60
54	61
55	56
55	57
55	58
55	59
55	60
55	62
56	57
56	58
56	59
56	60
56	61
56	62
57	58
57	59
57	60
57	61
57	62
58	59
58	60
58	61
58	62
59	60
59	61
59	62
60	61
60	62
61	62
63	64
63	65
63	66
63	67
63	68
63	69
63	70
63	71
63	72
63	73
63	74
64	65
64	66
64	67
64	68
64	69
64	70
64	71
64	72
64	73
65	66
65	67
65	68
65	69
65	70
65	71
65	72
65	73
65	74
66	67
66	68
66	69
66	70
66	71
66	72
66	73
66	74
67	68
67	69
67	71
67	72
67	73
67	74
68	69
68	70
68	71
68	72
68	74
69	70
69	72
69	73
69	74
70	72
70	73
70	74
71	72
71	73
71	74
72	73
72	74
73	74
75	76
75	77
75	78
75	79
75	80
75	81
75	82
75	83
75	84
75	85
76	77
76	78
76	80
76	81
76	83
76	84
76	85
77	78
77	79
77	80
77	81
77	82
77	83
77	84
78	80
78	81
78	82
78	83
78	84
79	80
79	81
79	83
79	84
79	85
80	81
80	82
80	83
80	85
81	82
81	83
81	84
81	85
82	83
82	84
82	85
83	84
83	85
84	85
86	87
86	89
86	90
86	91
86	92
86	93
86	94
86	95
86	96
87	88
87	90
87	92
87	93
87	94
87	95
87	96
88	89
88	90
88	91
88	92
88	93
88	94
88	95
88	96
89	90
89	91
89	93
89	94
89	95
89	96
90	91
90	92
90	93
90	94
90	95
90	96
91	92
91	93
91	94
91	95
91	96
92	93
92	94
92	95
92	96
93	94
93	95
93	96
94	95
94	96
95	96
97	98
97	99
97	100
97	101
97	102
97	103
97	105
97	106
97	107
97	108
98	99
98	100
98	101
98	102
98	103
98	104
98	105
98	106
98	107
98	108
99	100
99	101
99	102
99	103
99	104
99	105
99	106
99	107
99	108
100	101
100	102
100	103
100	104
100	106
100	107
100	108
101	102
101	103
101	104
101	105
101	106
101	108
102	103
102	104
102	105
102	106
102	107
103	105
103	106
103	107
103	108
104	105
104	106
104	107
104	108
105	106
105	107
105	108
106	107
106	108
107	108
