\\ machines
7
\\ max power
70
\\ Jobs in machine 1
11
J1	14	13	73	12	2.0281060053576034
J2	15	10	43	2	1.2492077302449238
J3	14	12	65	7	0.8140295024238957
J4	15	8	98	10	0.6159831880091393
J5	15	14	22	10	1.6848421549510388
J6	14	4	22	13	1.0189145127993258
J7	14	2	35	10	0.8128210933761372
J8	15	4	66	14	0.8079843715811383
J9	15	10	41	14	1.5912314058442452
J10	15	9	14	1	0.7256608530067745
J11	14	10	94	6	2.024847801579343
\\ Jobs in machine 2
10
J12	14	4	92	2	0.3906537229530296
J13	14	12	105	10	1.8924133339723999
J14	14	14	37	8	0.1
J15	15	2	101	7	0.5979414482406183
J16	15	1	101	3	1.5761554801745252
J17	17	5	69	7	1.202403672199204
J18	13	11	38	15	2.1632600074104644
J19	15	6	48	16	0.2042692991224182
J20	14	9	78	10	1.3113205356108055
J21	17	3	65	6	1.8967956137956927
\\ Jobs in machine 3
12
J22	14	2	63	8	1.6249191982599362
J23	15	2	45	6	1.3450278729488625
J24	14	5	4	7	0.9356617123421089
J25	15	3	36	15	1.7027712513398723
J26	14	9	28	17	1.787663608991207
J27	15	8	57	17	0.994141778861559
J28	14	2	66	1	0.5491805038533463
J29	16	7	110	9	1.0838806598079063
J30	15	7	47	13	0.3263313187816318
J31	13	7	47	2	1.1874751538370831
J32	14	7	74	10	1.4990722192232924
J33	16	3	101	18	1.7705770229785731
\\ Jobs in machine 4
11
J34	15	3	44	12	0.6038149926165687
J35	14	3	82	2	0.9152366945041361
J36	13	3	4	17	1.082384569921903
J37	15	11	90	9	0.4848915690106319
J38	17	10	81	1	0.5439317068995809
J39	15	11	5	16	1.770642829040177
J40	15	11	79	6	1.1207637981758165
J41	14	6	100	8	1.0747784594243472
J42	14	10	56	7	1.221517086250203
J43	13	14	34	4	1.0642772405123941
J44	15	8	15	4	1.5807873858290513
\\ Jobs in machine 5
10
J45	14	12	108	3	1.4266586340203555
J46	14	11	89	2	2.198826054727135
J47	15	8	91	3	0.5676044557206518
J48	14	2	72	5	0.9906631765000932
J49	14	10	64	13	0.6519919070404642
J50	13	1	12	8	0.712512510157643
J51	15	9	38	6	1.103310682423298
J52	15	8	101	4	1.4218121198024958
J53	13	6	67	12	1.2992683237600968
J54	14	8	50	5	1.4835421640483764
\\ Jobs in machine 6
10
J55	15	9	28	9	1.097234940095021
J56	13	2	21	13	1.7819238251522203
J57	15	14	71	13	0.8160467961543305
J58	16	8	11	3	1.4031055233374028
J59	14	5	64	5	2.7615677220034014
J60	14	1	7	10	1.4716309318963445
J61	15	1	60	5	1.659316320640381
J62	13	14	98	11	0.5364967936468302
J63	13	7	55	7	0.13573289473979244
J64	14	11	67	18	1.3731822283016142
\\ Jobs in machine 7
11
J65	16	12	11	5	1.7469404496325667
J66	13	14	98	4	1.1709833131029814
J67	15	2	64	7	1.8880870192768389
J68	15	4	42	8	0.6916772676353509
J69	13	14	44	15	1.3268216820928636
J70	13	6	4	7	1.6033397677590473
J71	14	14	91	14	1.7182559173985843
J72	14	13	65	14	1.3798557434079635
J73	15	11	15	7	2.2832042523655307
J74	15	12	106	17	0.723161460142917
J75	14	4	52	6	1.1348159399491684
\\ Dependencies 
44
1	4
1	7
3	4
5	7
7	10
12	13
12	16
12	17
12	20
14	20
16	18
22	30
24	28
26	28
27	32
28	32
34	36
35	40
36	37
36	41
36	43
38	40
39	44
41	43
45	53
46	48
47	50
48	49
49	54
50	51
52	53
55	63
56	58
56	63
56	64
60	61
61	64
66	68
68	70
68	71
69	70
70	71
70	73
72	73
