\\ machines
25
\\ max power
250
\\ Jobs in machine 1
11
J1	13	2	49	184	0.3565410955000886
J2	14	9	82	32	1.010552654167536
J3	13	2	16	174	1.2925903878903324
J4	15	12	67	35	1.4676458386160818
J5	14	7	48	119	1.3221620476533187
J6	15	6	13	3	0.44764193903858196
J7	13	3	24	103	1.8899019784836564
J8	15	11	81	40	0.7793713791405423
J9	14	13	108	178	0.9458611266019248
J10	13	7	69	186	0.6530853676366604
J11	15	12	109	70	1.0857812791028976
\\ Jobs in machine 2
11
J12	15	7	90	164	0.6484034847732151
J13	14	5	33	13	0.916705322554356
J14	14	6	21	57	1.584411580869814
J15	16	5	40	25	1.8439193255892303
J16	14	10	44	69	1.2600792529061515
J17	14	6	57	175	0.6030718771211435
J18	16	10	87	105	1.4240239843119318
J19	14	11	71	22	1.262709075915615
J20	14	1	21	152	1.0164540417211134
J21	11	3	87	36	0.7326096231610406
J22	15	13	14	15	2.0522982213178835
\\ Jobs in machine 3
11
J23	16	4	86	55	1.4054013140908697
J24	15	9	99	185	1.80381913547484
J25	15	11	65	6	1.5119548581051065
J26	14	6	86	65	0.8168856198543848
J27	14	9	83	106	1.806206557952894
J28	14	11	48	88	1.090473965988997
J29	15	8	71	81	0.9321248755510415
J30	15	9	88	121	1.3700602999782256
J31	15	12	18	118	1.0630118728651956
J32	14	13	24	88	1.7631018967301981
J33	13	14	9	19	1.0414246675054997
\\ Jobs in machine 4
11
J34	14	14	23	131	1.1019663081509847
J35	15	4	110	99	1.3810931951373955
J36	13	4	103	112	1.1651641608403462
J37	14	14	67	15	0.6632113701221483
J38	13	9	29	102	1.409197772115439
J39	15	7	73	83	1.4795240779225265
J40	16	9	54	130	1.4808824033457797
J41	14	7	19	15	1.6426769004418418
J42	16	2	72	149	1.1537967140829146
J43	15	12	40	49	1.5299182759032863
J44	14	8	23	138	0.3503532239741517
\\ Jobs in machine 5
11
J45	13	11	2	93	1.1488456565985299
J46	16	11	41	8	0.9936469235910372
J47	14	3	2	1	0.9515405136261273
J48	14	10	36	145	1.4149360436003646
J49	16	2	46	145	1.5205312592198623
J50	14	1	61	132	0.7299900321553372
J51	14	1	18	148	1.180605196618125
J52	14	2	107	44	1.816141546459264
J53	14	4	29	187	1.6128677069415982
J54	14	9	56	122	1.3746551869322061
J55	15	3	49	61	0.47497839784023255
\\ Jobs in machine 6
11
J56	15	4	86	121	1.176227121900045
J57	14	12	2	169	0.5962951385299583
J58	14	7	9	129	0.3599733853000756
J59	16	14	36	125	1.4538890840396719
J60	13	12	18	125	0.7452425290753242
J61	15	7	83	120	1.4806654476514352
J62	16	2	96	62	0.8966428024894136
J63	15	3	30	113	1.8811495963892204
J64	13	12	64	94	1.0101272512417347
J65	15	4	80	134	0.742454924816887
J66	13	4	10	92	1.3194181778453522
\\ Jobs in machine 7
12
J67	15	11	57	160	1.6456524085558977
J68	14	14	86	12	1.7151528475079214
J69	14	11	6	45	1.223402904522866
J70	15	2	108	23	1.0858432883951665
J71	13	4	47	137	0.7263552107844393
J72	14	6	62	69	2.046744567079651
J73	15	4	17	124	0.8626017466459387
J74	15	1	54	132	1.828256103974844
J75	15	9	74	8	1.0003528022477384
J76	15	10	86	44	0.9796851116307999
J77	14	13	102	102	0.2451651172126481
J78	13	11	2	74	1.0885316116975112
\\ Jobs in machine 8
11
J79	15	11	96	136	1.2055232022245845
J80	14	14	65	61	1.6821453854455477
J81	14	2	103	93	0.5335314208340692
J82	14	4	53	141	0.787115135141849
J83	14	10	12	174	1.896868576002677
J84	13	1	6	104	1.2496680039480923
J85	14	2	108	47	1.095776857808811
J86	15	7	85	150	1.2459483288981783
J87	14	12	81	123	1.33893409955924
J88	15	7	61	60	1.6950304382562607
J89	16	9	82	79	1.4918633450924368
\\ Jobs in machine 9
11
J90	15	6	90	169	1.2529074741597344
J91	14	10	34	142	1.1555537869190242
J92	14	3	58	162	1.1608248980673679
J93	14	14	107	114	0.9356623273101757
J94	14	1	52	101	0.7032539321782247
J95	14	7	40	79	1.053128686796624
J96	15	2	12	87	0.8423908051174556
J97	13	1	108	36	0.2001272113323036
J98	14	12	12	137	1.315745686282768
J99	15	9	31	24	0.2317676748740155
J100	12	14	63	125	0.7069116098597482
\\ Jobs in machine 10
12
J101	14	10	75	96	0.9888298590115174
J102	15	7	6	42	1.5886735331838526
J103	14	6	50	154	1.523233425881451
J104	15	8	45	117	1.3113719036791278
J105	14	9	21	163	0.9302408219034811
J106	12	5	98	97	1.2691595770245199
J107	15	13	28	171	1.4762441021394699
J108	15	1	87	98	1.0986293865448324
J109	15	14	25	180	0.5828346645062453
J110	15	4	8	118	1.4880601699525071
J111	15	5	42	15	0.4733094258218109
J112	15	9	76	14	1.307887915304124
\\ Jobs in machine 11
10
J113	15	5	79	60	0.8093910944622111
J114	14	14	26	18	1.407238302541873
J115	15	10	92	139	0.8057935762628845
J116	13	11	96	99	1.2115054468188282
J117	13	2	76	148	1.3513856881936932
J118	15	1	19	93	1.2469237936431423
J119	16	14	97	56	1.8754376020358254
J120	15	11	47	59	1.9559191615689726
J121	15	11	42	39	0.5971442178987437
J122	14	9	104	4	1.264358296398447
\\ Jobs in machine 12
11
J123	13	8	59	53	1.1625999521142085
J124	15	12	98	52	0.8982770392944397
J125	14	14	89	77	2.795374440222946
J126	16	2	45	70	1.0580865214081459
J127	13	12	36	188	0.7478986017695266
J128	13	2	96	160	1.5273314399371327
J129	15	11	99	93	1.3718118863573967
J130	14	12	62	47	1.1178265921368995
J131	14	12	30	178	0.3766825409437782
J132	15	10	85	126	0.10960027394340655
J133	16	5	3	57	1.5207156362514969
\\ Jobs in machine 13
9
J134	15	12	27	148	0.5388923675875494
J135	16	11	96	170	0.9974877951474956
J136	15	4	10	126	0.8590108307073823
J137	15	4	41	129	0.7876457962922123
J138	14	1	89	97	0.14378033247949018
J139	15	4	18	153	0.8084312096038675
J140	14	8	109	111	1.0442208908416521
J141	12	9	14	101	1.426255111347142
J142	15	5	7	38	1.5305244362197372
\\ Jobs in machine 14
10
J143	14	5	54	82	1.5373746178685472
J144	12	10	23	89	1.3696166664216884
J145	14	12	5	12	1.3830344570425042
J146	14	9	87	122	1.4501452780767412
J147	16	14	43	57	2.26215837172247
J148	16	14	46	153	0.1
J149	15	8	20	12	0.8916007056405876
J150	16	8	51	4	1.3926702406186513
J151	13	14	6	164	1.3738655128273116
J152	15	8	106	98	1.0485570117015035
\\ Jobs in machine 15
11
J153	16	8	64	185	0.45737509055273606
J154	13	11	10	158	0.9871100776206043
J155	14	1	47	144	0.7188661873480191
J156	14	7	27	151	1.5562852754906902
J157	16	10	77	163	1.4382545155725537
J158	15	3	13	119	1.7649947091343865
J159	15	1	51	183	1.308719583191805
J160	14	6	2	152	1.66356754929373
J161	15	10	12	150	1.3590145150758193
J162	13	1	41	10	2.1476863526225465
J163	17	7	47	16	1.2077333922196365
\\ Jobs in machine 16
11
J164	14	7	95	9	1.649140562633825
J165	14	9	51	30	1.8174903572688512
J166	15	6	13	53	0.9209928908660827
J167	14	11	26	107	1.568482701694775
J168	14	4	32	185	1.173629580156026
J169	14	9	54	70	1.253935925887574
J170	13	13	79	80	1.0108797466181423
J171	13	13	42	46	0.948984161669661
J172	16	9	38	2	1.609096018364657
J173	16	4	99	185	1.1525237915549498
J174	15	6	93	132	0.1
\\ Jobs in machine 17
13
J175	14	4	63	127	1.5924069091001474
J176	15	5	90	149	1.496553035792053
J177	15	1	25	152	0.1
J178	14	5	90	187	0.908056848042643
J179	15	7	21	166	1.5285636521879131
J180	13	12	29	23	0.3303847540888616
J181	15	5	110	36	1.6601779682985973
J182	15	3	71	170	0.1
J183	18	12	58	156	1.3957300323285688
J184	14	8	20	32	0.8282085602502542
J185	15	5	37	26	1.3951449051736857
J186	14	5	47	96	1.2603976719920982
J187	17	13	67	37	1.527074824784595
\\ Jobs in machine 18
13
J188	15	10	41	41	1.1004508185194908
J189	15	2	87	182	1.0457696894305577
J190	15	11	90	130	1.363076320888463
J191	12	9	97	106	0.9670990460905078
J192	13	9	67	140	0.6278501154385362
J193	14	10	46	31	1.180344755157701
J194	14	12	67	186	1.790833907753072
J195	16	6	24	156	0.9662470149713802
J196	13	9	15	74	1.351166466109384
J197	15	5	107	74	1.2549413489238037
J198	14	8	20	97	0.3770738326193781
J199	14	3	23	169	1.083161367915841
J200	15	1	86	123	1.1497284737730566
\\ Jobs in machine 19
10
J201	13	9	87	146	1.6227579882965215
J202	16	6	61	142	0.26850180206769925
J203	16	8	95	152	1.1075426175952847
J204	12	4	47	54	1.3173313398470048
J205	15	10	9	17	1.4553245330233027
J206	15	13	97	123	1.490312456640602
J207	14	8	108	15	1.5657228996819197
J208	14	12	15	54	2.1143290638655627
J209	13	13	30	12	1.8312180714527466
J210	14	13	98	151	1.3505369581676752
\\ Jobs in machine 20
11
J211	13	13	92	121	1.2491588705280465
J212	16	2	3	177	1.643718066081018
J213	16	6	23	144	0.4059822366655066
J214	16	5	46	173	1.3982309230248533
J215	15	2	85	110	1.2539264340367378
J216	15	9	17	159	0.42565733329647404
J217	16	2	30	6	1.9941212693770711
J218	16	10	81	39	0.45132113427841314
J219	14	11	69	94	1.2254174493307302
J220	14	9	108	45	1.9142327799821621
J221	16	3	98	95	0.861777261103525
\\ Jobs in machine 21
10
J222	16	4	105	54	1.099063103154137
J223	14	6	24	169	1.7078532478970854
J224	14	13	48	173	0.9128259662731577
J225	15	6	100	14	0.5734717567650394
J226	15	8	22	8	1.1780642734961164
J227	16	4	20	173	0.8247864154048594
J228	15	3	17	147	1.3278310902503672
J229	15	1	61	136	1.824114194552107
J230	14	6	103	177	1.2221958757608349
J231	13	11	75	133	1.1023066725359367
\\ Jobs in machine 22
11
J232	15	8	9	168	1.6422848075499075
J233	13	13	59	129	1.3582374934702834
J234	14	1	9	49	1.4710502228645155
J235	13	1	28	76	1.3668049198616583
J236	14	9	55	23	0.3679765215591083
J237	15	9	44	42	1.5403806166267295
J238	14	14	44	77	1.330847083951313
J239	16	2	107	24	0.8861765323840275
J240	17	6	70	177	1.2868928468569891
J241	12	8	60	87	1.5766754833259429
J242	13	12	105	104	2.069419383647265
\\ Jobs in machine 23
12
J243	13	13	69	86	1.2186090301450347
J244	16	10	50	29	1.0294565084062155
J245	14	3	91	36	1.7293122495999316
J246	14	10	62	134	1.4707574779746104
J247	14	14	82	182	1.4263480559237438
J248	15	8	90	6	0.6594764400743349
J249	15	14	79	168	0.7602265724150422
J250	15	13	94	95	0.2678998914669021
J251	13	6	15	166	1.428991071420218
J252	14	3	88	183	1.5160724977865925
J253	15	2	65	85	0.23133499946554148
J254	14	7	45	170	0.462377236563025
\\ Jobs in machine 24
10
J255	15	4	87	102	1.942782278089083
J256	15	14	63	100	1.5902634844075458
J257	13	5	99	154	1.730306452309636
J258	15	12	14	149	0.8758710470309525
J259	13	11	106	7	1.2539078111023152
J260	15	4	35	41	1.2765171272170386
J261	15	14	91	108	0.5110847170223886
J262	12	5	105	71	2.063327909644501
J263	15	10	61	64	0.9722989228038738
J264	16	12	28	150	1.6786129046075648
\\ Jobs in machine 25
10
J265	15	5	44	163	1.1767343392345222
J266	14	14	72	165	1.4219245406271939
J267	16	4	28	88	1.5850768276460192
J268	14	14	107	31	0.7331926370690047
J269	14	14	97	24	0.9859279105863492
J270	13	4	51	15	1.399200446330322
J271	13	11	87	41	1.243841678454462
J272	14	12	43	185	2.062576002639552
J273	15	2	64	48	0.7474881835702842
J274	14	5	100	137	0.5239753009040234
\\ Dependencies 
967
1	2
1	3
1	4
1	6
1	8
1	9
1	10
1	11
2	4
2	5
2	6
2	10
2	11
3	4
3	5
3	6
3	8
3	9
3	11
4	6
4	7
4	8
4	9
4	10
4	11
5	6
5	7
5	8
5	9
5	10
5	11
6	7
6	8
6	9
6	11
7	8
7	9
7	10
7	11
8	10
8	11
10	11
12	13
12	14
12	16
12	19
12	20
12	22
13	14
13	15
13	16
13	17
13	19
14	15
14	17
14	18
14	19
14	22
15	16
15	17
15	18
15	22
16	17
16	18
16	19
16	20
16	21
17	18
17	19
17	20
17	22
18	19
18	20
19	22
20	21
20	22
23	25
23	27
23	29
23	33
24	25
24	26
24	28
24	29
24	30
24	32
24	33
25	26
25	27
25	28
25	29
25	30
25	31
26	28
26	29
26	30
26	31
26	32
26	33
27	28
27	29
27	30
27	32
27	33
28	29
28	31
29	31
30	31
30	33
32	33
34	35
34	37
34	38
34	39
34	40
34	41
34	42
34	43
34	44
35	36
35	41
35	43
36	37
36	38
36	39
36	40
36	41
36	42
36	43
36	44
37	38
37	40
37	41
37	42
37	43
37	44
38	39
38	40
38	44
39	40
39	41
39	42
39	43
39	44
40	41
40	42
40	44
41	42
41	44
42	43
43	44
45	46
45	48
45	49
45	50
45	51
45	52
45	53
45	54
45	55
46	47
46	48
46	49
46	50
46	51
46	54
47	50
47	52
47	53
47	55
48	49
48	50
48	52
48	53
48	54
49	50
49	51
49	53
49	54
49	55
50	51
50	52
50	54
50	55
51	52
51	54
52	53
52	54
52	55
53	54
53	55
54	55
56	57
56	60
56	61
56	62
56	63
56	64
56	65
56	66
57	59
57	61
57	62
57	63
57	65
58	59
58	60
58	61
58	62
58	64
58	65
59	60
59	62
59	63
59	65
60	64
60	65
61	62
61	63
61	64
61	65
62	64
62	65
62	66
63	65
63	66
64	66
65	66
67	68
67	69
67	70
67	71
67	72
67	73
67	75
67	76
67	77
67	78
68	69
68	70
68	71
68	72
68	74
68	75
68	76
68	77
68	78
69	71
69	72
69	74
69	75
69	76
69	77
69	78
70	71
70	73
70	74
70	77
71	72
71	73
71	74
71	75
71	76
71	77
72	73
72	74
72	75
72	76
72	77
72	78
73	74
73	75
73	78
74	75
74	77
74	78
75	78
76	78
79	80
79	83
79	85
79	86
79	87
79	88
80	82
80	84
80	86
80	87
80	88
80	89
81	82
81	84
81	85
81	87
81	88
81	89
82	84
82	85
82	86
82	88
82	89
83	84
83	85
83	86
83	89
84	86
84	87
84	88
84	89
85	86
85	87
85	88
87	88
87	89
88	89
90	92
90	94
90	95
90	96
90	97
90	98
90	99
90	100
91	93
91	94
91	95
91	96
91	97
91	98
91	99
91	100
92	93
92	94
92	95
92	96
92	97
92	99
93	95
93	96
93	97
93	98
93	99
93	100
94	95
94	96
94	97
94	99
94	100
95	96
95	97
95	98
95	99
96	97
96	99
96	100
97	98
97	99
97	100
98	99
98	100
99	100
101	102
101	103
101	108
101	109
101	110
101	111
101	112
102	105
102	106
102	108
102	109
102	110
102	111
102	112
103	104
103	105
103	107
103	108
103	110
103	111
103	112
104	106
104	107
104	108
104	110
104	111
105	110
105	111
106	107
106	109
106	111
106	112
107	108
107	110
107	112
108	112
109	110
109	111
110	111
110	112
111	112
113	114
113	116
113	117
113	118
113	119
113	121
113	122
114	116
114	117
114	118
114	119
115	117
115	118
115	121
116	117
116	118
116	120
116	121
116	122
117	118
117	119
117	121
118	120
118	121
118	122
119	120
119	121
119	122
120	121
120	122
121	122
123	124
123	125
123	126
123	128
123	129
123	130
123	132
123	133
124	125
124	126
124	127
124	128
124	129
124	130
124	133
125	126
125	127
125	128
125	130
125	131
125	133
126	127
126	131
126	132
126	133
127	128
127	129
127	130
127	131
127	133
129	130
129	132
129	133
130	131
130	133
131	132
131	133
132	133
134	135
134	136
134	137
134	138
134	139
134	140
135	138
135	142
136	138
136	140
136	142
137	138
137	139
137	140
137	142
138	139
138	140
138	141
138	142
139	141
140	141
140	142
141	142
143	144
143	145
143	147
143	148
143	149
143	150
143	151
143	152
144	146
144	147
144	148
144	149
144	151
144	152
145	146
145	148
145	149
145	151
145	152
146	147
146	148
146	150
146	152
147	148
147	149
147	151
147	152
148	149
148	150
149	151
150	151
150	152
151	152
153	154
153	155
153	156
153	157
153	158
153	160
153	161
153	162
154	155
154	156
154	157
154	158
154	159
154	162
155	156
155	157
155	158
155	159
155	160
155	161
155	162
156	157
156	160
156	161
156	162
157	158
157	161
157	162
157	163
158	159
159	161
159	162
159	163
160	162
161	162
161	163
162	163
164	165
164	167
164	168
164	169
164	171
164	172
164	173
164	174
165	166
165	168
165	169
165	170
166	167
166	168
166	169
166	171
166	172
166	174
167	168
167	171
167	172
167	173
168	170
168	171
168	172
168	173
169	170
169	173
169	174
170	173
170	174
171	172
171	173
171	174
172	173
172	174
173	174
175	177
175	178
175	179
175	182
175	183
175	184
175	185
175	186
175	187
176	178
176	179
176	181
176	182
176	183
176	184
176	187
177	178
177	179
177	181
177	183
177	185
177	186
177	187
178	179
178	180
178	181
178	182
178	183
178	184
178	186
178	187
179	180
179	182
179	184
179	185
179	186
179	187
180	181
180	184
180	185
180	186
180	187
181	185
181	186
181	187
182	184
182	185
182	186
182	187
183	184
183	185
183	186
183	187
184	187
185	186
185	187
186	187
188	189
188	190
188	191
188	192
188	193
188	194
188	195
188	196
188	197
188	198
188	199
189	190
189	192
189	197
189	198
189	199
190	192
190	193
190	196
190	197
190	198
190	200
191	193
191	194
191	195
191	196
191	199
191	200
192	193
192	194
192	195
192	196
192	197
192	199
192	200
193	194
193	196
193	200
194	195
194	199
194	200
195	196
195	197
195	198
196	197
196	198
196	199
196	200
197	198
197	200
198	199
198	200
201	202
201	207
201	208
201	210
202	203
202	205
202	206
202	207
202	209
202	210
203	204
203	206
203	207
203	208
203	209
204	205
204	206
204	207
204	210
205	207
205	208
205	209
205	210
206	208
206	209
206	210
207	209
207	210
208	209
208	210
211	213
211	214
211	215
211	216
211	220
211	221
212	214
212	215
212	217
212	218
212	219
212	220
212	221
213	216
213	217
213	218
213	220
214	215
214	216
215	216
215	218
215	219
216	217
216	218
216	219
216	220
216	221
217	218
218	219
218	220
218	221
219	220
219	221
222	224
222	225
222	226
222	227
222	228
222	229
223	225
223	226
223	227
223	228
223	229
223	230
224	225
224	226
224	227
224	229
224	231
225	227
225	229
225	231
226	227
226	228
226	229
226	230
226	231
227	229
227	230
227	231
228	229
228	231
229	230
229	231
230	231
232	233
232	234
232	236
232	237
232	239
232	240
232	241
232	242
233	234
233	235
233	236
233	237
233	238
233	240
233	241
233	242
234	237
234	238
234	239
234	240
234	242
235	238
235	239
235	240
235	241
235	242
236	237
236	238
236	239
236	240
236	242
237	238
237	240
237	241
237	242
238	239
238	241
238	242
239	240
239	241
240	241
240	242
241	242
243	246
243	247
243	249
243	252
243	253
244	245
244	246
244	247
244	249
244	250
244	251
244	252
244	253
244	254
245	246
245	247
245	250
245	251
245	252
245	253
245	254
246	247
246	248
246	249
246	250
246	251
246	252
246	253
246	254
247	248
247	249
247	251
247	252
247	253
247	254
248	249
248	250
248	251
248	252
248	253
248	254
249	250
249	251
249	253
250	251
250	253
251	253
251	254
252	253
252	254
253	254
255	256
255	257
255	260
255	261
255	262
255	263
255	264
256	257
256	259
256	260
256	261
256	262
256	264
257	258
257	260
257	262
257	264
258	259
258	260
258	262
258	263
259	260
259	261
259	262
259	264
260	261
260	264
261	262
261	264
262	264
263	264
265	267
265	268
265	269
265	270
265	271
265	272
265	273
265	274
266	267
266	268
266	269
266	271
266	272
266	273
266	274
267	270
267	271
267	272
267	273
268	269
268	270
268	271
268	273
268	274
269	270
269	272
269	273
270	271
270	272
270	274
271	272
271	273
271	274
272	273
272	274
273	274
