\\ machines
9
\\ max power
90
\\ Jobs in machine 1
13
J1	15	11	102	31	0.35235426228320865
J2	15	10	107	25	0.5690638093685386
J3	14	6	82	22	1.1844094684549238
J4	13	14	93	14	1.450993843288814
J5	15	4	83	42	0.1
J6	15	8	47	38	2.0976149003565654
J7	14	5	78	13	1.1229466436226745
J8	16	6	75	1	0.7422775055930038
J9	14	13	107	44	0.9791272998279968
J10	16	4	74	26	1.7840520748425286
J11	14	14	9	6	0.4328780243757998
J12	14	3	38	44	1.3486759214117658
J13	13	14	46	2	1.571336868143989
\\ Jobs in machine 2
12
J14	13	8	77	36	1.2691732939015572
J15	15	9	9	12	0.831164033424675
J16	14	6	86	39	0.42618994904790697
J17	15	14	75	37	0.9368593662777929
J18	14	12	59	8	1.038170514494868
J19	15	3	76	3	1.141720136747075
J20	13	1	59	2	1.3005129569768241
J21	16	7	34	1	1.8141316789445643
J22	13	9	60	14	1.445265616542254
J23	14	1	28	43	1.742011144994299
J24	15	9	46	10	0.8549790270607334
J25	14	14	40	1	1.2186632342232453
\\ Jobs in machine 3
11
J26	15	14	12	19	0.8707877345965932
J27	14	2	23	42	1.380509562747825
J28	14	2	85	9	2.02576997481595
J29	15	10	100	5	1.2147867906197887
J30	12	2	84	11	1.1507120322253404
J31	15	5	68	29	2.1529248710715
J32	14	8	97	9	1.175031097927989
J33	15	5	47	39	1.3636106014679459
J34	15	8	81	15	1.5572976343590126
J35	16	1	27	21	0.3253977038674878
J36	14	1	61	7	1.4732214598821858
\\ Jobs in machine 4
11
J37	14	3	60	15	1.4581958028755317
J38	16	11	110	4	0.7083829513486892
J39	15	7	66	36	1.3994950321262374
J40	16	10	33	16	0.776968786927443
J41	15	4	42	29	0.8025533433217642
J42	14	7	57	37	0.7984736774221353
J43	13	13	68	21	0.7964119689948249
J44	16	3	46	16	0.9877466905763383
J45	14	5	74	15	1.618811170916595
J46	13	3	97	40	1.4157937434330026
J47	16	5	3	19	0.7523310528904379
\\ Jobs in machine 5
9
J48	14	3	84	16	1.0962574101803746
J49	15	1	107	22	1.0320737340518276
J50	15	6	11	27	0.39938430293705685
J51	14	8	5	12	0.7300875779359403
J52	15	8	27	41	2.171270949289761
J53	15	5	90	24	1.0629358636425785
J54	13	7	103	39	1.683558758824664
J55	16	12	36	14	0.8058176303069089
J56	16	5	64	33	1.070863193497579
\\ Jobs in machine 6
11
J57	13	7	48	22	0.5234565359453479
J58	15	12	83	23	1.0426639591437357
J59	14	11	40	17	0.5562175909606407
J60	15	3	73	29	1.155188370410429
J61	15	1	108	2	0.5378354288041286
J62	15	4	78	16	1.5393712824438646
J63	16	12	103	4	0.3829481450462061
J64	16	5	3	8	1.9048456334585055
J65	14	8	13	4	0.8285991768074741
J66	15	10	45	13	0.6282321853798394
J67	14	6	58	23	1.3280024150447947
\\ Jobs in machine 7
11
J68	14	11	72	38	0.5686787965207329
J69	15	1	69	27	0.38626394632437167
J70	14	12	60	33	0.9151600834594615
J71	14	6	89	38	1.7222489896135005
J72	14	14	35	45	1.187290133623571
J73	14	8	41	39	1.5563592127245254
J74	15	4	29	33	1.662703993184231
J75	15	5	86	19	1.606696899622011
J76	15	2	45	13	2.001048521072818
J77	13	1	61	26	1.8841440717835503
J78	15	11	64	31	1.5704385037306707
\\ Jobs in machine 8
11
J79	15	9	8	32	1.4456484364337492
J80	14	12	29	24	0.5309650938262462
J81	14	12	50	42	0.10749948777896168
J82	14	7	62	24	0.9496441671088998
J83	14	12	94	24	0.2826704270330306
J84	16	6	97	23	0.9568234053804701
J85	14	11	21	41	1.2419989537380445
J86	14	1	53	13	0.2929472609868836
J87	14	12	89	22	1.6324072365571567
J88	14	14	108	8	0.994284974195645
J89	13	9	24	3	1.144907058765906
\\ Jobs in machine 9
13
J90	14	7	19	25	0.5975008176439363
J91	13	1	71	30	1.2773876926743166
J92	14	13	51	41	2.1072188828307348
J93	14	11	73	26	0.11574599198504609
J94	16	5	51	1	0.8367440368583483
J95	14	1	52	17	1.1853701428671715
J96	15	5	67	16	1.8659857842783811
J97	14	1	24	21	1.339753243958062
J98	13	4	39	31	1.5218466958749963
J99	13	14	97	28	0.9967832586718882
J100	15	6	12	4	2.493886444184774
J101	14	4	58	15	1.2276386260550916
J102	15	7	7	31	1.4769404315422334
\\ Dependencies 
157
1	4
1	6
1	7
1	10
1	12
2	13
3	4
4	9
4	11
4	13
5	9
6	8
6	9
6	13
7	13
8	11
9	12
9	13
10	13
11	12
12	13
14	15
14	22
15	16
15	17
15	18
15	21
15	22
15	25
16	23
16	24
17	18
17	20
18	21
18	23
18	24
19	20
19	24
20	21
20	23
22	24
22	25
23	25
26	32
26	34
27	28
27	29
27	30
27	33
28	29
28	31
28	34
28	36
29	31
29	32
29	33
29	34
29	35
29	36
31	33
31	35
32	34
33	36
34	36
37	38
37	40
37	42
37	43
38	40
38	43
39	42
39	45
40	44
40	46
41	47
42	47
43	47
44	46
48	55
49	52
49	54
54	55
55	56
57	59
57	60
57	63
58	61
58	63
58	67
59	60
59	62
59	63
59	64
59	66
59	67
60	61
60	62
60	65
61	65
62	64
62	66
63	64
63	65
64	66
65	66
65	67
66	67
68	71
68	75
68	76
69	71
69	73
70	74
71	77
72	73
72	76
73	78
74	76
74	78
79	81
79	82
79	88
80	81
80	82
81	82
81	84
81	88
82	84
82	85
82	89
83	84
83	85
83	87
83	89
84	85
84	87
85	89
90	94
90	101
91	93
91	98
91	100
91	102
92	97
92	101
93	98
94	96
94	101
94	102
95	100
95	101
96	102
97	101
97	102
98	101
99	100
101	102
