\\ machines
12
\\ max power
120
\\ Jobs in machine 1
10
J1	13	13	39	61	0.9074701802234741
J2	14	12	25	82	0.5133067672863472
J3	15	4	37	41	1.7852559480918768
J4	15	9	34	33	1.0244373508062736
J5	15	2	2	60	1.4126511399643311
J6	14	2	49	34	0.6955029280031428
J7	14	14	53	73	1.2026808336248844
J8	14	13	5	52	1.339219609504648
J9	15	3	11	45	1.5412065621768285
J10	14	8	78	73	1.7330849541636475
\\ Jobs in machine 2
11
J11	17	4	44	35	1.7625682824313558
J12	14	4	109	65	1.6185447810147149
J13	13	10	16	74	1.5723894345026437
J14	16	9	15	59	0.9145979014247334
J15	15	11	64	32	0.1
J16	16	11	89	58	1.3996035326167624
J17	15	3	3	66	1.4862351522914101
J18	16	12	21	51	1.968332239750826
J19	13	5	96	17	0.6915424662012966
J20	16	5	99	63	1.0400874347284255
J21	12	12	52	70	1.2306027672657467
\\ Jobs in machine 3
11
J22	13	7	83	8	1.1381474450020352
J23	15	4	8	16	0.7478503063214309
J24	16	3	73	71	0.9854052885600506
J25	15	3	62	30	1.8113142502113966
J26	14	9	76	78	1.2320822360384787
J27	15	9	42	82	2.0948324452092346
J28	17	8	12	9	1.5080977716726525
J29	17	13	30	68	1.0423690680171651
J30	14	2	35	61	1.2512433426275102
J31	14	1	104	31	1.2270249044018213
J32	16	1	73	1	0.5346169438985665
\\ Jobs in machine 4
11
J33	15	13	28	87	1.466829962876309
J34	16	8	100	65	0.5416032664227914
J35	15	10	55	64	2.1636749274666838
J36	15	6	27	27	0.7184201189743351
J37	14	2	41	49	1.00663087401181
J38	16	1	19	4	2.080575141660826
J39	15	2	15	31	1.104982696590131
J40	15	6	35	70	2.0495433122584976
J41	16	6	6	25	0.1
J42	16	1	47	26	0.4469513025077855
J43	14	14	16	73	0.8970342392602444
\\ Jobs in machine 5
10
J44	15	11	98	9	1.379766245690596
J45	15	7	49	13	1.1243156035796398
J46	16	4	68	12	2.0455876624051617
J47	15	11	110	43	1.7098784498325044
J48	16	7	67	48	0.9724726544312162
J49	14	11	86	71	0.9331905899799356
J50	15	13	20	10	1.0990788694760996
J51	14	1	50	53	1.1427395667724196
J52	15	13	22	35	1.4752561033449723
J53	14	13	87	43	0.7340604711818539
\\ Jobs in machine 6
10
J54	16	12	67	76	0.9752934169000864
J55	15	5	75	28	0.1154503607153714
J56	14	9	8	19	2.1510634661321557
J57	14	7	67	41	1.799401094645404
J58	14	3	14	28	1.7762388069455048
J59	14	5	67	24	1.7431915959065285
J60	15	5	16	62	0.5678558106758302
J61	13	4	108	66	0.9073113672311333
J62	15	3	29	61	1.0564742375915643
J63	14	5	4	27	0.7211331972617465
\\ Jobs in machine 7
10
J64	14	7	72	70	1.6793563033814
J65	14	8	50	72	1.2905349728437738
J66	16	6	26	49	1.3411437547650549
J67	13	1	55	4	0.8663951254528233
J68	16	9	69	60	1.0539794593798981
J69	14	14	100	85	1.5546846419316336
J70	14	1	71	59	0.8140745711043185
J71	15	3	80	21	1.4236173759011554
J72	15	1	7	8	0.9132886146777678
J73	15	14	38	13	0.8983863027295785
\\ Jobs in machine 8
12
J74	14	5	22	75	1.429810872415254
J75	15	12	97	46	1.1916434697516647
J76	14	3	17	33	1.9659749736036773
J77	15	4	22	77	0.5937499962131481
J78	14	4	32	82	1.4125956713281718
J79	15	1	88	70	1.9359096056915899
J80	15	2	44	16	1.7153496087652118
J81	13	11	33	68	1.369855687769359
J82	14	4	14	29	0.8922365036702951
J83	14	11	62	88	0.5340857546295646
J84	15	5	83	45	1.2098057249518515
J85	15	6	56	75	1.1166235367046244
\\ Jobs in machine 9
11
J86	14	4	8	23	0.8429852202605461
J87	15	4	98	5	0.6906572105539917
J88	15	8	43	74	1.4204885316214482
J89	14	10	83	12	1.1603515152873087
J90	11	8	99	6	2.3131015381198496
J91	15	14	79	34	0.7035024323280068
J92	13	7	36	42	0.6781046781296426
J93	14	3	21	2	1.028473137646296
J94	14	4	71	16	1.9627725196430565
J95	15	8	86	88	1.2785383572864244
J96	15	13	59	63	1.716813245641406
\\ Jobs in machine 10
11
J97	14	8	25	24	1.6623160573374238
J98	14	5	71	29	1.6144291240718434
J99	14	1	96	80	0.9096358170566159
J100	16	13	14	30	1.3983549924494316
J101	13	3	30	19	1.5716587162931241
J102	13	1	61	30	0.3153620068447597
J103	17	8	68	57	0.4748438920250242
J104	14	12	85	10	1.0784618158351944
J105	15	2	68	77	1.1546748194056935
J106	14	4	107	15	1.3158858330346055
J107	14	11	87	18	2.0520806355608276
\\ Jobs in machine 11
11
J108	15	3	29	49	1.1262812035626388
J109	15	5	39	90	0.6732430630750474
J110	15	2	85	35	1.000810141429683
J111	15	14	11	9	1.3366483398898408
J112	13	1	69	58	2.0422254997448785
J113	13	7	7	65	1.350063672751655
J114	14	12	77	61	0.1
J115	13	2	74	90	1.024292811354131
J116	15	3	91	68	1.119782419512934
J117	17	11	12	13	0.9086899257932944
J118	15	7	104	57	1.184401505453596
\\ Jobs in machine 12
10
J119	15	3	105	25	2.294831605575304
J120	14	3	66	12	0.48173374790501067
J121	15	2	15	45	1.6295813627472817
J122	14	14	43	90	2.2767312660692465
J123	16	12	88	84	1.7403188280926276
J124	14	6	76	48	1.2243544823796302
J125	15	4	72	5	1.015917673533543
J126	16	8	65	77	1.8315922059395027
J127	14	2	23	39	1.1146784306012723
J128	14	9	14	69	1.2346367759687078
\\ Dependencies 
173
1	6
2	10
6	8
7	8
7	10
8	9
11	18
12	15
12	16
12	17
12	19
13	20
14	15
14	17
14	19
14	20
15	17
17	21
18	20
22	23
22	24
22	25
22	28
22	30
23	25
23	26
23	27
24	30
24	31
25	28
25	31
26	27
26	28
26	32
27	28
28	29
28	30
30	31
30	32
33	38
33	42
33	43
34	36
34	37
34	40
35	41
36	37
36	38
37	39
37	42
39	41
40	42
42	43
44	48
44	49
44	50
44	51
44	53
45	46
45	47
45	53
46	47
47	51
47	53
48	53
51	52
51	53
52	53
54	55
54	58
55	60
55	62
56	57
56	59
56	61
56	63
57	58
57	62
58	59
58	60
58	62
59	63
60	62
64	66
64	69
64	70
64	71
64	73
65	72
65	73
66	70
67	73
68	72
69	72
71	73
74	77
74	79
74	80
74	83
75	77
75	80
75	85
76	79
76	82
76	83
77	81
77	84
78	80
78	85
79	81
80	81
80	84
81	83
83	85
84	85
86	87
86	96
87	88
87	92
87	94
87	95
87	96
88	89
88	94
89	91
89	94
91	93
91	96
92	96
94	95
97	98
97	101
98	100
98	103
98	105
98	106
98	107
99	101
101	103
101	105
101	106
103	105
104	107
105	106
108	110
108	111
108	112
109	117
110	111
110	112
110	114
110	116
112	117
112	118
113	118
114	116
114	118
115	116
115	117
115	118
116	118
119	121
119	128
120	125
121	122
121	123
121	124
121	127
121	128
122	124
122	126
123	126
127	128
