\\ machines
8
\\ max power
80
\\ Jobs in machine 1
11
J1	14	4	34	24	0.8376612690206033
J2	15	12	41	22	1.269515271015824
J3	13	3	40	10	0.5613601242672952
J4	15	12	43	2	0.8868898077371323
J5	15	9	74	34	1.1914831914657023
J6	13	11	83	39	1.3049071271526949
J7	14	9	6	29	1.3055104038331473
J8	15	6	25	37	1.757764923026619
J9	15	12	88	7	0.6351357894568188
J10	16	4	26	41	0.44878385118110475
J11	14	9	59	56	1.1474915846083553
\\ Jobs in machine 2
9
J12	15	11	43	49	1.09048269427823
J13	15	6	89	18	1.5244564675428234
J14	14	4	31	36	0.35135038042642974
J15	15	12	73	32	1.3556020930701795
J16	15	1	20	38	1.4920783374790383
J17	14	11	52	14	0.5395808739950589
J18	15	5	55	33	1.766711589743797
J19	15	1	80	54	1.6160398210696796
J20	12	7	6	8	0.6788115510896807
\\ Jobs in machine 3
11
J21	13	10	57	12	1.441247108321791
J22	14	10	71	6	1.93890716678546
J23	13	7	4	34	1.1998703238739061
J24	16	8	36	51	1.4814879620702874
J25	15	11	9	14	1.2978249213237523
J26	13	13	2	3	1.0765383878790125
J27	16	6	44	56	1.5316952805925945
J28	14	3	88	13	0.5168458793899722
J29	15	1	46	31	0.44566843646627385
J30	15	5	32	12	0.581260555401259
J31	13	10	90	16	1.1993918900096967
\\ Jobs in machine 4
11
J32	13	2	62	56	0.778462593187053
J33	15	9	101	48	0.6752519225584876
J34	16	7	66	8	1.3913311829323118
J35	18	7	38	60	1.2113608242026763
J36	17	14	88	55	0.5628165792759914
J37	13	11	69	1	1.8160975210977628
J38	13	6	33	11	1.0808007093482703
J39	13	3	106	42	0.39058658762519594
J40	16	1	55	38	1.3074164957932148
J41	14	6	19	24	0.2563854475857592
J42	14	3	48	38	1.7313829995556826
\\ Jobs in machine 5
11
J43	14	7	38	51	0.9713617728118024
J44	13	5	6	24	1.0609614893608845
J45	14	1	30	21	1.2642220800123514
J46	16	5	40	20	1.3847939758711458
J47	14	14	79	49	0.6313007534620885
J48	16	12	27	44	0.6983566253603388
J49	15	5	82	51	1.8185127704911768
J50	13	13	79	60	1.2775335155023624
J51	14	3	67	26	0.9662846850876127
J52	14	12	80	6	1.0177507035394935
J53	16	13	79	25	1.7910120600197792
\\ Jobs in machine 6
11
J54	14	11	5	59	0.3644905164234039
J55	15	10	14	1	1.0336567501999168
J56	14	9	109	55	0.7589018640300768
J57	14	12	7	39	1.026870956743816
J58	16	14	38	54	0.9463192112354575
J59	15	3	67	56	1.4970263159134545
J60	15	2	55	44	1.7888004484504525
J61	13	6	30	38	0.8815402016873065
J62	14	4	16	50	0.4232845307618055
J63	14	14	42	26	1.5208892157319878
J64	14	6	45	42	1.2202876680859827
\\ Jobs in machine 7
11
J65	16	12	42	43	1.0859959394516576
J66	14	3	50	5	1.7804094577166922
J67	15	8	109	46	1.5188686373029399
J68	17	6	20	54	1.9587571807301853
J69	15	7	71	54	1.2781682060693746
J70	15	9	50	17	1.266765987129311
J71	16	2	63	60	0.7904666188853863
J72	16	11	106	32	0.9824672169378359
J73	13	9	8	18	1.2736546632581163
J74	15	8	19	31	1.1728821896744404
J75	15	4	89	28	1.7887979450636675
\\ Jobs in machine 8
10
J76	14	1	42	59	0.682385856775924
J77	15	6	64	29	1.3428643668245304
J78	14	14	70	47	1.8166702845256397
J79	14	10	13	21	1.2058204744752952
J80	14	2	67	28	0.9239930052728624
J81	15	9	41	2	2.3164636973961654
J82	15	10	70	53	1.265212330492319
J83	15	1	12	46	1.4904522555510558
J84	13	10	35	9	0.9048163621053218
J85	15	2	11	2	1.547253148817986
\\ Dependencies 
245
1	3
1	4
1	6
1	8
1	11
2	6
2	7
2	8
2	10
2	11
3	4
3	5
3	10
3	11
4	6
4	7
4	8
4	9
5	9
5	10
6	7
6	8
6	9
6	10
6	11
7	8
7	10
7	11
8	9
8	11
9	10
10	11
12	16
12	17
12	19
12	20
13	14
13	15
13	16
13	17
13	20
14	16
14	17
14	18
14	19
14	20
15	17
15	19
16	17
16	18
16	19
16	20
17	18
17	19
17	20
18	20
19	20
21	23
21	25
21	26
21	28
21	29
21	30
22	23
22	24
22	25
22	27
22	28
22	29
22	30
22	31
23	25
23	26
23	27
23	28
24	27
24	29
24	30
24	31
25	26
25	28
25	30
26	28
26	30
27	28
27	31
28	29
28	30
29	31
30	31
32	34
32	35
32	36
32	38
32	39
32	41
32	42
33	35
33	36
33	40
33	41
33	42
34	35
34	36
34	37
34	38
34	39
34	40
34	42
35	36
35	38
35	39
35	40
35	42
36	38
36	39
36	40
37	38
37	39
37	40
37	41
37	42
38	42
39	40
39	41
40	42
41	42
43	45
43	46
43	47
43	48
43	50
43	52
44	46
44	48
44	49
44	51
45	46
45	47
45	48
45	49
45	50
45	53
46	47
46	48
46	49
46	51
47	48
47	49
47	51
48	53
49	51
49	52
49	53
50	51
50	53
51	52
54	55
54	58
54	62
54	63
54	64
55	56
55	61
55	64
56	58
56	60
56	61
56	62
56	63
57	58
57	60
57	64
58	59
58	61
58	63
59	60
59	64
60	61
60	62
61	62
61	63
61	64
62	63
63	64
65	67
65	69
65	70
65	71
65	75
66	67
66	68
66	70
66	71
66	72
66	75
67	71
67	72
67	73
67	74
67	75
68	69
68	72
68	73
68	74
69	70
69	71
69	72
69	73
69	74
70	71
70	75
71	73
71	74
71	75
72	75
76	78
76	80
76	81
76	85
77	78
77	80
77	83
77	84
78	80
78	82
78	84
78	85
79	80
79	81
79	83
79	84
79	85
80	81
80	82
80	83
80	84
80	85
81	82
81	83
81	85
82	83
82	85
83	85
84	85
