\\ machines
25
\\ max power
250
\\ Jobs in machine 1
10
J1	16	5	24	18	1.4433954546197834
J2	13	13	53	27	1.5483597171301478
J3	14	9	62	30	1.5371284614802507
J4	14	11	104	53	1.3208162471981169
J5	15	5	80	37	0.443424464929693
J6	13	12	76	30	1.4702886809766886
J7	16	9	66	37	1.9179458421115276
J8	16	6	15	9	0.676099837662735
J9	15	13	31	34	1.3261072786605967
J10	15	10	91	56	2.0792792171319627
\\ Jobs in machine 2
13
J11	14	6	32	8	1.743995647327359
J12	14	12	51	14	1.6991870604129735
J13	15	1	39	41	2.024676538568665
J14	14	1	69	30	2.162503427519053
J15	14	5	56	22	1.5661723497165148
J16	14	12	73	37	2.0405016487466456
J17	13	12	15	11	0.7188509408863396
J18	15	8	45	20	0.8255552389821481
J19	16	5	106	41	1.3863073534323542
J20	12	14	67	38	0.8621245798675317
J21	14	3	24	5	1.9337675116079174
J22	14	12	21	26	0.2562962490510349
J23	14	2	28	53	1.177098366153598
\\ Jobs in machine 3
11
J24	14	9	2	27	1.663406053088475
J25	14	13	10	20	1.1572379675160676
J26	15	9	91	48	0.34422059682484973
J27	16	6	16	51	1.1178322300614136
J28	15	6	8	51	1.149022180545499
J29	14	11	36	57	1.0509497350635575
J30	14	13	2	59	2.092992251847854
J31	16	3	70	50	1.5628816597836015
J32	15	8	22	8	2.381026813493742
J33	14	8	56	16	0.5223550502178422
J34	13	10	35	29	1.520862800142058
\\ Jobs in machine 4
11
J35	15	1	84	4	0.8742512154129184
J36	15	11	41	13	2.2995976021510107
J37	15	6	25	14	0.5002062266667625
J38	13	13	2	28	0.49473017560463306
J39	13	8	72	19	1.050151442600764
J40	13	2	22	47	1.1136741274064443
J41	14	9	26	20	1.2091441876607583
J42	13	4	44	29	1.01238818414774
J43	13	11	109	35	1.672900174877977
J44	14	10	45	42	0.6607445606990417
J45	13	5	100	26	0.6336086583302207
\\ Jobs in machine 5
9
J46	14	10	10	5	1.2502018885118402
J47	13	9	11	19	1.3899299569043544
J48	15	8	110	41	1.7330341685212505
J49	13	14	92	27	2.2997267256924427
J50	15	8	102	36	0.45095845136192514
J51	14	9	71	29	1.2137382229336138
J52	13	1	14	57	1.4247555876742322
J53	15	7	8	42	0.7593626084411691
J54	15	10	51	38	1.7211901629469175
\\ Jobs in machine 6
14
J55	15	5	12	58	1.93505289941988
J56	11	10	21	25	1.2117888627432645
J57	16	3	30	2	1.0063389953810964
J58	16	2	9	33	1.915045173189219
J59	17	1	43	14	1.3133170805855918
J60	15	13	71	8	1.488733092512031
J61	16	13	22	22	1.2128373550334828
J62	16	6	70	13	1.5031964721394349
J63	15	1	79	4	0.5091033801774735
J64	14	10	28	42	0.5300280701060833
J65	14	1	88	41	1.300946545029931
J66	15	5	65	1	1.1816964958912985
J67	15	9	81	49	1.3321539735531336
J68	14	11	77	59	1.7882304990540532
\\ Jobs in machine 7
12
J69	15	13	33	20	1.4840648490624102
J70	16	13	55	17	1.0878358604077571
J71	14	8	25	1	0.5637349516494319
J72	14	12	31	52	0.7013566379062087
J73	16	11	16	17	1.3486049445231694
J74	16	1	16	12	0.7376652583762502
J75	15	14	105	27	1.0256798460945826
J76	15	7	93	34	1.5865936441217474
J77	14	6	69	43	0.988896518325874
J78	15	1	22	47	0.5777655139418608
J79	14	12	46	21	2.7937861856950175
J80	15	2	5	46	0.797412965488269
\\ Jobs in machine 8
10
J81	14	4	62	41	0.9756723355253913
J82	15	10	98	12	1.0224769076390414
J83	13	13	64	18	1.8155967079596667
J84	14	6	24	23	1.8262147135508657
J85	13	14	17	37	0.9049092948787228
J86	14	11	88	53	1.0737529968504802
J87	14	6	49	27	0.8866573683706045
J88	15	4	22	54	1.5824329473254135
J89	14	9	110	58	2.5718066629138123
J90	15	14	109	26	0.10939280848233679
\\ Jobs in machine 9
12
J91	15	2	94	31	1.0072316203154261
J92	14	7	79	3	1.524729274758248
J93	14	12	73	9	1.2552134425558452
J94	14	2	81	44	0.1
J95	15	1	101	51	1.4287232597381199
J96	12	12	60	53	1.3718836471883338
J97	15	11	10	26	0.9522280747741028
J98	15	3	99	27	0.633767791556353
J99	13	10	34	52	0.9222506002390938
J100	14	11	81	37	2.1635218035955965
J101	16	7	27	40	1.7889976144492343
J102	14	3	8	18	0.8776137430824524
\\ Jobs in machine 10
11
J103	15	12	64	13	2.0403649029185176
J104	14	7	21	44	1.09793379764658
J105	13	3	82	35	2.072622139953893
J106	15	7	13	36	1.3594442227373273
J107	15	14	6	32	0.9340275572261583
J108	17	10	32	20	1.0541108420462526
J109	14	4	67	27	1.7373123781242468
J110	13	10	49	28	0.9082292968759325
J111	13	2	109	61	1.3893512021581553
J112	17	9	87	1	1.2407199306553913
J113	13	10	19	30	1.8445136269904023
\\ Jobs in machine 11
13
J114	15	11	74	33	1.5171778310426562
J115	15	7	104	15	0.9931692133465061
J116	15	7	100	17	1.230384912160464
J117	15	8	106	55	0.5439324585311284
J118	15	14	11	36	1.0688989024399955
J119	12	3	61	12	1.9775809256233816
J120	14	10	89	25	1.047136878927275
J121	15	4	46	25	1.7724865286751137
J122	15	8	81	23	1.4625952961364106
J123	14	7	14	12	1.1184135008675005
J124	14	2	42	29	0.7623452998374177
J125	13	1	105	25	1.143115618520831
J126	16	6	29	53	1.9300657848969052
\\ Jobs in machine 12
12
J127	14	10	20	1	1.1518608043279321
J128	15	11	20	43	1.1532544236209705
J129	13	7	24	12	0.9877362565581611
J130	16	12	24	54	1.0062314674648478
J131	16	4	55	57	2.320936997215282
J132	16	4	91	5	0.7874828057453438
J133	14	14	45	1	1.3609901509461404
J134	13	14	42	62	1.1592367081682466
J135	16	14	3	56	1.347220946120971
J136	13	2	56	61	1.77034100979678
J137	16	12	30	56	0.9205951385221407
J138	15	14	107	23	0.5545708891763304
\\ Jobs in machine 13
9
J139	17	3	2	56	0.8106105360542417
J140	15	12	109	48	0.9160314573611327
J141	14	5	53	58	1.022288910281122
J142	14	14	99	56	2.3170936099746373
J143	14	1	100	57	0.7284378109323775
J144	15	3	58	37	2.0388324196826915
J145	14	9	69	47	0.6728059101109914
J146	13	8	44	26	1.6016757886569595
J147	14	11	41	46	0.8059800721409367
\\ Jobs in machine 14
12
J148	14	11	25	59	1.7982197507618864
J149	17	14	16	43	2.112682926403708
J150	14	13	82	33	1.1518214975742314
J151	15	12	29	35	1.397960269061182
J152	13	2	108	35	0.687531163507463
J153	15	2	58	13	1.1205852522838529
J154	14	13	40	56	2.289409679711331
J155	13	2	36	28	1.2309675883111564
J156	15	6	76	44	1.7593609888359771
J157	14	3	53	38	1.3877616925934229
J158	14	8	42	4	1.6371988293057564
J159	15	12	2	49	0.932179833903516
\\ Jobs in machine 15
11
J160	15	3	22	61	1.015925166932095
J161	14	2	74	48	1.9420586359826273
J162	13	3	53	58	0.25526663665926674
J163	16	12	91	25	0.896022983083383
J164	13	9	30	20	1.1929425806149316
J165	15	6	89	39	1.6258159632668554
J166	13	8	76	57	2.3784435755233635
J167	15	12	59	5	1.366368481914071
J168	16	13	5	21	0.20419452146952433
J169	13	14	76	35	1.0239725181465356
J170	12	12	53	55	1.84411669269337
\\ Jobs in machine 16
11
J171	14	4	61	24	0.6438926298303365
J172	14	10	101	42	1.3269020864853314
J173	15	1	9	35	0.5848334977521648
J174	15	14	88	33	1.2887771437506195
J175	14	11	51	53	1.7954740551805886
J176	14	5	110	33	1.5073373782272848
J177	15	9	4	12	1.7029356996689105
J178	13	12	11	26	1.4316154593094972
J179	17	9	51	60	1.5223725547725642
J180	15	2	12	55	1.4526930151267305
J181	15	3	43	24	1.6820905245156765
\\ Jobs in machine 17
11
J182	16	8	13	52	1.548122595386944
J183	15	12	2	28	0.3707578972078577
J184	15	13	61	26	2.034452476099402
J185	16	3	51	32	1.5228013598861732
J186	15	13	39	5	1.5572520414414401
J187	15	2	83	19	0.7355843683405463
J188	16	11	74	63	1.2985235861252493
J189	15	14	92	24	1.639355341447223
J190	14	8	87	2	0.9595945495638469
J191	13	10	47	55	0.7805837075255273
J192	15	1	33	52	0.8502214678378237
\\ Jobs in machine 18
10
J193	15	5	54	26	1.2097187434765453
J194	14	3	39	47	0.5672944561096157
J195	16	8	86	3	1.5145768696873123
J196	15	11	55	55	1.778824064805024
J197	13	4	79	36	1.6858815071919473
J198	15	7	26	52	1.588441963128868
J199	13	9	83	15	1.1734171443907249
J200	14	2	54	38	1.3865200250837153
J201	14	4	29	44	0.8575714852945294
J202	13	3	102	42	1.1242035437460183
\\ Jobs in machine 19
11
J203	16	2	73	56	1.125563941822297
J204	14	11	74	47	2.306059135165585
J205	15	4	64	41	0.842595971490276
J206	16	9	100	62	0.4726746833122297
J207	14	11	60	62	1.3006098585790362
J208	13	6	68	41	1.7023500887349376
J209	15	3	53	4	1.9173532031922353
J210	15	2	52	13	1.1136631458398554
J211	16	14	101	2	0.835411017350383
J212	13	13	33	35	1.227724471695738
J213	14	2	87	47	0.630571246060874
\\ Jobs in machine 20
11
J214	15	10	72	23	1.678582052553303
J215	15	12	44	38	2.016744073739976
J216	14	9	110	1	0.40648932387637116
J217	14	1	19	49	1.0846091420044877
J218	15	13	63	7	1.2235235296426692
J219	15	7	100	20	1.862945299397853
J220	16	7	98	32	1.0065550050437568
J221	14	3	31	49	1.797967567519143
J222	14	14	107	9	1.36174097658319
J223	16	2	28	49	1.2028650613700886
J224	13	2	25	42	0.1
\\ Jobs in machine 21
11
J225	14	4	30	7	1.3327081220778365
J226	13	3	31	20	0.4683085949248723
J227	15	5	76	59	0.8631954834629174
J228	14	1	86	17	1.1058635826228764
J229	15	12	81	15	1.3440283578400298
J230	15	1	18	60	0.6771290841999447
J231	15	1	32	63	0.5338254681375241
J232	15	7	5	31	0.8802633793454319
J233	13	2	105	34	0.807697371902343
J234	14	10	72	15	0.9136864749572048
J235	15	12	4	1	1.7665154519603474
\\ Jobs in machine 22
12
J236	15	3	109	37	1.237698223755907
J237	15	2	4	20	0.49601699192317683
J238	15	7	78	50	1.326877123964906
J239	14	11	95	44	1.6240555968252837
J240	14	1	7	2	1.5531318500870164
J241	15	14	10	51	0.9079910035116254
J242	15	12	59	47	0.7680824891125877
J243	15	5	100	33	0.8842850788372358
J244	13	3	48	55	0.9995987568144382
J245	13	1	35	35	0.9968886991915142
J246	14	7	27	21	1.1978566577797414
J247	17	13	66	38	0.9870964622909205
\\ Jobs in machine 23
11
J248	14	2	96	54	1.7340711527000305
J249	13	3	54	27	0.88507200460135
J250	15	7	93	57	0.6575131987388686
J251	14	8	51	55	0.9958748017578949
J252	16	1	85	7	1.9606441569267725
J253	14	9	43	51	1.9421355988376146
J254	13	6	27	3	0.8407686823473185
J255	14	4	15	56	0.323002899664697
J256	14	6	53	58	1.4351251580392161
J257	13	1	53	21	0.6942054576112744
J258	14	5	79	12	0.6987764148170439
\\ Jobs in machine 24
12
J259	13	10	92	36	1.3314557083089376
J260	14	6	60	42	1.10595898758788
J261	14	2	60	17	1.3240887760455828
J262	14	6	18	20	1.0343902756150622
J263	13	9	38	19	0.322451188749203
J264	14	1	67	20	1.6173133057764566
J265	15	2	45	47	1.167822348607222
J266	14	7	36	46	1.216652616656317
J267	13	3	33	31	1.381497248117565
J268	13	10	67	19	0.5329355133547946
J269	16	9	55	54	1.1103770509313282
J270	16	12	24	28	1.5988025409888067
\\ Jobs in machine 25
12
J271	13	2	14	59	2.4262010014443343
J272	12	6	41	56	1.1962159682156601
J273	15	6	33	31	1.578515042349369
J274	16	8	51	39	0.4760473347050962
J275	13	6	94	15	1.3345429527791814
J276	15	1	72	61	1.666775099261923
J277	14	12	89	6	1.3626666951375603
J278	13	1	17	25	0.1
J279	16	8	16	48	1.8190912454947763
J280	16	8	2	16	0.26099531776778195
J281	15	9	84	11	1.017168496361815
J282	14	9	25	24	1.7346595814732715
\\ Dependencies 
878
1	6
1	9
2	3
2	6
2	7
2	9
2	10
3	4
3	7
3	9
4	8
4	10
5	6
5	7
5	8
5	9
5	10
6	7
6	9
7	8
7	9
7	10
8	10
9	10
11	13
11	15
11	16
11	18
11	20
11	21
12	13
12	14
12	15
12	16
12	20
12	21
12	22
12	23
13	14
13	15
13	16
13	17
13	18
13	20
13	22
14	16
14	18
14	19
14	21
14	22
14	23
15	16
15	17
15	18
15	19
15	20
15	21
15	22
15	23
16	18
16	19
16	22
16	23
17	18
17	19
17	20
17	21
18	19
18	21
18	22
18	23
19	21
20	22
20	23
24	25
24	27
24	29
24	30
24	34
25	26
25	28
25	29
25	32
25	33
25	34
26	27
26	28
26	32
26	34
27	28
27	30
27	32
27	34
28	32
28	33
28	34
29	30
29	31
29	32
29	33
29	34
30	31
30	32
30	33
31	32
31	33
32	34
35	36
35	37
35	39
35	41
35	42
35	43
35	44
35	45
36	37
36	39
36	40
36	41
36	42
36	44
36	45
37	39
37	40
37	42
37	45
38	40
38	41
38	43
38	44
39	40
39	41
39	42
40	42
41	42
42	43
42	45
43	45
44	45
46	47
46	48
46	49
46	51
46	52
46	53
47	48
47	49
47	50
47	51
47	52
47	54
48	49
48	50
48	52
48	54
49	52
49	53
50	51
50	52
50	53
50	54
52	54
53	54
55	57
55	59
55	60
55	61
55	62
55	63
55	64
55	65
55	66
55	67
56	57
56	62
56	64
56	66
57	58
57	59
57	62
57	64
57	65
57	66
57	67
58	59
58	61
58	62
58	65
58	66
59	60
59	61
59	63
59	66
59	67
59	68
60	61
60	62
60	63
60	65
60	66
60	67
60	68
61	63
61	65
61	67
62	64
62	66
62	68
63	64
63	65
63	66
63	67
64	65
64	67
64	68
65	66
65	67
66	67
66	68
69	70
69	71
69	72
69	73
69	74
69	76
69	77
70	71
70	72
70	74
70	75
70	76
70	79
71	72
71	73
71	74
71	76
71	79
71	80
72	74
72	75
72	77
73	76
73	77
73	78
74	75
74	76
74	78
74	79
74	80
75	76
75	80
76	77
77	79
78	79
78	80
79	80
81	82
81	83
81	84
81	85
81	88
81	89
82	83
82	84
82	86
82	87
82	88
83	85
83	86
83	88
83	89
84	85
84	86
84	88
84	90
85	87
85	89
86	87
86	88
86	89
86	90
87	89
87	90
88	89
88	90
91	94
91	95
91	96
91	102
92	93
92	94
92	95
92	96
92	99
92	100
92	101
92	102
93	95
93	97
93	98
93	99
93	102
94	96
94	97
94	100
94	101
95	100
95	101
95	102
96	97
96	98
96	99
96	100
96	101
97	98
97	99
97	102
98	100
98	102
99	101
99	102
100	101
100	102
101	102
103	104
103	105
103	107
103	108
103	109
103	112
103	113
104	105
104	106
104	107
104	110
104	111
105	108
105	109
105	112
106	107
106	108
106	109
106	110
107	110
107	112
108	111
108	112
109	110
109	111
109	112
109	113
110	112
110	113
111	112
114	118
114	119
114	121
114	122
114	125
114	126
115	116
115	117
115	118
115	120
115	121
115	122
115	124
115	126
116	117
116	119
116	120
116	121
116	124
116	126
117	118
117	121
117	123
117	124
117	126
118	119
118	120
118	121
118	122
118	123
118	125
118	126
119	120
119	121
119	122
119	123
119	124
119	126
120	121
120	122
120	123
120	124
120	125
121	124
121	125
121	126
122	126
123	124
125	126
127	128
127	130
127	131
127	133
127	134
127	136
127	137
127	138
128	131
128	132
128	133
128	134
128	136
128	138
129	130
129	131
129	132
129	133
129	137
130	131
130	132
130	133
130	134
130	135
130	137
130	138
131	134
131	136
131	137
131	138
132	133
132	134
132	135
132	137
132	138
133	136
133	137
133	138
134	135
134	137
136	137
136	138
137	138
139	140
139	142
139	144
139	146
140	143
140	145
140	147
141	142
141	144
142	143
142	145
142	146
143	145
145	147
146	147
148	149
148	153
148	154
148	155
148	156
148	157
148	158
149	150
149	153
149	155
149	156
149	157
149	158
149	159
150	151
150	152
150	153
150	154
150	155
150	156
151	153
151	154
151	156
151	159
152	157
152	158
152	159
153	154
153	156
153	158
153	159
154	155
154	156
154	158
154	159
155	157
155	158
156	158
156	159
157	158
160	162
160	163
160	164
160	166
160	167
160	168
160	169
160	170
161	162
161	163
161	165
161	167
161	170
162	164
162	165
162	166
162	167
162	169
162	170
163	164
163	165
163	167
163	169
163	170
164	167
164	168
164	170
165	166
165	169
166	167
167	169
167	170
168	169
171	173
171	174
171	175
171	178
171	181
172	174
172	175
172	176
172	177
172	178
172	179
172	180
173	176
173	178
173	179
173	180
174	175
174	177
174	178
174	179
175	176
175	179
175	180
175	181
176	177
176	178
176	180
176	181
177	178
177	179
177	180
178	180
178	181
179	181
180	181
182	184
182	189
182	190
182	191
182	192
183	184
183	186
183	187
183	188
183	189
183	191
183	192
184	185
184	187
184	191
185	187
186	190
186	192
187	188
187	189
187	190
187	191
187	192
188	191
189	191
189	192
190	192
191	192
193	194
193	195
193	196
193	197
193	199
193	201
194	195
194	197
194	198
194	201
194	202
195	196
195	197
195	198
195	199
195	200
195	202
196	197
196	199
196	200
196	201
197	199
197	200
197	201
197	202
198	200
198	201
199	200
199	201
199	202
201	202
203	209
203	210
203	212
203	213
204	205
204	206
204	207
204	208
204	210
204	212
205	206
205	208
205	209
205	213
206	207
206	208
206	209
206	210
206	213
207	208
207	209
207	211
207	213
208	209
208	210
208	211
208	213
209	210
209	211
209	213
210	212
214	215
214	219
214	221
214	222
214	224
215	216
215	219
215	221
215	223
216	217
216	219
216	220
216	221
217	218
217	219
217	220
217	221
217	222
217	223
218	219
218	220
218	221
218	222
218	224
219	221
219	222
219	223
219	224
220	221
220	224
221	222
221	223
221	224
225	227
225	228
225	229
225	235
226	227
226	230
226	233
227	228
227	230
227	231
227	232
227	234
227	235
228	229
228	230
228	233
228	234
228	235
229	230
229	231
229	233
229	234
230	231
230	232
230	233
230	235
231	232
231	235
232	235
233	234
233	235
234	235
236	237
236	238
236	239
236	240
236	241
236	242
236	246
236	247
237	238
237	239
237	240
237	241
237	244
237	245
238	239
238	240
238	241
238	242
238	243
238	244
239	240
239	242
239	244
239	246
240	242
240	243
240	244
240	245
240	246
240	247
241	242
241	243
241	244
241	245
241	247
242	244
242	246
242	247
243	244
243	245
243	246
243	247
244	246
244	247
245	247
248	249
248	250
248	252
248	255
248	258
249	253
249	255
249	257
249	258
250	252
250	253
250	254
250	255
250	257
250	258
251	252
251	253
251	256
251	258
252	255
252	256
254	256
254	257
254	258
255	258
256	257
256	258
257	258
259	260
259	266
259	267
259	268
259	269
260	261
260	262
260	263
260	264
260	266
260	267
260	270
261	262
261	265
261	267
261	268
261	269
261	270
262	263
262	264
262	266
262	267
262	269
262	270
263	264
263	270
264	265
264	266
264	267
264	268
264	269
265	267
265	269
265	270
266	267
266	270
267	268
268	269
269	270
271	272
271	274
271	275
271	276
271	277
271	282
272	274
272	275
272	276
272	278
272	279
272	280
272	281
272	282
273	274
273	275
273	276
273	278
273	279
273	280
273	281
273	282
274	277
274	282
275	276
275	278
275	279
275	280
275	281
275	282
276	277
276	278
276	279
276	280
276	282
277	280
277	282
278	279
278	281
278	282
279	280
281	282
