\\ machines
12
\\ max power
120
\\ Jobs in machine 1
11
J1	14	7	85	12	1.1476913376533449
J2	14	1	2	58	1.8658683173258463
J3	14	13	54	43	1.2987671532640055
J4	14	4	78	68	1.1540084492468932
J5	14	12	16	19	1.1795037110938558
J6	14	2	22	63	1.3379197989963174
J7	15	12	109	75	1.9276569142056745
J8	15	4	46	36	2.083554293387567
J9	14	9	85	30	0.7947539602997392
J10	15	4	35	19	1.4430536343631815
J11	14	14	110	50	0.5426724069411042
\\ Jobs in machine 2
12
J12	16	4	35	19	1.8130565331953745
J13	14	6	105	17	1.8146309517380228
J14	15	12	2	57	0.31000710563891887
J15	14	10	98	29	1.754315021108581
J16	15	3	102	40	1.1495433701592699
J17	15	9	21	78	0.8827972481709299
J18	14	6	16	76	1.6017309074723278
J19	15	8	13	51	2.065725322690335
J20	16	13	94	36	0.9182738113089447
J21	14	6	105	84	0.7450266899553721
J22	15	14	23	68	0.6831176080695206
J23	14	8	38	60	2.197742254924833
\\ Jobs in machine 3
13
J24	15	5	37	75	0.5496471051232805
J25	16	6	16	28	1.4771068187957368
J26	13	11	18	84	1.6864644385637175
J27	15	5	43	17	0.9712917657134206
J28	14	5	75	4	0.17200661026703523
J29	15	4	44	32	1.2416624018476459
J30	15	3	89	4	2.4681299036076334
J31	16	3	84	21	1.941474437308056
J32	14	11	41	15	0.8947893370135325
J33	14	11	70	27	1.199604368344007
J34	15	9	11	30	0.1
J35	15	9	59	76	1.2713771265123663
J36	14	3	15	66	0.1
\\ Jobs in machine 4
12
J37	12	5	100	9	2.1442227795517237
J38	15	12	98	60	1.1679138491581353
J39	16	11	98	44	1.0992114604429664
J40	15	11	106	69	1.6399731776077158
J41	14	10	80	9	1.5042129249077405
J42	13	2	16	84	1.6505986910225725
J43	14	2	68	32	0.8549740016256333
J44	15	9	93	61	0.7918453794326283
J45	14	3	98	7	1.5849962737260506
J46	13	12	4	67	1.0278240844390873
J47	16	8	23	86	0.9900557562448301
J48	16	6	34	46	1.4493557866240114
\\ Jobs in machine 5
12
J49	15	12	77	46	0.9398224681326102
J50	15	12	49	30	1.199718625755361
J51	16	12	27	32	0.6212588801551074
J52	16	2	72	41	0.6638942767021414
J53	13	5	26	25	0.9519284195176659
J54	15	13	89	11	1.0366874896544673
J55	16	3	101	20	1.6469821427962446
J56	14	1	29	28	1.2344725745171277
J57	14	8	67	24	0.5493383890308258
J58	15	1	83	67	1.388463736078201
J59	14	12	101	54	0.8533797204327737
J60	15	11	18	84	0.3340832035575051
\\ Jobs in machine 6
10
J61	14	7	98	82	0.672112643258509
J62	13	14	9	11	0.746894887259252
J63	15	6	90	54	1.242975824411493
J64	14	14	56	54	1.3548935298552844
J65	14	12	34	8	1.7333559492282302
J66	16	5	6	77	1.9792446843250144
J67	15	5	68	36	0.9476241640662981
J68	14	14	35	20	1.3204265812990703
J69	14	5	36	53	1.232020331916252
J70	15	1	30	67	0.9152134291389147
\\ Jobs in machine 7
11
J71	14	8	42	8	1.3397091444993785
J72	16	3	60	40	1.1019698626732652
J73	12	4	65	10	0.18271904548993767
J74	13	12	47	64	1.1307065225852542
J75	13	10	100	4	1.4202314425604743
J76	16	14	105	26	1.5266844193829652
J77	15	5	102	29	1.1934262306526005
J78	15	13	47	72	1.4396688548674939
J79	15	4	24	87	0.992993792820922
J80	13	11	78	51	1.3251037803865953
J81	15	4	34	18	0.3607074906564097
\\ Jobs in machine 8
11
J82	14	1	56	16	1.4356543382504268
J83	15	13	93	14	1.3555046679045786
J84	16	7	62	44	0.652182245000282
J85	14	7	53	65	0.9133878875355286
J86	15	5	35	13	1.5499872510315371
J87	16	7	21	74	1.629227297593392
J88	13	4	84	70	0.8281401584241526
J89	14	1	83	78	1.3924711973025699
J90	15	10	94	7	0.8728933662559422
J91	14	14	20	90	0.9523123570184393
J92	14	2	35	89	0.7136488351071197
\\ Jobs in machine 9
12
J93	14	9	51	20	1.9709805410045924
J94	15	8	7	39	0.5030708299425618
J95	14	1	43	39	1.9150864036120594
J96	16	7	29	2	0.6890327029080261
J97	15	5	41	11	1.8165709634646652
J98	15	11	110	76	1.6596488042329358
J99	15	4	31	72	0.33304950946685974
J100	13	9	5	57	1.7688717119786155
J101	12	2	85	68	1.194648188923853
J102	14	7	104	14	1.2085801144650474
J103	14	3	93	89	1.2157662181186746
J104	15	11	74	45	0.8116206079114727
\\ Jobs in machine 10
11
J105	17	11	12	70	0.8584744527242081
J106	16	5	43	46	0.8986061777073882
J107	12	4	105	17	0.8852004233126466
J108	14	12	92	15	0.6644190649280891
J109	15	4	10	10	0.5708488225695423
J110	16	12	90	69	1.3892626873850185
J111	15	14	44	31	1.753774291361927
J112	13	6	80	19	2.783359815206348
J113	14	4	54	67	0.8848810573982893
J114	15	4	41	25	1.4200102712449854
J115	14	2	51	50	1.4814018677423664
\\ Jobs in machine 11
11
J116	15	2	67	9	1.6449499589071928
J117	15	13	76	68	0.4997540150259647
J118	14	3	60	89	0.2705930941274777
J119	14	2	39	72	1.6755208557754897
J120	15	12	7	58	0.8677044845612399
J121	16	9	99	67	0.7305240605862497
J122	12	7	89	70	0.5303384487242363
J123	13	14	97	4	0.5190019185224102
J124	15	5	72	81	1.559495837327754
J125	15	6	89	89	1.215891896727741
J126	13	3	83	68	0.7630825024877712
\\ Jobs in machine 12
11
J127	16	13	62	17	0.9947929221902694
J128	15	12	30	29	0.8061037144407468
J129	14	5	93	64	0.9448706415544504
J130	13	6	78	90	1.984515760643815
J131	14	9	51	47	1.0810323885871231
J132	15	3	65	19	1.734784315337384
J133	14	9	85	24	2.210751614154743
J134	15	10	85	14	1.788373503353982
J135	14	10	60	44	1.6224041412419887
J136	16	13	47	69	0.9954400459755323
J137	13	2	57	12	0.9546871491669224
\\ Dependencies 
418
1	3
1	6
1	9
1	11
2	3
2	4
2	5
2	8
2	9
2	11
3	4
3	7
3	9
3	11
4	6
4	7
4	8
4	9
4	11
5	6
5	7
5	9
5	11
6	7
6	8
6	11
7	9
8	11
9	10
9	11
10	11
12	15
12	16
12	17
12	18
12	20
12	21
12	22
13	14
13	18
13	20
13	22
13	23
14	16
14	17
14	19
14	21
14	23
15	16
15	17
15	19
15	20
15	22
15	23
16	17
16	19
16	20
17	19
17	20
17	23
18	19
18	20
18	22
19	21
19	22
19	23
20	21
20	23
21	22
24	25
24	26
24	30
24	31
24	34
25	28
25	30
25	32
25	34
25	35
25	36
26	30
26	32
26	34
26	36
27	28
27	29
27	31
27	34
28	29
28	31
28	32
28	36
29	30
29	31
29	32
29	34
30	31
30	32
30	33
30	34
30	35
30	36
31	35
31	36
32	34
32	36
33	36
37	40
37	43
37	44
37	46
37	47
37	48
38	39
38	40
38	42
38	44
38	45
39	40
39	43
39	45
39	48
40	41
40	42
40	43
40	44
40	45
40	46
41	43
41	45
41	47
42	43
42	47
43	44
43	45
43	46
43	47
43	48
44	46
44	48
45	46
45	47
45	48
46	47
46	48
49	51
49	55
49	57
49	58
50	53
50	54
50	55
50	58
51	52
51	54
51	55
51	56
51	57
51	59
51	60
52	53
52	54
52	56
52	57
52	58
53	54
53	55
53	56
53	57
53	59
53	60
54	55
54	56
54	59
55	56
55	57
55	59
56	57
56	59
56	60
57	58
57	59
57	60
58	59
58	60
61	62
61	63
61	64
61	65
61	66
61	67
61	69
61	70
62	63
62	64
62	65
62	66
62	67
62	68
62	69
62	70
63	64
63	66
63	69
63	70
64	65
64	66
64	67
64	68
65	67
65	70
66	68
66	69
66	70
67	68
67	70
71	72
71	73
71	75
71	77
71	78
71	79
71	80
72	73
72	74
72	75
72	77
72	78
72	79
72	80
72	81
74	77
74	78
74	79
74	81
75	76
75	77
75	78
75	80
75	81
76	77
76	80
76	81
77	78
77	79
79	81
80	81
82	84
82	88
82	89
82	91
82	92
83	85
83	87
83	88
83	89
83	92
84	87
84	88
84	89
84	90
84	92
85	87
85	89
85	92
86	87
86	89
86	91
86	92
87	88
87	89
87	90
87	91
88	92
89	92
90	91
93	94
93	99
93	102
93	104
94	95
94	96
94	99
94	100
94	101
94	102
95	96
95	97
95	98
95	100
95	103
96	97
96	98
96	101
96	102
96	103
96	104
97	98
97	101
98	100
98	101
98	102
98	104
99	101
99	102
99	104
100	102
100	103
100	104
101	103
101	104
102	103
105	106
105	107
105	108
105	110
105	111
105	113
105	114
105	115
106	108
106	114
106	115
107	108
107	111
107	112
107	113
107	114
107	115
108	110
108	112
109	110
109	111
109	112
110	111
110	112
110	114
110	115
111	112
111	113
111	114
112	113
112	114
112	115
113	114
114	115
116	117
116	118
116	121
116	123
116	126
117	118
117	120
117	122
117	125
117	126
118	119
118	123
118	126
119	121
119	123
119	124
119	126
120	122
120	123
120	124
120	125
121	122
121	123
121	124
121	125
121	126
122	123
122	124
122	126
123	124
123	125
124	125
125	126
127	129
127	131
127	133
127	134
127	135
127	136
127	137
128	129
128	130
128	133
128	135
128	136
128	137
129	131
129	132
129	133
129	135
129	136
129	137
130	131
130	132
130	133
130	134
130	136
131	134
131	137
132	133
132	134
132	135
132	136
132	137
133	135
133	136
133	137
134	136
134	137
135	136
135	137
136	137
