\\ machines
6
\\ max power
60
\\ Jobs in machine 1
10
J1	15	13	25	30	0.21909059712800294
J2	15	14	8	7	1.382941764056368
J3	15	7	17	10	1.3076694080666096
J4	13	10	102	9	1.3061556402731702
J5	15	11	106	20	1.3822156736672295
J6	15	8	75	6	1.0285653115920956
J7	15	12	93	15	1.0469930854949325
J8	15	14	41	18	2.4519117555167087
J9	15	14	39	20	1.3447175475232616
J10	14	3	39	15	1.601620532834806
\\ Jobs in machine 2
10
J11	14	4	82	10	1.4608156614270418
J12	14	13	26	15	0.7350826299382631
J13	14	10	91	7	1.1537988290059038
J14	15	10	108	9	1.2241698750733276
J15	14	4	86	23	2.0451854022752007
J16	15	8	81	27	2.2424567149822074
J17	16	14	62	29	1.9981866571513285
J18	15	5	18	16	0.20414782078426763
J19	15	2	92	22	0.5116814249103833
J20	15	13	110	9	1.4196926380806576
\\ Jobs in machine 3
11
J21	15	10	109	6	0.6301483465564416
J22	14	10	39	16	1.6912877148185963
J23	13	5	105	6	2.3480916635303646
J24	15	1	36	7	1.1140192110758596
J25	15	3	32	17	1.4887319334207827
J26	15	2	5	11	1.678344621777966
J27	15	12	97	16	0.2275877707849182
J28	15	9	109	3	0.8833501835774222
J29	13	14	56	5	2.070108733611622
J30	14	4	81	14	1.7318724696805563
J31	16	14	53	26	1.8656019689300356
\\ Jobs in machine 4
10
J32	15	8	14	14	1.7105126937595296
J33	14	8	72	16	1.1317886391216925
J34	14	8	89	24	1.2016116388529454
J35	12	5	103	28	0.9922785221947379
J36	14	3	40	6	1.1662746690526276
J37	15	4	14	14	1.3273639076847596
J38	15	13	46	25	1.005080543767356
J39	14	9	42	28	1.6051719935163578
J40	13	11	69	16	1.3646188627363804
J41	14	8	102	23	1.5936650028421029
\\ Jobs in machine 5
12
J42	14	6	88	11	1.3473986073412991
J43	14	3	78	8	1.581710883372366
J44	15	10	85	30	2.6120027110400996
J45	12	1	17	16	1.340396548849397
J46	15	10	72	20	1.5125073418415695
J47	15	5	28	5	1.9310567823296276
J48	13	8	50	14	1.4991057823795304
J49	16	12	29	12	1.2088019091531033
J50	15	14	36	14	1.2449184309163035
J51	14	3	7	1	1.083512139320684
J52	13	2	84	16	0.2517544180325516
J53	16	1	88	22	1.5267609829170523
\\ Jobs in machine 6
11
J54	14	4	93	8	1.469905790208992
J55	15	14	100	24	0.817895914902464
J56	15	12	6	23	0.9488793465574612
J57	14	1	8	6	1.216511745211385
J58	15	8	9	11	1.2023478199906423
J59	16	5	88	4	0.8861181202548576
J60	15	13	95	21	1.0529199604103183
J61	15	12	5	27	1.9246311636202247
J62	13	14	45	14	1.6511114000240399
J63	16	11	96	17	1.3463363476548933
J64	15	4	89	22	1.4890482524091189
\\ Dependencies 
155
1	2
1	3
1	4
1	6
1	7
1	10
2	4
2	5
2	6
2	7
2	10
3	5
3	8
3	9
3	10
4	6
4	8
4	10
5	6
5	9
6	7
7	8
7	10
8	10
9	10
11	12
11	13
11	14
11	16
11	17
11	19
11	20
12	14
12	15
12	16
12	17
13	15
13	17
13	18
13	20
14	16
14	18
14	19
16	20
21	22
21	23
21	24
21	25
21	27
21	28
22	27
22	30
22	31
23	27
23	28
23	31
24	25
24	27
24	28
24	29
24	30
24	31
25	26
25	29
25	30
25	31
26	28
26	30
26	31
27	28
27	29
27	31
28	30
29	30
29	31
32	37
32	39
32	41
33	35
33	39
33	41
34	37
34	38
35	36
35	37
35	38
35	40
35	41
36	38
36	41
37	38
37	41
38	39
39	40
40	41
42	43
42	44
42	51
43	44
43	45
43	46
43	49
43	50
43	51
44	47
44	48
44	50
44	51
45	46
45	47
45	49
46	48
46	49
46	50
46	51
46	53
47	48
47	49
47	52
48	49
48	50
48	51
48	53
49	51
49	52
50	51
50	52
51	52
51	53
52	53
54	55
54	56
54	57
54	58
54	59
55	57
55	62
55	63
55	64
56	60
56	62
56	63
57	60
57	61
57	62
57	63
57	64
58	61
58	62
58	63
58	64
59	61
61	62
62	63
62	64
