\\ machines
12
\\ max power
120
\\ Jobs in machine 1
11
J1	15	4	70	21	0.7982256196780149
J2	14	1	38	28	1.141702372309099
J3	13	9	45	1	1.3204765239233327
J4	15	1	40	10	0.7639711907967612
J5	15	11	59	27	0.7941837286360314
J6	14	7	76	5	0.8661995527318531
J7	12	11	76	26	1.8377735428428157
J8	15	6	21	12	1.939606546414899
J9	15	2	42	3	1.5651397025209
J10	14	8	4	9	1.116158841168301
J11	15	13	72	2	0.9580584143847045
\\ Jobs in machine 2
11
J12	15	2	88	28	1.7153156674862262
J13	14	5	61	24	0.6927965131102852
J14	13	2	25	17	1.2082451724486623
J15	15	8	37	4	0.9135137675733084
J16	14	6	51	16	1.9323084391676835
J17	13	10	98	20	0.7917680316284528
J18	13	7	59	3	0.7651116975266872
J19	14	14	9	8	0.7072003527107045
J20	15	10	27	28	0.3240498966418961
J21	13	12	74	16	0.870417563429437
J22	14	11	103	19	0.9836250912004977
\\ Jobs in machine 3
11
J23	14	11	28	30	1.4927282749364308
J24	15	4	69	24	1.6414992970000908
J25	15	14	45	22	1.106169121377741
J26	14	13	89	14	1.2647225483417668
J27	15	13	64	16	1.1406059192222384
J28	15	3	9	27	1.6779565943611998
J29	14	9	66	30	1.4647161699613784
J30	14	14	69	11	1.2336049318628892
J31	14	12	97	3	1.0463607593271722
J32	17	14	69	29	1.6467991510297932
J33	15	12	7	10	1.6038242183438822
\\ Jobs in machine 4
12
J34	12	14	11	16	0.5030872354394209
J35	15	4	100	13	2.6556432453669876
J36	15	8	67	13	1.0997256266672393
J37	14	2	93	27	2.0993003040793328
J38	15	6	53	8	0.5594608012080023
J39	14	1	2	21	1.8064929274303942
J40	16	2	14	2	1.02211236204167
J41	13	7	7	29	0.7404169314048362
J42	15	13	102	9	0.8954279074954049
J43	14	5	23	29	1.1801603728178316
J44	14	11	15	2	0.823174219882046
J45	13	13	34	9	1.6850114890288441
\\ Jobs in machine 5
11
J46	14	9	79	13	1.3225854155995553
J47	15	6	106	14	1.238113912803564
J48	16	11	94	4	1.040631036117119
J49	15	5	52	6	1.810344246273349
J50	16	3	84	5	1.3666243467470347
J51	15	12	11	7	0.7856061726337342
J52	14	13	33	2	1.0629839231814637
J53	14	8	22	29	1.270304272879888
J54	14	6	15	30	1.5397394184884152
J55	15	3	54	19	1.175535524112558
J56	16	10	27	30	0.7178095503708262
\\ Jobs in machine 6
12
J57	15	4	50	10	1.1495920644729933
J58	16	1	33	1	1.657407485908268
J59	15	8	2	14	1.3515398590459784
J60	13	14	66	22	2.313328668978973
J61	16	13	96	22	1.356778826461752
J62	15	9	20	21	0.1
J63	15	3	95	20	2.248451645353812
J64	14	7	58	30	0.9163694685125483
J65	14	14	49	19	0.4150292975795523
J66	13	5	40	3	1.0238401403001172
J67	15	12	40	10	1.0656737378370997
J68	16	3	42	24	1.3471762560076057
\\ Jobs in machine 7
10
J69	15	2	6	24	0.6659313781845819
J70	13	10	8	5	1.726543099390076
J71	14	5	83	7	1.957136440710663
J72	14	4	84	16	1.1530959851054887
J73	15	3	58	13	1.5928196287728607
J74	14	9	95	24	0.6189983416515517
J75	13	10	92	21	1.3764543187055942
J76	16	11	77	13	1.8527408462682606
J77	15	12	98	19	0.8484297281559976
J78	15	3	90	1	0.8194190280531892
\\ Jobs in machine 8
11
J79	13	8	92	24	1.0134254831500162
J80	15	11	78	16	1.2569807291268473
J81	15	5	58	22	1.2933821873958
J82	14	10	42	26	1.9201338400152137
J83	15	4	85	14	2.0533353414454427
J84	14	6	87	15	2.037920092524454
J85	15	4	16	1	1.3675365226087572
J86	13	10	41	1	0.9044074366916397
J87	16	12	48	8	0.5550271839800509
J88	15	8	14	10	1.115785903628935
J89	16	8	10	16	0.7878588280607276
\\ Jobs in machine 9
10
J90	13	10	23	30	0.9846714576234865
J91	14	12	104	25	1.8135361946624573
J92	14	1	101	21	2.7358129826823756
J93	14	10	13	27	1.6454613983296653
J94	15	6	19	10	1.1507864261971399
J95	14	10	23	5	1.5381305799792355
J96	14	1	69	16	0.1
J97	14	5	63	25	1.382085270416711
J98	16	5	105	2	1.4839154134438564
J99	16	2	73	11	0.7767458549624453
\\ Jobs in machine 10
10
J100	13	8	52	29	1.4007816038886831
J101	15	14	12	28	1.422469544861288
J102	13	13	107	5	1.0067210481858264
J103	15	5	61	11	1.3761290594434987
J104	14	1	50	10	1.106186791511104
J105	13	8	7	3	1.5612727080912967
J106	16	14	93	14	1.3163115871395767
J107	15	2	10	23	0.5481038054267459
J108	13	6	32	7	1.1204256749293162
J109	13	8	53	23	1.1903864221533198
\\ Jobs in machine 11
10
J110	13	8	38	7	0.9273201170870042
J111	13	3	37	25	2.197205345512107
J112	15	9	24	28	0.8210610155529576
J113	16	7	16	11	1.6698812452181728
J114	16	14	8	7	0.5944680945852557
J115	15	6	75	30	1.4091299179615364
J116	15	7	72	23	0.16412835160680572
J117	15	14	99	12	1.8519332338060037
J118	14	12	90	1	2.100120821122256
J119	14	10	78	11	0.7498832965163321
\\ Jobs in machine 12
11
J120	15	7	55	1	0.8768430778848468
J121	16	14	16	19	1.1114463270480306
J122	15	6	90	28	0.4014083307861006
J123	14	3	67	21	0.4315678002491131
J124	15	2	84	12	1.952731125420172
J125	15	11	44	16	1.2394910123088916
J126	14	7	50	23	1.246708306509406
J127	15	12	80	1	1.3117235819942765
J128	15	5	35	18	2.0417206388725626
J129	16	1	45	30	0.7231306706987878
J130	14	10	81	2	0.6827537073649157
\\ Dependencies 
64
2	7
4	9
5	10
13	21
21	22
23	27
27	32
29	30
34	42
35	36
36	37
36	38
36	39
39	42
39	43
39	45
41	44
46	49
46	51
46	52
47	51
48	54
50	55
51	52
52	53
57	59
57	66
60	65
61	66
62	68
64	65
69	72
69	75
72	76
76	77
79	82
79	85
82	89
83	84
83	89
85	86
85	89
86	89
90	94
90	96
91	93
92	99
95	96
97	98
100	101
100	106
100	107
100	108
102	106
103	106
108	109
111	113
111	119
112	115
112	118
116	119
120	125
123	124
125	126
