\\ machines
15
\\ max power
150
\\ Jobs in machine 1
11
J1	13	3	44	35	0.9039057638011421
J2	14	14	21	40	1.6733674667584666
J3	14	5	81	25	0.9853337445815853
J4	15	5	102	67	1.8702313912290998
J5	14	6	85	51	0.7585393410381452
J6	14	3	106	36	1.2779142306679219
J7	15	5	61	23	1.3575685917599893
J8	14	10	77	2	0.9670258283203549
J9	15	9	36	37	0.9221965938186049
J10	15	14	105	59	1.052208089281542
J11	14	5	28	63	1.4428637746302955
\\ Jobs in machine 2
12
J12	14	8	53	59	1.9475462645098627
J13	13	12	63	8	1.2474663029925097
J14	13	12	41	1	1.9158441769958166
J15	14	4	10	48	1.668249929531403
J16	13	14	74	71	1.8667922427819585
J17	13	9	37	32	1.3469363432557877
J18	15	11	83	18	2.0040789007344073
J19	14	3	20	11	0.8794711436334626
J20	14	8	17	58	1.1533085416668043
J21	16	13	56	53	1.492189324864463
J22	14	10	9	39	1.266264260827043
J23	14	5	39	74	0.6919929543411513
\\ Jobs in machine 3
12
J24	14	4	105	28	1.3606764206259487
J25	14	14	59	10	1.0088065519506524
J26	14	8	79	28	1.2423829432727902
J27	15	9	48	17	0.7976384394507637
J28	12	10	11	62	0.39433458273285726
J29	15	6	53	64	0.2182104534597089
J30	15	13	44	67	1.3277240211540031
J31	15	4	76	36	0.9747975765106883
J32	15	8	79	61	0.9116656862471842
J33	14	12	105	15	0.1
J34	14	10	38	21	2.034647972550861
J35	13	11	43	45	1.7033102926544619
\\ Jobs in machine 4
9
J36	13	1	63	63	0.723809955060283
J37	15	13	26	54	1.3345482145122443
J38	16	8	110	51	2.025723968313324
J39	14	9	18	45	1.5836827677797003
J40	16	12	84	21	1.4077133068078125
J41	15	11	88	44	0.7837259010460784
J42	14	10	107	32	1.4951764588685057
J43	15	5	49	25	1.9552329824935222
J44	14	14	56	11	0.9146630264675373
\\ Jobs in machine 5
11
J45	15	9	34	61	1.4790240429308943
J46	14	11	98	63	1.1949791527222695
J47	17	12	95	70	1.4935811400638679
J48	13	12	93	27	0.8586309304384332
J49	15	9	24	60	0.9215690856991409
J50	12	3	7	35	1.0050612362260878
J51	15	7	20	49	1.846205802786539
J52	16	10	18	53	0.40836654161532737
J53	16	4	92	60	1.2032954700926384
J54	14	11	30	44	1.4127479300129315
J55	14	6	51	41	1.9623756832675
\\ Jobs in machine 6
12
J56	15	9	78	18	1.2412989909746759
J57	15	6	51	1	0.9210062518828006
J58	14	11	3	72	0.9171496151130409
J59	14	8	20	62	0.7411185349737153
J60	14	9	56	32	1.8586928071668116
J61	15	6	103	45	0.9554410471462579
J62	15	12	64	27	1.0343663946709165
J63	15	6	66	24	0.5480313181071638
J64	16	14	94	7	1.261424662397955
J65	15	3	61	32	1.3904257078712232
J66	14	11	61	7	0.583720475121796
J67	15	9	46	13	1.086504203176604
\\ Jobs in machine 7
10
J68	14	3	104	9	1.4078261820924358
J69	14	9	110	9	1.6485604029425982
J70	15	13	62	59	1.4788296900627056
J71	14	6	14	69	0.6115338089092169
J72	15	10	7	5	0.7775278630560098
J73	14	11	60	2	1.3826423834728498
J74	14	9	91	24	1.3034735829352426
J75	14	6	41	20	2.125955924366094
J76	14	8	27	28	1.091006854272367
J77	13	4	40	52	1.726460585935657
\\ Jobs in machine 8
11
J78	14	11	27	69	0.6138982791550431
J79	16	11	53	58	1.337000878226621
J80	14	13	39	10	0.1
J81	16	11	97	40	0.4543836131143605
J82	15	4	10	32	0.9591189696234816
J83	15	9	77	63	1.3745671841562037
J84	13	2	39	32	1.8616402207442677
J85	15	2	16	55	0.8930584352213635
J86	14	13	75	73	1.1191244847549966
J87	16	4	102	61	1.3453711862653102
J88	16	2	23	3	0.11103504954071353
\\ Jobs in machine 9
10
J89	16	10	90	65	0.1
J90	16	11	59	52	1.1958991686744727
J91	15	14	41	71	2.054932145731747
J92	15	13	63	6	1.5429542149465076
J93	15	1	72	36	0.6940801956196763
J94	15	10	82	61	0.3599890596935824
J95	14	4	30	36	1.3708380614543239
J96	13	8	11	42	1.2513917555304013
J97	15	7	62	27	1.4262312241123432
J98	15	1	42	43	0.21037054763595897
\\ Jobs in machine 10
11
J99	13	13	18	69	1.3087052273816822
J100	15	2	62	5	1.026626034161857
J101	13	12	11	73	0.5755368027855656
J102	14	8	99	15	0.1
J103	14	6	41	50	1.3715635501057217
J104	13	10	90	55	2.03289542471839
J105	14	4	101	33	0.788113320717212
J106	15	7	55	61	0.9986961157358829
J107	15	7	32	47	0.6725229133700636
J108	16	3	52	23	0.10525317592825023
J109	13	4	109	62	0.9789383802627756
\\ Jobs in machine 11
12
J110	15	12	76	75	1.2550294061781084
J111	15	6	28	24	1.3909005165456103
J112	15	12	5	59	1.3546307550654708
J113	15	11	7	14	1.559837403599727
J114	14	9	23	31	0.31621879661773766
J115	14	11	38	69	0.9596566757803371
J116	16	10	67	33	0.8162422309857514
J117	14	1	37	38	1.5581549902534872
J118	14	14	85	16	1.0547284700359827
J119	13	8	78	29	0.25862937214290804
J120	14	3	69	47	0.9950367716240219
J121	15	14	12	74	0.735134781933505
\\ Jobs in machine 12
11
J122	14	2	30	30	1.984121421788635
J123	14	6	32	38	1.129900869230158
J124	15	12	95	16	1.4263404594535913
J125	15	2	24	9	1.688499634225614
J126	14	5	68	25	1.60415846708515
J127	16	14	45	61	0.82539150167714
J128	15	5	89	71	1.4004304836361294
J129	15	1	94	67	1.0371891517433154
J130	16	6	71	48	1.3277102249072528
J131	15	2	67	2	1.2814010354917145
J132	16	5	2	18	1.2528606270530465
\\ Jobs in machine 13
12
J133	15	6	39	60	0.46302006687066366
J134	14	8	71	54	1.5618177788714878
J135	14	12	81	7	0.8549555703062668
J136	15	5	78	5	0.8879906321160691
J137	14	9	52	18	0.3599761403808214
J138	14	2	98	61	1.9906993384258702
J139	13	13	10	3	1.6738525973085203
J140	15	14	93	26	1.2956128751971367
J141	13	3	30	19	1.6960546004116321
J142	16	14	44	1	1.7466581888585808
J143	15	2	55	27	1.334231035595315
J144	15	9	3	65	1.739951404017723
\\ Jobs in machine 14
10
J145	14	10	104	25	2.3003367845982936
J146	15	14	50	25	1.4905111834792795
J147	14	14	23	1	1.064858840510321
J148	13	1	26	10	0.9977309328616009
J149	14	2	41	13	1.2778059264852237
J150	16	3	16	40	0.9114031131163084
J151	14	8	52	53	1.0221424924532774
J152	15	11	48	11	1.4578873280243592
J153	15	7	110	72	1.2136546387087765
J154	14	8	53	58	1.2705593405537923
\\ Jobs in machine 15
11
J155	15	7	92	38	0.8340022545050241
J156	15	14	87	45	1.2082854298384929
J157	16	2	106	49	1.2862213355858572
J158	12	9	11	19	1.0839418671484036
J159	14	7	105	48	0.5814583014481198
J160	14	9	22	17	1.3228508388193976
J161	13	8	11	50	0.3818165067181283
J162	16	4	14	67	0.959408284458941
J163	14	9	90	11	1.0360336387077682
J164	15	6	33	35	0.3740403790480058
J165	16	12	11	71	2.0885493666321846
\\ Dependencies 
158
2	3
3	6
3	8
5	8
5	11
6	7
7	8
7	11
8	11
12	14
12	17
12	19
12	23
13	17
14	15
14	20
14	23
15	16
15	17
15	21
15	23
16	20
16	23
18	20
19	20
20	21
24	29
24	35
25	32
26	27
26	28
27	28
27	31
27	32
28	31
28	32
33	34
36	39
36	40
36	44
37	41
38	41
38	42
39	40
39	41
39	43
40	42
42	43
45	52
45	54
46	47
47	49
47	54
47	55
48	53
50	51
53	54
56	60
56	64
57	58
58	59
58	64
59	62
59	63
61	62
61	65
61	66
62	63
62	67
63	66
68	73
69	70
69	71
70	74
70	77
72	74
73	74
74	77
78	83
78	86
80	81
80	85
80	86
81	88
82	83
82	87
83	86
84	85
85	87
89	97
89	98
90	91
90	93
90	94
92	93
92	98
94	95
94	96
96	98
99	105
100	103
100	109
101	103
106	107
106	109
110	111
110	114
110	117
111	117
113	114
114	115
114	118
114	121
115	117
115	118
116	121
117	118
118	120
122	125
122	128
122	130
122	131
123	131
124	127
124	129
125	126
126	131
126	132
127	130
129	132
131	132
133	134
133	142
133	144
134	140
136	139
137	138
137	140
138	139
138	140
138	141
140	144
145	154
147	148
147	154
148	149
148	151
148	153
148	154
149	150
151	154
152	153
155	158
155	162
156	164
157	159
159	160
161	165
