\\ machines
20
\\ max power
200
\\ Jobs in machine 1
12
J1	15	1	100	10	1.2885870293003252
J2	13	3	67	50	1.8607067797233188
J3	13	9	108	47	0.9774591193362104
J4	17	1	43	49	0.6392433980980782
J5	16	6	5	30	1.1352919712194143
J6	15	5	37	8	0.33765900551643635
J7	15	4	76	50	1.1627439500698487
J8	16	9	53	17	2.1116128540505543
J9	14	9	110	50	2.1176807261565886
J10	16	9	3	35	1.0117150318470212
J11	16	10	2	3	0.41979721634006506
J12	14	3	109	47	0.35249646459394635
\\ Jobs in machine 2
10
J13	15	5	18	13	1.2318222642119647
J14	14	11	108	28	1.03493259247621
J15	15	13	96	25	1.1529475659689497
J16	15	2	39	36	1.440336954854703
J17	15	1	19	42	1.0007412226590087
J18	14	7	97	18	1.054558360883356
J19	13	3	78	9	2.1106874249353798
J20	15	9	70	39	1.392351954999561
J21	14	12	72	44	1.463405331786943
J22	14	8	76	34	1.184543113091053
\\ Jobs in machine 3
10
J23	13	11	75	40	0.5548842346252875
J24	14	11	86	36	1.1049165595082564
J25	15	7	77	40	1.0462746154175755
J26	16	6	52	40	1.7117120079219734
J27	14	2	60	43	1.1339819387608518
J28	12	5	98	11	2.059008739731657
J29	17	10	67	40	1.2855146744995074
J30	14	14	7	25	1.4528877447202517
J31	15	10	96	26	0.22922861359907643
J32	15	3	83	37	1.0803240561809808
\\ Jobs in machine 4
9
J33	14	12	4	43	1.1495083365441654
J34	15	8	58	20	1.4337429125270962
J35	15	14	20	19	0.7919078479443696
J36	18	10	62	29	0.7708794746766292
J37	13	13	44	19	1.6623106279527893
J38	14	5	56	10	1.6232889079848958
J39	14	11	83	7	0.9115553280117353
J40	13	14	3	22	0.6957319264913544
J41	14	1	7	18	0.5365463574811129
\\ Jobs in machine 5
10
J42	15	6	45	48	1.7078087550104073
J43	15	6	27	2	1.342252078909845
J44	16	9	88	48	1.6780360762246276
J45	14	2	11	34	0.8439840707305519
J46	14	12	85	35	1.6412700070912882
J47	14	10	91	17	0.5419153523870415
J48	13	10	106	32	1.2771771496009419
J49	13	2	102	11	1.4188312313879115
J50	14	3	25	25	0.9538941551774309
J51	14	3	39	6	1.2723070663508866
\\ Jobs in machine 6
10
J52	15	3	58	11	1.024649356279499
J53	13	11	26	25	0.23818894753651232
J54	16	3	83	14	1.198484521120706
J55	16	1	82	42	1.1727954019288733
J56	16	8	62	21	1.3529430111672518
J57	15	10	51	42	0.8201007390400921
J58	15	3	33	22	1.2391404974102185
J59	15	7	23	16	1.856232218073493
J60	13	8	22	6	0.34290568694458423
J61	13	2	57	27	1.5404817875847145
\\ Jobs in machine 7
11
J62	15	6	39	40	1.9788523134162417
J63	14	10	4	42	0.7815458662051729
J64	14	7	61	44	0.7690717763387882
J65	14	3	19	25	0.8818563440068974
J66	15	9	35	39	2.13984791023307
J67	14	11	75	3	2.1019945204664
J68	14	11	35	40	1.1747144385286128
J69	13	12	46	33	0.6977177908006881
J70	13	8	7	42	1.0485852704529774
J71	15	8	43	16	0.9499388114582142
J72	14	13	19	15	0.4092561885462197
\\ Jobs in machine 8
10
J73	15	2	107	24	2.114121863687714
J74	14	3	104	47	1.4214889074003445
J75	15	12	34	28	1.073430821482179
J76	15	1	98	18	1.9718580182093555
J77	14	14	38	30	0.7851196093773715
J78	13	11	2	6	1.6423016647160456
J79	16	4	77	46	0.8072541469790006
J80	13	6	19	50	1.4276141761148893
J81	13	9	8	8	1.0173864855619932
J82	15	7	37	18	1.059963368088387
\\ Jobs in machine 9
11
J83	14	14	30	6	1.3344905421745648
J84	14	9	12	34	1.535845757682865
J85	14	13	17	12	1.2938728226869376
J86	16	4	47	33	1.0288633045269207
J87	15	6	84	38	0.8235943692916876
J88	14	8	17	27	0.1
J89	15	1	23	5	1.349839834562395
J90	15	3	109	8	1.113103453560152
J91	15	9	24	50	1.0969889362536007
J92	14	14	79	6	1.5019739694071892
J93	16	8	42	5	1.2541654721631081
\\ Jobs in machine 10
13
J94	15	3	99	44	1.369445790661911
J95	15	6	36	36	1.0145193976730895
J96	13	8	18	20	1.8666531087862692
J97	13	4	44	46	1.5986321500894332
J98	16	7	107	46	1.020202521010377
J99	15	10	24	12	1.7208664392021609
J100	14	11	30	23	1.4513360127041357
J101	13	5	79	27	1.4376800761645514
J102	16	2	30	40	0.19366189289779467
J103	16	5	35	50	1.8950062483566463
J104	13	1	109	44	2.089520661460429
J105	16	8	89	26	0.9845435353345633
J106	15	14	63	16	0.522999468100766
\\ Jobs in machine 11
12
J107	15	7	100	5	1.7817138834899695
J108	16	9	96	50	0.6621138212119005
J109	16	3	90	28	2.151496842246896
J110	14	4	50	46	1.291948185458673
J111	16	7	88	35	0.7401589597863922
J112	16	6	17	19	0.48491691528913317
J113	15	9	102	2	1.9624931299657515
J114	14	7	13	34	1.6190852190721845
J115	14	1	53	4	1.5080019070705522
J116	14	2	44	8	1.2009754981082372
J117	12	8	25	21	1.063966530908979
J118	13	2	24	37	1.484217440738794
\\ Jobs in machine 12
12
J119	14	7	58	26	0.5539040688540761
J120	15	6	47	38	0.7776244758798029
J121	14	4	13	14	1.087121772087946
J122	16	9	99	18	0.7095712927556441
J123	13	3	30	36	1.832728567094997
J124	14	7	54	28	1.0350004345539991
J125	13	5	61	22	1.0864454598715514
J126	17	5	83	42	0.671288362495014
J127	14	9	17	26	0.6720645322058706
J128	14	12	43	32	0.4300099930323179
J129	15	14	34	23	1.9252938517488944
J130	15	2	67	24	1.6344623746532867
\\ Jobs in machine 13
10
J131	15	4	63	41	2.3026410478584083
J132	15	1	85	47	1.1061920769033533
J133	15	2	69	20	1.396624195224712
J134	13	10	46	23	1.1019486987097842
J135	16	14	90	24	1.5392448638784648
J136	14	3	50	44	1.0052833413190452
J137	15	11	72	3	1.6130285369391666
J138	16	5	21	10	0.4984397269916323
J139	14	1	35	16	1.6055062738511776
J140	13	2	11	7	0.6167160979598724
\\ Jobs in machine 14
11
J141	13	9	37	31	2.0503381653025494
J142	16	4	86	2	1.3014902038707468
J143	14	5	102	22	2.219307125096857
J144	15	5	50	15	0.22075912352262772
J145	14	8	95	41	1.277649152009079
J146	14	11	39	16	0.9346736638543186
J147	16	10	90	10	1.3557775204223803
J148	13	7	91	45	1.1924244301857518
J149	13	11	79	15	1.1814482923336909
J150	15	8	102	38	1.9752852211624754
J151	16	5	60	9	0.48967593185753366
\\ Jobs in machine 15
10
J152	14	3	70	25	0.2622096100274892
J153	15	8	10	13	1.0285021785632131
J154	14	7	94	35	1.2284726786212923
J155	15	4	55	3	1.618560629264155
J156	16	2	70	34	0.1
J157	15	7	4	11	1.1500806545042692
J158	14	7	97	8	0.5147002438441396
J159	16	5	6	35	0.729122082635379
J160	15	6	105	49	1.776566032360321
J161	14	11	87	50	0.7474877272049987
\\ Jobs in machine 16
12
J162	13	6	48	47	1.1020246046802875
J163	14	12	26	30	0.7895995198696202
J164	14	11	14	6	0.17869014003270256
J165	12	6	8	45	0.5976745472047451
J166	14	10	53	42	1.3120176684672809
J167	13	1	34	48	1.539345645524695
J168	13	12	45	24	1.4094961737138927
J169	16	10	95	19	1.2977718819064021
J170	13	9	44	40	1.767666286640582
J171	16	10	73	35	0.5909115113926275
J172	16	5	42	30	0.8864387228647692
J173	15	9	51	43	0.9806818259239316
\\ Jobs in machine 17
10
J174	15	11	89	35	1.2184408353439173
J175	17	12	44	46	0.4100314790520715
J176	15	11	6	47	0.9176886184557895
J177	14	9	71	26	1.0681404356656439
J178	13	2	71	44	0.45694860945116345
J179	16	6	78	44	0.6951277207680987
J180	14	10	16	5	0.5510814402563889
J181	16	6	67	46	0.5606727501119904
J182	15	5	99	23	1.2495637751186037
J183	14	11	46	20	0.8869684756752567
\\ Jobs in machine 18
12
J184	15	7	18	39	1.1250209450393471
J185	15	9	92	48	0.8097504075974158
J186	16	9	48	36	1.0173248412990594
J187	12	4	92	42	0.9113279683278626
J188	13	12	25	32	1.8114448165461816
J189	15	11	37	17	1.3098929097972527
J190	14	3	14	44	0.7966888000929405
J191	15	12	104	40	1.1723570306468645
J192	14	6	60	25	1.1716604548654224
J193	14	14	66	33	0.8580025773398217
J194	14	10	26	20	0.3469154116951225
J195	14	6	37	49	1.2713092882979862
\\ Jobs in machine 19
12
J196	13	3	100	20	0.774243121160618
J197	14	6	30	25	0.7287186651043349
J198	14	1	15	4	1.0010533650636666
J199	15	7	89	1	1.2049180342641188
J200	15	13	48	49	1.8506678857336443
J201	15	10	81	45	1.1318128156991938
J202	14	14	104	30	1.2442709655486803
J203	14	11	62	33	0.48081953976311176
J204	15	1	33	43	0.17933789790535148
J205	15	9	37	50	1.1578893528115415
J206	14	5	109	37	2.2284766953422612
J207	15	12	93	29	1.3869713607522483
\\ Jobs in machine 20
11
J208	14	4	87	36	1.1298544769997712
J209	15	5	104	17	1.2352220643150242
J210	16	7	78	35	1.3509483602507089
J211	15	4	102	10	0.9207090395088648
J212	14	12	31	9	1.2939574534923186
J213	16	11	37	41	0.18089559403988176
J214	14	11	37	20	0.9736386129733114
J215	16	10	57	35	1.750579041044129
J216	14	14	16	22	1.8005242540925688
J217	12	11	25	21	1.5245728187411447
J218	14	7	102	20	1.6576535837656574
\\ Dependencies 
121
1	6
1	8
2	3
2	6
4	10
5	11
5	12
7	10
8	9
9	11
13	20
15	18
15	19
16	20
16	21
18	20
18	22
19	20
20	22
23	24
24	28
24	32
25	27
25	30
25	31
34	37
37	38
38	39
42	44
44	51
46	51
50	51
52	61
57	60
57	61
58	61
62	67
63	70
65	66
73	80
74	76
77	81
79	81
80	82
84	87
84	90
86	87
86	93
87	90
87	91
90	93
91	93
94	98
94	104
94	105
97	102
98	103
98	105
100	102
100	104
107	117
108	109
108	113
109	111
109	112
112	116
113	117
119	124
120	121
120	130
121	125
122	127
127	130
132	135
133	140
135	139
141	144
141	149
143	149
144	145
144	151
145	148
162	164
162	168
163	164
163	167
163	168
163	171
164	165
164	169
164	170
166	170
174	177
174	179
174	182
175	183
176	177
176	181
179	183
185	190
186	187
186	191
187	188
188	190
189	192
196	201
196	205
197	205
199	206
204	205
205	206
208	209
208	210
209	216
211	213
211	214
211	217
212	213
212	217
212	218
217	218
