\\ machines
8
\\ max power
80
\\ Jobs in machine 1
11
J1	15	1	101	57	1.088076635153297
J2	14	10	10	17	0.8248617318720245
J3	16	14	10	48	2.133400158898877
J4	16	2	7	8	1.6965732992700264
J5	13	10	103	24	1.373671694511094
J6	14	8	50	2	1.2243798744258274
J7	15	9	49	45	0.7836947023181882
J8	14	1	49	52	1.0909621717410187
J9	15	13	33	15	1.6286114616341845
J10	14	4	46	23	1.4882732015605353
J11	14	12	62	41	0.26840514824624795
\\ Jobs in machine 2
11
J12	14	11	70	38	1.8961453274635898
J13	16	2	77	35	0.8737090259923919
J14	15	14	5	44	0.8719466867124794
J15	15	1	105	53	0.7786346382455875
J16	15	13	99	49	1.5978455100320987
J17	17	10	3	10	0.5654218131358776
J18	15	13	100	55	0.8413167544506257
J19	13	3	105	57	0.6811648917239248
J20	14	3	6	27	1.6534199292786105
J21	14	4	22	52	1.622695685906649
J22	15	9	102	18	1.2497711549396378
\\ Jobs in machine 3
10
J23	15	1	78	27	0.6333629522420048
J24	14	12	17	56	1.433074992499294
J25	15	3	49	26	1.3288946695703383
J26	16	10	80	45	1.1152899862587935
J27	14	14	98	13	2.089320555627696
J28	12	14	46	59	1.0446514894691217
J29	15	4	3	37	0.7195248237180697
J30	15	13	48	21	1.1992282507715593
J31	15	7	100	21	1.0908432571817714
J32	15	10	6	13	0.3721052533976458
\\ Jobs in machine 4
11
J33	13	7	44	7	1.1618898804351065
J34	15	9	41	13	1.596553191406589
J35	13	13	107	57	0.5601725516969092
J36	17	13	75	12	0.48108012259849986
J37	15	4	18	26	1.2883202921265415
J38	14	5	11	6	2.085985837601235
J39	14	14	3	30	0.9404986609019386
J40	15	13	84	4	1.6070475686243175
J41	15	10	110	29	1.2675131600895324
J42	14	2	81	34	1.447448198904399
J43	12	5	37	9	1.3429896086239663
\\ Jobs in machine 5
10
J44	15	6	59	1	1.0725993237883835
J45	14	1	90	45	1.4961064263979833
J46	15	1	40	34	1.218747243469411
J47	14	12	31	22	0.8983180041984402
J48	14	1	109	19	1.3797608633829495
J49	16	9	78	6	1.1125014178564154
J50	16	2	4	9	1.3900388413909543
J51	15	11	12	45	0.9703264384654543
J52	16	8	21	38	0.7482082354939762
J53	16	1	62	10	0.9435764942137547
\\ Jobs in machine 6
11
J54	15	5	74	6	1.1793065704153778
J55	16	7	46	28	1.4284857453948048
J56	14	7	71	18	1.4982271846736352
J57	16	1	75	9	1.3571781014955235
J58	14	9	75	11	1.5359187322134304
J59	15	14	32	29	1.7291600082481513
J60	17	2	94	45	0.6333511843287517
J61	14	9	84	2	1.2497889820441122
J62	15	6	103	2	0.8604736489383211
J63	15	10	77	1	0.9302033876464422
J64	14	6	69	12	1.4356161920459534
\\ Jobs in machine 7
12
J65	15	8	67	56	1.0099850231218628
J66	14	13	23	50	2.129463222203703
J67	14	6	8	24	1.5936141975550748
J68	14	7	86	23	1.3133684925197027
J69	15	14	48	28	0.1
J70	13	2	58	3	0.9817320162349097
J71	17	3	38	59	0.4077804741490424
J72	13	11	48	50	0.8924065838971665
J73	15	8	69	5	1.8435292095310605
J74	15	6	12	37	1.4699114366464654
J75	15	1	60	47	2.781627904379867
J76	16	9	89	49	1.0808949691680088
\\ Jobs in machine 8
11
J77	14	7	34	25	1.1305361465547765
J78	14	4	26	2	1.5399815816262472
J79	16	1	23	23	1.417158131871314
J80	13	8	85	25	2.447458970279907
J81	14	14	80	49	0.8416232692565231
J82	13	6	19	47	0.6262449384042563
J83	13	14	98	41	0.49651047947688465
J84	14	1	79	37	1.095168693730016
J85	14	8	28	22	1.1171523432488486
J86	14	3	58	19	1.9463646716388188
J87	15	5	100	16	0.5879708579228207
\\ Dependencies 
124
1	2
1	5
1	7
2	5
2	7
3	5
3	8
3	9
3	10
3	11
4	7
4	10
5	6
5	8
5	9
5	10
7	8
9	10
12	13
13	17
14	15
14	22
15	17
15	19
16	17
16	18
17	19
18	20
20	21
21	22
23	24
24	26
24	27
24	28
24	29
24	31
25	29
26	27
26	31
27	30
28	30
28	32
29	30
33	40
35	36
35	38
35	39
35	40
36	38
36	40
36	41
37	41
37	43
38	41
38	43
39	41
39	43
40	41
40	42
44	53
45	53
46	47
46	48
46	49
46	50
46	53
47	49
47	50
47	53
48	49
48	50
48	53
49	50
54	59
55	56
55	62
55	64
56	58
56	61
56	62
56	63
56	64
57	63
58	62
59	60
59	63
60	61
60	62
60	63
61	64
65	66
65	67
66	69
66	75
67	69
67	74
67	76
68	71
68	72
68	75
68	76
69	71
69	73
70	72
70	75
71	76
73	74
75	76
77	78
77	81
77	83
77	86
78	79
78	80
78	81
78	82
79	82
80	82
80	83
80	86
81	83
81	84
82	84
85	86
