\\ machines
10
\\ max power
100
\\ Jobs in machine 1
11
J1	13	8	42	17	2.2720804266215042
J2	13	9	56	2	0.7710408378344704
J3	14	13	46	13	1.5828327916507496
J4	16	11	20	25	0.8507739957198287
J5	16	2	30	5	0.887763699740099
J6	15	3	63	18	1.34491805234358
J7	16	8	48	15	1.2170192774946342
J8	14	2	81	5	1.214023049842643
J9	15	5	38	23	1.0678339223156368
J10	16	13	2	17	1.1594481591901513
J11	15	4	90	21	1.3296141222123783
\\ Jobs in machine 2
10
J12	14	11	19	1	1.6903415841706968
J13	16	11	52	5	0.1
J14	15	12	66	10	0.49003775983096565
J15	14	4	13	11	1.4207285008931578
J16	15	6	12	3	1.0690508902157296
J17	15	4	16	18	1.330305911579567
J18	14	10	107	12	0.6025616704403693
J19	14	8	77	22	1.1451542982747422
J20	13	13	72	24	0.6521845108466479
J21	13	9	10	3	1.255967049383716
\\ Jobs in machine 3
9
J22	17	9	67	3	0.8879252025908368
J23	14	2	52	22	0.8769335201533135
J24	14	3	69	20	1.3147613841115615
J25	15	6	107	18	0.9689876907222885
J26	12	1	2	20	1.1130469197547013
J27	15	11	18	15	0.40929096698105627
J28	14	14	36	17	1.3949425744971928
J29	14	1	22	21	0.8597258384976352
J30	15	11	44	17	0.6614233340894
\\ Jobs in machine 4
10
J31	16	13	8	14	1.227424175767051
J32	14	5	3	11	2.6573074143494098
J33	13	7	43	24	1.0618175786181034
J34	14	11	102	5	1.323172070555562
J35	14	2	57	12	1.3940390802467046
J36	15	5	33	24	1.17260774855961
J37	16	8	72	22	1.8904070738017682
J38	12	5	60	14	0.5572301352446176
J39	13	11	101	14	0.6295417049896468
J40	14	4	78	5	1.5118497176619363
\\ Jobs in machine 5
10
J41	15	8	71	4	0.8804352468654548
J42	16	6	100	11	1.2121802005672382
J43	14	12	67	5	2.022939011642354
J44	14	14	9	23	1.556221339045
J45	15	14	93	8	1.1473089984846483
J46	14	13	62	3	1.2048054210521086
J47	14	14	7	4	1.1146533115774235
J48	16	6	18	2	1.188485650333345
J49	16	14	103	14	0.9829445774191545
J50	14	12	102	25	2.0001684795368244
\\ Jobs in machine 6
10
J51	15	5	50	11	1.1863896916328975
J52	15	10	55	21	0.49994555776711047
J53	14	10	11	14	1.005031074415966
J54	15	14	61	14	1.3941811403500972
J55	14	14	12	24	1.670156728044542
J56	15	2	74	4	1.2467612532744297
J57	13	7	62	25	1.191228094187133
J58	16	10	41	18	0.44230595852265564
J59	15	11	20	18	1.237416801035353
J60	13	2	20	10	1.8602187890910291
\\ Jobs in machine 7
9
J61	14	10	94	8	2.097132690158431
J62	15	11	77	15	1.779387459817618
J63	14	6	23	6	1.1637256303717816
J64	14	10	101	2	1.55489054291243
J65	16	7	89	16	1.1371413933091117
J66	14	4	65	17	2.3235622194401424
J67	15	1	75	13	1.057520069527193
J68	15	9	104	19	0.1
J69	14	12	76	1	1.1874391903282229
\\ Jobs in machine 8
11
J70	17	4	31	24	0.9806111232876259
J71	15	2	11	17	0.916432491276204
J72	13	4	84	24	1.5626307009334548
J73	17	11	45	3	1.5706855875205006
J74	13	14	27	3	0.6323972373933501
J75	14	5	99	22	0.1405158007568048
J76	14	9	13	6	0.8374067430476319
J77	13	10	29	18	1.0527134638775721
J78	14	5	102	15	1.2219740756995994
J79	14	1	91	15	0.9780188582579539
J80	15	14	76	12	1.205648329622299
\\ Jobs in machine 9
11
J81	13	4	66	3	0.444402664125347
J82	15	11	23	19	1.4965164382699507
J83	14	2	41	16	1.1129976336936325
J84	13	8	14	11	1.1636396949665488
J85	12	11	27	11	1.7557858964791246
J86	15	3	48	25	0.1
J87	16	7	57	19	0.713194883265472
J88	15	10	10	3	1.0828361115754346
J89	13	2	26	21	2.011753813564367
J90	16	1	25	11	1.5131554751503513
J91	14	9	43	3	1.7625029382799742
\\ Jobs in machine 10
10
J92	15	4	32	7	0.7505834168598114
J93	13	8	63	11	1.163938325403082
J94	16	13	79	6	0.23021532693869173
J95	12	3	78	23	1.2286647895282243
J96	14	9	9	18	2.228520877849777
J97	15	12	46	18	1.2436227036466465
J98	15	5	43	4	1.0908014209349273
J99	13	4	11	3	1.406357901616973
J100	16	12	40	23	0.4674001063439037
J101	14	6	32	21	1.3020341800231359
\\ Dependencies 
139
1	3
1	4
1	7
1	11
2	5
3	7
4	5
4	9
5	9
6	7
7	9
7	10
7	11
8	10
8	11
9	10
12	18
12	19
13	19
13	21
14	21
15	17
15	18
15	20
15	21
16	17
18	19
18	21
22	25
22	26
22	28
24	25
24	26
24	28
24	29
25	29
26	27
26	28
28	29
31	36
31	39
31	40
32	35
32	37
32	39
33	37
34	36
34	37
34	39
35	38
35	40
37	38
41	42
41	47
42	44
42	46
42	47
43	46
43	47
44	48
45	49
49	50
51	52
52	56
52	57
53	57
53	59
54	55
54	56
54	57
54	58
54	60
55	59
57	60
58	59
61	62
62	64
62	67
62	68
63	65
63	66
64	65
64	67
64	68
66	67
70	71
70	72
70	78
71	73
71	74
71	80
72	74
72	75
72	80
73	74
73	75
73	80
75	79
75	80
76	79
76	80
77	78
77	79
78	79
78	80
81	82
81	86
81	88
82	86
82	88
82	89
82	90
84	85
84	87
84	89
85	86
86	88
86	90
86	91
87	90
87	91
89	90
89	91
92	93
92	95
92	97
92	100
93	95
93	96
93	97
93	99
94	100
94	101
95	97
95	99
96	100
97	99
97	100
97	101
