\\ machines
5
\\ max power
50
\\ Jobs in machine 1
11
J1	16	12	12	9	1.442376675064821
J2	14	8	46	10	1.5228817050382277
J3	14	2	80	5	0.29288703280332395
J4	15	11	73	3	1.0304854860875399
J5	15	14	4	6	0.9964635250296463
J6	14	9	57	8	0.6996600179188177
J7	15	9	36	8	0.8408182073013909
J8	15	14	89	2	1.8862104290183621
J9	14	1	36	10	1.525608512773432
J10	13	10	36	12	1.454732684715149
J11	16	9	72	5	1.5631669386460418
\\ Jobs in machine 2
11
J12	16	3	108	3	1.3929206578985358
J13	16	4	23	9	2.3595302199190566
J14	14	3	84	6	1.0929195283320134
J15	16	6	37	8	1.7575669044296018
J16	15	3	15	2	0.8407174347978106
J17	12	4	37	6	1.0882830946610353
J18	15	3	31	8	0.9746815785854996
J19	15	6	48	9	1.6352522800233111
J20	14	4	102	11	2.2990374030268144
J21	14	12	78	13	1.7604599576718982
J22	15	14	84	5	0.8650701796359639
\\ Jobs in machine 3
10
J23	16	2	73	3	1.3584696294886451
J24	16	2	26	6	1.186112356539545
J25	16	13	50	5	0.17466127111011365
J26	15	2	86	8	1.1698106388692802
J27	14	10	49	4	1.4753043721550956
J28	15	13	108	7	1.0607132752223873
J29	14	11	5	8	0.7444601115109737
J30	15	4	56	2	0.4204115112189468
J31	14	4	32	3	0.4598592358189699
J32	14	1	47	6	1.6032505910304453
\\ Jobs in machine 4
13
J33	14	4	42	8	1.8474741033939281
J34	14	11	63	5	1.5168174478021577
J35	14	7	90	11	1.0619587288511734
J36	14	4	24	11	0.8843188303338336
J37	14	4	109	11	1.6642552154550974
J38	15	14	33	12	0.602664700660344
J39	13	3	56	10	0.6559540397993843
J40	14	6	5	4	1.797491762621092
J41	14	6	66	8	0.8607057209045299
J42	13	12	98	9	1.8238473002555278
J43	15	1	9	9	0.9739910514883943
J44	13	9	93	10	1.9065696675267279
J45	15	14	22	4	1.3441030803002019
\\ Jobs in machine 5
12
J46	15	7	5	5	0.4281314102340613
J47	13	5	98	9	1.2562776678188416
J48	15	1	5	10	1.1311893338076926
J49	14	3	42	7	2.4059598945226464
J50	15	9	83	2	0.6305981737373759
J51	15	2	70	6	1.545826971170164
J52	13	2	2	2	0.7794201096036071
J53	15	8	96	8	1.6263374084788071
J54	15	4	69	12	1.0430238927349904
J55	16	13	90	13	0.7253995880721056
J56	14	7	37	10	2.0469968244058663
J57	16	2	46	3	0.6935054660033361
\\ Dependencies 
54
1	2
1	3
1	5
2	7
2	9
3	5
3	8
5	10
5	11
12	15
15	16
16	22
18	19
19	22
20	21
21	22
23	24
23	28
23	31
24	29
25	28
25	29
25	32
26	30
27	31
28	31
28	32
29	31
30	32
33	35
33	37
33	43
35	36
35	38
35	40
35	41
37	41
37	43
37	45
39	40
40	42
41	44
44	45
46	47
46	53
46	54
47	48
47	56
49	53
52	53
53	55
54	55
54	56
56	57
