\\ machines
9
\\ max power
90
\\ Jobs in machine 1
12
J1	15	5	2	5	1.014441453482369
J2	15	9	35	37	0.9482563759647545
J3	15	3	26	18	1.2591193483675744
J4	15	5	91	38	0.6775091575584892
J5	15	12	13	21	1.7285106169258642
J6	15	2	80	4	1.2795965764614752
J7	13	14	74	21	1.0007709476969127
J8	16	12	60	34	0.15721666605611917
J9	15	11	74	16	1.6459370629084737
J10	14	11	24	8	0.2868749688813378
J11	15	7	100	3	0.6296456552260423
J12	17	14	66	13	0.9201103301699818
\\ Jobs in machine 2
10
J13	15	5	60	19	1.2746056405297352
J14	14	14	63	26	1.1119682808870026
J15	15	6	32	42	1.6484852201297944
J16	14	7	49	24	1.165378418615922
J17	15	4	28	8	1.079425971349383
J18	15	8	65	14	0.5722794528034907
J19	16	5	63	1	2.0733389917795724
J20	16	5	61	41	1.3364208318894293
J21	13	8	78	25	1.6162309189175723
J22	13	9	90	25	1.286674317455906
\\ Jobs in machine 3
11
J23	13	10	57	25	1.0677643925666034
J24	13	8	28	27	0.9146444592990426
J25	15	13	64	38	0.9769771688439017
J26	12	14	77	14	1.1520608904838725
J27	13	3	38	33	1.5110127864237168
J28	15	8	43	21	2.236212711498608
J29	15	10	102	15	1.309212021582598
J30	16	9	72	17	0.47905888761100146
J31	14	9	64	16	0.6807022705172123
J32	15	10	108	9	1.0170428873611972
J33	16	12	97	45	1.5576677917536457
\\ Jobs in machine 4
8
J34	15	1	8	25	1.1275954221925355
J35	14	3	13	4	1.4992962233059166
J36	15	11	107	33	1.975258803036716
J37	15	2	76	33	0.98760368121419
J38	16	2	46	5	0.8945155886893339
J39	15	6	28	36	1.218037340842054
J40	17	13	109	9	0.824958319959476
J41	15	2	22	25	2.0865561827431973
\\ Jobs in machine 5
11
J42	14	13	53	38	1.1537507724613212
J43	15	13	105	38	1.019263976353515
J44	14	3	7	24	1.744995932369942
J45	16	1	14	41	1.1818581662333698
J46	14	7	57	41	0.9637610200196747
J47	15	6	5	43	0.706861640904523
J48	14	9	46	16	0.7104152832320567
J49	15	12	25	10	2.050371572617564
J50	12	8	9	9	0.9711909535887758
J51	16	4	3	15	1.1171409188408026
J52	15	3	84	19	1.5053394160784852
\\ Jobs in machine 6
12
J53	15	10	67	37	1.849549672056331
J54	14	12	69	22	1.1548516397028423
J55	13	11	15	5	1.9993829777864898
J56	16	10	22	2	1.5703770475017325
J57	14	10	76	37	1.8443770723875832
J58	15	11	74	41	0.3163823967564513
J59	14	8	51	40	1.0647436520590472
J60	14	2	84	3	2.472801962471173
J61	14	7	98	14	1.1001627729391037
J62	14	1	79	12	0.31984983773171793
J63	15	5	51	2	0.9656937734964725
J64	14	6	105	8	0.5040123127072824
\\ Jobs in machine 7
9
J65	16	2	84	41	0.14867064513915573
J66	16	6	43	27	1.8314811172771859
J67	15	7	91	36	0.44683595464325077
J68	14	2	73	5	1.0510252356743892
J69	16	10	3	13	1.248947961250373
J70	14	1	24	36	1.2130557324664564
J71	14	12	57	7	1.2023156403214514
J72	14	2	66	18	0.9703389257363483
J73	16	5	9	6	1.3617420042192179
\\ Jobs in machine 8
11
J74	14	13	15	25	1.2933727555492287
J75	17	2	43	41	0.7656610244736164
J76	14	4	103	40	1.4354114572741865
J77	15	8	81	11	1.4552807395849214
J78	16	10	35	36	0.16151484064386823
J79	14	5	90	11	0.874623541838288
J80	14	1	82	31	1.1743016036022338
J81	14	2	38	7	1.1163143766770147
J82	14	14	50	33	0.2280549312192084
J83	15	11	90	18	0.3945013191297795
J84	15	5	32	32	1.1251586600598067
\\ Jobs in machine 9
14
J85	15	12	82	19	1.3196898617568742
J86	13	13	59	6	0.8361080851049838
J87	15	13	69	38	1.4242943501107366
J88	16	13	3	23	1.6359977783003747
J89	15	8	73	30	1.181858144945928
J90	15	3	23	45	1.633394145808666
J91	16	8	11	34	0.9803770293041382
J92	15	2	2	30	0.6462610867447699
J93	15	1	16	19	1.7985155652042333
J94	14	13	84	25	1.2738750876577403
J95	15	12	77	8	0.9243387202340125
J96	13	10	83	10	1.4416821929283954
J97	14	3	93	14	1.0918550321925695
J98	16	5	10	41	1.0832514841098884
\\ Dependencies 
105
1	2
1	3
1	4
1	6
1	7
1	9
1	10
2	8
3	8
3	10
4	10
4	11
4	12
5	8
5	11
5	12
6	7
7	11
9	10
10	11
14	16
15	20
16	20
18	19
19	21
23	28
25	33
26	28
26	30
26	33
27	28
27	33
30	33
32	33
36	39
37	38
37	41
42	43
42	46
43	47
43	48
44	49
45	51
46	49
46	52
47	49
47	50
47	51
47	52
53	54
53	55
54	64
55	63
56	61
57	61
57	63
59	64
60	63
61	64
62	64
65	72
66	67
66	70
66	73
67	70
68	69
68	71
68	73
69	71
70	73
71	72
71	73
74	76
74	84
75	76
75	77
75	79
75	83
76	77
76	80
76	81
76	83
77	79
79	81
79	82
80	83
81	83
85	88
85	91
85	93
86	91
86	98
87	93
87	97
88	89
88	93
88	94
89	90
89	94
89	96
89	98
90	93
91	93
91	97
94	95
