\\ machines
25
\\ max power
250
\\ Jobs in machine 1
10
J1	15	14	58	7	1.5418935340373214
J2	13	10	11	70	1.2391007875210542
J3	13	10	83	44	1.950924346286837
J4	15	3	91	116	1.2134660525529708
J5	15	3	7	32	2.103753228396428
J6	14	6	110	124	1.596526537519112
J7	16	7	20	37	1.093841599694195
J8	13	7	109	67	1.6205306281001757
J9	14	1	89	93	0.9791087002962093
J10	14	14	29	68	1.1538086250926651
\\ Jobs in machine 2
11
J11	13	3	93	118	1.5965563315441949
J12	15	5	105	100	0.8377586881351636
J13	15	11	23	35	1.540821298407299
J14	14	3	40	27	1.5683565797806227
J15	15	12	28	114	1.0621882275301795
J16	14	1	101	70	0.5812291699982036
J17	16	1	13	2	1.2791593605225862
J18	15	14	99	116	1.6075156528054009
J19	15	12	43	23	0.6865267338162016
J20	15	2	104	41	1.2028269530779765
J21	15	11	53	44	1.7672209693941106
\\ Jobs in machine 3
11
J22	14	1	104	27	1.0852975118873283
J23	14	3	41	68	1.2396512399013335
J24	15	9	97	21	1.91062292132032
J25	15	2	23	113	2.050619824707174
J26	14	10	92	24	0.9377688394764931
J27	15	4	81	30	0.7554076829044034
J28	14	4	44	84	0.4869180630577925
J29	14	3	69	11	0.5826751824669091
J30	16	3	89	104	1.8091987034785126
J31	17	6	92	34	1.0236823965944648
J32	14	11	100	62	0.3182749589665629
\\ Jobs in machine 4
11
J33	13	2	43	17	1.7079804972003236
J34	15	9	23	36	2.307014854252198
J35	16	5	68	95	1.7299439851558738
J36	13	14	106	117	0.8869216810712766
J37	14	13	59	32	1.2705984987667351
J38	14	8	87	91	0.49078276408516086
J39	13	14	35	93	1.0278959978176248
J40	14	3	67	92	1.1863673165080253
J41	14	10	40	73	1.142674611853629
J42	15	8	86	101	1.7840412157075756
J43	16	5	7	56	1.2955461910829482
\\ Jobs in machine 5
11
J44	15	8	99	20	0.6261870936500753
J45	15	3	33	27	0.8835603386430471
J46	13	4	61	107	2.5391763444031437
J47	15	2	28	68	0.8684010354717235
J48	17	9	69	15	0.41749336328345665
J49	13	6	51	43	0.6812567309275762
J50	16	11	91	45	0.990899205836333
J51	13	4	54	123	1.2358626094350407
J52	15	6	27	25	1.9240145320932296
J53	15	2	63	30	1.3633721402464651
J54	13	2	100	65	1.7182896956383087
\\ Jobs in machine 6
11
J55	15	10	99	49	2.2018351710324833
J56	13	11	98	5	1.1499497357721886
J57	13	8	7	24	0.43741220622769017
J58	14	5	37	84	0.7309244088821476
J59	15	7	60	80	0.689914754726376
J60	14	11	59	58	2.4111688388020163
J61	13	9	34	40	1.54172096934874
J62	14	9	52	101	0.9672567725576188
J63	14	8	17	31	1.7818249401618005
J64	15	5	9	21	2.023946279433272
J65	15	14	86	1	1.3501427679928932
\\ Jobs in machine 7
11
J66	15	7	21	62	1.9884001141719105
J67	16	9	39	74	0.1
J68	16	1	74	94	0.8688362947391458
J69	16	11	11	13	0.8615177860453669
J70	14	5	10	11	1.533350595333115
J71	13	10	18	119	1.655041313141802
J72	15	3	95	17	1.1839345650556794
J73	15	5	88	34	1.5341270977678207
J74	15	6	42	34	1.0378430131852112
J75	14	4	28	56	1.5218014449911559
J76	15	6	107	81	1.2670231838909942
\\ Jobs in machine 8
12
J77	14	9	14	11	1.0288252048119437
J78	14	11	42	9	2.1605363801588036
J79	15	8	63	117	1.2197321107760246
J80	12	11	106	47	0.5052391380291663
J81	17	12	94	117	1.4639298001321333
J82	15	4	47	77	0.7340671467949698
J83	13	3	18	24	1.0133062040940335
J84	14	5	88	43	1.0155182949328356
J85	14	11	63	118	1.1776324453018607
J86	13	5	40	5	1.5622255867306158
J87	14	2	47	123	0.13294852569737348
J88	16	5	63	59	1.0764693658272564
\\ Jobs in machine 9
12
J89	14	12	37	6	1.7952020151523846
J90	14	2	97	35	2.6781880860570433
J91	14	7	86	125	0.7098020664214401
J92	14	12	95	38	1.042139873918459
J93	13	7	63	60	1.067096841243063
J94	14	7	49	103	0.8048744278345288
J95	15	8	76	11	1.5291818934696544
J96	14	5	56	75	1.2431597037307054
J97	13	9	100	89	0.9364764802801365
J98	12	9	6	46	1.2439029866762141
J99	14	1	34	84	0.6147532911082271
J100	15	12	35	106	1.3300328947958948
\\ Jobs in machine 10
11
J101	14	1	97	106	1.568898861766698
J102	16	12	26	114	0.1
J103	14	2	72	105	0.5629581266684323
J104	16	14	50	31	0.7239289740549024
J105	14	9	61	28	1.3887161124230207
J106	14	7	46	74	0.8928860503410978
J107	16	5	74	79	1.2952309909112762
J108	13	3	96	57	1.6106451697387074
J109	13	1	58	77	0.8735801502741267
J110	17	10	29	111	1.6926291610050763
J111	15	12	27	75	2.027910599668232
\\ Jobs in machine 11
9
J112	15	11	27	84	0.8226496982176538
J113	16	7	10	43	0.7877694211029217
J114	13	3	23	109	1.6496540501027999
J115	15	10	36	45	1.166954198400707
J116	15	10	69	53	0.9273723916230199
J117	15	3	13	82	0.6069305077281791
J118	14	6	39	81	0.3165999459914074
J119	16	5	86	42	1.614550185302321
J120	16	13	7	24	1.051376324609633
\\ Jobs in machine 12
8
J121	15	2	90	91	0.7076565506141131
J122	14	14	37	79	0.5709855730673347
J123	16	3	71	12	1.0557051512891273
J124	14	2	61	114	1.4959574442601093
J125	14	2	91	23	1.5865918422487824
J126	14	12	46	51	0.6494573402464623
J127	14	9	98	56	1.0104329761197879
J128	15	4	74	26	1.1961494678788096
\\ Jobs in machine 13
11
J129	13	2	27	33	1.281684505317707
J130	13	9	41	115	0.623885331719627
J131	14	1	61	108	1.1073457934701465
J132	16	11	18	111	1.0125975268955985
J133	16	2	72	74	1.703839690600978
J134	15	14	47	96	1.0907508593002384
J135	16	13	2	87	0.37681232637059336
J136	13	4	35	81	0.5304317309689353
J137	15	7	74	77	1.7748537729999856
J138	14	2	99	52	0.38407632152653404
J139	14	7	100	49	1.9284691305588604
\\ Jobs in machine 14
11
J140	15	14	57	68	1.733534185974614
J141	14	10	99	111	2.4833509980831763
J142	13	2	79	121	0.8395705792161701
J143	16	6	19	19	1.4998784696556207
J144	13	13	60	75	1.0452685862746478
J145	15	12	4	37	0.8456583390236718
J146	13	4	18	32	1.1375432082283012
J147	16	7	81	49	1.1930266995425478
J148	16	11	81	18	1.107588500869949
J149	15	5	12	50	0.8373871091109466
J150	14	9	101	5	1.5754585988805345
\\ Jobs in machine 15
11
J151	14	6	41	51	1.6442341259209377
J152	14	11	82	76	1.1115305059494303
J153	14	13	91	40	1.0373547865648909
J154	15	12	43	67	1.1291946372076809
J155	15	2	38	23	0.33148652921773214
J156	13	12	77	25	2.128203801589927
J157	13	11	86	43	0.9657458245037416
J158	15	11	20	3	0.5679608364990942
J159	14	1	79	28	0.5107166452498534
J160	15	4	81	88	0.7644610389142679
J161	14	3	56	83	0.9529793728010867
\\ Jobs in machine 16
12
J162	16	14	72	122	0.8172069625807439
J163	14	10	85	11	1.8697708957659256
J164	15	5	75	119	0.9741808296705777
J165	15	9	92	92	0.7538552174916322
J166	14	14	93	30	0.8898856325868612
J167	16	3	13	42	1.1528545394510994
J168	15	10	21	62	1.40048121141965
J169	14	5	58	30	1.5530055226184183
J170	15	2	70	37	0.4609511922376365
J171	14	6	43	118	1.8688715848889879
J172	15	5	5	23	1.3506217366225786
J173	15	4	80	79	0.9494196500713178
\\ Jobs in machine 17
12
J174	13	7	80	41	2.0488233701249285
J175	14	8	28	45	0.6688704306635259
J176	14	10	87	96	0.1
J177	14	11	70	110	0.46660549708681986
J178	14	13	34	46	1.0518894223614375
J179	16	12	77	86	2.3192245095396817
J180	12	2	105	58	1.0714274851675534
J181	15	8	42	93	1.3971381902413613
J182	16	5	97	71	1.1256645565809926
J183	15	7	22	38	0.7861627766724376
J184	15	12	68	90	0.9046924045171632
J185	14	3	64	16	1.3842844343567302
\\ Jobs in machine 18
11
J186	15	9	76	3	0.1
J187	13	12	16	44	0.5992271140541956
J188	14	13	16	31	1.4282566567651644
J189	15	4	25	62	1.3061601301087515
J190	14	11	24	57	1.546348661982718
J191	14	3	75	5	0.8789364983186336
J192	15	8	48	3	0.3534827332832592
J193	13	9	24	72	0.6907218666731468
J194	14	12	84	120	1.8851183702961563
J195	15	8	106	54	0.9045780656199631
J196	13	1	43	77	0.8728479869895117
\\ Jobs in machine 19
13
J197	16	8	31	115	1.8564630013450791
J198	13	4	30	108	1.716412409650129
J199	14	1	40	125	1.4011044078939598
J200	15	9	64	45	1.2290623418736066
J201	14	3	34	115	1.3885274085105546
J202	15	8	52	47	0.8994465268119908
J203	16	7	61	56	1.046113081966032
J204	15	11	65	59	2.546585112591865
J205	15	7	43	87	0.5541083722857848
J206	15	2	71	9	0.41339071056270305
J207	16	14	108	32	2.3772787823742396
J208	15	5	53	18	1.4450118718904073
J209	13	12	30	123	1.181251907846789
\\ Jobs in machine 20
10
J210	14	10	110	62	1.9098747386283572
J211	16	9	30	110	0.8605718389518786
J212	15	14	75	113	1.1985935642909675
J213	14	4	18	107	1.4014377895302457
J214	15	9	27	24	1.1745662141910085
J215	16	6	47	103	0.7150669504621829
J216	17	4	16	121	0.13176208313874205
J217	16	12	37	20	0.1
J218	16	1	65	54	1.5480913110576273
J219	14	12	109	51	2.0057238320845436
\\ Jobs in machine 21
11
J220	14	6	92	109	1.5067449441203205
J221	14	10	65	2	0.45042027058468104
J222	13	6	35	97	1.310222957237056
J223	16	2	15	5	0.9358192239780178
J224	16	5	26	109	0.9108016391911526
J225	14	12	88	111	1.4371748045457893
J226	14	11	66	97	1.1114361383907674
J227	14	8	55	117	1.0955262960550665
J228	14	7	64	41	1.849598457440421
J229	14	12	87	81	0.7538786390230162
J230	15	5	57	15	0.2947138750178987
\\ Jobs in machine 22
11
J231	14	14	20	3	1.0800731140085835
J232	14	10	53	81	1.1155538108701115
J233	14	11	26	109	0.3868492864804839
J234	15	12	27	17	1.3093885194728556
J235	15	11	74	37	1.4926948601742762
J236	15	9	95	123	1.4580301451860098
J237	15	9	102	83	1.058137374787143
J238	15	6	2	12	1.203327337800642
J239	13	13	110	8	1.5074317440894458
J240	13	13	16	84	0.6952532688460524
J241	13	8	51	45	0.8286338370392887
\\ Jobs in machine 23
12
J242	15	6	48	24	1.4166112367914399
J243	14	6	78	106	1.7681736643731656
J244	13	6	98	77	0.4282275550108656
J245	15	13	4	7	0.8271773598705567
J246	15	12	104	53	2.024983856981366
J247	16	4	90	26	1.3148849745533824
J248	16	12	19	6	1.5245731368379905
J249	15	8	57	91	0.20560798750078635
J250	12	1	92	103	1.368614911249708
J251	16	14	110	37	0.1
J252	14	6	50	21	1.7390627650429318
J253	14	2	64	11	2.009991689588544
\\ Jobs in machine 24
10
J254	15	7	61	101	0.7509425277366848
J255	16	12	74	51	1.4780225851728637
J256	13	14	67	65	2.47846161500589
J257	15	2	40	104	1.626589679067188
J258	14	1	35	68	1.4995713015546777
J259	14	3	25	111	1.4687769112127258
J260	14	9	97	91	1.2773575082369018
J261	16	3	64	26	0.9825116004560078
J262	14	12	37	3	0.4310886602436712
J263	16	13	71	125	1.083967659152498
\\ Jobs in machine 25
11
J264	15	3	81	75	0.732844547604891
J265	13	5	40	70	1.6455353001253898
J266	15	8	61	26	1.2281144434744515
J267	13	3	8	93	1.2245382495076673
J268	13	9	80	118	0.16653837479036038
J269	15	1	50	37	1.2562064930389552
J270	14	2	78	32	1.1190900109074935
J271	13	11	11	37	1.4968062440275127
J272	14	3	98	59	0.9614791113482455
J273	14	14	109	14	0.5353228080448826
J274	15	4	91	69	1.0443001056589263
\\ Dependencies 
1102
1	2
1	3
1	4
1	5
1	6
1	8
1	9
2	3
2	4
2	5
2	6
2	7
2	8
2	9
2	10
3	4
3	6
3	7
3	8
3	9
4	5
4	6
4	7
4	8
4	9
4	10
5	7
5	8
5	10
6	7
6	9
7	8
7	9
7	10
8	10
9	10
11	13
11	15
11	17
11	18
12	13
12	14
12	15
12	16
12	17
12	18
12	19
12	20
13	15
13	16
13	17
13	18
13	19
13	21
14	16
14	17
14	18
14	19
14	20
14	21
15	16
15	17
15	18
15	19
15	20
15	21
16	17
16	18
16	19
16	20
16	21
17	19
17	20
17	21
18	20
19	20
19	21
22	23
22	24
22	25
22	26
22	27
22	28
22	29
22	31
22	32
23	24
23	25
23	26
23	27
23	28
23	29
23	30
23	31
23	32
24	25
24	26
24	27
24	28
24	29
24	31
24	32
25	27
25	28
25	29
25	30
25	32
26	27
26	28
26	29
26	30
26	32
27	28
27	29
27	30
27	31
27	32
28	29
28	30
28	31
28	32
29	30
29	31
29	32
30	31
30	32
31	32
33	34
33	35
33	36
33	39
33	40
33	42
33	43
34	35
34	36
34	37
34	38
34	39
34	40
34	41
34	43
35	37
35	38
35	39
35	40
35	42
35	43
36	38
36	39
36	40
36	41
36	42
36	43
37	39
37	40
37	41
37	42
37	43
38	39
38	41
38	42
38	43
39	40
39	43
40	42
40	43
41	42
41	43
42	43
44	45
44	46
44	47
44	48
44	49
44	50
44	52
44	53
44	54
45	46
45	47
45	48
45	49
45	50
45	54
46	47
46	48
46	50
46	51
46	53
46	54
47	49
47	50
47	51
47	52
47	53
47	54
48	49
48	50
48	51
48	52
48	53
49	50
49	51
49	52
49	54
50	51
50	52
50	53
51	52
51	53
52	53
52	54
53	54
55	59
55	60
55	61
55	62
55	64
55	65
56	57
56	58
56	61
56	62
56	63
56	64
57	58
57	59
57	60
57	61
57	62
57	64
57	65
58	59
58	60
58	61
58	62
58	63
58	64
58	65
59	60
59	61
59	62
59	63
59	65
60	61
60	62
60	63
60	64
60	65
61	62
61	63
61	64
61	65
62	63
62	64
62	65
63	64
64	65
66	67
66	70
66	72
66	75
66	76
67	68
67	69
67	70
67	71
67	72
67	73
67	74
67	75
67	76
68	70
68	72
68	73
68	75
69	70
69	71
69	72
69	74
69	75
69	76
70	71
70	72
70	73
70	74
70	75
71	72
71	73
71	76
72	73
72	74
72	76
73	74
73	75
73	76
74	75
74	76
75	76
77	78
77	80
77	81
77	82
77	83
77	84
77	85
77	86
77	87
77	88
78	79
78	81
78	82
78	83
78	84
78	85
78	86
78	88
79	80
79	81
79	82
79	84
79	85
79	86
79	87
79	88
80	84
80	85
80	86
80	87
81	82
81	83
81	84
81	85
81	86
82	83
82	84
82	85
82	86
82	87
82	88
83	85
83	86
83	88
84	85
84	88
85	86
85	87
86	87
86	88
87	88
89	90
89	91
89	92
89	93
89	96
89	98
89	99
89	100
90	94
90	96
90	97
90	98
90	99
91	92
91	93
91	94
91	95
91	96
91	97
91	98
91	99
91	100
92	94
92	96
92	99
92	100
93	94
93	95
93	96
93	97
93	99
93	100
94	95
94	96
94	97
94	98
94	100
95	96
95	97
95	98
95	99
96	97
96	98
96	100
97	98
97	99
97	100
98	99
98	100
99	100
101	102
101	103
101	105
101	106
101	107
101	110
102	103
102	104
102	105
102	106
102	108
102	109
102	110
102	111
103	104
103	107
103	108
103	109
103	110
103	111
104	105
104	106
104	108
104	109
104	110
104	111
105	106
105	108
105	109
105	110
105	111
106	109
106	110
106	111
107	108
107	109
108	109
108	110
109	110
110	111
112	113
112	114
112	115
112	117
112	118
112	119
112	120
113	114
113	115
113	117
113	118
113	119
114	115
114	116
114	117
114	118
114	119
114	120
115	117
115	118
115	119
116	117
116	118
116	119
116	120
117	118
117	120
118	119
118	120
119	120
121	122
121	123
121	124
121	125
121	127
121	128
122	124
122	127
122	128
123	125
123	128
124	125
124	126
124	128
125	126
125	128
126	127
126	128
127	128
129	130
129	131
129	132
129	133
129	134
129	135
129	136
129	137
129	138
129	139
130	131
130	134
130	135
130	136
130	137
130	138
130	139
131	132
131	133
131	134
131	135
131	136
131	137
131	138
132	133
132	134
132	135
132	136
132	137
132	138
133	134
133	136
133	137
133	138
133	139
134	135
134	136
134	137
134	138
134	139
135	136
135	137
136	137
136	139
137	138
137	139
138	139
140	142
140	143
140	144
140	145
140	147
140	148
140	149
140	150
141	142
141	143
141	144
141	146
141	147
141	148
141	149
141	150
142	143
142	144
142	145
142	146
142	147
142	148
142	149
142	150
143	144
143	147
143	150
144	145
144	146
144	148
144	149
144	150
145	146
145	147
145	148
145	149
145	150
146	147
146	149
146	150
147	148
147	149
147	150
148	149
148	150
149	150
151	153
151	154
151	155
151	157
151	158
151	160
151	161
152	153
152	154
152	155
152	156
152	157
152	158
152	161
153	154
153	156
153	157
153	158
153	159
153	160
153	161
154	158
154	161
155	156
155	157
155	158
155	159
155	161
156	159
156	160
156	161
157	160
158	159
158	160
158	161
159	160
159	161
160	161
162	164
162	165
162	166
162	167
162	168
162	169
162	170
162	171
162	172
162	173
163	165
163	167
163	168
163	170
163	171
163	172
163	173
164	165
164	166
164	167
164	168
164	169
164	170
164	172
164	173
165	166
165	167
165	168
165	169
165	170
165	171
165	172
165	173
166	168
166	169
166	170
166	171
166	172
167	172
167	173
168	170
168	171
168	172
168	173
169	171
169	172
169	173
170	171
170	172
170	173
171	173
172	173
174	175
174	176
174	179
174	180
174	181
174	182
174	183
174	184
174	185
175	177
175	178
175	179
175	180
175	181
175	182
175	183
175	184
175	185
176	177
176	179
176	181
176	182
176	183
176	184
176	185
177	178
177	179
177	181
177	183
177	185
178	180
178	181
178	182
178	183
178	184
179	180
179	182
179	183
179	185
180	181
180	182
180	183
180	184
180	185
181	183
181	185
182	183
182	185
183	185
184	185
186	187
186	188
186	189
186	190
186	191
186	192
186	193
186	194
186	195
186	196
187	188
187	189
187	190
187	191
187	192
187	194
187	195
187	196
188	189
188	191
188	192
188	193
188	194
188	195
188	196
189	190
189	192
189	193
189	194
189	195
189	196
190	191
190	192
190	193
190	195
190	196
191	192
191	193
191	195
191	196
192	193
192	195
193	194
193	195
193	196
194	196
195	196
197	199
197	200
197	201
197	202
197	203
197	204
197	205
197	206
197	208
197	209
198	201
198	202
198	203
198	204
198	205
198	206
198	207
198	208
198	209
199	201
199	202
199	203
199	204
199	205
199	207
199	208
199	209
200	201
200	202
200	203
200	204
200	206
200	207
200	208
201	202
201	203
201	205
201	206
201	207
201	208
201	209
202	203
202	205
202	207
202	208
202	209
203	204
203	207
203	208
203	209
204	205
204	206
204	207
204	208
204	209
205	206
205	207
205	208
206	207
206	208
207	208
207	209
210	213
210	215
210	216
210	217
210	218
211	212
211	213
211	215
211	216
211	218
211	219
212	213
212	214
212	215
212	216
212	217
212	218
212	219
213	214
213	215
213	216
213	217
213	219
214	215
214	216
214	217
214	218
214	219
215	216
215	217
215	219
216	217
216	218
216	219
217	218
217	219
220	221
220	222
220	223
220	224
220	225
220	226
220	228
220	229
221	222
221	223
221	224
221	225
221	226
221	227
221	228
221	229
221	230
222	225
222	226
222	227
222	228
222	229
222	230
223	224
223	225
223	226
223	227
223	229
223	230
224	227
224	228
224	229
224	230
225	226
225	227
225	229
225	230
226	227
226	229
226	230
227	228
227	229
227	230
228	229
228	230
229	230
231	232
231	233
231	234
231	235
231	236
231	237
231	238
231	240
231	241
232	233
232	234
232	235
232	236
232	238
232	239
232	240
232	241
233	234
233	235
233	236
233	237
233	238
233	239
233	240
233	241
234	237
234	238
234	239
234	240
234	241
235	236
235	237
235	238
235	239
235	240
235	241
236	239
236	240
236	241
237	238
237	239
237	241
238	240
238	241
239	240
239	241
240	241
242	243
242	244
242	245
242	246
242	247
242	248
242	249
242	251
242	252
242	253
243	244
243	247
243	250
243	251
243	252
243	253
244	245
244	246
244	247
244	249
244	250
244	251
244	253
245	246
245	247
245	248
245	249
245	251
245	252
245	253
246	247
246	249
246	250
246	251
246	252
246	253
247	248
247	249
247	250
247	251
247	252
248	249
248	250
248	251
248	252
248	253
249	250
249	251
249	252
249	253
250	251
250	252
250	253
251	252
251	253
252	253
254	255
254	256
254	257
254	259
254	260
254	261
254	262
254	263
255	256
255	257
255	258
255	259
255	261
255	262
255	263
256	258
256	259
256	260
256	261
257	258
257	262
257	263
258	259
258	260
258	261
258	262
258	263
259	260
259	263
260	261
260	262
260	263
261	262
261	263
262	263
264	265
264	266
264	267
264	270
264	271
264	272
264	273
264	274
265	266
265	267
265	268
265	269
265	270
265	271
265	272
265	274
266	267
266	268
266	270
266	271
266	272
266	273
266	274
267	268
267	269
267	270
267	271
267	272
267	273
267	274
268	269
268	270
268	271
268	272
268	273
268	274
269	270
269	271
269	273
269	274
270	271
270	272
270	273
270	274
271	272
271	273
271	274
272	273
272	274
273	274
