\\ machines
25
\\ max power
250
\\ Jobs in machine 1
12
J1	17	11	96	14	1.995953265696727
J2	15	1	109	44	1.2415979860542514
J3	14	5	67	44	1.0639173623968712
J4	14	5	98	18	1.4171700928840656
J5	15	13	42	8	0.8620317144708913
J6	15	8	29	31	1.0184763746654848
J7	16	7	101	6	0.710982731714678
J8	16	3	33	26	0.64763355604346
J9	12	10	89	16	1.2432462704569542
J10	15	12	12	6	0.9697663501846683
J11	15	11	37	19	0.4318919201946273
J12	14	1	19	42	1.529106208147927
\\ Jobs in machine 2
12
J13	15	10	95	52	1.7846159991782098
J14	13	3	60	39	1.192501098582564
J15	15	7	58	16	1.3657848315534278
J16	15	7	48	32	1.237560209218426
J17	15	6	109	22	1.0138834367504514
J18	14	12	17	22	0.9302244865231086
J19	13	6	32	17	1.279438936913533
J20	16	9	48	3	1.1758494171771952
J21	15	14	73	9	1.505475652046858
J22	16	9	26	49	1.7222218463258407
J23	13	13	17	4	1.732526371386903
J24	15	7	96	61	1.8166372836408817
\\ Jobs in machine 3
12
J25	15	1	51	43	1.9863048929687168
J26	16	13	64	4	1.9434607828706887
J27	13	7	89	50	1.0165748007635833
J28	14	7	84	34	1.1111280632869913
J29	16	10	87	39	1.975969325028803
J30	15	2	92	2	1.7553286543337232
J31	16	10	53	31	2.168979724952389
J32	16	14	29	24	0.9116440812825397
J33	15	10	55	37	1.313779649955942
J34	16	13	99	14	0.8747279861819166
J35	14	7	72	28	1.544706456721727
J36	12	8	9	55	1.309808222097947
\\ Jobs in machine 4
12
J37	15	11	51	60	1.3678711525332388
J38	13	9	37	13	0.41463782960813567
J39	14	7	72	22	0.7039517622144104
J40	16	6	32	21	0.5602672813772526
J41	14	10	93	59	0.37389797966673965
J42	15	5	60	31	0.7472330364825263
J43	15	6	51	46	1.124155423730744
J44	15	5	107	11	1.3273904562641843
J45	15	3	86	39	1.9962688458807287
J46	15	6	45	13	0.7483176508637064
J47	14	1	52	36	1.076822444520701
J48	14	10	34	34	1.158644045417442
\\ Jobs in machine 5
11
J49	14	4	26	10	1.224309611679457
J50	15	3	18	9	1.800871688146933
J51	16	4	56	21	1.9117446410433092
J52	14	12	97	38	0.7485555688949387
J53	15	13	71	20	1.601114445752842
J54	15	12	83	51	1.5356569604944768
J55	16	13	88	50	0.7405817561774101
J56	15	14	96	13	1.6491420471976113
J57	14	10	18	22	1.2607644919232053
J58	17	6	98	14	1.0401901296704907
J59	17	1	27	57	1.6123754360399334
\\ Jobs in machine 6
9
J60	13	11	23	13	1.8695997691286048
J61	14	4	106	50	1.2821718513029614
J62	15	8	61	60	2.5086420801037312
J63	16	5	98	20	1.152691208990814
J64	16	10	85	30	1.2654413498376296
J65	13	10	29	30	1.7395738008140054
J66	15	4	100	20	1.4931444843338428
J67	17	12	49	31	0.7803705675525106
J68	16	1	73	53	1.054189721451124
\\ Jobs in machine 7
10
J69	14	11	66	57	2.31496689910114
J70	15	4	107	2	1.0163159602478067
J71	14	12	72	30	0.5788467968193165
J72	15	3	46	40	0.9419120773774445
J73	16	9	69	24	2.169548231259231
J74	15	7	86	43	1.5367669835411522
J75	14	12	8	33	0.6425766110041146
J76	12	5	102	61	0.9922393633882142
J77	13	14	56	24	1.3241290780166695
J78	15	7	69	47	0.9017064120266483
\\ Jobs in machine 8
12
J79	15	13	103	42	1.8644663372442452
J80	12	6	73	22	1.1702721395295677
J81	14	11	87	11	0.18198016327787325
J82	15	4	77	46	2.6424232870113795
J83	14	8	40	37	1.3081339798441627
J84	13	13	59	20	1.944807185961907
J85	15	13	22	45	0.3845664508246215
J86	13	6	29	17	1.5297156608768365
J87	15	6	55	30	1.0762690136684252
J88	15	14	73	37	1.073622677333907
J89	14	3	66	46	1.9462280249562491
J90	14	3	14	13	1.6649532207774649
\\ Jobs in machine 9
12
J91	13	4	86	58	0.9915160763670495
J92	14	12	74	37	1.8595729453183825
J93	15	1	107	19	1.512242125896946
J94	15	5	44	35	0.642286901155509
J95	15	6	28	21	0.42687546127467013
J96	16	10	8	26	0.9184350497214658
J97	14	4	17	25	2.1114295429613117
J98	14	14	110	18	1.2561998909586347
J99	14	14	108	32	1.5356008648352424
J100	16	2	42	62	1.6915040452398666
J101	15	8	35	62	0.898106681304329
J102	14	5	105	42	1.6612931838097333
\\ Jobs in machine 10
9
J103	15	2	79	56	0.7123578932669217
J104	16	6	11	34	0.9073608547937361
J105	14	1	72	44	0.7819789043621124
J106	14	9	91	43	1.3592853905871713
J107	13	1	56	16	0.6724358979270169
J108	15	10	103	57	1.03489381300661
J109	16	13	27	5	0.9009784253052731
J110	15	10	105	49	1.5647188721046217
J111	14	5	92	27	1.1075865335801862
\\ Jobs in machine 11
10
J112	15	8	47	8	0.7795924083270123
J113	14	4	31	38	1.6390488100967016
J114	15	12	105	57	1.2441956517243475
J115	15	9	62	44	0.4192820117641546
J116	14	7	13	57	0.5794923253289214
J117	13	8	39	43	2.0045061687902095
J118	15	8	62	31	1.3805737787478065
J119	13	10	52	27	1.1082578365343838
J120	15	13	63	60	0.7185783959342136
J121	15	14	59	19	1.240272927343575
\\ Jobs in machine 12
11
J122	14	5	31	13	1.2815378785544955
J123	15	3	109	38	1.314684220529093
J124	14	11	11	41	0.8479361588375682
J125	15	14	72	33	1.338912727525888
J126	12	4	110	7	1.3488970876738406
J127	16	2	90	62	1.5066905344929828
J128	15	6	99	23	0.44286454286174726
J129	13	9	49	23	1.326070162386493
J130	15	12	35	32	2.031287571736876
J131	14	3	71	45	1.348385725246831
J132	14	12	106	33	1.3071328531066075
\\ Jobs in machine 13
11
J133	14	9	94	25	0.7974409450702169
J134	14	7	104	14	1.5682527770176682
J135	15	14	47	53	1.3969130464163027
J136	15	13	109	42	1.1809187498042537
J137	13	13	110	23	2.0544435526984732
J138	14	3	17	49	0.6638799218682971
J139	15	13	80	22	1.2347334782276758
J140	14	5	85	54	1.3654668792158486
J141	16	12	15	15	1.650228472752438
J142	13	8	61	57	1.3186410842936849
J143	14	13	77	26	1.2204123998267031
\\ Jobs in machine 14
12
J144	14	8	28	46	1.3894289612280195
J145	13	6	93	9	1.3399635467876414
J146	15	3	20	11	0.8155568202718804
J147	15	4	104	35	1.0346354021287503
J148	15	1	21	31	1.280679842171986
J149	14	7	43	16	1.4715760361292995
J150	13	4	19	61	1.196049779937079
J151	14	10	69	16	0.8507211877008686
J152	15	12	88	12	0.6521068158391379
J153	14	6	11	55	0.49615359959181415
J154	15	14	105	36	1.0440196824350294
J155	16	13	25	3	1.307871474991447
\\ Jobs in machine 15
10
J156	12	12	15	40	1.4566462053351188
J157	14	8	58	28	2.4835139317034147
J158	16	8	64	3	1.6035091029953237
J159	14	7	61	39	1.0467400952775656
J160	13	5	91	59	1.0389439099892805
J161	14	7	33	33	1.3110644678427472
J162	15	14	5	1	1.521867158719384
J163	15	2	101	48	1.022203384689057
J164	15	12	70	63	1.5350053548108908
J165	14	7	19	56	1.5891934549146614
\\ Jobs in machine 16
11
J166	16	5	40	25	1.2781531018784926
J167	15	2	39	60	0.4969238295680741
J168	16	7	39	2	1.0336840672188587
J169	14	7	73	56	1.0258841722018546
J170	13	3	105	33	0.9070194568960284
J171	14	10	56	58	1.3119930052214928
J172	15	13	42	24	0.7116442930691315
J173	14	7	5	55	1.3745921675138888
J174	15	2	99	31	1.1151235761104052
J175	14	4	24	6	1.5145848646371245
J176	16	4	21	16	0.5586940662757552
\\ Jobs in machine 17
10
J177	15	2	32	17	1.1985941848999013
J178	15	10	86	39	1.352271994902209
J179	16	6	79	16	1.3415250516425923
J180	14	9	82	32	0.9024296483501164
J181	16	9	88	10	0.305556340771189
J182	13	9	12	15	2.1990469204012593
J183	13	11	30	7	1.9664298997396341
J184	14	2	86	57	1.4874184453565071
J185	16	9	103	44	2.053514191466514
J186	16	4	93	52	1.4308618811770426
\\ Jobs in machine 18
11
J187	15	6	98	36	1.7429468430278978
J188	14	14	33	10	1.4427130368217633
J189	14	2	56	17	0.5806330375961666
J190	13	4	101	39	1.2186982278438505
J191	15	10	61	42	1.0396310745947894
J192	15	2	34	60	1.5786911725676518
J193	16	13	13	53	0.9344970872895101
J194	13	1	36	11	0.5829977904897046
J195	15	11	81	11	0.622753381122405
J196	13	2	71	9	1.8802548147892182
J197	13	14	56	63	0.800607134507834
\\ Jobs in machine 19
12
J198	12	5	86	25	0.5571485506146028
J199	15	9	14	12	1.7049137640651284
J200	16	12	66	27	0.9977398247717099
J201	14	13	94	49	1.8957998054895295
J202	14	10	77	12	0.25891979012879196
J203	14	5	22	12	0.8727672766801028
J204	15	9	41	12	0.7768321325051151
J205	14	3	44	31	1.6562506482528705
J206	14	3	65	7	1.4058046988117456
J207	14	14	98	39	1.3415503978800751
J208	16	5	54	16	1.29567116427503
J209	14	9	86	54	1.7697598988331613
\\ Jobs in machine 20
13
J210	14	12	38	4	0.8873886257195241
J211	15	11	69	29	0.7648757853848352
J212	14	2	105	26	1.0377894773818377
J213	15	3	67	41	1.86822362776569
J214	13	2	18	53	1.2856975025350406
J215	15	3	15	49	1.0855265501971882
J216	14	11	100	11	0.3325678616332799
J217	16	12	4	16	0.5166931978353174
J218	15	10	60	15	0.7769411690194854
J219	16	8	27	53	1.072319757806133
J220	14	2	32	33	1.1469721605242724
J221	14	4	35	6	0.965257338061652
J222	15	10	33	28	1.935721276147273
\\ Jobs in machine 21
12
J223	14	4	98	51	0.9390738334409169
J224	15	11	40	21	1.371633822738161
J225	13	8	24	22	0.4992840150540885
J226	14	10	81	58	1.3977226105226193
J227	15	4	87	4	1.2824660629447515
J228	14	2	41	36	0.1
J229	15	8	35	35	1.682383922558664
J230	15	14	106	31	1.0623567955029078
J231	15	9	96	11	1.2761314643576684
J232	12	7	33	56	1.8436075000228924
J233	15	12	73	13	1.2555259379589454
J234	16	1	34	28	1.116272254804519
\\ Jobs in machine 22
11
J235	14	9	51	45	1.641402338790427
J236	14	11	48	41	1.4778374358544997
J237	16	12	77	38	1.4967252389254029
J238	14	11	67	31	1.984934223259958
J239	17	2	29	19	0.8366264950940192
J240	16	10	23	7	1.1202875071459384
J241	15	14	87	12	1.175317129385518
J242	15	10	82	42	1.6523665086565273
J243	16	2	105	7	0.20151099785248028
J244	15	1	93	19	1.6223226778845574
J245	15	5	50	19	1.411587102283477
\\ Jobs in machine 23
11
J246	16	4	5	59	1.6819146209618903
J247	16	14	4	61	0.8375251863050033
J248	16	2	103	26	1.124566346537925
J249	16	12	90	17	0.6788917239388645
J250	15	12	14	8	1.5476275459381903
J251	14	5	72	22	1.7267394614575196
J252	14	5	57	35	1.209980099837555
J253	16	8	103	7	0.7102258994060534
J254	14	5	107	42	0.16702733178133444
J255	13	14	26	9	0.9157075144455413
J256	16	14	2	43	0.7852543734265909
\\ Jobs in machine 24
12
J257	15	13	19	3	1.2861559175100137
J258	13	5	46	48	1.6215552130472124
J259	15	9	45	33	1.2676104725625412
J260	15	13	32	31	0.8138529395176018
J261	13	9	100	59	0.6310409880002747
J262	15	5	28	42	1.1314761062720284
J263	14	10	72	54	0.49775777802431687
J264	15	10	54	34	1.3261490481378453
J265	15	6	15	61	1.473374550605548
J266	13	4	8	48	0.8382983943193729
J267	16	13	6	10	1.5139269492479457
J268	16	8	106	2	1.2302718627898779
\\ Jobs in machine 25
11
J269	15	11	15	18	0.9346175548445158
J270	15	14	30	55	0.7415852447296737
J271	16	1	95	13	1.2247040603068002
J272	14	4	57	22	0.48256477210959037
J273	14	2	7	41	0.9979237652020716
J274	15	6	93	62	0.8539975941652702
J275	13	12	99	57	1.3809302026375907
J276	13	7	81	27	0.3299788528014136
J277	15	8	13	43	1.4887853451684647
J278	15	14	94	47	0.6752981541713065
J279	16	5	52	51	1.381812773978096
\\ Dependencies 
1135
1	2
1	3
1	4
1	5
1	6
1	7
1	8
1	9
1	10
1	11
2	3
2	4
2	5
2	6
2	7
2	8
2	9
2	10
2	11
3	4
3	5
3	6
3	7
3	8
3	10
3	12
4	5
4	7
4	8
4	9
4	10
4	11
4	12
5	6
5	7
5	8
5	9
5	10
5	11
5	12
6	7
6	8
6	9
6	10
6	11
6	12
7	8
7	10
7	12
8	9
8	10
8	11
8	12
9	10
9	11
9	12
10	11
11	12
13	14
13	15
13	16
13	17
13	18
13	19
13	20
13	21
13	23
13	24
14	15
14	17
14	18
14	20
14	21
14	22
14	23
14	24
15	17
15	19
15	20
15	21
15	22
15	23
15	24
16	17
16	18
16	19
16	20
16	21
16	22
16	23
16	24
17	19
17	20
17	21
17	24
18	21
18	22
18	23
18	24
19	20
19	21
19	22
19	24
20	21
20	22
20	23
20	24
21	22
21	23
22	23
22	24
25	27
25	29
25	30
25	31
25	32
25	33
25	34
25	35
25	36
26	27
26	28
26	30
26	31
26	32
26	34
26	35
26	36
27	29
27	30
27	31
27	32
27	33
27	35
27	36
28	29
28	30
28	31
28	32
28	33
28	34
28	35
28	36
29	30
29	31
29	33
29	34
29	36
30	31
30	32
30	33
30	34
30	36
31	32
31	33
31	34
31	35
31	36
32	33
32	36
33	35
33	36
34	35
34	36
35	36
37	38
37	40
37	41
37	43
37	45
37	47
37	48
38	40
38	41
38	42
38	43
38	44
38	45
38	46
38	47
38	48
39	41
39	42
39	43
39	44
39	45
39	46
39	47
39	48
40	41
40	42
40	43
40	45
40	46
40	48
41	43
41	45
41	46
41	47
41	48
42	43
42	44
42	45
42	46
42	47
43	44
43	45
43	46
43	47
43	48
44	45
44	46
44	47
44	48
45	46
45	47
45	48
46	47
47	48
49	50
49	52
49	53
49	54
49	55
49	56
49	57
49	59
50	51
50	53
50	54
50	55
50	56
50	57
50	59
51	52
51	53
51	54
51	55
51	56
51	58
51	59
52	53
52	54
52	55
52	57
52	58
53	54
53	55
53	56
53	57
53	59
54	55
54	56
54	57
54	58
54	59
55	57
55	58
56	57
56	58
56	59
57	58
57	59
58	59
60	62
60	64
60	65
60	67
60	68
61	62
61	63
61	64
61	66
61	67
61	68
62	63
62	64
62	65
62	66
62	67
62	68
63	64
63	65
63	66
63	67
63	68
64	65
64	66
64	67
64	68
65	67
65	68
66	67
66	68
67	68
69	70
69	71
69	72
69	73
69	74
69	75
69	76
69	78
70	71
70	73
70	74
70	75
70	77
71	72
71	74
71	75
71	76
71	77
71	78
72	73
72	74
72	75
72	76
72	77
73	74
73	76
73	77
74	75
74	76
74	77
74	78
75	76
75	77
76	77
76	78
77	78
79	80
79	82
79	83
79	84
79	85
79	87
79	89
80	85
80	87
80	88
80	89
81	82
81	83
81	84
81	85
81	86
81	88
81	89
81	90
82	83
82	84
82	87
82	88
82	89
83	85
83	86
83	87
83	88
83	90
84	87
84	88
84	89
84	90
85	86
85	87
85	88
85	89
85	90
86	87
86	88
86	89
86	90
87	88
87	89
88	89
88	90
89	90
91	92
91	93
91	94
91	95
91	96
91	97
91	98
91	99
91	100
91	101
92	93
92	94
92	97
92	98
92	100
92	101
92	102
93	94
93	95
93	96
93	97
93	98
93	100
93	101
93	102
94	95
94	97
94	98
94	99
94	100
94	101
94	102
95	96
95	99
95	100
95	101
95	102
96	98
96	99
96	100
96	102
97	98
97	99
97	101
97	102
98	100
98	102
99	102
100	102
101	102
103	104
103	107
103	109
103	110
103	111
104	105
104	106
104	107
104	108
104	109
104	110
104	111
105	106
105	109
105	110
105	111
106	107
106	108
106	109
106	110
106	111
107	108
107	109
107	111
108	109
108	110
108	111
109	111
110	111
112	113
112	114
112	115
112	116
112	117
112	118
112	119
112	120
112	121
113	114
113	115
113	117
113	118
113	119
113	120
113	121
114	117
114	118
114	119
114	120
114	121
115	116
115	117
115	118
115	119
115	120
115	121
116	118
117	119
117	121
118	120
118	121
119	120
119	121
120	121
122	123
122	124
122	125
122	126
122	127
122	128
122	129
122	130
122	131
122	132
123	124
123	125
123	127
123	128
123	129
123	130
123	131
124	125
124	126
124	128
124	129
124	131
124	132
125	126
125	127
125	128
125	129
125	130
125	131
125	132
126	127
126	129
126	130
126	131
126	132
127	129
127	131
127	132
128	130
128	131
128	132
129	130
129	131
130	131
130	132
131	132
133	134
133	135
133	136
133	137
133	138
133	139
133	141
133	142
133	143
134	135
134	136
134	137
134	139
134	140
134	141
134	143
135	136
135	137
135	138
135	139
135	140
135	141
135	143
136	137
136	138
136	139
136	140
136	141
136	142
136	143
137	138
137	139
137	140
137	143
138	139
138	142
138	143
139	140
139	141
139	142
140	141
140	142
140	143
141	142
141	143
144	145
144	147
144	148
144	149
144	150
144	151
144	152
144	154
144	155
145	146
145	147
145	148
145	149
145	150
145	151
145	152
145	153
146	147
146	148
146	149
146	150
146	151
146	152
146	153
146	154
146	155
147	148
147	150
147	151
147	152
147	153
147	154
148	149
148	150
148	151
148	152
148	153
148	154
148	155
149	151
149	153
149	154
149	155
150	151
150	152
150	153
150	154
151	153
151	155
152	153
152	154
152	155
153	155
154	155
156	157
156	158
156	159
156	160
156	161
156	162
156	163
156	164
157	158
157	159
157	161
157	162
157	163
157	164
157	165
158	160
158	162
158	163
158	164
159	160
159	161
159	163
159	164
159	165
160	161
160	163
160	164
160	165
161	162
161	164
161	165
162	163
162	164
162	165
166	167
166	168
166	169
166	170
166	172
166	173
166	174
166	175
166	176
167	168
167	169
167	170
167	171
167	172
167	174
167	175
167	176
168	171
168	172
168	173
168	174
168	175
168	176
169	170
169	171
169	172
169	173
169	174
169	176
170	171
170	172
170	173
170	174
170	175
171	173
171	174
171	176
172	173
172	174
172	175
172	176
173	174
173	175
173	176
174	176
175	176
177	178
177	179
177	180
177	181
177	182
177	183
177	184
177	185
177	186
178	179
178	180
178	181
178	182
178	184
179	181
179	182
179	183
179	185
180	181
180	183
180	184
180	185
180	186
181	182
181	183
181	184
181	185
181	186
182	184
182	185
183	185
184	185
185	186
187	189
187	190
187	191
187	192
187	193
187	194
187	195
188	190
188	194
188	195
188	196
189	190
189	191
189	193
189	194
189	195
189	196
189	197
190	191
190	192
190	193
190	194
190	195
190	197
191	192
191	193
191	194
191	195
191	196
191	197
192	193
192	194
192	195
192	197
193	194
193	196
193	197
194	195
194	196
194	197
195	196
195	197
198	199
198	200
198	203
198	204
198	206
198	207
198	208
198	209
199	200
199	201
199	204
199	207
199	208
200	201
200	202
200	203
200	204
200	205
200	206
200	208
200	209
201	202
201	204
201	206
201	208
201	209
202	203
202	204
202	206
202	208
202	209
203	204
203	208
203	209
204	206
204	208
204	209
205	206
205	208
205	209
206	207
206	209
207	209
208	209
210	211
210	212
210	213
210	214
210	215
210	216
210	217
210	218
210	219
210	220
210	221
211	213
211	214
211	216
211	217
211	218
211	219
211	220
211	222
212	213
212	214
212	216
212	217
212	219
212	220
212	221
212	222
213	215
213	217
213	218
213	221
213	222
214	215
214	216
214	218
214	219
214	220
214	221
214	222
215	216
215	217
215	218
215	219
215	220
215	221
215	222
216	217
216	218
216	219
216	221
216	222
217	218
217	219
217	220
217	221
217	222
218	219
218	220
218	221
218	222
219	220
219	221
219	222
220	222
223	224
223	225
223	226
223	227
223	228
223	229
223	230
223	231
223	232
223	233
224	226
224	227
224	228
224	229
224	230
224	231
224	232
224	233
224	234
225	226
225	227
225	228
225	230
225	231
225	232
225	233
226	227
226	228
226	229
226	233
226	234
227	229
227	230
227	231
227	232
227	233
227	234
228	229
228	230
228	231
228	232
228	233
228	234
229	230
229	231
229	234
230	231
230	232
230	233
230	234
231	232
231	233
231	234
232	233
232	234
233	234
235	236
235	240
235	241
235	242
235	243
235	245
236	237
236	238
236	240
236	241
236	242
236	243
236	244
236	245
237	238
237	239
237	240
237	241
237	242
237	243
237	244
238	239
238	240
238	241
238	242
238	243
239	240
239	241
239	243
239	244
239	245
240	242
240	243
240	244
241	242
241	243
241	244
241	245
242	243
242	244
243	244
243	245
244	245
246	247
246	248
246	249
246	250
246	251
246	252
246	255
246	256
247	249
247	250
247	251
247	253
247	256
248	249
248	250
248	251
248	253
248	254
248	255
249	250
249	251
249	253
249	254
249	255
249	256
250	251
250	252
250	253
250	254
250	255
250	256
251	252
251	254
251	255
251	256
252	253
252	256
253	254
253	255
253	256
254	255
254	256
257	259
257	260
257	261
257	262
257	263
257	264
257	265
257	266
257	267
257	268
258	259
258	260
258	261
258	262
258	263
258	265
258	267
258	268
259	260
259	261
259	262
259	263
259	265
259	266
260	261
260	263
260	265
260	266
261	262
261	263
261	264
261	266
261	268
262	265
262	266
262	267
262	268
263	265
263	266
263	268
264	265
264	266
264	267
264	268
265	266
265	267
265	268
266	267
266	268
267	268
269	270
269	271
269	273
269	274
269	275
269	276
269	277
269	278
269	279
270	273
270	275
270	276
270	277
270	279
271	272
271	273
271	274
271	275
271	277
271	278
271	279
272	273
272	274
272	275
272	276
272	277
272	279
273	274
273	276
273	277
273	278
273	279
274	275
274	276
274	278
274	279
275	276
275	277
275	278
275	279
276	277
276	278
276	279
277	278
