\\ machines
15
\\ max power
150
\\ Jobs in machine 1
11
J1	13	5	36	30	1.952798263951747
J2	16	4	89	14	0.8152558624113336
J3	14	4	27	8	1.280906428880024
J4	15	9	50	1	1.156805195343761
J5	14	13	53	32	1.7365890579790384
J6	15	12	60	10	1.2524441721620498
J7	13	8	27	13	0.1
J8	14	7	33	15	1.4942272778437766
J9	14	3	14	31	0.9143901337443134
J10	15	7	20	20	0.1
J11	16	12	100	23	0.4873887084799934
\\ Jobs in machine 2
13
J12	14	2	11	10	1.236898210033223
J13	13	2	38	5	0.8783584183159947
J14	15	6	68	1	0.8123721381677724
J15	16	10	94	15	0.8046579141091328
J16	15	3	19	18	0.6232497333322297
J17	17	3	91	2	1.4295202534148217
J18	15	4	8	8	1.6785970526770442
J19	16	10	50	12	1.6134924885751014
J20	16	11	40	35	1.7175703626893861
J21	14	6	13	9	1.8686081403927906
J22	15	1	66	7	0.966495311346204
J23	15	8	77	13	1.5496607359074765
J24	13	12	21	7	1.3006661189792053
\\ Jobs in machine 3
11
J25	14	13	80	27	1.768665557987744
J26	17	11	71	15	1.2324867283156835
J27	14	4	83	29	0.6783370470115898
J28	15	7	75	11	1.4492767270728506
J29	14	5	89	8	1.3134316268869721
J30	15	4	70	34	1.0503504701657327
J31	14	3	106	23	0.9090770837978641
J32	15	5	99	27	1.0047857399696065
J33	15	3	28	30	1.2916098541155634
J34	14	10	34	37	1.279258352855039
J35	14	2	46	28	0.1
\\ Jobs in machine 4
11
J36	16	5	81	28	1.0580018312643955
J37	15	1	39	37	1.1756840686782064
J38	12	12	49	15	0.7672318596840161
J39	14	8	88	24	1.9108183120820486
J40	16	2	52	21	0.7762148997310199
J41	12	11	63	16	1.2616197907576903
J42	13	4	61	8	1.1360623593223746
J43	14	9	39	30	1.526663271553317
J44	13	1	90	10	0.8648982838631953
J45	15	8	32	15	1.5138199345196401
J46	14	11	75	8	1.5219842076593393
\\ Jobs in machine 5
11
J47	15	7	105	17	1.1194762941906586
J48	15	5	52	12	0.29427590615510946
J49	14	2	46	8	1.2028229200138625
J50	14	2	74	2	0.1
J51	15	13	13	2	1.346194643302238
J52	14	4	76	9	1.0375190524524636
J53	14	10	98	8	1.0216587505802597
J54	15	9	3	30	1.9823954415571365
J55	15	14	43	31	1.0286601439612637
J56	14	9	8	24	2.220134498196774
J57	16	5	95	33	1.3321177302962304
\\ Jobs in machine 6
12
J58	14	13	47	15	1.2441063172308036
J59	15	4	96	28	1.8806562996989284
J60	15	13	59	31	1.1897851835192519
J61	14	14	80	24	0.581500156154416
J62	16	12	45	36	1.323111368452992
J63	15	14	88	33	1.4316027309141357
J64	15	2	105	10	1.0927869346951458
J65	12	2	91	5	1.684668777282892
J66	14	10	88	27	1.5205989650599092
J67	14	4	84	15	2.1279750459310955
J68	15	4	27	7	1.5646623185768538
J69	15	7	76	18	1.3555195644082703
\\ Jobs in machine 7
11
J70	16	1	105	10	1.3356081018267627
J71	13	7	67	21	0.34954261056579305
J72	14	9	108	1	1.466547837286685
J73	14	1	35	21	0.86871292126629
J74	13	1	82	33	1.2808904833325687
J75	17	14	29	2	2.3066124054395525
J76	14	2	66	1	1.1964121396168328
J77	13	11	80	23	0.8429504774475779
J78	15	8	58	36	2.3570236109609644
J79	13	5	70	3	1.8554732059048105
J80	15	8	4	26	1.0448255092034358
\\ Jobs in machine 8
11
J81	15	7	46	1	0.565254296296637
J82	15	11	81	9	1.2265764365715566
J83	15	9	3	20	0.21049680155687733
J84	16	1	25	24	1.4105991573021777
J85	15	3	106	13	0.6208726574051181
J86	13	13	56	36	0.5616719746218073
J87	15	7	85	1	1.752815467479987
J88	15	9	58	26	2.1654996344036483
J89	15	4	109	33	0.6441243398709345
J90	15	3	27	1	1.978125605322382
J91	16	2	25	17	1.1767622641405109
\\ Jobs in machine 9
10
J92	15	7	25	11	1.5042992011370602
J93	15	6	59	9	1.3425192841926723
J94	14	4	44	37	0.6452628431864169
J95	15	1	14	9	1.434864043017769
J96	15	4	96	38	1.014039435586359
J97	15	12	25	2	1.3550385200787556
J98	13	12	110	26	1.177872484772573
J99	15	7	94	10	0.1
J100	14	11	63	2	1.2849882709592024
J101	12	2	106	37	1.3104839620129238
\\ Jobs in machine 10
12
J102	14	14	67	28	1.0984954659429975
J103	14	14	42	5	0.3467411636736709
J104	14	1	13	1	0.8535411185940539
J105	16	12	77	7	0.7003708455777722
J106	15	8	16	3	1.439625147160566
J107	15	11	110	30	1.9099724460179548
J108	14	5	46	24	1.4072604890674116
J109	15	2	84	5	0.8350187630823107
J110	14	5	6	18	0.6693816201028142
J111	13	14	12	11	1.2919631530823747
J112	16	1	48	25	1.0833516285270575
J113	15	1	90	11	1.800018096095955
\\ Jobs in machine 11
9
J114	14	10	47	25	0.6614070937940145
J115	15	2	16	37	1.2558540914351046
J116	14	10	88	24	0.5641795747629852
J117	16	1	56	37	1.7948401140128882
J118	13	3	38	4	0.8779251442235477
J119	14	11	94	23	1.3278944652652562
J120	16	11	74	23	1.830837927002152
J121	13	6	74	7	1.2939238841965128
J122	15	4	58	23	1.0385269163166142
\\ Jobs in machine 12
11
J123	16	1	48	17	1.9963069134923672
J124	15	1	108	12	0.978818852331428
J125	16	1	26	32	0.9918735919396571
J126	15	6	20	17	0.9695828971972738
J127	14	3	19	24	0.4674874866844485
J128	12	6	93	23	0.6658830386170933
J129	15	3	100	8	1.8055501523804227
J130	15	9	71	14	0.7048460343288505
J131	12	1	79	7	1.1028646705529657
J132	15	1	47	35	1.3015199983131243
J133	16	2	28	21	1.7425982643115063
\\ Jobs in machine 13
11
J134	14	1	53	30	1.803512747758329
J135	16	5	77	24	0.9088792359065536
J136	14	12	36	30	0.4527198229075907
J137	15	1	97	11	1.052781011195522
J138	14	5	58	7	0.49218174536533754
J139	14	2	60	37	1.435617737291576
J140	15	9	3	8	1.0562978727068353
J141	14	2	8	18	0.8885927016050089
J142	15	3	64	2	1.9585226376659595
J143	14	13	98	37	2.364592509916656
J144	15	4	105	6	0.6815127781508871
\\ Jobs in machine 14
12
J145	14	14	73	26	0.5771272583433121
J146	14	10	89	13	0.9004728760025833
J147	15	9	2	21	1.6719282796404629
J148	14	1	42	35	0.4616931083382704
J149	12	7	34	33	1.6595881863944453
J150	15	5	72	36	0.9759018779371381
J151	14	6	53	23	2.06266676049957
J152	15	12	4	16	1.479511976719422
J153	14	7	94	10	2.8305378772091268
J154	13	12	78	33	1.2303165259034035
J155	14	1	11	33	1.6956428658717424
J156	16	13	99	7	1.524243195291631
\\ Jobs in machine 15
11
J157	16	12	69	38	0.574581681853668
J158	15	12	58	12	1.7478026955319588
J159	14	5	74	12	1.381337772858522
J160	14	14	34	29	0.8132095194611849
J161	17	10	70	6	0.343703499986317
J162	13	14	52	36	0.9330790522834569
J163	14	6	7	3	1.4718035251458823
J164	14	7	60	12	1.019169726684158
J165	15	7	109	22	1.1496389443581596
J166	16	14	108	3	0.9066745041815818
J167	15	11	49	30	1.463850327461973
\\ Dependencies 
171
1	6
2	5
2	6
2	10
5	7
6	11
7	10
7	11
8	9
9	10
12	14
12	15
12	17
13	16
13	17
13	18
14	19
16	20
16	21
19	22
22	24
23	24
25	26
26	35
27	33
28	31
28	32
28	34
31	34
33	34
34	35
36	37
36	39
36	41
36	42
36	44
36	46
37	38
37	40
37	44
39	40
39	43
42	44
45	46
47	48
47	52
47	53
48	49
48	55
48	57
49	53
49	54
50	57
51	53
52	55
56	57
58	62
59	60
59	63
59	65
59	66
60	64
60	68
61	62
61	63
63	69
64	65
64	67
65	66
65	67
67	68
67	69
70	80
71	72
71	73
73	76
73	78
75	76
75	77
75	78
77	79
77	80
78	79
82	86
83	85
83	87
83	90
83	91
84	86
84	88
85	90
86	90
88	91
89	91
92	99
93	96
97	100
97	101
99	100
102	104
102	105
102	112
103	105
103	106
103	110
104	107
104	112
105	107
105	110
105	111
106	110
106	112
107	113
109	111
110	111
110	113
111	113
114	122
115	117
116	121
116	122
118	121
121	122
123	124
123	127
123	130
123	131
124	129
125	126
125	133
126	130
126	131
126	132
127	129
127	133
128	129
130	132
131	133
132	133
135	142
136	139
137	138
137	141
138	140
138	141
139	140
139	144
140	141
140	142
143	144
145	154
145	156
146	149
147	156
148	151
148	156
151	155
152	153
152	154
152	155
157	162
158	161
158	162
159	160
160	161
160	164
160	166
161	164
162	165
163	164
163	165
