\\ machines
25
\\ max power
250
\\ Jobs in machine 1
11
J1	15	13	84	53	0.686139842152812
J2	14	7	15	28	2.2997128694565383
J3	14	5	17	23	1.677944339324535
J4	13	14	108	33	1.1045216375786393
J5	15	8	16	54	1.3527147733960394
J6	15	8	25	25	0.505508815576305
J7	14	7	81	21	1.0164386085299515
J8	16	1	63	10	1.0731368535893362
J9	12	9	21	8	1.0671453628605463
J10	16	13	7	3	0.5848900968471517
J11	15	5	73	6	1.3439221643122585
\\ Jobs in machine 2
12
J12	15	6	65	61	1.3545747379292516
J13	15	12	82	41	1.1933354094631579
J14	14	7	24	7	2.150886820337221
J15	15	10	70	45	2.261805041469613
J16	15	10	57	62	0.8115642177341664
J17	15	7	60	44	0.16847051989124795
J18	14	7	79	3	1.8991546335882106
J19	15	4	96	22	1.2496086586398736
J20	15	7	31	2	0.3397318945178118
J21	14	12	67	1	0.9862835265286855
J22	15	12	70	2	0.7634184677407319
J23	14	6	80	36	1.5643792707311666
\\ Jobs in machine 3
13
J24	12	11	105	23	1.2623036156240677
J25	14	3	37	38	1.674682239511979
J26	14	14	21	29	0.8270051166543801
J27	14	6	49	54	0.2664769691801592
J28	16	12	74	38	1.5098142354451567
J29	14	7	97	56	0.783090205789807
J30	14	2	66	37	0.5549993426316236
J31	13	11	106	56	1.027882613570714
J32	17	12	73	61	1.5087353460449862
J33	14	2	18	25	1.321848224249281
J34	13	9	58	31	1.3469645418648186
J35	15	11	65	1	1.9124842070903227
J36	14	10	73	21	1.3689058628064623
\\ Jobs in machine 4
12
J37	15	12	34	8	1.8441161473344503
J38	15	3	83	40	1.6746998556202366
J39	12	7	30	11	1.9267692757129318
J40	15	6	73	7	1.3956023975363618
J41	17	8	92	20	1.577577134025311
J42	15	10	32	4	0.9773714931371551
J43	15	8	102	12	1.0510440312810385
J44	14	6	65	12	1.143089558661224
J45	14	14	58	16	1.218557156292592
J46	15	5	108	43	0.8876413901617919
J47	15	12	46	50	0.7052476273030093
J48	15	1	44	5	0.9379978400224089
\\ Jobs in machine 5
11
J49	15	7	42	59	0.23772149633160256
J50	14	4	101	51	1.6699019718869406
J51	15	7	99	54	1.762541492140997
J52	17	3	28	2	0.5903750121172807
J53	15	2	88	59	0.9585701507469893
J54	14	8	87	47	1.9414680980781371
J55	16	6	78	12	0.9067057790902455
J56	13	2	12	20	1.121574573107554
J57	15	7	25	17	0.4940738129806823
J58	12	1	46	28	0.8255174940329723
J59	17	6	64	6	0.5957801580052816
\\ Jobs in machine 6
9
J60	14	14	48	51	0.6661869881314191
J61	14	6	68	13	0.8040513393499911
J62	14	4	53	36	1.3680403281649531
J63	14	11	70	9	1.5445963074275837
J64	15	11	107	22	1.3458065350062836
J65	14	11	89	19	1.1919375869427986
J66	15	1	40	53	2.0945762619675454
J67	15	10	12	62	0.14792415256865055
J68	14	3	44	48	0.7688851502864191
\\ Jobs in machine 7
11
J69	13	1	68	43	1.618897516046878
J70	15	10	17	5	0.6774778182926096
J71	16	12	106	44	0.25825750588096164
J72	14	1	33	51	1.1987182698308674
J73	15	1	4	54	1.5199669180721473
J74	13	4	91	38	1.931478282898524
J75	15	10	31	7	2.4974899825563712
J76	16	9	2	58	1.6853535158651884
J77	13	1	33	23	1.9491695373087832
J78	14	11	57	46	0.9410596990110088
J79	14	14	5	63	0.7515415251527953
\\ Jobs in machine 8
12
J80	15	2	69	63	1.5217816604504864
J81	16	10	50	62	1.8817322713433944
J82	15	5	24	34	1.0417760064378423
J83	14	14	83	60	0.766118450136698
J84	15	4	53	15	0.3274510065077536
J85	17	14	90	14	1.3861390833504088
J86	15	5	46	16	1.1922635747695378
J87	14	6	93	2	1.5631248442891126
J88	15	3	5	21	1.0473433034035446
J89	13	7	6	43	1.0787445590121822
J90	14	11	40	25	1.5429844630098877
J91	15	7	72	5	1.2992014798129052
\\ Jobs in machine 9
9
J92	14	3	64	27	0.8240699014438598
J93	15	3	33	6	1.4103794476765292
J94	14	3	93	34	0.9549181248370121
J95	12	14	92	9	1.4688459257611115
J96	14	4	76	19	1.0420951853212792
J97	15	4	98	36	1.0919209311603009
J98	15	1	29	51	1.9574816444171195
J99	13	5	65	5	1.8027401833090577
J100	16	13	92	57	1.4756356671988111
\\ Jobs in machine 10
11
J101	16	10	77	17	0.7618029421018044
J102	14	10	26	46	0.41843323784298314
J103	16	2	36	27	0.6740497661301582
J104	14	6	7	16	1.6779214335160266
J105	15	11	13	8	0.6570998448134208
J106	15	4	27	35	1.102239953602069
J107	14	12	60	40	1.147344379390007
J108	15	4	13	59	1.774831173174531
J109	14	9	77	34	0.5482775824609083
J110	15	4	12	40	1.0070612184897827
J111	13	14	24	34	1.3557394571708434
\\ Jobs in machine 11
11
J112	16	13	102	16	1.3102952010237519
J113	16	13	3	12	2.118501845109797
J114	15	12	40	54	1.3769268500585579
J115	15	13	41	56	1.9458122581150077
J116	14	4	90	14	0.8265239385059437
J117	16	4	81	23	1.337306615864871
J118	15	5	79	19	0.5154642256024923
J119	14	14	49	27	1.1716891091708526
J120	14	3	85	20	1.8285334629596892
J121	16	11	54	18	1.6714723687437225
J122	12	9	70	4	1.6545219363299215
\\ Jobs in machine 12
11
J123	14	6	93	17	0.8777352723365568
J124	14	5	3	19	1.2794322146792811
J125	15	11	16	23	1.570200186918018
J126	15	4	48	27	0.8435230237925524
J127	14	8	35	13	1.335463665293741
J128	14	13	48	53	2.1043763781882925
J129	14	4	83	33	1.3265432304893627
J130	15	10	61	47	1.5028612005922084
J131	16	8	47	49	0.7836555613457421
J132	12	1	60	40	0.7086266843446343
J133	15	11	61	34	1.744448040123093
\\ Jobs in machine 13
11
J134	14	8	2	26	1.0928289308665335
J135	14	1	34	23	1.1242997248404145
J136	13	10	99	20	1.8151757587080186
J137	14	5	97	12	1.0917722268939662
J138	16	12	33	16	0.6834141596904633
J139	15	7	18	16	1.1660037452523655
J140	16	8	71	31	0.9156758893966732
J141	13	7	66	49	0.779967830032543
J142	15	4	21	6	1.347767904834902
J143	13	7	67	61	1.546635020249457
J144	15	13	28	62	0.5339913214288796
\\ Jobs in machine 14
12
J145	14	3	64	46	1.395467643064022
J146	15	14	61	9	0.9669683550188586
J147	16	5	15	34	0.9608407655891528
J148	14	10	99	18	0.8348883474682456
J149	16	3	16	5	0.6822143515393664
J150	15	9	70	2	0.4109745266268747
J151	16	6	87	54	1.3930280618714082
J152	14	3	34	9	0.46526033255120103
J153	15	1	87	10	0.2675625132488004
J154	13	3	86	41	1.056350205958632
J155	16	4	22	4	1.474735119606625
J156	15	5	90	36	0.29904008178357677
\\ Jobs in machine 15
11
J157	14	7	20	28	1.3197989946775617
J158	15	12	91	25	1.846179790012482
J159	14	12	54	25	1.617805616818042
J160	12	12	69	3	0.741859509066645
J161	13	4	25	42	0.9503716959706208
J162	15	4	101	59	1.130830485605321
J163	16	7	49	14	1.3263490660483157
J164	15	13	52	14	1.684371065073936
J165	14	14	26	32	0.9143217168541604
J166	14	10	74	11	1.134321792351338
J167	15	5	54	51	0.8348276978269401
\\ Jobs in machine 16
9
J168	14	4	29	20	1.1657263749969147
J169	15	1	86	1	1.7118273051177042
J170	14	11	108	39	1.5574004622812596
J171	13	6	52	14	0.9078375922980131
J172	16	2	49	49	0.8982254600008059
J173	13	13	75	55	0.9881422705394325
J174	14	3	91	8	0.6509492378134902
J175	16	12	23	46	0.9358719834529333
J176	16	8	33	48	1.7052845024091137
\\ Jobs in machine 17
11
J177	13	6	104	57	1.3824699729046368
J178	14	7	81	11	1.3523095378863845
J179	15	5	91	56	0.5154106822419091
J180	15	14	3	60	1.219395494959495
J181	14	4	74	55	0.34519993758549716
J182	16	5	63	15	0.8750654707707871
J183	14	11	35	36	0.8515845355737162
J184	15	2	56	27	1.5602831179326957
J185	16	14	78	10	1.1143237900410783
J186	14	14	3	18	1.5284456403271516
J187	15	6	103	57	0.7745549171255846
\\ Jobs in machine 18
11
J188	15	6	86	37	0.26003637552513836
J189	16	10	66	31	1.4377861513387789
J190	14	7	69	32	1.0652137187441588
J191	15	1	66	32	0.9157449099808254
J192	15	12	10	57	0.5403057767464942
J193	11	8	43	21	1.8377208196570105
J194	15	9	87	12	1.1207732894344877
J195	15	2	99	38	1.850305130775102
J196	14	8	89	49	0.6389711134595644
J197	16	9	85	40	0.16695786391558132
J198	16	7	89	55	1.3033418046637248
\\ Jobs in machine 19
11
J199	16	10	42	22	0.6872722236656499
J200	13	6	101	23	1.6516518248196097
J201	14	8	14	53	1.353695987324051
J202	13	13	44	13	0.9870195639801418
J203	15	1	62	38	1.626423078492577
J204	16	14	95	47	1.5845418947619525
J205	14	4	72	56	0.7585747929372084
J206	12	7	36	30	0.3670337296160785
J207	13	4	54	33	1.4050010798571533
J208	16	10	94	10	1.6532585934293813
J209	13	13	44	2	0.8309870934530748
\\ Jobs in machine 20
11
J210	14	3	67	1	1.053461875333362
J211	15	9	110	11	0.4322072709052601
J212	16	4	13	62	0.7790855562490222
J213	15	9	57	53	0.27185313943600775
J214	16	3	100	45	1.9579046522138683
J215	14	13	43	55	1.88189843065775
J216	13	9	64	15	1.6551324474020677
J217	14	2	73	55	0.8953743704201506
J218	15	2	54	11	1.0603785464124253
J219	15	1	47	31	1.927729119374637
J220	15	9	68	28	0.5088717707856284
\\ Jobs in machine 21
11
J221	15	12	85	49	1.030160566122017
J222	14	4	46	35	0.10018681077505565
J223	14	13	24	23	0.966962932791567
J224	15	5	96	62	1.1317774130338123
J225	15	10	15	2	1.0220600141712817
J226	15	13	99	61	0.9317865172132409
J227	16	3	24	55	1.3960531907574854
J228	13	8	28	5	0.9695097415051945
J229	15	11	49	63	0.9512017500174481
J230	13	14	50	28	1.5438356106182245
J231	14	14	97	27	0.5253381637528783
\\ Jobs in machine 22
11
J232	16	2	20	12	0.6757921568883972
J233	15	12	64	24	0.5306481197311476
J234	14	11	68	36	1.6884654164875659
J235	13	1	16	21	1.3704973857349074
J236	16	12	100	51	0.6715611833853908
J237	12	12	92	37	0.2612591108674124
J238	16	10	28	37	0.9034997926189707
J239	15	7	102	20	0.7522523175607603
J240	15	3	55	60	0.8290377696789636
J241	15	6	19	48	0.29627056219352665
J242	14	1	90	22	0.7553410111877285
\\ Jobs in machine 23
12
J243	14	14	88	20	2.395082192104713
J244	14	14	105	35	1.7800757945686645
J245	14	12	61	16	0.5914862668124324
J246	14	8	5	10	0.6979302360032785
J247	16	11	97	10	1.3162728117525806
J248	14	3	61	7	0.4835354637602278
J249	17	1	6	42	1.1188408058688637
J250	15	14	73	53	0.9037687499625464
J251	14	9	56	20	0.5090154841691372
J252	17	5	40	25	1.3502105749979918
J253	14	12	75	26	1.1823916409864383
J254	14	4	45	36	1.1875230674664907
\\ Jobs in machine 24
9
J255	16	8	39	3	2.2702804687941036
J256	14	9	8	56	0.7862233283521134
J257	15	8	16	41	1.3335514375488857
J258	15	9	79	19	1.0722607983444603
J259	15	5	39	15	1.1043865476919885
J260	14	3	27	26	1.5506196385952657
J261	16	8	56	48	1.948216937159687
J262	13	8	96	48	2.137514126673973
J263	14	11	85	44	1.1546445358878563
\\ Jobs in machine 25
11
J264	16	14	77	36	1.459390755910597
J265	15	4	88	58	0.5655555554699747
J266	15	12	62	63	1.3269741848247538
J267	14	7	26	44	1.1433455153487087
J268	14	14	9	36	0.543704369773725
J269	15	9	75	15	1.0041772713912138
J270	13	5	93	3	1.2098627095807808
J271	15	13	102	51	0.7160800575777153
J272	14	2	50	44	1.430113507997478
J273	16	14	9	62	1.4070783862532865
J274	16	4	17	41	1.520812233802598
\\ Dependencies 
970
1	2
1	3
1	5
1	6
1	7
1	8
1	9
1	11
2	3
2	4
2	5
2	6
2	7
2	9
2	10
2	11
3	4
3	5
3	7
3	8
3	9
3	11
4	6
4	7
4	9
4	10
5	7
5	8
5	9
6	7
6	8
6	9
6	10
7	8
7	9
7	10
8	10
8	11
9	10
9	11
10	11
12	13
12	14
12	15
12	18
12	19
12	20
12	21
12	23
13	14
13	15
13	18
13	19
13	20
13	21
13	22
13	23
14	17
14	19
14	20
14	21
14	22
15	16
15	19
15	20
15	21
15	22
15	23
16	17
16	18
16	19
16	20
16	21
16	22
16	23
17	18
17	19
17	21
17	23
18	20
18	21
18	22
18	23
19	20
19	21
19	22
19	23
20	21
20	23
21	22
21	23
24	25
24	27
24	29
24	31
24	32
24	33
24	34
24	35
25	26
25	27
25	28
25	29
25	30
25	32
25	33
25	34
25	35
25	36
26	29
26	31
26	33
26	34
26	35
26	36
27	28
27	29
27	30
27	32
27	33
27	35
27	36
28	29
28	30
28	32
28	33
28	34
29	30
29	31
29	32
29	33
29	34
29	35
29	36
30	31
30	32
30	33
30	34
30	35
31	34
31	36
32	34
32	35
32	36
33	34
33	35
33	36
34	36
37	38
37	39
37	40
37	41
37	42
37	43
37	44
37	45
37	46
37	48
38	41
38	45
38	46
39	40
39	42
39	44
39	45
39	47
39	48
40	41
40	42
40	43
40	44
40	46
40	47
40	48
41	42
41	43
41	44
41	45
41	48
42	43
42	45
42	46
42	48
43	44
43	45
43	47
44	48
45	47
46	47
47	48
49	50
49	52
49	54
49	55
49	56
49	57
49	58
50	51
50	52
50	53
50	54
50	55
50	58
50	59
51	52
51	53
51	56
51	57
51	58
51	59
52	54
52	56
52	57
52	58
52	59
53	54
53	55
53	56
53	57
53	58
53	59
54	55
54	58
54	59
55	56
55	58
55	59
56	57
56	59
57	59
58	59
60	61
60	63
60	65
60	66
60	67
61	63
61	67
61	68
62	63
62	64
62	65
62	66
62	67
62	68
63	65
63	66
63	68
64	65
64	66
64	67
64	68
65	66
65	68
66	67
66	68
67	68
69	72
69	73
69	74
69	75
69	76
69	77
69	78
69	79
70	71
70	72
70	73
70	75
70	78
70	79
71	72
71	74
71	75
71	76
71	77
71	78
71	79
72	74
72	76
72	77
72	78
73	74
73	75
73	76
73	78
73	79
74	75
74	76
74	78
74	79
75	76
75	78
75	79
76	77
76	79
77	79
78	79
80	81
80	83
80	84
80	85
80	86
80	87
80	90
80	91
81	82
81	83
81	85
81	87
81	88
81	90
81	91
82	83
82	84
82	86
82	88
82	89
82	90
83	84
83	85
83	86
83	87
83	88
83	90
83	91
84	85
84	86
84	87
84	88
84	90
84	91
85	86
85	87
85	89
85	90
86	87
87	89
87	90
88	89
88	90
89	90
89	91
90	91
92	93
92	94
92	97
92	98
93	94
93	95
93	96
93	97
93	98
93	99
93	100
94	96
94	97
94	98
94	99
95	96
95	98
95	100
96	97
97	98
97	99
97	100
98	99
98	100
101	104
101	106
101	108
101	109
101	111
102	103
102	105
102	107
102	108
102	109
102	110
103	104
103	106
103	107
103	108
103	109
103	111
104	105
104	106
104	107
104	108
104	110
104	111
105	106
105	107
105	108
105	109
105	111
106	107
106	109
106	110
106	111
107	108
107	110
107	111
109	110
110	111
112	113
112	114
112	115
112	116
112	117
112	118
112	119
112	121
112	122
113	114
113	115
113	117
113	118
113	119
113	120
113	121
114	116
114	117
114	120
114	121
115	116
115	117
115	119
115	120
116	117
116	118
116	119
116	122
117	118
117	120
117	121
117	122
118	119
118	120
118	121
118	122
119	120
119	121
120	121
120	122
123	124
123	125
123	127
123	128
123	129
123	130
123	132
123	133
124	128
124	129
124	130
124	131
124	132
124	133
125	127
125	128
125	129
125	130
126	127
126	128
126	129
126	130
126	131
126	132
127	128
127	129
127	130
128	129
128	131
128	132
128	133
129	130
129	131
129	132
129	133
130	131
130	132
130	133
131	132
132	133
134	135
134	136
134	137
134	141
134	142
134	143
134	144
135	136
135	137
135	139
135	140
135	142
135	143
135	144
136	137
136	138
136	139
136	140
136	142
136	143
137	139
137	140
137	141
137	143
138	139
138	140
138	141
138	143
138	144
139	141
139	142
139	143
139	144
140	141
140	142
140	143
140	144
141	144
142	143
142	144
143	144
145	146
145	147
145	153
145	154
145	156
146	147
146	149
146	150
146	151
146	152
146	153
146	154
146	155
146	156
147	148
147	151
147	152
147	153
147	155
148	151
148	152
148	153
148	155
148	156
149	150
149	151
149	152
149	153
149	154
149	155
149	156
150	151
150	152
150	153
150	154
150	155
150	156
151	152
151	153
151	154
151	156
152	153
152	155
152	156
153	155
154	156
155	156
157	158
157	159
157	161
157	164
157	165
157	167
158	159
158	160
158	161
158	163
158	164
158	165
158	166
158	167
159	161
159	162
159	163
159	164
159	166
160	161
160	162
160	163
160	164
161	162
161	163
161	164
161	165
161	166
161	167
162	165
162	166
163	166
163	167
164	165
164	166
165	166
168	170
168	171
168	172
168	174
168	175
169	170
169	171
169	172
169	173
169	175
170	171
170	172
170	173
170	174
170	175
170	176
171	173
171	175
171	176
172	173
172	174
172	176
173	174
173	175
173	176
174	175
175	176
177	178
177	179
177	180
177	183
177	184
177	185
177	186
178	179
178	182
178	183
178	185
179	180
179	181
179	182
179	183
179	185
179	186
179	187
180	181
180	182
180	184
180	187
181	182
181	185
181	186
181	187
182	183
182	184
182	185
182	186
183	184
183	185
183	186
183	187
184	186
184	187
185	186
185	187
186	187
188	189
188	190
188	191
188	193
188	196
188	197
188	198
189	190
189	191
189	192
189	193
189	194
189	195
189	198
190	191
190	192
190	194
190	195
190	196
190	198
191	195
191	197
192	194
192	195
192	196
192	197
193	194
193	195
193	196
193	197
194	195
195	196
195	198
199	200
199	202
199	203
199	204
199	206
199	208
199	209
200	201
200	202
200	203
200	205
200	207
200	208
201	202
201	203
201	206
201	208
202	203
202	204
202	205
202	206
202	209
203	205
203	206
203	207
203	208
203	209
204	206
204	207
204	209
205	207
205	208
205	209
206	207
206	209
207	208
207	209
208	209
210	211
210	213
210	214
210	215
210	216
210	218
211	212
211	213
211	217
211	218
211	220
212	213
212	215
212	217
212	218
212	219
212	220
213	215
213	216
213	217
213	218
213	219
213	220
214	215
214	216
214	217
214	218
214	220
215	216
215	217
215	218
215	219
215	220
216	217
216	219
217	218
217	219
217	220
218	219
218	220
219	220
221	222
221	223
221	224
221	225
221	226
221	229
221	230
221	231
222	223
222	224
222	225
222	227
222	228
222	229
222	231
223	224
223	226
223	228
223	229
223	230
223	231
224	225
224	226
224	229
224	230
224	231
225	226
225	227
225	228
225	229
225	230
225	231
226	227
226	228
226	231
227	229
227	230
228	229
228	230
228	231
229	230
229	231
232	233
232	236
232	237
232	238
232	239
232	241
232	242
233	234
233	235
233	236
233	237
233	238
233	239
233	242
234	235
234	236
234	237
234	238
234	239
234	240
234	241
234	242
235	236
235	238
235	240
235	241
236	238
236	239
236	241
236	242
237	239
237	241
238	239
238	241
239	240
239	241
239	242
240	241
241	242
243	244
243	249
243	251
243	252
243	253
244	245
244	246
244	247
244	248
244	250
244	253
245	246
245	247
245	248
245	249
245	250
245	251
245	253
245	254
246	250
246	251
246	252
246	254
247	249
247	250
247	251
247	252
247	253
247	254
248	250
248	252
248	253
249	251
249	252
250	252
250	253
251	252
251	253
252	253
252	254
253	254
255	258
255	259
255	260
255	261
255	263
256	257
256	258
256	260
256	261
256	262
257	258
257	262
257	263
258	259
258	260
258	262
258	263
259	260
259	261
259	262
259	263
260	262
260	263
261	263
262	263
264	267
264	268
264	269
264	270
264	271
264	272
264	273
264	274
265	266
265	267
265	268
265	271
265	272
266	267
266	269
266	270
266	271
266	272
266	274
267	268
267	269
268	269
268	271
269	270
269	271
269	273
269	274
270	271
270	272
270	273
270	274
271	272
271	273
271	274
272	273
272	274
