\\ machines
3
\\ max power
30
\\ Jobs in machine 1
12
J1	13	2	102	14	0.7821144347778426
J2	15	14	21	1	1.7681629440859
J3	15	8	17	11	0.749611961928593
J4	13	4	84	12	1.017462140275521
J5	15	3	106	1	1.1677271593657428
J6	16	8	45	10	1.2520311390652057
J7	13	13	97	1	0.8000356743439936
J8	15	8	88	15	1.4130941473134055
J9	15	13	75	11	1.5112159278084227
J10	15	7	32	4	0.5842284655409851
J11	15	11	79	1	1.3449544175715367
J12	14	4	8	1	1.7393534484995716
\\ Jobs in machine 2
10
J13	13	9	46	14	1.144088118363105
J14	15	6	56	3	1.0122405763051427
J15	16	4	67	2	1.8117084378394934
J16	16	6	40	4	1.2670010202323627
J17	15	12	95	7	0.41521894092824485
J18	17	14	83	7	1.6417005255981112
J19	14	14	44	8	1.632359014808585
J20	15	9	10	6	2.277511533700186
J21	15	10	107	13	0.37103157735279935
J22	13	6	55	15	1.3742252147241834
\\ Jobs in machine 3
13
J23	16	10	102	2	0.9881267601440158
J24	16	9	95	5	0.97825831198874
J25	15	4	84	14	1.6192933930438524
J26	15	1	28	1	0.7716912990748599
J27	14	13	23	5	1.8768658348864315
J28	16	13	86	4	1.447257194998631
J29	17	14	57	8	1.5120440688703722
J30	14	1	77	15	0.9154968284292464
J31	15	2	45	6	1.7002135933107188
J32	15	8	51	11	0.5520284718619782
J33	13	7	66	3	1.1203911789361702
J34	16	11	47	9	1.277845271341945
J35	15	13	73	5	1.7424422820675285
\\ Dependencies 
20
1	8
2	12
3	4
3	8
5	7
5	9
5	11
6	7
6	10
6	12
14	17
14	21
23	26
23	35
25	31
26	29
26	30
29	30
31	34
31	35
