\\ machines
3
\\ max power
30
\\ Jobs in machine 1
10
J1	16	2	78	6	1.7566841554631583
J2	15	13	84	6	0.5051312899481359
J3	14	6	40	7	1.4091301768823559
J4	15	6	74	6	1.5185155139650637
J5	15	1	81	7	2.126303699191008
J6	16	14	62	6	1.3796383259641054
J7	16	9	99	2	1.9289305667614705
J8	15	12	80	1	1.4882642799965788
J9	15	4	67	5	1.841958663868307
J10	16	14	74	6	1.20342446229681
\\ Jobs in machine 2
11
J11	15	12	42	3	1.972013648085356
J12	14	8	39	5	1.2979425171749412
J13	15	7	41	3	1.7348108135289344
J14	14	2	41	6	0.6388344757297375
J15	15	3	74	1	1.4415578310195407
J16	14	10	106	4	2.186351978006775
J17	16	12	99	6	1.7746865621714094
J18	15	7	87	2	1.2234005548887843
J19	16	11	48	4	2.009093992578324
J20	16	1	63	5	0.7346611173726962
J21	14	9	63	6	1.9307509055708079
\\ Jobs in machine 3
14
J22	15	4	70	8	0.1
J23	14	10	75	8	1.3113859759910624
J24	15	9	63	1	1.3497558085647738
J25	15	8	12	8	2.034975348511988
J26	14	3	85	7	1.2920481919839575
J27	13	4	68	6	0.8910941427519038
J28	15	2	107	4	1.865084306593795
J29	15	13	95	4	1.688046322291159
J30	15	13	32	2	0.5772200923953489
J31	16	8	72	2	1.0211219092466248
J32	13	13	42	8	1.2804972122458296
J33	14	12	76	1	1.380217870107481
J34	14	10	12	1	0.6841622799570191
J35	15	9	92	3	0.756379183239025
\\ Dependencies 
38
1	4
2	7
4	9
5	7
5	8
6	8
7	9
9	10
11	14
12	15
12	19
12	20
12	21
13	14
13	21
15	18
18	19
18	20
18	21
19	20
19	21
22	23
22	29
22	33
23	28
24	27
25	34
25	35
26	27
26	31
26	32
26	33
26	34
27	29
28	30
29	31
29	34
31	34
