\\ machines
25
\\ max power
250
\\ Jobs in machine 1
13
J1	13	14	70	61	1.0308964539430914
J2	14	4	36	37	0.924897654631216
J3	16	13	69	34	1.2271617567753919
J4	15	10	84	121	1.2342029674126036
J5	15	14	97	123	1.6088580062299178
J6	16	2	84	113	1.5188401036371828
J7	13	2	37	61	1.0497601953644875
J8	14	12	13	15	1.2491113657787103
J9	13	1	98	62	2.0131812367518616
J10	14	9	11	72	1.2770668785421653
J11	14	5	110	55	0.49209724054362836
J12	14	3	100	27	0.8850579771393356
J13	14	11	56	87	1.1376036889247547
\\ Jobs in machine 2
12
J14	15	9	58	13	0.38787103833434144
J15	15	10	98	110	0.5969137628862478
J16	13	2	43	89	1.0963391121634454
J17	14	13	43	93	0.9818497646759697
J18	12	8	90	71	1.0696733308665989
J19	14	10	80	24	1.3444681557820273
J20	15	14	23	58	1.6910451019108896
J21	16	14	7	112	0.7254589546095005
J22	14	10	12	53	0.8923127005587879
J23	14	7	83	125	1.212077947928389
J24	15	2	80	31	1.0681250196775696
J25	14	14	31	72	1.4693374443956535
\\ Jobs in machine 3
12
J26	13	10	108	122	1.3237523938154157
J27	14	4	78	123	1.2420610640573533
J28	15	1	50	87	0.7542901159716922
J29	15	8	18	107	1.7003370239786668
J30	15	14	106	26	1.3918438782162308
J31	14	8	19	104	1.728738578269188
J32	14	13	25	29	0.4484009760553477
J33	15	2	100	63	1.6731473536296297
J34	14	13	45	81	1.9305703077860694
J35	15	8	71	112	1.4283653314640061
J36	14	12	9	30	1.9819468248985266
J37	14	14	76	46	1.744641842069425
\\ Jobs in machine 4
9
J38	14	14	61	46	0.8567787344665004
J39	13	10	88	39	1.1180397512125475
J40	16	7	15	44	0.9734647421405236
J41	15	5	6	41	1.5962911897800391
J42	13	5	88	56	1.3505988704972818
J43	14	6	78	48	0.9603177110451153
J44	15	3	13	76	0.7528108656450392
J45	13	13	35	26	0.7066771272260586
J46	15	8	109	86	1.4944326877014427
\\ Jobs in machine 5
12
J47	16	5	30	125	1.5532590076417172
J48	16	12	109	21	0.7304104801600833
J49	16	11	66	1	1.5472905967385697
J50	14	11	64	11	1.264635651743381
J51	14	3	26	100	1.940732561198454
J52	17	8	24	80	1.9839802438238412
J53	15	1	7	23	1.8450000799054216
J54	15	3	2	83	1.6876920887285214
J55	15	6	78	53	1.45380570378117
J56	15	14	50	45	1.704801683147119
J57	16	14	42	24	0.5279853852398841
J58	15	7	87	86	1.4252416891966468
\\ Jobs in machine 6
10
J59	14	5	2	21	0.8253217701343115
J60	14	4	100	38	1.1058918950642918
J61	14	2	63	56	0.38208608480769846
J62	15	3	76	62	0.8508819728903771
J63	13	11	108	73	0.9883769639571076
J64	16	3	13	100	2.200338548042765
J65	16	7	25	97	2.4171421178619
J66	13	9	13	40	0.2913004253641659
J67	14	1	44	49	1.307282085023974
J68	14	10	82	104	1.889525720510259
\\ Jobs in machine 7
11
J69	14	6	99	19	0.5446939719766618
J70	13	5	15	40	0.7494642596820236
J71	14	13	31	94	1.2167879622207107
J72	16	2	58	81	1.073782357565914
J73	15	8	66	87	1.4923901579668732
J74	15	3	95	73	1.258998226921455
J75	15	3	18	46	0.9459084590377733
J76	15	3	95	94	1.0543356195386226
J77	16	5	63	2	1.5898652400192277
J78	17	3	46	95	0.9392820227166332
J79	16	9	38	21	0.8976147785290445
\\ Jobs in machine 8
11
J80	14	11	18	81	1.4398027488681313
J81	14	6	11	86	0.9217969690860857
J82	14	8	30	83	0.8108992936429545
J83	16	3	110	40	1.603586955717586
J84	16	7	2	102	0.6738759086132148
J85	13	6	103	23	0.11802054981623189
J86	17	6	69	57	0.10231748718883638
J87	14	9	99	20	0.1
J88	14	2	109	36	1.4991562125218967
J89	15	6	20	78	0.7533214944930726
J90	15	11	4	111	0.9775589676098011
\\ Jobs in machine 9
11
J91	14	1	75	4	1.0424726991127151
J92	14	10	27	31	0.7051027121019822
J93	15	9	13	52	1.1086544771308322
J94	16	9	100	72	0.7361662559882328
J95	13	1	109	84	1.062601881006864
J96	15	13	104	95	1.8396643771685701
J97	15	2	13	80	2.1474475143620664
J98	15	2	15	49	1.4678427125356144
J99	13	12	16	24	2.2754345207345223
J100	14	11	93	113	1.7553331733994662
J101	14	4	89	13	1.2327924465270272
\\ Jobs in machine 10
11
J102	13	14	46	44	0.18832895153332552
J103	14	4	75	8	0.8364099570274155
J104	13	4	51	43	1.3610605703114091
J105	13	5	19	110	1.1311542078130508
J106	13	11	74	35	1.534181082758057
J107	13	10	21	111	1.1620306714279407
J108	14	10	76	9	1.881814627574236
J109	15	4	102	28	1.0393432631877217
J110	15	2	41	81	0.5642709516682675
J111	14	2	46	80	1.0541614820519905
J112	14	5	32	13	0.658472423168758
\\ Jobs in machine 11
12
J113	16	8	60	71	2.0980166538092044
J114	14	9	39	93	1.2027099034282565
J115	15	9	107	124	1.7831182557463574
J116	14	5	99	52	1.1951669060859982
J117	15	3	17	93	2.2352010990089197
J118	16	3	17	42	1.1135324485231775
J119	14	4	68	35	1.116242809936707
J120	13	2	74	87	1.0758662726919515
J121	13	12	18	71	2.1518847530353824
J122	16	7	44	20	1.616073845273851
J123	14	9	99	14	1.1467516791229668
J124	12	11	107	24	1.4759634093216427
\\ Jobs in machine 12
10
J125	14	7	40	80	0.9591497990728651
J126	14	10	55	63	1.6425757749971723
J127	14	11	3	21	0.8620648672088006
J128	14	2	69	96	1.0873853316105588
J129	13	10	52	1	0.9321655384592775
J130	13	8	32	58	0.1
J131	13	12	76	38	0.909153157596006
J132	15	13	98	75	1.549833433173621
J133	15	8	2	82	1.0765254543520788
J134	14	2	30	61	1.564192811439049
\\ Jobs in machine 13
10
J135	16	2	27	24	2.4369167695654257
J136	15	5	68	11	1.621662283650581
J137	14	7	36	86	0.1
J138	16	14	62	67	0.5996260095320246
J139	14	11	88	122	1.4325561892096188
J140	14	12	54	79	1.3494623320051458
J141	15	12	30	8	0.775988820820799
J142	15	10	20	81	0.3708442090089642
J143	14	8	99	125	2.1173914495688364
J144	14	7	22	93	0.6441627725554219
\\ Jobs in machine 14
12
J145	14	10	109	91	2.189991856052059
J146	16	10	76	117	1.2429947838171955
J147	15	11	60	3	1.1487232606039115
J148	15	11	30	78	0.6318515194489097
J149	13	7	43	50	1.686697684913264
J150	13	8	106	81	1.8142712646265307
J151	14	2	20	121	1.496569969592191
J152	15	14	7	25	2.0259223095102143
J153	15	11	105	85	1.4123085841445369
J154	16	2	59	69	0.7151629371718584
J155	14	5	104	52	1.0541115795079248
J156	13	13	85	99	2.127961348642975
\\ Jobs in machine 15
12
J157	16	7	94	81	0.790426167202134
J158	15	2	57	33	1.3548432734450113
J159	13	2	52	31	1.067122384433161
J160	16	13	81	21	1.5778933831387325
J161	16	4	102	114	0.8534400597925385
J162	14	1	97	74	0.6018725749409736
J163	15	7	101	44	1.637648500396381
J164	13	5	97	77	1.562226002796781
J165	14	2	73	4	1.142322989607017
J166	14	7	90	74	0.5891272474615052
J167	14	10	97	109	1.2543388507825266
J168	13	12	90	26	1.5041394757766198
\\ Jobs in machine 16
11
J169	14	10	34	13	1.259921920609034
J170	14	13	49	114	1.1344989035231088
J171	15	3	27	122	1.7726226945754349
J172	15	9	105	53	0.8393548532805344
J173	13	10	58	50	0.6721328804961211
J174	14	12	66	41	0.4782049387016801
J175	15	11	51	41	1.120281451725798
J176	15	4	18	19	0.7563233404580296
J177	15	3	69	41	1.01834093303204
J178	16	12	5	73	1.3362124981533456
J179	14	3	53	80	1.1855416475540843
\\ Jobs in machine 17
11
J180	17	11	27	118	1.5268927556012255
J181	14	3	22	90	1.4735928483120762
J182	14	2	11	62	1.0070992164993855
J183	15	11	43	35	1.2339524540291902
J184	15	8	12	70	0.8217581894350914
J185	17	4	58	106	1.54289354981367
J186	16	9	54	98	1.038372735698189
J187	16	8	81	58	2.358225116026966
J188	14	11	9	109	1.3800598132939206
J189	11	2	94	111	0.765235101148908
J190	15	10	7	97	1.5488030904182206
\\ Jobs in machine 18
11
J191	15	5	81	64	0.8988736572244436
J192	14	3	25	82	1.413507778178515
J193	15	7	28	114	0.6082726012906197
J194	16	4	86	50	1.908135170962173
J195	15	1	41	109	1.3208381707064374
J196	16	3	8	46	1.6957682900431517
J197	15	3	18	5	1.0708196799767005
J198	16	10	55	8	0.7502215049738736
J199	15	11	80	13	1.1876406320826307
J200	15	5	68	109	1.4651292317422318
J201	16	11	73	36	0.7334171038018356
\\ Jobs in machine 19
11
J202	15	10	64	82	2.1774665173988903
J203	15	5	56	83	1.4254303461097522
J204	14	10	27	36	1.2749102692187662
J205	15	9	21	117	1.053009638312707
J206	15	6	55	40	1.0127899312678759
J207	15	4	58	50	1.2044457065639191
J208	15	13	73	58	1.498829098989047
J209	14	7	107	123	1.3087190957201296
J210	16	4	56	13	1.329492198475831
J211	16	12	30	45	0.37464396070447925
J212	15	10	94	41	1.1710220932231588
\\ Jobs in machine 20
11
J213	14	4	7	100	1.0205538491513013
J214	14	10	51	3	1.3994256300219954
J215	13	3	60	52	1.1733393619983228
J216	13	11	108	36	1.19159026720799
J217	15	5	110	39	0.25339849047151375
J218	15	3	95	94	1.1050062146808668
J219	14	13	21	115	0.4195891064732292
J220	15	1	79	23	1.457086966709578
J221	14	5	30	125	1.4506786323542633
J222	14	1	40	42	1.3156592906639801
J223	17	12	94	89	1.2072455829567397
\\ Jobs in machine 21
10
J224	15	4	25	3	1.5812861788051404
J225	15	12	46	51	2.0031788304874016
J226	15	10	68	32	0.5614501994517733
J227	15	4	98	123	1.8641190481887948
J228	16	4	28	107	1.7919384634425164
J229	15	1	45	68	1.2151452577662776
J230	14	9	53	56	1.302361940390885
J231	16	4	95	44	2.2250643208946563
J232	14	3	85	31	0.7740873461568744
J233	14	3	14	11	2.580713417890621
\\ Jobs in machine 22
11
J234	14	1	19	35	1.6220323241321075
J235	14	10	56	14	0.8199273305758848
J236	16	5	56	88	0.42942887395203155
J237	15	7	32	110	0.5563112545773558
J238	15	11	30	94	1.0841805418991752
J239	12	3	30	120	0.6066294809291567
J240	14	3	58	109	1.0526078024717802
J241	14	1	23	87	1.2160240864258136
J242	15	11	72	34	0.1
J243	14	13	108	38	1.3906553177489038
J244	16	14	6	64	1.4422742016641472
\\ Jobs in machine 23
12
J245	14	14	72	39	0.13137327064455473
J246	14	11	82	42	1.3423090783351268
J247	15	11	77	124	1.9032560090934876
J248	14	2	49	106	1.187617354625884
J249	14	10	74	39	1.083445834150445
J250	14	13	81	124	1.0237683479222288
J251	15	12	89	63	0.7726118652742839
J252	13	3	103	111	1.381608643607897
J253	12	4	79	42	1.4162039386030714
J254	14	3	65	105	1.3761123360123664
J255	14	1	94	99	1.1917203851544362
J256	15	1	27	112	1.4721050424995716
\\ Jobs in machine 24
12
J257	14	6	13	89	1.4617852453379137
J258	16	7	30	116	1.0961548359655482
J259	13	12	34	75	2.076213791799195
J260	14	11	94	64	1.2487707464234308
J261	13	14	2	37	0.7154101089396091
J262	16	8	47	68	1.0114187324675834
J263	16	7	58	103	1.2529842424515059
J264	13	2	58	124	1.3942223771108648
J265	14	12	3	52	1.6120886530212317
J266	17	14	99	76	1.4107035250457796
J267	13	1	110	111	1.5299666753778185
J268	15	10	71	1	1.7866883505868487
\\ Jobs in machine 25
10
J269	14	11	11	106	1.6141591112703577
J270	15	13	36	96	1.371465234105081
J271	13	5	17	87	2.199087591091855
J272	15	10	51	102	0.7074129741910486
J273	13	4	43	1	0.6466194816766833
J274	14	1	77	37	0.6534035075200404
J275	15	7	51	36	1.644529379913774
J276	13	7	10	118	0.9718956537650555
J277	14	8	13	28	2.007217880942834
J278	15	8	73	100	1.2961144505613464
\\ Dependencies 
287
1	7
1	8
1	11
2	4
3	4
3	5
4	7
4	12
5	9
5	10
6	7
6	8
6	13
8	10
8	12
9	13
10	11
10	12
10	13
14	22
15	24
16	23
17	18
17	24
17	25
18	20
19	21
19	24
19	25
20	21
20	23
21	25
27	30
27	37
29	32
29	33
29	35
33	36
34	37
35	36
38	40
38	41
38	44
40	43
41	44
42	46
43	45
45	46
47	49
47	51
47	52
47	55
47	58
48	49
48	52
48	57
48	58
49	52
49	54
50	51
50	52
52	55
54	56
56	57
59	67
60	62
60	64
60	68
61	66
62	66
64	67
65	66
65	67
66	67
67	68
69	71
69	73
70	77
70	79
71	72
71	76
71	78
71	79
72	75
78	79
80	81
80	83
80	84
80	85
80	90
81	82
81	83
81	84
83	84
83	85
83	88
84	88
85	88
85	90
87	90
88	89
91	93
91	99
92	95
92	99
92	100
92	101
93	95
93	97
93	98
93	100
96	99
97	100
99	101
102	103
102	106
102	107
102	109
104	105
105	109
106	109
108	109
113	115
113	116
114	118
114	119
114	121
114	123
115	117
115	120
115	121
116	118
117	123
117	124
118	122
120	121
121	122
125	131
126	133
127	130
128	130
131	132
131	133
131	134
132	134
135	142
136	137
137	142
137	144
139	144
140	143
141	143
141	144
142	144
146	148
146	150
147	149
147	151
147	152
147	154
147	155
147	156
148	150
148	153
150	151
150	156
151	154
151	155
157	159
157	160
157	161
157	162
157	168
158	166
158	168
159	162
161	164
162	167
163	166
169	179
170	174
170	177
171	173
171	174
173	177
173	178
174	178
180	183
180	187
180	190
181	183
181	185
181	188
182	185
182	187
182	190
183	184
183	185
183	187
183	190
184	189
186	187
186	190
191	194
191	200
192	195
192	197
192	200
192	201
193	199
194	200
195	200
198	199
198	200
202	208
203	208
204	208
204	210
204	212
206	209
206	210
209	212
213	218
213	221
214	221
215	216
215	217
215	222
215	223
216	218
216	221
216	223
218	222
224	226
224	229
225	233
227	232
228	229
229	230
230	233
234	236
234	240
234	241
234	243
235	236
235	240
235	241
235	242
236	238
236	240
236	241
236	243
237	238
238	240
238	242
238	244
242	243
245	253
245	254
246	251
247	251
248	252
249	252
249	255
252	256
253	255
253	256
257	258
257	259
257	261
257	267
258	262
259	265
260	264
262	263
262	266
262	268
263	264
263	267
263	268
265	266
266	267
267	268
270	274
270	278
271	277
272	277
