\\ machines
12
\\ max power
120
\\ Jobs in machine 1
10
J1	13	8	84	48	1.4678618798316514
J2	15	4	90	67	1.19928543714792
J3	13	10	103	47	0.9541531505075657
J4	14	6	66	1	0.9897635374026509
J5	12	2	80	85	1.7339539967697117
J6	13	8	20	23	0.17099549488932397
J7	16	8	90	75	2.1850082332646497
J8	15	2	107	90	0.8324149242293395
J9	15	9	24	36	0.4785943044869171
J10	15	5	60	14	1.0599000524339484
\\ Jobs in machine 2
11
J11	13	3	99	71	1.0561758752832708
J12	15	10	47	1	1.454527703556016
J13	15	5	4	18	1.8646825835323986
J14	13	8	16	2	0.9361538674957743
J15	14	4	43	2	1.0627593977401835
J16	14	1	77	88	1.0059388037105659
J17	16	12	94	1	1.8738908818630469
J18	15	13	93	47	0.933139164776313
J19	14	13	71	41	0.6007764761322538
J20	13	1	80	24	1.7507624209226063
J21	15	2	40	73	0.736437924981413
\\ Jobs in machine 3
12
J22	13	5	107	35	1.5786428578395084
J23	14	8	6	22	1.811148032659947
J24	14	6	85	35	1.0664645634535321
J25	15	13	56	26	1.5335228133123338
J26	12	3	29	43	1.1057101004054015
J27	16	3	28	53	2.214656043876243
J28	17	8	27	59	0.5340169852976241
J29	14	7	106	36	0.5492648798097562
J30	14	14	64	56	1.5041273214215893
J31	15	4	23	11	1.9933789524628187
J32	13	5	17	63	0.9649219093578972
J33	14	10	93	53	1.1838322061653515
\\ Jobs in machine 4
12
J34	15	13	10	1	1.1132825564410624
J35	15	6	3	69	0.8804052996223631
J36	14	13	85	60	0.1307834923223865
J37	16	9	110	68	1.2778101970752505
J38	15	1	82	66	0.9033165558098907
J39	15	14	59	11	1.0317702496722454
J40	15	2	5	13	0.1
J41	15	1	70	61	1.2111807387681728
J42	14	12	87	25	0.7088868431848608
J43	16	6	87	26	1.1669907313823422
J44	14	12	86	24	0.8337113552908506
J45	13	9	19	81	0.9350454476617904
\\ Jobs in machine 5
11
J46	14	9	30	72	1.502995182750734
J47	14	10	77	1	0.9586498650097885
J48	15	4	106	5	1.304781954841932
J49	12	14	91	69	0.6771125472998011
J50	13	3	66	30	1.5108988829601684
J51	14	2	38	32	0.6318906383930161
J52	14	13	109	21	1.732592136747062
J53	14	12	96	53	2.092282735700765
J54	13	1	81	64	1.2739719782144805
J55	16	4	31	33	1.4109788399033063
J56	15	12	8	36	1.0567722417628056
\\ Jobs in machine 6
9
J57	15	2	39	59	1.5498725983634638
J58	16	3	47	10	1.169741341892244
J59	15	9	29	65	0.5959827850429387
J60	13	12	109	90	0.5514350965932794
J61	15	8	98	11	1.031514902341938
J62	14	13	106	21	1.7623216221782307
J63	14	10	63	73	0.9796930818646477
J64	16	8	105	55	0.4851427584868302
J65	14	12	4	87	1.1440561164812204
\\ Jobs in machine 7
11
J66	13	2	82	79	1.003136956607641
J67	15	2	9	2	1.8747688436999645
J68	14	10	27	75	0.8368385971983694
J69	15	8	55	13	1.4554309300203867
J70	15	3	76	74	1.8087094729504591
J71	16	12	38	79	1.534091806206494
J72	15	8	108	17	1.9404361103203174
J73	14	7	93	48	1.1504589063301398
J74	17	3	45	89	0.6592495697080254
J75	14	2	10	83	1.0402023598363883
J76	13	5	6	8	0.7654250657482131
\\ Jobs in machine 8
10
J77	14	5	64	24	2.0950447709049325
J78	15	11	88	56	0.7264774433058728
J79	16	7	28	87	0.7293773418597962
J80	14	4	57	25	1.4826548192561844
J81	15	9	49	11	2.20575438623772
J82	12	11	99	84	2.002401572164083
J83	13	6	108	87	0.8409122889482994
J84	14	11	34	27	0.6620308731805299
J85	15	5	2	17	1.262774534025466
J86	14	7	47	15	2.0904457478286838
\\ Jobs in machine 9
10
J87	15	3	99	55	0.8269371808335808
J88	14	9	50	86	0.1
J89	14	2	15	2	0.9112055292827488
J90	16	9	11	21	1.688897461677878
J91	14	1	26	21	1.8744055913903934
J92	15	3	82	24	1.6335280769557459
J93	15	6	16	1	1.4296762738717712
J94	15	7	40	27	0.5586167961327196
J95	14	11	6	82	0.7566247276172644
J96	12	5	102	19	1.4319343726772134
\\ Jobs in machine 10
10
J97	17	9	25	31	0.8496739061825832
J98	15	11	22	47	1.129657177869764
J99	15	10	101	23	2.038266584533555
J100	16	13	18	58	0.13177061204650697
J101	15	10	75	44	0.5467218456651433
J102	16	7	53	74	1.1178534272623912
J103	15	2	4	48	1.0596973798804623
J104	15	14	81	28	0.7854828979546755
J105	14	7	63	22	1.6719758230011774
J106	16	7	60	63	0.7795314359190973
\\ Jobs in machine 11
10
J107	14	9	60	76	1.9685228620826187
J108	15	9	81	60	1.011908854486482
J109	15	12	34	85	1.2621114676937994
J110	14	14	84	26	1.58607615594051
J111	15	13	58	1	0.9433280582969407
J112	16	6	104	18	1.4816686570975193
J113	13	6	107	28	1.2414398489086191
J114	15	13	53	69	1.517281595398873
J115	14	9	22	38	1.3196630141793402
J116	15	3	97	12	1.7732050414988478
\\ Jobs in machine 12
11
J117	15	8	30	89	1.2301045876577978
J118	13	9	88	40	1.645168759428354
J119	15	9	51	22	1.5575338299540458
J120	16	1	69	49	0.7328298510888266
J121	14	14	44	56	0.8462951110337358
J122	15	9	25	36	1.2663709659467943
J123	15	13	5	35	0.1
J124	13	11	36	29	1.0770452727614188
J125	16	4	90	10	1.0544511293289882
J126	15	7	96	75	1.2327109524745987
J127	15	8	20	35	1.6407161255254439
\\ Dependencies 
307
1	3
1	5
1	6
1	7
2	3
2	5
2	6
2	7
2	8
2	9
2	10
3	4
3	7
4	5
4	6
4	9
4	10
5	6
5	8
6	9
6	10
7	8
7	9
8	9
9	10
11	13
11	14
11	15
11	16
11	21
12	13
12	14
12	16
12	19
12	20
12	21
13	14
13	15
13	17
13	19
13	21
14	16
14	19
14	20
15	16
15	18
15	20
16	21
17	21
18	19
18	20
18	21
19	21
22	28
22	29
22	32
22	33
23	24
23	26
23	28
23	29
23	30
23	31
24	27
24	28
24	30
25	29
25	31
25	32
25	33
26	27
26	29
26	31
26	33
27	28
27	30
27	31
27	32
27	33
28	30
28	31
28	32
28	33
29	33
30	32
30	33
31	33
32	33
34	35
34	39
34	42
34	43
34	44
34	45
35	37
35	38
35	40
35	42
35	44
35	45
36	39
36	41
36	42
36	45
37	40
37	44
38	39
38	40
38	41
38	42
39	43
39	44
40	44
41	43
41	45
42	43
42	44
42	45
44	45
46	47
46	51
46	53
46	54
47	48
47	51
47	53
47	55
48	50
48	53
48	54
48	56
49	55
50	51
51	53
51	54
52	53
52	54
52	56
53	55
53	56
54	55
54	56
57	58
57	59
57	61
57	62
57	63
57	64
58	59
58	61
58	63
59	60
59	62
59	64
61	62
61	63
62	63
62	64
63	64
64	65
66	67
66	68
66	70
66	72
66	73
66	75
67	70
67	72
67	75
68	69
68	71
68	74
68	76
69	70
69	71
69	76
70	71
70	72
70	75
70	76
71	72
71	76
74	75
75	76
77	78
77	79
77	82
77	83
77	84
77	86
78	80
78	82
78	84
78	85
79	80
79	82
79	85
80	81
80	82
80	83
80	85
81	83
81	86
82	83
83	84
83	85
84	85
85	86
87	90
87	91
87	92
88	90
88	93
88	96
89	90
89	91
89	92
89	94
89	95
90	92
90	93
90	95
90	96
91	94
91	96
92	93
92	95
93	95
94	95
94	96
97	100
97	102
97	103
97	104
97	106
98	99
98	101
98	103
98	104
98	105
99	100
99	103
99	106
100	101
100	106
102	106
103	104
104	105
104	106
105	106
107	113
107	116
108	109
108	110
108	111
108	113
108	115
109	111
109	112
109	113
109	115
109	116
110	113
110	114
110	115
111	113
111	114
111	116
112	114
112	115
113	114
113	115
117	119
117	121
117	124
117	126
117	127
118	119
118	120
118	124
118	125
118	126
119	120
119	122
119	123
119	125
119	127
120	121
120	122
120	123
120	124
120	125
120	126
120	127
121	122
121	124
121	125
121	127
122	123
122	125
122	127
123	124
123	127
124	127
125	126
125	127
126	127
