\\ machines
18
\\ max power
180
\\ Jobs in machine 1
12
J1	14	14	54	9	0.6387159000342296
J2	15	13	80	20	1.8894482562067174
J3	15	6	92	1	1.547497429973071
J4	16	12	53	18	0.9619827501559262
J5	14	5	33	45	0.364538818984409
J6	14	2	56	34	0.991254037177502
J7	15	4	87	17	1.6121052875363626
J8	15	1	108	40	1.285720234237978
J9	16	1	55	30	1.3505156735510346
J10	13	7	7	30	1.5615989600258562
J11	14	3	46	14	0.5718033146168023
J12	15	8	73	37	1.210458164968257
\\ Jobs in machine 2
10
J13	14	13	86	17	1.0327310337222126
J14	15	5	2	13	1.1734734087007281
J15	17	7	19	20	1.2198923112911737
J16	15	7	4	26	1.1612426558184668
J17	17	10	83	3	1.8237834570190297
J18	16	3	73	41	1.211840547828388
J19	16	2	44	1	1.032696651148196
J20	14	3	28	18	1.065350332984796
J21	15	11	18	6	1.04853961863575
J22	14	4	64	12	1.037590844840776
\\ Jobs in machine 3
10
J23	15	1	84	35	0.7772067851822317
J24	13	10	97	30	0.8707752576452685
J25	13	9	17	39	1.8507553084595063
J26	15	13	12	24	0.9788968373632447
J27	14	12	80	38	1.1839053290997388
J28	14	3	110	37	1.5005709897253332
J29	13	7	94	27	1.3457025020517228
J30	15	14	77	11	1.7571592959572382
J31	13	2	50	25	0.3046114051191814
J32	16	7	16	17	2.1709186814549675
\\ Jobs in machine 4
10
J33	16	3	37	30	1.3103991816495035
J34	13	12	74	42	1.2276182088256427
J35	16	7	100	5	1.6364508770496593
J36	14	8	11	36	1.3077382736023322
J37	12	10	85	17	1.2105188678712826
J38	13	4	10	45	1.1873399435972116
J39	12	12	16	39	2.578528497486258
J40	15	9	62	23	0.8899505245114387
J41	13	10	104	44	0.732194665320741
J42	12	13	85	41	0.6395980139911026
\\ Jobs in machine 5
10
J43	16	6	26	6	0.3645488448844203
J44	14	2	84	29	1.6118749051019479
J45	16	4	44	33	0.961909891166353
J46	15	14	27	10	0.5571538670030663
J47	16	12	74	14	1.99246563269031
J48	15	2	56	27	1.168554136777205
J49	14	3	63	39	1.0302303827254662
J50	13	5	72	2	0.95672926140498
J51	15	13	14	22	1.4744973795421137
J52	14	10	63	30	0.6988936741578137
\\ Jobs in machine 6
12
J53	13	2	84	16	0.7482431392543092
J54	14	6	31	22	0.5015329435398003
J55	14	9	22	25	1.2036326517767177
J56	13	10	99	26	1.5259875250489894
J57	14	2	7	11	1.329952970683365
J58	14	5	23	8	0.7029182765988222
J59	16	6	67	41	0.1
J60	13	6	72	26	1.0366197093515963
J61	13	2	68	31	0.5032175548412413
J62	14	2	84	4	1.0993596848523108
J63	13	3	36	40	1.1121196847587311
J64	15	10	38	35	0.1
\\ Jobs in machine 7
11
J65	15	8	82	4	0.745335124711388
J66	14	11	27	13	1.2799964688705756
J67	14	14	100	30	0.33247593857180224
J68	13	10	80	1	1.240232568140783
J69	14	10	91	22	1.1442933307298289
J70	12	6	95	8	1.3605338641382247
J71	14	3	15	23	1.2454950561940787
J72	14	8	38	36	0.7395473084832118
J73	14	5	99	20	0.5957319556093963
J74	16	6	20	42	1.0018110857778046
J75	16	3	25	39	1.2890134471939279
\\ Jobs in machine 8
12
J76	15	10	33	45	1.3314346576723732
J77	14	8	96	28	0.7440322590684728
J78	15	4	38	28	1.8944668296003258
J79	13	11	41	45	0.9326841709664455
J80	15	12	43	2	0.5875053759157901
J81	15	12	50	19	1.2501701901196942
J82	15	1	42	45	2.3351512286636633
J83	14	14	80	5	1.0540831395091999
J84	14	3	27	7	1.4308722886057128
J85	17	5	32	18	1.4995580968944777
J86	14	7	38	10	1.4898947976551127
J87	15	4	58	8	0.8781019430948149
\\ Jobs in machine 9
10
J88	15	8	14	41	1.3302885244808325
J89	15	1	37	16	0.8947442225460769
J90	15	5	43	44	0.4514625664313515
J91	14	1	38	42	0.6621334920233275
J92	17	4	38	15	1.708197488219132
J93	14	7	29	17	1.0057201431623173
J94	14	9	42	5	1.0878569865163823
J95	16	7	3	13	1.2457765911635403
J96	15	6	36	3	1.1796099012684962
J97	16	6	51	39	0.9174854394099635
\\ Jobs in machine 10
11
J98	13	11	106	4	1.5635847449633062
J99	16	14	69	35	1.7558238274235083
J100	14	1	96	6	1.3650707449801511
J101	14	8	65	19	0.6372769658915435
J102	14	12	45	7	0.9918934320380557
J103	13	11	78	21	1.2820552867791157
J104	15	4	48	41	0.6216545563140252
J105	14	11	66	25	1.6215142523050154
J106	14	5	63	41	1.2286198028652928
J107	14	13	38	39	1.2113257520169596
J108	16	6	101	36	0.21511242403331432
\\ Jobs in machine 11
10
J109	14	4	81	8	1.5715630023765514
J110	15	6	19	4	0.9759549684979524
J111	15	9	15	28	1.3571749666482755
J112	13	8	91	19	1.7699312105003822
J113	15	7	62	31	0.7629464646814894
J114	14	2	27	12	1.327611500180173
J115	15	14	68	7	1.3402798472581061
J116	13	1	93	35	1.80632352564113
J117	15	7	52	41	1.9269663731146074
J118	16	6	80	15	1.371549182032633
\\ Jobs in machine 12
10
J119	13	11	61	26	0.665342883682998
J120	15	13	19	42	1.338757103940305
J121	15	4	32	26	1.9129288153897017
J122	15	2	21	12	1.1289902822244189
J123	16	8	21	37	0.8744495351994604
J124	14	2	53	32	1.0747764286527433
J125	13	7	63	23	0.882312350273716
J126	14	4	35	24	1.4919348517208535
J127	15	1	68	45	1.699913604156144
J128	15	5	33	17	0.8192286420242867
\\ Jobs in machine 13
11
J129	14	3	47	30	1.0161166304578524
J130	17	8	6	32	1.448744393698184
J131	15	11	6	37	1.604165442713202
J132	14	5	14	31	1.00220653040661
J133	13	7	7	43	1.5535613323482003
J134	16	4	97	6	1.0808274687529293
J135	15	10	17	33	1.1377558963199002
J136	13	9	51	38	0.22893317725588613
J137	15	13	8	37	0.9628320802584047
J138	14	8	30	31	0.673790245454152
J139	15	6	34	7	1.2471978169966582
\\ Jobs in machine 14
10
J140	15	14	23	38	0.9996023193095139
J141	15	12	100	44	1.4150831185102568
J142	16	2	55	40	0.7472600365922573
J143	14	4	81	34	0.5872482186645064
J144	17	9	99	28	1.390416075482115
J145	14	11	30	38	1.9057871463912934
J146	16	2	67	16	0.887408370333667
J147	15	9	11	35	1.4627295685943773
J148	12	8	65	19	1.539365492450696
J149	14	13	7	19	1.2586813291971886
\\ Jobs in machine 15
12
J150	15	2	29	22	1.417761916749972
J151	16	4	87	33	2.3548257056396826
J152	14	11	110	35	1.4362887096589647
J153	15	11	53	29	0.7203291800654996
J154	15	14	60	30	1.9558368868533653
J155	14	4	48	1	1.163691730018863
J156	15	1	85	3	0.6681406780155501
J157	14	9	75	39	1.5296929997654347
J158	13	3	58	36	0.46661749729811264
J159	13	12	89	40	1.8155997774692714
J160	15	4	50	38	2.2681545987574383
J161	15	8	99	28	1.4630917237795213
\\ Jobs in machine 16
12
J162	16	9	109	15	1.0930200672541104
J163	13	6	66	43	0.8354858880138003
J164	15	6	48	44	1.2776985311991707
J165	15	4	79	35	1.0009373067314755
J166	14	9	100	13	1.3008996628336555
J167	14	10	54	32	1.2557566125587944
J168	14	2	20	39	1.2072304442376511
J169	15	5	20	10	0.5724591762535397
J170	18	6	83	12	0.9702851996618012
J171	13	1	51	15	1.7555536329656272
J172	15	12	6	23	1.5406124623697317
J173	13	7	57	14	0.9277270488274831
\\ Jobs in machine 17
11
J174	14	9	14	37	1.428032187831681
J175	13	3	95	33	1.3000276026574815
J176	15	7	62	35	0.9834019761879194
J177	15	11	79	8	0.8701601019572445
J178	15	4	16	21	1.2913676012182356
J179	15	11	103	14	1.1414759978750977
J180	14	13	21	6	0.7449693454033111
J181	14	6	7	43	1.4668187848782666
J182	15	11	40	44	1.7034357805557816
J183	13	6	90	4	1.0568300672784297
J184	15	11	64	34	1.3161563939819918
\\ Jobs in machine 18
11
J185	15	6	71	33	1.784975284535017
J186	13	3	55	19	1.6121831277320768
J187	15	2	5	41	2.044051344120404
J188	14	5	20	2	0.360814723460367
J189	14	1	40	30	2.437415618550853
J190	14	13	89	5	0.6753267025187885
J191	15	11	22	27	1.3587189109626576
J192	12	8	52	22	1.8244812260152052
J193	13	14	2	36	0.843552368297459
J194	13	8	10	7	1.1425870607294324
J195	15	14	60	8	0.6505833576715108
\\ Dependencies 
545
1	3
1	4
1	7
1	8
1	10
1	11
1	12
2	5
2	6
2	7
2	9
2	10
2	11
3	4
3	7
3	8
4	5
4	7
4	9
4	10
5	7
5	10
6	10
6	11
7	8
7	9
7	12
8	9
8	11
9	10
9	11
10	11
10	12
11	12
13	14
13	15
13	17
13	19
13	22
14	15
14	18
14	20
15	16
15	17
15	18
16	19
16	20
16	22
17	18
17	19
17	22
18	19
18	20
19	20
19	21
19	22
20	22
21	22
23	24
23	25
23	26
23	27
23	28
23	31
24	26
24	27
24	30
24	32
25	28
25	30
25	32
26	27
26	28
26	29
26	30
27	31
28	29
30	31
30	32
31	32
33	35
33	37
33	38
33	39
34	35
34	36
34	37
34	39
34	40
34	41
34	42
35	36
35	37
35	38
35	39
35	40
35	41
35	42
36	37
36	38
36	39
36	41
36	42
37	38
37	39
37	42
38	39
38	40
38	41
38	42
40	41
40	42
43	44
43	46
43	47
43	49
43	50
44	45
44	48
44	49
44	51
44	52
45	47
45	48
45	50
45	51
45	52
46	47
46	49
46	50
46	52
47	50
48	49
48	50
48	51
48	52
49	50
49	51
50	51
50	52
51	52
53	54
53	55
53	56
53	58
53	59
53	60
53	61
53	63
53	64
54	61
54	64
55	56
55	63
55	64
56	58
56	61
56	63
56	64
57	58
57	59
57	60
57	62
57	64
58	59
58	61
58	63
58	64
59	60
59	61
59	62
59	63
59	64
60	64
61	62
63	64
65	66
65	67
65	68
65	69
65	70
65	71
65	72
65	75
66	68
66	70
66	71
66	72
66	73
66	75
67	68
67	70
67	71
67	72
67	74
67	75
68	72
68	73
68	74
68	75
69	70
69	72
69	73
69	75
70	71
71	75
73	74
73	75
74	75
76	77
76	79
76	81
76	82
76	83
76	85
77	80
77	83
77	87
78	85
78	86
78	87
79	80
79	82
79	86
80	82
80	83
80	84
80	85
80	86
80	87
81	85
81	87
82	85
82	87
83	85
83	86
84	85
84	86
84	87
85	86
88	89
88	91
88	92
88	93
88	94
88	95
88	96
88	97
89	92
89	95
90	94
90	96
90	97
91	93
91	94
91	95
91	96
92	93
92	94
92	95
93	94
93	96
94	97
95	96
96	97
98	99
98	100
98	101
98	102
98	104
98	106
98	107
98	108
99	100
99	101
99	102
99	104
99	108
100	101
100	102
100	103
100	104
100	105
100	106
101	102
101	103
101	104
101	107
101	108
102	103
102	107
103	105
103	106
103	107
103	108
104	105
104	106
104	107
105	107
105	108
106	108
107	108
109	111
109	114
109	115
109	117
110	111
110	112
110	115
110	116
110	117
110	118
111	114
112	113
112	114
112	115
112	116
112	118
113	114
113	115
114	115
114	117
114	118
116	117
117	118
119	123
119	124
119	125
119	126
119	127
120	121
120	122
120	123
120	124
120	125
121	122
121	123
121	124
121	125
121	127
121	128
122	123
122	124
122	125
122	126
122	128
123	128
124	126
124	127
124	128
125	126
125	128
126	127
126	128
129	132
129	135
129	138
130	131
130	135
130	136
130	137
130	139
131	132
131	134
131	135
131	136
131	137
131	138
131	139
132	134
132	136
133	135
133	136
133	138
133	139
134	135
134	137
135	136
136	139
137	138
137	139
140	142
140	143
140	147
140	149
141	143
141	144
141	145
141	147
142	143
142	144
142	149
143	146
143	148
143	149
144	145
144	146
144	147
145	146
145	149
146	148
146	149
147	148
147	149
150	151
150	152
150	153
150	154
150	155
150	156
150	157
150	158
150	159
150	160
150	161
151	152
151	155
151	156
151	160
151	161
152	155
152	159
153	155
153	157
153	159
153	161
154	157
154	158
154	159
154	160
155	157
155	158
155	159
155	161
156	159
156	160
157	159
157	160
157	161
158	160
159	160
160	161
162	163
162	164
162	167
162	168
162	171
162	172
162	173
163	166
163	168
163	170
163	171
163	172
164	165
164	166
164	168
164	169
164	170
165	167
165	169
165	170
165	171
165	172
165	173
166	167
166	171
166	173
167	169
167	170
167	172
168	169
168	170
168	172
168	173
169	170
169	171
169	172
169	173
171	173
174	176
174	177
174	178
174	180
174	181
174	182
174	184
175	177
175	178
175	181
175	183
175	184
176	178
176	181
176	182
176	184
177	181
177	183
177	184
178	183
178	184
179	180
179	181
179	184
180	181
180	182
180	184
181	183
182	183
182	184
183	184
185	187
185	190
185	191
185	193
185	195
186	189
186	190
186	191
186	193
186	194
186	195
187	189
187	190
187	191
187	193
187	194
187	195
188	189
188	191
188	194
188	195
189	190
189	192
189	193
189	194
189	195
190	191
190	193
190	194
192	193
192	194
192	195
193	194
193	195
