\\ machines
20
\\ max power
200
\\ Jobs in machine 1
11
J1	13	7	84	31	0.9077438028007354
J2	15	11	42	40	1.113380870839587
J3	15	3	16	8	1.9172361617298248
J4	15	12	14	23	1.2473912303038348
J5	14	2	66	36	1.8693068569316442
J6	17	11	96	36	2.0182454081554817
J7	13	1	92	26	0.7079456744041654
J8	13	6	8	7	1.1619636955707418
J9	14	3	78	22	0.33388734867551184
J10	14	3	8	15	1.4534884366209382
J11	15	11	95	15	1.3355320839726081
\\ Jobs in machine 2
12
J12	15	14	21	46	0.97757238550659
J13	17	13	83	43	0.6995806283196612
J14	13	12	102	14	1.8785548788937318
J15	14	8	42	39	0.7378392036447315
J16	15	2	109	14	0.5324839406552687
J17	14	2	99	4	1.540059390038568
J18	13	14	73	48	1.4815275805941472
J19	13	8	91	32	1.2209909593867563
J20	14	10	30	18	1.3746960478312134
J21	13	8	50	19	1.8257289428175763
J22	16	1	25	20	0.3587345784102599
J23	13	5	50	45	2.0579753553090248
\\ Jobs in machine 3
10
J24	13	6	26	28	1.1696659407416314
J25	15	7	71	15	0.9808721057015473
J26	14	10	74	39	0.665225795801887
J27	12	13	68	42	1.2034154082362922
J28	14	9	46	24	0.6124184008695985
J29	14	2	65	16	0.35601682189504036
J30	12	12	108	45	0.7134559933415767
J31	14	4	101	49	0.5975500600395205
J32	15	6	17	22	1.1577285664547614
J33	16	3	92	4	1.1261652866931617
\\ Jobs in machine 4
12
J34	14	14	44	6	1.9174074997232895
J35	15	8	12	50	0.8827078332538647
J36	15	13	18	3	0.7000631323672337
J37	15	11	30	40	0.7067598964090789
J38	16	8	87	1	1.4254401972113397
J39	14	4	66	47	0.9171611176778001
J40	12	12	34	17	1.8783260486070894
J41	15	2	69	32	0.22569961275851746
J42	15	12	76	9	0.3514713059343756
J43	14	14	30	22	1.0242938221138496
J44	15	3	39	28	1.4743776321581614
J45	15	11	19	46	1.38443948558332
\\ Jobs in machine 5
11
J46	15	9	15	3	1.16154886673216
J47	14	9	24	9	1.0751115064007692
J48	16	8	23	40	1.17107786411184
J49	14	11	38	18	1.0823257495129266
J50	16	12	93	33	1.4729863206513794
J51	14	12	5	24	0.7615777353145036
J52	15	8	60	46	1.2364595621415808
J53	16	2	18	13	1.4272354129653941
J54	14	4	69	7	1.9217000648291467
J55	14	10	50	8	1.2345795191054871
J56	15	3	34	12	1.4814038466614068
\\ Jobs in machine 6
10
J57	16	11	8	2	1.2065450898114372
J58	13	12	48	47	2.0010040139930925
J59	14	13	7	11	1.299054486996069
J60	16	4	27	29	1.516263827485428
J61	14	11	62	14	0.7119739489471922
J62	13	4	83	18	0.4910521988004404
J63	16	5	77	9	2.1303523017010537
J64	15	4	36	21	2.0525549938110346
J65	14	11	14	49	0.9039551128345976
J66	14	10	66	41	1.1546264664374943
\\ Jobs in machine 7
11
J67	15	7	110	7	1.520069396972683
J68	16	1	30	25	1.5691540431559956
J69	15	6	89	4	0.9530434840192225
J70	13	11	24	25	2.1462516841797483
J71	14	12	78	17	1.256184737616216
J72	15	10	101	11	0.8127432537471154
J73	13	7	61	4	1.6684662651172188
J74	13	7	54	24	0.4727524353576865
J75	16	1	38	25	0.879141144032747
J76	16	14	65	20	0.7671993404076967
J77	14	2	52	15	0.1
\\ Jobs in machine 8
9
J78	16	4	39	38	1.8790799457554157
J79	15	12	57	44	0.5598299691850638
J80	12	4	79	25	1.4871722989931104
J81	14	6	106	45	1.621461652249869
J82	13	11	106	22	1.6917110968922222
J83	15	11	76	4	0.12050999729514311
J84	14	10	83	36	1.0441916241032112
J85	14	8	69	13	0.6235372558966947
J86	15	2	58	45	1.461660610938576
\\ Jobs in machine 9
9
J87	16	5	42	38	1.1338452467197953
J88	15	7	6	2	1.662809528037227
J89	14	5	16	5	0.942780810281275
J90	15	12	92	35	1.3410342934237949
J91	14	2	109	1	0.39596395011543095
J92	13	11	64	40	1.3551806042703696
J93	13	3	4	34	1.4277210715142634
J94	15	8	72	37	1.466136694820424
J95	14	4	75	8	1.316260588041475
\\ Jobs in machine 10
10
J96	13	9	37	17	0.8873374438473837
J97	14	13	34	11	1.2653888649319842
J98	15	14	69	25	1.5905142467431055
J99	14	10	28	39	1.590174161928753
J100	15	9	79	27	1.6389783264770565
J101	15	7	58	34	1.5741664543412712
J102	14	3	31	37	1.8262611276482996
J103	15	8	61	48	1.5254248396558994
J104	15	8	6	3	0.3977435420090467
J105	16	6	66	15	1.4024128540414178
\\ Jobs in machine 11
10
J106	12	9	84	6	0.9144094910470667
J107	14	12	58	9	1.769504300063766
J108	15	4	63	19	0.8128806832865837
J109	16	14	49	14	1.4594608546800585
J110	14	5	33	8	0.4966005312260837
J111	13	5	90	22	1.5157588091731071
J112	17	10	17	46	0.6781411761546244
J113	14	14	110	50	2.2519018398162274
J114	14	1	94	30	1.0461075281689536
J115	15	11	87	49	1.1107265137505689
\\ Jobs in machine 12
11
J116	14	9	34	22	1.3456713170569279
J117	15	8	87	20	0.1
J118	13	4	42	10	0.5224842461026894
J119	15	3	22	19	1.6386400641494236
J120	15	9	103	28	1.0325989134846358
J121	14	3	91	21	1.347806633370149
J122	14	3	91	28	0.7635729528084985
J123	15	1	95	10	0.5799427953551839
J124	16	14	40	38	0.5375562039516634
J125	16	11	67	28	0.8893344766558942
J126	15	10	100	16	0.9350305298159962
\\ Jobs in machine 13
10
J127	13	14	48	28	1.2784989799413673
J128	14	5	65	17	1.654919181170327
J129	14	5	88	12	0.9431945309693237
J130	15	6	4	27	0.9329867730318286
J131	16	11	74	17	1.7420123214144234
J132	14	2	10	7	0.5299101092579146
J133	16	5	53	29	1.0703555335164983
J134	13	3	51	30	1.0674282174857892
J135	14	4	21	44	2.1944898484394395
J136	14	12	86	13	0.2761610729674112
\\ Jobs in machine 14
13
J137	14	2	82	11	1.8937808886923582
J138	15	7	37	31	0.6474135233456342
J139	14	8	57	36	2.3011490488204176
J140	13	7	79	21	1.3450548435226644
J141	16	10	10	31	0.4586239052484459
J142	15	4	101	40	1.2432491189313148
J143	15	4	35	50	1.2330403159458325
J144	14	13	104	6	2.0645926751367814
J145	15	1	11	46	1.4110583136044441
J146	16	1	80	21	1.2746569751792154
J147	15	8	8	17	2.0688770091506674
J148	13	11	70	35	0.7132668023828784
J149	14	2	61	9	1.9546352252611978
\\ Jobs in machine 15
12
J150	15	9	24	36	1.397818449485268
J151	14	3	77	20	0.9368484009063937
J152	14	12	40	26	1.4907221945578588
J153	14	3	53	17	1.534388563313906
J154	16	14	22	8	1.204059219696144
J155	15	6	76	22	1.1499632641902324
J156	14	10	89	48	1.9100936235332495
J157	14	4	41	11	1.8439144852800546
J158	16	2	89	42	1.5743725257223158
J159	15	10	25	49	1.176345429050978
J160	15	7	9	6	1.2115615761901815
J161	14	9	14	43	0.871639151925677
\\ Jobs in machine 16
11
J162	12	6	23	33	0.5144877565849311
J163	15	6	45	13	0.8766337760334802
J164	14	6	24	7	0.9550346984474365
J165	14	13	44	21	0.6845137465670125
J166	15	1	5	21	1.0141411659323385
J167	14	6	22	40	1.8423508143597802
J168	15	12	18	50	1.5107479978677933
J169	14	6	78	17	1.3427565560309853
J170	15	9	36	6	1.29762653429938
J171	14	8	39	35	0.9998157641904637
J172	13	9	83	20	1.206632064361217
\\ Jobs in machine 17
10
J173	13	1	23	20	1.547256315429868
J174	14	4	96	31	1.415135144620249
J175	15	1	103	27	1.6815359939430832
J176	15	6	38	14	1.1322280069894939
J177	16	5	107	41	1.3498431287213046
J178	15	5	28	38	1.2192871314082896
J179	14	11	103	38	0.8340087294892053
J180	14	11	106	6	0.1
J181	15	10	110	7	1.3549537126703044
J182	14	2	110	34	0.3826824925375337
\\ Jobs in machine 18
11
J183	15	8	90	25	1.0751079356069182
J184	13	7	92	33	1.0064613171508263
J185	16	3	82	24	2.15451721206125
J186	15	4	23	28	0.9817945226153657
J187	14	2	90	31	0.5314703614313885
J188	17	8	110	16	1.786038772470714
J189	15	13	12	24	0.9286758225346796
J190	14	2	4	12	1.7975832180071092
J191	15	8	73	34	1.917968591512956
J192	15	7	57	50	0.8290939287167742
J193	15	8	64	24	1.1627851161473228
\\ Jobs in machine 19
11
J194	15	5	92	33	1.3231131328367367
J195	15	5	45	32	1.1317078002588539
J196	15	1	16	47	0.9962492368203633
J197	13	10	79	14	0.8629328904838941
J198	15	3	105	14	1.1123411694783312
J199	12	1	64	42	0.8447680208054266
J200	16	3	32	39	1.6602431354168785
J201	15	4	42	35	1.6329306158171653
J202	14	10	65	19	1.8755292780705295
J203	16	3	5	49	0.4702269465772734
J204	14	12	90	21	1.083123185264203
\\ Jobs in machine 20
12
J205	14	8	52	23	1.5697201383638406
J206	14	2	63	17	2.282178837536711
J207	16	9	53	17	1.0231265567435044
J208	16	13	86	45	1.225817271805169
J209	14	4	101	31	1.6855974009309689
J210	15	4	45	11	2.2013788883200887
J211	15	5	14	24	0.7448112725810375
J212	13	5	90	27	2.3656419984738895
J213	15	3	15	50	1.4030130741210554
J214	15	9	68	50	1.0714564699551674
J215	13	11	93	35	2.012837368687914
J216	14	4	73	25	0.2254081681574891
\\ Dependencies 
857
1	2
1	5
1	6
1	7
1	8
1	9
1	10
1	11
2	4
2	6
2	8
2	9
2	10
2	11
3	4
3	7
3	8
3	9
3	10
4	5
4	6
4	7
4	10
4	11
5	6
5	9
5	11
6	8
6	9
6	10
6	11
7	9
7	10
7	11
8	9
8	10
8	11
9	10
9	11
10	11
12	13
12	14
12	15
12	17
12	18
12	19
12	20
12	22
12	23
13	14
13	15
13	16
13	18
13	19
13	20
13	21
13	22
13	23
14	15
14	16
14	17
14	18
14	19
14	20
14	21
14	22
14	23
15	16
15	17
15	18
15	19
15	20
15	21
16	17
16	19
16	20
16	21
16	22
16	23
17	18
17	19
17	21
17	22
17	23
18	19
18	20
18	23
19	20
19	22
19	23
20	21
20	22
21	22
21	23
22	23
24	25
24	27
24	28
24	29
24	32
25	26
25	28
25	29
25	30
25	33
26	29
26	30
26	31
26	32
27	29
27	30
27	31
27	32
27	33
28	29
28	30
28	31
28	33
29	30
29	31
29	32
29	33
30	31
30	32
30	33
31	32
31	33
32	33
34	35
34	36
34	37
34	38
34	40
34	41
34	42
34	43
34	44
34	45
35	36
35	39
35	41
35	42
35	43
35	44
35	45
36	39
36	40
36	42
36	43
36	44
36	45
37	38
37	39
37	40
37	41
37	42
37	43
37	44
37	45
38	39
38	40
38	41
38	42
38	43
38	45
39	40
39	41
39	42
39	43
39	44
39	45
40	41
40	42
40	43
40	44
40	45
41	42
41	43
41	45
42	43
42	44
42	45
43	44
46	48
46	49
46	50
46	52
46	53
46	54
46	55
46	56
47	48
47	49
47	50
47	51
47	52
47	54
47	55
48	49
48	51
48	52
48	53
48	54
48	55
48	56
49	50
49	51
49	52
49	53
49	54
49	55
49	56
50	51
50	52
50	53
50	54
50	55
50	56
51	52
51	53
51	54
51	55
52	53
52	54
52	55
52	56
53	54
53	56
54	55
55	56
57	58
57	59
57	60
57	62
57	63
57	64
57	65
57	66
58	59
58	60
58	61
58	64
58	65
58	66
59	60
59	61
59	62
59	63
59	64
59	66
60	61
60	62
60	64
60	65
60	66
61	63
61	64
61	66
62	63
62	64
62	65
62	66
63	64
63	65
63	66
64	65
64	66
67	68
67	69
67	70
67	74
67	76
68	69
68	70
68	71
68	73
68	74
68	76
68	77
69	70
69	72
69	74
69	75
69	76
69	77
70	71
70	72
70	73
70	74
70	76
70	77
71	74
71	76
71	77
72	75
72	76
72	77
73	76
73	77
74	75
74	76
75	76
75	77
78	79
78	80
78	81
78	82
78	83
78	85
78	86
79	80
79	81
79	82
79	83
79	84
79	85
79	86
80	81
80	82
80	83
80	85
80	86
81	82
81	83
81	84
81	85
81	86
82	83
82	86
83	84
83	85
83	86
84	85
85	86
87	88
87	89
87	90
87	91
87	92
87	93
87	94
87	95
88	89
88	90
88	91
88	92
88	93
88	94
88	95
89	90
89	91
89	92
89	93
89	94
89	95
90	91
90	92
90	93
90	95
91	92
91	93
91	94
92	94
92	95
93	95
94	95
96	97
96	98
96	99
96	100
96	102
96	103
96	104
96	105
97	98
97	99
97	100
97	101
97	102
97	103
97	104
97	105
98	99
98	100
98	101
98	103
98	104
98	105
99	100
99	102
99	103
99	105
100	101
100	104
100	105
101	102
101	103
101	104
101	105
102	103
102	104
102	105
103	104
103	105
104	105
106	107
106	108
106	109
106	112
106	113
106	114
106	115
107	108
107	110
107	111
107	112
107	114
107	115
108	109
108	110
108	111
108	112
108	113
108	114
108	115
109	111
109	112
109	113
109	114
109	115
110	111
110	112
110	113
110	114
111	113
111	114
111	115
112	114
113	114
113	115
114	115
116	117
116	120
116	121
116	122
116	123
116	124
116	125
116	126
117	118
117	120
117	121
117	122
117	124
117	125
117	126
118	119
118	120
118	121
118	122
118	123
118	124
118	126
119	120
119	121
119	122
119	124
119	125
119	126
120	121
120	123
120	125
120	126
121	124
121	125
121	126
122	123
122	124
122	125
122	126
123	124
123	125
123	126
125	126
127	129
127	130
127	132
127	133
127	134
128	130
128	131
128	133
128	136
129	130
129	131
129	133
129	134
129	135
129	136
130	131
130	133
130	134
130	136
131	132
131	133
131	134
131	135
131	136
132	133
132	134
132	135
132	136
133	135
133	136
134	135
134	136
135	136
137	138
137	140
137	141
137	142
137	143
137	144
137	145
137	146
137	147
137	148
137	149
138	140
138	142
138	143
138	144
138	145
138	146
138	147
138	148
138	149
139	140
139	141
139	142
139	144
139	145
139	146
139	149
140	141
140	142
140	143
140	144
140	145
140	146
140	147
140	149
141	142
141	143
141	145
141	146
141	147
141	148
141	149
142	144
142	145
142	146
142	148
142	149
143	144
143	145
143	146
143	147
143	148
143	149
144	145
144	146
144	147
144	149
145	147
145	149
146	147
146	148
146	149
148	149
150	152
150	153
150	154
150	155
150	156
150	158
150	159
150	160
150	161
151	152
151	153
151	154
151	155
151	156
151	157
151	158
151	159
151	160
151	161
152	153
152	154
152	156
152	157
152	158
152	159
152	160
152	161
153	154
153	155
153	156
153	157
153	158
153	160
153	161
154	155
154	156
154	158
154	159
154	160
155	156
155	157
155	158
155	159
155	160
155	161
156	157
156	159
156	160
156	161
157	158
157	159
158	159
158	160
158	161
159	160
159	161
162	163
162	164
162	167
162	168
162	169
162	170
162	171
163	164
163	165
163	166
163	167
163	168
163	169
163	171
164	165
164	166
164	167
164	168
164	169
164	170
164	171
165	167
165	168
165	169
165	172
166	167
166	168
166	169
166	170
166	171
166	172
167	168
167	170
167	171
167	172
168	170
168	171
168	172
169	170
169	171
169	172
170	171
170	172
171	172
173	175
173	176
173	178
173	179
173	182
174	176
174	178
174	179
174	180
174	181
174	182
175	177
175	178
175	181
175	182
176	177
176	178
176	179
176	180
176	181
176	182
177	178
177	179
177	180
178	179
178	180
178	181
178	182
179	181
179	182
180	181
181	182
183	184
183	185
183	186
183	187
183	188
183	189
183	190
183	191
183	192
183	193
184	185
184	187
184	188
184	189
184	190
184	191
184	192
184	193
185	186
185	187
185	188
185	190
185	191
185	192
185	193
186	187
186	189
186	190
186	191
186	192
186	193
187	189
187	190
187	191
187	192
187	193
188	190
188	191
188	193
189	191
189	192
190	191
190	192
190	193
191	192
191	193
192	193
194	195
194	196
194	198
194	199
194	200
194	201
194	203
195	196
195	197
195	199
195	200
195	201
195	202
195	203
195	204
196	197
196	198
196	200
196	201
196	202
196	203
196	204
197	198
197	202
197	203
197	204
198	199
198	200
198	201
198	202
198	203
199	202
199	203
199	204
200	201
200	202
200	204
201	202
201	204
202	203
202	204
203	204
205	206
205	207
205	209
205	210
205	211
205	212
205	213
205	214
205	215
205	216
206	207
206	208
206	209
206	210
206	211
206	212
206	213
206	215
206	216
207	208
207	209
207	210
207	211
207	212
207	213
207	214
207	215
207	216
208	209
208	211
208	212
208	213
208	214
208	215
208	216
209	211
209	212
209	213
209	214
209	215
209	216
210	211
210	212
210	213
210	216
211	212
211	213
211	215
212	213
212	214
212	215
212	216
213	214
213	216
214	216
215	216
