\\ machines
8
\\ max power
80
\\ Jobs in machine 1
9
J1	15	1	101	6	1.1145380542195722
J2	15	11	57	17	0.6298685494727454
J3	16	9	14	10	1.4971156081194161
J4	14	7	20	3	0.8327041968682296
J5	15	3	67	19	0.2393867275581546
J6	14	4	45	11	0.9416482997718199
J7	16	4	102	18	1.7635629542964182
J8	16	7	58	9	0.8966582556070309
J9	16	13	49	7	0.520886577998828
\\ Jobs in machine 2
10
J10	14	8	92	9	1.151795162360019
J11	15	7	41	4	0.6849560868635125
J12	15	11	35	15	1.4891793049259785
J13	17	13	18	19	0.8729368572304003
J14	15	8	109	7	0.9090279522479272
J15	14	10	33	13	1.8635985289251682
J16	14	14	72	17	1.1388002464250122
J17	15	14	103	11	0.9655818787744556
J18	13	11	6	17	1.450020048954863
J19	13	12	2	16	1.0558578272072148
\\ Jobs in machine 3
11
J20	14	6	5	8	0.8387648555417302
J21	16	5	78	3	1.3020108862048185
J22	12	3	35	18	1.4407960503137123
J23	14	13	60	9	1.8277658414090503
J24	15	3	77	13	1.10610747957808
J25	14	11	69	9	1.9975540948131598
J26	15	9	31	17	1.5484788558717302
J27	15	13	91	6	0.760943322338197
J28	15	3	103	8	1.5986377854261817
J29	14	5	86	4	0.9390129925160778
J30	15	2	74	9	2.0309687190883046
\\ Jobs in machine 4
9
J31	16	10	22	1	1.6862405316595184
J32	16	2	41	8	2.0545207832240964
J33	15	11	86	18	1.4691158380723637
J34	15	2	63	9	1.0168782275860977
J35	17	3	51	2	1.3741558926313018
J36	15	12	94	4	0.764608625683425
J37	16	11	82	13	1.3247549246976504
J38	14	4	62	20	1.422419091840768
J39	14	11	31	14	1.4906792343871702
\\ Jobs in machine 5
10
J40	14	14	6	13	1.350373623071532
J41	14	10	96	20	1.8047386807402925
J42	15	12	24	11	0.9409324234903914
J43	16	13	92	20	1.4405774177396142
J44	14	11	2	3	0.1
J45	15	7	15	11	0.5727404785631511
J46	15	9	28	4	1.578599850074549
J47	16	1	75	16	0.6529731742359955
J48	15	12	81	15	2.0479008976975694
J49	15	7	18	19	1.1389312626021044
\\ Jobs in machine 6
11
J50	14	14	45	8	1.1184344433056748
J51	14	11	76	10	1.532253135555416
J52	14	7	94	10	1.4918282352838503
J53	14	1	10	5	1.7662987029705104
J54	15	3	25	6	1.7391977673461056
J55	15	10	98	5	1.4593863088617463
J56	14	5	85	12	1.6869499172245481
J57	14	14	102	17	0.21859211859857663
J58	16	14	88	13	0.8107391489965776
J59	16	2	82	20	1.723809207017362
J60	15	14	29	8	1.3380303878339421
\\ Jobs in machine 7
11
J61	15	4	50	20	1.2366919797845666
J62	14	2	91	18	0.37196872311174833
J63	15	13	9	5	1.1967078457071374
J64	14	8	23	13	1.3662047904909838
J65	13	2	16	3	1.1782820388592836
J66	14	6	83	19	1.5879859172349327
J67	14	7	2	20	0.7045724796684111
J68	14	7	5	19	1.5633878199062017
J69	12	1	109	17	1.269231492209171
J70	15	13	53	3	0.6090498891253537
J71	16	6	4	12	1.3314070896484391
\\ Jobs in machine 8
9
J72	14	5	69	6	1.5446660513410089
J73	15	13	20	15	2.4700353655004372
J74	14	6	100	1	0.7277544388422934
J75	14	2	53	11	0.4525921955740555
J76	14	4	96	14	1.4778582916412397
J77	13	13	83	12	1.3195367949504988
J78	15	8	69	18	0.2848430243810698
J79	15	4	20	1	0.5083045948278929
J80	14	1	59	4	0.3110559937925218
\\ Dependencies 
244
1	2
1	3
1	5
1	6
1	7
1	9
2	4
2	5
3	4
3	6
3	7
3	8
4	5
4	8
4	9
5	8
6	7
6	8
7	8
7	9
8	9
10	11
10	12
10	15
10	19
11	12
11	13
11	14
11	15
11	16
11	17
11	19
12	13
12	14
12	16
12	17
12	18
12	19
13	14
13	15
13	17
13	18
14	15
14	16
14	18
15	16
15	17
15	18
15	19
16	17
16	18
16	19
17	19
18	19
20	25
20	26
20	29
21	23
21	25
21	26
21	27
21	30
22	23
22	24
22	25
22	27
22	28
22	30
23	24
23	25
23	27
23	28
23	29
23	30
24	25
25	26
25	28
25	29
26	27
26	28
26	29
26	30
27	30
29	30
31	33
31	34
31	36
31	38
32	33
32	34
32	37
32	38
33	35
33	36
33	37
33	39
34	35
34	36
34	37
34	38
34	39
35	38
35	39
36	37
36	38
36	39
37	39
38	39
40	43
40	44
40	45
40	46
40	48
40	49
41	43
41	45
41	46
41	47
41	48
41	49
42	43
42	44
42	45
42	47
42	48
43	44
43	45
43	46
43	47
44	45
44	46
44	48
45	46
45	47
45	49
46	49
47	48
47	49
50	52
50	53
50	54
50	55
50	56
50	58
50	59
50	60
51	54
51	56
51	57
51	58
51	59
51	60
52	53
52	54
52	55
52	56
52	57
52	58
52	59
52	60
53	56
53	58
53	59
53	60
54	55
54	56
54	57
54	60
55	56
55	57
55	60
56	57
56	58
56	60
57	59
61	63
61	64
61	65
61	66
61	67
61	68
61	69
61	70
61	71
62	63
62	64
62	65
62	66
62	67
62	68
62	70
62	71
63	64
63	65
63	67
63	68
63	69
63	70
64	65
64	66
64	67
64	68
64	70
65	66
65	70
65	71
66	69
66	70
66	71
67	68
67	71
68	69
68	70
69	70
70	71
72	73
72	74
72	75
72	77
72	79
73	74
73	76
73	77
73	78
73	79
73	80
74	75
74	76
74	78
74	79
74	80
75	76
75	77
75	78
75	79
76	77
76	78
76	79
76	80
77	78
77	79
77	80
78	79
79	80
