\\ machines
15
\\ max power
150
\\ Jobs in machine 1
10
J1	14	8	39	9	1.6765923776681433
J2	13	11	45	45	2.3551258632542975
J3	14	13	63	6	1.02589618263559
J4	15	1	80	39	0.4864691096298368
J5	15	11	61	40	0.6099050203168013
J6	15	1	74	10	0.10927777072505229
J7	15	6	88	71	1.3766645962497033
J8	13	5	73	64	0.3566109008720757
J9	15	6	36	30	1.335652680179007
J10	13	7	32	61	1.3196373037905702
\\ Jobs in machine 2
10
J11	18	12	73	17	1.7276497331319578
J12	14	11	15	27	1.0801818135045544
J13	15	2	20	67	1.1433882865271456
J14	14	2	58	55	0.9032068325157125
J15	13	14	65	45	0.7449345937154879
J16	13	14	35	71	0.6616342169886632
J17	14	8	84	29	1.084811124953357
J18	15	9	47	16	0.856228171912637
J19	15	11	108	71	0.6468814133812579
J20	15	5	81	31	1.3214989435932354
\\ Jobs in machine 3
10
J21	15	9	81	28	0.44425256616909137
J22	14	5	94	73	1.072254274481679
J23	15	2	47	37	1.2769143225233512
J24	15	2	19	12	1.5441883273862902
J25	14	13	56	48	1.5806475474674189
J26	15	9	11	42	2.960063168128121
J27	13	1	76	4	1.3050268658090882
J28	14	10	66	68	1.3921412934956505
J29	15	13	108	64	1.6614321176783442
J30	14	12	69	31	1.0264237129010518
\\ Jobs in machine 4
10
J31	15	2	40	63	1.9446787960722638
J32	14	3	48	10	1.0234962427588583
J33	16	12	93	66	1.169588977038211
J34	14	9	80	61	0.48453254431026216
J35	14	11	52	29	1.092255468139785
J36	14	10	53	11	0.15717274687601335
J37	15	9	54	14	0.9113446468368118
J38	15	12	105	11	0.7746814875655748
J39	14	9	58	66	1.1021363627645084
J40	17	10	2	32	2.3977647325783424
\\ Jobs in machine 5
11
J41	14	10	49	73	1.6247275245797888
J42	17	5	69	49	1.044135991591109
J43	14	8	73	20	1.6414033157172685
J44	15	4	83	3	1.4635759591917805
J45	15	5	76	10	0.22818327068457034
J46	15	2	22	19	2.1304011747242915
J47	13	8	102	50	1.2875864368056245
J48	15	9	29	33	0.9222506887384968
J49	16	2	100	28	1.0865378552907496
J50	14	9	88	55	0.8557643818408645
J51	14	9	103	3	0.6858822305541827
\\ Jobs in machine 6
12
J52	14	3	66	64	1.610270117594193
J53	16	10	72	60	1.18439338343839
J54	15	8	65	75	1.9561588271100847
J55	15	2	59	41	1.4468948519494154
J56	13	1	73	46	1.25975398527736
J57	14	6	94	2	1.2545336147583608
J58	14	9	4	39	1.287810638152754
J59	14	9	28	59	1.320994449043276
J60	14	11	90	42	0.446135189312835
J61	15	12	38	28	0.5062392047835511
J62	13	12	33	43	0.774637269167041
J63	14	11	106	63	0.45349915564709453
\\ Jobs in machine 7
12
J64	14	14	84	23	1.327713339210326
J65	15	1	30	51	1.8102761286559752
J66	14	14	5	57	1.1894003254497088
J67	16	3	110	16	1.0660677659738038
J68	15	6	109	42	1.072514402608445
J69	14	1	2	42	0.9490444374055023
J70	16	1	51	30	0.9742417769798928
J71	15	7	33	29	1.2744182350519688
J72	15	11	28	54	0.6537417286873153
J73	15	4	11	41	0.7949532129688868
J74	14	5	109	7	1.0433653632461022
J75	13	7	7	63	1.6325926967167412
\\ Jobs in machine 8
11
J76	15	12	49	50	1.3680043209831472
J77	15	3	28	8	1.0544108669313115
J78	14	1	77	26	1.7467399359380016
J79	14	1	11	40	0.25778862101093447
J80	15	2	20	36	1.470664331918484
J81	15	3	108	14	0.809421372091791
J82	15	4	35	26	0.8596258145796962
J83	13	11	26	43	0.483643330892373
J84	14	7	52	5	1.4052060584017778
J85	15	14	69	54	1.4330927331010084
J86	13	1	92	39	1.1075489128024785
\\ Jobs in machine 9
11
J87	15	10	104	58	1.1772723838868775
J88	14	4	45	48	1.6416522429062668
J89	12	13	52	18	1.5015166253316992
J90	15	12	78	64	1.3543715239333598
J91	16	11	108	64	1.0250666879406085
J92	16	2	31	50	0.5041628401559145
J93	16	8	102	61	1.259244261508282
J94	14	1	32	67	1.2086329690152278
J95	16	7	26	47	1.0886243747835098
J96	12	4	8	64	1.658605997630075
J97	15	14	91	7	1.1468488777434331
\\ Jobs in machine 10
11
J98	15	10	92	57	1.5425563886681843
J99	14	3	57	2	0.40727844616262854
J100	15	7	25	39	1.6590948233851182
J101	15	7	66	37	0.8509824543488107
J102	15	10	87	32	1.4284787987431398
J103	14	3	10	12	0.4146433041878671
J104	17	6	68	61	1.5940380953177251
J105	15	8	76	69	1.3050956801870472
J106	15	13	67	70	0.6946139414757997
J107	16	6	6	23	1.5194205673511114
J108	15	10	79	54	1.7247630530056335
\\ Jobs in machine 11
12
J109	13	12	33	27	1.6762225409598432
J110	14	6	87	55	1.781470601031383
J111	15	4	7	17	1.4046405635963963
J112	15	11	29	52	1.4935068950700026
J113	15	14	26	72	0.11974595738589833
J114	16	5	61	70	1.7001321205965576
J115	14	12	16	53	0.39025722490266046
J116	15	3	44	72	0.6944802661790347
J117	14	10	14	9	0.4820313542178979
J118	13	13	91	48	1.6815384200113128
J119	15	8	101	33	2.1067877740566914
J120	15	7	24	3	1.2236970153243472
\\ Jobs in machine 12
12
J121	15	6	59	67	1.4419899793197237
J122	13	11	68	57	1.2064777183680275
J123	16	14	65	34	0.7516039666510081
J124	15	9	95	21	0.5366174977073813
J125	15	12	100	3	0.40263896676305644
J126	15	6	91	48	1.866759068217631
J127	15	9	26	47	1.6052926243889434
J128	15	14	25	33	1.0738713645058637
J129	13	1	12	65	1.0323342505658506
J130	17	13	5	71	1.18804743259132
J131	16	12	13	5	1.8491034608976737
J132	15	2	35	55	1.012835132052118
\\ Jobs in machine 13
11
J133	15	8	105	69	1.048708622360876
J134	14	8	72	15	1.470524414504444
J135	15	14	2	19	1.5254013167712468
J136	14	9	14	16	1.2000425159844075
J137	13	11	22	7	1.7305952710675219
J138	14	5	36	35	0.9905752787055002
J139	14	8	41	37	0.508962846786576
J140	13	1	36	58	1.4802381699692284
J141	14	11	20	60	0.49011776595729517
J142	15	11	69	17	1.5156397066918645
J143	15	4	106	38	1.7959085188134725
\\ Jobs in machine 14
13
J144	13	11	26	60	1.5505762471065743
J145	14	8	46	48	1.3210955658083077
J146	15	14	7	11	0.8936232070917758
J147	15	1	56	4	0.43552444156432335
J148	13	4	39	47	1.8441495432623958
J149	15	13	81	28	1.282341100682005
J150	15	13	34	45	2.443130213762742
J151	14	10	27	8	2.0923082514710183
J152	12	1	106	26	1.906750061290753
J153	13	14	6	9	1.0505284196922822
J154	16	7	92	16	2.1171118717687016
J155	13	9	5	44	1.0016791572175379
J156	15	3	85	14	1.4719773790278787
\\ Jobs in machine 15
11
J157	16	1	73	6	1.9147446805362436
J158	13	2	22	33	1.5724062587329513
J159	14	1	73	75	0.1
J160	13	12	30	17	0.5631403728374121
J161	14	5	49	38	0.7404457524416309
J162	13	8	17	14	0.8868827809404805
J163	15	3	15	4	1.0751253123039384
J164	14	11	90	17	1.1616734743051
J165	13	14	94	65	0.6662506549422124
J166	14	7	15	51	1.2315207353030502
J167	17	11	7	50	1.4745334835845898
\\ Dependencies 
88
2	4
3	8
3	9
6	9
7	9
12	13
23	24
24	27
24	29
25	29
28	29
29	30
31	33
31	39
42	46
43	45
43	50
43	51
44	50
45	48
45	50
46	50
48	49
52	53
54	58
54	63
55	58
59	61
59	62
61	62
64	69
65	66
65	70
67	69
67	70
68	70
73	74
76	84
77	81
78	80
78	83
80	83
87	91
87	94
87	95
88	89
91	95
92	95
93	95
95	97
98	100
98	101
98	103
98	105
101	107
104	105
109	113
109	115
110	111
111	118
117	120
121	124
121	130
125	127
126	129
126	130
127	128
127	131
128	130
128	132
130	131
134	138
134	142
135	136
136	138
137	140
139	142
140	143
144	146
144	148
145	152
147	149
147	150
160	167
161	162
162	164
162	165
162	167
