\\ machines
12
\\ max power
120
\\ Jobs in machine 1
13
J1	14	11	68	80	1.8441932104430805
J2	15	12	40	48	1.4986053762417195
J3	12	8	108	6	2.187027370889689
J4	15	12	106	8	0.7114266723003932
J5	16	3	38	16	1.3918735883724855
J6	14	6	109	10	1.2201941002463896
J7	15	1	105	27	1.5505412185491412
J8	13	4	73	42	1.1148052106738762
J9	15	14	14	87	0.9282586347082844
J10	14	3	20	78	0.9007043950831987
J11	14	10	38	53	1.353817529770354
J12	13	6	25	88	1.1670265349136193
J13	16	7	53	59	1.0273871974132038
\\ Jobs in machine 2
9
J14	15	5	84	62	1.0756042346112513
J15	16	4	56	78	1.1560710789510775
J16	14	14	58	72	0.9094288936319517
J17	14	3	49	49	0.9197734956958796
J18	13	11	105	17	1.879268671022396
J19	14	3	72	24	0.779615756710524
J20	14	7	6	15	2.4046281063800143
J21	16	4	21	39	0.5771072049881952
J22	13	13	11	42	0.21746771948607746
\\ Jobs in machine 3
12
J23	14	9	12	32	0.9174957599070758
J24	15	9	65	31	1.783198319721503
J25	15	8	9	54	0.6836674101097729
J26	15	7	45	28	1.2036401165314676
J27	15	2	77	35	1.9150360959678783
J28	15	6	50	77	0.6454429704608847
J29	16	1	74	78	0.3646561475127049
J30	14	13	85	61	0.8028440232943284
J31	14	7	2	33	1.0037715230758884
J32	14	13	17	65	2.149972485093114
J33	14	7	96	76	2.161154433570129
J34	16	7	17	38	0.333259750960645
\\ Jobs in machine 4
14
J35	15	1	4	66	1.4819483532880637
J36	14	12	36	55	1.1982770394082674
J37	14	10	23	40	1.6995398420961236
J38	15	2	100	9	1.0495374936941326
J39	15	7	59	80	0.1
J40	16	4	102	53	1.2800816037472889
J41	15	6	24	84	0.8792571944946468
J42	15	6	83	15	1.7040332112620438
J43	14	7	106	35	1.9359996540191782
J44	14	3	29	51	0.8113674200693388
J45	12	14	75	51	0.1317833100384922
J46	14	3	61	40	0.8370699244854773
J47	14	11	68	78	1.5057307691038986
J48	14	13	109	46	0.5482638027026752
\\ Jobs in machine 5
12
J49	14	2	24	88	1.4690270980935143
J50	14	14	73	60	0.28680272976189514
J51	15	4	13	56	0.9272459195932935
J52	14	6	20	32	1.6204333608211892
J53	16	10	109	19	1.4943651884850473
J54	16	5	99	72	1.7638410920317513
J55	14	1	104	76	0.9782044188902003
J56	15	5	71	52	0.49440021155711844
J57	15	13	74	47	2.014042671893083
J58	16	11	104	45	0.1
J59	15	4	31	9	1.2441918374719907
J60	15	6	107	45	1.0351468477027834
\\ Jobs in machine 6
11
J61	13	5	11	60	0.24321059687324598
J62	13	5	110	78	0.4960730676762072
J63	14	1	59	12	1.396365240765366
J64	15	8	93	1	1.2698386061532376
J65	15	1	18	55	1.6817196738061442
J66	15	5	58	11	0.36969092668756764
J67	16	7	11	1	1.7290750476186862
J68	14	3	39	36	0.8162941904705745
J69	12	9	29	36	1.6670550914317244
J70	15	1	67	4	1.7424840509486075
J71	14	8	23	42	0.8189553901140703
\\ Jobs in machine 7
11
J72	14	11	89	8	1.7354171380312522
J73	13	1	19	89	1.9477915744334289
J74	13	12	21	43	1.2317399116047
J75	15	8	38	51	1.744866637705868
J76	16	14	65	6	1.891855958024422
J77	14	5	78	9	1.1568289897702795
J78	14	12	83	33	0.9380022351627013
J79	14	2	6	49	0.9245086262040756
J80	14	12	102	63	1.5816284385045498
J81	15	3	73	87	2.143930876870277
J82	16	2	55	73	0.8824030800406819
\\ Jobs in machine 8
12
J83	14	6	39	28	0.5929768237351619
J84	14	1	109	82	0.6798817739069892
J85	16	5	52	81	1.3573719166575777
J86	13	2	6	66	1.3592477745234068
J87	14	8	97	24	0.9254309191580532
J88	14	8	65	56	0.4754446622825862
J89	14	8	24	26	1.412468383799044
J90	15	11	78	12	1.7194892280373266
J91	14	2	70	57	1.6462378968046025
J92	16	1	35	12	0.8241995236558024
J93	15	10	60	61	1.2586711522207967
J94	14	14	43	32	1.655606342570567
\\ Jobs in machine 9
10
J95	16	6	55	76	1.0432590515253453
J96	15	13	109	3	0.5556683756816871
J97	13	6	76	28	0.818324551206647
J98	14	9	103	75	1.811889518124341
J99	13	3	106	41	0.24942833407781717
J100	14	6	33	33	1.1260805016638522
J101	13	9	54	6	0.9301873521359313
J102	16	14	10	84	1.3684250807162022
J103	14	3	13	75	0.5551063826586061
J104	15	9	13	8	0.3068979325082729
\\ Jobs in machine 10
12
J105	15	2	101	39	1.4239210984357236
J106	15	6	37	74	0.44881612576626706
J107	17	11	64	49	0.3410460634202249
J108	17	6	78	70	1.1892210751992043
J109	13	2	47	36	1.1750965936160478
J110	15	12	78	64	1.074173063594181
J111	14	5	78	87	0.11949505621691792
J112	16	4	69	8	1.0266982284781945
J113	13	1	3	86	0.950761749725342
J114	16	1	36	31	1.1385168450876788
J115	14	4	85	15	0.8139343852905487
J116	13	10	29	76	0.324123708417417
\\ Jobs in machine 11
12
J117	15	9	36	81	1.5642661675367062
J118	14	5	81	34	1.9412199304982178
J119	15	14	3	85	0.44042436476304525
J120	14	8	60	22	0.837898064553068
J121	16	10	55	56	1.7040968863654915
J122	14	5	62	57	1.4094705801603638
J123	13	9	89	70	1.3638197102140748
J124	14	5	55	7	1.5991760208712233
J125	14	5	7	56	0.4913920491862228
J126	14	9	61	20	0.9658848305534008
J127	14	11	3	28	0.32919890825227904
J128	16	11	10	80	1.1131460183294184
\\ Jobs in machine 12
11
J129	14	5	52	32	1.2773926714417791
J130	15	7	50	75	0.7358208056243765
J131	14	8	15	13	1.1888641076875375
J132	14	13	96	1	1.4629347775817303
J133	16	3	102	54	0.9262594417457855
J134	15	2	31	86	1.5351358873822405
J135	15	14	82	80	1.6561367627860433
J136	13	12	36	11	0.8339018468299648
J137	15	10	53	24	0.4811298921585252
J138	15	1	72	34	1.4658759877225644
J139	14	3	12	90	1.3821221460123576
\\ Dependencies 
527
1	2
1	3
1	5
1	6
1	7
1	8
1	9
1	10
1	11
1	12
2	3
2	4
2	5
2	7
2	8
2	9
2	10
2	11
2	12
3	4
3	5
3	6
3	8
3	9
3	10
3	11
3	12
3	13
4	5
4	7
4	8
4	10
4	11
4	12
4	13
5	7
5	9
5	11
5	12
5	13
6	7
6	8
6	9
6	10
6	11
6	12
6	13
7	9
7	11
7	12
8	9
8	11
8	12
8	13
9	10
9	11
9	12
10	11
10	12
10	13
11	12
11	13
12	13
14	16
14	17
14	19
14	20
14	22
15	18
15	20
15	21
15	22
16	17
16	18
16	19
16	20
17	18
17	20
17	21
17	22
18	19
18	21
18	22
19	20
19	21
19	22
20	21
21	22
23	26
23	29
23	30
23	31
23	32
23	33
24	25
24	27
24	31
24	32
24	34
25	26
25	27
25	28
25	30
25	31
25	32
25	34
26	27
26	28
26	29
26	30
26	31
27	28
27	29
27	30
27	31
27	32
27	33
27	34
28	30
28	31
28	32
28	33
28	34
29	30
29	32
29	33
30	33
30	34
31	32
31	33
31	34
33	34
35	36
35	37
35	38
35	39
35	41
35	42
35	45
35	47
35	48
36	37
36	38
36	39
36	40
36	42
36	43
36	44
36	48
37	38
37	41
37	42
37	43
37	44
37	48
38	39
38	40
38	42
38	43
38	46
38	48
39	40
39	41
39	43
39	44
39	45
39	46
39	47
39	48
40	41
40	42
40	43
40	46
40	47
41	43
41	46
41	47
41	48
42	43
42	44
42	48
43	45
43	46
43	47
44	45
44	47
44	48
45	46
45	47
45	48
46	47
46	48
49	50
49	53
49	55
49	56
49	57
49	58
49	59
49	60
50	51
50	52
50	53
50	54
50	55
50	56
50	58
50	59
51	53
51	55
51	59
51	60
52	53
52	56
52	57
52	58
52	59
52	60
53	54
53	55
53	58
53	59
54	56
54	57
55	56
55	60
56	57
56	59
57	58
57	59
58	60
61	62
61	63
61	65
61	66
61	67
61	68
61	69
61	70
61	71
62	63
62	64
62	68
62	69
62	70
62	71
63	66
63	67
63	68
63	69
63	70
64	65
64	69
64	70
64	71
65	66
65	68
65	69
65	70
65	71
66	67
66	68
66	69
66	71
67	68
67	70
67	71
68	69
68	70
68	71
69	70
69	71
70	71
72	74
72	77
72	80
72	81
73	75
73	76
73	77
73	78
73	79
73	80
73	81
73	82
74	75
74	76
74	78
74	81
75	76
75	77
75	78
75	79
75	80
75	81
75	82
76	77
76	79
76	80
76	81
76	82
77	79
77	81
77	82
78	81
78	82
79	80
79	82
80	82
81	82
83	84
83	85
83	86
83	87
83	89
83	90
83	93
83	94
84	85
84	86
84	88
84	89
84	90
84	93
85	86
85	87
85	88
85	90
85	91
85	93
86	87
86	92
86	93
87	88
87	89
87	90
87	94
88	89
88	90
88	91
88	92
88	93
88	94
89	92
89	93
89	94
90	91
90	92
90	93
91	93
91	94
92	94
93	94
95	96
95	97
95	98
95	101
95	102
95	103
95	104
96	97
96	98
96	99
96	102
96	104
97	99
97	100
97	101
97	102
97	103
97	104
98	99
98	100
98	101
98	102
98	103
98	104
99	100
99	101
99	102
99	103
100	101
100	102
100	103
100	104
101	102
101	103
102	103
102	104
103	104
105	106
105	107
105	108
105	111
105	112
105	113
105	114
105	115
105	116
106	107
106	109
106	110
106	112
106	113
106	115
107	108
107	109
107	110
107	111
107	112
107	113
107	114
107	115
108	109
108	110
108	111
108	113
108	114
108	115
108	116
109	110
109	111
109	112
109	114
110	111
110	114
110	115
110	116
111	112
111	114
111	115
112	113
112	114
112	115
112	116
113	114
113	115
113	116
114	116
115	116
117	121
117	122
117	123
117	124
117	125
117	126
117	127
117	128
118	119
118	120
118	123
118	125
118	127
118	128
119	121
119	124
119	125
119	126
119	127
120	122
120	123
120	124
120	125
120	126
120	127
120	128
121	122
121	123
121	124
121	127
121	128
122	123
122	125
122	127
123	124
123	125
123	126
123	127
123	128
124	125
124	126
124	127
124	128
125	126
125	128
126	127
126	128
127	128
129	130
129	131
129	132
129	134
129	137
129	138
129	139
130	131
130	134
130	135
130	136
130	137
130	138
130	139
131	132
131	133
131	134
131	135
131	137
131	138
131	139
132	134
132	136
132	137
132	138
132	139
133	134
133	135
133	138
134	135
134	136
134	137
134	138
134	139
135	137
135	138
136	138
137	138
138	139
