\\ machines
10
\\ max power
100
\\ Jobs in machine 1
11
J1	13	8	51	14	1.1911269144060654
J2	15	9	100	9	0.4822163866934923
J3	15	1	29	20	1.1106683406444695
J4	14	6	67	3	1.4876555747114601
J5	14	9	9	7	1.716930837252849
J6	16	14	99	6	0.5081512251713262
J7	13	10	8	12	0.8453417237903764
J8	16	1	73	2	1.5378365492910302
J9	15	13	85	7	1.5883818432152355
J10	15	14	62	3	1.0901649225117307
J11	13	12	108	22	0.7554575485020576
\\ Jobs in machine 2
9
J12	15	3	48	14	1.5443202739328474
J13	15	9	93	3	1.3376651374119806
J14	16	11	8	9	1.0408615430594292
J15	13	14	57	23	1.3530447501991085
J16	17	5	96	8	0.9868644835581222
J17	14	9	100	20	0.4421950272379418
J18	15	13	81	8	0.7160082015538625
J19	14	12	42	10	1.373679217606966
J20	14	4	91	17	1.6147708500859188
\\ Jobs in machine 3
12
J21	15	9	62	16	1.2674351343158359
J22	16	1	10	6	0.6663069470282703
J23	13	9	40	1	0.868732557929677
J24	13	1	69	9	0.5116919527126237
J25	15	7	61	18	0.8956048360013136
J26	14	8	72	1	1.7537340801668317
J27	15	10	105	14	0.6825282593286051
J28	12	2	15	12	0.811799358862265
J29	14	6	96	14	0.17124127297937153
J30	13	9	52	5	1.4146623376154426
J31	16	1	57	23	0.47039539236750993
J32	16	11	90	9	0.638885454559203
\\ Jobs in machine 4
10
J33	15	4	77	25	1.0590799352909275
J34	14	12	19	17	0.8831871822756121
J35	13	7	69	1	1.2308878301832018
J36	15	3	105	25	0.5318175205510407
J37	13	14	35	5	0.5138010599141244
J38	13	5	51	22	2.36788619681516
J39	15	4	47	25	1.6938583132596767
J40	14	13	95	9	1.2684647990063858
J41	16	9	49	2	1.3768770599784423
J42	16	8	72	8	1.6604093553716974
\\ Jobs in machine 5
11
J43	12	14	31	9	1.8991621629392146
J44	14	3	87	5	1.390134583954324
J45	16	3	43	5	0.9436534869985185
J46	13	13	12	25	1.1569334016022434
J47	15	5	105	8	0.7991351435172002
J48	15	10	42	24	1.7429896722455898
J49	15	14	42	14	1.2411779041878153
J50	14	7	95	23	0.31832822678273875
J51	14	8	76	21	1.396676466628861
J52	15	1	99	6	0.7312683669911446
J53	14	6	39	22	1.8476562135512475
\\ Jobs in machine 6
12
J54	13	14	5	14	0.8002591998478004
J55	16	14	63	8	1.8261391083192482
J56	15	12	6	20	1.0645612720400373
J57	15	10	21	21	0.3183980060475051
J58	15	9	93	14	2.1269589667145175
J59	17	8	50	12	1.2964488873564264
J60	13	5	48	5	0.8482183915397121
J61	13	1	94	4	1.3073673350353074
J62	15	11	76	22	1.4951827620095948
J63	15	3	19	11	2.2044702900431155
J64	14	10	8	3	1.9258387997754567
J65	14	8	80	16	1.1631240494176893
\\ Jobs in machine 7
11
J66	14	6	70	21	0.6871851217606564
J67	15	13	66	20	0.46767825076976455
J68	14	12	92	5	0.9778052426267821
J69	13	7	35	6	1.9095211393606442
J70	14	13	71	8	1.4016105239968875
J71	13	12	61	13	1.5312102779015995
J72	13	2	84	21	0.8457855563126979
J73	14	7	56	21	0.20033005284255234
J74	15	6	21	11	1.4091156064856873
J75	13	13	79	18	1.9061192373135263
J76	14	8	96	24	1.5206918180802882
\\ Jobs in machine 8
11
J77	14	12	4	9	0.6959107100656975
J78	15	3	7	1	0.9308611780238367
J79	16	8	94	4	0.640433740643266
J80	16	12	30	1	1.125188567721925
J81	13	13	18	6	0.6600208030451501
J82	13	5	44	18	0.6010345399691136
J83	16	4	5	10	1.4677736780375377
J84	14	8	27	8	2.2132394053289515
J85	12	4	43	3	0.9698072983413946
J86	15	10	76	21	1.3541000160685777
J87	15	6	105	14	0.8453177532039632
\\ Jobs in machine 9
12
J88	15	5	27	12	1.752067841261825
J89	14	5	21	13	1.553188468202245
J90	15	8	96	10	0.9861305240829443
J91	15	13	58	23	1.0231636480636963
J92	14	6	11	2	1.7992887300213396
J93	14	12	26	15	0.9467787813745396
J94	14	12	104	24	1.510253459946009
J95	16	14	109	13	1.9503002247735515
J96	13	13	75	24	1.0936949433923755
J97	14	3	26	4	0.7747080499514963
J98	14	5	39	4	0.1628499889731323
J99	15	8	85	10	1.6619336244147687
\\ Jobs in machine 10
11
J100	14	6	56	21	1.2342816390018811
J101	13	14	15	19	0.9765005651490402
J102	15	11	36	3	0.5266985502848912
J103	16	7	21	12	1.9695469529285283
J104	13	1	22	16	1.105831044230465
J105	14	5	87	15	1.929255478714544
J106	14	6	10	20	1.5805079978117358
J107	16	9	87	3	0.8489837733514352
J108	14	3	63	21	0.43886018352152956
J109	15	2	35	10	1.402792137169098
J110	15	11	27	18	0.7083487451412109
\\ Dependencies 
61
1	8
2	9
2	11
3	10
3	11
4	11
5	7
8	9
12	14
13	14
13	18
21	22
21	26
21	32
26	30
27	28
27	29
33	42
35	37
45	50
45	52
46	49
48	51
54	55
56	60
56	61
56	62
56	63
57	58
57	65
58	62
58	63
59	63
61	62
63	65
66	69
66	73
67	71
69	75
69	76
70	73
70	74
71	72
71	73
71	74
72	73
73	76
78	82
78	83
79	82
79	86
88	98
89	94
91	99
93	98
94	95
100	104
100	105
100	106
105	109
108	110
