\\ machines
8
\\ max power
80
\\ Jobs in machine 1
12
J1	16	12	27	31	0.8376198427597011
J2	14	14	2	36	1.3782489352315785
J3	15	6	62	24	1.3651848927908388
J4	15	11	7	16	1.4428359104817288
J5	13	7	42	54	0.5164676600285423
J6	16	12	11	50	0.8701689837856519
J7	14	5	86	43	1.222893182007042
J8	16	1	38	30	0.16701901549200593
J9	14	12	23	8	1.0186656785039745
J10	14	13	103	9	1.766468916485068
J11	15	14	85	9	0.9857278529522143
J12	16	14	31	15	1.7994856963469537
\\ Jobs in machine 2
12
J13	15	12	44	34	0.9030400667729012
J14	14	2	101	42	1.8752195218262364
J15	15	10	64	30	1.0912812478738596
J16	14	9	95	46	0.826352689071953
J17	15	7	98	36	0.6646201960556652
J18	16	2	25	47	1.3759447108592673
J19	15	13	9	33	1.372870506934654
J20	15	8	52	35	0.5919670247675272
J21	15	14	4	54	1.0902939571147996
J22	16	13	51	38	0.7790420980053739
J23	15	9	65	28	1.2032618164246105
J24	15	3	8	41	2.250247293792209
\\ Jobs in machine 3
11
J25	14	10	29	46	1.6477173056387728
J26	14	1	58	37	1.0469625656171604
J27	15	9	33	24	0.49346603261947963
J28	15	4	56	44	1.8176563145513014
J29	13	1	108	44	1.146888300250762
J30	16	5	74	59	1.1776986760857013
J31	15	7	100	30	2.087581439338624
J32	14	5	108	48	0.5693788772842265
J33	14	1	29	52	0.4221741274354681
J34	14	10	56	19	1.396539791413167
J35	14	4	10	41	1.1166289469165256
\\ Jobs in machine 4
13
J36	13	6	78	50	1.3743387616525822
J37	16	3	48	7	1.0020137559535371
J38	15	13	99	9	2.5410259956029755
J39	12	5	8	42	1.6347516769584658
J40	15	10	73	59	0.9495973507941979
J41	14	6	23	17	1.3214228820629021
J42	13	2	72	53	1.578140896186987
J43	16	5	36	23	0.9921357908657251
J44	16	1	48	51	1.0841892490920984
J45	15	5	18	36	1.0073753288118938
J46	16	8	34	12	1.0598112314410546
J47	15	11	26	46	1.1151087337327854
J48	14	8	26	7	1.1767898443833622
\\ Jobs in machine 5
12
J49	15	12	39	26	1.9111871584809963
J50	13	14	88	25	1.4966947551639078
J51	14	14	63	36	1.7026184511843134
J52	13	11	103	32	1.293473726731931
J53	13	3	106	43	2.0346225406268643
J54	14	8	52	25	1.751456286128919
J55	16	9	87	12	1.6215376116722797
J56	14	2	93	8	0.2296719602568461
J57	12	9	66	57	1.3015102269326146
J58	13	12	7	2	1.317388832164175
J59	12	4	102	38	0.594512552403581
J60	15	13	52	17	1.38946551645212
\\ Jobs in machine 6
11
J61	12	8	86	48	0.6037066395210928
J62	15	11	99	54	1.0501033390651857
J63	14	2	96	16	1.9857127035269961
J64	13	7	66	10	0.1
J65	13	10	81	35	0.9609202879244056
J66	14	6	96	24	2.03869435328322
J67	14	9	39	32	2.2463546111523502
J68	14	13	88	44	0.5208497290937847
J69	13	11	66	25	1.768517680946426
J70	14	14	98	9	1.5964124255229537
J71	14	6	70	53	1.4848543188635266
\\ Jobs in machine 7
11
J72	16	8	60	16	0.9422848934766347
J73	16	3	100	14	0.6697270507746039
J74	14	10	74	50	1.9698499946557286
J75	14	9	40	28	1.1227549860952735
J76	14	4	58	26	1.037490503922793
J77	14	6	29	40	1.138944219054546
J78	16	7	93	31	1.7500374577246212
J79	16	10	49	32	1.217473177061139
J80	15	1	17	13	1.3976180122267392
J81	16	3	93	19	1.811686779186386
J82	14	10	25	36	2.2367685321048416
\\ Jobs in machine 8
11
J83	16	12	100	4	0.1
J84	15	11	69	39	0.8558891481123145
J85	15	1	12	3	0.9907182300302058
J86	14	13	92	35	1.3886986421422816
J87	13	9	43	39	0.8481923199691042
J88	13	3	96	24	1.4912371544075689
J89	14	14	16	56	1.5839801945983867
J90	15	4	46	10	0.32906866454479167
J91	16	12	51	1	1.0554965095554867
J92	14	13	55	39	1.8791813750059085
J93	17	3	50	59	1.3301162514631637
\\ Dependencies 
240
1	2
1	7
1	9
1	11
2	3
2	5
2	6
2	7
2	10
2	11
3	4
3	5
3	9
3	12
4	9
4	10
5	6
5	9
5	11
5	12
6	7
6	8
6	10
6	11
6	12
7	8
7	9
7	10
8	11
9	10
11	12
13	14
13	15
13	16
13	17
13	18
13	20
13	23
13	24
14	16
14	17
14	18
14	22
14	24
15	19
15	20
15	21
15	22
15	24
16	21
16	22
16	23
16	24
17	18
17	19
17	20
17	23
17	24
18	19
18	22
18	24
19	20
19	22
19	24
20	22
22	23
23	24
25	28
25	31
25	34
26	27
26	28
26	29
26	31
26	32
26	33
27	28
27	29
27	31
27	32
27	34
27	35
28	29
28	33
28	34
29	31
29	35
31	33
31	34
32	34
33	35
34	35
36	37
36	38
36	40
36	41
36	45
36	47
36	48
37	38
37	40
37	41
37	46
37	48
38	42
38	44
38	45
38	46
38	48
39	40
39	44
39	45
39	47
40	43
40	44
40	47
40	48
41	42
41	46
41	47
42	44
42	46
42	47
42	48
43	45
43	47
43	48
44	47
45	46
46	47
46	48
47	48
49	50
49	51
49	55
49	57
49	58
49	60
50	54
50	59
50	60
51	54
51	58
51	59
51	60
52	54
52	60
53	55
53	56
53	58
54	55
54	56
54	59
54	60
55	56
55	59
56	57
56	60
57	58
61	62
61	63
61	67
61	68
61	70
61	71
62	65
62	68
63	64
63	65
63	69
63	70
63	71
64	68
64	69
64	71
65	68
65	71
66	68
66	69
66	71
67	69
67	70
67	71
68	70
68	71
72	73
72	74
72	75
72	76
72	78
72	81
72	82
73	75
73	77
73	78
73	79
73	81
74	78
74	80
74	81
75	77
75	78
75	81
75	82
76	77
76	79
76	81
77	79
77	81
77	82
78	79
79	80
79	81
80	81
83	84
83	87
83	90
83	91
83	92
84	87
84	88
84	91
85	86
85	89
85	90
85	91
85	92
86	88
87	88
87	89
87	91
87	93
88	89
88	90
89	91
89	92
89	93
90	93
91	92
91	93
