\\ machines
7
\\ max power
70
\\ Jobs in machine 1
10
J1	15	6	41	7	1.4326870762098114
J2	16	2	76	15	1.2631037226866393
J3	16	8	101	11	0.622579335849814
J4	16	3	51	8	1.6728329751453157
J5	13	3	67	9	1.7593722977107458
J6	14	9	51	14	1.0955981664666095
J7	14	11	56	10	0.6855172769537813
J8	14	7	73	9	2.0138834651542985
J9	15	1	85	3	1.138940004994944
J10	12	5	12	18	1.143922294816718
\\ Jobs in machine 2
12
J11	16	12	46	15	0.6662300068061902
J12	14	4	93	5	0.9447875124766293
J13	13	2	28	12	1.3482626987887023
J14	14	3	61	13	1.5433897570129798
J15	15	2	17	2	0.4962155396210629
J16	14	13	66	4	2.2716187772913754
J17	15	5	57	7	1.5595973527407094
J18	15	10	20	18	0.5738949089220906
J19	14	7	56	12	0.2290238809074231
J20	15	11	97	2	1.3104853083914934
J21	15	6	66	11	2.0054167969657724
J22	14	6	100	6	0.6062607862755335
\\ Jobs in machine 3
11
J23	14	11	54	12	1.0428975401150073
J24	15	7	67	10	1.7272543624293344
J25	15	7	82	8	1.5662539898104981
J26	14	13	49	12	1.2918120243872602
J27	17	12	71	11	1.423070376341751
J28	16	12	91	7	0.6064190927558029
J29	15	10	13	18	1.3007538089370672
J30	17	7	86	16	1.6344799933641814
J31	15	9	61	2	0.68713259858564
J32	14	1	65	8	0.8446534716042672
J33	14	3	73	4	0.6119457547131443
\\ Jobs in machine 4
11
J34	14	2	79	10	1.5804055477177692
J35	17	4	56	16	1.1408114746930853
J36	15	11	84	12	1.9438590602915178
J37	13	8	108	7	1.070811507501932
J38	15	3	27	2	1.4661719941442755
J39	15	10	57	16	0.6400930844477986
J40	15	4	18	14	1.1812467285952968
J41	16	8	84	4	1.3698590311948162
J42	14	2	34	2	0.513675946890252
J43	14	10	44	3	0.8253638824284228
J44	17	1	50	7	1.0459964636239891
\\ Jobs in machine 5
9
J45	14	9	102	5	1.5735941539873899
J46	15	5	12	8	0.9500410878506902
J47	13	5	68	3	1.4872139007431975
J48	14	2	33	8	0.8405325251933438
J49	14	5	95	14	0.6283049171579077
J50	15	3	91	1	2.5476862834397656
J51	15	10	32	13	1.3590597004892309
J52	15	12	109	1	0.4471650893528374
J53	16	11	37	5	1.7931925237075408
\\ Jobs in machine 6
11
J54	16	4	105	5	1.7284005788864305
J55	17	8	11	16	0.43594352978521167
J56	15	2	9	2	1.3750373023735378
J57	15	2	49	13	1.421216802266685
J58	14	7	59	5	1.2194937528962437
J59	14	7	43	2	1.730604212067448
J60	15	5	104	8	1.0799142776181596
J61	14	10	90	17	0.9271797479792797
J62	13	12	88	7	1.3655314864270953
J63	13	6	72	6	0.5095872300209289
J64	16	14	99	13	1.132748504773185
\\ Jobs in machine 7
11
J65	15	10	107	11	0.8685216837304839
J66	13	1	14	14	0.9768428672753207
J67	14	4	10	8	0.9476759011565697
J68	14	3	68	8	1.6921897054062538
J69	13	12	76	15	1.2624960385223911
J70	14	1	95	6	1.0751346253648968
J71	17	6	30	3	0.6888422032235823
J72	13	9	89	15	1.4732009371638475
J73	14	3	75	11	1.1380280157801281
J74	15	11	22	7	0.7207101512519681
J75	14	13	80	16	1.997792951056248
\\ Dependencies 
249
1	3
1	5
1	6
1	7
1	8
1	9
2	4
2	5
2	7
2	9
2	10
3	4
3	5
3	6
3	7
3	8
3	9
3	10
4	6
4	7
4	8
4	9
4	10
5	6
5	7
5	8
5	9
5	10
6	7
6	10
7	8
7	9
7	10
8	9
8	10
9	10
11	12
11	13
11	14
11	15
11	18
11	19
11	21
11	22
12	15
12	16
12	18
12	19
12	21
13	15
13	17
13	18
13	19
13	20
13	22
14	15
14	17
14	18
14	19
14	20
14	21
14	22
15	16
15	19
15	22
16	17
16	19
16	20
16	21
16	22
17	20
17	21
17	22
18	19
18	20
18	21
20	21
20	22
23	24
23	25
23	27
23	31
23	32
23	33
24	26
24	27
24	28
24	29
24	30
24	32
24	33
25	26
25	27
25	29
25	30
25	33
26	28
26	31
27	29
27	32
27	33
28	29
28	30
28	31
28	33
29	31
29	32
29	33
30	32
30	33
31	33
34	35
34	37
34	38
34	39
34	40
34	43
35	36
35	37
35	38
35	39
35	43
35	44
36	38
36	39
36	41
36	42
36	44
37	38
37	42
37	44
38	39
38	41
38	42
38	43
38	44
39	40
39	41
39	43
39	44
40	41
40	42
40	43
40	44
41	42
41	44
42	43
43	44
45	46
45	47
45	48
45	49
45	50
45	51
45	52
45	53
46	48
46	49
46	50
46	52
46	53
47	48
47	50
47	51
47	52
47	53
48	50
49	50
49	51
49	52
49	53
50	53
51	53
54	55
54	56
54	57
54	58
54	59
54	60
54	61
54	64
55	56
55	57
55	59
55	62
56	57
56	58
56	60
56	61
56	63
57	58
57	59
57	60
57	61
57	62
57	63
57	64
58	59
58	60
58	61
58	62
58	63
59	61
59	63
59	64
60	61
60	62
61	63
62	63
62	64
65	66
65	67
65	68
65	69
65	70
65	71
65	72
65	75
66	68
66	69
66	72
66	73
66	75
67	68
67	70
67	71
67	72
67	73
67	74
67	75
68	69
68	70
68	72
68	73
68	75
69	71
69	72
69	74
69	75
70	72
70	73
70	74
70	75
71	72
71	73
71	75
72	75
73	74
74	75
