\\ machines
10
\\ max power
100
\\ Jobs in machine 1
12
J1	17	6	106	44	1.3562559026534937
J2	12	8	90	48	0.19864437560130344
J3	14	3	5	23	1.2455027269972636
J4	13	13	10	59	0.5420273477861769
J5	13	11	68	24	1.344122278407038
J6	15	12	11	53	0.6554608779483081
J7	15	8	20	44	0.1
J8	14	8	63	36	2.0741082944689895
J9	13	2	70	45	2.067235900968716
J10	15	8	52	10	1.937112550832819
J11	16	3	95	35	1.328272236583084
J12	16	1	34	36	0.9691634473760363
\\ Jobs in machine 2
11
J13	13	14	20	26	1.1961290581422106
J14	14	9	19	42	1.7004809821997284
J15	15	4	54	22	1.73606809139661
J16	15	11	96	56	0.658720266193273
J17	17	2	43	27	1.2501176311998115
J18	15	1	84	5	1.0387495894161236
J19	15	5	82	52	0.3991106160094957
J20	15	11	14	55	1.5537337815015564
J21	15	8	101	16	1.3940460957812384
J22	14	8	19	27	0.7403348139302519
J23	13	3	53	44	2.077302423367929
\\ Jobs in machine 3
12
J24	14	9	49	5	0.34687348351963054
J25	14	6	90	32	1.8784397210087544
J26	16	9	93	23	1.2480735379327852
J27	14	4	4	30	1.5729617792614476
J28	17	9	82	35	1.1356997726246514
J29	13	6	6	58	0.7297859679326606
J30	15	4	58	28	1.5830666005049823
J31	14	8	33	1	0.7915441480580745
J32	15	6	60	42	1.4316595870850195
J33	14	9	54	40	0.8641631273281548
J34	15	2	5	40	1.8269530096220077
J35	15	7	3	27	1.5286999353449933
\\ Jobs in machine 4
9
J36	15	12	106	20	1.3410854494361488
J37	14	8	2	19	1.468129844613499
J38	14	13	10	39	1.2609483671160997
J39	13	11	52	31	1.661499651390665
J40	14	8	107	30	1.936422887676581
J41	15	3	100	15	1.5569143496123092
J42	13	4	95	47	1.5803035455873542
J43	13	2	85	42	1.3716321411304215
J44	15	13	101	72	1.0002816844074722
\\ Jobs in machine 5
9
J45	14	9	98	31	1.7139613041126462
J46	15	9	99	42	1.2768863195972802
J47	15	9	92	26	1.1889564197901743
J48	16	6	79	66	0.4741792425837811
J49	13	1	37	31	1.1043093109237538
J50	15	8	109	68	1.329284678947663
J51	15	3	61	22	1.8138289053707366
J52	15	12	51	24	0.1
J53	14	4	107	57	1.6572971635645883
\\ Jobs in machine 6
10
J54	15	2	100	15	1.0666686138832795
J55	16	11	41	60	1.7563437871945602
J56	16	8	2	30	1.567308113348038
J57	14	6	22	44	0.8656828235380657
J58	16	6	2	54	0.7790189746275376
J59	15	10	37	50	0.9374957952211023
J60	14	6	47	27	1.2144903940480696
J61	14	7	43	45	1.022883792236926
J62	15	7	15	64	0.8317284528200614
J63	14	7	53	51	1.1772639491261996
\\ Jobs in machine 7
11
J64	17	5	103	69	1.6362015111536643
J65	14	6	74	64	0.7865164397921082
J66	14	11	11	46	1.402121638029349
J67	14	8	20	22	1.6431248566368706
J68	15	14	23	53	0.8949096223955479
J69	15	6	75	30	1.6824106164454564
J70	14	1	8	57	1.4546635746045657
J71	16	4	16	9	0.5212904314415912
J72	13	7	109	39	2.4630026014833506
J73	15	12	28	42	1.3497708335950305
J74	14	2	90	24	0.3099180826397918
\\ Jobs in machine 8
12
J75	13	12	70	20	1.201251688610754
J76	15	13	5	25	1.518838449709065
J77	14	2	78	66	1.9016065681201701
J78	14	7	51	5	1.5174787994956893
J79	14	5	110	49	1.915987671849774
J80	15	3	3	74	1.8964290000963298
J81	15	4	15	65	1.550835392502258
J82	14	5	56	33	0.6555414637675757
J83	14	4	17	62	1.5521796218499477
J84	14	8	50	22	0.7522695198163063
J85	14	12	33	21	1.2913987117422276
J86	16	2	70	4	1.9510839917386111
\\ Jobs in machine 9
11
J87	14	9	61	8	1.2489504601896837
J88	14	11	35	4	1.9323163730208148
J89	13	6	31	3	0.6234898569574355
J90	16	12	96	54	2.0933846663728684
J91	15	12	85	4	1.8191912991733836
J92	14	5	10	40	1.9049005111049886
J93	14	7	85	51	0.1
J94	16	11	76	69	2.189737000688787
J95	14	13	75	61	2.21407887565158
J96	12	12	32	50	1.062336261954129
J97	15	9	96	7	1.62016264590989
\\ Jobs in machine 10
11
J98	15	14	86	6	1.8868986816825923
J99	16	9	29	50	0.5730547064258895
J100	14	3	28	46	0.6796030062950359
J101	13	8	53	45	2.025619905160515
J102	13	13	73	62	1.5050699941849697
J103	16	1	56	11	0.9019510398183648
J104	14	4	57	59	1.3258575433729727
J105	14	6	104	15	1.6635219286571516
J106	16	13	7	23	1.4968090723737402
J107	15	14	79	27	0.747166646321707
J108	14	2	45	20	1.2972011936798034
\\ Dependencies 
115
1	12
2	5
2	8
2	10
2	12
3	12
4	6
5	7
5	11
6	7
6	9
7	12
8	10
13	20
14	19
14	22
15	17
15	23
17	19
17	22
19	22
19	23
20	21
21	22
21	23
22	23
24	28
24	31
24	35
25	28
25	30
25	32
25	35
26	29
26	30
27	28
27	34
28	30
28	33
29	31
30	34
31	33
36	37
36	40
36	42
37	40
37	43
40	42
40	44
41	42
41	43
45	47
45	48
45	51
46	50
46	51
46	52
47	52
47	53
48	53
55	56
55	59
55	60
55	63
56	57
58	60
58	62
58	63
59	60
61	63
64	67
65	72
65	73
66	69
66	74
68	73
68	74
71	73
71	74
72	74
75	84
75	85
76	79
76	81
76	85
77	78
77	80
77	81
77	83
78	79
78	83
78	85
79	80
81	82
81	83
87	89
87	93
87	96
87	97
89	94
89	95
90	97
92	96
93	97
95	97
96	97
98	105
98	108
99	101
101	103
101	106
103	104
103	108
104	108
107	108
