\\ machines
6
\\ max power
60
\\ Jobs in machine 1
10
J1	16	14	35	14	0.7158397555463176
J2	14	4	82	8	0.723862241947625
J3	14	3	95	10	1.4240340093416604
J4	14	1	80	8	1.3564103548161934
J5	15	8	100	14	1.2858426295347567
J6	14	6	78	15	1.359145177368036
J7	15	13	81	4	2.0599334674866276
J8	14	10	88	2	0.5001699411045782
J9	13	6	65	15	0.8366771235013112
J10	14	7	92	5	1.3859291806157374
\\ Jobs in machine 2
12
J11	14	10	48	12	1.5020888767770633
J12	15	13	48	13	0.7182259454442159
J13	15	7	45	5	0.8935164268072667
J14	12	6	18	1	1.4134773371866896
J15	13	6	31	2	0.8774421556584694
J16	15	7	47	5	1.4831194077111645
J17	13	5	78	2	1.5677604877389064
J18	15	9	72	8	1.8114633684565846
J19	14	8	97	8	0.7663107854320137
J20	15	12	54	8	1.5140167604902106
J21	14	10	36	12	0.7590798226773352
J22	15	12	48	11	0.4764796492333432
\\ Jobs in machine 3
12
J23	13	9	78	13	0.1
J24	16	8	84	1	1.5869462881642395
J25	14	6	86	15	0.9514533341366711
J26	15	5	38	1	0.1779175386211116
J27	14	1	74	8	1.1182420398542046
J28	14	13	78	5	0.9786674547115592
J29	15	7	14	3	1.1916622496241693
J30	14	6	93	9	0.6629740006258831
J31	13	11	74	6	0.9969672846904757
J32	15	11	69	15	1.200656879921268
J33	15	14	55	2	1.049314728122639
J34	13	2	49	8	0.43972411870197825
\\ Jobs in machine 4
11
J35	15	10	53	14	1.036220688389991
J36	14	1	31	1	1.2828438323641065
J37	14	7	62	15	1.3350881746357144
J38	15	9	105	6	1.4792454896243428
J39	16	2	89	8	0.7240691771111766
J40	15	8	108	8	1.4289466594449158
J41	15	3	61	1	0.9480692062459423
J42	13	1	14	13	0.944174740807816
J43	15	9	3	1	1.7076463959145392
J44	15	8	94	3	0.5270148291781722
J45	14	11	30	7	1.2729063961970704
\\ Jobs in machine 5
11
J46	15	10	99	10	0.4686712497245954
J47	17	11	102	3	1.4024467948421406
J48	14	11	59	14	0.877491025909902
J49	15	7	105	15	0.9190918661457032
J50	15	6	13	11	0.21999611438536615
J51	13	9	91	4	0.7221859935245898
J52	14	10	63	9	0.7471448769841578
J53	16	11	97	6	2.300130278667658
J54	14	14	54	10	0.8656815294662392
J55	16	10	72	13	1.0300809422141273
J56	16	13	9	3	1.2177388439600874
\\ Jobs in machine 6
10
J57	14	8	21	15	1.478725449848576
J58	16	6	75	2	1.0431420736301755
J59	13	5	29	2	1.11766043850328
J60	15	13	76	3	0.8741672341025705
J61	14	1	49	8	2.0079689059836148
J62	16	10	34	5	1.438901891074044
J63	16	12	70	9	1.2415085136242174
J64	14	14	103	7	0.6300320073931478
J65	15	10	83	3	1.9250785703277846
J66	15	1	21	13	2.1417091053962833
\\ Dependencies 
282
1	2
1	3
1	4
1	5
1	6
1	7
1	8
1	10
2	3
2	4
2	5
2	6
2	7
2	8
2	9
2	10
3	4
3	5
3	6
3	8
3	9
3	10
4	5
4	6
4	7
4	8
4	9
4	10
5	6
5	7
5	8
5	9
6	7
6	8
6	9
6	10
7	8
7	9
7	10
8	9
8	10
9	10
11	12
11	13
11	14
11	15
11	16
11	18
11	19
11	21
11	22
12	13
12	14
12	16
12	17
12	18
12	19
12	20
12	21
12	22
13	14
13	15
13	16
13	17
13	18
13	20
13	22
14	16
14	17
14	19
14	20
14	21
15	16
15	17
15	18
15	19
15	20
15	21
15	22
16	17
16	18
16	19
16	20
16	22
17	18
17	19
17	20
17	21
17	22
18	19
18	20
18	22
19	20
19	21
19	22
20	21
20	22
21	22
23	24
23	25
23	26
23	27
23	30
23	31
23	32
23	34
24	25
24	27
24	28
24	29
24	30
24	32
24	34
25	26
25	28
25	29
25	30
25	32
25	33
25	34
26	28
26	30
26	31
26	32
26	33
26	34
27	28
27	29
27	30
27	31
27	32
27	33
28	29
28	30
28	31
28	32
28	33
28	34
29	30
29	31
29	32
29	33
29	34
30	31
30	32
30	33
30	34
31	32
31	33
31	34
32	33
32	34
33	34
35	36
35	38
35	39
35	40
35	41
35	42
35	43
35	44
35	45
36	37
36	39
36	40
36	41
36	42
36	43
36	44
36	45
37	38
37	39
37	40
37	41
37	42
37	43
37	44
38	39
38	40
38	41
38	42
38	43
38	45
39	40
39	41
39	42
39	43
39	44
39	45
40	42
40	44
40	45
41	43
41	44
41	45
42	43
42	44
42	45
43	44
43	45
44	45
46	48
46	49
46	50
46	51
46	52
46	53
46	54
46	56
47	48
47	49
47	50
47	51
47	52
47	53
47	56
48	50
48	51
48	52
48	53
48	54
48	55
48	56
49	50
49	52
49	53
49	54
49	56
50	52
50	53
50	54
50	55
50	56
51	52
51	54
51	55
51	56
52	53
52	54
52	55
52	56
53	54
53	56
54	55
54	56
55	56
57	58
57	59
57	60
57	61
57	62
57	63
57	64
57	65
57	66
58	59
58	60
58	62
58	63
58	64
58	66
59	60
59	61
59	62
59	63
59	64
59	65
59	66
60	62
60	63
60	66
61	63
61	65
61	66
62	63
62	64
62	65
62	66
63	64
63	65
64	66
65	66
