\\ machines
6
\\ max power
60
\\ Jobs in machine 1
11
J1	13	3	104	12	1.0848899780439099
J2	15	10	94	22	0.7262010627902797
J3	14	11	12	23	2.1878531048181826
J4	14	4	86	28	1.1610520140376819
J5	16	3	18	5	0.5720504364868283
J6	13	1	100	25	1.732749040275427
J7	13	9	67	14	0.9959922380690762
J8	14	1	7	20	0.6019377721496105
J9	15	13	78	8	1.3861603778050093
J10	14	8	88	25	1.6707473511974364
J11	13	13	13	5	1.9220862501221752
\\ Jobs in machine 2
11
J12	14	3	8	21	2.046277355466895
J13	12	1	20	13	2.095937195227209
J14	15	6	85	19	1.5249691678639135
J15	16	9	25	11	1.1156849236511515
J16	15	1	70	1	1.8581016680918632
J17	15	7	11	12	1.548366676944344
J18	16	6	59	9	1.5761902582848781
J19	14	2	78	15	1.8638905959296235
J20	13	5	108	4	0.9356407122893182
J21	15	11	15	22	1.4358910544411507
J22	14	11	29	6	0.3844450653013636
\\ Jobs in machine 3
10
J23	16	3	95	12	1.1445751837685134
J24	15	10	11	17	1.299783334800158
J25	13	7	12	4	1.8752673534180064
J26	14	14	87	5	1.7268165544861778
J27	14	2	52	18	0.8556523129874722
J28	15	9	40	24	1.2172869807182973
J29	15	4	39	23	1.2403878745275025
J30	15	10	89	3	0.7740240380461386
J31	15	1	38	20	0.8453896145117721
J32	13	14	11	25	1.8388098151611603
\\ Jobs in machine 4
10
J33	13	8	77	10	1.2535337796340282
J34	14	10	78	29	1.6554466975836573
J35	15	11	96	25	1.3785669945859322
J36	15	4	17	12	1.5653279511877305
J37	14	14	36	15	1.1485204307737433
J38	14	3	23	22	1.078708743965868
J39	15	2	91	22	0.4827416072777083
J40	16	7	76	24	1.3595220332515012
J41	15	14	98	3	1.1487970016770257
J42	14	2	20	24	1.411288931005212
\\ Jobs in machine 5
13
J43	14	5	110	23	1.1287079688400568
J44	15	1	87	27	1.3262351198745335
J45	16	14	37	26	0.7748008966351819
J46	15	2	57	26	1.1001239027150933
J47	13	10	108	22	0.83206594461945
J48	14	2	17	3	1.1855861589057655
J49	14	11	86	29	0.7434758623285693
J50	15	9	58	17	1.3199016173516598
J51	16	11	29	10	1.1344983766208308
J52	15	1	85	8	0.9103309410923279
J53	15	13	43	26	1.5496516370731839
J54	15	11	9	25	1.0511606638353133
J55	14	12	63	23	1.1947319032209187
\\ Jobs in machine 6
11
J56	13	12	8	4	1.7494930895491478
J57	14	14	39	7	0.5387416456138593
J58	14	11	47	25	1.7258929626722073
J59	14	13	100	14	1.2442244321211655
J60	16	3	72	6	1.8473043844956085
J61	13	3	80	7	0.853519018432952
J62	15	11	102	9	2.249397949345644
J63	12	12	37	27	1.2030321091343534
J64	15	12	18	24	1.517605142040348
J65	15	13	17	5	1.1718801302659898
J66	13	10	46	13	1.3332571709692846
\\ Dependencies 
235
1	2
1	4
1	6
1	7
1	8
1	9
2	3
2	4
2	5
2	6
2	11
3	4
3	5
3	6
3	7
3	8
3	9
3	10
4	5
4	6
4	7
4	9
5	6
5	8
5	10
5	11
6	7
6	8
6	11
7	9
7	10
7	11
8	9
10	11
12	14
12	15
12	16
12	17
12	19
12	20
12	21
12	22
13	14
13	15
13	17
13	18
13	19
13	20
13	21
13	22
14	15
14	16
14	18
14	20
14	21
14	22
15	16
15	17
15	18
15	20
15	21
16	17
16	18
16	19
16	20
16	22
17	19
17	21
17	22
18	19
18	20
18	21
18	22
19	21
20	21
20	22
21	22
23	24
23	26
23	27
23	28
23	30
23	31
24	25
24	26
24	27
24	28
24	29
24	30
24	31
25	27
25	29
25	31
26	27
26	28
26	29
26	30
26	32
27	28
27	29
27	31
28	30
28	32
29	30
29	31
29	32
30	31
31	32
33	36
33	37
33	38
33	39
33	40
33	41
33	42
34	35
34	38
35	37
35	38
35	39
35	40
35	41
35	42
36	37
36	38
36	39
36	41
36	42
37	40
37	42
38	39
38	40
38	41
38	42
39	40
39	41
39	42
40	41
40	42
41	42
43	45
43	47
43	48
43	49
43	50
43	51
43	52
43	53
43	54
43	55
44	45
44	46
44	47
44	49
44	52
44	53
44	54
44	55
45	46
45	47
45	48
45	49
45	50
45	52
45	53
45	55
46	48
46	50
46	51
46	52
46	55
47	48
47	49
47	51
47	53
47	54
48	49
48	50
48	51
48	52
49	50
49	51
49	52
49	54
49	55
50	51
50	52
50	55
51	52
51	53
51	54
51	55
52	53
52	54
53	54
53	55
54	55
56	57
56	58
56	59
56	60
56	61
56	62
56	66
57	59
57	60
57	61
57	62
57	63
57	64
57	66
58	59
58	61
58	63
58	64
58	65
59	60
59	62
59	63
59	64
59	65
60	63
60	64
60	66
61	63
61	64
61	65
61	66
62	63
62	66
63	64
63	65
64	65
64	66
65	66
