\\ machines
25
\\ max power
250
\\ Jobs in machine 1
11
J1	16	7	82	55	0.921890789780635
J2	17	3	19	178	1.9445754323833966
J3	16	9	100	163	0.6828694326959062
J4	16	8	68	40	1.311580433146143
J5	15	4	44	153	1.0175959761533302
J6	16	13	73	48	1.3007256643775562
J7	15	2	110	169	0.7943262469484711
J8	14	12	88	171	1.528837145381277
J9	14	6	46	69	1.3647367908203996
J10	14	5	3	42	0.8704702995671278
J11	13	8	2	90	1.5020177256010758
\\ Jobs in machine 2
11
J12	13	14	12	161	1.2677830156786072
J13	13	1	16	21	1.2771325359686494
J14	15	13	83	68	1.7185607480372909
J15	15	10	43	93	1.416743729928151
J16	14	4	109	184	0.1
J17	15	5	107	142	1.4933481743924815
J18	15	11	23	2	1.3868814263258042
J19	14	4	100	63	2.0658073193863555
J20	12	13	52	138	1.5388154954455193
J21	15	12	50	158	1.44498460468824
J22	13	9	21	77	1.0363953551488836
\\ Jobs in machine 3
10
J23	14	14	101	131	0.9924229875602069
J24	14	7	102	69	1.390834120597522
J25	17	4	52	25	1.2299055383667716
J26	15	10	35	175	1.7977550753133498
J27	14	1	99	124	1.3150077162584588
J28	14	14	15	128	0.9467939124504592
J29	14	7	43	170	1.6763855924412794
J30	14	4	49	53	0.3760250720340631
J31	15	13	26	62	0.9809211722242483
J32	14	3	35	54	0.9438206471520505
\\ Jobs in machine 4
12
J33	16	14	79	96	1.035416650519477
J34	15	1	66	170	1.6116261072201281
J35	14	5	38	43	1.6503023280492664
J36	15	11	97	25	1.1115849687488255
J37	14	6	4	17	1.9302221739767855
J38	13	13	103	125	1.331450911733009
J39	16	2	61	61	0.6243799715876637
J40	13	8	59	88	1.7424642678964282
J41	15	5	25	46	1.4014902931319582
J42	16	12	72	37	0.1
J43	15	8	57	152	1.8511803479850024
J44	15	2	24	121	0.7929165267874164
\\ Jobs in machine 5
10
J45	15	10	6	129	0.941893974221621
J46	14	5	42	109	0.982672013920922
J47	14	11	13	158	0.5607626609656969
J48	14	2	25	115	0.7147073413034442
J49	15	1	44	43	1.2434715277223083
J50	15	7	67	140	1.0824137316572007
J51	13	2	14	63	1.0107867444962102
J52	13	13	62	109	2.0840339734335562
J53	14	6	92	188	1.2183124762946769
J54	16	2	74	6	1.1685236020555356
\\ Jobs in machine 6
11
J55	15	12	5	3	1.6192274712595738
J56	16	12	10	151	0.9854770908055659
J57	13	3	69	92	1.117544499459949
J58	13	1	3	89	1.3963738632854932
J59	14	12	52	167	1.4476362223294976
J60	14	5	98	101	0.1
J61	14	8	95	21	0.7484719499653629
J62	14	6	74	137	1.7123852543656017
J63	14	12	16	68	0.9165724574201811
J64	13	11	63	133	1.0450674807440432
J65	13	4	39	27	0.9868099154043986
\\ Jobs in machine 7
13
J66	15	8	109	45	1.6703980719742841
J67	14	2	110	70	1.7805733164734059
J68	16	1	81	32	1.2119113328775144
J69	15	4	57	60	1.7742904803062411
J70	14	11	18	103	0.1
J71	14	6	39	79	0.7183651730094327
J72	16	11	96	98	1.94025859643788
J73	14	11	88	111	1.688355129953815
J74	14	1	43	87	0.8769314226006188
J75	13	1	9	46	0.8703767140651831
J76	14	4	3	99	1.152687713350049
J77	18	13	3	184	1.0698242013681898
J78	14	9	39	8	0.9801331838617313
\\ Jobs in machine 8
10
J79	16	10	49	141	1.2739637863190947
J80	14	11	60	89	0.9648722734865979
J81	16	9	108	64	0.6882762989294714
J82	13	9	14	97	1.7783206253357604
J83	15	9	89	40	1.4693294977683775
J84	15	11	93	51	1.7353840005213832
J85	15	14	91	145	0.9638142597438645
J86	14	1	47	103	2.3801363155295143
J87	14	2	38	46	1.7914896800259323
J88	14	5	11	124	1.8456815197020815
\\ Jobs in machine 9
10
J89	15	10	108	130	0.9307614661597263
J90	14	4	39	134	1.753965700474866
J91	13	3	58	106	1.7734836585038756
J92	15	6	78	37	2.2811995600724186
J93	14	1	29	23	0.8508294796308857
J94	15	5	32	15	1.9740661348012867
J95	13	2	63	4	2.100573937639906
J96	15	8	4	15	1.1650325646587347
J97	14	5	47	88	1.4639603470966183
J98	13	7	38	92	0.9139689725704576
\\ Jobs in machine 10
12
J99	14	1	80	171	1.2716469238608177
J100	15	5	42	175	1.6515943530832664
J101	14	2	91	14	2.3693938444858116
J102	13	4	71	85	1.4826818290557682
J103	17	10	30	170	1.128567917207023
J104	13	8	15	163	1.0819484038029448
J105	14	3	22	97	1.2807022811111248
J106	14	4	65	111	1.6253641571175836
J107	15	7	37	177	1.1011339458508527
J108	15	4	109	126	2.0132325826690582
J109	15	3	12	16	1.2823836333863323
J110	13	11	22	134	1.1726552381799054
\\ Jobs in machine 11
11
J111	14	10	26	34	1.6854443203709422
J112	14	14	34	28	0.600684993112938
J113	14	10	83	126	1.7624143180866323
J114	14	3	103	35	1.862827102251682
J115	13	11	89	178	0.2505480099744499
J116	13	9	56	141	0.987439310516673
J117	16	14	33	22	1.111777321453289
J118	15	1	83	143	1.7094154228043394
J119	15	9	70	67	2.051154194345192
J120	15	6	70	17	1.2618068075827023
J121	14	6	71	158	0.37349878296981576
\\ Jobs in machine 12
13
J122	15	7	25	89	1.0160269253667356
J123	14	7	58	74	0.9258111523216181
J124	15	11	52	82	1.5299570506857507
J125	14	1	59	18	1.1476957936343883
J126	15	7	12	94	0.8052994584311124
J127	14	10	97	141	1.3724627902117832
J128	15	6	109	146	0.7152034251458327
J129	12	13	73	112	1.7678546587132802
J130	13	10	3	151	1.88488603301981
J131	15	10	56	156	0.5516414362019043
J132	14	2	36	21	1.55290880083654
J133	15	7	17	19	0.8885995952416944
J134	14	14	93	138	2.071622764297418
\\ Jobs in machine 13
11
J135	16	6	106	18	1.9337260590093737
J136	13	4	75	18	0.1
J137	14	11	39	153	0.8011506991361039
J138	15	3	58	168	0.907041387705825
J139	16	12	14	168	0.1
J140	14	9	66	2	1.6396664613489176
J141	15	7	50	87	1.3984137975176134
J142	15	2	28	172	1.6021681790192501
J143	15	5	97	37	1.1452937394080418
J144	14	8	57	142	0.9686545193368568
J145	12	10	8	45	1.7372425905336293
\\ Jobs in machine 14
10
J146	17	10	35	53	1.4862071444917468
J147	15	10	92	109	0.8146624861524784
J148	14	2	46	90	0.7309459313883122
J149	16	4	31	13	0.9042645111451862
J150	16	1	101	45	0.8329172986797188
J151	16	13	97	115	0.7691422285949673
J152	14	10	55	23	1.331092128428966
J153	14	5	91	93	1.5276831869193066
J154	15	11	68	122	1.6266126798116984
J155	15	8	83	109	1.4432182365662738
\\ Jobs in machine 15
12
J156	14	14	41	177	1.6593282708713295
J157	16	6	3	81	1.5773695266472703
J158	14	7	80	97	2.2881977785739647
J159	13	2	85	109	1.803335786204343
J160	13	5	11	98	0.7672272051838941
J161	16	14	101	21	1.6499274793080099
J162	15	11	95	179	0.4422876151027495
J163	14	6	2	116	1.7147417560026161
J164	13	5	7	77	0.9155992136000894
J165	15	7	96	90	1.4260049515992368
J166	13	3	109	178	1.7317859008914789
J167	14	8	58	59	1.6358112344257476
\\ Jobs in machine 16
10
J168	16	4	42	80	0.9865976597945934
J169	13	1	51	4	0.9320956533428779
J170	16	1	44	173	1.1576676873615568
J171	14	11	109	159	2.085216703670785
J172	14	14	88	24	1.3635607335246918
J173	14	13	108	24	0.9715056830956514
J174	16	8	105	121	1.8542414663227778
J175	14	5	30	158	0.658604914654714
J176	14	6	39	187	1.1890037537195566
J177	14	4	69	124	0.9528655676020457
\\ Jobs in machine 17
10
J178	14	1	44	74	0.7891256461292844
J179	14	5	88	110	1.6996645222548017
J180	16	3	53	16	0.9540072574267067
J181	14	4	2	85	0.8676928131106508
J182	15	5	63	63	0.7586219171723942
J183	15	6	76	154	0.660053434751535
J184	13	9	13	91	0.9978971110358708
J185	15	14	84	173	0.6281608733136379
J186	14	13	101	38	1.4647023543435949
J187	15	1	87	66	0.8759818939639528
\\ Jobs in machine 18
10
J188	13	5	7	119	1.3055748280469708
J189	14	12	73	140	1.1022292041596342
J190	15	2	94	45	2.2865271633387225
J191	14	11	16	165	1.204717216237664
J192	15	4	8	152	0.9672226740467915
J193	16	10	96	123	0.8448789025598585
J194	16	4	47	62	0.1
J195	14	5	78	14	0.2538076528661718
J196	15	7	85	140	1.7710163792678695
J197	14	9	83	161	1.3110637769169453
\\ Jobs in machine 19
12
J198	15	5	48	42	1.6411063013197371
J199	15	8	23	92	1.3479239660664186
J200	14	2	95	27	1.518047842486068
J201	15	3	61	65	2.0068906900120598
J202	17	4	32	172	0.9009873069736796
J203	17	12	47	20	0.7940221255516595
J204	14	7	60	112	1.3668184361095657
J205	14	5	15	4	0.5681466045064789
J206	14	11	26	108	1.103498739461794
J207	14	10	15	46	1.2864117245930418
J208	16	8	26	116	1.6899910076838545
J209	15	4	34	101	0.9058629223941786
\\ Jobs in machine 20
12
J210	14	10	81	185	0.2879965634037911
J211	14	13	79	71	1.3529215109543018
J212	15	5	52	128	1.7045365310895515
J213	15	12	73	138	1.3159071041952124
J214	14	7	45	183	1.577660418816333
J215	16	12	85	11	2.2461380566812528
J216	15	13	34	17	1.3492711107226754
J217	14	9	99	182	1.3025692343811366
J218	18	11	104	186	0.5625691481845004
J219	15	3	88	32	2.0859510572444644
J220	13	13	106	31	0.9968999638247369
J221	15	6	27	69	2.0069325193213468
\\ Jobs in machine 21
11
J222	14	5	29	26	1.4291427785936353
J223	16	1	16	104	0.8945686571324805
J224	14	6	83	163	1.7095502358045405
J225	16	11	22	66	1.5768794671502246
J226	16	5	40	115	1.558981064743803
J227	15	9	27	146	2.2842156122972845
J228	14	10	108	79	1.355027710972076
J229	16	7	8	11	1.3560535839848002
J230	15	13	22	160	0.5932789394766733
J231	15	5	93	69	1.9541294590738265
J232	15	14	15	161	1.641010431038507
\\ Jobs in machine 22
11
J233	14	10	27	164	1.7011817498178163
J234	12	6	4	136	1.0903831195852969
J235	16	5	70	24	0.47407633819435924
J236	15	8	38	85	0.5245274986658729
J237	13	7	79	6	0.8006648221684418
J238	13	6	46	50	1.184992319510511
J239	14	2	18	97	1.4509731566168382
J240	14	8	6	52	0.8027181278606476
J241	16	3	40	78	2.741964809940696
J242	15	7	87	133	1.8863044066147159
J243	14	9	98	163	0.1
\\ Jobs in machine 23
10
J244	15	8	13	76	1.5510802499843162
J245	16	3	15	19	1.383263287971349
J246	16	10	108	155	1.4616465816463213
J247	13	7	103	78	0.9728699385611514
J248	13	12	102	40	0.5887013763488366
J249	14	3	72	52	0.8378489194238679
J250	15	13	109	152	1.4976559809680257
J251	15	3	28	136	1.153469139297796
J252	15	11	22	176	1.1336228900888727
J253	15	10	61	96	1.56074833436226
\\ Jobs in machine 24
12
J254	16	12	47	16	1.037907573082667
J255	13	14	91	55	1.8399971622373448
J256	14	2	36	108	1.77587251866373
J257	16	4	77	55	0.936257307426946
J258	14	8	35	20	1.8430728479761087
J259	16	13	49	28	0.20013584989069544
J260	15	2	35	174	2.0100941263329872
J261	15	2	57	66	1.915994709812544
J262	12	5	90	58	0.5422848840464087
J263	14	1	58	162	1.3386183631552508
J264	16	3	51	23	2.33541979232438
J265	16	4	30	4	0.8476241850623913
\\ Jobs in machine 25
11
J266	14	1	22	115	2.0967832005748717
J267	13	8	34	50	0.7358478318218142
J268	16	14	25	137	0.6237361900758424
J269	13	9	52	81	0.8914275424551173
J270	14	5	34	145	0.762597578097685
J271	14	14	101	34	0.9215486945422219
J272	16	3	60	106	0.8456246160083833
J273	16	5	34	175	0.7145906202790537
J274	15	2	17	34	0.8913743741767072
J275	15	12	55	185	1.7147623360117463
J276	16	4	47	40	1.048354693082658
\\ Dependencies 
552
1	2
1	4
1	8
1	9
1	10
2	4
2	6
2	10
2	11
3	11
4	6
4	9
4	11
5	6
5	7
6	9
6	11
7	10
8	10
12	15
12	18
13	19
13	21
14	16
16	22
17	20
17	22
18	19
18	22
19	20
21	22
23	24
23	26
24	25
24	27
25	29
25	30
26	27
27	30
28	30
29	30
29	32
30	32
31	32
33	44
34	35
34	37
34	43
35	36
35	38
36	38
36	41
36	42
36	43
36	44
37	39
37	41
37	42
37	44
38	39
38	42
39	44
40	41
40	43
40	44
42	43
42	44
43	44
45	50
45	51
45	54
46	47
46	48
46	53
47	49
48	52
48	53
48	54
49	52
49	53
50	52
50	53
50	54
51	52
51	53
51	54
52	53
52	54
53	54
55	57
55	65
56	60
56	62
57	60
57	62
57	63
57	64
58	59
58	62
58	63
58	64
58	65
59	61
59	64
60	65
61	64
66	67
66	71
66	77
66	78
67	68
67	71
67	72
67	78
68	70
68	75
68	76
69	74
70	73
70	75
70	76
70	78
71	72
71	73
72	78
73	74
73	77
75	76
76	78
79	81
79	82
79	85
80	83
80	84
80	85
80	86
80	87
81	83
81	84
81	86
82	84
82	85
82	88
83	84
84	87
85	87
85	88
86	88
87	88
89	91
89	93
89	94
89	96
89	97
89	98
90	91
91	95
92	94
92	97
93	97
93	98
94	96
94	97
95	96
95	97
97	98
99	101
99	102
99	103
99	108
99	110
100	105
100	107
100	108
101	103
101	104
101	106
101	107
101	108
101	110
102	103
102	105
102	107
102	110
103	104
103	105
103	106
103	110
104	105
104	107
104	108
105	106
105	109
105	110
107	109
107	110
108	109
109	110
111	112
111	113
111	114
111	116
111	117
112	117
112	118
112	119
112	120
113	114
113	116
113	117
113	120
113	121
114	115
114	116
114	118
116	118
116	119
117	119
118	121
122	125
122	128
122	129
122	130
122	131
123	126
124	129
124	130
124	131
125	127
125	128
125	130
125	131
125	132
126	132
127	128
127	131
127	132
128	132
129	131
129	132
130	131
130	133
131	132
131	134
132	133
135	136
135	140
135	141
135	144
136	140
136	144
137	138
137	142
137	143
138	140
138	141
138	142
138	145
139	144
140	145
141	142
141	144
142	144
143	144
146	148
146	151
146	153
147	148
147	151
147	152
147	153
148	149
148	153
148	154
148	155
149	151
149	152
149	153
150	153
150	154
151	152
151	153
151	155
153	154
153	155
156	157
156	159
156	162
156	164
156	165
156	167
157	159
157	162
157	166
157	167
158	159
158	160
158	161
158	164
158	165
158	167
159	164
159	167
160	163
160	164
160	166
160	167
161	162
161	163
161	166
161	167
162	163
162	164
162	166
162	167
163	167
165	166
165	167
168	169
168	176
169	171
169	172
169	173
169	174
169	175
170	171
170	173
170	174
170	175
171	174
171	175
171	176
172	176
173	175
174	175
175	177
178	183
179	182
179	185
179	186
180	181
180	182
180	183
180	187
181	183
181	186
182	186
182	187
183	185
183	187
184	186
184	187
186	187
188	189
188	190
188	191
188	192
188	193
188	195
188	197
189	190
189	193
189	195
189	197
190	193
190	196
190	197
191	192
191	193
191	196
192	194
192	196
193	194
194	196
195	197
198	199
198	200
198	202
198	204
198	205
198	206
198	207
198	208
198	209
199	200
199	201
199	202
199	207
200	203
200	205
200	206
200	208
201	203
201	206
201	207
201	208
202	203
202	204
202	208
203	206
204	205
204	208
205	207
206	207
206	209
207	208
208	209
210	211
210	214
210	218
210	220
211	212
211	219
211	221
212	220
213	214
213	215
213	216
213	219
213	220
213	221
214	216
214	217
214	218
214	219
214	221
215	216
215	217
215	219
215	220
215	221
217	218
217	221
218	220
218	221
219	221
223	224
223	225
223	226
223	227
223	230
223	232
224	227
224	228
224	230
224	231
225	228
225	231
226	228
226	231
226	232
227	231
228	229
228	231
229	232
230	231
231	232
233	237
233	239
233	240
233	241
233	242
234	235
234	237
234	242
234	243
235	237
235	240
235	241
235	242
236	243
237	239
237	241
237	242
238	240
238	242
239	240
239	241
239	242
239	243
240	243
241	243
242	243
244	245
244	249
244	252
245	248
246	247
246	248
246	249
246	251
247	248
247	250
247	252
247	253
248	249
248	252
250	252
254	259
255	256
255	258
255	259
255	265
256	260
256	262
256	264
257	258
257	261
257	262
257	263
257	264
258	259
258	261
258	262
258	264
258	265
259	261
259	263
260	261
260	263
260	265
261	262
261	263
261	265
262	263
262	265
263	264
266	268
266	269
266	270
266	271
266	273
266	274
266	275
266	276
267	270
267	273
268	269
268	270
268	271
268	275
268	276
269	273
269	274
269	276
270	271
270	272
271	273
272	276
273	276
274	276
275	276
