\\ machines
18
\\ max power
180
\\ Jobs in machine 1
12
J1	15	11	76	8	1.0045559713896575
J2	15	13	60	15	1.5881718231876585
J3	14	7	54	14	1.7067510062236704
J4	16	11	36	25	1.9511510819753148
J5	14	14	39	21	0.9557332966893617
J6	15	9	34	32	1.4411994595522497
J7	15	12	42	27	0.8473639588116113
J8	13	1	91	28	1.253520079281187
J9	14	4	98	22	1.5722588234909591
J10	15	3	84	42	1.4106250505512936
J11	14	13	7	37	0.9496376017194581
J12	14	5	18	12	0.4973639207030207
\\ Jobs in machine 2
11
J13	14	7	74	44	1.9061478706733226
J14	15	4	61	13	0.5406350887556756
J15	15	12	84	41	1.4689731900021068
J16	13	11	44	24	1.6956467630503467
J17	16	5	30	41	1.9291248829447958
J18	15	12	36	34	0.13711829553976584
J19	14	10	27	35	1.647707047717006
J20	15	13	37	1	1.1013917028466205
J21	16	12	97	18	0.8984492882183484
J22	13	3	31	2	0.32977914860751245
J23	13	13	28	8	0.8536740925532355
\\ Jobs in machine 3
11
J24	15	5	17	21	0.17364187616930749
J25	13	11	17	27	1.509993363595429
J26	16	1	68	5	1.3269589677322655
J27	13	1	2	24	1.2814899897035938
J28	14	4	3	37	1.0634181729617789
J29	13	9	44	44	1.6196877461376054
J30	13	7	57	29	0.8383398611868969
J31	14	1	8	8	1.9343323573913391
J32	15	6	8	26	2.0462013266878625
J33	15	3	34	45	1.3304786807128859
J34	16	4	93	39	0.1
\\ Jobs in machine 4
11
J35	13	10	22	27	0.7184157302850624
J36	14	7	105	17	0.6770543474422894
J37	15	5	51	24	1.0039248145604256
J38	13	7	13	13	1.4062727014072811
J39	15	12	60	17	1.0280143923350902
J40	15	6	11	28	1.0160645568402713
J41	14	5	101	19	0.8663913753669965
J42	14	12	27	37	0.6308355469675835
J43	16	2	25	1	0.41604867618981767
J44	15	8	20	6	0.7700071341634398
J45	15	12	7	12	0.8990000369929685
\\ Jobs in machine 5
10
J46	15	1	6	33	1.0850526921213914
J47	14	3	74	36	0.8248432724024113
J48	14	1	97	4	1.7242346500205104
J49	13	3	97	8	1.8254393500362855
J50	14	12	34	32	1.9471304570820804
J51	14	3	17	20	0.5107612760032914
J52	16	2	18	19	1.1030516567826527
J53	16	14	30	25	1.0763273528277852
J54	13	6	41	21	1.0578420607572816
J55	14	8	27	32	0.5699365759732469
\\ Jobs in machine 6
10
J56	15	12	25	13	1.0714837408554403
J57	14	2	31	32	0.1
J58	15	12	74	19	0.7727654359829471
J59	15	6	89	28	1.2946470036679165
J60	15	9	62	43	1.093574466709703
J61	14	13	10	27	0.7203540817666119
J62	14	3	2	26	1.9786843008266857
J63	15	9	92	36	0.7944676947256163
J64	14	3	54	37	1.2090230453057687
J65	15	10	68	40	1.4905648340007334
\\ Jobs in machine 7
11
J66	16	9	96	2	0.1
J67	15	3	78	7	0.1
J68	14	4	3	35	0.5884748117430973
J69	15	2	40	28	1.8113527870003339
J70	15	4	74	36	0.4827587495251725
J71	15	4	44	14	2.5535149795722663
J72	15	2	93	17	0.6166626669544162
J73	14	13	69	30	1.2347198689469387
J74	15	9	51	27	1.9779128776864585
J75	13	11	16	17	0.6253295219750612
J76	15	14	42	34	1.4188699509906673
\\ Jobs in machine 8
13
J77	14	3	20	27	1.9355111256037894
J78	14	3	21	37	0.7544861538333638
J79	14	12	45	2	1.091524842150739
J80	15	11	64	30	2.0149575373185455
J81	15	12	100	32	1.2351319134462941
J82	14	11	64	32	0.9860524153697444
J83	15	8	45	32	1.2809272205343525
J84	13	3	93	33	1.204969693869175
J85	14	8	35	27	0.6976459254326919
J86	16	11	39	23	1.6289855111720986
J87	15	11	105	15	1.4694790961340232
J88	15	14	36	36	1.2212719421663767
J89	13	14	50	25	0.16608852900114957
\\ Jobs in machine 9
11
J90	15	8	71	36	1.5677707378328898
J91	16	13	29	16	0.5194110139774494
J92	16	13	98	21	0.7024649008136032
J93	15	8	8	7	1.3766100979950937
J94	14	7	76	14	1.3484844987328544
J95	15	13	82	45	0.9418439345422318
J96	15	1	68	37	0.6662509664595443
J97	15	8	38	33	1.2324988881026293
J98	15	11	87	21	0.9121944436095774
J99	14	1	22	36	0.8112872421483874
J100	13	14	42	26	0.8053459585532637
\\ Jobs in machine 10
11
J101	16	9	68	28	0.954533992893811
J102	13	2	60	44	1.708259896261082
J103	15	6	24	22	0.8440374156861382
J104	13	11	38	7	1.0366312219631817
J105	15	6	69	22	1.5648943439818999
J106	14	7	61	15	0.46114632819140633
J107	15	12	33	39	0.5374319555158026
J108	14	5	60	22	1.0881452514122762
J109	14	3	104	24	0.4547813838403062
J110	14	3	44	26	1.4652154300816151
J111	15	3	57	29	1.8629601661280033
\\ Jobs in machine 11
10
J112	14	8	43	39	0.3594582115635432
J113	17	13	101	27	1.1979423721036364
J114	16	6	80	14	1.7261561874182962
J115	15	8	106	19	1.350755627831106
J116	16	3	80	16	1.1829706759260903
J117	16	1	3	4	0.7065824613907137
J118	15	2	32	26	0.9021282355446435
J119	14	6	82	20	1.4111925944562231
J120	15	13	14	27	1.4519436758434032
J121	16	8	80	3	1.5054044873026493
\\ Jobs in machine 12
11
J122	15	2	9	39	1.2449858313230557
J123	14	10	38	41	1.4184378927538903
J124	15	7	70	44	1.1263357418017872
J125	13	11	17	40	1.364178841837148
J126	14	10	37	3	1.0196122127810663
J127	13	14	97	9	1.08392980968154
J128	14	5	2	17	1.0412650443858364
J129	15	5	26	16	1.789780841301307
J130	15	9	6	16	1.154550807549348
J131	14	13	97	7	0.9149494342682792
J132	16	9	16	35	1.4405190080250208
\\ Jobs in machine 13
10
J133	15	6	37	27	0.7632230804767539
J134	12	5	94	11	0.3183757206815706
J135	14	12	15	9	0.9330868390950589
J136	14	5	20	36	0.7227465980600227
J137	14	3	77	19	0.1
J138	15	8	16	26	1.7049000925559459
J139	14	11	49	43	0.6106741319256472
J140	16	11	64	2	0.9546214655173126
J141	17	7	74	13	1.4361869141501782
J142	16	8	56	7	1.0826795336673627
\\ Jobs in machine 14
12
J143	16	13	17	29	1.1930258335181598
J144	17	7	51	41	1.482968739293991
J145	14	13	97	8	0.47713262446314697
J146	15	6	108	27	1.8551266085135114
J147	16	2	7	25	1.5168546714211384
J148	13	2	25	19	1.043108211349752
J149	16	7	10	29	1.8682115575939053
J150	14	9	100	32	0.6698679368464846
J151	14	8	18	14	1.8441385303619193
J152	14	13	33	19	1.1367151342969612
J153	14	10	24	32	0.688617773461972
J154	14	14	46	21	0.9561339683708725
\\ Jobs in machine 15
10
J155	14	7	64	37	1.5400949358205647
J156	14	6	98	24	2.1312346750246633
J157	15	1	62	4	0.7837412576110867
J158	14	1	65	39	1.0193695345122584
J159	15	12	57	2	0.7194589359604846
J160	15	7	33	23	1.4571783240738072
J161	13	5	88	8	0.2575970885141373
J162	14	6	75	37	1.0003569246664916
J163	14	6	41	31	1.6496179999161291
J164	15	5	37	2	1.1406056361438912
\\ Jobs in machine 16
13
J165	14	1	91	23	0.1
J166	14	12	72	38	2.0583319020192095
J167	15	9	60	32	0.9017470609916397
J168	16	8	32	39	1.2465390883180074
J169	15	9	96	43	0.8900765336808627
J170	15	12	6	5	1.4368078297581266
J171	17	13	87	8	0.7925720151022594
J172	14	2	41	31	1.621365511585611
J173	15	3	7	22	0.5067731815635401
J174	14	14	52	38	1.7412767636235449
J175	15	5	100	38	1.261786122724316
J176	14	13	84	28	2.623564107901791
J177	14	9	53	8	1.6105492654052511
\\ Jobs in machine 17
10
J178	14	5	27	31	2.0646129183588706
J179	15	13	54	7	0.5359355190533812
J180	14	7	91	18	1.7425867341357637
J181	16	1	62	24	1.8281055806273105
J182	15	6	13	37	1.3696566316804102
J183	15	10	38	11	0.33530911052522816
J184	13	8	60	35	0.6809284982771595
J185	13	10	90	23	0.94163166613384
J186	16	1	100	30	0.77826579949402
J187	14	11	100	45	1.1501671802850244
\\ Jobs in machine 18
12
J188	14	2	66	12	0.9961321178177776
J189	14	11	64	28	1.0325246951589346
J190	15	8	100	16	0.2167922535018535
J191	14	1	68	45	1.3618158370200797
J192	13	11	98	5	0.5612456825594321
J193	15	13	100	22	0.2972554002158019
J194	14	12	23	45	1.8075085972081508
J195	13	2	52	34	1.0551217412295841
J196	13	7	92	26	1.0807100540846686
J197	14	1	92	29	1.0191014769666162
J198	16	14	92	4	1.2297324578570872
J199	13	14	9	36	1.4557337542048896
\\ Dependencies 
520
1	3
1	4
1	5
1	6
1	8
1	9
2	4
2	5
2	9
2	11
2	12
3	8
3	9
3	12
4	7
4	9
5	8
5	9
5	10
6	8
7	9
7	11
8	10
8	11
8	12
9	10
9	12
10	11
10	12
11	12
13	14
13	16
13	17
13	21
13	23
14	15
14	16
14	17
14	19
14	21
14	23
15	16
15	18
15	20
15	21
15	22
15	23
16	20
16	21
16	22
17	18
17	20
17	23
18	19
19	22
19	23
20	22
21	22
21	23
22	23
24	25
24	26
24	27
24	28
24	32
24	33
25	28
25	29
25	31
25	32
25	34
26	30
26	31
26	32
26	33
26	34
28	29
28	30
28	31
28	33
28	34
29	30
29	31
29	32
29	34
30	31
30	33
30	34
31	32
32	34
35	36
35	37
35	38
35	39
35	41
35	43
35	44
36	37
36	39
36	40
36	41
36	42
36	44
37	38
37	39
37	41
37	44
38	39
38	42
39	42
39	43
39	44
39	45
40	41
40	43
40	44
40	45
41	43
42	45
43	44
44	45
46	48
46	49
46	50
46	51
46	52
46	54
47	48
47	49
47	50
47	51
47	52
47	55
48	50
48	52
48	54
49	51
49	53
49	54
50	51
50	53
50	54
50	55
51	52
51	53
52	54
53	55
56	57
56	60
56	62
56	63
56	64
57	58
57	60
57	63
57	64
58	62
58	63
59	60
59	61
59	62
59	63
59	64
59	65
61	62
61	64
61	65
62	63
62	65
66	69
66	70
66	71
66	72
66	73
66	74
66	75
67	71
67	72
67	73
67	74
67	76
68	69
68	73
68	74
68	75
68	76
69	71
69	72
69	73
69	75
70	71
70	73
70	76
71	74
71	76
72	73
73	74
73	75
74	76
77	80
77	82
77	84
77	85
77	86
77	89
78	79
78	80
78	81
78	82
78	85
78	86
78	88
78	89
79	82
79	83
79	84
79	85
79	87
79	88
80	81
80	82
80	83
80	84
80	88
81	82
81	83
81	87
82	84
82	85
82	86
82	88
83	87
83	88
83	89
84	86
84	88
84	89
85	88
85	89
86	87
86	88
87	89
90	93
90	94
90	95
90	96
90	98
90	100
91	92
91	93
91	94
91	95
91	98
91	99
91	100
92	93
92	94
92	96
92	97
92	98
92	99
93	94
93	97
93	98
93	100
94	97
94	98
95	99
96	99
97	98
97	100
98	99
99	100
101	102
101	104
101	107
101	108
101	110
102	104
102	105
102	106
102	107
102	109
102	110
103	104
103	105
103	107
103	108
104	107
104	108
104	110
105	106
105	107
105	109
105	111
106	108
106	109
106	110
107	108
107	109
108	110
108	111
109	110
110	111
112	118
112	119
112	120
113	119
113	120
113	121
114	116
114	117
114	119
115	116
115	117
115	118
115	119
115	120
115	121
116	118
116	119
116	121
117	118
117	119
117	120
118	119
118	120
118	121
119	121
120	121
122	123
122	124
122	127
122	130
122	131
122	132
123	125
123	127
123	129
123	130
123	131
123	132
124	125
124	126
124	127
124	128
124	131
124	132
125	127
125	128
125	130
125	131
126	128
126	129
126	130
127	128
127	132
129	130
129	132
130	131
130	132
131	132
133	134
134	138
134	140
134	141
134	142
135	136
135	139
135	141
136	137
136	140
136	141
136	142
137	141
137	142
138	140
138	141
139	140
141	142
143	144
143	147
143	151
143	152
143	153
144	145
144	147
144	148
144	149
144	150
145	146
145	149
145	150
145	151
145	154
146	148
146	149
146	153
147	149
147	150
147	151
147	152
147	153
147	154
148	153
149	150
149	152
150	151
152	154
155	159
155	163
156	158
156	160
156	162
156	164
157	159
157	160
157	162
157	164
158	163
158	164
159	160
159	161
159	162
160	163
160	164
161	164
163	164
165	166
165	167
165	172
165	175
166	168
166	170
166	173
166	175
166	176
166	177
167	171
167	174
167	175
168	169
168	170
168	171
168	172
168	173
168	174
168	175
168	177
169	170
169	172
169	175
169	176
169	177
170	174
170	175
170	176
171	172
171	173
171	174
171	175
172	174
172	175
175	176
175	177
176	177
178	180
178	184
178	185
178	187
179	180
179	182
179	186
179	187
180	182
180	183
180	186
181	183
181	186
181	187
182	183
182	185
182	186
182	187
183	184
183	185
183	186
183	187
185	186
188	189
188	193
188	194
188	197
189	192
189	193
189	196
190	192
190	195
190	197
190	198
190	199
191	194
191	195
191	198
192	195
192	197
192	198
192	199
193	194
193	196
193	197
193	198
193	199
194	196
194	197
194	199
195	196
195	198
196	198
197	198
