\\ machines
18
\\ max power
180
\\ Jobs in machine 1
12
J1	13	2	104	102	1.8278982877858057
J2	16	8	78	90	0.5008741422446064
J3	13	10	11	25	1.8459393941682025
J4	15	8	84	55	2.1507060586859414
J5	15	1	91	127	1.7719846874634537
J6	16	1	13	109	2.239196203857727
J7	15	2	110	53	1.912264643659345
J8	16	3	71	114	1.9693181913668323
J9	14	12	19	25	1.3144062592526604
J10	16	6	64	106	2.023222380391469
J11	14	1	40	55	1.1372202234183897
J12	15	12	36	33	2.513778868329811
\\ Jobs in machine 2
12
J13	16	11	9	74	1.242865808030649
J14	16	11	105	91	1.0046528467787246
J15	14	11	100	53	0.7628516549910532
J16	15	12	81	103	1.7125467252298292
J17	14	13	4	3	1.0873963045915134
J18	16	13	104	121	0.9119560570622397
J19	15	6	36	118	0.785190873975774
J20	13	13	105	88	1.4306533955523264
J21	14	6	77	46	1.5826759611573058
J22	13	10	20	15	1.4247622030713492
J23	15	13	68	33	1.0467889075079488
J24	15	3	28	85	1.298276720826219
\\ Jobs in machine 3
12
J25	15	4	79	108	0.7346355368834359
J26	15	3	62	24	1.0124570914980342
J27	15	3	103	113	1.0278292602315577
J28	14	9	87	102	0.3533285589395895
J29	15	5	52	115	1.641001777522889
J30	15	9	10	121	1.118532947879353
J31	16	8	5	49	1.1214859621484448
J32	13	8	20	90	1.5927543373000765
J33	15	4	58	103	1.6009000694850803
J34	17	2	43	71	0.9768538105595888
J35	15	1	8	122	1.5976457628105702
J36	15	8	35	111	1.0263894155909226
\\ Jobs in machine 4
12
J37	15	1	105	88	1.8136409373753883
J38	12	2	93	95	1.0343910473563351
J39	15	1	8	45	2.1763167050411645
J40	16	2	108	127	1.1196748241345384
J41	15	4	60	6	0.8471989136395828
J42	16	1	107	132	1.1683487948631401
J43	14	10	32	65	1.0055907703929399
J44	13	1	68	92	1.300465842767342
J45	15	9	84	40	1.13191838727386
J46	16	12	12	78	0.3199078325112421
J47	15	13	99	47	1.308608391603053
J48	15	1	82	13	0.9591167777330525
\\ Jobs in machine 5
11
J49	14	14	60	14	0.7242626920441151
J50	13	7	38	85	1.0247319522857932
J51	13	7	89	85	0.4915663423356067
J52	13	8	51	11	1.4900430643255227
J53	16	4	78	128	0.8489945496040461
J54	16	8	24	117	1.039968834025191
J55	13	2	63	74	0.71440905256185
J56	15	14	106	40	1.4497911660151934
J57	12	5	20	41	1.1958397973510164
J58	15	1	96	123	1.1226876647070942
J59	15	8	66	63	1.4689863970784554
\\ Jobs in machine 6
11
J60	13	7	42	100	1.5404294970202368
J61	13	10	95	72	0.8249560099502169
J62	13	13	8	102	1.4943772815053946
J63	14	13	86	74	0.4056547956395661
J64	14	9	93	51	0.9387471216489591
J65	15	1	73	29	1.677107765010513
J66	16	6	93	54	0.592926621429359
J67	15	2	13	108	0.9868238338988657
J68	15	10	23	40	1.5389254050126997
J69	13	14	10	69	0.25771996225433025
J70	15	3	15	101	0.2747489713119837
\\ Jobs in machine 7
11
J71	14	3	45	32	1.5829303173992635
J72	15	10	2	63	0.8500649306200664
J73	15	3	104	85	1.3132228674284643
J74	15	1	73	133	1.157375448108454
J75	14	11	109	124	1.553668633021474
J76	14	6	56	46	1.6497096429704219
J77	15	12	52	91	1.238276595787142
J78	15	7	48	133	1.756905420817602
J79	15	6	8	27	1.4102277284967877
J80	15	10	67	42	1.4933142211401318
J81	15	10	27	45	1.3964133991605674
\\ Jobs in machine 8
14
J82	14	6	23	99	1.7187932908220729
J83	16	11	3	36	1.712413075332301
J84	14	10	11	102	0.5385127448240132
J85	14	11	19	74	1.1386907328861147
J86	14	8	107	79	0.5748332812090621
J87	15	10	12	33	0.8214919028644242
J88	12	10	62	121	0.5149216940641288
J89	14	2	94	122	1.446415507563217
J90	14	13	58	70	1.3573919764220799
J91	13	10	86	76	1.5448761002088278
J92	14	11	48	134	1.1639186560184749
J93	13	4	107	4	1.3097149497484069
J94	15	8	17	40	1.1288510225962873
J95	15	11	63	58	0.6655401576199489
\\ Jobs in machine 9
11
J96	16	5	10	15	2.2910984726674686
J97	16	1	110	44	0.8756533440455988
J98	16	13	104	12	0.9432158692107553
J99	17	12	107	109	1.5915429537987962
J100	16	8	82	127	0.32812913243862263
J101	14	8	81	1	1.4689633172518493
J102	15	1	98	99	0.5286923086458238
J103	14	4	68	37	1.2362392402715063
J104	14	4	24	112	1.7238846295263457
J105	14	6	103	83	1.4020684042976033
J106	15	13	59	21	0.7110901042056983
\\ Jobs in machine 10
11
J107	13	10	69	131	1.928273779755341
J108	15	2	93	134	1.4536616627829977
J109	14	5	84	83	1.658129768967442
J110	14	7	41	87	1.4543838267852873
J111	17	7	10	11	0.4008651730485052
J112	13	9	54	91	1.0169221595561468
J113	16	9	96	75	1.0973644019750122
J114	14	14	38	25	1.0430855382158835
J115	14	10	44	17	1.1059700359411018
J116	14	11	50	102	1.916235471791286
J117	13	9	21	88	0.9159808918597618
\\ Jobs in machine 11
11
J118	15	2	78	21	1.9352583651037532
J119	14	3	42	71	0.6574787610775099
J120	16	11	97	16	1.7446436620954997
J121	15	14	98	1	0.8673048958121581
J122	15	6	47	81	1.443890145551645
J123	15	1	75	132	0.7049692270151032
J124	15	8	43	85	0.7960903059452589
J125	13	14	47	100	0.8706713489073242
J126	15	6	35	25	1.6549178724636988
J127	16	1	24	59	1.8213673684585474
J128	15	9	16	23	1.5258344641693549
\\ Jobs in machine 12
10
J129	17	4	9	3	0.1
J130	15	8	87	135	1.8048071043086866
J131	14	8	96	71	1.199716051307649
J132	15	12	37	105	1.7455778503309993
J133	14	5	42	24	2.079718989112249
J134	14	3	63	67	1.6361906579142325
J135	14	4	22	119	1.0048992317889678
J136	14	13	90	50	1.394661794215799
J137	14	7	55	23	1.29927923475031
J138	15	3	80	118	1.5002508863723627
\\ Jobs in machine 13
10
J139	15	3	2	107	1.562719683857943
J140	14	1	94	41	1.2621946394759544
J141	13	3	106	107	0.7172823045226671
J142	15	8	63	108	1.8646848967743597
J143	14	10	57	60	1.1066696679077495
J144	15	5	7	3	1.2428341558202272
J145	14	12	94	59	0.8551784785276814
J146	15	3	56	10	0.2265696961388033
J147	14	3	13	18	0.7830312711225835
J148	14	7	83	2	1.8507079877552441
\\ Jobs in machine 14
11
J149	15	12	49	10	0.6956278178243932
J150	15	13	81	30	0.5680885949002467
J151	15	10	10	112	1.4435453783064367
J152	15	11	64	120	1.2420918979766467
J153	15	7	56	107	1.0165041783102111
J154	16	12	107	26	0.9090358263036069
J155	14	12	57	35	2.5516984485860474
J156	15	6	20	87	2.086942982343899
J157	13	7	99	123	0.8089595848458755
J158	14	8	78	84	0.592846350186367
J159	14	11	42	97	1.5338962254552626
\\ Jobs in machine 15
13
J160	14	2	28	93	1.4263413872551802
J161	15	5	86	6	1.1555407021644717
J162	14	14	72	29	1.35608132839074
J163	15	3	56	118	0.34731011978601645
J164	15	9	96	41	0.9168524870006924
J165	15	11	92	27	2.078054369221783
J166	14	3	53	26	0.30846635885197693
J167	16	14	93	51	1.635433076831398
J168	13	3	62	108	1.7311701633125873
J169	15	8	92	29	1.3860374082794515
J170	12	14	68	16	0.8322832005790004
J171	15	9	106	79	1.5478765906294276
J172	15	5	82	7	1.1089881314943273
\\ Jobs in machine 16
11
J173	15	11	31	81	1.1836162796935228
J174	16	4	70	76	0.5946255737482544
J175	15	1	40	89	1.5395570758847223
J176	15	12	88	115	1.0908216058534044
J177	14	13	20	36	0.34635778091526204
J178	14	5	15	80	1.2317512771405867
J179	14	10	80	134	2.195847859748887
J180	13	11	4	92	1.385749616719048
J181	14	3	29	132	1.2387137546093667
J182	14	14	66	29	1.4034395066269754
J183	13	11	57	123	0.8548390848745142
\\ Jobs in machine 17
12
J184	14	6	38	23	1.4296152509381856
J185	15	6	13	80	1.5487746988269133
J186	14	3	89	88	0.3252447368699434
J187	14	3	43	29	0.8553676230701093
J188	15	9	24	60	1.122423483021975
J189	14	2	51	73	1.6427444245835336
J190	14	12	105	14	1.847802284080982
J191	16	5	64	52	1.2655997883087584
J192	11	8	45	17	1.6636611163080024
J193	16	11	66	49	0.6467476210058488
J194	15	5	81	24	1.5168674609504946
J195	16	14	68	132	1.1477128509551504
\\ Jobs in machine 18
11
J196	12	5	75	116	1.9000177368778766
J197	13	11	85	93	0.992918249873114
J198	15	10	77	7	1.831266749930819
J199	14	10	99	83	1.1982742775454962
J200	15	8	63	95	2.1010678709246395
J201	14	13	35	39	1.9245532161662717
J202	14	2	78	43	0.48927555605812834
J203	13	9	40	25	0.8762389913296609
J204	13	12	87	87	0.5605095124115588
J205	14	9	108	89	0.7179444656461207
J206	15	1	103	9	1.3956344905501248
\\ Dependencies 
984
1	2
1	3
1	4
1	5
1	6
1	7
1	8
1	9
1	10
1	11
1	12
2	3
2	4
2	5
2	6
2	7
2	8
2	9
2	10
2	11
2	12
3	4
3	5
3	6
3	7
3	8
3	10
3	11
3	12
4	5
4	6
4	7
4	8
4	9
4	10
4	11
4	12
5	6
5	7
5	8
5	11
6	7
6	8
6	9
6	10
6	11
6	12
7	8
7	9
7	10
7	11
7	12
8	9
8	11
8	12
9	10
9	11
9	12
10	11
10	12
11	12
13	14
13	15
13	16
13	17
13	18
13	19
13	20
13	21
13	22
13	24
14	15
14	16
14	18
14	19
14	20
14	21
14	22
14	23
14	24
15	16
15	17
15	18
15	20
15	21
15	22
15	23
15	24
16	17
16	19
16	20
16	21
16	22
16	23
16	24
17	18
17	19
17	20
17	21
17	22
17	24
18	19
18	21
18	22
18	23
18	24
19	20
19	21
19	22
19	23
19	24
20	21
20	22
20	23
20	24
21	22
21	23
21	24
22	23
22	24
23	24
25	26
25	27
25	28
25	29
25	30
25	31
25	32
25	33
25	34
25	35
25	36
26	27
26	28
26	29
26	30
26	31
26	34
26	35
26	36
27	28
27	29
27	30
27	31
27	32
27	34
27	35
27	36
28	29
28	30
28	31
28	32
28	33
28	34
28	35
28	36
29	30
29	31
29	32
29	34
29	35
29	36
30	31
30	32
30	33
30	34
30	35
30	36
31	32
31	33
31	34
31	35
31	36
32	33
32	34
32	35
32	36
33	35
33	36
34	35
35	36
37	38
37	39
37	40
37	42
37	43
37	44
37	45
37	46
37	47
37	48
38	39
38	40
38	41
38	42
38	43
38	44
38	45
38	46
38	47
38	48
39	41
39	42
39	43
39	44
39	45
39	46
39	47
39	48
40	41
40	42
40	43
40	44
40	45
40	46
40	47
41	42
41	43
41	44
41	45
41	46
41	47
41	48
42	43
42	44
42	45
42	46
42	47
43	44
43	45
43	46
43	47
44	45
44	46
44	47
44	48
45	46
45	47
45	48
46	47
46	48
47	48
49	50
49	51
49	52
49	53
49	54
49	55
49	56
49	57
49	58
50	51
50	52
50	53
50	54
50	55
50	56
50	58
50	59
51	52
51	53
51	54
51	55
51	56
51	57
51	58
51	59
52	53
52	54
52	55
52	57
52	58
52	59
53	55
53	56
53	58
53	59
54	55
54	56
54	58
54	59
55	56
55	57
55	58
55	59
56	57
56	58
56	59
57	58
57	59
58	59
60	61
60	62
60	63
60	64
60	65
60	66
60	67
60	68
60	69
60	70
61	62
61	63
61	64
61	65
61	66
61	67
61	68
61	69
61	70
62	63
62	64
62	65
62	66
62	67
62	68
62	69
62	70
63	64
63	65
63	67
63	68
63	69
63	70
64	65
64	66
64	67
64	68
64	69
65	67
65	68
65	69
65	70
66	67
66	68
66	69
66	70
67	68
67	69
68	69
68	70
69	70
71	72
71	73
71	74
71	75
71	76
71	77
71	78
71	79
71	80
71	81
72	73
72	74
72	75
72	76
72	77
72	79
72	80
73	74
73	75
73	76
73	77
73	78
73	79
73	80
73	81
74	75
74	76
74	77
74	78
74	79
74	81
75	76
75	77
75	78
75	79
75	80
75	81
76	78
76	79
76	80
76	81
77	78
77	79
77	80
77	81
78	79
78	80
78	81
79	80
80	81
82	84
82	85
82	86
82	88
82	89
82	90
82	91
82	92
82	93
82	94
82	95
83	85
83	86
83	87
83	88
83	89
83	90
83	91
83	92
83	93
83	94
83	95
84	85
84	88
84	89
84	90
84	91
84	92
84	93
84	94
84	95
85	86
85	87
85	88
85	89
85	90
85	91
85	92
85	93
85	94
85	95
86	87
86	88
86	89
86	90
86	91
86	92
86	93
86	94
86	95
87	88
87	89
87	90
87	92
87	93
87	94
88	89
88	90
88	91
88	92
88	93
88	94
88	95
89	90
89	91
89	92
89	93
89	94
89	95
90	91
90	92
90	93
90	94
90	95
91	92
91	93
91	94
91	95
92	93
92	94
92	95
93	94
93	95
94	95
96	97
96	98
96	100
96	101
96	102
96	103
96	104
96	105
96	106
97	98
97	99
97	100
97	101
97	102
97	103
97	104
97	105
98	99
98	100
98	101
98	102
98	103
98	104
98	105
99	100
99	101
99	102
99	105
99	106
100	101
100	102
100	103
100	105
100	106
101	102
101	103
101	104
101	105
102	103
102	104
102	105
102	106
103	104
103	105
103	106
104	105
104	106
105	106
107	109
107	111
107	112
107	113
107	115
107	116
107	117
108	109
108	110
108	111
108	113
108	115
108	116
108	117
109	110
109	112
109	113
109	114
109	115
109	116
109	117
110	111
110	112
110	113
110	114
110	115
110	116
110	117
111	112
111	113
111	114
111	115
111	117
112	113
112	114
112	115
112	116
112	117
113	114
113	115
113	116
113	117
114	116
114	117
115	116
115	117
116	117
118	119
118	120
118	121
118	123
118	124
118	125
118	126
118	127
118	128
119	120
119	121
119	123
119	125
119	126
119	127
119	128
120	121
120	122
120	123
120	124
120	126
120	127
120	128
121	122
121	123
121	124
121	125
121	126
121	127
121	128
122	126
122	127
122	128
123	124
123	125
123	127
123	128
124	125
124	126
124	127
124	128
125	126
125	127
126	127
126	128
127	128
129	130
129	131
129	132
129	134
129	135
129	137
129	138
130	131
130	132
130	133
130	134
130	135
130	136
130	137
130	138
131	132
131	134
131	135
131	136
131	137
131	138
132	133
132	134
132	135
132	136
132	137
132	138
133	134
133	135
133	137
134	135
134	136
134	137
134	138
135	136
135	137
135	138
136	137
137	138
139	140
139	141
139	142
139	143
139	144
139	145
139	146
139	147
140	141
140	142
140	143
140	144
140	145
140	147
140	148
141	142
141	143
141	144
141	145
141	146
141	147
141	148
142	143
142	144
142	145
142	146
142	147
142	148
143	145
143	147
143	148
144	145
144	146
144	147
144	148
145	146
145	147
145	148
146	147
146	148
147	148
149	150
149	151
149	152
149	153
149	154
149	155
149	156
149	157
149	158
149	159
150	151
150	152
150	153
150	154
150	155
150	156
150	157
150	158
151	152
151	153
151	154
151	155
151	156
151	157
151	158
151	159
152	153
152	154
152	155
152	156
152	157
152	158
153	154
153	155
153	156
153	157
153	158
153	159
154	156
154	157
154	158
154	159
155	156
155	157
155	158
155	159
156	157
156	158
156	159
157	158
157	159
158	159
160	161
160	162
160	163
160	164
160	165
160	167
160	168
160	169
160	171
160	172
161	163
161	164
161	165
161	166
161	167
161	169
161	170
161	171
161	172
162	163
162	164
162	165
162	166
162	167
162	168
162	169
162	170
162	171
162	172
163	164
163	165
163	166
163	167
163	168
163	169
163	170
163	171
163	172
164	165
164	166
164	167
164	168
164	169
164	170
164	171
164	172
165	166
165	167
165	168
165	169
165	170
165	171
165	172
166	167
166	168
166	169
166	170
166	171
166	172
167	168
167	169
167	170
167	172
168	169
168	170
168	171
168	172
169	170
169	171
169	172
170	171
171	172
173	174
173	175
173	176
173	177
173	178
173	179
173	180
173	181
173	182
173	183
174	175
174	176
174	177
174	178
174	179
174	180
174	181
174	182
174	183
175	176
175	177
175	178
175	179
175	180
175	181
175	182
175	183
176	177
176	179
176	180
176	181
176	182
176	183
177	178
177	179
177	180
177	181
177	183
178	179
178	180
178	181
178	182
178	183
179	180
179	181
179	182
179	183
180	181
180	182
180	183
181	182
181	183
182	183
184	185
184	186
184	187
184	190
184	192
184	193
184	194
184	195
185	186
185	187
185	188
185	189
185	190
185	191
185	192
185	193
185	194
185	195
186	187
186	188
186	189
186	190
186	191
186	192
186	193
186	194
186	195
187	188
187	189
187	190
187	191
187	192
187	193
187	194
187	195
188	190
188	191
188	192
188	193
188	194
188	195
189	190
189	191
189	192
189	193
189	194
189	195
190	191
190	192
190	193
190	194
190	195
191	192
191	193
191	194
191	195
192	193
192	194
193	194
193	195
194	195
196	197
196	198
196	199
196	200
196	201
196	202
196	203
196	204
196	205
196	206
197	199
197	200
197	201
197	202
197	203
197	204
197	205
197	206
198	200
198	201
198	202
198	203
198	205
198	206
199	200
199	201
199	203
199	204
199	205
199	206
200	202
200	203
200	204
200	205
200	206
201	202
201	203
201	204
201	205
201	206
202	203
202	204
202	205
202	206
203	204
203	205
203	206
204	205
204	206
