\\ machines
9
\\ max power
90
\\ Jobs in machine 1
11
J1	15	2	45	12	1.466694735518006
J2	12	9	84	19	1.5728943122825845
J3	15	14	73	10	1.2071981152416487
J4	13	10	46	4	1.9722356913833154
J5	14	3	57	2	1.8946791793661493
J6	15	8	57	2	1.3662104192024358
J7	14	12	103	4	1.7450207005933045
J8	17	2	44	16	1.4088726064604122
J9	14	3	7	10	0.8118640015786713
J10	15	3	16	6	0.8036780975241391
J11	14	1	37	14	1.4739463612046193
\\ Jobs in machine 2
12
J12	14	5	62	3	1.3336122242810464
J13	15	8	108	4	1.070100101445043
J14	15	6	56	3	0.7456880464853586
J15	13	11	90	11	1.192980795658022
J16	15	5	77	23	1.5239889481980087
J17	15	11	100	3	1.048680462894644
J18	14	1	8	5	1.2734039114962719
J19	15	5	24	14	0.9130126607760937
J20	14	4	36	12	0.35697059694417066
J21	14	13	28	12	1.2153373543470307
J22	14	12	29	9	0.3684161465411553
J23	15	14	87	2	1.732562540931082
\\ Jobs in machine 3
11
J24	16	12	16	12	1.0214803801227534
J25	14	12	74	4	0.657879932940182
J26	15	11	8	2	1.3512482686249494
J27	14	11	35	13	1.533884033001753
J28	15	1	88	18	1.062245901433685
J29	15	10	17	20	1.4506004585572994
J30	16	13	2	11	1.23248617857693
J31	13	1	88	10	2.1421154255044117
J32	15	1	93	5	0.874098904191031
J33	15	12	9	2	1.0978681888080926
J34	13	14	18	2	0.9723486606292829
\\ Jobs in machine 4
11
J35	15	12	2	9	1.0404679888365478
J36	15	8	29	14	0.9823986834683651
J37	12	3	110	22	1.3178865303501492
J38	12	6	12	23	1.6929992915081225
J39	13	5	83	1	0.4820558563890869
J40	15	10	21	16	1.4020196854343092
J41	16	6	68	5	2.4482504296559657
J42	17	10	7	21	0.8457225855877184
J43	15	1	104	4	1.967923789120754
J44	13	5	15	6	1.6306612249325787
J45	16	14	105	19	1.3041845708452426
\\ Jobs in machine 5
11
J46	14	9	108	1	0.457197967447986
J47	15	7	19	13	0.4930337541837234
J48	15	9	21	14	1.0833228252218061
J49	14	3	12	12	2.226737514369737
J50	15	10	90	15	1.4970867531031653
J51	16	8	63	10	1.1547907434480822
J52	14	7	101	1	1.4634597943084955
J53	17	6	56	13	1.0563029954830925
J54	16	6	74	19	0.45651580877036424
J55	14	11	75	6	0.9778195129904207
J56	12	12	64	2	1.531182739882909
\\ Jobs in machine 6
11
J57	14	4	42	8	0.7746429984825626
J58	13	7	40	8	1.4876937037130284
J59	14	5	21	7	0.7239881792317813
J60	13	3	44	22	0.40333625198383183
J61	15	6	43	19	1.8309039963095417
J62	15	7	48	2	1.6547163151155042
J63	15	5	12	8	1.4202462755370209
J64	15	10	83	5	1.3326292586185156
J65	13	12	21	3	1.935591637754345
J66	16	14	103	21	1.3639620203468157
J67	15	8	75	13	1.0117615711890693
\\ Jobs in machine 7
11
J68	16	9	91	17	0.7336498413289181
J69	14	11	68	11	1.8463837418624522
J70	14	14	20	11	2.4762974926339942
J71	14	1	79	14	1.343183322422575
J72	14	14	47	12	1.2632493373991163
J73	14	1	56	13	1.5666595292360601
J74	15	13	27	9	1.666461924754897
J75	14	12	72	5	1.3751349460018893
J76	15	5	85	16	1.2326618149836381
J77	14	9	16	3	1.3603249361480363
J78	15	12	32	4	0.662179749609648
\\ Jobs in machine 8
10
J79	15	8	68	2	1.2347762659246704
J80	15	8	107	22	2.36945043985066
J81	15	14	2	1	1.3097071145218613
J82	16	12	73	5	1.2764215729567283
J83	15	14	38	16	0.8566866999144112
J84	14	2	16	3	0.6576252798209423
J85	14	6	2	4	0.7190451910773301
J86	14	13	49	17	0.8849990904948011
J87	16	3	16	21	1.6298141019817216
J88	12	9	71	17	0.9504538477950243
\\ Jobs in machine 9
10
J89	14	6	97	7	1.74050036588207
J90	13	4	27	20	1.562782581907165
J91	16	3	44	18	0.9392867482663381
J92	13	1	101	4	1.509707608712465
J93	15	12	50	22	1.2353342362085173
J94	14	8	32	1	1.082043142249462
J95	14	8	48	5	1.2003793447212923
J96	14	4	42	16	1.5781206952464586
J97	17	9	8	2	1.3445867373403648
J98	15	11	12	6	0.9378351468783714
\\ Dependencies 
243
1	2
1	4
1	5
1	9
1	11
2	4
2	7
2	8
3	4
3	6
3	7
3	9
3	10
3	11
4	7
4	9
4	10
4	11
5	6
5	7
5	8
5	9
5	10
5	11
6	7
6	9
7	8
7	9
7	10
7	11
9	10
10	11
12	14
12	17
12	19
13	15
13	19
13	21
13	22
14	18
14	22
14	23
15	16
15	19
15	20
15	21
16	17
16	19
16	22
17	18
17	21
18	19
18	20
18	21
18	22
19	22
21	22
21	23
24	26
24	27
24	32
24	34
25	26
25	27
25	28
25	30
25	32
25	33
26	28
26	29
26	31
26	32
26	34
27	28
27	29
27	32
27	34
28	30
28	31
28	32
29	31
29	33
30	33
30	34
31	34
33	34
35	38
35	40
35	45
36	39
36	41
36	42
36	43
36	44
36	45
37	38
37	42
37	44
38	39
38	40
38	41
38	42
38	43
38	45
39	42
40	42
40	43
40	44
41	43
41	45
42	44
44	45
46	48
46	51
46	52
46	53
46	56
47	49
47	50
47	51
47	53
47	54
48	52
48	56
49	50
49	54
50	51
50	52
50	56
51	53
51	56
52	53
53	55
53	56
57	59
57	61
57	63
57	64
57	65
58	59
58	61
58	62
58	66
58	67
59	60
59	61
59	62
59	63
59	65
59	66
59	67
60	62
60	63
60	64
60	67
61	63
61	65
61	66
62	63
62	64
62	66
62	67
66	67
68	70
68	73
68	75
68	76
68	77
69	70
69	75
69	76
69	77
69	78
70	71
70	73
70	74
71	72
71	74
71	75
72	74
72	76
72	77
73	74
73	76
73	77
74	75
74	77
75	76
76	77
76	78
79	80
79	83
79	84
79	85
79	87
79	88
80	81
80	83
80	84
80	85
80	88
81	83
81	84
81	85
81	86
81	87
82	85
82	86
82	87
83	87
83	88
84	87
84	88
85	87
86	88
87	88
89	92
89	93
89	94
89	95
89	96
89	97
90	92
90	93
90	94
90	96
90	98
91	93
91	94
91	95
91	96
91	98
92	94
92	95
92	96
92	98
93	94
93	96
93	97
94	96
94	97
96	98
97	98
