\\ machines
6
\\ max power
60
\\ Jobs in machine 1
11
J1	15	13	62	7	0.5563451223694813
J2	14	1	55	2	0.2630134561191264
J3	14	10	74	7	1.3892952234411236
J4	13	4	106	5	0.9975139934827835
J5	15	9	28	8	0.8928070112343267
J6	17	2	4	1	2.017868622448038
J7	14	5	110	3	0.1879741410095388
J8	14	7	39	5	0.7721954834003533
J9	15	12	69	15	1.6784226927506365
J10	13	14	92	3	1.0445052847889924
J11	15	10	108	6	1.2707387363316585
\\ Jobs in machine 2
10
J12	14	14	110	6	0.47591934780427403
J13	14	7	76	1	0.9698058670173559
J14	15	11	40	4	1.784043513665842
J15	14	2	104	7	1.197272209986347
J16	14	2	77	13	0.9907586985973175
J17	13	6	24	12	0.14926247485795185
J18	15	7	42	2	1.9872818326791113
J19	15	3	23	2	2.4711545067917484
J20	15	9	61	5	1.1517268224875037
J21	16	12	35	11	0.9434549238368648
\\ Jobs in machine 3
14
J22	14	5	45	12	1.1348862381433467
J23	14	1	17	11	1.3124514225252308
J24	14	4	66	2	1.5105453120076773
J25	15	14	41	6	1.9376014097792043
J26	14	9	54	10	1.3054393544778267
J27	14	9	28	2	1.7372828722763733
J28	14	12	82	1	0.78138625777646
J29	13	12	12	15	0.9988205270727812
J30	15	10	51	11	1.163146580889521
J31	15	10	61	4	1.5610567375541244
J32	14	11	29	8	0.7267347679896046
J33	16	11	17	5	0.642631159084505
J34	14	3	59	9	1.438426940084787
J35	14	3	26	3	1.1894568890962869
\\ Jobs in machine 4
12
J36	15	11	31	6	0.6290017678068293
J37	13	1	90	12	1.537080362840503
J38	15	13	60	6	1.9307904579462019
J39	15	14	44	3	1.538573917725944
J40	15	5	98	1	1.1661704503449177
J41	15	4	84	6	1.7239467977447065
J42	14	4	61	9	0.3531171733874844
J43	14	5	104	13	1.4871715514837254
J44	15	14	65	8	0.46241828961785714
J45	12	8	45	8	0.9272619480256012
J46	13	14	17	4	0.7523313204918988
J47	16	2	12	15	1.1034207596814698
\\ Jobs in machine 5
12
J48	13	5	47	7	1.8402650203369175
J49	15	11	65	14	1.169112910545136
J50	15	10	81	6	2.8398275484248954
J51	14	12	42	13	0.5959005933155389
J52	14	6	103	15	0.6718189308038995
J53	15	14	24	15	1.5627350916597869
J54	14	9	64	10	1.456331241619885
J55	15	1	52	14	0.9389857383306764
J56	13	14	7	4	1.8486203402959243
J57	15	8	100	9	0.20875937429656333
J58	15	2	36	9	0.5516573317301885
J59	13	8	109	8	0.7801125371957879
\\ Jobs in machine 6
10
J60	16	10	47	9	0.8915551625526451
J61	15	14	85	11	0.5845293764835076
J62	15	10	20	6	0.6428085630949714
J63	15	1	54	11	1.7382111939046951
J64	16	12	25	15	1.4460887216905602
J65	16	5	91	5	1.1333176866886672
J66	16	14	94	1	0.9202287225715449
J67	15	7	98	6	0.8611350565415526
J68	13	7	58	9	1.5602333577100405
J69	14	13	77	12	0.5642854453983427
\\ Dependencies 
298
1	2
1	3
1	4
1	5
1	8
1	10
2	3
2	4
2	5
2	7
2	8
2	9
2	10
2	11
3	5
3	6
3	8
3	9
3	10
3	11
4	5
4	6
4	7
4	8
4	9
4	11
5	6
5	7
5	9
5	10
6	7
6	8
6	10
6	11
7	8
7	9
7	10
7	11
8	10
8	11
9	10
12	13
12	14
12	15
12	16
12	19
12	21
13	14
13	15
13	16
13	18
13	19
13	20
13	21
14	15
14	16
14	17
14	18
14	20
14	21
15	16
15	17
15	18
15	19
15	21
16	17
16	18
16	19
16	20
17	18
17	19
17	20
17	21
18	19
18	20
18	21
19	20
19	21
20	21
22	23
22	25
22	26
22	27
22	28
22	29
22	30
22	31
22	33
22	34
22	35
23	24
23	25
23	26
23	27
23	28
23	29
23	30
23	31
23	32
23	33
23	34
24	25
24	26
24	27
24	28
24	30
24	31
24	33
24	34
25	26
25	27
25	28
25	30
25	31
25	32
25	35
26	27
26	28
26	29
26	30
26	31
26	35
27	28
27	29
27	30
27	31
27	32
27	33
27	34
28	29
28	30
28	31
28	33
28	35
29	30
29	31
29	32
29	34
29	35
30	31
30	32
30	33
30	34
30	35
31	33
31	35
32	33
32	34
32	35
33	34
33	35
36	37
36	39
36	41
36	42
36	44
36	47
37	39
37	40
37	41
37	42
37	43
37	44
37	45
37	46
37	47
38	39
38	41
38	42
38	43
38	44
38	45
38	47
39	40
39	41
39	42
39	43
39	44
39	45
39	46
39	47
40	41
40	43
40	46
40	47
41	42
41	43
41	44
41	45
41	47
42	43
42	44
42	45
42	46
42	47
43	44
43	45
43	46
43	47
44	47
45	46
45	47
48	49
48	50
48	51
48	52
48	53
48	55
48	56
48	57
48	58
48	59
49	50
49	51
49	53
49	55
49	57
49	58
50	51
50	52
50	53
50	54
50	55
50	56
50	57
50	58
50	59
51	52
51	53
51	54
51	55
51	56
51	57
51	58
51	59
52	53
52	54
52	55
52	56
52	57
52	58
53	54
53	55
53	56
53	57
53	59
54	55
54	56
54	57
54	58
54	59
55	56
55	57
55	58
55	59
56	57
56	58
56	59
57	58
57	59
58	59
60	61
60	62
60	63
60	64
60	65
60	66
60	67
60	68
61	62
61	63
61	64
61	65
61	67
61	68
61	69
62	63
62	64
62	65
62	66
62	68
63	64
63	65
63	67
63	68
63	69
64	66
64	67
64	68
65	66
65	67
65	68
65	69
66	67
66	68
66	69
67	68
67	69
