\\ machines
18
\\ max power
180
\\ Jobs in machine 1
10
J1	16	13	89	48	1.9569847927091324
J2	14	2	16	63	1.0340433544716798
J3	15	2	7	31	1.3521864530730003
J4	14	12	22	9	1.867880262849826
J5	14	14	54	35	1.399824708202573
J6	14	7	72	31	1.5165316153841533
J7	14	9	78	67	1.822659777306735
J8	15	4	29	106	1.815970895258878
J9	15	6	48	25	1.2418850063102709
J10	16	3	8	61	1.609678832214091
\\ Jobs in machine 2
9
J11	14	11	33	117	1.1775971641488725
J12	14	7	15	50	1.02465725192333
J13	16	13	94	73	0.8531630018056284
J14	12	6	17	67	0.4166154345167
J15	15	2	22	3	1.0853478479480243
J16	14	1	69	128	2.097730715836745
J17	14	1	58	94	1.967172397852262
J18	15	11	8	129	1.302748061424251
J19	15	6	9	65	1.6242330191319432
\\ Jobs in machine 3
11
J20	15	6	63	52	1.1704107214647126
J21	14	12	21	62	1.193734167985581
J22	15	7	28	68	0.5804422395768789
J23	14	3	81	122	1.0527753092306111
J24	14	11	22	75	1.7431017093476076
J25	14	9	92	128	1.8397167659453961
J26	14	3	76	99	0.2530151680674414
J27	16	1	66	67	1.0492724181350772
J28	14	2	64	103	1.164579311447188
J29	15	11	38	43	1.581040851102351
J30	14	6	14	54	1.2894174721433451
\\ Jobs in machine 4
12
J31	16	12	17	26	0.7871326536921228
J32	14	13	60	126	2.4300202770146053
J33	13	10	45	72	2.026781742070696
J34	14	4	35	35	0.86856161464399
J35	15	11	45	70	1.7057349361023988
J36	15	14	79	70	1.4596285746417306
J37	15	12	82	38	1.2953855769758065
J38	14	9	15	96	1.8264451162138808
J39	16	12	59	22	1.8255924528798033
J40	15	9	17	109	1.355476998293068
J41	14	12	77	81	1.0971253583502085
J42	13	6	27	67	0.935343733378629
\\ Jobs in machine 5
9
J43	16	2	41	7	1.8306456435326408
J44	16	12	51	100	0.1
J45	13	2	17	120	0.9785639803446373
J46	14	2	32	43	1.3219799513900652
J47	14	12	13	17	1.2949685526721182
J48	15	7	75	131	1.4787157131830495
J49	15	9	68	26	1.2048698037453747
J50	16	10	63	50	0.1
J51	14	3	46	63	1.8302197944457703
\\ Jobs in machine 6
11
J52	15	12	95	52	0.8734625557804725
J53	14	5	50	120	0.8518699263214145
J54	14	3	109	56	1.8179573454242441
J55	13	7	101	59	1.6353249185675927
J56	14	2	2	95	1.0826752553524064
J57	12	13	91	58	0.41573900061205016
J58	14	10	99	126	1.4757225689029727
J59	14	5	80	93	0.9890065689616786
J60	14	6	2	85	1.6241283229421375
J61	16	10	58	102	1.366863929994954
J62	15	3	99	11	1.4355976710890166
\\ Jobs in machine 7
12
J63	15	5	61	101	0.9667896918064955
J64	15	4	42	135	2.014064118513455
J65	13	6	79	129	1.577449322414104
J66	16	7	64	50	1.5951112371196736
J67	15	2	88	85	0.41976447273486783
J68	14	12	23	73	1.61979572906823
J69	15	5	27	47	2.050296290741335
J70	14	6	45	55	1.6198576111461351
J71	15	14	48	17	1.3299279573016674
J72	14	10	83	8	1.2615408860239605
J73	13	4	75	90	2.242905353144248
J74	17	14	18	111	1.230494159373144
\\ Jobs in machine 8
12
J75	15	5	81	55	0.8402186952623809
J76	13	1	49	64	1.178392621475538
J77	16	13	109	70	1.2372880364938503
J78	14	10	58	29	1.464687324222
J79	15	3	73	101	1.7188033785040053
J80	14	12	54	40	1.2700261171951153
J81	13	4	47	6	1.1642452613138308
J82	15	4	70	134	1.585818067310342
J83	15	3	89	21	1.146857419366157
J84	16	11	46	103	1.1452408719530476
J85	13	4	13	44	1.1466972024099924
J86	15	5	65	22	0.5454767962430679
\\ Jobs in machine 9
14
J87	14	6	9	117	1.8777930108719931
J88	15	10	77	57	0.7841146224955025
J89	15	12	25	50	1.6387220018160644
J90	14	1	12	39	1.5590156559113006
J91	15	8	66	47	1.5742610594174065
J92	15	14	70	129	0.39984051892738215
J93	15	14	92	64	1.3765517277378516
J94	15	8	6	101	1.9286090287860125
J95	14	1	34	32	0.9739643643089926
J96	13	10	5	80	2.0168782174683413
J97	15	11	89	89	1.1691016365793612
J98	16	8	80	70	1.119956587030845
J99	14	4	2	22	1.3382913700753427
J100	13	3	18	64	1.6883657290018883
\\ Jobs in machine 10
10
J101	16	2	68	73	1.1884976068378184
J102	16	13	39	63	0.7024571326370939
J103	14	9	96	71	1.0806802029888953
J104	14	8	61	66	1.4577318344857768
J105	14	10	18	120	1.7293232731468473
J106	15	13	92	95	1.5016809315696218
J107	15	9	52	114	1.3813620754433122
J108	14	7	104	60	1.5563747310448024
J109	15	8	62	32	1.1743434170438987
J110	14	9	93	80	0.9231933818991889
\\ Jobs in machine 11
11
J111	14	12	47	7	1.6520006059874763
J112	14	4	58	111	0.8904427600436811
J113	13	2	100	133	1.376362850220072
J114	15	2	58	95	1.060204030897907
J115	16	11	54	44	1.8923188875654655
J116	14	7	95	12	1.004852677403489
J117	14	10	6	87	0.8063752053965635
J118	14	9	25	87	0.8742011500101823
J119	14	11	79	94	1.0884192206090924
J120	14	14	57	82	0.6540172857811747
J121	16	10	63	26	1.6437999804659675
\\ Jobs in machine 12
9
J122	13	14	85	56	0.1
J123	15	11	37	134	0.434635361716313
J124	14	5	73	116	0.20227520908011498
J125	16	4	25	60	1.5639813840389782
J126	16	1	73	63	1.253254063333324
J127	14	10	57	120	1.1866288683930797
J128	15	4	41	63	1.0929348463750461
J129	14	4	108	87	1.2702262572419245
J130	16	6	83	48	1.3310495121944628
\\ Jobs in machine 13
11
J131	14	1	68	111	1.6747224372542227
J132	14	14	76	69	1.8195131862424088
J133	16	11	83	69	1.5604961954153747
J134	13	11	96	109	1.6041449858383716
J135	15	10	54	111	0.6600927480573833
J136	14	3	85	82	0.17925470207513894
J137	14	8	103	47	1.3546559978423525
J138	15	12	97	123	1.1859376110743105
J139	14	2	50	132	1.7288668209106164
J140	15	6	36	115	1.501565774955142
J141	13	4	69	15	1.4868952978001035
\\ Jobs in machine 14
11
J142	15	12	17	7	1.2804972222185496
J143	14	7	59	108	1.7650662937185333
J144	14	14	24	98	1.5459758771091954
J145	14	5	27	84	1.6052433853782437
J146	13	3	17	37	1.1934936788779553
J147	14	12	30	69	1.417465299711537
J148	16	5	5	2	1.150871370733803
J149	14	4	81	40	0.7475768492631358
J150	15	6	30	15	1.2849043325354848
J151	16	9	84	76	1.1219487807791964
J152	15	7	110	25	1.5807625704555115
\\ Jobs in machine 15
9
J153	15	11	50	64	0.7069084873759994
J154	15	8	57	92	0.9485855999569306
J155	15	5	98	57	1.3612049909145396
J156	16	4	32	14	0.12644056283977356
J157	16	9	81	19	0.822420928546021
J158	15	1	54	47	2.206591536122488
J159	15	2	51	79	0.1
J160	15	2	16	9	1.0321626930061567
J161	15	7	90	51	0.986031574382858
\\ Jobs in machine 16
12
J162	13	10	104	98	0.836074851766692
J163	13	7	34	26	1.9048384843327473
J164	15	5	77	135	0.6613598547823576
J165	15	3	74	37	0.16066403736806079
J166	16	8	36	48	1.5406262083169153
J167	14	8	73	29	0.9326297454903536
J168	14	4	34	121	1.3872962027482998
J169	14	1	41	92	0.9133883156315461
J170	14	10	10	30	2.0215831603572285
J171	15	9	71	110	1.1194238780887225
J172	15	7	20	123	1.145744496859207
J173	14	7	81	45	1.1275728766992053
\\ Jobs in machine 17
12
J174	14	10	69	33	1.0022658153728492
J175	16	7	65	63	0.8462550644276806
J176	15	8	31	123	2.707363644028543
J177	14	14	34	110	0.5965151674531523
J178	15	9	22	30	0.43548523346494006
J179	12	5	13	50	0.8457867135894468
J180	13	10	39	19	0.7228720755887947
J181	12	11	87	98	1.1711334943068483
J182	14	1	64	101	1.090415357024901
J183	15	3	89	127	1.0766871200093864
J184	17	9	86	133	0.7731329428759631
J185	13	10	102	89	0.6065427774068639
\\ Jobs in machine 18
10
J186	14	8	2	16	0.5219761425598103
J187	14	11	22	66	1.342605451439656
J188	14	11	50	31	0.6332850763869572
J189	15	4	107	7	0.9547782709821948
J190	15	8	42	72	0.8308563864367093
J191	14	12	103	83	0.9780147731155999
J192	15	1	85	87	1.7996737213665868
J193	15	7	36	108	1.2730949783095307
J194	13	6	109	125	1.5367713715258307
J195	13	12	88	27	1.100658183039754
\\ Dependencies 
387
1	2
1	4
1	7
2	3
2	4
2	5
3	6
3	9
3	10
4	7
4	9
4	10
5	6
5	7
5	9
6	7
6	8
7	8
8	9
11	16
12	13
12	16
12	17
12	18
13	15
13	16
14	16
15	16
15	19
16	19
17	18
17	19
18	19
20	21
20	22
20	23
20	24
20	27
20	28
20	29
20	30
21	23
21	24
21	26
21	27
21	29
22	27
23	29
23	30
24	26
24	27
25	28
25	29
26	27
27	29
28	30
29	30
31	35
31	41
32	33
32	34
32	35
32	37
32	41
33	34
33	35
33	36
34	35
34	38
34	39
34	40
34	41
35	36
35	37
35	38
36	37
36	40
36	41
37	38
43	44
43	45
43	48
43	49
44	46
44	48
45	48
46	47
47	48
47	49
47	50
48	50
48	51
50	51
52	62
53	55
53	56
53	59
53	61
53	62
54	60
54	61
55	60
57	59
57	60
58	59
59	60
59	61
63	64
63	67
63	69
63	70
63	73
64	68
64	69
64	70
64	71
64	74
65	66
65	68
65	69
65	70
66	70
67	69
68	70
68	72
68	73
68	74
69	71
70	71
70	74
71	73
72	73
75	81
75	83
75	84
75	85
76	79
76	80
76	82
76	83
77	80
77	81
77	83
78	80
78	81
79	80
79	81
79	85
80	82
81	83
81	85
84	85
84	86
87	88
87	90
87	92
87	98
87	99
87	100
88	90
88	92
88	94
88	99
88	100
89	93
89	94
89	95
89	97
89	100
90	95
90	96
90	97
91	93
91	94
91	95
92	93
92	95
93	94
93	95
93	96
93	99
93	100
94	97
94	99
95	98
95	100
96	98
97	100
101	104
101	105
101	109
102	103
102	108
103	107
103	108
104	105
104	108
104	109
104	110
105	108
105	110
106	107
106	108
106	109
106	110
107	108
107	109
107	110
108	109
109	110
111	113
111	118
111	119
111	120
111	121
112	114
112	115
112	117
112	121
113	116
113	118
114	115
114	118
115	117
115	118
115	119
116	117
116	120
117	121
118	119
118	120
119	120
120	121
123	124
123	125
123	126
123	128
123	129
124	127
126	127
126	129
126	130
127	129
127	130
128	129
129	130
131	133
131	135
131	136
131	140
132	133
132	138
132	139
132	140
132	141
133	134
133	135
133	137
133	138
133	140
134	135
134	136
134	140
135	136
135	138
135	141
136	137
136	140
137	140
138	139
139	141
142	143
142	144
142	146
142	147
142	148
142	149
142	152
143	144
143	145
143	150
144	146
144	147
144	150
144	151
145	146
145	150
146	147
146	149
146	150
146	151
146	152
147	149
148	149
148	151
148	152
149	150
149	151
150	151
151	152
153	156
153	161
154	155
154	156
154	160
155	157
155	159
155	160
156	157
157	158
157	161
158	159
158	161
162	165
162	170
162	171
162	172
163	164
163	167
163	171
164	165
164	166
164	167
164	168
164	169
164	173
165	170
165	171
166	168
167	169
167	170
167	171
168	169
168	171
168	172
169	172
170	171
170	172
171	172
174	176
174	177
174	178
174	181
174	182
175	176
175	180
175	183
175	184
175	185
176	178
176	180
176	183
177	181
177	183
178	179
178	180
178	182
179	180
179	182
179	183
179	184
180	181
180	182
180	183
181	184
181	185
182	184
183	185
186	188
186	192
186	193
186	194
186	195
187	188
187	192
188	189
188	192
188	193
188	195
189	190
189	191
190	194
191	193
191	194
191	195
192	194
193	195
