\\ machines
7
\\ max power
70
\\ Jobs in machine 1
12
J1	14	11	34	6	0.6988922858218356
J2	15	7	43	29	2.0152681038269766
J3	14	14	108	12	1.458576525149771
J4	16	7	11	1	1.047287497448576
J5	15	5	35	32	1.5519028145359197
J6	14	1	8	4	0.9618430068351662
J7	17	11	98	34	1.0271907268436684
J8	15	1	88	15	0.5572210562840918
J9	13	11	28	18	1.481674160800182
J10	16	7	69	17	1.9662954745809833
J11	15	3	110	31	1.1874675739526839
J12	14	11	23	33	1.1366789594081452
\\ Jobs in machine 2
9
J13	15	2	43	7	1.5341600671137827
J14	14	3	92	24	1.0663750711588091
J15	17	1	9	31	0.1
J16	13	1	63	19	1.5348178455314565
J17	12	10	37	11	2.205257567165928
J18	14	10	105	32	1.1978383966249249
J19	15	7	40	20	1.2566609910690334
J20	15	4	7	26	2.1599046151597436
J21	15	7	10	5	1.6109005251371935
\\ Jobs in machine 3
10
J22	15	12	49	16	1.244889940435292
J23	15	11	110	9	1.2518190273420848
J24	16	5	99	19	0.8042729891749028
J25	13	14	4	8	0.8647077583014384
J26	14	7	49	7	0.43755401923424975
J27	15	11	96	30	0.9816007928797144
J28	13	4	79	20	0.5665755453386265
J29	16	12	91	8	1.3628295172573512
J30	14	7	103	30	0.7743468461592953
J31	14	6	77	11	0.9923891710929944
\\ Jobs in machine 4
11
J32	15	9	109	21	1.7339394254580727
J33	15	13	22	20	1.1919896485186483
J34	15	3	88	14	2.0386376468283602
J35	14	8	57	5	1.6017224585531502
J36	16	5	96	23	0.1452111151117419
J37	14	7	103	4	1.0892694186970246
J38	14	4	45	34	2.094257137380839
J39	16	8	75	16	1.1516630705567783
J40	12	12	17	30	0.22264157946072705
J41	16	11	22	16	0.9450810350885785
J42	14	9	19	31	0.5151168495855709
\\ Jobs in machine 5
12
J43	13	11	16	9	1.8014497223058963
J44	15	5	95	35	1.4368515586952164
J45	15	1	61	18	0.9432216552133685
J46	16	4	57	27	0.8610340305092763
J47	15	11	9	12	1.3594000893348104
J48	14	11	34	32	0.8058044670576276
J49	15	14	52	18	1.155994085955902
J50	15	12	65	26	0.5783481733673826
J51	15	10	44	16	1.4882210028660103
J52	16	12	8	35	0.9273696740471985
J53	15	1	84	15	1.4484209982284482
J54	15	7	32	28	0.6935706631368117
\\ Jobs in machine 6
11
J55	16	11	87	29	0.4080569877008565
J56	16	9	78	11	0.7395786313627748
J57	14	3	15	26	1.3201739011376419
J58	15	3	31	12	0.7126689458367707
J59	14	10	92	25	1.3701835853716307
J60	15	10	56	7	0.6349527047989525
J61	14	4	11	7	1.3394393278633154
J62	16	13	38	31	0.5513276248673763
J63	15	3	66	19	0.5982375372332684
J64	15	14	95	1	1.5424040206648857
J65	14	9	60	19	1.9179428672717718
\\ Jobs in machine 7
12
J66	14	3	105	32	0.8703576416553153
J67	14	7	38	13	1.261666623223987
J68	15	4	98	6	1.1023556697737893
J69	15	13	59	4	0.9632002535669844
J70	16	14	4	19	0.6455212021336101
J71	15	1	88	1	1.5275555689337619
J72	14	1	32	4	0.4383580563549092
J73	15	6	5	4	0.8444644132073428
J74	15	6	67	5	0.4279012365755632
J75	15	8	108	3	2.261659817806607
J76	16	3	54	1	1.5109202755772941
J77	14	11	94	17	1.050075390952037
\\ Dependencies 
37
1	2
1	9
2	6
7	10
10	12
14	18
16	17
16	20
19	21
22	23
23	28
25	27
25	30
29	30
32	34
33	39
34	37
37	41
43	54
47	51
48	53
48	54
55	58
55	64
56	57
57	59
59	61
62	64
67	73
67	75
68	72
69	76
71	76
71	77
72	74
72	76
75	77
