\\ machines
7
\\ max power
70
\\ Jobs in machine 1
11
J1	13	7	61	52	1.5743982814202877
J2	13	12	43	1	0.628820807351591
J3	14	10	20	47	1.5491218599101126
J4	14	12	53	50	1.4478329457163064
J5	14	11	23	17	0.7226183778763229
J6	17	2	53	50	0.9549422440862075
J7	15	6	32	25	1.6159111693699297
J8	15	6	103	26	1.2602259973072178
J9	15	5	82	3	1.4972924221135235
J10	14	7	85	13	1.605908117294918
J11	15	11	10	3	1.4689146063972511
\\ Jobs in machine 2
12
J12	14	12	104	1	1.6281039565638542
J13	13	3	101	3	1.604217702289527
J14	15	6	97	7	0.6244168278240345
J15	14	13	43	20	2.2430487172617832
J16	14	12	57	43	1.0691040838187575
J17	15	3	17	18	0.8626337048791273
J18	14	3	4	29	1.3556789749368359
J19	14	12	96	4	0.7697829707997084
J20	15	2	80	49	1.2651149100054027
J21	14	2	66	14	1.2198115103102414
J22	14	13	46	33	1.2867790152528011
J23	14	13	79	20	1.1843128004768606
\\ Jobs in machine 3
10
J24	14	4	23	37	1.1688359299473137
J25	14	3	101	42	1.4971144050285918
J26	14	8	22	24	1.4660056819833618
J27	14	5	42	3	0.8259530930572496
J28	15	5	99	3	1.5194340290000652
J29	14	5	23	12	1.066011523081098
J30	15	3	65	46	0.7009024533324528
J31	13	13	54	28	0.5550115384864247
J32	15	14	97	4	1.553130942543697
J33	15	14	57	51	0.9891569522570693
\\ Jobs in machine 4
10
J34	13	11	40	35	0.6187320165670346
J35	15	4	24	17	0.6676664761372181
J36	13	8	42	18	1.8053919280629986
J37	13	14	25	20	0.1
J38	15	7	99	28	1.3210476163964706
J39	14	6	33	9	0.8494283181072864
J40	14	14	42	42	0.9183453640364994
J41	13	11	107	17	1.7148318909399785
J42	14	3	42	38	1.4687863649824717
J43	15	2	79	50	0.8784787199578099
\\ Jobs in machine 5
10
J44	15	8	93	16	1.7008525835192447
J45	13	5	80	46	1.693477702412078
J46	15	12	45	38	0.4685106123773153
J47	15	8	44	52	0.37883180414888773
J48	13	3	107	4	1.1602407806653785
J49	15	9	80	44	1.3779857493198922
J50	13	13	29	30	0.21139354249428077
J51	13	2	102	13	1.8506547026759113
J52	15	5	78	21	0.6207313215634842
J53	15	13	94	16	0.1
\\ Jobs in machine 6
11
J54	15	5	86	30	1.006881217704879
J55	14	2	84	18	1.6241972020176414
J56	14	4	58	41	0.7690183632005969
J57	15	9	42	2	0.9093910755370949
J58	13	14	40	24	0.4504623809568513
J59	14	4	36	47	1.4834734123650377
J60	12	6	71	37	1.4671892472075534
J61	14	12	11	53	1.0399835640331678
J62	14	8	46	37	1.3867765286445346
J63	15	1	59	39	0.5414708208270447
J64	14	9	75	29	0.6176710314796361
\\ Jobs in machine 7
11
J65	13	7	60	45	0.4226821143908649
J66	15	1	34	26	1.7782329645688348
J67	15	5	51	7	1.3956527247880866
J68	16	1	58	45	2.172446027000226
J69	14	13	27	26	1.4350415813276538
J70	14	10	52	12	1.8266333220624742
J71	15	8	68	35	1.2950169294962501
J72	15	1	50	36	1.9978427011227842
J73	15	14	6	13	1.047028018318034
J74	17	11	85	42	1.0723452474384498
J75	16	4	27	50	1.4720645549636355
\\ Dependencies 
273
1	3
1	6
1	7
1	8
1	9
1	10
1	11
2	5
2	6
2	7
2	8
2	10
2	11
3	4
3	5
3	7
3	8
3	10
4	5
4	6
4	7
4	9
4	10
5	6
5	9
5	10
5	11
6	7
6	9
6	10
6	11
7	8
7	9
7	10
7	11
8	11
9	10
12	14
12	15
12	16
12	17
12	18
12	19
12	22
12	23
13	14
13	15
13	16
13	17
13	18
13	21
13	23
14	15
14	16
14	18
14	20
14	23
15	16
15	18
15	19
15	22
15	23
16	17
16	18
16	19
16	20
16	21
16	22
16	23
17	18
17	19
17	20
17	21
17	23
18	19
18	20
18	21
19	20
19	21
19	22
19	23
20	21
20	22
20	23
21	23
24	25
24	26
24	27
24	31
24	32
24	33
25	27
25	28
25	30
25	31
25	32
25	33
26	27
26	29
26	32
26	33
27	28
27	30
27	31
27	32
27	33
28	29
28	30
28	31
28	32
29	31
29	32
29	33
30	31
30	32
32	33
34	36
34	38
34	39
34	41
34	43
35	36
35	37
35	38
35	39
35	40
35	42
35	43
36	37
36	38
36	41
36	42
37	38
37	39
37	40
37	41
37	42
37	43
38	39
38	40
38	42
38	43
39	40
39	41
39	43
40	41
40	42
40	43
41	42
41	43
42	43
44	45
44	48
44	49
44	51
44	52
44	53
45	47
45	49
45	50
45	51
45	52
45	53
46	47
46	48
46	50
46	51
47	48
47	49
47	50
47	51
47	52
47	53
48	49
48	50
48	51
48	52
48	53
49	50
49	51
49	52
49	53
50	53
51	52
51	53
52	53
54	56
54	57
54	58
54	59
54	60
54	61
54	62
54	63
54	64
55	57
55	58
55	59
55	60
55	61
55	62
55	63
56	57
56	58
56	60
56	61
56	62
56	63
57	61
57	62
57	63
57	64
58	59
58	60
58	62
58	63
58	64
59	60
59	61
59	62
59	63
59	64
60	61
60	62
60	64
61	62
61	63
61	64
62	63
62	64
63	64
65	67
65	68
65	69
65	70
65	71
65	72
65	73
65	74
66	68
66	69
66	70
66	71
66	73
66	74
66	75
67	68
67	69
67	72
67	73
67	75
68	69
68	70
68	71
68	72
68	73
68	74
68	75
69	71
69	73
70	71
70	72
70	73
70	74
70	75
71	72
71	73
71	74
71	75
72	73
72	75
73	75
74	75
