\\ machines
7
\\ max power
70
\\ Jobs in machine 1
13
J1	15	10	57	40	1.8165263015497155
J2	15	9	9	33	1.0343844428224462
J3	17	2	8	21	0.8163754432509989
J4	14	2	51	34	1.5164266351732354
J5	14	12	26	26	1.4215686554064015
J6	14	5	70	49	0.7276080084438303
J7	15	7	105	17	1.3763758685017227
J8	16	10	41	42	0.8828057309620694
J9	14	1	16	21	1.4196807469668165
J10	12	5	63	11	1.0470338330632627
J11	15	5	15	21	0.2903094407059613
J12	15	14	26	9	0.26100485427993003
J13	15	1	45	53	0.5047636645287313
\\ Jobs in machine 2
10
J14	14	14	110	7	1.48047606735438
J15	15	14	104	35	1.4037053229478282
J16	14	7	60	46	1.6984525411199498
J17	15	6	57	46	1.5502756020604598
J18	15	1	69	5	0.4129900063905877
J19	14	6	34	3	1.0711983233745817
J20	16	3	45	3	1.9921189474178118
J21	15	9	65	48	0.8197408199645999
J22	15	1	53	13	1.4938358842397692
J23	12	11	19	37	1.344178330647822
\\ Jobs in machine 3
11
J24	14	4	98	39	0.9137583371028662
J25	14	7	85	44	1.6267572909504866
J26	16	9	98	34	0.738738341677725
J27	17	3	89	32	0.879248506404033
J28	13	8	62	28	1.1635783820205143
J29	14	3	7	5	0.725988270567326
J30	13	14	70	6	0.8620264131288453
J31	12	8	63	10	1.0164162988118122
J32	14	11	72	20	1.5500956537842707
J33	14	6	73	25	1.0182405823982827
J34	14	2	97	34	1.4418118656247216
\\ Jobs in machine 4
11
J35	14	12	43	40	1.6292858061383084
J36	14	6	33	5	0.4238196397871694
J37	13	1	45	39	1.2970848186446695
J38	15	5	9	52	1.4561986705859542
J39	13	3	80	7	0.9066761985471217
J40	15	12	100	20	1.3134484628665586
J41	16	13	83	7	1.0920224127183353
J42	16	9	56	50	1.4048495038289008
J43	16	6	7	8	1.0155250900494133
J44	14	3	83	37	1.11229683753942
J45	12	14	12	45	1.7039623958673802
\\ Jobs in machine 5
10
J46	14	2	10	41	1.679448066572738
J47	16	9	70	48	1.294286760705045
J48	16	9	21	50	0.778979160464872
J49	15	6	34	5	1.1676022102253154
J50	13	9	52	15	1.1058511648265588
J51	14	13	37	39	1.4011695113979916
J52	16	7	109	4	1.0399304106374399
J53	15	13	5	34	1.2685980196027395
J54	16	12	2	20	0.7009754600482101
J55	14	5	31	23	0.7511456429466996
\\ Jobs in machine 6
11
J56	15	4	64	14	0.541529445618655
J57	12	4	21	50	1.2758719760049124
J58	14	3	51	4	1.1541071230557975
J59	15	4	84	17	1.139127857506421
J60	15	4	33	26	1.934857446479704
J61	15	10	27	36	1.2731741603227618
J62	14	7	27	52	1.3532651018809958
J63	14	6	51	3	0.4764651670721475
J64	14	3	45	45	1.4978854400823294
J65	13	11	75	38	1.1967285773030918
J66	14	12	76	25	1.134105280869151
\\ Jobs in machine 7
10
J67	13	2	67	12	1.4252537060549015
J68	13	4	76	20	1.3415128095488695
J69	15	14	20	9	1.4208802596542758
J70	16	3	41	29	1.0607143938308592
J71	14	13	81	43	1.6806220658232012
J72	14	1	109	13	0.9215899822447926
J73	15	7	6	29	1.537494061851481
J74	14	10	65	10	0.8535696052237085
J75	15	8	62	49	0.69150416411655
J76	15	11	9	31	1.4866822551341814
\\ Dependencies 
133
1	5
1	9
1	11
2	3
2	5
2	11
3	7
3	8
3	9
3	13
4	11
5	8
5	9
5	10
6	9
6	12
7	8
7	11
7	12
8	12
8	13
9	11
9	13
10	12
10	13
11	13
14	16
14	18
14	21
15	16
15	19
15	23
16	19
16	20
17	19
17	22
17	23
18	21
19	22
19	23
20	22
21	23
24	25
24	26
24	27
24	29
24	30
24	33
24	34
25	29
25	30
25	33
25	34
26	27
26	28
26	30
26	31
26	32
26	33
27	34
28	32
29	32
29	33
29	34
30	32
31	33
32	33
32	34
33	34
35	36
35	38
35	40
36	40
36	44
37	38
37	43
37	44
39	40
39	41
40	42
40	44
41	45
42	44
42	45
44	45
46	50
46	51
47	48
47	55
48	51
48	53
48	54
49	50
49	52
49	54
51	52
51	53
51	55
52	55
53	54
53	55
56	57
56	65
56	66
58	59
58	61
58	66
59	60
59	61
59	62
59	63
61	63
62	65
63	64
67	69
67	70
67	71
67	72
67	73
67	76
68	72
68	74
68	75
69	70
69	71
69	72
69	76
70	74
70	76
71	75
72	73
74	76
75	76
