\\ machines
12
\\ max power
120
\\ Jobs in machine 1
12
J1	16	4	109	23	2.2799016280602444
J2	14	6	14	7	0.5668562824922376
J3	14	1	83	19	1.3466744301359757
J4	15	7	57	15	0.1399350920544269
J5	14	3	55	21	1.2533492054778395
J6	16	9	47	1	1.1150850331592284
J7	14	11	31	18	1.8902626120268096
J8	16	11	5	27	0.5132050838761743
J9	15	12	88	3	1.8330780785532514
J10	14	7	72	6	1.1176031059632436
J11	16	6	86	11	0.8578452599334178
J12	15	13	48	21	1.1738863235013521
\\ Jobs in machine 2
12
J13	15	8	46	15	0.7925358371688715
J14	14	13	18	12	0.40434481355434315
J15	13	3	102	19	1.282059524529253
J16	13	11	106	14	1.4782190944788547
J17	15	8	108	16	2.0936144288951173
J18	13	10	25	6	1.1235752674633366
J19	14	7	91	21	1.0800775563240932
J20	15	7	11	7	1.815897999105464
J21	15	9	98	12	0.9639311828882393
J22	14	11	62	24	1.0048297372629573
J23	14	8	95	10	2.0231685340492773
J24	14	12	102	17	0.9830563648693009
\\ Jobs in machine 3
10
J25	14	1	57	2	1.0815106639196015
J26	14	14	87	19	1.166607058077891
J27	13	12	34	6	1.9492421756750178
J28	13	4	84	30	0.6533910496641963
J29	17	1	21	30	1.3294463339166274
J30	17	1	20	15	1.2223118675517446
J31	14	4	92	3	0.8911601036266921
J32	14	1	66	20	1.358486475519618
J33	14	9	3	22	0.7714916611918885
J34	14	1	40	5	1.678532517235861
\\ Jobs in machine 4
12
J35	16	9	74	11	1.20774857435555
J36	15	1	101	21	1.5803247325853973
J37	14	1	59	20	0.9955104001946592
J38	16	9	37	18	2.045695959481143
J39	14	5	30	8	1.059779863286531
J40	14	7	40	2	1.436682046247066
J41	13	12	93	29	0.8556094793390507
J42	16	7	105	5	1.4378199647116052
J43	14	14	106	13	1.9245170559774665
J44	16	14	8	3	1.5607179638349473
J45	13	7	58	3	1.7449992116283874
J46	14	4	51	30	1.670909111243796
\\ Jobs in machine 5
11
J47	14	5	78	27	0.11186614309046483
J48	14	3	85	14	1.1076576662567734
J49	14	14	22	28	0.7985054186168103
J50	15	7	12	24	2.6063912155511746
J51	15	13	20	16	1.5873388187766384
J52	16	13	104	11	1.005657602125473
J53	14	7	90	27	1.6039912939113223
J54	14	7	91	29	1.3050813033554254
J55	15	8	99	23	1.3565128232092483
J56	15	5	32	17	1.0023467359407743
J57	14	9	52	12	1.2797531492073242
\\ Jobs in machine 6
13
J58	15	11	63	11	0.8507155315672312
J59	14	4	64	22	1.1002665081094605
J60	14	12	12	4	0.6041028582756558
J61	15	6	59	15	0.8008247931534883
J62	16	11	58	10	0.9968392110000837
J63	13	4	58	2	0.675508783961541
J64	15	5	13	15	1.0027343358070984
J65	14	8	49	2	1.7841268524479401
J66	14	2	2	24	1.4905306130532001
J67	15	4	11	21	1.0638886481202803
J68	15	2	79	23	1.7228329025507423
J69	14	14	9	29	1.0087124476651483
J70	14	10	65	16	0.3274886262811326
\\ Jobs in machine 7
11
J71	15	10	86	10	1.8017125567086292
J72	13	1	54	8	0.6432767641775082
J73	15	1	55	22	0.4922898639527835
J74	15	9	14	3	1.5699626488755152
J75	17	9	11	29	0.21495275772139055
J76	16	1	91	17	2.140777251698189
J77	14	9	87	14	1.7085751151035549
J78	17	8	83	9	0.4424728025828236
J79	14	13	16	30	0.30683741546086896
J80	15	14	31	5	0.25319617002904093
J81	16	13	105	9	0.8770540777019975
\\ Jobs in machine 8
12
J82	14	9	20	14	0.8990904428681086
J83	13	1	72	7	0.3658544746837955
J84	15	12	4	7	0.8870412147796418
J85	15	4	60	27	0.7949695022104419
J86	15	6	29	24	0.4130472910227667
J87	14	7	98	29	0.5675821587202302
J88	14	5	105	15	1.3382019721202383
J89	12	1	44	10	1.817634034858673
J90	16	7	68	5	0.1470032272914905
J91	16	7	6	24	0.8116722406449726
J92	16	2	96	10	0.8331481405787382
J93	13	6	33	30	1.1024467894088894
\\ Jobs in machine 9
10
J94	14	3	4	21	1.616038142774758
J95	15	10	6	14	1.1826939691337917
J96	15	11	108	25	1.780113245838781
J97	15	3	83	5	1.5083641014231057
J98	12	8	41	3	1.205290902813902
J99	14	13	106	30	1.9677340946973998
J100	15	13	88	24	1.3040471116059749
J101	14	14	77	25	1.4259694874489264
J102	14	13	68	2	1.2048129639597964
J103	14	9	22	10	1.2406075469516389
\\ Jobs in machine 10
11
J104	16	2	18	27	0.9985499553353
J105	14	4	3	23	1.3128877186842958
J106	14	8	10	23	0.5010379171156557
J107	15	4	81	4	1.3347831231912612
J108	15	9	89	5	1.3689412663778282
J109	14	2	19	11	0.9008104386279321
J110	15	9	22	30	1.6709533775607386
J111	16	1	72	25	1.135362397068007
J112	14	11	57	23	1.3647804621832176
J113	15	2	44	10	1.363254677179141
J114	15	11	7	25	1.1095151824909835
\\ Jobs in machine 11
11
J115	16	8	47	28	0.5582590896823743
J116	15	2	92	30	1.0239563900374795
J117	14	10	26	21	1.2515004378729924
J118	17	8	103	1	2.1320857170371457
J119	15	3	4	28	2.01715582751821
J120	14	5	81	3	1.442612382578716
J121	15	6	6	25	0.7526720760334247
J122	14	10	74	3	0.6869349176599965
J123	15	4	10	6	2.004053027636127
J124	15	11	4	25	1.0577461240268973
J125	14	5	48	21	1.1107688124631099
\\ Jobs in machine 12
12
J126	15	2	44	4	1.1714477331766353
J127	14	5	29	6	0.8818071499067475
J128	15	5	11	2	0.9726518158007558
J129	15	6	101	26	0.8325200100800559
J130	14	7	26	25	1.4413206544330026
J131	16	6	69	27	1.8170058739115686
J132	15	8	12	26	1.9259676275145985
J133	15	11	104	24	1.6293439155768688
J134	14	7	93	6	1.2778388491303125
J135	15	8	43	26	1.524054535135924
J136	15	12	10	13	1.1861506438704323
J137	14	6	69	15	2.244115988746309
\\ Dependencies 
631
1	3
1	4
1	5
1	6
1	7
1	8
1	9
1	10
2	3
2	5
2	6
2	7
2	8
2	9
2	10
2	11
2	12
3	4
3	5
3	6
3	8
3	9
3	10
3	11
3	12
4	5
4	6
4	7
4	8
4	9
4	11
4	12
5	7
5	8
5	9
5	10
5	11
5	12
6	7
6	8
6	9
6	11
6	12
7	9
7	10
7	11
7	12
8	9
8	11
8	12
9	10
9	11
9	12
10	11
10	12
11	12
13	14
13	15
13	16
13	17
13	18
13	19
13	21
13	22
13	23
13	24
14	15
14	16
14	17
14	18
14	19
14	20
14	21
14	22
14	23
14	24
15	16
15	17
15	18
15	19
15	20
15	21
15	22
15	23
16	17
16	19
16	20
16	21
16	22
16	24
17	18
17	19
17	21
17	22
17	23
18	19
18	20
18	21
19	20
19	21
19	22
19	23
19	24
20	21
20	22
20	23
20	24
21	22
21	23
21	24
22	23
23	24
25	26
25	27
25	28
25	29
25	30
25	31
25	32
25	33
25	34
26	27
26	28
26	29
26	30
26	31
26	32
26	33
27	28
27	29
27	30
27	32
27	33
27	34
28	29
28	30
28	31
28	32
28	33
28	34
29	30
29	31
29	32
29	33
29	34
30	31
30	32
30	33
31	32
31	33
31	34
32	33
32	34
33	34
35	36
35	37
35	38
35	39
35	40
35	41
35	43
35	44
35	45
35	46
36	37
36	38
36	39
36	41
36	42
36	43
36	44
36	45
36	46
37	38
37	39
37	40
37	41
37	42
37	44
37	45
37	46
38	39
38	40
38	41
38	42
38	43
38	44
38	45
38	46
39	40
39	41
39	42
39	43
39	44
39	45
39	46
40	41
40	42
40	43
40	45
40	46
41	42
41	43
41	44
41	45
41	46
42	43
42	44
42	45
42	46
43	44
43	45
43	46
44	46
47	48
47	49
47	50
47	51
47	52
47	53
47	54
47	55
47	56
47	57
48	50
48	52
48	53
48	55
48	56
48	57
49	50
49	51
49	52
49	53
49	54
49	55
49	56
49	57
50	51
50	52
50	53
50	55
50	56
50	57
51	52
51	53
51	54
51	55
51	56
51	57
52	53
52	54
52	55
52	57
53	54
53	55
53	56
53	57
54	55
54	56
54	57
55	56
55	57
56	57
58	59
58	60
58	61
58	62
58	63
58	64
58	65
58	66
58	67
58	68
58	69
58	70
59	60
59	61
59	62
59	63
59	64
59	65
59	67
59	69
60	61
60	62
60	63
60	65
60	66
60	67
60	68
60	69
60	70
61	62
61	63
61	64
61	66
61	67
61	68
61	69
61	70
62	63
62	64
62	65
62	66
62	67
62	68
62	69
63	64
63	65
63	66
63	67
63	68
63	69
63	70
64	65
64	66
64	67
64	68
64	69
64	70
65	66
65	67
65	68
65	69
65	70
66	67
66	68
66	69
66	70
67	68
67	69
67	70
68	70
69	70
71	72
71	73
71	74
71	75
71	76
71	77
71	78
71	79
71	80
71	81
72	73
72	74
72	75
72	76
72	77
72	78
72	79
72	80
72	81
73	74
73	75
73	76
73	77
73	78
73	79
73	80
73	81
74	75
74	77
74	78
74	79
74	80
74	81
75	77
75	78
75	80
75	81
76	77
76	78
76	79
76	80
76	81
77	78
77	80
77	81
78	79
78	80
78	81
79	80
79	81
80	81
82	83
82	84
82	85
82	86
82	87
82	90
82	91
82	92
82	93
83	84
83	85
83	86
83	87
83	88
83	89
83	90
83	91
83	92
83	93
84	85
84	86
84	87
84	88
84	89
84	91
84	92
84	93
85	87
85	88
85	89
85	90
85	91
85	92
85	93
86	87
86	88
86	89
86	90
86	91
86	93
87	88
87	89
87	90
87	93
88	89
88	91
88	92
88	93
89	90
89	91
89	92
89	93
90	91
90	92
90	93
91	92
92	93
94	95
94	97
94	98
94	99
94	100
94	101
94	102
95	96
95	97
95	99
95	100
95	101
95	103
96	97
96	98
96	99
96	100
96	101
96	102
96	103
97	98
97	100
97	101
97	102
97	103
98	99
98	101
98	102
99	100
99	102
99	103
100	101
100	102
100	103
101	102
101	103
102	103
104	105
104	106
104	107
104	108
104	110
104	111
104	112
104	113
104	114
105	106
105	107
105	108
105	110
105	112
105	113
105	114
106	107
106	109
106	110
106	111
106	112
106	113
106	114
107	108
107	109
107	110
107	111
107	114
108	109
108	110
108	111
108	112
108	114
109	110
109	111
109	112
109	113
109	114
110	111
110	112
110	114
111	113
111	114
112	113
112	114
115	116
115	117
115	118
115	119
115	120
115	121
115	122
115	123
115	124
115	125
116	117
116	118
116	119
116	120
116	121
116	122
116	123
116	124
116	125
117	118
117	119
117	120
117	121
117	122
117	123
117	124
117	125
118	119
118	120
118	121
118	122
118	123
118	124
118	125
119	120
119	121
119	122
119	123
119	124
119	125
120	121
120	122
120	123
120	124
120	125
121	123
121	124
121	125
122	123
122	124
122	125
123	125
126	127
126	128
126	129
126	130
126	131
126	132
126	133
126	134
126	135
126	136
126	137
127	128
127	129
127	130
127	133
127	135
127	136
127	137
128	129
128	131
128	133
128	134
128	136
129	130
129	131
129	132
129	133
129	134
129	135
129	136
129	137
130	132
130	133
130	134
130	136
130	137
131	132
131	133
131	134
131	135
131	136
131	137
132	136
132	137
133	134
133	135
133	136
133	137
134	135
134	136
134	137
135	136
135	137
136	137
