\\ machines
9
\\ max power
90
\\ Jobs in machine 1
9
J1	16	14	27	43	1.395245505979132
J2	16	10	110	27	0.8931375445884906
J3	15	8	3	13	1.0639812239985447
J4	16	3	16	38	1.3594069298862645
J5	17	13	82	42	1.582230347411506
J6	16	13	13	28	1.4592132052945865
J7	15	1	100	44	1.1300549183675654
J8	13	13	3	28	1.7984447469132887
J9	15	3	74	16	1.6720811816902192
\\ Jobs in machine 2
11
J10	14	13	56	27	1.9068496256456164
J11	13	1	7	37	1.0886262723656344
J12	15	5	42	19	0.22533900675505358
J13	15	4	73	21	1.9323045632055933
J14	14	8	30	9	1.6484855293104774
J15	15	2	95	12	0.8214274496473034
J16	14	10	13	44	1.2951642128342273
J17	15	3	5	27	0.3114260216030217
J18	15	10	79	30	1.5992641584717395
J19	13	4	88	4	0.8563041275902753
J20	14	10	79	6	1.9050260706383664
\\ Jobs in machine 3
9
J21	13	14	51	9	1.9122180269347653
J22	15	3	48	9	1.035530265912672
J23	13	14	103	44	1.465076608829719
J24	14	10	101	44	1.319377554069019
J25	15	5	106	12	0.6791192959270499
J26	14	6	110	32	1.1558472557194663
J27	14	8	72	10	1.1519519876506636
J28	16	4	80	18	1.527157596928982
J29	14	6	27	14	1.138571563299706
\\ Jobs in machine 4
9
J30	14	5	78	8	2.404663124135026
J31	14	3	110	33	0.22058005994089158
J32	15	1	46	45	1.3376949179669158
J33	14	11	69	42	1.7375059162973696
J34	15	9	32	31	0.5744890885376853
J35	14	9	8	44	1.8775733801318308
J36	13	3	72	40	1.3255233327221096
J37	16	12	4	20	0.7943078565467391
J38	15	1	44	44	0.7495802976765609
\\ Jobs in machine 5
12
J39	14	4	58	6	1.998750738621673
J40	15	13	63	27	0.6348567595296629
J41	14	11	96	21	1.042038802038509
J42	15	8	101	24	1.7444186250089007
J43	16	10	7	4	0.4832576638585967
J44	14	3	5	8	1.445117945190263
J45	14	1	9	21	1.1741436832499008
J46	13	14	52	32	1.3294657222317299
J47	16	6	39	35	1.2085409726620713
J48	13	13	62	43	0.989164734290877
J49	14	12	37	42	0.9281980731593156
J50	13	12	28	28	0.9402165790001975
\\ Jobs in machine 6
9
J51	15	8	80	16	0.7687741289072059
J52	14	10	74	31	0.9274131621023505
J53	16	13	49	18	1.1225454397247614
J54	16	4	43	30	1.6585547816296788
J55	14	11	10	29	0.3433615848677747
J56	17	3	51	1	0.1
J57	14	11	71	4	1.07907842320145
J58	15	13	9	35	0.1
J59	15	10	15	9	1.706111696659554
\\ Jobs in machine 7
11
J60	14	10	103	33	1.0345184544189612
J61	15	11	56	21	1.8764166726162683
J62	15	7	39	17	1.8784705447033636
J63	15	14	108	39	0.6182133176872718
J64	14	8	31	12	0.758638652084616
J65	14	12	50	27	1.9562223516376056
J66	16	5	5	17	1.445939471107707
J67	15	11	64	43	1.4365219203251165
J68	16	5	89	26	1.3187133291417452
J69	14	6	2	42	1.6291589305948815
J70	14	12	99	20	1.168418881934484
\\ Jobs in machine 8
12
J71	15	2	40	16	0.4427056007893503
J72	14	12	77	39	0.28711570387290375
J73	16	11	23	6	0.6008859736126956
J74	15	4	71	23	0.6609923914875891
J75	17	2	23	30	0.9238737791774053
J76	15	3	21	12	2.1850128315343125
J77	15	13	72	16	1.198116942773234
J78	15	2	9	1	2.221904464121761
J79	15	9	56	35	2.254641110325859
J80	15	13	98	4	0.1
J81	14	5	97	45	1.2589091515108137
J82	15	1	79	27	1.2606949676120267
\\ Jobs in machine 9
12
J83	13	3	7	42	1.0392485399639373
J84	15	10	106	32	1.4272573607254346
J85	14	9	44	41	1.0394236348063535
J86	13	14	78	3	0.7493926757658529
J87	14	1	69	19	0.9423359077151723
J88	14	1	69	44	1.5871033776896775
J89	15	12	29	7	1.676399193946094
J90	16	3	34	43	1.242336898666043
J91	15	6	57	7	1.4529948413388447
J92	15	12	84	19	1.363102749918841
J93	13	8	103	31	0.8703214460446456
J94	16	13	63	14	1.9450365518318837
\\ Dependencies 
96
1	2
1	5
3	8
4	6
5	7
6	7
7	9
10	14
11	13
11	14
12	18
12	20
13	15
17	19
21	22
21	25
21	27
21	28
22	27
22	28
25	28
30	32
30	33
30	35
30	37
31	37
32	35
32	38
33	38
34	35
34	36
35	36
37	38
39	46
39	48
40	47
40	50
41	42
41	43
42	43
42	49
43	47
43	48
44	49
44	50
45	46
47	48
47	50
48	49
51	55
51	59
53	56
54	55
54	56
54	59
56	57
56	59
60	63
60	66
62	68
62	69
63	65
63	67
63	68
64	69
65	66
65	67
67	68
71	72
71	75
71	77
72	74
72	76
72	78
73	81
73	82
74	75
74	82
75	79
76	78
77	78
77	79
77	82
78	81
78	82
83	89
83	93
84	87
84	88
85	91
85	94
86	91
86	93
87	93
91	93
91	94
