\\ machines
8
\\ max power
80
\\ Jobs in machine 1
12
J1	15	11	110	11	0.6686557809529189
J2	15	4	24	27	1.1971807633689264
J3	14	12	64	23	1.3493724975154757
J4	14	6	24	2	1.5762799617581382
J5	15	1	4	26	0.47114607288079957
J6	14	13	5	19	1.491641755597064
J7	14	7	86	2	1.1655770436774966
J8	14	12	101	36	1.0937895637833435
J9	14	14	74	27	2.163435907097197
J10	16	10	110	25	0.5138438001764979
J11	14	11	11	12	1.9005632807415354
J12	14	11	93	29	0.9956391159666779
\\ Jobs in machine 2
12
J13	13	7	50	22	1.5331269818629456
J14	15	13	28	5	0.4241133316451009
J15	16	8	40	9	1.63829031420316
J16	16	7	96	21	1.8083118410499137
J17	12	10	96	35	1.6656602715341031
J18	16	2	74	26	1.4337106881125
J19	15	4	4	18	1.0175031063744677
J20	14	5	10	26	1.3627873300807314
J21	16	2	27	31	1.094885743580938
J22	15	8	100	1	1.0330727391125247
J23	17	12	2	24	0.32211136047381905
J24	14	12	20	34	0.9917513563101754
\\ Jobs in machine 3
10
J25	14	7	35	38	0.4679466021707369
J26	14	1	95	36	0.9557911122264219
J27	15	2	109	17	1.104223116288537
J28	14	4	20	18	1.03041207097124
J29	13	7	102	1	1.424396380274427
J30	15	3	85	15	0.621765860810733
J31	15	8	61	14	1.6363716403350508
J32	14	1	91	14	1.68222147332421
J33	14	13	51	6	2.0667771249778975
J34	15	2	102	39	1.5102909055281217
\\ Jobs in machine 4
11
J35	14	3	76	1	0.7197240932164005
J36	15	8	3	23	1.2375852350065664
J37	15	11	64	17	1.1685999504986668
J38	15	14	16	5	0.1104023124836846
J39	13	2	51	22	1.0351504848878792
J40	15	7	92	16	1.2439929550071167
J41	14	2	108	11	1.6434978183135165
J42	14	6	41	17	1.0455826290738899
J43	14	2	59	6	1.4791621674489799
J44	13	2	21	17	1.088225023468265
J45	17	10	48	16	0.8959002482570511
\\ Jobs in machine 5
10
J46	14	10	28	30	0.5735957910248926
J47	15	5	59	25	0.6280495122900172
J48	16	6	59	27	2.0658840216273413
J49	15	10	63	21	1.1184761218995851
J50	16	4	106	3	1.375779520287996
J51	16	3	59	38	1.3536664518517436
J52	15	4	110	16	1.92239322859974
J53	14	11	40	20	1.6031644236512035
J54	13	8	101	18	1.6076156599217912
J55	13	13	88	6	1.5591562403725383
\\ Jobs in machine 6
11
J56	14	14	82	32	1.8927717895599065
J57	13	10	85	36	0.8157731603978888
J58	14	6	106	33	0.1
J59	16	11	14	26	1.7541260105482128
J60	15	2	72	12	0.6079023656443657
J61	14	9	70	1	1.5700557862717
J62	14	13	109	39	1.9557379086605624
J63	15	2	50	35	0.7823951464463125
J64	15	1	33	3	1.2175479082573544
J65	14	13	73	37	1.6432786868799565
J66	13	7	65	12	1.3708244902967777
\\ Jobs in machine 7
11
J67	14	14	101	39	1.709844563083995
J68	14	9	11	32	1.915597950416445
J69	15	11	12	18	0.7787092752421365
J70	15	5	100	33	0.6332741884139208
J71	13	8	96	19	1.9163363047897235
J72	15	1	57	3	0.9458485216027152
J73	15	8	63	24	1.8881969851815539
J74	13	8	45	23	1.3009287323997658
J75	13	7	68	3	0.9757122328186616
J76	15	9	75	12	0.1
J77	15	5	90	34	1.686234753259213
\\ Jobs in machine 8
11
J78	15	12	110	17	0.9997356738730069
J79	15	6	52	35	1.572477062629955
J80	14	12	60	20	0.6999894096064277
J81	15	2	40	19	0.811860283776058
J82	15	2	98	19	0.5991976856488807
J83	15	6	98	16	1.2278452475058863
J84	15	1	47	18	1.5813945621647711
J85	15	12	84	4	1.2211745514536518
J86	14	4	85	1	0.15437528855685745
J87	16	1	96	13	0.9294252887878495
J88	16	11	4	11	1.1675829720948576
\\ Dependencies 
36
1	7
1	9
1	12
3	4
4	6
4	11
4	12
9	10
14	21
17	24
27	28
28	32
31	32
36	38
37	40
38	44
39	45
42	43
46	54
50	52
50	53
51	54
54	55
58	60
59	61
67	70
68	73
68	75
68	77
78	85
78	87
80	83
82	83
84	85
86	88
87	88
