\\ machines
9
\\ max power
90
\\ Jobs in machine 1
12
J1	14	4	23	42	0.7811113702002115
J2	16	5	35	12	1.5844699496961459
J3	16	8	54	32	0.9516921524186511
J4	14	3	36	18	1.225547606030829
J5	14	14	80	14	1.1937335159667473
J6	16	3	34	6	1.3972019480041824
J7	14	1	40	42	1.5975363978559485
J8	15	11	4	40	0.9307726936593415
J9	15	1	41	15	1.0469601335764047
J10	16	7	29	2	1.5458596725868818
J11	16	6	42	37	1.035208448775504
J12	15	2	53	45	0.7772627763928657
\\ Jobs in machine 2
12
J13	15	4	56	17	0.7782667224065798
J14	14	11	92	3	0.1
J15	15	6	35	2	0.9094920415453173
J16	15	2	41	39	1.2953212870149093
J17	14	11	56	9	0.5012491323296641
J18	15	2	14	35	1.875669130138676
J19	15	2	49	34	1.3331852497405428
J20	15	13	15	11	1.1884073132752144
J21	17	14	89	14	0.9288692591510187
J22	14	4	26	16	1.3426132128922286
J23	15	6	107	16	0.5864748469237864
J24	13	11	69	34	1.2395297970172001
\\ Jobs in machine 3
10
J25	14	4	57	17	0.9431286129260145
J26	15	13	105	9	1.5325119762835353
J27	12	10	108	19	1.3544421236010824
J28	15	3	56	21	0.39453487846462554
J29	14	9	57	12	1.6555924593456288
J30	14	14	57	21	0.6270534244860324
J31	14	9	84	20	2.0440868879273673
J32	16	5	85	26	2.100566672036857
J33	14	2	7	4	0.8723866358454118
J34	12	2	87	16	0.8993332491369945
\\ Jobs in machine 4
10
J35	15	6	55	44	1.0163178229456538
J36	14	10	22	38	0.48729550552617684
J37	14	8	108	35	1.1752873397179566
J38	13	14	34	42	0.8884500172656136
J39	15	3	5	31	0.5351287304683138
J40	16	6	23	21	0.9517947990099349
J41	13	12	34	43	0.9748367318202098
J42	14	4	68	16	0.5664170297114169
J43	13	7	50	25	1.882463567085583
J44	14	13	41	33	1.3244126487190844
\\ Jobs in machine 5
12
J45	16	13	2	36	1.1671180532819596
J46	15	6	65	38	1.4694429058821183
J47	17	7	80	22	1.6067521871376282
J48	12	5	109	29	1.3809400179672402
J49	14	6	88	39	1.2505021196738921
J50	14	10	58	22	1.6128055749199885
J51	16	12	48	29	0.6424101636577787
J52	15	7	79	9	1.340619384990875
J53	14	14	101	25	1.3003995563630213
J54	17	10	79	3	1.1841903869727393
J55	13	2	12	14	1.1918659342522735
J56	16	11	51	40	0.5145828565235169
\\ Jobs in machine 6
11
J57	17	11	83	34	0.31550276626577645
J58	15	14	108	30	0.9130695697357267
J59	13	11	23	5	1.5419745835562444
J60	15	9	29	43	1.237332168734683
J61	15	8	94	35	1.2980878442975208
J62	14	8	41	26	0.8558775018857635
J63	15	7	33	37	1.5014096910086083
J64	14	6	16	28	1.8479321381206117
J65	14	13	49	7	0.9295775259608008
J66	12	12	19	37	1.4442837171314011
J67	15	13	46	42	1.1289000738297192
\\ Jobs in machine 7
12
J68	14	12	85	37	0.9286196763761834
J69	13	3	53	31	1.6141133863896504
J70	15	7	86	33	2.2066881787966315
J71	15	12	66	16	1.1580830856097097
J72	15	7	44	3	1.9666843321727603
J73	14	7	90	32	1.0212058361756773
J74	14	14	56	29	0.7762130018460709
J75	13	8	4	38	0.7411105742224664
J76	16	6	71	15	1.7977583460593105
J77	14	8	41	23	1.7022227464334825
J78	14	7	56	2	1.3954900741831988
J79	15	3	16	10	0.8861956079061615
\\ Jobs in machine 8
10
J80	13	14	17	14	1.1855057575187282
J81	15	6	79	32	1.5687321682506845
J82	14	2	67	9	0.9657693775122378
J83	14	14	88	29	1.4719175734717287
J84	16	11	92	34	2.208582095368998
J85	16	1	84	41	0.7957893812947704
J86	14	14	34	43	1.4847311666779857
J87	14	7	46	37	1.6243884121786651
J88	15	10	59	5	0.7434768780063123
J89	15	11	89	17	1.5431065685390746
\\ Jobs in machine 9
10
J90	15	5	11	21	0.6192039310083436
J91	16	14	17	28	0.2669434859188057
J92	15	1	33	4	1.6031950810937778
J93	13	5	107	9	0.641882609000044
J94	14	2	48	34	0.7698729986882955
J95	14	4	37	37	1.3432833105706816
J96	13	3	104	34	0.6684841755638107
J97	14	8	66	7	1.4774794401375395
J98	14	3	16	9	1.6614682001754377
J99	17	10	87	21	2.2173188154356382
\\ Dependencies 
44
1	2
10	12
14	17
14	20
16	18
21	24
26	28
26	30
29	30
30	34
31	34
35	44
36	41
37	38
37	43
41	42
47	56
48	52
50	53
52	56
57	58
57	67
59	67
60	61
60	63
60	67
61	67
62	63
68	78
71	73
72	76
73	74
73	77
74	75
80	85
81	88
84	85
86	87
87	89
90	92
90	96
93	95
95	96
95	97
