\\ machines
18
\\ max power
180
\\ Jobs in machine 1
12
J1	15	6	109	135	1.6575505602259846
J2	14	6	25	105	2.422583869196128
J3	15	11	2	34	0.835969913702209
J4	13	12	12	44	0.8798443276236364
J5	13	10	108	36	1.2675553655901446
J6	16	10	34	9	0.8390250293054277
J7	14	1	64	113	1.2010794094715378
J8	15	7	64	122	1.2387870404914574
J9	15	1	13	129	2.2777275800627996
J10	15	14	11	49	0.34804538879378977
J11	13	3	63	1	0.7761939717538524
J12	15	14	50	107	1.58456904758761
\\ Jobs in machine 2
9
J13	14	13	9	7	1.7901888636398775
J14	15	14	48	133	1.083047267905068
J15	15	2	72	120	0.8760623255180944
J16	16	5	23	61	0.2112705508108791
J17	15	10	61	114	0.7555055603607519
J18	16	9	76	26	1.1721965071925253
J19	14	6	57	88	2.086294290653196
J20	15	4	23	71	0.18602983165763431
J21	13	9	40	39	0.5009383080795298
\\ Jobs in machine 3
12
J22	15	11	8	1	2.1056911781713286
J23	15	6	35	63	1.030145938144367
J24	16	1	79	44	1.9616018266792543
J25	15	7	67	94	2.2569838473558157
J26	14	10	85	57	1.2194912685256765
J27	15	6	94	28	1.0488287404158327
J28	13	10	30	62	0.726223861923619
J29	14	13	6	82	1.1179796469466252
J30	14	1	34	67	1.477309546065194
J31	15	5	88	117	1.1924388361650964
J32	14	7	87	30	1.7301376638475396
J33	16	5	4	107	1.7955441986310228
\\ Jobs in machine 4
10
J34	16	9	69	73	1.2592317775810664
J35	15	1	75	100	0.9421073007680799
J36	14	4	90	120	1.1002021795627304
J37	13	7	110	32	1.6066053361811499
J38	15	4	72	45	1.863610328660798
J39	17	2	58	98	0.3524894466538616
J40	14	2	108	73	0.9179110963306365
J41	16	11	90	78	2.196812276414466
J42	15	9	90	66	1.250012270008079
J43	16	11	92	106	1.7541208914665725
\\ Jobs in machine 5
12
J44	14	2	14	107	1.433508165516634
J45	14	10	46	32	0.8593106957803014
J46	16	10	48	75	0.34939563902692516
J47	15	13	59	59	2.1608518571414077
J48	14	8	67	7	1.0721668410417466
J49	14	13	81	15	0.1
J50	13	12	32	120	1.1124469825594632
J51	14	5	75	101	2.1744281148368465
J52	14	4	63	101	0.909119026686531
J53	14	6	17	93	0.15941666829150858
J54	14	6	9	93	1.9493423119214328
J55	15	2	105	85	1.4680947978370253
\\ Jobs in machine 6
12
J56	15	1	102	120	1.6099416828153363
J57	14	7	33	43	0.8189345496185467
J58	14	14	75	133	0.5002709483810441
J59	15	8	14	100	1.1657170965969401
J60	16	14	30	134	0.5033034395570177
J61	13	6	13	26	1.3851700848489548
J62	15	12	54	11	0.8769295754002324
J63	14	1	103	116	0.5087746086117526
J64	13	3	98	14	0.978795898825265
J65	15	7	76	19	1.8859816144386858
J66	13	1	56	67	1.5289846545528745
J67	16	2	99	98	0.9047180075074058
\\ Jobs in machine 7
9
J68	15	2	97	104	1.1954427163651127
J69	16	5	4	44	1.396200631132631
J70	15	9	69	129	0.7024308580476569
J71	16	3	100	103	1.4168244251082214
J72	14	1	30	113	1.6584652481929867
J73	14	8	107	50	1.9315408192917465
J74	14	9	44	41	1.1382882752895733
J75	13	6	40	18	1.5653936392395802
J76	15	7	60	49	1.6020262076182736
\\ Jobs in machine 8
13
J77	13	8	74	6	1.202258835477879
J78	15	8	81	9	1.9789431454378654
J79	15	3	24	8	0.8713294903858493
J80	15	12	61	18	1.3311918804450324
J81	14	4	69	14	1.2583974812261978
J82	15	13	41	33	1.1623375740691595
J83	13	11	35	29	0.8655758702220895
J84	14	11	74	101	0.5915607433259177
J85	15	10	75	110	0.9270820594764062
J86	15	11	102	60	1.2890099483313766
J87	14	9	12	35	1.1943737420182365
J88	14	4	15	88	0.4244847752667662
J89	14	2	12	30	1.3713937229125934
\\ Jobs in machine 9
12
J90	14	4	35	74	1.5059175338870627
J91	13	4	48	44	1.5300714159714655
J92	16	12	101	52	1.314322277549571
J93	13	12	54	120	0.42264990745952224
J94	15	12	15	27	1.4041102863798651
J95	14	8	50	114	0.9494668232638619
J96	14	13	70	115	1.0671961321638863
J97	14	14	15	124	0.266240854866558
J98	15	12	87	19	0.1
J99	14	11	86	66	0.745497490031381
J100	16	11	41	71	1.4153539658334213
J101	15	13	92	50	1.4773534180719552
\\ Jobs in machine 10
12
J102	15	11	27	109	1.1947012191052642
J103	13	11	58	132	1.5148348097305306
J104	14	7	47	21	1.4301318917947938
J105	14	2	42	121	0.40352899847052537
J106	15	8	69	6	1.8050905976144347
J107	15	12	47	69	0.8554160812120789
J108	16	10	16	47	1.1987677260365661
J109	15	9	68	64	0.8809065965965741
J110	13	14	10	27	0.6323380920242092
J111	13	5	53	112	1.0114769912978419
J112	13	10	30	65	1.4855874251043755
J113	15	8	10	18	1.9476208642220163
\\ Jobs in machine 11
10
J114	17	3	63	57	1.1387316956092326
J115	14	4	54	116	0.5696176793104055
J116	16	14	80	104	1.2276362060426518
J117	15	11	59	130	0.785252328120675
J118	16	11	86	4	0.5898237882767655
J119	16	6	67	28	1.2528147801487142
J120	13	3	63	47	1.3062503134794448
J121	15	9	69	6	1.4194447354537578
J122	13	6	43	120	1.7545934347488956
J123	14	12	42	41	1.4547051230280652
\\ Jobs in machine 12
9
J124	15	2	63	92	1.2450358007277325
J125	16	4	75	100	2.118569104715099
J126	14	9	59	106	0.7368907273777716
J127	15	5	83	105	1.1113534514387926
J128	16	13	87	10	1.2261171403672901
J129	13	1	11	84	1.0623443665739016
J130	16	8	15	93	0.1
J131	14	8	57	18	1.2707908255737856
J132	14	3	82	16	1.531188217403761
\\ Jobs in machine 13
10
J133	15	3	72	47	0.9634514051783825
J134	15	4	103	7	1.4790999101447329
J135	16	4	33	22	1.731068797971853
J136	15	2	35	129	1.2275645522559042
J137	16	2	91	32	1.7620460526921753
J138	15	9	77	49	1.4173133046807542
J139	14	7	90	109	1.3595261763480297
J140	15	7	6	22	0.9873298216679256
J141	14	7	70	13	0.6312041284026981
J142	14	7	12	131	0.5643806177758834
\\ Jobs in machine 14
10
J143	14	6	24	124	0.7124301613176041
J144	14	1	84	26	1.5884022735402816
J145	15	1	80	4	1.562829539888266
J146	15	12	82	60	1.7096331029481235
J147	14	7	98	64	1.061687317641754
J148	14	2	36	123	1.581264268002096
J149	14	13	63	96	2.075605371546209
J150	13	6	9	91	1.4373213561980864
J151	14	13	12	37	2.054362519805157
J152	12	1	67	85	0.5478966502262955
\\ Jobs in machine 15
10
J153	16	9	99	52	1.6221894824899932
J154	14	11	58	109	0.26696868059447854
J155	14	3	82	26	0.9454396664738165
J156	14	6	75	130	1.8268388791022128
J157	15	7	25	97	1.0891229828342166
J158	14	7	27	47	1.3493345481280654
J159	17	2	65	9	2.1781177004958487
J160	16	8	82	84	1.1027779857270608
J161	14	13	20	27	1.0104487754986533
J162	14	6	58	102	1.7050397255029675
\\ Jobs in machine 16
9
J163	14	4	36	28	0.9235375622703572
J164	14	10	101	120	0.3920498339361729
J165	15	10	80	91	1.272024383398431
J166	16	4	59	99	1.5597254456417358
J167	15	5	94	102	0.7264013256095441
J168	14	2	2	9	1.8969148646615142
J169	16	7	86	44	1.6620818175721221
J170	14	1	24	28	1.39667208988608
J171	13	6	35	49	0.4555251005183383
\\ Jobs in machine 17
11
J172	16	5	17	99	0.6050264184625718
J173	14	11	37	85	1.8298100742962498
J174	15	10	7	15	1.5512707614778078
J175	13	9	74	97	1.0099115827136227
J176	14	14	103	34	2.244726408113774
J177	14	1	107	89	1.5128552715915564
J178	14	6	94	5	1.112201641762817
J179	14	7	22	16	0.6362303908682316
J180	16	9	82	99	0.1
J181	14	7	67	123	1.1240588909612437
J182	16	6	13	74	0.49271781039349327
\\ Jobs in machine 18
10
J183	16	1	104	103	1.5047213212172736
J184	14	6	107	123	1.2357086557493713
J185	15	9	78	99	0.8009352177106164
J186	15	4	89	83	1.1755066186685719
J187	15	12	43	47	1.3403738756320949
J188	13	7	22	20	0.9149239412910265
J189	15	3	31	126	0.5837961733599026
J190	15	6	83	8	1.5938906501220247
J191	15	12	83	72	1.4739554166499231
J192	17	8	16	102	1.1171434487240932
\\ Dependencies 
745
1	2
1	3
1	4
1	5
1	6
1	7
1	8
1	9
1	11
1	12
2	4
2	5
2	6
2	9
2	10
2	11
2	12
3	4
3	5
3	6
3	7
3	8
3	11
3	12
4	5
4	6
4	9
4	10
4	11
4	12
5	6
5	7
5	8
5	9
5	10
5	11
6	11
6	12
7	8
7	11
8	11
8	12
9	10
9	11
9	12
10	11
10	12
11	12
13	14
13	15
13	16
13	17
13	18
13	20
13	21
14	15
14	18
14	19
14	21
15	17
15	18
15	19
15	20
15	21
16	17
16	18
16	19
16	21
17	18
17	19
17	20
17	21
18	19
18	20
18	21
19	20
19	21
20	21
22	24
22	25
22	26
22	27
22	28
22	29
22	31
22	32
22	33
23	24
23	25
23	27
23	29
23	30
23	31
23	32
23	33
24	25
24	26
24	27
24	28
24	29
24	30
24	31
24	32
24	33
25	26
25	28
25	30
25	31
25	32
26	27
26	28
26	31
26	32
26	33
27	28
27	31
27	32
27	33
28	29
28	30
28	31
28	32
28	33
29	30
29	31
29	33
30	31
30	32
31	32
31	33
32	33
34	35
34	36
34	37
34	40
34	41
34	42
35	36
35	37
35	38
35	40
35	41
35	43
36	37
36	38
36	39
36	40
36	41
36	42
36	43
37	38
37	39
37	40
37	42
37	43
38	39
38	40
38	41
38	42
38	43
39	40
39	41
39	42
39	43
40	41
40	42
40	43
41	43
42	43
44	45
44	47
44	48
44	50
44	51
44	54
44	55
45	46
45	47
45	48
45	50
45	51
45	52
45	54
45	55
46	47
46	48
46	49
46	50
46	51
46	54
47	48
47	51
47	52
47	53
47	54
47	55
48	49
48	50
48	51
48	52
48	53
48	54
48	55
49	50
49	51
49	52
49	53
49	55
50	52
50	53
50	54
50	55
51	52
51	53
51	54
51	55
52	54
52	55
53	54
53	55
56	57
56	58
56	59
56	60
56	62
56	63
56	65
56	66
57	58
57	59
57	60
57	61
57	62
57	63
57	64
57	65
57	66
58	59
58	60
58	62
58	64
58	65
58	67
59	60
59	61
59	62
59	64
59	65
59	66
59	67
60	61
60	62
60	63
60	64
60	65
60	67
61	63
61	64
61	65
61	66
61	67
62	63
62	64
62	65
62	66
62	67
63	64
63	65
63	66
63	67
64	65
64	66
64	67
65	66
65	67
66	67
68	69
68	70
68	72
68	73
68	74
68	75
69	70
69	72
69	74
70	71
70	72
70	73
70	74
70	76
71	72
71	73
71	74
71	75
71	76
72	73
72	74
72	75
72	76
73	74
73	75
73	76
74	75
74	76
75	76
77	79
77	81
77	82
77	84
77	85
77	86
77	87
77	88
77	89
78	79
78	80
78	81
78	82
78	83
78	84
78	85
78	86
78	87
78	88
78	89
79	80
79	81
79	82
79	83
79	84
79	85
79	87
79	88
80	81
80	82
80	83
80	84
80	85
80	87
80	88
80	89
81	82
81	83
81	85
81	86
81	87
82	84
82	85
82	86
82	87
82	88
82	89
83	84
83	85
83	86
83	87
83	88
83	89
84	85
84	87
84	88
85	87
85	89
86	87
86	88
86	89
87	88
87	89
88	89
90	93
90	95
90	96
90	97
90	98
90	100
90	101
91	92
91	93
91	94
91	95
91	96
91	97
91	98
91	99
91	100
92	93
92	95
92	96
92	97
92	98
92	99
92	101
93	94
93	96
93	97
93	98
93	99
94	95
94	96
94	98
94	99
94	100
94	101
95	98
95	99
95	100
95	101
96	98
96	99
96	100
96	101
97	98
97	99
97	100
97	101
98	99
98	101
99	100
100	101
102	103
102	104
102	105
102	106
102	107
102	108
102	110
102	111
102	112
103	105
103	106
103	107
103	108
103	109
103	111
103	112
104	105
104	106
104	108
104	110
104	111
104	113
105	106
105	107
105	108
105	111
105	112
105	113
106	107
106	108
106	109
106	110
106	111
106	112
107	108
107	109
107	110
107	111
107	112
107	113
108	109
108	111
108	112
108	113
109	111
109	112
109	113
110	111
110	112
110	113
111	112
111	113
112	113
114	115
114	116
114	117
114	118
114	120
114	121
114	122
115	116
115	117
115	119
115	120
115	121
115	122
115	123
116	119
116	120
116	122
116	123
117	118
117	120
117	121
117	122
117	123
118	119
118	121
118	122
118	123
119	120
119	121
119	122
119	123
120	123
121	123
122	123
124	125
124	126
124	127
124	128
124	129
124	130
124	131
125	126
125	128
125	129
125	130
125	132
126	128
126	129
126	130
126	131
127	128
127	130
127	131
127	132
128	129
128	130
128	131
128	132
129	131
129	132
130	131
130	132
133	135
133	136
133	137
133	138
133	139
133	140
133	141
133	142
134	136
134	137
134	139
134	141
134	142
135	136
135	138
135	139
135	140
135	141
135	142
136	137
136	138
136	139
136	140
136	141
136	142
137	140
137	142
138	139
138	140
138	141
138	142
139	140
139	141
140	141
140	142
141	142
143	144
143	145
143	147
143	148
143	149
143	150
143	152
144	145
144	147
144	148
144	150
144	151
145	147
145	148
145	149
145	150
145	151
145	152
146	147
146	148
146	149
146	150
146	151
146	152
147	148
147	151
147	152
148	149
148	150
149	151
149	152
150	151
150	152
151	152
153	154
153	155
153	156
153	157
153	158
153	159
153	160
154	155
154	157
154	158
154	159
154	161
155	156
155	158
155	159
155	161
155	162
156	157
156	160
156	161
156	162
157	158
157	159
157	160
157	161
157	162
158	159
158	160
158	161
158	162
159	160
159	161
159	162
160	161
163	164
163	165
163	167
163	168
163	170
163	171
164	165
164	167
164	168
164	169
164	170
164	171
165	166
165	167
165	168
165	169
165	170
165	171
166	168
166	169
166	170
166	171
167	169
167	170
167	171
168	169
168	170
169	170
169	171
170	171
172	173
172	175
172	176
172	177
172	178
172	179
172	180
172	181
172	182
173	174
173	175
173	176
173	177
173	178
173	179
173	180
173	181
174	175
174	176
174	178
174	179
174	180
174	182
175	176
175	178
175	179
175	180
175	181
176	177
176	180
176	181
176	182
177	178
177	179
177	180
178	179
178	180
178	182
179	180
179	182
180	181
180	182
183	184
183	185
183	186
183	187
183	188
183	189
183	190
183	191
183	192
184	185
184	186
184	187
184	188
184	189
184	190
185	186
185	187
185	189
185	190
185	191
185	192
186	187
186	189
186	192
187	190
187	192
188	189
188	190
188	192
189	190
189	191
189	192
190	191
190	192
191	192
