\\ machines
10
\\ max power
100
\\ Jobs in machine 1
11
J1	12	2	7	9	0.7768795880390794
J2	15	12	44	17	1.3214700641674777
J3	13	14	87	23	1.2354674347855716
J4	14	9	47	9	0.1
J5	15	13	30	24	1.360039824641142
J6	15	1	86	11	0.7049194717436037
J7	14	7	95	25	1.3219892066909857
J8	13	7	81	2	0.999263311738423
J9	15	3	2	13	0.9835551119478427
J10	14	1	51	18	0.8545356073195255
J11	13	12	81	13	1.020049410034779
\\ Jobs in machine 2
10
J12	14	4	55	12	0.8881408147503046
J13	15	7	109	19	1.2621234396488406
J14	14	3	30	25	1.5401919126959427
J15	16	7	40	8	1.0409958828094152
J16	14	3	88	6	0.9277846582589486
J17	13	8	43	2	0.9511619189196212
J18	14	12	66	1	1.8863525503283296
J19	15	2	43	22	1.284641435785653
J20	13	1	110	19	1.6250303552786074
J21	14	2	92	10	0.8803589932915135
\\ Jobs in machine 3
11
J22	13	9	33	22	0.9005775283288642
J23	16	14	59	17	1.1425523182978077
J24	16	2	59	10	1.127072267244396
J25	14	7	47	2	0.9302772880845835
J26	13	2	45	19	0.9222312163447468
J27	14	9	99	10	1.3988316065437933
J28	13	13	61	4	0.6691698547930681
J29	13	11	8	8	1.9150899843898161
J30	16	13	94	24	0.671744295262205
J31	16	13	64	18	1.6118657901612923
J32	15	6	35	5	1.3900786399161926
\\ Jobs in machine 4
11
J33	14	14	56	13	0.24179779886707087
J34	15	4	57	15	1.2390824733882155
J35	15	14	99	11	0.1
J36	15	8	24	10	1.177248258534402
J37	13	3	68	10	0.8234046902933636
J38	16	6	16	24	1.9669048466168315
J39	15	9	67	16	0.7862446965516636
J40	14	9	3	1	0.4554041025415785
J41	15	14	62	8	1.7821673631779402
J42	14	5	69	7	1.8955104019280937
J43	16	6	25	25	1.8335265201029447
\\ Jobs in machine 5
13
J44	16	9	72	24	1.5640688701109315
J45	14	14	71	15	1.514849981895672
J46	14	12	43	6	1.096122060708943
J47	13	11	69	10	1.4238246583990704
J48	15	10	10	2	2.0006033023194933
J49	14	11	54	21	1.6562644579412726
J50	16	12	63	19	1.3075599704331566
J51	15	4	85	3	1.4434333531952803
J52	13	3	11	18	0.1
J53	13	5	90	17	0.7654974116382303
J54	13	9	99	24	1.6813366791837459
J55	14	6	77	17	0.9693406182296174
J56	13	6	71	3	0.854965304400682
\\ Jobs in machine 6
11
J57	15	5	54	8	1.3695110591692272
J58	13	10	43	10	1.9932349926968391
J59	15	6	51	19	2.2627670674382303
J60	15	13	80	23	2.320877240519253
J61	13	13	39	14	0.6091719721649914
J62	13	1	104	3	2.0395900029742062
J63	16	2	66	5	1.872362690007522
J64	15	8	59	21	1.0054900085598055
J65	14	7	46	3	1.2120684611801613
J66	15	11	14	18	2.3331356823700276
J67	15	7	94	6	1.0678286237234076
\\ Jobs in machine 7
10
J68	14	5	68	11	0.8093688301968549
J69	14	5	80	20	1.0639512919477039
J70	14	9	38	5	1.6894587168041804
J71	14	11	15	6	1.4294273888519482
J72	15	7	104	8	0.951550298578556
J73	15	7	68	4	1.0682605980684288
J74	14	7	86	10	1.967511292456472
J75	16	4	107	22	1.479972807360701
J76	16	7	39	22	0.9318207563769195
J77	16	4	15	8	0.8299434461018511
\\ Jobs in machine 8
12
J78	15	1	88	18	1.0540428284592447
J79	15	14	81	13	1.600446189776651
J80	14	14	24	19	1.6270184546715314
J81	15	1	88	22	0.1
J82	16	12	103	13	0.5328229435816585
J83	12	8	85	3	1.1067135482267285
J84	16	2	83	21	1.6866556041189926
J85	13	10	20	2	0.782001647834802
J86	15	14	94	20	1.1825565530072446
J87	16	3	82	2	0.7501006316098937
J88	14	6	20	6	1.2719452653096444
J89	15	14	69	1	1.4194305670747758
\\ Jobs in machine 9
11
J90	15	3	10	9	1.6247078152690784
J91	14	6	91	4	0.5882183364017088
J92	14	8	83	23	2.0424728059664683
J93	14	12	56	1	0.7554063750392022
J94	14	11	40	13	1.4175646596384401
J95	13	14	85	5	2.1808711624852073
J96	16	6	18	3	0.4705083407214379
J97	14	4	6	20	0.7307662677961037
J98	15	10	49	3	0.6748149746770189
J99	14	6	100	4	1.9475781891600032
J100	15	2	24	14	1.0715119194450295
\\ Jobs in machine 10
12
J101	14	5	74	22	0.7586935194912878
J102	16	7	39	5	0.5688017722788556
J103	17	10	41	12	0.8479870077148297
J104	13	10	55	19	1.387148877348248
J105	14	6	75	22	1.4761112933437661
J106	15	9	2	11	0.864814299998146
J107	16	4	79	9	2.767565328654319
J108	16	12	34	9	1.4117666863642702
J109	15	14	18	15	0.8825816772308814
J110	16	8	2	8	2.202790471672983
J111	15	4	39	3	0.8956565795874405
J112	14	9	17	20	0.45089007752265176
\\ Dependencies 
450
1	2
1	6
1	9
1	10
1	11
2	3
2	4
2	5
2	6
2	7
2	8
2	9
2	10
2	11
3	5
3	6
3	7
3	8
3	9
3	10
3	11
4	5
4	6
4	7
4	8
4	9
4	10
4	11
5	6
5	8
5	9
5	10
6	7
6	8
6	9
6	10
6	11
7	9
7	10
7	11
8	9
9	10
9	11
10	11
12	13
12	14
12	15
12	16
12	17
12	19
12	20
13	14
13	15
13	16
13	17
13	18
13	19
13	20
13	21
14	15
14	17
14	18
14	19
14	21
15	16
15	17
15	18
15	20
15	21
16	17
16	18
16	19
16	20
16	21
17	19
17	21
18	19
18	20
18	21
19	20
19	21
22	24
22	25
22	30
22	31
22	32
23	24
23	25
23	26
23	27
23	30
23	31
24	26
24	27
24	28
24	29
24	30
24	32
25	26
25	27
25	28
25	29
25	31
25	32
26	27
26	28
26	29
26	30
26	31
27	28
27	29
27	30
27	31
27	32
28	30
28	31
28	32
29	31
29	32
30	31
30	32
31	32
33	34
33	35
33	36
33	37
33	38
33	39
33	40
33	41
33	42
33	43
34	35
34	36
34	37
34	39
34	40
34	42
34	43
35	36
35	38
35	40
35	41
35	42
36	37
36	38
36	39
36	40
36	42
36	43
37	38
37	40
37	41
37	42
38	40
38	43
39	40
39	41
39	42
39	43
40	41
40	42
41	42
41	43
42	43
44	45
44	46
44	47
44	48
44	49
44	52
44	53
44	54
44	55
44	56
45	46
45	47
45	48
45	50
45	51
45	52
45	53
45	54
45	55
45	56
46	47
46	49
46	51
46	52
46	53
46	54
46	55
46	56
47	48
47	51
47	52
47	54
47	55
48	49
48	50
48	51
48	53
48	54
48	55
48	56
49	50
49	51
49	52
49	54
49	55
49	56
50	52
50	53
50	54
50	55
50	56
51	52
51	54
51	55
51	56
52	53
52	54
52	55
52	56
53	54
53	56
54	55
54	56
55	56
57	58
57	59
57	60
57	61
57	62
57	63
57	64
57	65
57	67
58	59
58	61
58	62
58	63
58	64
58	65
58	66
58	67
59	60
59	61
59	62
59	63
59	64
59	65
59	66
59	67
60	61
60	64
60	66
60	67
61	63
61	65
61	66
61	67
62	63
62	64
62	66
62	67
63	64
63	65
65	66
65	67
66	67
68	69
68	70
68	71
68	72
68	73
68	74
68	75
68	76
68	77
69	70
69	71
69	73
69	75
69	76
69	77
70	71
70	72
70	73
70	75
70	76
71	72
71	73
71	74
71	77
72	73
72	74
72	75
72	77
73	75
73	76
74	75
74	77
75	76
75	77
78	79
78	80
78	81
78	83
78	84
78	85
78	87
78	88
78	89
79	80
79	81
79	83
79	84
79	85
79	86
79	87
79	88
79	89
80	81
80	82
80	84
80	85
80	86
80	87
80	88
80	89
81	82
81	84
81	85
81	87
82	85
82	86
82	87
82	89
83	84
83	85
83	86
83	88
83	89
84	85
84	86
84	87
84	88
84	89
85	86
85	87
85	89
86	87
86	89
87	88
87	89
88	89
90	91
90	92
90	94
90	95
90	97
90	99
90	100
91	92
91	93
91	95
91	96
91	97
91	98
91	99
92	93
92	94
92	98
92	99
93	94
93	95
93	96
93	98
93	99
93	100
94	95
94	97
94	98
94	99
94	100
95	96
95	98
95	99
95	100
96	97
96	99
96	100
97	98
97	99
97	100
98	99
99	100
101	104
101	105
101	106
101	107
101	108
101	109
101	110
101	111
101	112
102	103
102	104
102	105
102	106
102	107
102	109
102	111
102	112
103	104
103	105
103	106
103	107
103	108
103	109
103	111
104	105
104	108
104	109
104	111
104	112
105	106
105	107
105	109
105	110
105	112
106	107
106	108
106	109
106	110
106	111
106	112
107	108
107	109
107	110
107	111
107	112
108	109
108	110
108	112
109	110
110	111
110	112
111	112
