\\ machines
20
\\ max power
200
\\ Jobs in machine 1
11
J1	14	11	88	33	1.1216254460698916
J2	15	2	32	13	0.4693276382361342
J3	13	1	77	11	1.498042466454992
J4	15	1	5	16	0.5039160661284738
J5	15	5	19	19	1.8967814171448607
J6	15	7	64	2	1.0310797242377885
J7	14	11	35	11	0.8461845786441352
J8	16	14	62	30	0.8968181620425133
J9	13	10	27	33	0.9993456427780517
J10	16	10	25	21	1.3850303806599962
J11	15	8	54	28	1.2114570406318603
\\ Jobs in machine 2
11
J12	15	6	3	20	0.21175870433670096
J13	15	10	75	24	0.3934670382514054
J14	14	3	40	26	1.2911465495640708
J15	14	5	98	38	1.4596855867957272
J16	15	12	72	2	1.464937065107863
J17	16	5	81	26	0.8101683976535448
J18	14	10	51	13	1.0814193993191625
J19	15	1	103	21	1.0836472040668135
J20	15	1	75	18	1.8293272396788773
J21	14	12	41	34	0.6810685644548193
J22	13	9	98	22	0.647710601783327
\\ Jobs in machine 3
10
J23	15	3	78	12	1.1559783073199994
J24	15	5	59	44	1.2710873063243486
J25	15	6	82	37	1.2978599814262273
J26	16	6	2	32	0.8912733442785566
J27	15	14	101	21	1.3332519586214007
J28	13	12	13	35	1.4280537886548546
J29	14	6	97	8	1.2659569304327905
J30	16	8	70	48	1.1929569739570958
J31	16	3	108	24	1.178427462998881
J32	15	5	61	19	1.114211538062576
\\ Jobs in machine 4
11
J33	18	11	20	27	1.4983100813319536
J34	14	7	23	38	0.2832962425222557
J35	14	6	96	35	2.2208245989201094
J36	16	5	63	16	1.0534163715175926
J37	13	5	41	9	1.4894472473425302
J38	15	4	17	24	0.7146818568629861
J39	13	14	110	15	1.6332588740458351
J40	15	6	79	27	0.7437257488672029
J41	15	1	92	26	1.4647393333743965
J42	14	10	3	2	1.1346230329732239
J43	16	1	73	29	0.40526465009504165
\\ Jobs in machine 5
12
J44	14	6	39	12	1.3437463108843968
J45	14	9	70	11	0.9418079652726654
J46	15	13	95	41	1.2763404069553121
J47	17	13	94	44	0.6833950480647342
J48	15	6	34	39	0.5493923199011703
J49	14	10	29	5	1.569700697760505
J50	15	12	42	41	0.9834687788689748
J51	12	2	41	18	0.8375479135146388
J52	15	5	68	48	1.2718194664515292
J53	15	6	82	29	0.1
J54	13	1	83	44	1.2022089954914634
J55	15	12	29	13	1.2779365650249521
\\ Jobs in machine 6
11
J56	15	11	54	6	1.8872161617103547
J57	13	1	73	36	0.8901610971315126
J58	15	14	74	46	2.007771291696633
J59	15	3	14	50	0.8045597952217562
J60	14	8	105	20	0.7558294835898562
J61	15	9	41	24	0.8737884871903592
J62	16	10	20	43	1.0338214098086456
J63	12	14	52	14	1.3500850817906727
J64	14	13	9	48	0.22873775303270927
J65	15	7	40	44	1.288965960515451
J66	14	3	38	20	0.4682950887838283
\\ Jobs in machine 7
10
J67	13	2	98	47	1.0432440262940743
J68	15	13	19	4	1.0575500991697862
J69	16	8	87	38	0.640338779372496
J70	15	3	33	39	1.4898683912308832
J71	15	11	92	18	1.027685150196659
J72	16	3	109	11	0.8060549257604533
J73	14	3	71	36	1.2905480676194083
J74	15	10	80	41	0.4090995093403941
J75	14	10	70	36	0.6598004474317358
J76	15	6	37	12	0.5988723656125954
\\ Jobs in machine 8
10
J77	13	10	86	3	0.46867042988008023
J78	15	13	61	30	0.8079618199870804
J79	14	11	68	21	1.8975532435644697
J80	13	10	70	8	0.8218541202066584
J81	16	6	99	26	1.6683991865744903
J82	14	6	91	19	0.5963813567449482
J83	15	10	61	44	1.3550788974724488
J84	14	14	55	33	2.0180063895319584
J85	16	9	4	45	0.8363654246297061
J86	14	9	75	24	0.5861127553915523
\\ Jobs in machine 9
10
J87	13	4	46	3	0.860520266499771
J88	14	13	99	20	1.565525681218393
J89	14	6	105	45	1.0303239725332096
J90	14	6	24	46	1.2431225185691221
J91	16	8	96	47	1.2255731280123172
J92	14	13	67	2	0.9731401618382391
J93	17	2	54	41	1.0164081093029704
J94	15	11	18	35	1.04696047432075
J95	13	6	52	33	0.7250999452771575
J96	14	2	2	49	1.178388889844596
\\ Jobs in machine 10
10
J97	16	7	79	1	1.4744901767926109
J98	13	13	95	25	0.6106987627072472
J99	14	13	39	20	1.4890120261692223
J100	13	2	63	30	1.5137333572350613
J101	14	6	83	18	0.7658754104136251
J102	15	7	100	6	1.8882786870110735
J103	14	11	16	16	1.4441247744265142
J104	14	7	85	12	0.8705228785404393
J105	13	3	21	48	0.8642271277255295
J106	17	8	11	22	1.67197239350182
\\ Jobs in machine 11
12
J107	16	5	59	18	0.9618351407865855
J108	14	10	104	32	0.7002161423376275
J109	12	5	60	33	0.8150370701634615
J110	15	10	76	26	1.658435688185549
J111	16	2	46	45	0.6246104034725838
J112	15	9	69	7	0.8869231894695513
J113	15	13	20	24	1.4100456580692864
J114	15	10	103	37	0.9012552653585685
J115	15	10	40	3	1.7875896399078437
J116	15	12	80	18	0.8815978801481084
J117	16	3	85	28	1.2970591025913232
J118	15	1	29	31	1.1830354085119117
\\ Jobs in machine 12
11
J119	14	6	27	25	1.7592790452528488
J120	14	5	2	1	0.9668991559803449
J121	15	6	69	31	1.6926776930857992
J122	15	9	95	45	1.9330828472862929
J123	13	1	97	33	0.8655275188523746
J124	14	13	39	38	1.603314837330835
J125	15	8	23	20	1.099540396741185
J126	14	10	35	11	1.003079142550328
J127	14	9	61	29	1.429573373985916
J128	14	4	31	11	0.42074649816837917
J129	13	10	5	48	0.5113886495529343
\\ Jobs in machine 13
11
J130	14	5	103	13	1.7342034763682064
J131	15	3	37	38	1.0134272639204127
J132	13	3	31	35	1.5883848531010218
J133	12	11	27	30	1.1606064819651172
J134	12	12	97	48	0.5754324667641294
J135	14	13	37	31	1.093670768822425
J136	16	13	78	46	1.8939750133184208
J137	13	3	88	42	1.2399997882159628
J138	16	11	2	10	1.9356895200045345
J139	16	7	47	27	1.3070453462446523
J140	14	13	41	4	0.7976841317407464
\\ Jobs in machine 14
11
J141	14	11	72	18	1.1486604424447586
J142	15	6	100	46	0.6490060743676176
J143	14	5	69	44	0.422301477987323
J144	15	7	91	42	1.3631112246163581
J145	17	11	47	34	0.7489402674306065
J146	14	6	68	18	1.2683793692900671
J147	14	11	58	26	1.7555159875999373
J148	13	11	7	31	0.8142847313405259
J149	15	14	19	16	1.4350757574046786
J150	15	14	12	42	0.7256068361984194
J151	15	14	11	19	1.0815181024186598
\\ Jobs in machine 15
12
J152	13	8	44	25	1.0846406725062514
J153	14	4	71	19	1.4256866875406393
J154	16	9	41	3	1.9310773274325548
J155	14	9	34	9	0.6536224055675435
J156	13	13	5	12	0.7856044028401755
J157	15	11	54	33	1.7003506834481878
J158	15	7	66	13	1.1189660849558256
J159	14	5	64	34	0.8933934316875671
J160	15	1	105	11	2.014309645399012
J161	17	14	58	10	1.3131065664704433
J162	15	14	56	14	0.30578886971823493
J163	13	2	50	43	0.8782868545970502
\\ Jobs in machine 16
10
J164	15	2	46	41	0.931469187013269
J165	15	4	22	18	1.9491950537748441
J166	13	7	31	21	0.6678303348310508
J167	14	11	34	12	0.9399479164267092
J168	14	9	49	4	2.8215377280770566
J169	17	9	43	15	1.2094294428294994
J170	15	12	41	11	0.7651107465650162
J171	14	5	17	50	1.7482329294738188
J172	13	9	81	23	2.094542507361142
J173	14	5	69	17	2.303074204979305
\\ Jobs in machine 17
10
J174	14	2	7	11	1.3724291285524097
J175	14	5	100	36	2.1476725999364525
J176	13	9	40	2	1.1757967334154273
J177	15	10	97	25	2.0868902662983086
J178	13	4	87	6	1.3184944432160286
J179	16	2	104	27	1.1900522839584398
J180	15	6	95	48	1.3966542957543149
J181	16	8	56	3	1.6619487348094322
J182	13	4	79	48	1.5625807891458212
J183	15	4	20	50	1.0819744830822227
\\ Jobs in machine 18
11
J184	13	5	82	30	0.9514359264213399
J185	15	1	72	50	0.7339323586435005
J186	14	5	82	36	1.3368241065699469
J187	12	12	24	1	2.010964428594466
J188	14	10	60	28	1.3173468448562013
J189	14	4	6	37	0.9306412725657447
J190	14	8	85	48	0.1
J191	15	1	38	18	0.7233719380050437
J192	15	8	37	14	0.8702363397295363
J193	16	8	37	50	1.4009445947792507
J194	13	12	67	42	1.9322577470185203
\\ Jobs in machine 19
13
J195	14	8	20	28	0.6432229871573559
J196	14	12	29	25	1.2626479609741101
J197	14	1	53	41	1.1538122034556413
J198	13	3	69	34	1.6908090772116193
J199	14	14	92	16	1.7884302245507402
J200	15	5	47	35	0.868042474186461
J201	15	9	48	50	1.0058437101647442
J202	14	4	43	23	2.33313313657652
J203	15	14	4	44	1.036087551674567
J204	14	4	39	1	1.7145728812474672
J205	14	7	44	44	1.0056388161034646
J206	15	1	54	37	2.039790998402807
J207	15	5	58	13	0.4992341831693482
\\ Jobs in machine 20
12
J208	14	14	73	2	1.594539647271049
J209	14	14	88	28	2.031246447513409
J210	14	1	9	37	2.2328641757975953
J211	14	14	68	42	0.9153092902234977
J212	14	12	98	34	0.8946941313976243
J213	16	2	86	41	1.7320065742504331
J214	15	12	21	24	1.8917513816470326
J215	15	8	32	35	0.6937688467308132
J216	15	8	4	30	1.4784624085552807
J217	14	5	26	47	0.974320329222464
J218	14	4	63	41	1.0673279683602899
J219	14	7	33	7	1.6971142295335477
\\ Dependencies 
778
1	4
1	5
1	6
1	7
1	9
1	10
2	3
2	5
2	6
2	7
2	8
2	9
2	10
2	11
3	4
3	5
3	6
3	7
3	8
3	9
3	10
3	11
4	6
4	7
4	8
4	10
4	11
5	7
5	8
5	9
5	10
5	11
6	7
6	8
6	9
6	10
6	11
7	8
7	9
7	10
7	11
8	9
8	11
9	10
9	11
10	11
12	13
12	16
12	18
12	19
12	20
12	21
12	22
13	14
13	15
13	19
13	20
13	22
14	16
14	17
14	19
14	20
14	21
14	22
15	17
15	18
15	19
15	20
15	21
15	22
16	17
16	18
16	19
16	20
16	21
16	22
17	18
17	19
17	20
17	22
18	20
18	22
19	20
20	21
20	22
21	22
23	24
23	25
23	26
23	27
23	28
23	30
23	31
23	32
24	25
24	26
24	27
24	29
24	30
24	31
25	26
25	28
25	29
25	30
25	32
26	27
26	28
26	30
26	31
26	32
27	30
27	31
27	32
28	30
28	31
28	32
29	30
29	31
30	32
31	32
33	36
33	38
33	39
33	40
33	41
33	42
33	43
34	36
34	38
34	39
34	41
34	42
34	43
35	36
35	37
35	40
35	43
36	38
36	39
36	40
36	41
36	42
36	43
37	38
37	39
37	41
37	42
38	39
38	40
38	41
39	41
39	42
39	43
40	41
40	42
40	43
41	42
41	43
42	43
44	45
44	47
44	49
44	50
44	51
44	53
44	55
45	46
45	47
45	48
45	50
45	51
45	53
45	55
46	47
46	48
46	49
46	52
46	53
47	48
47	51
47	52
47	53
47	55
48	49
48	51
48	52
48	55
49	50
49	53
49	54
49	55
50	51
50	52
50	53
50	54
50	55
51	53
51	54
51	55
53	55
56	57
56	58
56	60
56	61
56	62
56	63
56	65
56	66
57	58
57	59
57	60
57	61
57	62
57	63
57	64
57	65
58	59
58	61
58	62
58	64
58	65
58	66
59	62
59	66
60	61
60	63
60	64
60	65
61	62
61	63
61	64
61	65
61	66
62	63
62	64
62	65
62	66
63	64
63	65
64	66
65	66
67	69
67	70
67	71
67	72
67	73
67	74
67	75
67	76
68	70
68	71
68	73
68	74
68	75
69	70
69	71
69	72
69	73
69	76
70	74
70	75
71	72
71	74
71	75
71	76
72	75
72	76
73	75
73	76
74	75
74	76
75	76
77	78
77	79
77	82
77	83
77	84
77	85
77	86
78	79
78	81
78	82
78	85
78	86
79	80
79	82
79	83
79	86
80	81
80	82
80	83
80	84
80	86
81	82
81	86
82	83
82	85
82	86
83	84
83	85
83	86
84	85
84	86
85	86
87	88
87	91
87	92
87	93
87	95
87	96
88	89
88	92
88	95
88	96
89	90
89	91
89	94
89	95
89	96
90	92
90	94
90	95
91	93
91	94
91	95
92	93
92	95
92	96
94	95
94	96
95	96
97	98
97	99
97	100
97	101
97	102
97	103
97	104
97	105
97	106
98	99
98	100
98	101
98	103
98	105
98	106
99	101
99	102
99	105
99	106
100	101
100	102
100	103
100	104
100	105
100	106
101	104
101	106
102	103
103	105
103	106
104	105
104	106
107	108
107	109
107	111
107	112
107	114
107	115
107	116
107	117
107	118
108	109
108	110
108	111
108	114
108	115
108	116
108	118
109	110
109	112
109	114
109	116
110	111
110	112
110	113
110	114
110	115
110	116
110	117
111	112
111	113
111	114
111	115
111	116
111	117
111	118
112	115
112	116
112	117
113	114
113	115
113	116
113	117
113	118
114	115
114	116
114	117
114	118
115	116
115	117
116	117
116	118
117	118
119	125
119	127
119	128
120	121
120	122
120	123
120	124
120	125
120	127
120	128
120	129
121	123
121	124
121	125
121	126
121	127
121	128
121	129
122	123
122	124
122	125
122	128
122	129
123	124
123	125
123	126
123	127
123	129
124	125
124	126
124	129
125	126
125	128
126	127
126	128
126	129
127	128
127	129
130	131
130	132
130	133
130	134
130	136
130	138
130	139
130	140
131	134
131	135
131	136
131	137
131	138
131	139
132	133
132	134
132	136
132	138
132	139
132	140
133	134
133	138
133	139
133	140
134	135
134	136
134	137
134	138
134	139
135	138
135	139
136	138
136	139
136	140
138	139
138	140
139	140
141	142
141	143
141	144
141	145
141	146
141	147
141	148
141	149
141	150
141	151
142	143
142	144
142	145
142	146
142	148
142	150
142	151
143	144
143	145
143	146
143	147
143	148
143	149
143	150
143	151
144	146
144	147
144	150
144	151
145	147
145	149
146	147
146	148
146	151
147	148
147	150
148	149
148	150
148	151
149	150
152	153
152	155
152	156
152	157
152	158
152	160
152	161
152	162
152	163
153	156
153	158
153	160
153	162
154	155
154	157
154	158
154	160
154	162
154	163
155	156
155	157
155	158
155	160
155	161
155	162
156	158
156	159
156	162
157	161
157	163
158	159
158	160
158	161
158	162
158	163
159	160
159	163
160	162
161	162
161	163
162	163
164	166
164	167
164	169
164	170
164	171
164	172
164	173
165	166
165	167
165	168
165	169
165	171
165	172
165	173
166	167
166	168
166	169
166	171
166	172
166	173
167	171
167	172
167	173
168	169
168	170
168	171
168	172
168	173
169	170
169	171
169	172
169	173
170	171
170	172
171	172
171	173
172	173
174	177
174	178
174	180
174	181
174	182
174	183
175	176
175	178
175	179
175	180
175	182
175	183
176	179
176	180
176	181
176	182
176	183
177	178
177	180
177	181
178	179
178	182
178	183
179	180
179	183
180	181
180	182
180	183
181	182
182	183
184	187
184	188
184	190
184	192
184	193
185	186
185	187
185	188
185	189
185	191
185	192
185	193
186	187
186	188
186	189
186	190
186	191
186	192
186	193
187	188
187	190
187	191
187	192
187	193
187	194
188	189
188	190
188	191
188	192
188	193
188	194
189	190
189	191
189	192
189	194
190	194
191	192
191	193
192	193
193	194
195	196
195	197
195	198
195	199
195	202
195	204
195	205
195	206
195	207
196	197
196	200
196	201
196	202
196	203
196	204
196	205
196	206
196	207
197	199
197	201
197	202
197	203
197	204
197	205
197	206
197	207
198	199
198	201
198	205
198	206
198	207
199	200
199	201
199	202
199	203
199	204
199	205
199	206
199	207
200	201
200	203
200	204
200	205
200	206
201	203
201	204
201	205
201	207
202	203
202	204
203	204
203	205
204	206
204	207
205	206
205	207
206	207
208	209
208	211
208	212
208	213
208	214
208	216
208	217
208	219
209	210
209	211
209	213
209	216
209	217
209	218
209	219
210	212
210	213
210	216
211	212
211	214
211	215
211	217
211	219
212	213
212	216
212	218
213	214
213	216
213	218
213	219
214	215
214	216
214	217
214	218
214	219
215	216
215	217
215	218
215	219
216	217
216	218
217	218
217	219
218	219
