\\ machines
4
\\ max power
40
\\ Jobs in machine 1
10
J1	13	1	86	4	1.3806011930143387
J2	13	1	19	15	2.054292840859706
J3	17	10	71	20	0.7373095791204536
J4	15	3	71	6	1.3350762976893975
J5	13	4	9	17	1.4723014119181546
J6	15	14	103	9	0.5119858961190376
J7	13	5	19	13	1.847835664995619
J8	14	3	42	1	0.5629110133078539
J9	15	9	42	16	1.008976140503012
J10	16	9	28	13	1.5057197461348446
\\ Jobs in machine 2
11
J11	15	1	7	18	2.087027193750174
J12	14	11	49	18	1.311003907994532
J13	15	4	32	9	2.2910942373965564
J14	15	2	60	10	0.6341556099204816
J15	12	9	83	14	0.75689274617874
J16	13	2	32	11	0.27158502718473476
J17	15	9	47	3	0.933545181393626
J18	13	5	86	17	1.115662973294228
J19	16	5	5	9	0.9137270857054527
J20	14	3	16	4	1.3743542442113121
J21	14	11	60	2	1.2221192282340232
\\ Jobs in machine 3
11
J22	15	8	51	17	2.244623604863823
J23	13	12	69	7	1.683933233136893
J24	14	3	14	15	1.4134645662720149
J25	14	7	18	15	0.7702891705656665
J26	14	11	48	5	1.7784802948767071
J27	14	8	109	16	2.5630796919154353
J28	15	10	41	3	2.122206802012438
J29	15	13	93	14	1.8651106054027382
J30	15	11	47	12	1.398341440111813
J31	14	4	95	12	0.7195197070388586
J32	15	13	28	12	1.2520132858075126
\\ Jobs in machine 4
12
J33	14	10	95	6	1.5786701857018213
J34	14	10	107	1	1.9781190102954391
J35	15	4	82	18	1.0783569259526922
J36	15	2	57	16	0.7475529654720208
J37	14	7	56	6	1.2825984678166131
J38	12	8	2	9	1.8103960036908555
J39	14	6	22	4	1.0104427261636808
J40	13	6	91	14	0.1
J41	14	7	5	5	2.106840693566465
J42	12	9	24	8	1.594364417501537
J43	16	7	64	20	1.832358258550428
J44	16	13	103	19	1.6078160346371937
\\ Dependencies 
24
3	5
4	8
5	10
8	9
9	10
12	15
12	21
13	14
16	17
18	20
22	25
22	30
24	25
24	28
26	29
27	29
28	30
30	31
34	37
36	41
37	41
38	43
41	43
43	44
