\\ machines
10
\\ max power
100
\\ Jobs in machine 1
12
J1	14	6	18	24	0.5823948399724381
J2	15	13	22	18	1.3489302586235845
J3	15	13	46	9	1.2865896193084128
J4	15	8	67	1	0.9504829491731379
J5	15	3	92	18	0.6875083065736288
J6	15	9	45	15	1.1531959683320638
J7	16	10	13	15	1.053787626066181
J8	15	3	92	16	0.6422299394780474
J9	13	5	26	18	0.9302432121298431
J10	15	3	30	5	1.369138518070442
J11	15	12	51	8	1.4862466689258695
J12	14	2	104	13	1.1237002286822124
\\ Jobs in machine 2
11
J13	14	13	68	3	1.0433369956261698
J14	15	8	39	22	0.8144947520517434
J15	14	3	24	20	0.9135090842880487
J16	14	1	105	3	1.6958583639892415
J17	14	10	70	14	1.2581622595409876
J18	13	6	30	24	0.6902330375107065
J19	15	11	33	17	1.7610140491257535
J20	16	13	84	21	1.317751584744397
J21	15	11	11	23	0.2683781406893285
J22	15	14	44	5	1.8454790882493985
J23	16	4	25	15	1.1896351766836775
\\ Jobs in machine 3
10
J24	15	13	77	11	0.1
J25	15	13	37	22	1.775111247291452
J26	16	12	36	19	0.9711613977667366
J27	14	12	40	13	1.760654427785975
J28	14	4	10	13	1.2751368347774406
J29	14	6	96	21	0.9793392498071428
J30	16	10	79	20	1.0990658402829143
J31	15	14	37	4	1.0792234842269701
J32	14	3	8	10	0.6222489369312366
J33	15	2	83	12	0.4802336189787604
\\ Jobs in machine 4
11
J34	16	13	34	5	0.21087813465411032
J35	15	13	61	7	1.4654970809767518
J36	14	5	101	7	1.0515976094675825
J37	15	9	87	15	0.49560003675901565
J38	14	2	85	1	1.6193677972368727
J39	15	9	102	15	1.5748042480074513
J40	17	12	48	2	1.426547235613388
J41	16	9	75	22	1.0528203316976774
J42	15	12	78	16	1.2523815284600395
J43	14	3	17	25	1.0192501055632954
J44	14	1	33	12	2.343517412264714
\\ Jobs in machine 5
13
J45	14	12	87	12	0.3408076336209279
J46	14	4	3	13	0.4952354399554417
J47	13	11	17	24	1.3319629972853049
J48	14	7	65	22	1.265261286715086
J49	15	5	60	17	1.1969475374425855
J50	14	12	105	13	1.1763766062489578
J51	17	7	88	16	2.1571650071850472
J52	13	6	29	3	1.197555015341801
J53	13	14	65	11	0.9701746950882226
J54	14	14	96	19	0.4897132253171651
J55	13	9	76	4	1.5456443074177917
J56	16	6	16	15	1.1148588301951647
J57	15	8	102	1	1.9304570181246388
\\ Jobs in machine 6
10
J58	14	10	81	22	1.4273112057454265
J59	13	6	107	9	1.1430778365762615
J60	15	8	39	10	1.2302997711409323
J61	13	6	54	7	1.426175326454278
J62	15	13	56	5	1.0434514878906012
J63	14	3	107	16	1.906910860123261
J64	16	13	15	16	0.39974144644279896
J65	16	5	68	1	0.5915534788144585
J66	13	6	86	2	0.5243142533602012
J67	14	2	24	4	1.194283716041844
\\ Jobs in machine 7
12
J68	14	5	62	21	1.2687817279922766
J69	16	12	49	13	0.884914959064989
J70	14	5	89	16	1.0318234750995825
J71	14	5	69	5	2.119833018723307
J72	13	2	4	10	1.1172272419407006
J73	15	11	103	13	2.3473310937904595
J74	13	4	89	17	0.7902340911611091
J75	16	3	61	12	1.518670806021161
J76	15	5	72	13	1.4187200132040811
J77	14	7	13	20	1.5977473363221626
J78	14	2	70	3	1.4197291457043577
J79	15	5	54	5	0.5724116695655603
\\ Jobs in machine 8
12
J80	14	10	20	3	0.252909440581209
J81	14	11	53	1	0.9525917838654556
J82	15	10	54	12	2.1076400163091806
J83	16	4	27	6	0.8167672435378874
J84	13	9	76	18	1.7473786540959386
J85	14	5	71	16	1.6947793456701106
J86	15	12	89	25	1.1248475232119861
J87	14	2	9	2	1.148986865429412
J88	15	3	18	20	1.4490952882573107
J89	17	10	72	14	1.4880160902495996
J90	14	6	77	8	2.0092117482327696
J91	16	4	4	22	0.9756758632826938
\\ Jobs in machine 9
11
J92	15	6	98	8	1.1012184289926763
J93	15	4	51	11	0.8746476956256158
J94	13	7	20	10	1.361508502041071
J95	14	12	21	15	1.031763389950965
J96	14	11	2	23	1.1901818194327944
J97	15	4	25	16	1.8164342828774582
J98	15	5	28	17	1.4046944752908637
J99	15	6	82	25	1.0893469192873964
J100	15	4	90	4	0.7403690445652571
J101	14	14	42	20	1.1133544027696167
J102	14	1	74	23	0.317590991356662
\\ Jobs in machine 10
10
J103	15	3	33	7	1.1786024015624665
J104	14	5	60	22	1.1249079068766292
J105	15	5	71	20	1.4991217659608909
J106	14	1	25	16	0.5936029315540297
J107	12	5	12	1	1.5673174554086153
J108	14	1	44	9	1.040164661292496
J109	15	1	50	15	1.391983727301948
J110	17	9	51	12	1.5730031760793604
J111	15	2	53	19	1.549661330313167
J112	15	7	13	5	1.3812417392026706
\\ Dependencies 
131
1	10
1	12
2	5
2	9
3	6
3	9
3	10
4	11
5	12
7	10
8	12
9	11
11	12
13	15
13	18
13	21
14	20
15	20
15	21
15	23
16	17
17	18
17	19
17	20
18	20
19	20
19	21
20	23
25	27
25	32
26	30
27	33
30	31
30	32
34	43
35	36
35	38
35	41
36	38
37	38
37	39
37	42
38	44
39	41
40	41
43	44
45	51
45	54
47	48
47	54
47	55
47	57
48	52
49	51
50	51
50	53
50	56
51	52
51	55
51	56
52	55
52	56
52	57
53	55
54	55
54	57
56	57
58	59
58	60
58	62
58	66
59	62
59	63
59	65
59	66
60	64
61	63
61	65
61	67
63	64
64	65
65	67
66	67
68	69
68	72
68	73
68	76
68	79
69	70
69	71
71	72
71	77
71	78
72	74
72	75
72	77
74	75
74	78
80	81
80	91
81	91
82	89
82	90
83	88
83	89
84	86
84	89
84	90
85	86
86	90
88	89
92	97
93	98
93	100
94	95
94	101
96	99
96	101
99	101
104	105
104	108
104	109
104	110
104	111
105	106
105	110
105	112
106	107
106	110
108	110
108	111
