\\ machines
9
\\ max power
90
\\ Jobs in machine 1
11
J1	15	6	99	22	0.5613327083546585
J2	13	13	58	36	0.8132029565826191
J3	13	12	96	47	2.192002047520223
J4	14	14	75	8	2.006169062303123
J5	16	10	105	34	0.8845534749081632
J6	15	11	13	6	0.4351413796941275
J7	15	5	36	26	0.9171794698964446
J8	14	5	39	30	0.40596267153677157
J9	15	8	36	31	1.0026423326790428
J10	14	2	6	67	1.5084654575047671
J11	14	2	100	23	0.7672685174538396
\\ Jobs in machine 2
12
J12	14	1	20	26	0.8849423751132546
J13	15	9	23	30	1.061622369553392
J14	15	7	25	54	1.523838920810173
J15	15	6	87	20	1.3697332354079033
J16	14	3	42	19	1.5812238352991286
J17	13	6	46	29	1.4162631355169166
J18	16	9	55	12	1.2784693350414402
J19	16	3	62	3	0.849164771284479
J20	14	4	63	25	0.9443212302633941
J21	14	3	10	1	0.459514680626811
J22	14	3	76	5	1.019807359982566
J23	16	7	62	65	1.3061696059872014
\\ Jobs in machine 3
12
J24	15	8	91	35	1.037485560317067
J25	17	11	90	11	0.7380291028850627
J26	13	6	11	1	2.6564735667381822
J27	15	7	92	59	0.9431517919995154
J28	16	14	105	14	1.7469981138843684
J29	14	14	81	24	1.3625218629755824
J30	13	10	88	5	1.7327207736752377
J31	16	5	88	49	1.638325347354511
J32	13	14	109	65	1.3656060456118773
J33	14	12	36	32	1.321903897088717
J34	14	5	4	44	1.0240099167098358
J35	14	9	18	14	0.7440768601580365
\\ Jobs in machine 4
10
J36	13	6	28	55	1.2368634000379188
J37	13	2	72	15	0.39226267015924277
J38	15	3	51	31	1.181191118927932
J39	15	7	46	63	1.891981910001625
J40	14	12	18	32	1.7667636175776962
J41	14	14	101	32	0.7586151792957767
J42	15	8	93	27	1.2121202991970403
J43	15	5	20	7	2.191902823994781
J44	15	5	109	52	0.9653979343254917
J45	13	7	20	50	1.1464363449903359
\\ Jobs in machine 5
12
J46	17	13	92	57	1.0875489638033904
J47	14	13	43	10	1.3309965103451293
J48	15	7	13	58	0.4250654488795512
J49	13	12	93	31	0.9508670517494542
J50	14	6	71	18	1.3001935466974703
J51	13	2	15	4	0.30096314044568184
J52	15	4	81	24	0.5901039829019545
J53	15	14	19	27	1.0237614141259108
J54	15	14	49	46	2.0008922572887635
J55	14	6	44	17	1.2883274378452376
J56	14	9	108	41	0.3356130722992262
J57	14	14	73	8	0.8908514121358003
\\ Jobs in machine 6
11
J58	13	9	56	29	1.489359700739718
J59	17	9	85	53	0.43309629189125465
J60	14	5	39	50	0.5699299158346888
J61	14	10	31	10	1.7727134181706714
J62	14	6	75	15	0.6975272878566251
J63	16	12	16	1	0.9330973276997196
J64	15	3	32	62	1.1226072388763602
J65	15	1	57	10	1.22338437486166
J66	15	7	66	35	2.0062378810190737
J67	15	9	79	4	1.173203973997838
J68	14	1	86	28	1.1887841217343593
\\ Jobs in machine 7
11
J69	14	12	100	57	0.7463975493873032
J70	14	13	4	9	1.6493629780455132
J71	14	1	2	22	1.3812193336186243
J72	16	14	82	20	0.5348937933254065
J73	16	4	40	64	1.7864363466984148
J74	15	10	87	26	1.179356300021175
J75	15	5	91	31	1.0648954879565797
J76	15	8	33	31	1.0187201203147298
J77	14	1	102	67	1.5583323667859144
J78	14	12	40	65	1.5095839949875742
J79	15	11	37	43	0.39377618102557355
\\ Jobs in machine 8
11
J80	15	2	58	59	0.7514029847955417
J81	15	11	40	3	0.9739796487589082
J82	14	5	110	52	0.6170983682685017
J83	15	1	69	39	2.0576818517900186
J84	15	14	84	63	1.4849383125839124
J85	16	8	17	25	1.4931040186494868
J86	15	12	64	43	1.2499061576801034
J87	14	9	63	1	1.460819452665315
J88	15	13	17	66	1.2118564890785033
J89	14	6	15	19	1.904475896396959
J90	14	10	26	30	1.5800016690648708
\\ Jobs in machine 9
10
J91	14	5	86	1	2.157880601428809
J92	14	4	41	30	1.605362547828662
J93	14	4	26	1	1.0182032232044724
J94	14	1	28	52	1.3592534574731636
J95	13	14	46	58	0.28128421858616637
J96	14	9	36	47	1.2884085156559162
J97	15	2	71	19	1.3954330300089153
J98	14	9	56	42	1.0591630298025265
J99	13	7	27	30	1.4069018047985518
J100	14	9	81	36	0.9437474884846445
\\ Dependencies 
136
1	4
1	7
3	5
3	9
3	10
4	7
4	8
4	11
5	10
6	8
6	10
6	11
7	11
8	11
12	15
12	16
12	22
12	23
13	18
13	21
14	20
14	21
14	22
15	16
15	19
15	22
16	17
16	19
17	18
17	20
17	23
18	21
18	23
19	20
20	23
24	25
24	28
24	31
24	35
25	31
25	32
26	27
26	30
26	34
27	34
27	35
28	29
28	30
28	32
28	35
29	32
29	35
30	32
30	34
31	34
36	37
36	39
36	40
36	41
36	45
37	39
37	42
37	44
37	45
38	40
38	42
38	44
38	45
39	40
39	42
39	43
40	42
40	45
42	45
44	45
46	49
47	51
47	54
48	49
48	52
48	55
48	56
50	57
51	52
51	53
51	56
51	57
58	59
58	62
58	65
58	68
59	64
59	65
59	67
59	68
61	62
61	63
61	67
63	65
64	65
66	67
70	74
71	72
71	79
72	78
73	74
74	76
75	77
76	79
80	82
80	89
81	83
81	89
82	83
82	86
82	88
83	88
84	85
85	86
87	88
91	93
91	95
91	96
91	98
91	99
92	93
92	95
92	97
92	98
93	96
94	95
94	96
94	97
94	98
95	98
97	99
