\\ machines
5
\\ max power
50
\\ Jobs in machine 1
9
J1	15	11	73	10	1.609165886908161
J2	13	2	72	2	1.105092713912367
J3	14	10	78	9	0.730029319312927
J4	15	4	58	9	2.1290519790415607
J5	15	5	20	11	1.8999159642241144
J6	14	9	4	2	1.0539759091455803
J7	12	8	10	10	2.031911699066641
J8	15	8	77	3	0.3534364244178203
J9	14	11	40	8	0.2852567855445238
\\ Jobs in machine 2
11
J10	15	9	4	1	1.3104306934909167
J11	16	1	8	13	0.26640916425586203
J12	15	4	49	5	1.3978495402800584
J13	15	14	83	5	0.8705918011008891
J14	15	8	82	9	1.0576495454640167
J15	15	13	46	5	1.4726782277226145
J16	15	13	58	10	1.4671976926098875
J17	15	12	91	4	2.097550972695162
J18	15	3	87	9	1.299263384179379
J19	15	13	67	8	0.924966610733696
J20	15	9	29	11	1.1872592197332905
\\ Jobs in machine 3
11
J21	14	11	67	13	0.8863190181111675
J22	15	1	15	12	1.2017526023452678
J23	16	14	91	10	1.018443325381547
J24	14	8	48	12	0.8776887899873916
J25	15	10	19	2	1.4708145383511884
J26	13	9	84	4	1.1780035471400063
J27	14	14	80	12	1.716363085789163
J28	13	14	22	10	1.0501174371566733
J29	15	11	18	9	0.26758843141741295
J30	16	6	105	8	0.9031430104735283
J31	13	12	26	1	1.5637232219904755
\\ Jobs in machine 4
13
J32	15	12	105	4	2.3934585799879446
J33	13	11	31	9	0.7803357982384702
J34	14	5	8	2	1.581447966543981
J35	15	9	85	1	1.2666398810311246
J36	14	8	83	8	1.6369189018055956
J37	14	9	11	7	1.3299532320514187
J38	14	4	78	4	1.1320279768754815
J39	17	14	18	12	1.0673328520437313
J40	14	9	71	1	1.2445752202152374
J41	13	2	72	6	1.2392236873798026
J42	16	3	38	9	0.5698572358678444
J43	15	8	91	5	1.2786782985113896
J44	14	6	40	6	1.500212320249613
\\ Jobs in machine 5
10
J45	15	7	97	2	2.2146855102509644
J46	14	14	2	5	1.1673382261923628
J47	16	1	91	7	0.1
J48	16	2	68	10	1.4058530600373345
J49	14	1	49	12	0.7664657893009483
J50	14	2	57	7	1.5273818836547859
J51	15	10	107	6	1.426734590338139
J52	13	4	45	9	1.420763051865136
J53	13	12	110	12	1.5976420498975368
J54	14	9	53	3	1.2755821863601313
\\ Dependencies 
33
1	9
4	6
4	7
10	12
10	13
12	18
12	20
17	19
22	25
24	27
24	28
24	29
25	31
27	28
27	31
28	31
32	37
32	39
32	43
33	35
33	40
33	41
34	39
35	40
36	37
36	38
36	44
37	42
38	40
41	43
45	46
45	52
45	54
