\\ machines
15
\\ max power
150
\\ Jobs in machine 1
12
J1	15	12	26	74	1.1374196551516125
J2	16	4	36	10	0.6134301792186341
J3	13	3	44	34	1.646464664072785
J4	16	5	25	88	0.4048256504707225
J5	14	7	106	8	1.4811344863087006
J6	15	5	91	18	0.8493876797983904
J7	15	7	84	108	1.1162994660997034
J8	13	14	87	96	1.2043291349890652
J9	16	13	108	58	1.0832554399217265
J10	16	12	64	21	0.6469886829268973
J11	16	5	88	76	0.9840067815628515
J12	15	8	18	32	1.3363911054534547
\\ Jobs in machine 2
12
J13	15	13	32	65	0.8563617629048443
J14	15	5	17	94	0.5100158270276011
J15	15	8	69	59	0.9193623859195069
J16	14	5	45	29	0.7018614862213326
J17	13	11	71	91	0.7088809995249847
J18	13	14	33	33	0.7324191888091824
J19	15	12	89	24	0.9162726206632568
J20	14	11	12	23	0.764446805038042
J21	15	11	92	48	1.9496602304337476
J22	14	6	70	16	1.314793234211602
J23	14	4	31	99	1.8219792512045423
J24	16	4	38	111	1.5354038812277442
\\ Jobs in machine 3
11
J25	15	13	32	32	0.8415712099311283
J26	14	12	97	63	1.061378594695257
J27	15	14	34	88	1.3510898498666581
J28	15	8	64	23	1.1849415604785032
J29	16	8	53	29	1.0197651370566678
J30	15	13	73	27	2.0674651976180325
J31	15	5	61	74	0.7587876608867326
J32	16	13	90	45	0.8235615206965361
J33	15	8	86	91	0.922723558522575
J34	14	11	88	53	1.371457971648455
J35	15	1	5	45	1.0353629853929491
\\ Jobs in machine 4
11
J36	14	4	83	78	1.671274529625081
J37	15	9	41	57	1.0712972209700524
J38	16	12	14	25	1.281602401017181
J39	14	5	81	57	1.17018026388243
J40	16	2	49	41	1.058425467961831
J41	14	8	46	100	1.4853558342085322
J42	16	12	55	51	1.0573918395188175
J43	13	1	38	101	1.05638711976926
J44	15	12	70	70	1.4504243577217686
J45	12	14	83	93	1.0583015050758802
J46	15	5	53	25	0.7819321226249378
\\ Jobs in machine 5
9
J47	13	9	12	35	1.011514085057922
J48	14	13	43	34	1.4702642893244202
J49	14	3	69	37	0.8663018624641797
J50	15	7	34	5	1.4771163754026064
J51	15	7	51	67	1.1961077254187011
J52	14	13	3	110	0.8001354389575855
J53	16	13	70	33	0.9214885101804322
J54	16	10	27	14	0.768134826843959
J55	15	3	80	29	0.9808333796501878
\\ Jobs in machine 6
12
J56	15	1	6	11	1.225919405192237
J57	15	2	94	44	0.7828748612888479
J58	15	4	72	86	0.7781015338014596
J59	16	1	28	19	1.923785240118874
J60	16	8	80	59	1.9717225746150175
J61	15	13	99	43	1.6089044017013165
J62	14	14	97	96	0.5340147772403901
J63	14	6	97	29	1.6507745654327368
J64	14	13	19	4	1.5591315571369804
J65	15	8	38	100	1.033968556327931
J66	15	8	83	37	1.4388709006873206
J67	14	10	27	12	1.1467860298752541
\\ Jobs in machine 7
10
J68	13	9	35	90	0.5014035810796684
J69	14	1	91	22	1.7242054254121753
J70	15	1	99	79	1.1975244674264884
J71	14	13	74	57	0.23681283875665926
J72	13	1	12	90	1.3053099267712556
J73	15	12	77	16	1.8592176003222276
J74	13	13	9	109	1.3666458348670398
J75	15	7	78	55	1.6911894878792082
J76	14	6	67	22	0.9680603893911962
J77	13	5	71	93	1.4163304894988613
\\ Jobs in machine 8
12
J78	14	4	57	109	1.6882226649744123
J79	13	7	22	44	2.032773514025088
J80	17	12	15	36	1.6936859877622714
J81	15	11	51	15	0.8987460587693534
J82	14	6	3	54	1.4745718426268675
J83	14	4	80	38	0.4130680920164451
J84	14	1	55	88	2.516307494739201
J85	14	3	88	86	2.2271378726430386
J86	15	10	76	44	0.5987513152637911
J87	15	6	93	102	0.9738912581800873
J88	17	12	49	103	1.6827400109332085
J89	15	13	61	16	1.5133956313452264
\\ Jobs in machine 9
10
J90	15	11	71	65	1.2109024503230874
J91	13	2	10	2	1.0218880738798373
J92	15	3	69	98	1.553793854077757
J93	13	3	36	41	2.5151455511118597
J94	16	9	68	60	0.4061954330030457
J95	15	8	30	105	0.9477751115019855
J96	16	11	11	12	0.8005664444885515
J97	13	6	46	31	1.9448200390863581
J98	15	4	7	84	0.9665749756306143
J99	14	3	76	36	1.0207034006398585
\\ Jobs in machine 10
12
J100	14	5	79	66	1.4173029857388424
J101	13	2	108	16	1.305980714723229
J102	15	12	97	76	1.387418089020277
J103	15	4	106	60	1.2849197450682033
J104	15	8	86	31	0.7043759266011572
J105	15	14	108	74	1.7575495034611055
J106	13	9	31	107	0.8220310163985597
J107	15	10	89	101	0.9875572835367659
J108	15	4	9	100	1.7200642395760748
J109	13	12	70	1	1.9861273482606565
J110	16	5	94	5	1.562673676278738
J111	14	14	68	102	1.5805612366124964
\\ Jobs in machine 11
10
J112	16	13	26	105	0.31745569493634107
J113	15	14	102	77	0.8581042705034891
J114	13	3	37	88	1.4526995952483963
J115	15	8	68	110	0.8507396151667024
J116	15	6	41	51	1.3096905753837573
J117	14	13	16	38	0.6400158652575219
J118	15	6	104	103	0.7345715297365594
J119	16	9	76	32	1.5631213967623152
J120	15	10	56	19	1.9010528120808825
J121	14	13	53	59	0.4457050875632711
\\ Jobs in machine 12
11
J122	14	2	43	95	0.8843501106452175
J123	14	7	84	4	0.8936347930772913
J124	14	9	62	86	1.816964946143904
J125	14	11	39	101	0.2922289284884507
J126	15	8	92	21	1.7100780268189735
J127	15	13	60	25	1.2195017520747868
J128	13	13	107	39	1.0649266400490176
J129	14	2	62	41	1.844177335114196
J130	14	11	41	15	1.4024297974599342
J131	14	13	110	33	1.2811139825472813
J132	14	14	37	38	1.4185779519882429
\\ Jobs in machine 13
11
J133	14	6	32	99	0.7347119211741737
J134	16	12	106	60	0.9634444116381063
J135	14	13	17	16	0.9220625298698518
J136	15	5	9	113	1.5370739816143792
J137	15	14	11	26	1.5866107929012476
J138	15	8	57	58	1.494982109131117
J139	15	6	41	45	0.5824639352642621
J140	13	8	100	58	0.936136341946104
J141	16	6	27	98	0.803563218948065
J142	15	14	56	4	1.554488323569573
J143	14	12	65	37	1.226162324746871
\\ Jobs in machine 14
11
J144	14	3	41	66	1.5761297403349797
J145	13	10	17	52	0.40635615364398947
J146	14	2	65	56	1.083648758209789
J147	15	10	109	52	0.6153005287951001
J148	13	1	91	17	1.0996869865015522
J149	15	4	93	99	0.9286831165179916
J150	14	3	92	32	1.98631901484591
J151	14	4	91	15	0.8363641992704662
J152	15	12	24	46	1.5195348203604515
J153	16	7	39	37	1.1770103793929954
J154	13	6	82	1	0.6426264316547896
\\ Jobs in machine 15
11
J155	16	12	4	51	0.8305746797862852
J156	15	8	40	13	1.3435605876965782
J157	15	11	2	63	0.9615313174132688
J158	16	13	31	37	0.4756501604072155
J159	13	13	26	76	0.8584501145474401
J160	15	7	46	44	1.0353982116371903
J161	15	4	17	103	0.6614334997485761
J162	16	10	53	4	0.2501476065657722
J163	14	2	71	80	0.6933427475834748
J164	15	5	53	41	1.1945725984902518
J165	14	2	106	23	0.4387180330878563
\\ Dependencies 
751
1	2
1	3
1	4
1	5
1	6
1	7
1	9
1	10
1	11
1	12
2	3
2	4
2	5
2	6
2	7
2	8
2	11
2	12
3	4
3	5
3	6
3	7
3	8
3	9
3	10
3	11
4	5
4	6
4	8
4	9
4	10
4	11
4	12
5	6
5	7
5	8
5	9
5	10
5	11
5	12
6	7
6	8
6	9
6	11
6	12
7	8
7	9
7	10
7	11
7	12
8	9
8	10
8	11
8	12
9	10
9	11
9	12
10	11
10	12
13	14
13	15
13	16
13	17
13	18
13	20
13	21
13	22
13	23
13	24
14	16
14	18
14	19
14	20
14	21
14	22
14	23
14	24
15	16
15	17
15	18
15	19
15	20
15	21
15	22
15	23
15	24
16	17
16	18
16	19
16	20
16	21
16	22
16	23
16	24
17	18
17	19
17	21
17	22
17	23
17	24
18	19
18	20
18	21
18	22
18	23
18	24
19	20
19	23
19	24
20	21
20	22
20	24
21	22
21	23
21	24
22	23
22	24
23	24
25	26
25	27
25	29
25	30
25	31
25	33
25	34
26	27
26	28
26	29
26	30
26	31
26	32
26	33
26	34
26	35
27	28
27	29
27	30
27	31
27	32
27	33
27	34
27	35
28	29
28	30
28	31
28	32
28	33
28	34
28	35
29	30
29	31
29	32
29	33
29	35
30	31
30	32
30	33
30	34
30	35
31	32
31	33
31	34
31	35
32	33
32	34
32	35
33	34
33	35
34	35
36	37
36	38
36	39
36	40
36	41
36	42
36	43
36	44
36	45
37	38
37	39
37	40
37	41
37	43
37	45
37	46
38	40
38	41
38	42
38	43
38	44
38	45
38	46
39	40
39	41
39	44
39	45
40	41
40	42
40	43
40	44
40	45
40	46
41	42
41	43
41	44
41	45
41	46
42	43
42	45
42	46
43	44
43	46
44	45
44	46
45	46
47	48
47	49
47	50
47	51
47	52
47	53
47	54
48	49
48	50
48	51
48	52
48	53
48	54
48	55
49	50
49	51
49	52
49	53
49	54
50	51
50	52
50	53
50	55
51	52
51	53
51	54
51	55
52	53
52	55
53	54
53	55
54	55
56	57
56	58
56	59
56	60
56	61
56	62
56	63
56	64
56	65
56	66
57	58
57	59
57	60
57	61
57	62
57	63
57	64
57	65
57	66
58	59
58	60
58	61
58	62
58	63
58	64
58	65
58	66
58	67
59	61
59	62
59	64
59	65
59	66
59	67
60	62
60	63
60	67
61	62
61	63
61	64
61	65
61	66
61	67
62	63
62	64
62	65
62	66
63	65
63	66
63	67
64	65
64	66
64	67
65	66
65	67
66	67
68	69
68	70
68	71
68	72
68	73
68	74
68	75
68	76
68	77
69	70
69	71
69	73
69	74
69	75
69	76
70	71
70	72
70	73
70	74
70	75
70	76
70	77
71	72
71	73
71	74
71	76
71	77
72	73
72	74
72	75
72	77
73	75
73	76
73	77
74	75
74	76
75	76
75	77
76	77
78	79
78	80
78	81
78	82
78	83
78	84
78	85
78	86
78	87
78	88
78	89
79	80
79	81
79	82
79	83
79	84
79	85
79	86
79	87
79	88
80	81
80	82
80	83
80	84
80	85
80	86
80	87
80	88
80	89
81	82
81	83
81	84
81	85
81	86
81	87
81	88
81	89
82	83
82	84
82	85
82	86
82	87
82	88
82	89
83	84
83	85
83	86
83	87
83	88
83	89
84	85
84	86
84	87
84	88
84	89
85	86
85	87
85	88
85	89
86	87
86	88
86	89
87	88
87	89
88	89
90	91
90	92
90	93
90	94
90	95
90	97
90	98
90	99
91	92
91	93
91	94
91	95
91	97
91	98
91	99
92	93
92	94
92	95
92	96
92	97
92	98
93	94
93	96
93	97
93	98
93	99
94	95
94	96
94	97
94	98
94	99
95	96
95	97
95	98
95	99
96	97
96	99
97	98
97	99
98	99
100	101
100	102
100	103
100	104
100	105
100	106
100	107
100	108
100	110
100	111
101	102
101	103
101	105
101	106
101	107
101	108
101	109
101	110
102	103
102	104
102	105
102	106
102	107
102	108
102	109
102	110
102	111
103	104
103	105
103	106
103	107
103	109
103	110
103	111
104	105
104	106
104	107
104	108
104	109
104	110
104	111
105	106
105	107
105	108
105	109
105	110
106	107
106	108
106	109
106	110
106	111
107	108
107	109
107	110
107	111
108	111
109	110
109	111
110	111
112	113
112	114
112	115
112	116
112	117
112	118
112	119
112	120
112	121
113	114
113	115
113	116
113	117
113	118
113	119
113	120
113	121
114	116
114	117
114	118
114	119
114	120
115	116
115	118
115	120
115	121
116	117
116	118
116	119
116	120
116	121
117	118
117	119
117	120
117	121
118	119
118	120
118	121
119	120
119	121
120	121
122	123
122	124
122	125
122	126
122	128
122	129
122	130
122	131
122	132
123	124
123	125
123	126
123	127
123	129
123	130
123	131
123	132
124	125
124	126
124	127
124	128
124	129
124	130
124	131
124	132
125	126
125	128
125	129
125	130
125	131
125	132
126	127
126	128
126	129
126	130
126	131
126	132
127	128
127	129
127	130
127	131
127	132
128	129
128	130
128	131
128	132
129	130
129	131
129	132
130	131
130	132
131	132
133	134
133	135
133	136
133	137
133	138
133	140
133	141
133	142
133	143
134	135
134	137
134	138
134	139
134	140
134	142
135	137
135	138
135	139
135	140
135	141
135	142
135	143
136	137
136	138
136	139
136	140
136	141
136	142
136	143
137	138
137	140
137	141
137	142
137	143
138	139
138	140
138	141
138	142
138	143
139	140
139	141
139	142
139	143
140	141
140	142
140	143
141	142
141	143
142	143
144	145
144	146
144	147
144	148
144	149
144	150
144	151
144	152
144	153
144	154
145	146
145	147
145	149
145	150
145	151
145	152
145	153
145	154
146	148
146	149
146	150
146	151
146	152
146	153
146	154
147	148
147	149
147	150
147	151
147	152
147	153
147	154
148	149
148	150
148	151
148	153
148	154
149	150
149	151
149	152
149	153
149	154
150	151
150	152
150	153
150	154
151	152
151	153
151	154
152	153
152	154
153	154
155	156
155	157
155	159
155	160
155	161
155	162
155	163
155	164
155	165
156	157
156	158
156	159
156	160
156	162
156	163
156	164
156	165
157	158
157	159
157	161
157	162
157	163
157	164
157	165
158	159
158	160
158	161
158	162
158	163
158	164
158	165
159	160
159	161
159	162
159	163
159	164
159	165
160	162
160	163
160	164
160	165
161	162
161	163
161	164
161	165
162	163
162	164
162	165
163	164
163	165
164	165
