\\ machines
7
\\ max power
70
\\ Jobs in machine 1
10
J1	15	2	13	28	0.734053319556304
J2	15	3	66	2	1.5503994358987643
J3	14	11	43	16	1.8358668037296206
J4	17	9	106	12	1.1475763231727938
J5	15	8	53	16	1.3006310774265195
J6	13	13	98	15	1.0961377964860457
J7	14	9	5	5	1.0748637159159946
J8	15	2	57	10	1.3818857177559523
J9	14	10	59	12	1.1596435283654285
J10	14	5	61	28	1.0616800348331712
\\ Jobs in machine 2
12
J11	15	9	70	11	1.0883454701146662
J12	14	13	46	15	1.0712559694840649
J13	15	11	90	3	1.0444516971536717
J14	13	13	55	10	1.4658928728463656
J15	14	9	70	12	1.8084282375686098
J16	15	14	109	26	0.7566362930849573
J17	15	7	2	20	0.790451007744909
J18	14	1	90	14	0.9504538126014109
J19	15	9	42	26	1.283807533898165
J20	14	7	47	28	1.3724108842805867
J21	16	6	80	26	1.6376873061251367
J22	15	3	18	30	1.9435333627008706
\\ Jobs in machine 3
10
J23	15	11	79	13	1.5197843266229867
J24	13	4	90	35	1.013314334036853
J25	14	12	18	29	0.6567605076845924
J26	15	14	44	16	1.557431493329403
J27	14	9	96	35	1.1703909114654216
J28	15	13	9	26	0.6512883010009257
J29	14	3	64	13	0.3291604417400267
J30	14	10	35	3	0.7593915787558556
J31	14	13	100	3	1.1039835809098992
J32	16	2	58	1	2.0355484887157282
\\ Jobs in machine 4
12
J33	16	2	63	4	0.7205501580605136
J34	14	8	108	10	1.6229836872808596
J35	16	2	32	24	0.7706909093697991
J36	15	6	76	10	1.8945087317470266
J37	13	6	58	11	0.5484514265786854
J38	16	14	82	31	1.2358890464832994
J39	16	4	44	14	1.2190740530922424
J40	14	9	32	30	0.9021878474128384
J41	14	10	71	26	1.3456105965152405
J42	14	10	42	8	1.5581127124992096
J43	14	12	106	19	1.2169811555293355
J44	14	10	102	21	1.845597425734054
\\ Jobs in machine 5
10
J45	14	8	40	10	1.5213599188965805
J46	12	4	32	32	1.2449319088181166
J47	13	6	45	17	2.0050698136758354
J48	15	12	89	8	1.144888745184832
J49	14	12	84	10	0.4237241526248462
J50	14	4	44	29	1.6486551065861916
J51	13	13	107	32	1.0156360210806616
J52	15	3	104	33	0.4268570581316604
J53	15	6	42	22	1.5496459376179665
J54	14	13	103	7	1.3818475384607627
\\ Jobs in machine 6
12
J55	14	10	52	20	1.4537485450167429
J56	14	14	63	26	1.5109537326831854
J57	15	10	47	10	1.0266894510760736
J58	15	4	92	25	1.5627636257922655
J59	12	12	32	10	1.9872638698128835
J60	14	10	106	30	2.174391817969588
J61	15	1	16	4	1.3430955099385327
J62	16	11	38	35	0.1
J63	15	8	30	25	1.163777285679591
J64	16	2	107	35	0.7034232380233465
J65	14	13	72	1	1.5861581768057855
J66	14	1	26	16	1.7254874216030611
\\ Jobs in machine 7
11
J67	14	8	77	1	1.094655524608527
J68	17	14	106	6	1.8095845236194241
J69	14	4	80	27	1.293654174751688
J70	15	11	72	21	0.5679477599957975
J71	14	13	92	27	1.8608153459816572
J72	14	10	13	12	0.8940025070747852
J73	13	10	24	28	0.9533844948531399
J74	15	9	75	22	1.370108611569183
J75	15	12	5	12	0.45864140369178663
J76	14	12	106	23	0.649467669590342
J77	14	10	51	4	0.7974270590938259
\\ Dependencies 
344
1	2
1	3
1	5
1	6
1	7
1	8
1	9
1	10
2	4
2	5
2	6
2	7
2	8
2	9
2	10
3	4
3	5
3	6
3	7
3	8
3	9
3	10
4	5
4	6
4	7
4	8
4	9
4	10
5	6
5	7
5	8
5	9
5	10
6	7
6	8
6	9
6	10
7	8
7	9
7	10
8	9
9	10
11	12
11	13
11	14
11	16
11	17
11	18
11	19
11	20
11	21
11	22
12	13
12	14
12	15
12	17
12	18
12	19
12	20
12	22
13	14
13	15
13	16
13	17
13	18
13	19
13	20
13	21
13	22
14	16
14	17
14	18
14	19
14	21
14	22
15	16
15	17
15	19
15	20
15	21
15	22
16	17
16	18
16	20
16	21
16	22
17	18
17	19
17	20
17	21
17	22
18	19
18	20
18	21
18	22
19	20
19	21
19	22
20	21
20	22
21	22
23	24
23	25
23	26
23	27
23	28
23	29
23	30
23	31
24	25
24	26
24	27
24	28
24	29
24	30
24	31
24	32
25	26
25	27
25	29
25	30
25	31
25	32
26	27
26	28
26	29
26	30
26	31
26	32
27	28
27	29
27	30
27	31
28	29
28	30
28	32
29	30
29	31
29	32
30	31
30	32
31	32
33	34
33	35
33	36
33	38
33	39
33	41
33	42
33	43
33	44
34	36
34	37
34	38
34	39
34	40
34	41
34	42
34	43
34	44
35	36
35	38
35	39
35	40
35	41
35	42
35	43
35	44
36	37
36	38
36	39
36	40
36	41
36	42
36	43
36	44
37	38
37	39
37	40
37	41
37	42
37	43
37	44
38	40
38	41
38	43
38	44
39	40
39	41
39	42
39	43
40	41
40	42
40	43
40	44
41	43
41	44
42	44
43	44
45	46
45	47
45	48
45	49
45	51
45	52
45	53
45	54
46	47
46	48
46	49
46	50
46	52
46	53
46	54
47	48
47	50
47	51
47	52
47	53
47	54
48	50
48	51
48	52
48	54
49	52
50	51
50	52
50	53
50	54
51	53
51	54
52	53
52	54
53	54
55	56
55	57
55	58
55	59
55	60
55	62
55	63
55	64
55	65
55	66
56	57
56	59
56	60
56	61
56	62
56	63
56	64
56	66
57	58
57	59
57	60
57	61
57	62
57	63
57	65
57	66
58	59
58	60
58	61
58	62
58	63
58	65
58	66
59	60
59	61
59	62
59	63
59	64
59	65
59	66
60	61
60	63
60	66
61	62
61	63
61	64
61	65
61	66
62	63
62	64
62	65
62	66
63	64
63	65
64	65
65	66
67	68
67	69
67	70
67	71
67	72
67	73
67	74
67	75
67	76
67	77
68	69
68	70
68	71
68	72
68	73
68	74
68	75
68	76
68	77
69	70
69	71
69	72
69	73
69	74
69	75
69	76
69	77
70	71
70	72
70	73
70	74
70	75
70	76
70	77
71	72
71	73
71	74
71	75
71	76
71	77
72	73
72	74
72	75
72	76
72	77
73	74
73	75
73	76
73	77
74	75
74	76
75	76
75	77
76	77
