\\ machines
9
\\ max power
90
\\ Jobs in machine 1
12
J1	14	13	58	46	0.3398443199763611
J2	15	13	95	26	0.8622102408352399
J3	14	14	55	9	1.5499236316881198
J4	12	6	31	64	1.8492921938554951
J5	13	6	20	17	1.519517096002089
J6	15	8	92	39	1.892185049318436
J7	14	2	98	1	1.4838426175527173
J8	14	12	24	17	1.0547207703948267
J9	14	12	74	55	0.8076608912755154
J10	16	11	24	67	1.1062255556034264
J11	14	10	36	17	0.9461558043981025
J12	14	7	46	30	1.0037916831722846
\\ Jobs in machine 2
10
J13	15	6	28	15	1.4158380160843476
J14	14	11	8	42	1.0118480133832912
J15	15	14	77	56	0.7641078344355186
J16	14	14	8	55	1.3313994299455993
J17	14	9	9	64	1.2467789173473127
J18	15	3	65	59	1.624498766078665
J19	15	5	78	31	0.7838028083931543
J20	16	5	78	3	1.0443883679743102
J21	14	9	58	24	1.4570379299333438
J22	16	7	51	58	1.0426568601893065
\\ Jobs in machine 3
11
J23	14	13	48	47	1.4369271346932162
J24	15	4	5	53	2.404033263068905
J25	13	3	50	14	0.7168348124724682
J26	16	1	23	17	0.82321520344923
J27	16	8	4	7	1.353465351438718
J28	14	12	79	4	1.0608335226380996
J29	14	12	55	61	0.5258535620634163
J30	16	6	3	1	1.194489378885882
J31	14	11	25	63	1.2167744641267078
J32	14	6	25	31	1.0042447551284972
J33	15	12	72	44	0.7747660604839753
\\ Jobs in machine 4
9
J34	16	5	93	67	0.5984885303890906
J35	14	9	40	56	1.2592084699069785
J36	15	6	72	57	1.788090118737637
J37	13	5	49	48	0.7630501652704587
J38	14	10	23	24	1.4773093446454881
J39	14	5	27	60	1.339976188460202
J40	16	8	13	16	1.6841516812043682
J41	14	13	20	45	1.5365621014148365
J42	15	10	20	4	1.2524906342111877
\\ Jobs in machine 5
12
J43	16	11	42	56	1.6503983195159677
J44	14	13	59	13	1.0759597500347333
J45	13	3	47	56	1.164845596705766
J46	14	10	43	12	1.0949379706306317
J47	15	11	14	47	1.3238735045381052
J48	14	11	81	32	1.4495455644552
J49	13	4	87	27	1.854606598615895
J50	15	11	76	68	0.48074955001768627
J51	12	9	85	59	0.9611057109730896
J52	15	1	65	46	1.7783512507069905
J53	13	8	39	25	1.0482408476224934
J54	14	12	33	2	1.8099770346178552
\\ Jobs in machine 6
10
J55	16	9	2	45	1.486664855410685
J56	14	10	5	35	0.8047303845151148
J57	14	9	105	34	1.5714828910604393
J58	15	4	60	35	1.1641874313574614
J59	14	6	12	3	0.9975250670950955
J60	15	14	41	54	1.1523212743884157
J61	15	6	98	18	2.031641115128592
J62	14	5	32	14	1.330496201739718
J63	15	9	73	20	1.2493411980293772
J64	16	5	60	44	1.224786662061881
\\ Jobs in machine 7
11
J65	13	9	98	66	1.5079164877553437
J66	14	10	75	44	0.9223159986525722
J67	14	1	75	34	1.458898739505363
J68	13	5	106	53	2.036724600045677
J69	13	14	76	63	1.4500309750660882
J70	14	9	34	60	1.1463451204494317
J71	14	1	102	18	1.5510511333042776
J72	14	12	74	46	1.3123988199351913
J73	15	10	47	32	0.5206516774830423
J74	14	12	73	41	1.0818492887450701
J75	15	1	81	34	1.894946984386379
\\ Jobs in machine 8
11
J76	15	3	5	38	1.5824915240449209
J77	14	10	19	45	0.7691447564263689
J78	14	8	5	52	1.208988703394931
J79	13	4	102	36	1.0124305821836228
J80	15	12	11	22	1.45116550929536
J81	16	5	90	49	0.20914113966179937
J82	14	5	34	57	1.1604319400958119
J83	14	9	61	27	0.35962620114303345
J84	14	10	57	9	1.0247527495240487
J85	13	11	46	18	0.6288344614230112
J86	13	7	36	66	0.9673670549265753
\\ Jobs in machine 9
10
J87	15	2	66	54	1.4049849649303108
J88	14	7	25	11	1.264492154661737
J89	14	12	104	27	1.3178105957646742
J90	14	8	36	14	1.3133302536443014
J91	13	8	17	37	1.3836266244725948
J92	16	4	28	66	0.5395022613101137
J93	12	5	46	50	1.0086771515034234
J94	15	10	24	66	0.42144467575534506
J95	15	2	31	60	1.810184097035192
J96	14	8	37	11	1.0575449489474837
\\ Dependencies 
39
1	4
1	6
1	11
4	8
6	7
6	8
8	11
13	21
16	19
18	22
25	27
27	30
30	31
35	42
36	40
36	42
37	39
38	40
46	50
47	53
48	50
49	53
55	60
55	62
58	60
65	68
66	70
66	72
68	74
69	70
71	73
76	84
77	86
80	82
83	85
85	86
89	95
91	92
92	96
