\\ machines
10
\\ max power
100
\\ Jobs in machine 1
10
J1	14	1	45	17	1.2093967525458718
J2	15	4	74	23	0.9775919775076869
J3	15	7	15	25	0.8632903667463612
J4	16	2	99	34	1.3096964927916555
J5	17	13	69	1	0.7185453192627898
J6	16	13	82	10	1.705581938835846
J7	14	1	102	48	1.05538633653656
J8	15	4	6	4	2.072621998609322
J9	15	11	92	49	0.5851430487042374
J10	17	13	50	31	0.6146064309873696
\\ Jobs in machine 2
12
J11	15	9	68	2	0.29616434272795955
J12	14	8	15	27	1.3273617895114493
J13	14	13	97	36	1.2845149844810617
J14	14	11	14	49	1.1430347804514707
J15	17	5	91	25	0.6832198963599005
J16	13	7	71	2	1.1823805328428032
J17	12	11	76	13	1.438108788192214
J18	15	9	83	20	1.16950677918799
J19	15	5	34	28	0.4185762609198186
J20	12	6	71	12	1.3464280458163347
J21	14	4	93	8	0.6277819078943488
J22	12	4	74	37	1.015930869763493
\\ Jobs in machine 3
10
J23	15	2	69	31	1.939681326120344
J24	15	2	56	18	1.5212354666800898
J25	14	5	20	46	1.8449039059060384
J26	16	7	59	30	1.110466622140841
J27	13	8	10	24	1.057270644782011
J28	15	9	19	44	1.8077016754239152
J29	15	14	15	12	1.7990559445553282
J30	15	7	46	4	1.8686635015165094
J31	15	10	68	41	0.7408652499742394
J32	13	10	24	9	0.7447375550653211
\\ Jobs in machine 4
11
J33	15	9	57	12	1.2330089951792824
J34	14	7	63	11	1.4170912945197949
J35	13	3	52	22	1.637678430846787
J36	13	4	32	35	1.3066639461516374
J37	15	6	2	23	1.357795550113112
J38	15	14	26	29	0.6603240568252708
J39	15	14	71	25	1.3087631948708252
J40	14	7	58	33	1.4257748946543347
J41	14	14	67	48	1.3563624799196745
J42	12	3	13	28	1.1042520926428243
J43	15	3	81	25	0.6968580205364905
\\ Jobs in machine 5
11
J44	14	3	106	21	1.644889972012056
J45	14	1	27	43	0.9900253065793542
J46	14	14	10	46	2.099641449658764
J47	15	4	89	7	0.315298037764996
J48	14	12	49	42	0.5971260362050019
J49	14	13	89	26	0.6059389011131707
J50	14	10	78	26	1.3241941709671063
J51	15	10	38	25	1.0615491977716416
J52	14	5	91	47	1.7334956727879642
J53	14	2	36	14	1.1009047219772816
J54	16	5	43	41	1.2102365218163218
\\ Jobs in machine 6
9
J55	17	14	31	47	1.5582344756050164
J56	15	6	34	13	1.6856554329370297
J57	15	12	19	16	0.30368366940910574
J58	16	5	2	35	1.782373590877435
J59	15	6	94	1	0.7967868164329025
J60	15	11	4	8	0.7116252766269806
J61	14	14	81	49	0.7463295879430488
J62	15	14	76	11	1.4928683774978824
J63	15	1	70	40	0.3922405687102736
\\ Jobs in machine 7
10
J64	16	12	90	25	0.8152089468348378
J65	16	10	71	8	1.3774763124342337
J66	14	7	102	34	1.4972982813474733
J67	14	8	24	33	1.1591957408544806
J68	13	11	30	11	1.0339366735866797
J69	14	3	45	19	1.7978598368376892
J70	15	9	53	10	0.693376725297521
J71	12	7	18	7	0.6857282527879411
J72	14	6	83	32	0.9275160713592594
J73	15	1	5	42	1.059669302887057
\\ Jobs in machine 8
10
J74	15	10	27	25	1.2595824774926772
J75	15	3	97	8	1.690233860931771
J76	12	3	93	25	1.7801578613518874
J77	13	5	52	20	1.067798555521588
J78	14	1	97	18	0.5976479379017129
J79	16	3	62	33	1.2146745390771851
J80	15	8	8	21	1.1443587726570874
J81	15	1	53	15	1.792319163601098
J82	15	13	37	5	1.308132797605851
J83	15	6	109	17	1.0548151912399153
\\ Jobs in machine 9
11
J84	14	13	23	14	0.47991235246146524
J85	15	11	56	37	0.8622738205260555
J86	16	12	12	20	1.283682771312987
J87	16	12	99	24	0.7193899768853034
J88	12	5	51	9	0.1966009147765002
J89	16	3	53	27	1.7967097215897796
J90	15	9	105	15	1.8069787388207654
J91	14	4	48	44	1.158954850824453
J92	15	1	80	25	1.0945731595847017
J93	13	9	108	8	2.0898123130552877
J94	15	10	71	1	1.8394108825506508
\\ Jobs in machine 10
10
J95	11	9	102	9	1.3683542424926813
J96	16	13	10	25	1.496789339584039
J97	15	13	39	15	1.0574081077003368
J98	15	12	74	36	1.2695830702376936
J99	16	2	35	8	1.6131385050929758
J100	16	3	101	35	1.1701810239449937
J101	13	10	87	9	0.9473503199872133
J102	15	11	24	48	0.34347371255755876
J103	14	1	98	20	1.091643979149398
J104	14	12	25	12	1.0785634169744305
\\ Dependencies 
455
1	2
1	3
1	4
1	6
1	7
1	8
1	9
1	10
2	3
2	4
2	5
2	7
2	8
2	9
2	10
3	4
3	6
3	7
3	8
3	9
3	10
4	5
4	6
4	7
4	8
4	9
4	10
5	6
5	7
5	8
5	9
6	7
6	8
6	9
6	10
7	8
7	10
8	9
8	10
9	10
11	13
11	14
11	15
11	16
11	19
11	20
11	21
11	22
12	13
12	14
12	15
12	16
12	17
12	18
12	19
12	20
12	21
12	22
13	14
13	15
13	16
13	17
13	18
13	19
13	20
13	21
13	22
14	15
14	16
14	17
14	18
14	19
14	20
14	21
14	22
15	16
15	17
15	18
15	19
15	20
15	22
16	17
16	18
16	19
16	20
16	21
16	22
17	18
17	19
17	20
17	21
17	22
18	19
18	20
18	21
18	22
19	20
19	21
19	22
20	21
20	22
21	22
23	24
23	25
23	26
23	27
23	28
23	29
23	30
23	31
23	32
24	25
24	26
24	27
24	28
24	29
24	30
24	31
24	32
25	26
25	28
25	29
25	30
25	31
25	32
26	27
26	28
26	29
26	30
26	31
26	32
27	28
27	29
27	30
27	31
27	32
28	29
28	30
28	31
28	32
29	30
29	31
29	32
30	31
30	32
31	32
33	34
33	35
33	36
33	37
33	38
33	39
33	40
33	41
33	42
33	43
34	35
34	36
34	37
34	38
34	39
34	40
34	41
34	43
35	36
35	37
35	38
35	39
35	40
35	41
35	42
35	43
36	38
36	39
36	40
36	41
36	42
36	43
37	38
37	39
37	40
37	41
37	42
37	43
38	39
38	41
38	42
38	43
39	40
39	41
39	42
39	43
40	41
40	42
40	43
41	42
41	43
42	43
44	45
44	46
44	47
44	49
44	51
44	52
44	53
44	54
45	46
45	48
45	49
45	50
45	51
45	52
45	53
45	54
46	47
46	48
46	49
46	50
46	51
46	52
46	53
46	54
47	48
47	49
47	51
47	52
47	53
47	54
48	49
48	50
48	51
48	52
48	53
48	54
49	51
49	52
49	53
49	54
50	51
50	52
50	53
50	54
51	52
51	53
51	54
52	53
52	54
55	56
55	57
55	58
55	59
55	60
55	61
55	62
55	63
56	57
56	58
56	59
56	60
56	61
56	62
56	63
57	58
57	59
57	60
57	61
57	62
57	63
58	59
58	60
58	62
58	63
59	60
59	61
59	62
59	63
60	61
60	62
61	62
61	63
62	63
64	65
64	66
64	68
64	69
64	70
64	71
64	72
65	66
65	67
65	68
65	69
65	70
65	71
65	72
65	73
66	67
66	68
66	69
66	70
66	71
66	72
66	73
67	68
67	69
67	70
67	71
67	72
68	69
68	70
68	71
68	72
68	73
69	70
69	71
69	72
69	73
70	71
70	72
70	73
71	72
71	73
72	73
74	75
74	76
74	77
74	78
74	79
74	80
74	81
74	82
75	76
75	77
75	78
75	79
75	80
75	81
75	83
76	77
76	78
76	80
76	81
76	82
76	83
77	78
77	79
77	80
77	81
77	82
77	83
78	79
78	80
78	81
78	82
78	83
79	80
79	81
79	82
79	83
80	81
80	82
80	83
81	82
81	83
82	83
84	85
84	86
84	87
84	88
84	89
84	90
84	91
84	92
84	93
84	94
85	87
85	88
85	89
85	90
85	91
85	92
85	93
86	87
86	88
86	89
86	90
86	91
86	92
86	93
86	94
87	88
87	89
87	90
87	91
87	92
87	93
87	94
88	90
88	91
88	92
88	93
88	94
89	90
89	91
89	92
89	93
90	91
90	92
90	93
90	94
91	92
91	93
92	93
92	94
93	94
95	96
95	97
95	98
95	100
95	102
95	103
95	104
96	97
96	98
96	100
96	101
96	102
96	103
96	104
97	98
97	99
97	100
97	101
97	102
97	103
97	104
98	99
98	100
98	101
98	102
98	103
99	100
99	102
99	103
99	104
100	101
100	102
100	103
100	104
101	102
101	103
101	104
102	103
102	104
103	104
