\\ machines
15
\\ max power
150
\\ Jobs in machine 1
11
J1	14	7	50	20	1.6343394503209203
J2	13	4	74	10	0.8233491361723095
J3	15	7	90	2	0.5989545678962971
J4	15	11	35	16	1.3086191576096002
J5	14	3	67	2	1.790230450690218
J6	14	5	85	34	1.042202087692013
J7	14	1	106	37	1.760425854375106
J8	15	11	108	31	1.7122469878073767
J9	14	1	27	21	1.3711222722061016
J10	15	11	53	15	0.5397366913322814
J11	16	8	5	17	1.5927707390891142
\\ Jobs in machine 2
10
J12	15	13	77	15	1.4453571614801428
J13	14	5	60	1	1.9543093788784347
J14	14	3	6	4	2.0158841595748775
J15	14	8	44	32	1.5396556365325949
J16	14	14	21	37	1.0782800178035479
J17	15	9	106	26	2.74400858939197
J18	13	13	83	17	1.4253953959793035
J19	16	5	58	16	0.9884151447462058
J20	14	14	6	26	0.7594132898417036
J21	15	1	25	2	1.0436293147431484
\\ Jobs in machine 3
10
J22	15	10	84	26	0.14741689997232066
J23	16	13	34	11	1.8431470520286595
J24	16	12	83	20	0.990870093202874
J25	14	10	23	30	1.399794248807318
J26	14	3	105	30	1.3781322449021842
J27	16	14	62	12	1.4633395455189149
J28	15	6	45	13	1.3386293464802304
J29	13	13	33	19	2.4745983650780916
J30	15	10	84	30	1.2468358914132733
J31	14	13	67	32	1.3472561823627198
\\ Jobs in machine 4
12
J32	16	11	41	21	1.296070072764745
J33	15	13	70	33	1.4867857688108606
J34	14	7	16	18	1.0937829947634188
J35	16	10	64	33	1.008739207040867
J36	16	2	18	23	1.02991821660285
J37	12	6	85	12	1.2308562031087895
J38	14	2	31	20	0.5902780055978658
J39	16	11	40	17	1.211461947621977
J40	17	13	36	11	0.8993735392975771
J41	14	1	72	21	0.5848519134687269
J42	15	5	24	21	0.8224884799100622
J43	14	7	40	20	0.6042072393434396
\\ Jobs in machine 5
11
J44	16	12	8	24	0.8805271122632206
J45	14	3	38	37	0.1541523298959937
J46	15	4	37	18	1.9850486271309253
J47	14	14	31	34	1.647581489819044
J48	14	1	13	25	0.8858483652287388
J49	15	8	29	28	0.6894490005660016
J50	15	10	64	31	0.2551368536659355
J51	14	3	24	18	1.0972950562526351
J52	15	11	55	17	1.5610830757770522
J53	15	12	35	2	0.9127792220784401
J54	14	4	93	16	1.5802007902215776
\\ Jobs in machine 6
9
J55	15	14	96	29	1.55399802045585
J56	14	4	78	1	0.5389345262442466
J57	15	3	79	18	2.3162940871202577
J58	14	2	75	34	1.2518487758676828
J59	14	13	97	18	1.1837422597049656
J60	15	14	68	3	1.19318787122779
J61	14	1	32	10	1.8840051765382864
J62	15	14	78	11	1.408787504198401
J63	14	5	18	29	0.4635046888217381
\\ Jobs in machine 7
10
J64	14	6	17	30	0.5019924897198553
J65	15	7	71	4	1.2325967792986885
J66	15	3	3	4	1.0338278020391416
J67	16	13	108	36	0.7207732755283638
J68	16	2	56	31	0.7899652357746272
J69	14	3	98	9	1.582049724586829
J70	16	10	42	1	1.156772061155793
J71	13	1	106	25	1.5035800318736134
J72	15	12	80	11	1.1833399323170841
J73	16	5	8	7	1.3098119367146777
\\ Jobs in machine 8
12
J74	15	12	57	32	1.5365779577135301
J75	14	7	6	35	1.0499333132336006
J76	13	13	94	14	1.5818543414509723
J77	15	6	52	33	1.039701596028445
J78	15	7	80	15	0.9871024028099026
J79	15	13	59	21	0.1
J80	15	1	93	12	0.3903797516296984
J81	14	7	55	37	1.4380450235231632
J82	14	5	68	10	0.5960027172138453
J83	13	11	75	28	1.030156893382976
J84	13	7	5	17	0.586202345773739
J85	13	10	79	7	0.9964254229127356
\\ Jobs in machine 9
10
J86	16	14	31	13	1.5805345592085804
J87	14	14	44	7	1.3214102283206683
J88	15	7	42	25	2.2671447384965777
J89	14	4	68	26	0.5448353694440967
J90	14	2	98	26	1.5436547333074535
J91	14	4	10	30	0.6208521916786538
J92	15	10	66	2	1.5869950168908504
J93	14	10	90	4	0.7927907734042745
J94	13	4	62	11	0.2648479139636386
J95	13	4	41	26	1.2662869085337949
\\ Jobs in machine 10
11
J96	14	4	68	21	1.6228314661682166
J97	15	1	65	4	0.8451186665247578
J98	16	2	63	6	1.9995786346776203
J99	13	11	79	30	0.5570228263442246
J100	15	9	9	2	1.1920606403103156
J101	16	2	48	26	1.243925230598821
J102	14	4	45	20	0.5259907127764244
J103	15	3	82	23	1.9229892491180116
J104	16	13	40	25	1.0176121177359294
J105	13	3	18	1	0.9514074074457111
J106	13	9	71	30	1.3110225379542333
\\ Jobs in machine 11
11
J107	14	5	71	8	0.7923231941453128
J108	15	4	20	34	0.8359939572943957
J109	15	12	47	18	1.5915991124877986
J110	14	11	95	12	1.2375519625483085
J111	14	6	104	37	0.7825937665368263
J112	16	5	33	14	1.6945391813750712
J113	14	13	79	18	1.5041299140233737
J114	14	13	109	13	1.3352058360779042
J115	14	7	81	30	0.2766710857177058
J116	15	12	71	8	0.9361357473940333
J117	17	3	30	36	1.2326682226142718
\\ Jobs in machine 12
13
J118	14	12	104	9	1.5950252793594513
J119	14	5	93	23	0.5148699138599058
J120	12	12	48	4	1.2155980354678313
J121	14	7	89	28	0.3843971881167293
J122	14	7	108	6	2.0277014564589786
J123	15	14	38	37	1.5030447826016289
J124	15	2	32	1	1.3462056947203045
J125	13	4	70	5	1.2977569303669831
J126	14	2	50	25	0.1
J127	14	1	22	18	0.8248128104564174
J128	13	10	12	20	1.0905447760671072
J129	14	12	7	10	1.6189637906585825
J130	14	8	99	26	1.8885595172855445
\\ Jobs in machine 13
11
J131	15	6	58	26	0.7437467384686949
J132	15	3	6	19	0.17180421500313203
J133	15	4	33	38	1.6231222185735454
J134	14	13	7	11	1.2304236770655885
J135	13	6	26	25	0.7961013359501767
J136	14	6	20	33	1.5737760624535715
J137	14	5	9	30	2.2334684343565465
J138	16	11	90	28	1.1853120266176458
J139	12	11	98	22	0.71127385386561
J140	13	7	5	17	1.3077818784577364
J141	14	3	8	25	1.5766712130678808
\\ Jobs in machine 14
13
J142	12	4	44	33	1.6647932382601827
J143	14	1	13	14	1.0465127837966977
J144	14	13	79	27	0.1
J145	14	9	59	13	0.6080293253230077
J146	15	12	95	20	1.5948153341203626
J147	14	8	50	13	1.2552565147325458
J148	14	4	37	20	1.3425071832122488
J149	15	14	53	27	1.086157426842877
J150	15	3	10	21	0.2641059339248132
J151	15	9	54	32	1.030989848196764
J152	14	3	54	28	2.280816832701564
J153	15	9	76	35	1.8842722188378362
J154	14	6	37	30	1.7711663373823807
\\ Jobs in machine 15
11
J155	16	1	18	7	1.2856787974210404
J156	16	3	23	5	1.781645574290663
J157	14	8	80	38	1.311319818903601
J158	14	6	2	11	1.3301816471791643
J159	14	14	48	4	0.8193498428706221
J160	15	11	83	7	1.3199923907114102
J161	15	8	102	20	1.1873080544344008
J162	14	8	38	20	1.2131345397339326
J163	14	3	29	18	1.5752017513572794
J164	17	4	6	31	1.706035719125054
J165	15	9	97	38	0.27329985774913657
\\ Dependencies 
673
1	3
1	4
1	5
1	6
1	8
1	9
1	10
1	11
2	4
2	5
2	6
2	7
2	8
2	9
2	10
3	4
3	6
3	7
3	8
3	10
3	11
4	5
4	6
4	8
4	9
4	10
4	11
5	6
5	7
5	8
5	9
5	10
5	11
6	7
6	8
6	9
6	10
6	11
7	8
7	9
7	11
8	9
8	10
8	11
10	11
12	15
12	16
12	17
12	18
12	19
12	20
12	21
13	14
13	15
13	16
13	17
13	18
13	21
14	16
14	17
14	18
14	19
14	20
14	21
15	16
15	18
15	19
15	20
16	17
16	18
16	19
16	21
17	19
17	20
17	21
18	19
18	20
18	21
19	20
19	21
20	21
22	23
22	24
22	26
22	27
22	29
22	30
22	31
23	24
23	25
23	26
23	27
23	29
23	30
23	31
24	26
24	27
24	28
24	29
24	30
24	31
25	26
25	27
25	28
25	29
25	30
25	31
26	27
26	28
26	29
26	30
26	31
27	28
27	29
27	30
27	31
28	29
28	30
28	31
29	31
32	36
32	37
32	38
32	39
32	40
32	41
32	42
32	43
33	34
33	35
33	36
33	39
33	41
33	43
34	35
34	36
34	37
34	38
34	39
34	42
34	43
35	36
35	37
35	38
35	40
35	42
35	43
36	37
36	38
36	39
36	40
36	41
36	42
36	43
37	38
37	39
37	40
37	41
37	43
38	40
38	41
38	42
39	40
39	41
39	42
39	43
40	41
40	42
40	43
41	42
41	43
42	43
44	45
44	46
44	47
44	49
44	50
44	51
44	52
44	53
44	54
45	46
45	47
45	49
45	50
45	51
45	52
45	53
45	54
46	48
46	50
46	51
46	52
46	53
46	54
47	48
47	49
47	50
47	51
47	53
47	54
48	49
48	50
48	51
48	53
48	54
49	51
49	52
49	53
49	54
50	51
50	52
50	53
50	54
51	52
51	53
51	54
52	54
53	54
55	57
55	58
55	59
55	61
55	62
55	63
56	57
56	58
56	59
56	62
57	58
57	59
57	60
57	61
57	62
58	61
58	62
58	63
59	60
59	61
59	62
60	61
60	62
60	63
61	62
61	63
62	63
64	66
64	67
64	68
64	69
64	70
64	71
64	72
64	73
65	66
65	67
65	68
65	71
65	72
65	73
66	67
66	68
66	69
66	70
66	71
66	73
67	68
67	69
67	70
67	71
67	73
68	69
68	70
68	71
68	73
69	70
69	71
69	72
69	73
70	71
70	72
70	73
72	73
74	75
74	76
74	77
74	78
74	80
74	82
74	83
74	84
74	85
75	76
75	77
75	78
75	79
75	80
75	81
75	82
75	84
75	85
76	77
76	78
76	79
76	80
76	81
76	82
76	84
76	85
77	78
77	80
77	81
77	82
77	83
77	84
77	85
78	80
78	81
78	82
78	84
78	85
79	80
79	81
79	82
79	85
80	81
80	82
80	83
80	84
80	85
81	82
81	83
81	84
81	85
82	84
82	85
83	84
83	85
84	85
86	87
86	88
86	91
86	94
86	95
87	88
87	89
87	90
87	92
87	93
87	94
87	95
88	90
88	91
88	92
88	93
88	95
89	90
89	91
89	92
89	93
89	94
89	95
90	91
90	92
90	93
90	94
91	94
91	95
92	93
92	94
92	95
93	94
93	95
94	95
96	97
96	98
96	99
96	100
96	101
96	102
96	103
96	105
96	106
97	98
97	99
97	101
97	102
97	106
98	99
98	100
98	101
98	102
98	103
98	104
98	105
99	100
99	103
99	104
99	105
99	106
100	101
100	102
100	103
100	104
100	105
100	106
101	103
101	104
101	106
102	103
102	104
102	106
103	104
103	106
104	105
104	106
105	106
107	108
107	110
107	111
107	112
107	114
107	115
107	116
107	117
108	109
108	110
108	111
108	112
108	114
108	115
108	116
108	117
109	110
109	111
109	112
109	113
110	111
110	112
110	114
110	116
110	117
111	112
111	113
111	114
111	115
111	116
112	114
112	116
112	117
113	114
113	115
113	116
113	117
114	115
114	116
114	117
115	116
115	117
116	117
118	119
118	120
118	121
118	123
118	125
118	127
118	128
118	129
118	130
119	120
119	121
119	122
119	123
119	124
119	126
119	127
119	128
119	129
119	130
120	123
120	126
120	127
120	128
120	129
121	122
121	123
121	124
121	125
121	126
121	128
121	129
121	130
122	124
122	125
122	127
122	128
122	129
122	130
123	124
123	125
123	126
123	127
123	128
123	129
123	130
124	125
124	126
124	128
124	130
125	126
125	127
125	128
125	130
126	127
126	128
126	130
127	128
127	129
127	130
128	129
128	130
129	130
131	132
131	133
131	134
131	135
131	136
131	139
131	140
131	141
132	133
132	134
132	137
132	138
132	139
132	140
132	141
133	134
133	135
133	137
133	138
133	139
133	140
133	141
134	136
134	138
134	139
134	140
134	141
135	136
135	137
135	138
135	139
135	140
135	141
136	138
136	139
136	141
137	138
137	139
137	140
137	141
138	139
138	140
138	141
139	141
140	141
142	143
142	144
142	145
142	146
142	147
142	148
142	149
142	150
142	151
142	153
142	154
143	144
143	145
143	147
143	149
143	151
143	152
143	153
143	154
144	145
144	146
144	147
144	149
144	150
144	152
145	146
145	147
145	148
145	149
145	150
145	152
145	153
145	154
146	147
146	148
146	149
146	150
146	151
146	154
147	148
147	150
147	151
147	152
147	153
147	154
148	149
148	152
149	150
149	151
149	152
149	153
149	154
150	151
150	152
150	153
150	154
151	152
151	153
151	154
152	153
152	154
153	154
155	157
155	158
155	159
155	160
155	161
155	162
155	163
155	164
155	165
156	157
156	158
156	159
156	161
156	162
156	163
156	164
156	165
157	158
157	159
157	160
157	163
157	165
158	159
158	160
158	161
158	162
158	163
158	164
158	165
159	161
159	162
159	163
159	164
159	165
160	161
160	165
161	162
161	163
161	164
162	163
162	164
162	165
163	165
164	165
