\\ machines
7
\\ max power
70
\\ Jobs in machine 1
11
J1	13	7	60	31	1.876757263940807
J2	16	7	6	45	1.1722860011478793
J3	17	13	32	37	1.7375055071117305
J4	14	6	101	12	1.9254074103909282
J5	15	13	65	46	0.9599863279209674
J6	15	4	68	13	1.4702947211690272
J7	15	11	71	15	1.8197604534225738
J8	14	4	102	12	1.9950043630962502
J9	16	8	76	18	1.6166249691160948
J10	14	5	40	26	0.6099418228651602
J11	14	4	96	8	1.1977642357939762
\\ Jobs in machine 2
13
J12	15	8	104	6	1.3592014949968034
J13	15	8	75	15	0.6102488224344627
J14	14	13	24	20	1.1627870018441668
J15	16	9	89	38	0.6853100848368815
J16	14	6	83	28	1.3952569352633577
J17	14	12	110	26	1.5601747262316514
J18	15	6	18	34	1.422364535669245
J19	14	3	104	43	0.9272576736342433
J20	15	3	74	51	1.473773714650258
J21	14	6	31	43	1.7229663370664277
J22	15	9	103	50	0.28748861252262736
J23	14	4	31	37	1.1832025627161424
J24	14	9	94	9	1.3841802027854413
\\ Jobs in machine 3
10
J25	14	11	89	33	0.5933309790374199
J26	16	5	97	52	1.2494555526459838
J27	15	11	23	24	1.1400864968328104
J28	15	14	31	18	0.8233565839249912
J29	14	5	93	47	0.9584385808142692
J30	15	5	71	5	0.7744541199862267
J31	14	5	108	36	2.2573597073394804
J32	16	14	66	12	1.1633319313013182
J33	17	12	23	23	1.1886521154722862
J34	17	7	45	35	1.9981504601834206
\\ Jobs in machine 4
12
J35	13	4	26	22	0.33575291370370763
J36	15	9	69	32	1.3455670694635176
J37	14	4	60	48	0.8923442040316962
J38	14	7	88	28	0.9908526345126547
J39	14	8	102	13	1.3967455692731037
J40	15	11	2	50	0.8071904676430581
J41	15	10	50	7	1.4788685607628338
J42	14	6	4	50	1.1019964128705464
J43	14	11	100	26	1.3889577573962466
J44	15	11	18	19	1.1866420757283518
J45	15	3	17	11	1.3670656454639665
J46	16	1	81	34	1.6976397212094918
\\ Jobs in machine 5
13
J47	15	10	49	40	1.1045526369236502
J48	14	7	38	7	1.969702605823671
J49	17	6	27	7	1.3998065095701397
J50	15	7	79	21	0.5069937508024668
J51	15	9	79	22	0.9644822750947326
J52	15	14	47	2	1.5860087986278255
J53	15	6	20	6	0.8540414113063373
J54	15	3	62	39	0.1
J55	16	6	48	51	1.6975957504313886
J56	13	11	18	20	1.0989230500449387
J57	14	3	47	35	1.3147393056712164
J58	16	5	26	30	1.1622105925710406
J59	15	2	29	46	1.6977868385465278
\\ Jobs in machine 6
12
J60	15	3	82	51	1.0443069736735915
J61	12	10	16	39	1.2460842617624768
J62	14	5	110	26	2.2702651702472734
J63	15	11	5	17	1.5797588456092793
J64	15	6	41	47	1.3352200167486115
J65	14	14	60	17	1.4912191113998159
J66	14	10	40	3	1.6348068794828956
J67	16	13	32	39	1.5775756763876478
J68	14	1	74	25	0.9106334860054239
J69	16	2	37	10	0.2302415212229163
J70	13	2	18	28	1.6045527978984961
J71	16	6	71	52	1.6606684516192394
\\ Jobs in machine 7
11
J72	14	5	28	28	2.8173125219450648
J73	15	5	101	48	1.380660570408444
J74	14	11	69	43	0.9304302698634652
J75	15	12	110	27	1.7855827403495095
J76	14	9	28	22	0.9586433779257753
J77	15	10	47	32	1.0836958046067862
J78	15	6	89	15	0.1
J79	15	1	2	31	1.4251886119196315
J80	16	8	58	29	1.1338175941426591
J81	14	12	66	8	1.1745194184437557
J82	15	4	37	47	1.310534671825292
\\ Dependencies 
228
1	2
1	3
1	4
1	5
1	8
1	10
2	3
2	5
2	9
2	10
3	6
3	11
4	7
4	11
5	6
5	8
5	10
6	7
6	8
6	9
6	11
7	8
9	10
9	11
10	11
12	15
12	19
12	20
12	22
13	17
13	18
14	15
14	16
14	17
14	18
14	19
14	23
14	24
15	16
15	18
15	19
15	22
15	24
16	21
16	22
17	18
17	21
17	23
18	20
18	22
19	20
19	22
19	23
21	22
21	23
21	24
22	23
22	24
25	28
25	30
25	32
25	34
26	27
26	28
26	29
26	31
26	32
26	34
27	29
27	31
27	34
28	33
28	34
29	34
30	31
30	33
30	34
31	32
31	33
35	36
35	37
35	40
35	41
35	44
35	46
36	37
36	39
36	40
36	41
37	38
37	41
37	44
37	45
37	46
38	39
38	40
38	41
38	42
38	43
38	44
38	45
38	46
39	40
39	41
39	42
39	43
39	44
39	46
40	43
40	44
40	45
41	42
41	46
43	45
43	46
44	45
44	46
45	46
47	48
47	50
47	54
47	55
47	57
47	58
47	59
48	49
48	50
48	52
48	54
48	58
48	59
49	52
49	53
49	54
49	55
49	56
49	57
49	59
50	54
50	56
50	59
51	52
51	54
51	55
51	56
51	57
51	58
51	59
52	55
52	56
52	58
52	59
53	57
54	55
54	58
55	57
55	58
55	59
56	57
57	59
58	59
60	61
60	65
60	66
60	68
60	69
61	63
61	64
61	66
61	67
61	68
61	70
62	64
62	67
62	70
62	71
63	65
63	66
63	67
63	70
63	71
64	65
64	66
64	67
64	68
64	69
64	71
65	68
65	69
65	70
65	71
66	67
66	68
66	70
66	71
67	70
68	70
68	71
69	70
70	71
72	73
72	74
72	75
72	76
72	81
73	75
73	76
73	77
73	79
73	80
73	81
74	75
74	76
74	80
75	77
75	78
75	79
75	80
75	81
76	79
76	81
77	78
77	80
77	81
78	80
79	82
80	81
81	82
