\\ machines
15
\\ max power
150
\\ Jobs in machine 1
10
J1	16	6	84	74	1.5631645537370007
J2	15	4	42	51	0.8906146213748378
J3	16	14	8	12	1.2770165136372649
J4	14	13	93	36	0.38019685483635735
J5	15	14	44	4	0.3004190629696697
J6	15	12	91	8	1.5434940153271797
J7	15	14	14	21	1.4873800924224714
J8	15	14	84	40	1.5555124570020666
J9	14	14	58	56	1.8721941963304052
J10	16	13	90	7	2.38118703952736
\\ Jobs in machine 2
11
J11	14	10	77	44	1.7366422809266777
J12	15	8	50	1	2.0273619474620386
J13	15	9	2	73	0.9291515982632113
J14	13	7	94	64	1.9303836292683207
J15	13	3	33	43	1.7017644477824674
J16	12	8	69	20	0.6255461127537413
J17	15	5	95	30	0.7934702636482449
J18	16	13	51	53	1.2057035036552382
J19	16	4	59	15	1.8167962283070525
J20	16	6	108	57	1.458153114270786
J21	15	9	83	2	1.128156554440267
\\ Jobs in machine 3
11
J22	15	6	13	32	1.7163647076162443
J23	14	3	21	7	0.6189736348306033
J24	14	6	101	41	0.1723241340300632
J25	16	2	24	28	2.1405763188717417
J26	14	8	37	51	0.997353490616988
J27	15	12	65	37	1.2115839985806267
J28	15	7	106	22	1.4386298834207658
J29	15	6	81	1	0.5607872769891669
J30	15	6	17	51	2.1807244813731845
J31	15	4	84	18	0.3672076913336164
J32	14	11	65	65	1.6273727845762698
\\ Jobs in machine 4
11
J33	16	9	99	42	2.005211568419312
J34	13	10	46	71	0.9327047702897263
J35	16	3	44	30	0.795651353671472
J36	14	5	31	61	1.6643748517722443
J37	14	11	109	26	1.2918339589497208
J38	14	10	101	66	0.7276886711466586
J39	16	9	69	33	0.7046408571156073
J40	14	2	67	25	0.5536151270964208
J41	16	14	43	36	1.2777786574813554
J42	16	2	28	75	1.3218548502434215
J43	14	2	73	58	1.6433863680592324
\\ Jobs in machine 5
11
J44	17	2	108	55	0.6021729780904763
J45	13	7	84	58	1.3925495214225279
J46	14	13	85	17	1.3971788875669078
J47	14	2	59	22	0.9280172415525981
J48	15	2	25	49	0.5551216429827956
J49	13	8	104	70	0.20192004067245473
J50	12	6	32	63	0.8645220275312357
J51	15	5	52	26	1.6414677666408366
J52	16	6	100	42	2.387331632161688
J53	12	3	78	2	1.6779276957273823
J54	14	14	43	5	0.9148048914548432
\\ Jobs in machine 6
11
J55	13	5	9	51	1.2679096533123513
J56	15	6	51	44	1.210306700757034
J57	14	2	109	64	1.1980282946034007
J58	15	9	67	14	1.2649772848410188
J59	15	5	7	18	1.7213698159721544
J60	15	13	93	62	1.6879964431116534
J61	14	12	79	36	1.0670049905429426
J62	16	5	73	13	1.6385762514749318
J63	13	5	23	3	1.5463158814388482
J64	15	7	30	2	0.6272177765213156
J65	15	2	41	32	1.3260147350339409
\\ Jobs in machine 7
11
J66	15	12	102	61	0.5681889581062096
J67	13	5	110	49	1.119584759520392
J68	14	4	60	50	0.9588444091251698
J69	14	6	85	36	1.3189545657667041
J70	15	7	37	61	0.3910556939992311
J71	14	4	89	47	1.0197759135254139
J72	14	13	110	44	0.601666709078796
J73	15	13	82	3	1.9711547105888916
J74	14	12	52	46	0.9343371081193264
J75	14	9	86	46	0.9006268624761464
J76	15	10	10	11	0.9970682131542847
\\ Jobs in machine 8
11
J77	15	14	82	38	0.8874979074116243
J78	16	6	109	33	0.14704629626463195
J79	14	13	73	36	1.486607399087929
J80	16	5	37	68	0.1
J81	13	2	104	36	1.481096769205967
J82	13	8	19	40	1.1004216703879648
J83	15	11	62	26	1.1068281471119126
J84	15	1	34	74	1.905453855768878
J85	13	12	56	69	0.9326118377299083
J86	14	1	4	67	1.2255820449195507
J87	16	5	82	45	1.406461808448765
\\ Jobs in machine 9
10
J88	13	7	89	10	0.8589040838499871
J89	15	9	109	27	1.1731738084727006
J90	14	11	83	62	1.5530929830082876
J91	15	14	78	69	0.7831771619370537
J92	15	8	94	17	1.8103439585856718
J93	14	14	105	57	0.6790049519348957
J94	15	9	48	45	0.8147616529151825
J95	15	12	67	40	1.1127537906449991
J96	15	10	96	10	1.7960379862542042
J97	13	13	107	2	0.7510324290878214
\\ Jobs in machine 10
11
J98	13	12	30	18	1.1069434603820862
J99	13	1	108	26	1.584966256050702
J100	12	14	15	33	1.1922159077786423
J101	16	11	77	61	1.3284097565813713
J102	15	7	22	19	1.6641875447306569
J103	15	6	6	26	1.5700996101512774
J104	14	3	106	47	1.9954492387243299
J105	15	2	39	31	0.7910958738296667
J106	13	14	12	72	0.1
J107	15	12	108	63	1.8810091406878775
J108	14	3	104	30	1.3006971939819638
\\ Jobs in machine 11
13
J109	14	3	88	42	1.0287188582721065
J110	15	9	4	14	2.10252486811215
J111	14	1	34	46	1.6982379908931595
J112	15	4	66	69	1.4457581520820686
J113	14	1	74	20	1.7640020581382125
J114	15	1	89	19	1.1869462079648563
J115	13	1	53	46	1.7850074505856903
J116	15	14	23	41	1.1432996696330304
J117	15	5	29	48	1.4437755145195055
J118	13	11	70	22	0.29241960229197617
J119	15	14	38	21	1.4059300747392585
J120	15	13	38	55	1.2360406444887921
J121	14	2	51	17	0.8295266459928651
\\ Jobs in machine 12
11
J122	15	3	68	21	1.2105648810680216
J123	15	4	86	42	1.2462129846005219
J124	14	7	74	53	1.6257059806358582
J125	14	9	101	18	1.8048190476856674
J126	13	5	103	15	0.9652200124528474
J127	15	1	104	73	0.9190874787190646
J128	14	13	70	56	1.7681994862742834
J129	14	2	82	65	1.4989026007593744
J130	14	7	82	52	1.9658735456555805
J131	15	2	67	46	0.7515421971662322
J132	15	13	5	38	1.7970873160392649
\\ Jobs in machine 13
10
J133	13	7	74	11	0.9325219835790736
J134	14	13	66	21	1.3762187934195798
J135	15	2	89	38	1.8536943564835067
J136	15	2	75	75	1.0615519430284113
J137	15	11	40	52	0.9452704816485467
J138	15	2	96	27	0.27566172847144566
J139	13	5	12	33	0.9445097128899678
J140	14	12	101	56	1.2114753154374354
J141	14	3	72	30	1.878334759219991
J142	16	1	92	29	2.5037563126300695
\\ Jobs in machine 14
11
J143	16	14	76	24	1.308526018951908
J144	14	6	103	63	1.054063696587782
J145	15	3	109	66	2.2413369506869576
J146	14	3	67	29	1.3663261765775396
J147	16	4	23	11	1.7316127478270322
J148	16	2	21	57	1.2932952556892556
J149	14	14	104	28	1.895856981836498
J150	14	10	98	9	1.6986167993179015
J151	13	2	25	54	1.1428545876163734
J152	14	12	45	43	1.1218769632289032
J153	15	3	82	41	1.3480318442882482
\\ Jobs in machine 15
11
J154	14	12	29	71	1.6614945692311252
J155	12	7	55	6	0.9644068965371013
J156	14	9	24	22	0.11409281352635858
J157	14	6	92	67	2.282688572781258
J158	15	1	53	71	0.66159136730268
J159	15	12	65	19	0.546785501488332
J160	13	6	30	14	1.4028925386281097
J161	13	14	38	37	0.6757625914696009
J162	15	14	92	3	1.17191974751092
J163	14	11	70	33	0.8002156915674994
J164	12	13	39	56	1.3379677623015518
\\ Dependencies 
554
1	2
1	3
1	5
1	8
1	9
2	3
2	4
2	5
2	6
2	8
2	9
2	10
3	6
3	7
3	8
3	9
3	10
4	5
4	6
4	7
4	10
5	6
5	7
5	8
5	9
6	7
6	8
6	9
6	10
7	9
8	10
9	10
11	12
11	13
11	14
11	15
11	16
11	17
11	18
11	19
11	21
12	13
12	14
12	15
12	16
12	17
12	18
12	21
13	14
13	15
13	17
13	18
13	19
13	20
13	21
14	16
14	17
14	19
14	21
15	16
15	17
15	18
15	21
16	17
16	18
16	19
16	20
17	18
17	20
18	19
18	20
18	21
19	20
19	21
20	21
22	23
22	24
22	27
22	30
22	31
22	32
23	25
23	26
23	27
23	28
23	29
23	31
23	32
24	25
24	26
24	27
24	28
24	30
24	31
25	27
25	28
25	29
25	30
26	28
26	30
26	31
26	32
27	28
27	29
27	30
27	31
28	29
29	31
30	31
30	32
31	32
33	34
33	35
33	36
33	37
33	41
33	42
33	43
34	36
34	37
34	40
34	42
35	36
35	37
35	38
35	40
35	41
35	42
36	37
36	39
36	40
36	41
36	42
36	43
37	38
37	43
38	39
38	40
38	41
38	42
38	43
39	40
39	41
39	43
40	41
40	42
41	43
42	43
44	45
44	46
44	47
44	48
44	49
44	51
44	52
44	53
44	54
45	46
45	47
45	49
45	50
45	52
45	53
46	47
46	48
46	50
46	51
46	52
46	54
47	48
47	49
47	51
47	52
47	53
48	50
48	51
48	54
49	51
49	53
49	54
50	52
50	54
51	53
51	54
52	54
53	54
55	56
55	57
55	59
55	61
55	62
55	63
55	64
55	65
56	57
56	58
56	62
56	63
56	64
57	58
57	59
57	60
57	62
57	63
57	64
58	60
58	61
58	62
58	63
59	61
59	62
59	63
60	62
60	63
60	65
61	64
61	65
62	63
62	64
63	64
63	65
66	67
66	71
66	72
66	73
66	74
66	75
67	71
67	72
67	73
67	75
67	76
68	69
68	70
68	71
68	72
68	75
69	70
69	71
69	73
70	73
70	75
70	76
71	72
71	73
71	75
71	76
72	73
72	74
72	75
72	76
73	74
73	76
74	75
74	76
75	76
77	78
77	79
77	81
77	82
77	84
77	85
77	87
78	79
78	80
78	81
78	82
78	83
78	85
78	87
79	80
79	81
79	82
79	83
79	84
79	85
79	86
79	87
80	81
80	82
80	83
80	86
80	87
81	82
81	83
81	85
81	86
81	87
82	83
82	84
82	86
82	87
83	84
83	86
83	87
84	85
84	86
85	86
85	87
86	87
88	89
88	96
88	97
89	90
89	91
89	92
89	93
89	94
89	96
90	93
90	94
90	95
90	96
91	93
91	95
92	93
92	94
92	95
92	96
92	97
93	94
93	95
93	96
93	97
94	95
94	96
94	97
95	96
96	97
98	99
98	101
98	102
98	103
98	106
98	108
99	100
99	102
99	103
99	104
99	106
99	108
100	101
100	103
100	104
100	105
100	106
100	107
100	108
101	103
101	105
101	107
101	108
102	104
102	105
102	106
102	107
103	104
103	105
103	106
103	107
103	108
104	105
104	106
104	107
104	108
105	106
105	108
106	107
106	108
109	110
109	111
109	112
109	114
109	115
109	116
109	117
109	118
109	119
109	120
110	111
110	112
110	113
110	114
110	115
110	116
110	119
111	113
111	115
111	116
111	117
111	118
111	119
111	120
111	121
112	114
112	116
112	118
112	119
112	120
112	121
113	114
113	121
114	116
114	117
114	118
114	120
114	121
115	116
115	119
115	121
116	117
116	119
117	118
118	119
118	120
119	120
120	121
122	123
122	124
122	125
122	126
122	127
122	128
122	130
122	131
122	132
123	124
123	125
123	126
123	127
123	128
123	129
123	132
124	125
124	128
124	129
124	130
124	131
124	132
125	127
125	128
125	129
125	130
125	131
125	132
126	129
126	130
126	131
126	132
127	128
127	129
127	130
127	131
128	129
128	130
129	131
131	132
133	136
133	137
133	138
133	142
134	138
134	139
135	136
135	137
135	139
135	140
135	141
136	138
136	139
136	141
136	142
137	142
138	141
138	142
139	140
139	142
140	142
141	142
143	145
143	148
143	150
143	151
143	152
144	145
144	147
144	150
144	153
145	147
145	148
145	149
145	150
145	151
145	152
145	153
146	148
146	150
146	151
146	152
147	148
147	151
147	152
147	153
148	149
148	151
148	152
148	153
149	150
149	151
150	151
150	152
151	153
152	153
154	156
154	158
154	160
154	161
154	162
154	164
155	156
155	157
155	158
155	162
155	163
155	164
156	157
156	158
156	159
156	160
156	161
156	162
156	164
157	158
157	159
157	160
157	162
157	163
157	164
158	159
158	160
158	163
158	164
159	161
159	162
159	164
160	161
160	162
160	163
160	164
161	162
161	163
161	164
162	163
163	164
