\\ machines
4
\\ max power
40
\\ Jobs in machine 1
9
J1	14	4	41	14	1.3247752628401024
J2	15	5	98	15	1.1313986051464286
J3	15	1	72	20	1.2813784746204198
J4	14	9	77	26	1.115783418166764
J5	15	1	15	7	0.8011023062576151
J6	14	6	74	2	2.028764392876262
J7	15	9	103	12	0.7772024361060209
J8	15	10	95	23	1.5273202602310016
J9	15	1	97	12	1.50975994413242
\\ Jobs in machine 2
12
J10	15	13	64	14	2.0804741412624255
J11	12	6	14	22	0.891523387282491
J12	13	13	10	3	0.8858784955130934
J13	13	10	97	1	2.14398190519914
J14	15	4	20	17	0.48218091916634387
J15	14	1	76	16	1.5515718634629492
J16	13	8	75	23	0.9695601716662394
J17	14	11	104	26	0.2845787599812182
J18	13	3	74	4	1.6510115685495896
J19	15	3	73	3	1.1690577312999586
J20	13	13	49	23	0.8485170500762254
J21	15	9	14	11	1.497144606113067
\\ Jobs in machine 3
10
J22	15	9	55	27	0.6574372326529064
J23	15	2	48	1	0.4787480223745042
J24	14	14	12	19	1.5373706357433181
J25	15	8	89	22	0.5613091785363233
J26	16	8	75	23	0.9539912459764517
J27	16	3	92	16	1.0838914203744736
J28	13	13	101	28	1.5056721493928973
J29	13	7	36	8	1.481423386489059
J30	15	10	93	24	1.798412491982198
J31	15	6	94	5	0.9507702479169541
\\ Jobs in machine 4
9
J32	14	6	43	23	0.10189685269505389
J33	14	11	76	28	1.2751833005130615
J34	15	2	95	20	1.21643575571304
J35	15	7	25	29	1.3134768536560122
J36	13	12	56	28	1.8250568183111104
J37	14	1	34	29	1.753050215127955
J38	14	7	75	18	1.5934657159886334
J39	15	14	37	15	1.0950120111989685
J40	15	9	5	29	1.311803473786431
\\ Dependencies 
14
1	7
2	8
3	8
10	11
10	17
10	18
12	14
13	16
23	26
23	28
30	31
34	36
34	39
36	37
