\\ machines
20
\\ max power
200
\\ Jobs in machine 1
10
J1	14	11	44	87	1.639313268624139
J2	15	10	14	56	1.451044612010909
J3	14	9	24	27	0.6535877150505678
J4	13	5	64	108	1.3231199074236504
J5	14	10	62	33	1.3427811074570601
J6	13	5	42	55	1.83008125457155
J7	15	8	27	58	1.0457954993342762
J8	14	3	95	93	1.348963631739812
J9	14	10	91	143	1.6156938170202089
J10	14	6	101	34	0.1
\\ Jobs in machine 2
10
J11	15	4	35	55	1.4942178304981903
J12	14	2	106	93	1.2918300786164354
J13	16	8	57	38	1.4576144992179465
J14	15	11	37	146	0.436149744838491
J15	14	10	83	94	1.1537498785229645
J16	14	4	21	47	0.7596635747168536
J17	13	14	3	12	0.8047442400515432
J18	15	6	94	18	1.2400663175695825
J19	14	6	86	112	0.7013095905514021
J20	14	8	108	8	1.6819681679793808
\\ Jobs in machine 3
12
J21	16	4	90	110	2.190653259556933
J22	14	14	22	80	2.1429537693412
J23	14	4	90	6	0.10885782519392007
J24	15	2	66	10	2.184878766811554
J25	14	5	11	52	1.224561238219482
J26	15	14	19	137	1.0521229698078198
J27	14	14	73	134	0.4613596687239365
J28	13	3	5	114	1.1214492954815023
J29	15	7	97	116	1.4032174478779043
J30	14	6	16	66	1.2297617265164484
J31	15	3	7	98	0.9630454866614366
J32	12	6	28	66	1.3599898032116255
\\ Jobs in machine 4
12
J33	14	9	92	120	0.18625779295461498
J34	14	1	96	3	1.3187647605824897
J35	15	3	32	52	0.1
J36	14	2	106	78	1.583393815302009
J37	15	8	16	8	2.2182292851767924
J38	14	4	30	142	1.2838879574386948
J39	17	13	68	77	1.369822623753307
J40	14	10	4	36	1.1628744937653417
J41	15	13	28	102	1.4478940902307373
J42	15	7	47	85	1.7879315576996513
J43	15	11	25	94	0.43097755796732096
J44	15	8	8	141	2.004739145030968
\\ Jobs in machine 5
12
J45	14	12	105	15	1.7487112225230108
J46	15	1	110	66	1.5347602933390314
J47	15	2	39	54	0.7257401300770168
J48	15	6	36	46	1.8819408051446
J49	15	2	99	22	1.5825544933838003
J50	14	7	62	74	1.8290948493390606
J51	16	6	81	79	0.9575884551594367
J52	14	14	38	63	0.1
J53	14	10	56	76	1.3227294466983395
J54	15	10	7	121	1.2126541452326498
J55	14	12	104	61	0.5414745747652479
J56	14	8	48	38	2.203338345896684
\\ Jobs in machine 6
10
J57	11	7	63	81	1.5897143407756524
J58	14	3	17	20	1.0019212452398514
J59	14	8	48	122	0.5181001174702443
J60	15	12	80	116	1.4583122066185108
J61	14	4	93	23	1.886596949613329
J62	14	14	52	110	1.344473622020233
J63	15	4	53	33	0.5347840278519277
J64	15	11	90	58	2.261258590664337
J65	14	7	49	108	1.6616879600564916
J66	15	8	66	94	2.4980735487355172
\\ Jobs in machine 7
9
J67	14	14	59	59	0.2538810686315043
J68	15	13	33	118	1.5446820592600226
J69	14	11	56	105	0.7603616103951241
J70	15	9	72	88	1.795827867844368
J71	15	13	44	4	1.1389776101207678
J72	14	14	100	23	2.0103588505308148
J73	14	13	52	136	0.1
J74	14	9	108	128	1.1234963781540082
J75	14	9	10	22	2.6491699399447874
\\ Jobs in machine 8
11
J76	15	3	41	52	1.0888041262837782
J77	17	9	54	23	0.6908682445621894
J78	14	14	79	46	1.0576278518518147
J79	13	8	28	67	1.1466395794905355
J80	14	10	73	99	1.130037183280102
J81	14	5	13	138	1.2488601841304647
J82	14	11	106	72	0.5410517154852154
J83	14	7	42	100	1.151424906458206
J84	14	11	13	141	1.2473166795499189
J85	15	2	97	29	1.8920029208191727
J86	14	4	60	81	1.2819091087056365
\\ Jobs in machine 9
12
J87	13	12	48	46	2.0257264921842406
J88	14	11	48	132	1.470232353825716
J89	14	9	70	117	1.004431917773594
J90	15	5	84	30	1.3723106256100082
J91	14	4	52	51	1.3535695352152186
J92	16	13	98	24	0.9944923795573702
J93	15	12	37	64	1.553293429731328
J94	16	12	21	109	1.3785855367287545
J95	15	3	85	16	1.7792721592332987
J96	14	13	101	114	0.7874818331967868
J97	13	4	89	68	1.3355043155293318
J98	15	9	70	51	1.7738551713671802
\\ Jobs in machine 10
10
J99	16	6	31	91	1.7008882766017006
J100	13	8	66	22	1.0261708617755863
J101	14	11	76	30	2.4304184627101124
J102	13	5	71	2	0.5537730419056303
J103	14	4	3	125	0.49979009741519775
J104	14	1	99	81	1.443970741887933
J105	17	14	101	10	1.4210324455952155
J106	15	9	38	16	1.8955693058321836
J107	14	2	5	104	1.1963283845750687
J108	14	8	61	132	1.4286833217198471
\\ Jobs in machine 11
11
J109	14	10	92	126	1.591881734173242
J110	14	8	59	115	1.6311272098563436
J111	15	1	78	143	1.1925576951064993
J112	12	14	24	78	0.1
J113	15	6	80	109	0.577135631259241
J114	13	12	54	29	0.40649539357160414
J115	14	4	107	72	0.39657477194129054
J116	14	9	64	68	1.051290918623038
J117	14	11	38	131	1.1968471124115676
J118	15	2	52	54	1.3954137864955676
J119	14	6	52	72	1.4065602954236043
\\ Jobs in machine 12
11
J120	15	2	75	82	1.554468296124506
J121	17	13	62	64	1.5316234111402567
J122	14	4	68	32	1.4995677968683998
J123	14	4	83	144	1.5240801786717555
J124	14	1	21	79	1.033940090590473
J125	13	7	103	132	2.005351628278621
J126	15	4	84	107	1.1576741222371152
J127	13	1	84	34	1.3549488510590968
J128	15	6	72	47	1.3468888444948155
J129	16	4	110	49	1.6375967286943864
J130	17	14	30	36	1.2623666584481097
\\ Jobs in machine 13
11
J131	14	12	62	31	0.95686589070429
J132	14	7	90	11	0.8051958379013104
J133	14	1	80	32	1.3491061833447753
J134	14	2	27	62	0.8713824685975757
J135	16	3	40	13	1.4700515124079208
J136	15	8	55	61	1.3770480572587926
J137	17	12	110	69	0.5605895524283454
J138	14	8	101	40	1.6405194911228524
J139	13	10	51	26	1.3204080005243353
J140	16	8	67	20	0.8395211331065655
J141	15	13	11	121	0.9084153134174124
\\ Jobs in machine 14
12
J142	14	8	96	31	1.1214501285426834
J143	14	7	54	28	1.556213461929897
J144	14	7	88	119	0.7855079074727742
J145	16	10	66	21	1.3995218173813224
J146	16	7	59	130	1.4064155859751701
J147	13	14	58	48	0.5846454800282798
J148	14	6	47	129	1.7896840385890473
J149	16	13	39	25	1.2863401902541172
J150	14	6	72	148	1.815613086861101
J151	14	4	7	95	0.4839029112402723
J152	14	13	42	17	1.2095185376265776
J153	14	5	66	122	2.217179750111784
\\ Jobs in machine 15
11
J154	15	14	64	95	0.1
J155	16	10	106	56	1.6724077738772383
J156	15	8	5	135	1.0228279491016912
J157	14	2	19	142	1.3250841497946657
J158	15	6	109	19	1.3356384055792292
J159	14	11	33	43	1.0867935811767262
J160	16	8	71	17	0.8110551788514989
J161	15	12	17	114	0.6925657521571497
J162	13	14	88	56	0.52994444749819
J163	14	9	18	147	0.8587658542064942
J164	15	7	7	52	2.332487506793986
\\ Jobs in machine 16
11
J165	14	10	89	84	1.9972050102352428
J166	16	11	96	59	1.483098181360711
J167	14	6	57	141	1.1920647692664272
J168	13	10	67	142	1.4862435078851464
J169	16	10	56	28	1.5961846498352816
J170	14	11	93	141	1.2853651569353297
J171	14	8	15	29	0.8884090404935865
J172	17	11	56	74	0.809860775951881
J173	15	11	78	13	1.611769460992399
J174	14	9	24	19	0.8192897776289163
J175	15	13	68	55	0.4131808403114672
\\ Jobs in machine 17
11
J176	15	14	45	82	0.6434947297460311
J177	15	14	80	39	1.3418236271400157
J178	14	14	33	11	1.1393924961089483
J179	14	3	99	35	1.9070311869973622
J180	14	7	75	10	1.039953856132868
J181	15	4	26	135	1.1699594915302756
J182	15	6	89	18	1.5908669780828297
J183	14	13	103	149	1.1300257871934032
J184	14	6	97	90	0.8552504651154681
J185	15	5	37	27	0.6589408518416315
J186	14	5	44	87	1.3944664654099417
\\ Jobs in machine 18
10
J187	15	8	107	29	1.7236770441471028
J188	13	13	26	138	1.0832214387578363
J189	15	12	10	93	0.7310500872806841
J190	13	9	41	72	1.6363973543776473
J191	13	6	9	51	2.031477845920163
J192	15	3	96	98	1.3039663374454127
J193	15	3	87	89	1.7729618417330741
J194	15	6	29	83	1.0205586975570113
J195	15	4	27	103	1.4075810978599113
J196	15	8	21	129	1.6701876322299827
\\ Jobs in machine 19
12
J197	13	5	93	41	1.4510007294366145
J198	14	12	109	65	1.6297342439044296
J199	15	4	52	83	1.4321104512803977
J200	14	3	63	4	1.3213184190756386
J201	15	12	88	118	0.7663902749335263
J202	13	5	104	137	1.2116159061440654
J203	14	12	21	57	1.307418238384469
J204	14	11	52	42	1.3533061104122086
J205	16	2	84	29	1.1889428234381032
J206	15	7	100	34	0.4348309465247928
J207	15	9	87	23	1.8698967710185035
J208	14	10	50	2	1.4332269482757078
\\ Jobs in machine 20
13
J209	13	10	89	136	1.7827829429326703
J210	14	11	45	40	0.2880918830878725
J211	16	5	2	46	1.754487707436485
J212	15	14	43	99	1.5238515567600648
J213	17	11	54	99	0.7922904549473223
J214	13	4	22	108	0.7937950198011119
J215	15	10	107	148	1.2816597457783558
J216	14	5	7	140	1.4837448775033115
J217	16	5	24	65	0.8907193128708359
J218	14	9	100	66	1.8382277470159456
J219	15	8	94	61	1.7366240779661863
J220	15	12	64	128	1.6595212642421704
J221	13	8	21	104	0.7893402391998845
\\ Dependencies 
563
1	2
1	4
1	7
1	8
1	9
1	10
2	4
2	6
2	7
2	9
3	4
3	5
3	8
3	9
3	10
4	5
4	6
4	7
4	8
4	9
5	7
5	8
6	7
6	8
6	9
6	10
7	8
7	9
8	9
9	10
11	12
11	13
11	18
11	19
12	14
12	19
12	20
13	14
13	16
13	19
13	20
14	17
14	18
14	19
14	20
15	16
15	18
15	19
16	17
17	20
21	24
21	27
21	28
22	24
22	27
22	29
22	31
23	24
23	25
23	27
23	28
23	29
23	30
23	32
24	25
24	27
24	31
24	32
25	27
25	28
25	30
25	32
26	29
26	30
27	30
28	31
29	31
29	32
30	32
33	34
33	35
33	36
33	37
33	42
33	43
34	41
34	42
34	44
35	36
35	38
35	39
35	40
35	43
35	44
36	37
36	38
36	39
36	41
36	44
37	38
37	41
37	43
38	40
38	44
39	41
39	44
40	42
40	43
41	42
41	43
43	44
45	48
45	49
45	51
45	53
45	54
45	55
45	56
46	47
46	50
46	51
47	49
47	50
47	51
47	54
47	55
48	50
48	51
48	53
48	54
48	55
48	56
49	50
49	52
49	56
50	51
50	52
50	55
51	53
51	54
52	53
52	55
52	56
53	54
55	56
57	58
57	64
57	65
57	66
58	60
58	63
58	64
58	66
59	60
59	63
59	64
59	65
60	62
60	63
61	63
61	65
62	63
62	64
63	64
63	65
63	66
64	65
64	66
65	66
67	68
67	69
67	70
67	71
67	72
67	74
67	75
68	71
68	72
68	74
69	71
69	73
69	74
69	75
70	72
70	75
71	72
71	75
72	73
72	75
73	75
74	75
76	77
76	79
76	81
76	82
77	81
78	79
78	83
78	84
78	85
79	82
79	83
79	84
79	85
80	81
80	85
81	82
81	83
81	86
82	83
82	86
83	86
84	85
87	88
87	93
87	96
87	97
88	89
88	90
88	94
89	91
89	92
89	94
89	98
90	91
90	92
90	93
90	94
90	96
90	97
91	93
91	94
91	95
91	96
92	97
92	98
93	94
93	95
93	98
94	95
94	96
95	97
99	104
99	108
100	101
100	102
100	104
100	105
100	106
100	107
101	102
101	103
101	105
101	107
101	108
102	103
102	105
102	106
102	107
102	108
103	104
103	105
103	106
103	107
103	108
104	107
106	108
107	108
109	110
109	111
109	112
109	115
110	113
110	115
110	117
111	112
111	113
111	114
111	115
111	118
112	115
112	119
113	117
114	115
114	116
114	118
114	119
115	116
115	117
115	119
116	117
116	118
117	119
118	119
120	121
120	122
120	123
120	126
120	127
120	129
120	130
121	122
121	123
121	126
121	128
121	130
122	123
122	127
122	128
123	126
123	128
123	129
124	128
124	130
125	129
126	127
126	130
127	130
131	132
131	133
131	134
131	135
131	137
131	138
131	140
131	141
132	133
132	138
132	139
133	136
133	138
133	140
134	137
134	139
135	136
135	137
135	138
135	140
136	137
136	138
136	139
136	140
137	138
137	141
138	139
139	140
139	141
140	141
142	145
142	146
142	147
142	149
142	151
142	152
142	153
143	146
143	148
143	150
143	151
143	152
143	153
144	145
144	146
144	147
144	148
144	150
145	147
145	149
145	151
145	153
146	149
146	150
146	151
147	148
147	150
148	150
148	151
148	152
148	153
149	153
150	153
151	152
152	153
154	155
154	157
154	159
154	161
154	162
154	163
154	164
155	156
155	157
155	158
155	161
155	163
156	157
156	158
156	160
156	163
156	164
157	158
158	159
158	160
159	160
160	161
160	162
160	163
160	164
161	162
161	164
162	163
165	166
165	167
165	169
165	170
165	171
165	172
165	174
165	175
166	168
166	169
166	170
166	171
166	172
166	173
166	175
167	168
167	169
167	171
167	172
168	170
168	173
168	175
169	171
169	172
169	173
169	174
170	171
170	173
170	175
171	172
171	173
171	174
172	173
172	174
173	175
174	175
176	178
176	179
176	180
176	181
176	182
176	183
176	185
176	186
177	179
177	182
177	183
177	184
178	182
178	186
179	185
180	181
180	185
181	183
181	184
181	185
182	184
183	184
184	186
185	186
187	188
187	189
187	190
187	193
187	194
187	195
187	196
188	190
188	194
188	196
189	190
189	192
189	194
190	191
190	194
190	195
190	196
191	192
191	196
193	194
194	195
194	196
197	199
197	200
197	202
197	205
197	208
198	200
198	201
198	204
198	205
198	206
198	208
199	200
199	201
199	203
199	205
199	207
199	208
200	202
200	203
200	204
200	207
201	202
201	205
201	206
201	208
202	206
202	208
203	205
204	205
204	207
205	207
205	208
207	208
209	211
209	213
209	214
209	215
209	217
209	218
209	220
209	221
210	211
210	214
210	215
210	216
210	221
211	216
211	217
211	218
211	220
212	217
213	215
213	216
213	217
213	218
213	220
214	216
214	220
214	221
215	220
215	221
216	218
216	220
217	218
217	219
217	220
217	221
218	219
219	220
219	221
