\\ machines
20
\\ max power
200
\\ Jobs in machine 1
11
J1	14	9	99	39	1.867277372292444
J2	13	4	89	17	1.6207717449448202
J3	15	3	60	12	0.11802690421558726
J4	16	3	80	13	1.7847397371015388
J5	15	6	11	6	0.5566501288610822
J6	15	12	83	40	1.1920287574405561
J7	15	13	70	1	1.260619528250794
J8	16	3	29	18	1.366640933824475
J9	14	14	6	39	1.403450979242277
J10	14	10	19	36	0.4698344246308047
J11	14	3	26	10	0.9344333601159461
\\ Jobs in machine 2
11
J12	14	3	64	22	1.1103164178631386
J13	15	5	89	19	0.8013586627041267
J14	15	11	28	6	1.3695889096498086
J15	15	11	96	41	0.8272203064836561
J16	13	2	39	21	1.4494208105990767
J17	15	3	36	48	1.7989980457994488
J18	14	4	5	18	2.191993483706213
J19	14	7	48	19	0.8563447396851287
J20	12	14	99	3	1.254817927463906
J21	15	14	30	35	1.3391634350080042
J22	12	11	108	7	1.5133764242118617
\\ Jobs in machine 3
11
J23	14	2	87	1	1.5784754995953483
J24	14	2	31	33	1.3024761988546667
J25	17	13	14	43	1.6611972970523001
J26	14	12	16	27	0.905008977221206
J27	14	11	54	29	0.8089005905697659
J28	16	13	84	23	1.2199376526024934
J29	13	10	40	31	1.2620828025265787
J30	15	8	13	12	1.6239411899559775
J31	15	2	98	46	1.2043464335699428
J32	16	4	101	29	1.4279511092604584
J33	14	9	15	3	0.8632582474834811
\\ Jobs in machine 4
11
J34	14	1	78	22	1.1058275617331013
J35	14	4	16	16	0.43628365019534254
J36	15	7	26	30	1.071638520950116
J37	15	11	109	25	1.5307242260363265
J38	14	8	94	10	0.8621157077789963
J39	16	11	34	33	2.454561100995048
J40	14	9	73	8	1.4054856562281306
J41	14	6	103	47	1.106346432711002
J42	16	5	69	41	0.322893969513951
J43	15	13	75	25	1.7771010094514315
J44	14	11	4	17	0.49594807508014904
\\ Jobs in machine 5
10
J45	15	9	58	43	0.424068739312647
J46	14	4	27	23	0.1
J47	15	5	66	24	1.4794837586587404
J48	14	6	10	12	2.4487604938520207
J49	14	11	70	34	0.7860640897768039
J50	14	8	101	14	0.9392779818409247
J51	13	10	22	49	1.5927988626236023
J52	13	1	16	6	1.1042144318032159
J53	14	13	40	37	1.2361951032657164
J54	14	3	18	35	0.9057168459601634
\\ Jobs in machine 6
11
J55	14	1	87	32	1.1283611481347262
J56	14	2	72	9	0.9527907554915714
J57	16	14	77	35	1.9027702221777034
J58	13	5	50	43	1.648952953140137
J59	14	8	69	50	0.6760372636463947
J60	14	5	27	15	0.1
J61	14	10	21	48	1.9673787918825534
J62	17	10	43	14	0.8936686577132067
J63	15	7	15	2	1.1608754587754113
J64	16	9	13	26	0.6405934599922274
J65	14	11	62	17	2.0271109927519575
\\ Jobs in machine 7
12
J66	14	3	78	38	0.8621537297986781
J67	16	4	25	48	2.0398488394642103
J68	16	8	85	21	1.2603578073042414
J69	13	5	39	23	0.8703635114006897
J70	14	10	100	33	1.3771648854023073
J71	13	14	5	5	1.9535740964319603
J72	14	13	33	7	1.9697717733703448
J73	16	6	74	30	1.1736670813809507
J74	14	4	88	19	1.2772530793921402
J75	14	6	83	42	1.280561527612056
J76	13	4	27	7	1.3142791050209766
J77	14	9	18	3	0.94841143117124
\\ Jobs in machine 8
11
J78	16	1	51	10	0.7588012545788544
J79	15	2	110	37	1.0941414237904235
J80	16	14	56	49	1.0373195955297998
J81	14	2	64	7	1.3577943227854774
J82	14	13	70	40	1.3746079372542885
J83	14	5	20	2	0.6397342830257245
J84	15	9	40	2	1.1044451732878013
J85	15	13	50	28	1.6995543425609534
J86	16	13	26	36	1.3171439974568486
J87	14	11	10	45	1.88591269426925
J88	14	9	87	39	1.9354164036596866
\\ Jobs in machine 9
10
J89	15	14	79	14	0.8074296676120376
J90	14	10	45	11	0.6123906807130162
J91	14	9	22	34	1.6181246722705585
J92	14	14	95	19	1.151006569357547
J93	15	8	38	8	1.0781628347467016
J94	15	1	39	28	0.7171419670472277
J95	17	10	106	22	1.7490091515326163
J96	14	2	66	45	1.007890918845439
J97	14	6	105	45	1.1373774952906066
J98	16	6	39	2	1.2417755279500065
\\ Jobs in machine 10
10
J99	13	7	80	25	1.8191451423561036
J100	14	3	98	16	1.701294572863346
J101	14	4	57	4	0.6028284520089319
J102	16	8	47	39	1.9120596193635269
J103	15	13	97	30	1.2476941874817873
J104	15	14	108	14	0.9178117847035233
J105	14	13	107	15	1.1847383255805608
J106	16	14	67	11	0.8278791258717322
J107	15	9	38	17	1.0728447123008518
J108	14	12	88	30	1.125130855639187
\\ Jobs in machine 11
12
J109	14	6	50	13	1.6782375715572684
J110	14	6	6	47	2.247005062037966
J111	14	1	58	6	1.154309052388387
J112	15	10	43	27	1.1233851153134753
J113	14	8	68	1	1.4347179065964781
J114	15	3	78	41	0.32657634839993166
J115	15	12	31	2	2.1756920226714866
J116	15	7	70	10	1.176931636242131
J117	16	6	28	6	1.5301541635001132
J118	15	12	75	23	2.4337350320067337
J119	15	6	54	22	1.1355988477374719
J120	15	1	13	25	0.4180289339847266
\\ Jobs in machine 12
11
J121	16	5	51	7	0.5821428326281387
J122	12	5	107	33	1.6538310587309466
J123	15	5	12	41	0.1855727050388023
J124	12	12	82	38	1.0447126960570126
J125	14	5	103	14	0.8871117528499882
J126	15	6	107	31	1.4509265284618387
J127	16	13	58	6	0.8028509293371493
J128	15	11	110	27	0.558612981594963
J129	15	5	44	45	2.0740289081708436
J130	13	7	55	1	1.381405068748279
J131	13	8	73	31	0.49226381683113685
\\ Jobs in machine 13
12
J132	14	3	89	22	1.8866031344017211
J133	15	13	55	18	1.0904004535705045
J134	14	12	4	48	1.319723829062735
J135	14	14	61	15	1.523829064197892
J136	16	9	86	15	0.3407213686242867
J137	15	4	43	39	1.4875192447646848
J138	14	3	108	41	1.1542842756799692
J139	15	9	91	31	0.8680174717437547
J140	15	7	105	33	1.7661955448548017
J141	15	12	100	11	1.1990006315000106
J142	14	10	64	32	0.8416866120336828
J143	15	3	29	38	1.8308470036852997
\\ Jobs in machine 14
13
J144	15	9	35	37	2.176965880874326
J145	15	10	110	36	1.1561287624389551
J146	14	7	98	7	0.9034222976878499
J147	15	8	13	33	1.0137845022773602
J148	14	11	95	37	1.0490543235908647
J149	16	6	81	5	1.313456653331578
J150	15	6	72	8	0.8788477887469525
J151	15	11	33	44	0.5578500325544625
J152	14	6	37	1	0.8446720063272123
J153	15	11	32	14	1.1695032510838697
J154	13	4	84	25	0.8971930233965972
J155	15	4	44	15	0.7536269332173654
J156	14	4	66	42	1.4001978071038754
\\ Jobs in machine 15
12
J157	15	6	40	15	1.0844107383974206
J158	14	13	14	40	0.9371545330358346
J159	17	9	107	39	1.2019325801926435
J160	15	11	47	12	1.9398937821883648
J161	13	11	82	3	0.5790340182245346
J162	14	6	4	25	0.7100293379362634
J163	15	4	73	35	0.3910948309507134
J164	14	13	55	16	0.1802790896327815
J165	15	12	93	3	0.48287466705220616
J166	14	7	16	24	0.26924481757952745
J167	13	2	15	19	0.6642218035131342
J168	15	9	97	33	2.4565187881022403
\\ Jobs in machine 16
10
J169	15	8	105	40	1.1714705695796417
J170	14	14	96	34	0.484010729776316
J171	16	8	63	11	1.184591590336875
J172	15	3	72	14	2.1962955159801356
J173	15	8	44	31	0.9228690888428897
J174	15	4	7	6	1.1532095224097
J175	17	3	93	31	1.0887359441233762
J176	14	14	91	44	1.4004740444777384
J177	14	4	23	3	1.3534948215278426
J178	15	14	99	44	0.7867518142735412
\\ Jobs in machine 17
12
J179	14	3	55	30	2.2686817849963794
J180	14	12	45	13	1.1583633024901885
J181	15	11	13	29	1.459866730268931
J182	15	5	95	24	1.425965585480101
J183	14	8	93	15	1.419838496418732
J184	14	13	38	50	1.399838067679367
J185	14	14	87	15	1.5325157554808924
J186	14	12	57	8	1.069734899044011
J187	14	10	53	43	1.9332085526258815
J188	15	7	58	27	1.4583262014113259
J189	16	12	31	28	0.8937319901283733
J190	14	4	86	1	1.5910578203439503
\\ Jobs in machine 18
12
J191	15	1	108	40	1.774786349861098
J192	15	13	29	41	0.6127380960876369
J193	15	9	77	32	1.2285228205365237
J194	15	8	23	18	1.4368137197238058
J195	16	6	99	47	0.7702903986587217
J196	12	8	106	25	1.6937625178925777
J197	14	4	22	50	0.2229046428265996
J198	13	8	102	26	1.2199083499639636
J199	14	9	46	12	0.6726204700698134
J200	16	4	106	44	1.6696423206803912
J201	15	8	4	4	1.5737464759818396
J202	16	4	74	15	1.3868742091259547
\\ Jobs in machine 19
9
J203	14	13	106	36	2.105021780302592
J204	16	14	49	33	0.9460490482934791
J205	13	4	110	34	1.47230716482901
J206	15	12	31	38	0.6882625278353696
J207	14	4	105	28	1.3336340527323265
J208	14	7	55	9	1.3293580709769914
J209	14	10	21	29	1.4596789995979613
J210	16	5	50	1	1.8454909091126717
J211	13	12	97	10	1.6316892572852744
\\ Jobs in machine 20
13
J212	15	11	65	21	1.2835319497492528
J213	13	6	26	22	1.0484375661877847
J214	15	14	100	4	1.2658639065143609
J215	14	2	34	38	1.1217945362936064
J216	13	9	110	15	1.2936107478285368
J217	14	13	21	17	1.7679752867783867
J218	15	11	18	34	1.4344314890809815
J219	16	1	81	6	1.5736698827440025
J220	15	2	78	22	1.3987447070259966
J221	13	13	9	39	1.4898661866997491
J222	15	12	33	23	2.428628954835462
J223	14	1	52	29	1.2922120054904238
J224	15	5	35	44	1.8093064871058675
\\ Dependencies 
708
1	2
1	3
1	5
1	8
1	9
1	10
1	11
2	3
2	7
2	8
2	9
2	10
2	11
3	4
3	6
3	7
3	8
4	5
4	6
4	7
4	9
4	10
4	11
5	7
5	8
5	10
5	11
6	7
6	8
6	9
6	10
6	11
7	8
7	10
7	11
8	9
8	11
10	11
12	13
12	15
12	16
12	17
12	19
12	20
12	21
13	14
13	15
13	16
13	17
13	18
13	20
13	21
13	22
14	15
14	16
14	17
14	18
14	21
14	22
15	17
15	19
15	21
16	18
16	21
17	20
17	21
18	20
18	21
19	20
19	21
19	22
20	22
21	22
23	24
23	25
23	26
23	29
23	30
23	31
24	25
24	26
24	28
24	30
24	32
24	33
25	28
25	29
25	31
25	33
26	28
26	29
26	30
26	32
27	29
27	31
27	32
27	33
28	29
28	30
28	32
29	31
29	32
30	32
30	33
31	32
34	35
34	36
34	40
34	42
34	43
34	44
35	36
35	37
35	38
35	39
35	42
35	43
35	44
36	37
36	41
36	42
37	39
37	43
38	40
38	42
38	43
39	40
39	41
39	43
39	44
40	44
41	44
42	43
42	44
43	44
45	46
45	48
45	49
45	54
46	47
46	49
46	50
46	51
46	52
46	54
47	48
47	49
47	53
47	54
48	51
48	53
48	54
49	52
49	53
50	51
50	54
51	52
51	53
52	54
55	56
55	58
55	59
55	61
55	62
55	65
56	58
56	59
56	61
56	62
56	63
56	64
56	65
57	60
57	63
57	64
57	65
58	59
58	61
58	63
58	64
58	65
59	62
59	63
59	65
60	62
60	63
61	62
61	64
62	63
62	64
63	65
66	67
66	70
66	71
66	72
66	73
66	75
66	77
67	68
67	69
67	70
67	71
67	72
67	74
67	75
67	77
68	69
68	72
68	73
68	77
69	70
69	72
69	73
69	74
69	76
69	77
70	72
70	74
70	75
70	77
71	72
71	73
71	75
72	73
72	74
72	75
72	76
72	77
73	75
73	77
75	76
75	77
78	79
78	80
78	82
78	85
78	86
78	88
79	81
79	82
79	84
79	85
79	88
80	81
80	83
80	85
80	86
80	87
81	83
81	84
81	85
81	87
81	88
82	83
82	84
82	85
82	86
82	88
83	84
83	85
83	86
84	85
84	86
84	87
85	88
86	87
86	88
89	91
89	92
89	93
89	94
89	95
89	98
90	91
90	92
90	93
90	94
90	96
91	93
91	94
91	97
91	98
92	93
92	94
92	95
92	96
93	96
94	95
94	97
95	96
95	97
96	97
96	98
97	98
99	100
99	103
99	105
99	106
99	108
100	102
100	103
100	104
100	107
101	102
101	103
101	106
102	103
102	106
103	104
103	106
103	107
103	108
104	105
104	106
104	108
105	107
105	108
106	108
109	111
109	113
109	114
109	115
109	117
109	120
110	113
110	115
110	116
111	112
111	113
111	115
111	116
111	117
111	118
111	119
111	120
112	113
112	115
112	116
112	118
112	119
112	120
113	114
113	116
113	117
113	118
113	119
113	120
114	116
114	117
114	119
115	116
115	117
115	118
115	119
116	118
116	119
117	118
117	119
117	120
118	119
118	120
119	120
121	124
121	125
121	126
121	128
121	130
121	131
122	126
122	127
122	129
122	131
123	126
123	127
123	129
123	131
124	125
124	126
124	127
124	129
124	130
125	126
125	129
125	130
126	127
126	128
126	129
127	128
127	131
128	129
128	130
128	131
129	130
129	131
130	131
132	134
132	135
132	139
132	140
132	141
132	143
133	137
133	138
133	139
133	141
133	142
133	143
134	135
134	136
134	138
134	140
134	142
134	143
135	136
135	139
135	140
135	142
135	143
136	137
136	139
136	140
136	141
137	138
137	139
137	140
137	142
137	143
138	139
138	140
138	141
138	143
139	140
140	142
141	143
142	143
144	146
144	148
144	151
144	152
144	153
144	155
144	156
145	146
145	147
145	150
145	151
145	152
145	154
145	155
145	156
146	147
146	148
146	151
146	152
146	153
146	154
146	155
147	149
147	150
147	151
147	152
147	155
147	156
148	149
148	151
148	152
148	153
148	156
149	151
149	152
149	154
149	155
150	152
150	153
150	155
151	152
151	154
152	154
152	155
153	155
153	156
154	155
154	156
155	156
157	158
157	159
157	160
157	161
157	162
157	163
157	164
157	165
157	166
157	167
157	168
158	159
158	162
158	164
158	165
158	167
158	168
159	162
159	165
159	166
159	167
160	162
160	163
160	167
160	168
161	166
162	164
162	166
162	167
163	164
163	165
163	167
163	168
164	166
164	167
164	168
165	167
166	167
169	171
169	174
169	176
169	177
169	178
170	171
170	173
170	175
170	176
170	177
170	178
171	175
171	177
171	178
172	173
172	174
172	176
172	178
173	176
173	177
174	175
174	177
174	178
175	176
175	177
176	177
176	178
177	178
179	180
179	183
179	184
179	185
179	187
179	188
179	189
180	181
180	184
180	185
180	187
180	188
180	190
181	183
181	184
181	188
181	190
182	183
182	184
182	185
182	187
182	188
182	189
183	184
183	185
183	186
183	187
183	189
183	190
184	185
184	186
184	189
185	186
185	188
185	189
186	187
186	188
186	190
187	188
188	189
189	190
191	193
191	194
191	195
191	197
191	199
191	200
191	201
191	202
192	193
192	194
192	196
192	197
192	198
192	200
192	201
192	202
193	194
193	195
193	197
193	198
193	199
193	200
193	201
193	202
194	197
194	199
194	200
194	202
195	196
195	198
195	199
195	201
195	202
196	198
196	200
196	201
196	202
197	199
197	200
198	201
198	202
199	200
199	202
200	202
203	204
203	205
203	206
203	207
203	208
203	210
203	211
204	206
204	207
204	208
204	209
205	206
205	207
205	208
205	209
205	211
206	207
206	208
206	209
206	210
207	208
207	209
207	211
208	209
208	210
209	210
212	213
212	214
212	215
212	217
212	219
212	221
212	224
213	217
213	219
213	222
213	223
213	224
214	215
214	217
214	218
214	219
214	220
214	221
214	222
215	216
215	218
215	219
215	223
215	224
216	221
216	223
217	219
217	221
217	222
217	223
217	224
218	219
218	221
218	222
218	223
218	224
219	220
219	221
219	223
219	224
220	223
220	224
221	223
221	224
222	223
222	224
223	224
