\\ machines
25
\\ max power
250
\\ Jobs in machine 1
10
J1	15	12	8	188	0.962865496006233
J2	13	12	104	123	1.1997456735726246
J3	17	6	55	38	0.7510245704445448
J4	14	11	80	153	1.0098770325427064
J5	16	7	72	85	2.199465949377001
J6	14	9	52	98	0.3385927815140011
J7	15	11	40	142	1.2456419462807142
J8	15	5	103	87	1.9521432028997703
J9	15	13	67	87	1.5639547702580376
J10	16	11	63	78	1.4835412079871773
\\ Jobs in machine 2
11
J11	15	13	97	138	1.2765576752096535
J12	14	8	88	144	2.521841902504458
J13	14	3	46	179	2.3871791779109746
J14	13	4	109	78	0.8420243029648898
J15	14	11	66	75	0.8960379848490162
J16	12	6	60	160	1.2688842042810664
J17	14	7	17	120	1.7891498353878372
J18	16	8	31	12	0.6000506142064729
J19	15	13	65	103	0.5960858784802398
J20	15	4	58	186	2.059359684432542
J21	15	5	38	86	1.0154938436082093
\\ Jobs in machine 3
11
J22	15	12	62	45	2.190127521450363
J23	15	6	59	43	0.6003109658975122
J24	13	14	59	64	1.441435210562476
J25	14	3	3	52	2.2070252425197414
J26	13	10	87	91	1.065785010593776
J27	15	13	91	40	1.2992976606079405
J28	14	11	21	20	1.7605890811954383
J29	14	7	56	49	1.4940377205204478
J30	14	5	37	32	0.6467339686745613
J31	14	4	6	171	1.2373864570457291
J32	16	8	57	183	1.649597198893143
\\ Jobs in machine 4
11
J33	13	7	53	76	1.195509695952703
J34	15	14	29	11	1.8466897481776416
J35	14	4	73	57	1.285059329178857
J36	14	10	108	103	1.1822477476479083
J37	15	14	110	26	1.0678155648426784
J38	13	5	81	3	2.1088648207111893
J39	13	6	104	85	0.6145354757106989
J40	16	3	107	172	0.5691551457947017
J41	13	9	88	131	0.734896715356905
J42	15	12	75	92	1.0675526208776276
J43	15	8	49	184	0.8939077114048527
\\ Jobs in machine 5
11
J44	14	10	38	188	0.1
J45	14	2	48	131	0.9583876183408604
J46	14	9	66	21	1.5276798655556474
J47	14	6	20	154	1.6709373529775287
J48	15	9	68	172	1.2397433151185728
J49	15	10	10	45	1.0831339562642603
J50	14	8	76	92	1.2379896263035024
J51	16	3	76	22	0.5088034207282667
J52	15	8	28	51	1.743402350188638
J53	14	13	8	147	0.7342469659605388
J54	15	6	13	40	1.578139903153755
\\ Jobs in machine 6
12
J55	13	4	36	93	1.6234173867279214
J56	13	3	60	75	1.2901668853760702
J57	14	4	33	171	1.3612059648272332
J58	15	13	15	140	0.35598854500934585
J59	15	12	109	40	0.12172485318456627
J60	16	6	40	175	1.7710797443899875
J61	13	11	9	92	1.2719946165039255
J62	15	2	82	84	1.0075817067033177
J63	15	14	102	171	1.5885812399371702
J64	16	12	61	64	0.9915474183866189
J65	15	13	81	2	0.659957610996875
J66	16	7	3	93	1.490443481905266
\\ Jobs in machine 7
11
J67	16	7	27	115	1.3114412148528274
J68	15	6	9	7	1.969280405610852
J69	12	2	83	108	0.914659766524309
J70	14	14	83	83	1.3771076083382414
J71	16	13	90	65	1.367536149704432
J72	14	12	3	101	1.0285596716988963
J73	15	2	55	63	1.5391737485231336
J74	16	12	2	75	1.5108286718347572
J75	14	5	79	100	1.8040206760159063
J76	13	4	52	17	0.5149188133902083
J77	14	14	37	177	2.024648966843327
\\ Jobs in machine 8
11
J78	16	8	110	45	0.40862533135549073
J79	15	8	89	47	1.1483251266396861
J80	14	2	14	124	1.4661665014760221
J81	15	7	3	19	0.541292572603165
J82	15	12	13	103	1.4056446229814863
J83	13	10	57	171	0.6075739143748706
J84	14	1	78	71	1.2158123884063794
J85	13	14	98	130	0.7095766646019437
J86	14	8	105	22	1.5584726554311268
J87	14	9	66	51	1.9481549237655902
J88	15	13	8	163	1.769394010599166
\\ Jobs in machine 9
11
J89	17	7	42	114	0.4835102143045411
J90	15	5	79	158	0.37681479995669265
J91	15	2	89	5	1.7509410273471713
J92	15	6	39	155	1.5306298449694427
J93	15	9	9	45	1.563977170732151
J94	13	12	39	52	1.2740387769194375
J95	16	5	58	149	0.9644500988611562
J96	14	9	32	151	1.4241952742456387
J97	12	2	21	173	0.7663342899854333
J98	15	7	7	48	1.6413833855781332
J99	14	12	108	109	0.757543918903608
\\ Jobs in machine 10
9
J100	13	12	89	185	0.4617269755409752
J101	15	3	109	128	1.8195667402542257
J102	14	6	103	144	1.3874907019379434
J103	16	12	95	70	0.9360524163994819
J104	13	6	76	77	0.8983997585750364
J105	14	1	2	8	0.1
J106	15	13	32	157	1.6402619945241461
J107	13	7	43	112	1.4349769162733463
J108	16	9	79	4	0.8205773921394464
\\ Jobs in machine 11
9
J109	13	2	38	187	0.7560630046261694
J110	15	11	40	127	0.7106639825260603
J111	14	7	70	180	0.6986831123341284
J112	17	6	10	56	1.1909451521110312
J113	15	7	90	77	0.9528900630248412
J114	13	12	41	64	0.7123591571177099
J115	14	6	27	102	0.12590782594814232
J116	14	9	110	50	1.184393265173187
J117	15	11	17	115	1.3125084828975642
\\ Jobs in machine 12
11
J118	15	1	72	126	1.1087429108716387
J119	16	1	83	185	1.6733148635862907
J120	15	12	41	5	0.6438013523483864
J121	15	3	87	136	0.9807961521209885
J122	14	12	2	31	1.5817006168691068
J123	13	1	84	186	1.1241791678189674
J124	15	10	79	175	0.2637921289329739
J125	14	2	20	66	0.6584185076470986
J126	13	3	54	64	0.7743363131376457
J127	14	4	6	176	0.3584010325751097
J128	16	11	41	135	1.0446215284124807
\\ Jobs in machine 13
11
J129	17	3	45	132	0.7477506209906286
J130	13	2	87	138	1.0341551485670073
J131	15	13	25	37	1.017971924854942
J132	15	9	84	107	1.36920094969404
J133	16	2	68	42	0.6712713866033015
J134	14	11	80	24	2.02258287343797
J135	14	4	66	73	1.1108223739113965
J136	15	6	29	97	1.2184521388339817
J137	14	2	35	153	1.707998993831825
J138	14	3	108	87	1.7256034550268116
J139	15	8	93	142	0.7958318368994926
\\ Jobs in machine 14
13
J140	14	7	100	1	1.273830938377049
J141	13	2	66	44	1.353301389960918
J142	15	7	85	102	1.0738446331922318
J143	14	10	30	132	1.2368657093996993
J144	16	5	61	37	1.3097221101860441
J145	14	13	57	38	1.7241672125273717
J146	15	12	72	60	1.3985431718432675
J147	14	8	92	174	0.8417722517465738
J148	16	6	109	171	1.5105411830176372
J149	15	1	47	41	1.3134785514877774
J150	13	13	5	171	1.7297302872705904
J151	14	4	26	3	1.5072715698350572
J152	14	1	38	160	0.6283055410736679
\\ Jobs in machine 15
10
J153	14	13	62	62	0.39289281780691276
J154	15	14	22	59	0.8553944926233674
J155	13	14	44	43	1.0400706033936675
J156	14	10	68	46	2.176009270204056
J157	14	2	63	132	1.0864928773336242
J158	13	1	104	56	1.5550866817355506
J159	16	8	39	82	2.317213000797608
J160	14	1	31	82	1.6024397024960435
J161	15	11	53	50	1.164919725937383
J162	15	9	28	110	1.2300976104390662
\\ Jobs in machine 16
10
J163	15	12	41	130	1.5231150769474255
J164	15	6	18	78	1.4132363053509247
J165	14	4	61	180	1.1578489609046319
J166	15	12	76	175	1.0881858908122948
J167	14	5	6	179	1.4931719441135862
J168	14	12	12	16	0.42875811128671126
J169	14	13	69	125	1.5567713961079235
J170	15	13	97	129	1.2650436283169464
J171	14	13	26	59	1.2488336300429996
J172	15	6	89	60	1.2924086889103612
\\ Jobs in machine 17
9
J173	13	2	34	187	1.1986119424608734
J174	14	5	101	161	1.4258980020985934
J175	15	8	51	114	1.209195079405829
J176	13	7	110	155	0.8884725682268104
J177	15	13	47	163	1.3818535410346013
J178	16	8	70	104	1.8828497670683766
J179	14	7	84	7	1.3666120677311924
J180	16	12	14	74	0.2959991109370387
J181	13	6	102	30	1.3383871971395225
\\ Jobs in machine 18
10
J182	13	11	70	40	0.1
J183	15	14	105	152	1.4384251856551251
J184	14	9	62	25	1.2007532225223534
J185	14	1	26	155	1.820281095809475
J186	14	5	34	115	0.8458806500470814
J187	15	9	14	130	1.5913205052462418
J188	13	6	34	173	0.44762349917694577
J189	13	14	49	52	0.8570096746494538
J190	13	2	93	54	0.9960721867589981
J191	13	5	46	16	0.888384851679372
\\ Jobs in machine 19
13
J192	16	9	5	179	1.146573207402333
J193	13	8	81	47	1.5541800434227309
J194	15	13	66	183	1.652061569501277
J195	15	13	77	3	1.755947196549326
J196	13	7	107	155	1.732036930465349
J197	13	13	51	49	1.5711961676934203
J198	14	6	30	35	1.6051790204809793
J199	14	5	8	28	0.9617335127782458
J200	15	3	58	47	0.6970407011141272
J201	13	9	78	17	0.32975172415191745
J202	15	9	49	142	1.0334921477646057
J203	13	12	16	22	0.6856087142204169
J204	14	11	10	7	1.58107787164063
\\ Jobs in machine 20
11
J205	16	1	84	113	1.5622413436561302
J206	17	9	69	99	1.6283329193706741
J207	15	1	87	101	0.5153103694260013
J208	17	14	93	3	0.9707856317138425
J209	15	9	25	40	1.6363222880248705
J210	15	7	39	13	1.0954285495594307
J211	14	5	18	178	2.172714237270453
J212	15	6	49	77	0.7487241058518115
J213	14	8	10	25	0.9796367590182458
J214	15	8	50	125	1.3750865305336093
J215	14	5	63	128	0.3289823257424268
\\ Jobs in machine 21
12
J216	13	10	49	146	1.0183079347414898
J217	15	3	100	32	1.0845706797505275
J218	14	14	5	68	0.7284753267897046
J219	15	14	92	56	0.9952807744990187
J220	17	1	76	176	1.120540015970268
J221	14	4	29	15	0.6984294577820551
J222	15	6	84	171	1.135922772035409
J223	14	1	7	85	0.49425559499221683
J224	15	3	43	127	1.740226756688891
J225	16	6	47	166	0.7308769251200191
J226	14	11	47	33	0.5237051141419286
J227	14	4	6	172	1.4169753120486566
\\ Jobs in machine 22
10
J228	13	4	42	93	0.5343174947678845
J229	13	1	38	19	0.8891454216151579
J230	14	5	31	66	0.7147527781493512
J231	15	1	28	63	1.2111365818777153
J232	15	4	105	131	2.255459207828547
J233	14	7	16	127	1.197762230075205
J234	14	6	99	25	0.9079642776353296
J235	14	11	98	81	2.0290957881317695
J236	14	14	89	23	1.2941380485816836
J237	14	14	21	13	0.8975726355140394
\\ Jobs in machine 23
12
J238	14	10	2	91	1.3655123056662457
J239	14	2	36	95	1.1867453122619707
J240	14	9	80	130	0.47652421819799673
J241	16	1	20	27	2.691233664962115
J242	14	5	106	110	0.3898322500454884
J243	14	11	21	28	1.326354650653126
J244	14	14	80	180	1.3253571970833087
J245	14	12	48	151	0.911585036625481
J246	14	10	53	32	1.149131309223323
J247	15	11	67	147	1.3705314271775313
J248	15	14	94	12	2.129461209713394
J249	14	11	96	69	1.1487811535814956
\\ Jobs in machine 24
12
J250	17	7	40	183	0.8864277733165806
J251	16	2	43	164	1.2072578479725713
J252	16	3	35	113	1.1645109476071398
J253	15	4	30	87	1.3833446850640931
J254	15	1	64	115	1.5616202939586297
J255	15	9	52	50	2.2367134287319113
J256	15	1	70	85	1.7936946971648555
J257	16	5	96	49	0.9313279879210997
J258	13	5	14	170	1.9597440959189907
J259	14	6	42	147	1.3547607901533179
J260	16	5	47	109	2.200365955564805
J261	14	14	17	34	2.130510028785202
\\ Jobs in machine 25
10
J262	15	11	52	32	0.7673504837113021
J263	14	6	60	116	1.8192503542536294
J264	14	7	42	51	0.8458643705608447
J265	14	4	2	110	0.5726452443772854
J266	16	14	67	20	1.6794349394391725
J267	13	12	24	20	1.6611486377755103
J268	14	10	79	145	0.9585392043655223
J269	16	4	64	9	1.2514055684743455
J270	13	6	74	56	1.8088860516622174
J271	16	9	47	94	1.0708005592499166
\\ Dependencies 
848
1	3
1	5
1	6
1	7
1	8
1	9
1	10
2	3
2	4
2	5
2	8
2	9
2	10
3	4
3	7
3	8
3	10
4	5
4	7
4	9
4	10
5	6
5	8
5	9
5	10
6	8
7	9
8	9
8	10
9	10
11	12
11	13
11	16
11	20
11	21
12	13
12	14
12	21
13	14
13	17
13	19
13	20
13	21
14	15
14	16
14	18
14	20
14	21
15	16
15	18
16	17
16	18
16	19
16	20
16	21
17	18
17	20
18	20
19	21
22	23
22	26
22	27
22	28
22	29
22	30
22	31
22	32
23	25
23	28
23	29
23	30
23	31
24	26
24	27
24	28
24	29
25	26
25	27
25	28
25	29
25	30
25	31
25	32
26	27
26	28
26	29
26	32
27	29
27	31
28	31
28	32
29	30
29	31
30	31
30	32
31	32
33	34
33	36
33	37
33	38
33	40
33	41
33	43
34	35
34	36
34	38
34	39
34	40
34	41
34	43
35	38
35	42
36	38
36	39
37	38
37	39
37	40
37	41
37	43
38	40
38	42
38	43
39	41
40	43
41	43
44	45
44	47
44	48
44	49
44	53
44	54
45	46
45	47
45	48
45	50
45	51
45	54
46	47
46	49
46	50
46	51
46	52
47	49
47	52
47	53
48	49
48	50
48	52
48	53
49	50
49	52
49	53
50	51
50	53
50	54
51	53
51	54
52	53
52	54
55	56
55	57
55	58
55	59
55	60
55	61
55	64
55	65
56	57
56	58
56	59
56	60
56	62
56	63
56	66
57	59
57	60
57	62
57	63
57	64
57	65
58	59
58	61
58	63
59	60
59	61
59	62
59	63
59	64
59	66
60	62
60	63
60	64
60	65
60	66
61	62
61	63
61	64
62	63
62	64
62	66
63	65
63	66
64	66
65	66
67	69
67	71
67	72
67	73
67	74
67	76
68	70
68	72
68	73
68	76
69	70
69	71
69	73
69	74
69	75
69	76
69	77
70	71
70	72
70	73
70	75
70	76
71	73
71	76
72	74
72	75
72	77
73	74
73	75
73	76
73	77
74	75
74	76
75	76
75	77
76	77
78	79
78	82
78	83
78	88
79	80
79	82
79	83
79	84
79	85
79	87
79	88
80	82
80	84
80	85
80	86
80	87
81	82
81	83
81	85
81	86
82	83
82	86
82	88
83	84
83	85
83	86
83	87
84	87
84	88
85	87
85	88
86	88
89	90
89	92
89	93
89	94
89	95
89	97
89	98
89	99
90	91
90	92
90	93
90	95
90	97
90	99
91	92
91	93
91	96
91	97
91	98
92	93
92	94
92	95
92	96
92	97
92	99
93	94
93	95
93	97
93	99
94	95
94	98
94	99
95	96
95	97
95	98
95	99
96	97
97	99
100	105
100	106
100	108
101	103
101	106
102	103
102	104
102	107
102	108
103	104
103	105
103	106
103	107
104	106
104	108
105	106
105	107
109	111
109	112
109	113
109	114
109	116
109	117
110	111
110	113
110	114
111	112
111	113
111	114
111	116
111	117
112	117
113	114
113	115
113	116
114	115
114	116
114	117
115	117
118	119
118	121
118	122
118	123
118	124
118	126
118	127
118	128
119	120
119	121
119	122
119	124
119	126
119	128
120	121
120	122
120	123
120	125
120	126
121	122
121	124
121	128
122	123
122	124
122	125
123	124
123	125
123	128
124	127
124	128
125	126
125	127
125	128
126	128
127	128
129	130
129	131
129	132
129	134
129	137
129	138
130	136
130	137
130	138
131	132
131	135
131	137
131	139
132	133
132	135
132	136
132	137
132	138
132	139
133	136
133	138
133	139
134	135
134	137
134	138
134	139
135	136
135	137
135	138
136	137
136	138
137	138
137	139
140	141
140	143
140	144
140	145
140	146
140	147
140	148
140	149
140	151
140	152
141	142
141	144
141	145
141	147
141	150
142	144
142	145
142	146
142	147
142	148
142	150
142	151
143	144
143	145
143	147
143	148
143	151
143	152
144	145
144	148
144	149
144	150
144	151
144	152
145	146
145	147
145	148
145	151
145	152
146	147
146	148
146	149
146	150
146	151
146	152
147	149
147	151
147	152
148	149
148	150
148	151
148	152
149	150
149	151
150	151
151	152
153	154
153	156
153	157
153	158
153	159
153	161
154	155
154	159
154	160
154	162
155	158
155	160
155	161
155	162
156	157
156	159
156	160
157	158
157	159
157	162
158	160
158	161
158	162
159	160
160	161
160	162
161	162
163	164
163	165
163	167
163	170
164	165
164	166
164	168
164	169
164	170
164	171
164	172
165	167
165	168
165	169
165	171
166	167
166	169
166	171
166	172
167	168
167	169
167	170
167	172
168	169
168	170
168	172
169	171
169	172
173	174
173	175
173	180
173	181
174	177
174	178
174	179
175	177
175	178
175	180
175	181
176	180
177	180
178	179
178	180
179	180
179	181
180	181
182	183
182	188
182	189
182	190
182	191
183	187
183	189
183	191
184	185
184	186
184	187
184	189
184	190
184	191
185	186
185	188
185	189
185	190
185	191
186	187
186	188
186	189
186	190
186	191
187	188
187	190
187	191
188	189
188	190
188	191
189	190
192	193
192	194
192	195
192	196
192	197
192	198
192	199
192	200
192	201
192	203
193	194
193	195
193	197
193	199
193	200
193	201
193	202
194	196
194	197
194	198
194	199
194	201
194	202
194	203
194	204
195	196
195	197
195	198
195	200
195	201
195	202
195	203
196	198
196	199
196	200
196	202
196	203
197	198
197	203
197	204
198	199
198	203
198	204
199	200
199	201
199	202
199	203
199	204
200	204
201	203
201	204
202	203
202	204
203	204
205	207
205	210
205	215
206	207
206	208
206	210
206	211
206	212
206	213
206	214
206	215
207	208
207	211
207	212
207	213
207	214
208	209
208	210
208	211
208	213
209	210
209	213
209	214
209	215
210	212
210	213
210	214
210	215
211	212
211	215
212	214
212	215
213	214
213	215
214	215
216	217
216	219
216	220
216	222
216	226
216	227
217	220
217	221
217	222
217	223
217	224
217	225
217	226
217	227
218	220
218	221
218	222
218	224
218	225
218	226
218	227
219	223
219	224
219	227
220	225
220	226
220	227
221	222
221	223
221	224
221	225
221	227
222	223
222	224
222	226
223	224
223	225
223	226
223	227
224	226
224	227
225	226
226	227
228	229
228	230
228	232
228	234
228	235
228	236
228	237
229	230
229	231
229	233
229	234
229	236
230	231
230	232
230	233
230	234
230	235
230	237
231	232
231	233
231	235
231	236
231	237
232	233
232	234
232	235
232	237
233	234
233	237
234	236
235	236
236	237
238	239
238	240
238	242
238	244
238	245
238	246
238	247
238	248
238	249
239	242
239	244
239	246
239	248
239	249
240	241
240	242
240	243
240	245
240	247
240	248
241	244
241	246
242	243
242	244
242	245
242	246
242	247
243	244
243	245
243	247
243	248
243	249
244	246
244	249
245	246
245	247
247	249
248	249
250	251
250	252
250	253
250	255
250	256
250	257
250	260
250	261
251	253
251	254
251	255
251	256
251	257
251	258
251	259
251	260
251	261
252	253
252	254
252	255
252	256
252	257
252	259
252	261
253	254
253	255
253	256
253	257
253	258
253	259
253	261
254	255
254	256
254	259
255	256
255	257
255	261
256	258
256	259
257	259
257	261
258	259
259	261
262	264
262	265
262	266
262	268
262	269
262	271
263	265
263	270
264	265
264	266
264	268
264	271
265	266
265	267
265	268
265	269
265	271
266	268
266	269
267	268
267	269
267	270
267	271
268	269
268	270
270	271
