\\ machines
20
\\ max power
200
\\ Jobs in machine 1
11
J1	13	8	81	4	1.6900053240767903
J2	14	12	31	45	1.324466757588958
J3	16	14	16	16	0.39731732147090193
J4	15	4	58	45	0.9237258590685218
J5	14	5	48	17	0.13959028576899501
J6	15	9	40	37	1.6579823200751613
J7	15	6	83	25	0.8220721540200535
J8	14	7	15	42	0.7322315697848516
J9	13	14	63	24	1.2218994376759145
J10	14	6	81	25	1.0461752047971784
J11	15	6	45	18	0.9408777596768254
\\ Jobs in machine 2
9
J12	13	7	2	41	0.5360699437065873
J13	13	5	84	32	0.6005546926410441
J14	16	8	92	26	1.5092667889875555
J15	14	10	81	32	1.7312788698850214
J16	15	12	49	1	1.0628193963976542
J17	17	13	18	20	1.4154743144989868
J18	16	10	78	22	1.4232251389690163
J19	15	8	97	41	0.7016118891656009
J20	14	5	103	11	1.8252182019745598
\\ Jobs in machine 3
12
J21	14	8	28	46	1.0607284654503844
J22	12	10	21	5	1.121489134087762
J23	16	2	82	32	0.8169546159210583
J24	18	3	94	10	1.0055475604415216
J25	16	7	103	17	0.6505900774444321
J26	15	6	52	45	1.6579726830245043
J27	12	6	104	42	1.4820454134955559
J28	13	5	17	33	0.37496496903539756
J29	15	14	46	17	0.6021852174987021
J30	16	5	26	21	0.19368080418162625
J31	15	14	18	11	0.9719143587565378
J32	16	4	80	50	1.9432602723125254
\\ Jobs in machine 4
11
J33	15	3	70	21	1.1586540390581568
J34	14	6	61	39	0.9814349945517793
J35	16	11	63	25	0.9868219133041842
J36	14	10	103	8	1.6602353004003554
J37	16	2	53	44	1.226442464517211
J38	12	11	88	31	1.0832329208157139
J39	14	14	7	26	1.6532799971702907
J40	13	3	43	38	2.040851196906506
J41	15	2	42	21	1.5326821772885681
J42	15	14	11	1	1.4221915522341169
J43	13	10	88	1	1.7156733063544307
\\ Jobs in machine 5
11
J44	14	14	22	8	0.16103160768241165
J45	14	3	64	41	1.1870616388803412
J46	15	8	2	18	1.092764578394806
J47	15	5	10	36	0.8575414156448362
J48	13	6	54	43	1.8042200821329606
J49	14	10	59	20	0.5128443377564949
J50	12	4	64	45	1.1447024345848922
J51	15	8	25	45	2.105097782431427
J52	16	4	95	36	1.9100086487668237
J53	16	3	47	5	0.3919457052448857
J54	13	13	68	27	2.2430080860788073
\\ Jobs in machine 6
10
J55	14	11	77	36	1.5437284954261887
J56	14	3	100	30	1.126850881613608
J57	16	14	13	49	1.3625350082587255
J58	13	6	25	6	1.4259232635892995
J59	15	14	59	46	1.197050234342015
J60	13	9	43	24	1.8248735343997466
J61	14	5	75	5	1.0006351035522325
J62	15	5	105	25	0.6892749621662617
J63	14	4	4	20	0.9574307153140172
J64	14	13	76	15	0.9796299209972891
\\ Jobs in machine 7
11
J65	14	14	49	40	1.368610188931594
J66	15	7	13	19	1.930797338369668
J67	15	4	25	25	0.4815851139676459
J68	14	13	58	22	0.7168892576579543
J69	14	5	7	16	2.0000845472785223
J70	14	14	84	7	1.95658077351464
J71	13	4	105	25	1.654097698004807
J72	14	11	67	41	1.0208358719013466
J73	17	8	30	37	0.9064752341959509
J74	14	12	77	22	0.7863824005820408
J75	14	5	100	36	1.2216145571376409
\\ Jobs in machine 8
12
J76	15	8	48	45	0.9592985918476543
J77	15	10	57	15	1.9790278900945726
J78	15	7	57	41	1.681065829241322
J79	13	4	45	49	0.7108135020367317
J80	13	7	26	35	1.1986753474669465
J81	15	12	78	5	1.513171701618978
J82	15	13	26	20	1.365415969558256
J83	15	7	34	20	1.2378789850186707
J84	14	4	10	37	0.564517318891291
J85	12	8	28	38	0.8093627976309574
J86	15	7	31	40	1.5594949955939414
J87	14	14	22	48	1.4073276019109096
\\ Jobs in machine 9
10
J88	13	11	98	4	1.720727895541807
J89	17	5	57	46	1.5691941958933062
J90	14	4	52	33	0.3459866061304899
J91	15	6	20	4	0.4887120533445911
J92	14	5	84	24	2.531859534670696
J93	14	2	51	49	1.2432741003609324
J94	15	5	16	46	1.5415400267248631
J95	14	1	71	38	2.1206328367142233
J96	13	6	97	13	1.6283918360738752
J97	16	7	36	38	1.6647623385134014
\\ Jobs in machine 10
12
J98	13	7	4	1	0.8937831763884256
J99	15	12	90	2	1.4691117995547667
J100	15	7	10	19	1.0366062369901026
J101	15	8	82	3	1.0747074032521757
J102	14	10	54	17	0.9165974633376153
J103	14	5	80	32	2.2511684922647475
J104	16	13	15	30	1.5571089157130835
J105	17	12	109	44	0.19289998261343655
J106	15	6	16	41	1.4675814618870235
J107	15	13	53	34	0.995361737232607
J108	14	3	105	27	1.6063461413757243
J109	14	5	22	20	1.5707447425344816
\\ Jobs in machine 11
10
J110	14	4	96	34	0.6618383421198717
J111	17	13	62	25	0.7541867195895433
J112	14	8	98	18	0.6547344777819913
J113	15	9	45	44	1.8334246842418744
J114	15	13	30	24	2.2992120425766283
J115	14	4	86	41	1.9843195626650683
J116	15	9	10	29	0.7970409063862163
J117	16	13	89	47	1.617534794583839
J118	15	5	52	31	1.1832960245966175
J119	14	6	84	12	1.4905781451401503
\\ Jobs in machine 12
11
J120	13	3	83	24	1.5615008536065265
J121	13	1	39	14	2.3208972084049835
J122	14	12	84	48	0.8729132135296693
J123	14	8	68	27	1.3427912820848675
J124	14	12	10	5	1.841815681801371
J125	14	6	80	34	0.3922806884870025
J126	14	8	44	23	1.1960220624597666
J127	16	12	13	11	1.2523671324515064
J128	16	1	96	5	0.5715851644390474
J129	14	1	3	50	1.5719575255585587
J130	15	1	95	42	1.7310722475488842
\\ Jobs in machine 13
11
J131	13	3	79	6	1.1067575030589785
J132	14	3	91	37	0.1319982005017979
J133	14	2	103	12	1.0893774697154037
J134	13	5	81	32	1.2390889169385788
J135	15	11	51	9	0.4178939560984868
J136	16	9	95	32	1.4575061060805785
J137	14	13	65	41	0.7431897061429559
J138	14	10	67	40	0.7777985831912381
J139	15	10	58	11	1.258902072273131
J140	15	3	41	9	1.5407881947057764
J141	15	1	109	11	0.6317595352437817
\\ Jobs in machine 14
10
J142	14	12	34	33	1.941872926684888
J143	15	6	17	35	2.3194146157476787
J144	13	2	67	24	0.9825281058714106
J145	14	6	51	6	0.7033831406575455
J146	13	10	44	24	1.0717164665733903
J147	15	2	9	32	0.9566595676350007
J148	13	4	43	23	0.5309901029909617
J149	14	12	43	3	1.733297423260536
J150	14	9	101	3	2.145487370509192
J151	14	4	68	29	1.6647722937121907
\\ Jobs in machine 15
10
J152	14	14	4	35	1.7609251283395524
J153	15	5	87	16	1.1959079761441536
J154	15	2	53	3	1.82117179161733
J155	14	12	65	43	1.58916668686131
J156	16	8	89	47	2.4352803786896366
J157	16	6	18	46	0.9574697969144028
J158	14	6	46	12	1.342873218624364
J159	15	7	62	15	0.909005004292198
J160	14	14	88	23	1.3350968187341343
J161	15	9	16	48	0.8284218177076754
\\ Jobs in machine 16
12
J162	14	9	37	24	1.1433002602231568
J163	14	5	27	18	1.6344904810873588
J164	15	2	26	27	2.0887106038945618
J165	15	1	69	28	0.9929412464438216
J166	14	12	99	50	1.1672533931999838
J167	15	4	43	40	1.4792508142849443
J168	15	1	53	9	1.6014478342378573
J169	15	6	55	24	0.4944045012958851
J170	14	6	110	37	0.2703300668693457
J171	14	13	46	27	2.063124846511022
J172	14	13	11	50	0.960494755133362
J173	14	4	101	7	2.29437281951304
\\ Jobs in machine 17
13
J174	14	9	65	2	1.0136951605324465
J175	14	13	26	34	1.8010010549221072
J176	14	5	48	36	1.4318857787934893
J177	15	9	103	3	0.6328768306117462
J178	14	1	41	29	0.20863018653890852
J179	15	9	20	37	1.6559914669529006
J180	14	8	102	12	1.3248306397960135
J181	15	5	40	39	0.78300936212282
J182	14	10	23	26	1.3730207556758254
J183	15	5	51	31	1.9181212408267894
J184	14	14	59	4	1.0953176260166806
J185	15	3	27	6	1.3642012843756084
J186	14	3	6	1	1.0564340034925737
\\ Jobs in machine 18
10
J187	14	12	25	6	0.5084766033558885
J188	14	11	49	6	1.8941612949140694
J189	15	6	94	25	1.015888800250081
J190	14	13	77	14	0.1
J191	13	6	17	18	0.5636851758848214
J192	16	5	58	50	0.7344984388531104
J193	15	14	42	46	1.5903098727804816
J194	15	7	13	16	0.7286321678252006
J195	15	1	28	19	1.571828538213822
J196	16	9	85	31	1.5691926985980629
\\ Jobs in machine 19
12
J197	16	6	104	35	0.9992297351143622
J198	15	14	105	4	1.0050939935901086
J199	16	3	69	19	1.2615183875577003
J200	16	12	80	7	1.775885521526876
J201	16	2	75	16	0.8988148186721523
J202	14	1	28	24	1.0344904853519594
J203	15	4	37	13	0.5557570390192286
J204	15	8	40	49	0.7671879443962757
J205	17	4	73	38	1.1690380493911396
J206	14	1	4	11	1.1687195047056056
J207	16	10	70	41	0.8271048911431045
J208	15	9	90	6	1.2969152060300355
\\ Jobs in machine 20
13
J209	15	13	87	40	1.7084830042326755
J210	14	10	104	29	1.0900445876149227
J211	13	4	89	13	3.055573155578875
J212	14	6	55	23	1.0797797955887856
J213	11	2	42	19	1.5089120523019304
J214	14	3	110	28	2.026955592114929
J215	14	9	29	35	2.003626462412738
J216	14	5	78	47	1.5042602251557111
J217	14	7	59	8	1.7377383221557086
J218	15	14	108	25	0.7500607098903649
J219	14	3	23	19	1.8838386939994807
J220	15	13	13	41	1.515747186064853
J221	13	3	2	12	1.9139884267080336
\\ Dependencies 
608
1	2
1	3
1	5
1	6
1	11
2	3
2	4
2	5
2	9
2	10
2	11
3	5
3	10
3	11
4	5
4	7
4	9
4	10
5	6
5	8
5	9
5	10
6	7
6	9
6	10
8	10
9	10
10	11
12	14
12	15
12	17
12	18
12	19
12	20
13	18
13	19
14	16
14	18
14	19
15	16
15	19
16	17
16	19
16	20
17	18
17	19
18	20
19	20
21	22
21	23
21	24
21	27
21	28
21	29
21	30
22	23
22	25
22	28
22	29
23	25
23	27
23	30
23	31
23	32
24	26
24	28
24	30
24	31
25	27
25	28
25	29
25	30
25	31
25	32
26	27
26	28
26	30
27	28
27	30
27	32
28	31
30	31
31	32
33	34
33	35
33	38
33	41
33	42
33	43
34	35
34	36
34	40
34	41
34	42
35	36
35	38
35	39
35	40
35	42
35	43
36	40
36	42
37	39
37	40
37	41
38	41
39	40
39	41
40	41
40	42
41	42
41	43
42	43
44	46
44	47
44	48
44	49
44	50
44	51
45	46
45	47
45	51
45	53
46	48
46	50
46	52
47	48
47	49
47	51
47	53
48	51
48	53
49	51
49	52
49	54
51	52
51	53
51	54
52	54
55	56
55	58
55	59
56	59
56	60
56	61
56	62
57	62
57	64
58	59
58	62
58	63
58	64
59	61
59	63
60	61
60	62
60	63
60	64
61	64
62	63
62	64
63	64
65	70
65	71
65	72
65	73
65	74
66	67
66	68
66	69
66	70
66	73
66	74
67	68
67	69
67	70
67	71
67	72
67	74
67	75
68	74
68	75
69	70
69	72
69	73
69	75
70	71
70	72
70	73
70	75
71	72
71	73
72	75
76	79
76	82
76	84
76	85
76	86
76	87
77	78
77	80
77	81
77	82
77	83
77	84
78	81
78	82
78	84
78	87
79	80
79	84
79	85
80	81
80	83
80	86
81	82
81	85
81	86
82	83
82	85
82	86
83	85
83	86
84	86
84	87
86	87
88	90
88	94
88	97
89	90
89	92
89	93
89	94
89	95
89	96
89	97
90	94
90	97
91	94
91	96
92	94
92	95
92	97
93	94
93	96
94	95
94	96
94	97
95	96
96	97
98	99
98	102
98	107
98	109
99	100
99	101
99	102
99	103
99	104
99	106
99	108
100	101
100	102
100	103
100	106
100	108
101	103
101	107
101	108
101	109
102	105
102	106
102	108
102	109
103	106
103	107
104	106
104	107
104	109
105	106
105	107
105	108
105	109
106	108
106	109
107	108
107	109
110	111
110	113
110	114
110	115
110	116
110	118
111	112
111	113
111	114
111	115
111	116
111	117
111	119
112	114
112	115
112	116
113	115
113	118
114	116
114	117
114	118
115	116
115	117
115	118
116	119
117	118
118	119
120	121
120	123
120	124
120	125
120	126
120	128
120	130
121	122
121	123
121	125
121	127
121	128
121	129
122	123
122	125
122	126
122	130
123	125
123	129
124	125
124	126
124	127
124	128
124	129
125	127
126	129
126	130
127	128
127	129
127	130
128	129
128	130
129	130
131	134
131	135
131	137
131	139
131	140
131	141
132	134
132	136
132	137
132	138
132	141
133	134
133	136
133	137
133	138
133	141
134	141
135	137
135	139
136	137
136	139
136	141
137	138
138	140
139	140
142	144
142	148
142	149
142	150
143	144
143	146
143	148
143	149
143	151
144	146
144	147
144	148
144	150
145	146
145	147
145	149
145	150
146	147
146	149
146	151
147	151
149	150
149	151
150	151
152	155
152	156
152	157
152	159
152	161
153	154
153	157
153	161
154	158
154	161
155	156
155	157
155	158
155	160
155	161
156	157
156	159
156	161
157	158
157	159
157	160
160	161
162	164
162	165
162	166
162	170
162	172
162	173
163	167
163	168
163	169
163	170
164	165
164	167
164	168
164	169
164	171
165	168
165	170
165	171
165	173
166	167
166	169
166	170
166	171
166	172
166	173
167	168
167	169
167	170
167	171
167	173
168	169
168	170
168	173
169	172
169	173
170	171
172	173
174	175
174	176
174	177
174	178
174	179
174	180
174	181
174	183
174	184
175	176
175	180
175	181
175	182
175	184
175	186
176	177
176	178
176	180
176	181
176	182
176	183
176	185
176	186
177	178
177	179
177	180
177	183
177	185
177	186
178	181
178	182
178	184
178	185
178	186
179	180
179	182
179	184
179	185
179	186
180	182
180	183
180	184
180	185
181	182
181	183
181	184
181	185
181	186
182	183
182	184
182	185
183	185
184	185
187	188
187	190
187	192
187	194
187	196
188	190
188	191
188	192
188	193
188	194
188	195
188	196
189	190
189	193
190	191
190	192
190	196
191	193
191	194
191	195
192	194
192	195
192	196
193	194
195	196
197	201
197	202
197	205
197	206
197	207
198	202
198	203
198	204
198	207
198	208
199	200
199	202
199	203
199	205
199	206
199	208
200	201
200	203
200	207
200	208
201	203
201	206
201	207
202	203
202	205
202	206
202	207
203	204
203	207
203	208
204	206
204	208
205	206
205	207
205	208
206	207
206	208
209	213
209	214
209	217
209	220
209	221
210	211
210	212
210	213
210	218
210	219
210	220
211	212
211	213
211	214
211	215
211	217
211	220
212	214
212	215
212	218
212	221
213	217
213	219
214	215
214	216
214	219
215	216
215	217
215	219
215	220
215	221
216	219
216	220
217	219
217	221
218	219
219	220
220	221
