\\ machines
7
\\ max power
70
\\ Jobs in machine 1
13
J1	15	9	110	9	0.5406520885733154
J2	16	2	64	4	1.255390794999759
J3	15	7	60	2	1.4666563019245262
J4	15	3	48	6	0.9260215827100244
J5	16	4	56	17	1.230630027918778
J6	14	3	98	7	1.7523854480669698
J7	16	13	106	1	0.9212064894370018
J8	13	13	73	12	0.9805345900354363
J9	15	6	11	8	0.43815782931590797
J10	16	8	77	3	0.7612746789038434
J11	15	10	40	15	0.8469764204724113
J12	14	4	20	10	1.4973475882114236
J13	15	6	61	5	1.1209906728110068
\\ Jobs in machine 2
12
J14	15	3	49	2	0.7340305571970105
J15	13	9	105	17	1.4097005128432087
J16	15	11	87	3	0.7283422604642609
J17	15	8	12	13	0.7088039825588925
J18	14	1	71	11	1.5647608795031207
J19	14	12	100	10	0.5503492299749696
J20	15	6	29	6	0.42084269519031814
J21	15	13	13	16	2.4930965359550834
J22	14	2	17	17	0.625414942606711
J23	14	4	7	7	1.1861729739529474
J24	16	6	58	6	0.5599882968835903
J25	14	8	88	13	1.5787061220914436
\\ Jobs in machine 3
11
J26	16	5	58	9	1.140230379667933
J27	13	4	80	7	1.4463473586243263
J28	15	1	5	15	1.3928339077264544
J29	15	2	96	16	1.4565278175393657
J30	15	14	56	7	0.5772767041639721
J31	14	5	70	15	1.4247981896328583
J32	14	14	95	15	0.2883967595522511
J33	15	6	78	2	1.0922620677154733
J34	13	4	86	9	1.553587051330231
J35	16	4	71	9	1.8629299872033944
J36	14	4	66	16	0.6994309024393076
\\ Jobs in machine 4
11
J37	16	13	32	9	1.240841005680539
J38	15	9	105	15	0.6084509540413074
J39	14	11	11	8	1.3510977560134472
J40	13	6	32	12	2.0341817132951103
J41	15	1	108	13	1.1334879942598906
J42	15	5	103	13	1.6270470001798956
J43	14	4	69	6	1.1902883318217528
J44	14	14	2	3	0.511773066587177
J45	15	11	44	12	0.9283760854513587
J46	14	13	66	13	1.3686109959021384
J47	14	1	109	18	2.0003881734358426
\\ Jobs in machine 5
11
J48	13	6	56	3	1.3824192989069457
J49	13	10	6	2	1.8435928123855307
J50	13	11	14	14	1.264870803686223
J51	16	8	44	7	2.0901431381475613
J52	15	6	37	12	1.5929914049959149
J53	14	13	26	5	2.247632492331356
J54	14	7	64	4	1.2631528969361132
J55	13	5	110	1	1.840658672989575
J56	13	1	15	17	1.9785140920532882
J57	14	14	44	15	1.8743161516523719
J58	14	6	110	14	1.0987145250794197
\\ Jobs in machine 6
13
J59	16	5	29	8	1.0450048597733208
J60	15	4	65	13	0.41547039582364376
J61	16	1	110	12	1.570615816098857
J62	15	12	88	10	0.5888191747281687
J63	15	4	17	12	0.4989212509882074
J64	15	14	95	16	1.0069164206492422
J65	14	2	41	15	1.2422772774000628
J66	14	12	32	15	1.045233083722783
J67	15	3	28	9	1.5560715222085135
J68	13	3	5	2	1.6994439308841383
J69	14	3	72	3	0.1
J70	15	2	107	10	0.939678286551377
J71	14	10	86	17	1.0963232455760605
\\ Jobs in machine 7
11
J72	14	6	82	11	1.0426726061939524
J73	14	4	35	8	1.1523463862113346
J74	15	13	71	18	1.3112331647094944
J75	12	11	69	4	0.6592515161233242
J76	16	1	108	15	1.2718302754752666
J77	16	2	46	15	1.3091960730868806
J78	14	6	89	8	0.3469549879523369
J79	16	2	28	11	0.741868459007148
J80	14	3	65	14	1.5007265122289613
J81	15	7	72	6	1.2427097755069993
J82	14	3	40	9	1.812996203925117
\\ Dependencies 
76
1	12
2	10
2	11
3	9
5	13
6	7
6	8
6	9
6	10
6	12
8	11
9	12
14	15
14	17
14	21
15	18
15	22
16	22
17	18
17	22
17	23
18	22
18	25
19	22
20	21
20	24
26	27
27	29
27	36
28	36
29	34
29	35
31	32
37	39
37	40
37	41
37	46
38	47
39	42
39	44
41	45
42	43
43	44
45	47
48	54
48	55
50	53
50	56
51	52
51	53
52	54
52	57
53	57
55	56
56	58
59	61
59	63
59	69
60	67
61	67
61	68
61	70
63	66
63	67
64	70
65	67
67	68
68	70
72	78
73	74
73	75
73	78
74	81
76	78
78	80
79	81
