\\ machines
12
\\ max power
120
\\ Jobs in machine 1
11
J1	14	13	103	39	0.7776995307882815
J2	13	3	26	35	0.586760008769894
J3	15	10	59	59	1.4403874077719703
J4	15	9	30	54	1.6773704307055017
J5	13	10	108	19	1.4070290169739703
J6	13	5	75	21	0.6826987560273207
J7	15	10	33	55	1.940888308821469
J8	13	13	3	3	1.23321476743964
J9	15	14	18	60	1.22797306119051
J10	13	1	83	26	2.4615995727214552
J11	15	11	23	9	1.8456166306975719
\\ Jobs in machine 2
10
J12	14	3	4	12	0.8939796469128855
J13	14	5	52	24	0.1
J14	15	14	81	46	1.3557422558440044
J15	15	2	38	26	2.1188541422866054
J16	16	13	80	10	0.9054693400104471
J17	13	8	80	21	1.6050855985730488
J18	13	4	64	29	1.0914588401565213
J19	14	14	19	52	1.0600148501597428
J20	14	1	48	18	1.1263990000672128
J21	14	4	59	41	1.2665590467228207
\\ Jobs in machine 3
12
J22	16	14	52	32	0.662756330944151
J23	15	6	10	40	1.2008761531133856
J24	13	1	80	2	2.411157895819672
J25	15	9	11	2	1.2753883206793544
J26	14	6	83	2	1.247902935741277
J27	15	9	78	19	1.6239846510985987
J28	14	11	38	27	1.3255957467707369
J29	15	3	92	37	1.0232984657199606
J30	14	11	45	40	1.2919853616791532
J31	16	7	91	50	1.2485874767994236
J32	15	12	52	17	1.3977463399819057
J33	15	11	99	55	1.3714286316875408
\\ Jobs in machine 4
10
J34	15	8	87	6	1.152023010051843
J35	16	10	24	36	0.4021009819390342
J36	15	6	50	19	1.344387631072372
J37	14	11	5	27	1.954972049590361
J38	14	2	39	15	1.3109814389089958
J39	15	5	53	9	1.0821499099231906
J40	14	10	29	55	1.2455956776117953
J41	16	9	70	49	1.4000247838033735
J42	13	5	19	7	0.9635236576968575
J43	12	8	16	43	1.0567570960133752
\\ Jobs in machine 5
11
J44	15	14	11	3	1.052143486409487
J45	15	12	15	13	0.7738957238584149
J46	13	5	40	23	1.800154075251021
J47	13	14	88	52	1.5627842365396143
J48	16	9	29	56	1.0441172478055263
J49	16	10	6	26	1.4706184271828782
J50	16	11	78	45	0.9528383651458309
J51	14	3	91	38	1.4401712665376165
J52	16	6	67	50	1.2511308426824663
J53	13	3	99	37	0.753145023331104
J54	16	5	91	30	1.1362374438890464
\\ Jobs in machine 6
10
J55	13	12	88	17	1.8738714258361997
J56	14	12	15	47	1.3521971838548095
J57	15	1	7	51	0.9007447938437763
J58	15	2	86	9	1.260463337145039
J59	14	14	40	9	1.9739217003243184
J60	14	10	62	36	1.5510074205455
J61	16	12	15	2	0.4620588839771933
J62	15	10	3	33	1.7337161409587343
J63	13	3	39	5	1.5970172386686954
J64	15	10	79	58	1.3883148616364032
\\ Jobs in machine 7
11
J65	16	6	59	49	0.7642665093788321
J66	13	13	52	24	1.870871584751002
J67	14	1	27	28	0.7169766402354576
J68	15	4	103	52	1.1040565823104298
J69	14	7	15	60	2.555350464569271
J70	15	14	78	17	0.1
J71	16	5	46	18	1.0359440706141467
J72	14	14	85	30	0.9843100948897173
J73	16	9	90	8	1.9798779152740393
J74	15	3	85	56	1.5155330210520146
J75	14	11	76	25	1.7267880740069783
\\ Jobs in machine 8
12
J76	15	14	87	29	0.8149127629515516
J77	14	11	8	19	1.501102102349528
J78	14	11	31	35	0.4815128467738128
J79	13	11	37	21	1.04658128053781
J80	13	14	76	38	1.6601480768484853
J81	15	10	40	51	1.3143314748107382
J82	15	11	96	23	1.5223550395356285
J83	14	8	88	4	1.4763053859525939
J84	16	14	16	55	1.3873575625379602
J85	15	11	12	53	1.6835611157618557
J86	15	14	87	53	1.8864373374031755
J87	14	3	60	45	1.078133119593618
\\ Jobs in machine 9
11
J88	15	13	95	20	0.2586070166528961
J89	16	9	103	50	0.7116143974666436
J90	14	5	2	1	1.439727249572365
J91	15	8	83	54	1.1260429060647845
J92	14	4	47	18	1.1895671873623015
J93	13	9	101	53	0.7852734748947718
J94	14	14	70	58	1.0113020000925774
J95	13	10	54	60	1.2018271550619755
J96	13	11	96	26	1.0497498495253887
J97	13	2	29	20	1.6901306717188553
J98	15	12	99	15	1.1642881267255045
\\ Jobs in machine 10
12
J99	15	11	61	4	1.264135569991834
J100	15	10	102	15	1.8904464950514592
J101	15	12	47	25	0.9462915603235952
J102	14	7	10	18	1.1734460171964056
J103	16	1	91	3	1.255295899867539
J104	15	13	71	26	1.9464157205037553
J105	13	7	33	20	1.5097403581035942
J106	15	11	71	2	1.3825151575281271
J107	14	7	84	11	0.8940184867415125
J108	14	8	46	33	0.854704643330692
J109	15	10	97	47	1.9662224579325733
J110	17	1	5	19	1.530864063958432
\\ Jobs in machine 11
12
J111	13	13	60	45	1.5763039679557547
J112	14	12	69	4	0.9829179210113999
J113	14	10	82	12	1.8878051798743671
J114	15	6	93	48	1.66367938559646
J115	15	9	51	13	1.1060350906151937
J116	16	2	4	4	1.1516583339729272
J117	14	5	105	13	1.342608854979971
J118	14	9	31	49	0.535464950732418
J119	13	5	96	19	1.5482810535574858
J120	15	5	77	8	1.9519095209350708
J121	14	1	25	57	1.3160903554928134
J122	15	7	48	47	0.9215260137284282
\\ Jobs in machine 12
11
J123	13	13	90	39	1.1823444875371345
J124	15	1	21	21	1.4582327500648802
J125	14	11	3	21	1.3413568625912111
J126	14	1	106	18	1.3449494097684747
J127	16	3	69	49	1.1595588078177352
J128	16	10	61	53	1.3916082514676391
J129	15	13	100	33	1.194734686750533
J130	15	4	20	4	1.7063149252884218
J131	14	6	35	46	0.9243821481035419
J132	16	2	75	6	1.5342466424992693
J133	14	2	90	51	0.7026148303834145
\\ Dependencies 
480
1	3
1	4
1	5
1	6
1	7
1	8
1	9
1	10
1	11
2	3
2	4
2	5
2	6
2	7
2	8
2	9
2	10
3	4
3	5
3	6
3	8
3	9
3	10
3	11
4	6
4	7
4	8
4	9
4	10
5	7
5	8
5	10
6	7
6	8
6	9
6	11
7	8
7	10
8	9
8	10
8	11
9	10
9	11
10	11
12	13
12	14
12	15
12	16
12	17
12	21
13	15
13	17
13	18
13	19
13	20
13	21
14	15
14	16
14	17
14	18
14	20
14	21
15	16
15	17
15	18
15	19
15	20
16	18
16	20
16	21
17	18
17	20
17	21
18	19
18	20
18	21
19	20
19	21
22	23
22	25
22	26
22	29
22	31
22	32
22	33
23	24
23	25
23	26
23	27
23	28
23	29
23	30
23	31
23	32
23	33
24	25
24	26
24	27
24	28
24	29
24	31
24	32
24	33
25	27
25	29
25	33
26	27
26	28
26	29
26	31
26	33
27	28
27	29
27	31
27	32
28	29
28	30
28	33
29	30
29	31
29	32
29	33
30	32
30	33
31	33
32	33
34	35
34	37
34	38
34	39
34	40
34	41
34	42
34	43
35	36
35	37
35	39
35	40
35	41
35	42
35	43
36	37
36	39
36	40
36	41
36	43
37	38
37	39
37	42
37	43
38	40
38	43
39	42
40	41
40	42
40	43
41	42
41	43
44	45
44	46
44	47
44	48
44	49
44	50
44	51
44	52
44	54
45	46
45	47
45	48
45	49
45	50
45	51
45	52
45	54
46	47
46	48
46	50
46	52
46	53
46	54
47	48
47	49
47	51
47	53
47	54
48	49
48	50
48	51
48	53
48	54
49	53
50	51
50	52
50	53
50	54
51	52
51	53
52	53
52	54
55	56
55	57
55	61
55	63
55	64
56	58
56	59
56	62
56	64
57	59
57	62
57	64
58	59
58	63
59	60
59	61
59	63
60	61
60	62
60	63
60	64
61	62
61	63
62	63
62	64
63	64
65	67
65	68
65	70
65	72
65	73
65	74
65	75
66	67
66	68
66	69
66	70
66	71
66	72
66	75
67	69
67	70
67	72
67	73
67	74
67	75
68	69
68	71
68	72
68	73
68	75
69	70
69	71
69	72
69	73
69	74
69	75
70	72
70	73
70	74
70	75
71	73
71	74
71	75
72	73
72	74
72	75
73	75
76	77
76	78
76	79
76	80
76	81
76	82
76	84
76	87
77	78
77	79
77	81
77	82
77	84
77	86
77	87
78	80
78	81
78	82
78	83
78	84
78	85
78	86
78	87
79	80
79	84
79	87
80	82
80	83
80	84
80	85
80	86
80	87
81	82
81	83
81	84
81	85
81	87
82	83
82	84
82	85
82	86
82	87
83	84
83	86
83	87
84	86
85	87
88	91
88	92
88	94
88	95
88	98
89	90
89	91
89	92
89	93
89	94
89	96
89	97
89	98
90	91
90	93
90	95
90	96
90	97
90	98
91	92
91	93
91	95
91	96
91	97
91	98
92	93
92	94
92	97
93	94
93	96
93	98
94	96
94	97
95	97
95	98
96	98
99	100
99	101
99	104
99	105
99	106
99	107
99	108
99	109
100	101
100	102
100	103
100	104
100	106
100	107
100	109
100	110
101	103
101	104
101	105
101	110
102	103
102	105
102	106
102	107
102	108
103	104
103	105
103	107
103	108
103	110
104	105
104	106
104	109
104	110
105	106
105	107
105	108
105	109
106	107
106	108
106	109
106	110
107	108
107	109
107	110
108	109
111	113
111	114
111	115
111	116
111	117
111	120
111	121
111	122
112	113
112	116
112	117
112	118
112	119
112	120
112	121
112	122
113	114
113	116
113	118
113	119
113	120
113	121
114	116
114	118
114	119
114	120
114	121
114	122
115	116
115	117
115	118
115	119
115	121
116	117
116	118
116	119
116	120
117	118
117	119
117	120
117	122
118	120
118	121
118	122
119	120
119	121
120	122
123	124
123	125
123	127
123	128
123	129
123	131
123	132
123	133
124	125
124	126
124	127
124	129
124	130
124	131
124	132
124	133
125	129
125	130
125	131
125	133
126	127
126	128
126	132
126	133
127	130
127	131
127	132
128	131
128	132
128	133
129	130
129	131
129	133
130	133
131	132
131	133
