\\ machines
5
\\ max power
50
\\ Jobs in machine 1
11
J1	16	6	59	35	1.5992617376697948
J2	12	13	65	9	1.6221344195047211
J3	14	14	18	31	0.8444142751185476
J4	15	11	24	5	1.1720392229705383
J5	15	13	27	18	1.4067847566179614
J6	15	14	62	24	0.9882202538864874
J7	16	11	23	7	0.8752895578687123
J8	12	7	80	34	0.9597296350365211
J9	13	8	109	26	1.7515529899358029
J10	16	12	34	3	1.999930348450652
J11	14	13	92	2	0.49283402531913567
\\ Jobs in machine 2
10
J12	15	1	83	8	1.6513142274630483
J13	13	3	92	34	1.3258448338704514
J14	15	4	74	9	1.5499978929760843
J15	16	5	71	2	1.5685488566277097
J16	12	1	8	32	2.2817771199499233
J17	14	4	106	13	1.1739821386360296
J18	14	2	6	15	0.753206311101636
J19	15	13	6	35	0.5697940944139257
J20	14	5	71	26	0.9902935889297143
J21	14	7	83	27	0.45106216171949554
\\ Jobs in machine 3
10
J22	15	4	106	33	1.626099822124935
J23	15	14	38	24	1.1107810540219099
J24	15	8	39	17	0.72107167313919
J25	13	10	31	21	1.9026660955521866
J26	17	3	37	13	0.5607589287825702
J27	14	3	50	20	1.3744104354023938
J28	15	4	66	9	0.8954560512781407
J29	16	14	43	6	1.4426678640251493
J30	14	11	30	12	1.1547239666097624
J31	15	14	17	34	2.236751241016506
\\ Jobs in machine 4
13
J32	13	9	101	8	0.6190752926103544
J33	12	14	71	8	1.4331535460634086
J34	13	2	100	38	0.5563977625677007
J35	15	7	106	24	1.3649259258937423
J36	13	7	40	1	1.3306910265247662
J37	14	2	90	3	1.4128115701593305
J38	15	5	8	1	0.9686230671813222
J39	14	1	36	6	1.2181763441685265
J40	16	5	17	16	0.8590751136426149
J41	14	13	93	27	0.6643329841434213
J42	14	2	15	19	1.700581201401301
J43	14	12	104	16	1.1965955379471702
J44	15	14	31	18	1.1365236624097559
\\ Jobs in machine 5
12
J45	16	4	26	36	0.5586473182434416
J46	15	13	64	17	0.6790709674398628
J47	14	4	41	20	1.1869985458263548
J48	14	14	37	27	1.392468108664629
J49	16	7	45	4	0.7626725048433682
J50	15	14	16	24	1.3482913001653967
J51	14	13	73	34	1.3192141365619368
J52	15	9	53	11	1.4611739436027293
J53	14	5	7	29	1.3426035441177526
J54	15	3	89	31	0.9454826591229707
J55	13	5	109	26	0.6470518214490297
J56	15	11	8	16	1.7486249159925074
\\ Dependencies 
53
1	6
1	8
1	9
1	10
2	3
2	8
3	8
3	10
5	11
6	9
6	11
7	8
7	10
7	11
8	11
12	20
13	15
13	20
15	21
16	17
16	18
16	21
17	21
18	21
22	27
25	27
25	29
29	31
33	34
33	43
34	35
34	40
35	39
35	43
35	44
37	38
37	40
38	44
39	43
45	46
45	53
45	56
46	49
46	53
48	53
49	50
49	53
49	55
50	53
52	54
53	54
54	55
55	56
