\\ machines
20
\\ max power
200
\\ Jobs in machine 1
10
J1	16	12	32	120	1.4216542264883512
J2	15	1	97	137	0.7112134869641571
J3	13	14	47	97	1.2969943636626455
J4	15	4	108	63	1.2606422387687695
J5	14	10	93	115	0.7563362589078249
J6	14	3	59	33	0.5523889494425476
J7	14	3	100	61	1.2588964561838925
J8	15	5	106	67	0.4012803916683767
J9	14	4	99	17	2.2449813562651633
J10	16	12	85	140	1.3270030460249354
\\ Jobs in machine 2
11
J11	15	10	54	47	1.3095148842238016
J12	13	11	36	50	0.8757962601630536
J13	14	8	84	122	2.027398836489737
J14	17	9	26	148	1.836080966396365
J15	15	3	11	119	0.5363970093138354
J16	15	14	81	108	0.543649129335285
J17	12	9	98	112	1.4391493497383565
J18	15	14	2	137	0.6251632250285847
J19	13	4	32	40	0.9295939579798458
J20	13	8	46	107	0.6530839482128123
J21	14	7	76	5	2.3121527115501097
\\ Jobs in machine 3
11
J22	14	2	79	48	1.092265007464624
J23	13	9	101	90	0.6604017145479425
J24	14	7	4	126	0.4767260577989334
J25	14	11	72	11	0.4932367107575458
J26	13	14	53	117	1.5445918501052853
J27	14	10	50	2	0.5731757189780411
J28	16	14	45	48	0.7875345391214605
J29	15	10	19	129	1.5160313822711697
J30	14	14	63	20	1.1906045189812433
J31	15	6	94	5	0.5772424197729634
J32	14	9	37	50	1.7642563575880845
\\ Jobs in machine 4
10
J33	16	4	11	43	0.7014829384997735
J34	13	3	31	125	1.1088566147190924
J35	16	14	62	123	2.23929821320832
J36	14	8	107	120	1.110686160648531
J37	14	5	91	51	2.103118150617174
J38	13	7	48	100	1.2761605008188701
J39	14	3	44	46	1.5495484343471952
J40	15	14	101	16	1.3882050182427397
J41	13	8	105	31	1.1715025816294622
J42	14	14	65	119	1.4745200708461499
\\ Jobs in machine 5
13
J43	14	3	32	16	0.9817393000352336
J44	12	10	28	25	1.7460806593073492
J45	16	7	109	95	0.9039276204046891
J46	15	4	6	44	0.9338221313720476
J47	15	14	73	131	1.9634064453062128
J48	15	6	22	74	0.4148480921468183
J49	16	10	55	66	1.1632890571643066
J50	15	7	33	22	1.5101065152863902
J51	13	4	64	14	1.3819770283169364
J52	14	5	28	110	1.1021371313302872
J53	13	8	103	41	1.469196328269389
J54	14	12	93	102	1.9267419700013997
J55	15	5	110	38	1.3582493217717138
\\ Jobs in machine 6
10
J56	14	1	78	110	0.686404961373256
J57	16	8	81	70	2.2259315561511164
J58	14	13	32	51	1.0229844091696045
J59	14	6	73	34	1.245985652948624
J60	15	10	88	53	0.8046575041381848
J61	14	1	66	95	1.216584219689296
J62	16	6	54	88	1.2215821022863702
J63	15	11	97	21	1.1209713785591824
J64	14	9	78	5	0.5172847040371797
J65	14	6	95	130	0.16381040898732424
\\ Jobs in machine 7
11
J66	14	6	60	139	0.39424666696322297
J67	16	7	30	134	0.42877601015722655
J68	15	14	62	19	1.5314510205975385
J69	15	9	97	122	1.582072938257891
J70	13	6	69	139	1.5209946036072937
J71	13	13	62	66	2.041053584092331
J72	14	10	78	25	1.5484131901438047
J73	14	12	16	84	1.4568779209135392
J74	13	9	33	101	1.0091720962778887
J75	13	13	60	83	1.4547237015355965
J76	13	11	36	116	0.724817308401192
\\ Jobs in machine 8
11
J77	14	12	67	11	1.3567102295841087
J78	16	12	33	51	0.9895749241188979
J79	15	2	38	76	0.7541140546994383
J80	14	1	66	18	1.166773054569986
J81	16	3	51	145	0.7346585293684125
J82	16	14	75	129	1.3819029145584518
J83	17	9	43	5	0.7472668715866504
J84	14	10	62	87	1.798232780298803
J85	15	5	17	125	1.4926041654330942
J86	14	6	106	67	0.9315067873378589
J87	17	6	89	90	0.12325892046304654
\\ Jobs in machine 9
11
J88	15	14	70	134	0.7784115160582226
J89	15	1	61	1	1.9704335336794943
J90	15	13	13	88	0.4630217024126798
J91	14	1	33	66	1.355419763936898
J92	14	13	102	48	1.4010375428572346
J93	15	13	57	90	0.7857374426052852
J94	16	2	101	34	1.479824081539701
J95	14	7	30	115	1.1102532842010908
J96	15	7	53	117	1.5674237448384933
J97	16	2	26	79	1.1367499348128671
J98	13	12	43	129	1.2609584399624578
\\ Jobs in machine 10
11
J99	14	10	48	138	1.5385465883040945
J100	15	12	8	74	1.0088806003351867
J101	16	12	56	105	2.007887589650411
J102	15	12	47	102	1.2910804916277547
J103	14	4	3	68	0.6614815194855268
J104	14	3	59	138	0.8410864650938445
J105	14	7	8	90	0.6813064435312683
J106	14	7	28	145	1.4395532986450503
J107	15	12	31	111	1.5547562587457677
J108	15	1	107	77	1.0345960828415341
J109	13	5	15	3	0.28074260006090057
\\ Jobs in machine 11
10
J110	16	11	74	27	1.2953718599636945
J111	14	4	40	71	1.3651703551138388
J112	14	10	37	112	0.610433577677816
J113	16	8	105	86	0.6331712595477039
J114	13	4	45	18	1.3551342618925832
J115	15	13	98	49	1.2584497851601872
J116	16	8	66	54	1.2182186827540766
J117	14	5	94	76	0.8132650361815259
J118	14	1	47	16	1.1158571845501497
J119	16	4	77	83	0.23551358527402222
\\ Jobs in machine 12
11
J120	13	2	27	122	1.3554954871306042
J121	15	9	43	89	1.7024364633534066
J122	15	3	67	57	0.8773625938287828
J123	16	3	16	55	1.8234579222884602
J124	18	3	98	5	0.2341707628394295
J125	13	7	39	39	0.5077506070638539
J126	15	4	92	10	1.6027637319225778
J127	12	2	7	16	1.2583948625961843
J128	13	5	59	35	1.6428987964891155
J129	14	13	32	7	0.2195599856773618
J130	15	12	84	81	1.1027161522830846
\\ Jobs in machine 13
12
J131	15	6	98	133	1.4293988945321463
J132	14	2	13	98	0.6764168625295993
J133	16	4	40	48	0.2904042404583813
J134	14	7	11	46	1.073297859272002
J135	13	13	61	101	1.3988638073008333
J136	15	10	79	31	1.65352693559399
J137	16	6	70	25	0.8127272867327071
J138	15	10	109	114	1.413856964408436
J139	15	9	65	30	0.871608022772359
J140	15	1	28	10	1.1431178851425294
J141	15	5	5	84	1.0937212422295286
J142	16	14	61	75	0.8410935380419353
\\ Jobs in machine 14
11
J143	16	8	24	100	1.0943232267055194
J144	13	2	13	51	0.5011733182815312
J145	15	11	64	2	1.7497124043557952
J146	12	5	100	136	0.9640040859853827
J147	15	1	62	20	1.064742339222779
J148	14	4	8	109	1.7260173447262028
J149	15	13	96	61	1.1033995930916731
J150	15	6	23	86	0.6993475560014955
J151	14	9	30	81	0.7940738091970903
J152	13	14	99	87	0.8300774535091145
J153	14	4	41	61	1.549503694217086
\\ Jobs in machine 15
9
J154	16	6	68	111	0.9260026275717728
J155	14	8	71	67	1.0052232418494917
J156	14	10	51	120	1.062371356230951
J157	14	8	73	3	1.2329606116373317
J158	14	9	91	107	1.2545206695216178
J159	15	6	11	103	0.8400508498880241
J160	14	11	12	28	1.2107286775825226
J161	15	8	31	41	0.7623350806096953
J162	14	2	24	10	1.2682423692483964
\\ Jobs in machine 16
11
J163	16	9	101	24	0.6701766795800665
J164	15	4	29	100	1.2033125446194541
J165	13	4	4	60	0.5012506117551814
J166	14	8	4	112	0.40122511387888093
J167	14	2	42	139	1.0512712232504726
J168	13	1	91	22	0.5226252071242656
J169	13	4	86	114	2.672080657561032
J170	14	12	39	80	1.1056132495433681
J171	14	7	81	61	1.8024048484082953
J172	15	12	3	3	2.126131588428837
J173	15	7	59	77	1.1058008207244765
\\ Jobs in machine 17
12
J174	15	4	106	36	0.6070742505712539
J175	15	10	21	78	0.49305576914723614
J176	15	13	38	88	1.2022828772291887
J177	14	14	87	17	1.863743029201669
J178	13	8	39	136	1.7670875296803779
J179	16	11	87	132	1.191249867228808
J180	14	6	38	26	1.406502287542157
J181	12	9	52	32	1.8477803020287578
J182	16	12	35	84	0.8142380596213344
J183	16	12	12	52	0.9802913791774382
J184	14	7	96	5	2.069304118741316
J185	13	1	9	117	0.7638986187127941
\\ Jobs in machine 18
9
J186	16	2	84	116	1.671212974552407
J187	15	5	37	71	0.981175944773861
J188	15	11	106	3	0.7008440105160472
J189	16	2	85	81	1.1713248540947974
J190	17	6	79	10	1.6454396205687438
J191	16	5	49	125	0.5325847876415009
J192	15	8	84	98	1.4162719813116014
J193	13	13	52	29	1.836558491820841
J194	15	14	110	95	1.2896350189798886
\\ Jobs in machine 19
11
J195	13	14	40	79	1.17821258989553
J196	15	1	50	83	0.5725948557625801
J197	14	13	101	49	2.3900734763173626
J198	15	12	7	50	1.3987124594555702
J199	14	8	13	43	1.3167207371687988
J200	14	7	2	96	1.005787714137005
J201	15	5	73	65	1.3685542578258283
J202	16	2	33	100	1.3807448173753045
J203	15	12	37	100	0.6066429185730046
J204	14	6	22	146	1.435266339146194
J205	13	7	86	6	1.325344049716452
\\ Jobs in machine 20
10
J206	15	10	22	59	1.6631771753405657
J207	14	9	90	48	0.7532656699310014
J208	16	13	58	32	1.219188359609005
J209	15	8	108	145	1.7599737278740983
J210	18	12	30	79	2.1273450242883856
J211	15	12	74	132	1.5117860272655614
J212	15	10	109	136	1.1002334164031407
J213	15	1	24	17	1.6606121871535524
J214	15	10	19	131	1.7977110431353656
J215	15	12	77	8	1.8469161977860122
\\ Dependencies 
637
1	2
1	3
1	4
1	5
1	6
1	8
1	9
1	10
2	5
2	7
2	8
2	10
3	4
3	5
3	6
3	7
3	8
3	9
3	10
4	6
4	7
4	8
4	9
4	10
5	6
5	7
5	8
6	7
6	8
6	9
6	10
7	8
7	9
8	9
8	10
11	13
11	14
11	17
11	18
11	19
11	20
11	21
12	13
12	15
12	18
12	21
13	14
13	15
13	16
13	17
13	18
13	19
13	21
14	15
14	17
14	19
14	20
14	21
15	16
15	19
15	21
16	18
16	19
16	20
16	21
17	19
17	20
17	21
18	19
19	20
20	21
22	24
22	25
22	26
22	28
22	30
22	31
22	32
23	26
23	27
23	28
23	29
23	31
23	32
24	25
24	28
24	29
24	30
24	32
25	26
25	27
25	28
25	29
25	30
26	27
26	29
26	30
27	28
27	29
27	30
28	29
28	30
28	32
29	30
29	31
30	31
33	34
33	35
33	38
33	39
34	37
34	38
34	39
34	40
34	41
35	36
35	37
35	38
35	40
35	41
35	42
36	40
36	42
37	41
37	42
38	39
38	40
38	41
39	40
39	41
43	45
43	46
43	49
43	51
43	53
43	54
43	55
44	45
44	48
44	50
44	53
44	54
44	55
45	47
45	50
45	52
45	53
45	54
46	49
46	50
46	52
47	48
47	49
47	50
47	52
47	53
47	55
48	49
48	51
48	52
48	54
48	55
49	51
49	54
50	51
50	52
50	53
50	54
50	55
51	55
52	53
52	55
54	55
56	57
56	59
56	62
56	64
57	59
57	60
57	61
57	63
57	64
57	65
58	62
58	64
59	60
59	61
59	64
59	65
60	62
60	63
61	65
62	63
63	64
63	65
64	65
66	68
66	69
66	70
66	71
66	72
66	73
66	74
66	75
66	76
67	68
67	69
67	71
67	73
67	75
67	76
68	70
68	72
68	73
68	74
68	76
69	70
69	71
69	72
69	75
69	76
70	72
70	73
70	74
70	75
70	76
71	74
71	76
72	75
73	75
74	75
74	76
75	76
77	78
77	79
77	80
77	81
77	82
77	84
77	85
77	86
77	87
78	79
78	81
78	82
78	84
78	85
78	86
79	83
79	85
80	82
80	83
80	87
81	83
81	84
81	86
81	87
82	84
82	85
83	84
83	85
83	87
84	86
86	87
88	90
88	91
88	92
88	93
88	94
88	95
88	97
88	98
89	95
89	96
89	98
90	91
90	93
90	94
90	95
90	97
91	92
91	93
91	95
91	96
91	97
91	98
92	93
92	94
92	96
92	97
93	95
93	96
93	97
93	98
94	95
94	96
95	96
95	98
96	97
96	98
97	98
99	100
99	101
99	103
99	104
99	108
100	102
100	103
100	107
100	108
101	102
101	103
101	104
101	105
101	106
101	107
102	103
102	106
102	107
102	108
102	109
103	105
103	108
103	109
104	105
104	106
104	109
105	106
105	107
105	108
106	107
106	109
107	108
107	109
110	111
110	112
110	113
110	115
110	116
110	117
110	118
110	119
111	112
111	113
111	115
111	118
112	114
112	115
112	117
112	119
113	114
113	115
113	118
114	115
114	116
114	118
114	119
115	116
115	119
116	117
116	119
118	119
120	121
120	122
120	124
120	125
120	126
120	127
121	122
121	124
121	125
121	127
121	129
121	130
122	125
122	129
123	125
123	127
123	128
123	129
123	130
124	125
124	128
125	127
125	128
125	130
126	127
126	129
127	128
127	129
127	130
128	129
128	130
129	130
131	135
131	136
131	139
131	140
131	142
132	134
132	135
132	136
132	138
132	139
132	142
133	135
133	136
133	138
133	139
133	140
133	142
134	135
134	137
134	138
134	141
135	137
135	138
135	139
135	140
135	141
135	142
136	138
136	139
136	140
136	141
136	142
137	138
137	139
137	140
138	139
138	140
138	141
138	142
139	140
139	142
140	141
140	142
141	142
143	145
143	152
144	147
144	148
144	149
144	151
144	152
145	147
145	149
145	150
147	148
147	149
147	151
147	153
148	149
148	150
148	151
148	152
149	150
149	151
150	152
150	153
151	152
151	153
152	153
154	156
154	157
154	159
154	160
154	161
154	162
155	156
155	157
155	158
155	160
155	162
156	157
156	158
156	159
156	162
157	160
157	162
158	159
159	160
159	161
159	162
160	162
161	162
163	166
163	167
163	168
163	169
163	170
163	173
164	165
164	170
164	171
164	173
165	168
165	169
165	171
165	172
166	167
166	169
166	171
166	172
166	173
167	169
167	171
167	173
168	169
168	170
168	171
168	172
170	172
170	173
171	172
172	173
174	177
174	180
174	181
174	182
174	183
174	184
175	176
175	177
175	179
175	181
175	182
176	177
176	181
176	182
176	183
176	184
176	185
177	178
177	179
177	180
177	181
177	182
177	184
177	185
178	179
178	180
178	184
179	181
179	183
179	184
179	185
180	181
180	182
180	183
180	184
181	184
181	185
182	183
184	185
186	187
186	188
186	189
186	191
186	192
186	193
186	194
187	191
187	192
187	194
188	189
188	190
188	191
188	193
189	194
190	192
190	193
191	193
192	193
192	194
193	194
195	196
195	198
196	198
196	199
196	200
196	201
196	204
196	205
197	198
197	200
197	201
197	203
197	204
197	205
198	199
198	200
198	204
198	205
199	200
199	202
199	203
199	205
200	201
200	202
200	203
201	202
201	204
201	205
202	203
202	204
203	204
203	205
206	207
206	208
206	210
206	212
206	213
207	208
207	209
207	211
207	212
207	213
207	214
207	215
208	209
208	210
208	211
208	212
208	215
209	210
209	211
209	214
209	215
210	211
210	213
210	214
210	215
211	214
212	214
213	214
213	215
