\\ machines
9
\\ max power
90
\\ Jobs in machine 1
10
J1	14	2	69	31	1.1151848666569024
J2	17	10	74	29	1.048696080569737
J3	15	14	102	4	1.1372240921515475
J4	13	5	35	6	1.292758503500517
J5	14	12	106	20	2.236604832912107
J6	15	13	8	13	1.8157576318392117
J7	12	9	5	1	0.8441372670659435
J8	15	10	25	45	1.1424314373145932
J9	14	10	34	1	0.9057468302364495
J10	14	7	107	24	1.038399426032435
\\ Jobs in machine 2
10
J11	15	9	10	29	2.1777872507854523
J12	14	11	105	1	1.3904977626715653
J13	15	13	95	21	1.2262889592582489
J14	15	7	8	8	1.0514715305256206
J15	16	13	25	8	1.0630657214657868
J16	15	12	64	43	1.2805275789421866
J17	14	13	67	40	1.1272823241719259
J18	14	4	59	40	1.0451186900623934
J19	13	14	43	27	1.2159793532114989
J20	16	11	103	16	0.925396456758421
\\ Jobs in machine 3
10
J21	14	8	97	45	1.552705093249692
J22	13	7	105	18	1.714416339921145
J23	14	9	94	1	0.46308393859854224
J24	14	6	24	34	1.3221729061639782
J25	16	13	73	20	1.435069955996049
J26	13	1	21	38	1.5775591233000898
J27	14	6	12	45	0.6501429159666605
J28	14	11	92	3	1.0269172903259216
J29	14	6	34	39	1.5234169552937868
J30	14	5	65	12	0.9746465526647012
\\ Jobs in machine 4
13
J31	13	4	83	1	1.3403818083938508
J32	15	5	60	38	1.5334169624375857
J33	14	3	101	14	0.4999202118133189
J34	15	10	66	7	1.157032909730087
J35	15	6	60	33	1.1096277373579755
J36	14	6	11	6	1.139519783447536
J37	13	6	26	41	1.5456199712211593
J38	15	3	29	25	1.4016404431614746
J39	13	11	109	28	0.1
J40	15	6	110	29	0.9679066323649772
J41	15	5	103	28	0.6882475712238718
J42	14	14	83	21	0.6950990814376161
J43	17	7	36	24	0.1
\\ Jobs in machine 5
10
J44	14	1	41	34	0.1
J45	14	4	18	40	1.1798370067830113
J46	15	4	95	16	0.8223414131796953
J47	16	3	38	30	1.6995672999895393
J48	14	13	25	39	0.687403344163021
J49	15	13	105	18	1.0983922308073428
J50	13	14	44	7	1.3957611702576087
J51	13	8	13	15	1.0852907205084352
J52	14	11	63	29	0.7642938680583548
J53	14	11	29	23	1.3687355265394132
\\ Jobs in machine 6
11
J54	13	5	44	31	1.161230300087934
J55	15	14	100	5	0.9220475786901712
J56	15	14	89	30	1.1133649837861024
J57	14	8	74	24	1.0510369568485078
J58	13	1	3	39	2.021276677353291
J59	14	11	36	24	1.4374618706448206
J60	14	12	43	13	1.5414148885654437
J61	14	9	78	34	1.0745860864218424
J62	15	1	22	5	0.49403377482091015
J63	15	6	64	8	2.2616490562104037
J64	15	11	75	32	1.7358294897192201
\\ Jobs in machine 7
11
J65	14	5	41	29	1.6057026210416856
J66	16	7	13	9	1.689767005933865
J67	14	5	85	6	2.010228249746201
J68	14	9	69	28	1.5010006866022623
J69	14	11	101	45	0.43330529101335014
J70	13	11	64	6	1.331040800633416
J71	14	10	102	4	0.6402490001947041
J72	14	13	62	36	0.1
J73	17	5	71	45	0.4440661112943388
J74	12	5	95	26	0.7688441955001211
J75	15	11	54	15	1.2158409157495667
\\ Jobs in machine 8
10
J76	14	10	109	41	1.7452502004101378
J77	15	12	9	43	1.4219332280004406
J78	15	11	106	9	1.2904638038983154
J79	15	5	101	35	0.1
J80	14	6	70	39	1.382136757856087
J81	15	3	22	32	1.3190083732850415
J82	15	8	93	1	1.1733080068099326
J83	15	3	80	9	0.951535722639281
J84	15	4	36	1	1.813124766803283
J85	13	2	3	14	1.337414604431945
\\ Jobs in machine 9
10
J86	15	10	98	37	1.2375878933086935
J87	14	2	6	22	1.353369590289041
J88	16	6	14	40	0.4165998121153798
J89	14	8	70	23	1.4302220362311089
J90	16	2	25	13	0.8516014082398365
J91	13	3	20	38	1.4579837074273092
J92	14	8	32	43	1.6695597527891506
J93	15	1	38	13	1.2372652305882614
J94	15	11	57	3	1.0128270993609836
J95	14	1	40	38	1.2604389149741269
\\ Dependencies 
163
1	5
1	6
1	10
2	8
3	4
3	5
3	10
4	9
4	10
6	8
8	9
8	10
9	10
11	17
11	19
12	16
12	18
13	14
13	15
13	18
13	19
14	16
14	17
14	19
14	20
15	16
15	20
16	18
18	19
18	20
19	20
21	22
21	23
21	24
21	25
21	29
22	25
22	29
22	30
23	24
23	28
24	25
24	26
24	27
24	29
25	28
25	30
26	28
27	29
27	30
28	30
31	32
31	36
31	41
31	42
32	34
32	40
32	42
32	43
33	36
33	37
33	39
33	40
34	35
34	38
34	42
35	41
35	43
36	42
37	40
37	41
38	43
39	42
40	41
41	43
42	43
44	47
44	48
44	49
45	46
45	47
45	49
45	51
45	52
45	53
47	48
47	50
47	51
48	50
49	53
50	52
52	53
54	57
54	58
54	59
54	61
54	64
55	57
55	59
55	62
56	58
56	61
56	63
56	64
57	58
57	59
57	60
57	61
57	63
57	64
58	62
58	64
59	62
59	63
60	64
61	63
62	63
65	67
65	70
65	71
65	72
66	67
66	70
66	72
66	74
67	68
67	69
67	74
68	74
69	73
69	74
70	75
71	73
72	73
72	75
73	74
74	75
76	77
76	78
77	80
77	82
77	85
78	79
78	82
78	85
81	85
82	83
86	88
86	90
86	92
87	90
87	93
87	95
88	90
88	92
88	94
89	94
90	91
90	92
90	95
91	92
91	93
94	95
