\\ machines
25
\\ max power
250
\\ Jobs in machine 1
11
J1	14	14	98	8	0.838577092832224
J2	13	6	45	152	0.7129194973359199
J3	14	3	100	36	1.1181775436786345
J4	13	5	29	82	1.2348481669010787
J5	16	4	45	83	1.181544113729921
J6	15	8	9	165	0.37437661101269104
J7	14	6	27	27	0.6712560634988601
J8	14	8	59	44	0.6670371760803062
J9	15	14	63	94	1.4796171397821647
J10	14	8	81	185	1.1083309792618448
J11	15	12	34	82	0.20143082262545664
\\ Jobs in machine 2
11
J12	15	12	104	132	1.731764942244553
J13	14	9	62	7	1.2079581140705664
J14	15	4	4	122	1.6416016910372697
J15	13	14	21	39	1.1599178426152597
J16	17	6	19	79	1.3047518230278148
J17	14	3	106	111	0.1
J18	16	10	55	47	1.263084243273259
J19	14	6	4	176	0.9222130050324093
J20	14	5	12	17	1.034364694539421
J21	14	6	78	66	0.5904852350301286
J22	15	10	58	141	0.7959416641804831
\\ Jobs in machine 3
11
J23	14	10	92	42	1.408495465533762
J24	15	13	37	62	0.9190151182647024
J25	13	14	48	152	0.17072699515949452
J26	14	8	69	68	0.6321163457697667
J27	14	4	40	185	0.7140926175137746
J28	14	13	65	47	1.0971231449659706
J29	16	9	56	139	1.1944883804167399
J30	12	10	79	109	1.0542370754287418
J31	14	13	31	130	1.3829243924811778
J32	14	13	9	28	1.5047558987727103
J33	15	2	110	73	1.4021857665717536
\\ Jobs in machine 4
12
J34	14	5	31	68	0.983759877473376
J35	15	9	54	66	1.0285437279924667
J36	14	9	51	109	0.8753007432746144
J37	14	10	14	167	1.2352958527310263
J38	16	1	88	69	0.7561504571965167
J39	14	12	66	161	0.9245405428271449
J40	14	5	54	26	0.414078088420321
J41	13	6	51	88	1.767115716637167
J42	13	6	50	115	1.175853355321966
J43	14	12	55	127	1.2172709423507462
J44	14	10	94	143	2.1848100157798425
J45	15	6	98	48	0.8414295435034722
\\ Jobs in machine 5
11
J46	15	14	63	40	1.853727203222119
J47	15	3	61	3	0.34970342726239834
J48	16	2	109	57	0.1
J49	17	2	22	17	1.9175361845635497
J50	13	2	63	97	1.1587355900418939
J51	14	14	105	125	1.1464691904745927
J52	14	11	32	98	1.7687500231797717
J53	14	6	105	137	1.3006239625855105
J54	15	7	76	19	1.1292310197529882
J55	14	8	34	166	1.2103802235825856
J56	15	2	25	159	1.5198755656138387
\\ Jobs in machine 6
10
J57	14	1	30	157	1.3970474810849787
J58	12	8	74	145	1.8457763560770153
J59	14	5	85	15	0.6105112254931291
J60	15	10	37	68	1.5971614486232184
J61	16	7	90	109	0.9943288068510232
J62	18	11	36	131	1.9891482069427526
J63	15	1	43	12	1.4833260777081283
J64	12	7	56	171	0.5290657381567689
J65	14	11	73	150	0.7986298384576753
J66	15	6	26	91	1.3994987283987461
\\ Jobs in machine 7
12
J67	15	4	102	100	2.182833314837633
J68	13	6	27	67	1.7796880417842336
J69	14	13	69	119	1.601081352055818
J70	14	7	94	9	1.457174455529055
J71	15	14	40	12	1.3964636708657177
J72	15	10	70	28	1.2760221080285896
J73	15	1	20	100	2.0990555158197353
J74	14	4	30	146	1.4127680748973293
J75	13	12	57	27	1.3506951421009508
J76	12	13	57	170	0.5266341695759479
J77	12	5	85	131	1.6492221610682352
J78	14	4	13	58	0.46771219978921375
\\ Jobs in machine 8
10
J79	14	11	101	50	1.0530347885291698
J80	14	6	50	124	0.9356860730347052
J81	16	14	64	140	0.5141090396876239
J82	15	1	35	164	1.326266281550578
J83	14	2	61	178	1.6360220009051825
J84	15	8	96	2	0.7305441323955553
J85	16	3	100	71	0.9480481470302824
J86	15	8	110	29	1.2373960380761166
J87	15	14	3	178	1.4670620426148542
J88	14	2	18	116	0.1
\\ Jobs in machine 9
11
J89	15	3	73	156	0.6697199615284086
J90	13	2	67	45	2.0555090659813726
J91	14	9	64	3	1.889294951161924
J92	13	4	13	105	0.3751875067133128
J93	13	6	87	111	0.9357366435455989
J94	13	1	59	172	1.0197183301589483
J95	12	2	41	107	1.509924232638597
J96	15	14	12	182	0.25365630415331075
J97	16	11	11	104	1.1739429951937241
J98	16	9	81	136	1.6740117646910402
J99	14	4	10	138	1.7454520746291782
\\ Jobs in machine 10
11
J100	14	14	10	72	1.3045094978572016
J101	13	10	4	10	0.5284314176764028
J102	13	12	103	1	1.785763814424908
J103	15	13	19	115	0.6880084383623488
J104	15	8	28	32	1.3361813338679633
J105	13	5	70	39	1.6146336565158261
J106	14	13	72	142	1.6081685509362253
J107	15	1	57	87	0.8910470275383415
J108	15	11	22	123	0.8603842161947168
J109	14	3	63	103	1.2433071993140676
J110	14	3	27	176	0.718202595274114
\\ Jobs in machine 11
11
J111	15	5	45	122	1.3354199981373043
J112	16	11	55	5	1.5201686595805093
J113	15	7	106	40	1.7954456630241435
J114	15	13	29	58	1.104833532676574
J115	16	10	82	63	0.7534162327165983
J116	14	11	25	66	0.9973230641335676
J117	15	11	84	63	1.4282523336883464
J118	15	7	5	150	1.4886418820432827
J119	15	5	13	115	1.6025375944282652
J120	14	8	82	131	1.1764407555044207
J121	15	10	51	172	0.8526279877228019
\\ Jobs in machine 12
12
J122	14	14	64	149	1.31807264913491
J123	14	12	38	110	1.1820785162562584
J124	14	12	31	17	0.5236357387672732
J125	14	8	20	148	1.382017407765113
J126	14	6	47	117	1.6462187650931082
J127	16	13	98	65	1.3565334318293005
J128	14	3	8	83	1.8351608639426416
J129	14	5	80	145	1.2578793669017172
J130	14	13	60	43	0.7839272746772615
J131	15	1	21	175	1.7231468366145988
J132	14	12	14	180	1.2966129771022552
J133	14	14	73	76	0.891662693482687
\\ Jobs in machine 13
11
J134	15	9	10	149	1.0938660282442971
J135	14	2	35	5	1.1871280023242183
J136	14	13	14	9	1.6784575512738487
J137	14	8	99	158	0.48271166147180444
J138	14	6	109	153	0.5546978379418984
J139	14	5	49	183	1.2611005916782878
J140	15	14	22	136	0.33633513701721585
J141	14	9	89	73	0.9280734129399204
J142	16	5	3	172	1.2219551947790916
J143	16	13	83	45	0.8826175825911564
J144	16	3	81	30	0.9776365997036128
\\ Jobs in machine 14
10
J145	13	12	75	62	1.1345497439172911
J146	15	11	46	7	1.0675792087793126
J147	14	1	17	20	0.6290606239721415
J148	15	7	64	93	1.6822799373313129
J149	15	12	7	20	0.7223333958164748
J150	15	11	106	121	1.2221610658007693
J151	15	13	100	63	0.7311343771328606
J152	15	1	86	181	1.1912138426167593
J153	15	6	105	72	2.660339462525693
J154	14	13	39	177	0.9934285811049897
\\ Jobs in machine 15
11
J155	12	1	37	180	1.130988267832803
J156	14	13	14	128	1.2654904663570146
J157	13	12	34	118	1.6387968298809614
J158	14	7	10	75	0.8573574936010899
J159	14	9	65	164	0.7376427721917365
J160	15	4	30	43	1.1291076497075814
J161	14	8	58	9	2.1394471805737836
J162	14	4	69	100	0.8230150118887332
J163	14	10	37	150	0.7773656476897355
J164	15	12	6	79	0.6820101193294326
J165	14	9	3	184	1.0209004288950387
\\ Jobs in machine 16
11
J166	15	14	59	128	1.464876222275156
J167	15	4	98	73	1.2759449074854352
J168	15	10	110	130	1.9510339225782052
J169	14	12	53	133	1.5673916923781412
J170	14	12	73	7	0.9441572368987506
J171	14	6	5	21	0.1
J172	14	9	99	55	2.5435475717049827
J173	14	9	46	56	0.8549185092872216
J174	15	12	83	139	0.7484053258496534
J175	13	11	87	141	0.9320920952089833
J176	15	4	108	120	1.5234825753878267
\\ Jobs in machine 17
13
J177	15	7	100	77	1.1786480059132898
J178	13	1	39	124	1.0463946090599372
J179	14	4	44	25	0.1
J180	14	10	34	64	0.9816640013799047
J181	15	8	64	146	0.4381970821273563
J182	16	8	40	125	0.6293439126866452
J183	15	2	48	92	0.692121683624019
J184	15	11	35	76	1.3604745047698792
J185	15	3	61	63	0.9096886322357205
J186	15	13	81	107	0.5775068595525876
J187	14	9	93	4	0.7236624722918965
J188	16	13	65	145	0.7218113791655001
J189	14	5	107	117	0.7350915263296083
\\ Jobs in machine 18
11
J190	13	7	70	25	1.0178308763657578
J191	14	11	67	177	1.2551004006976383
J192	14	6	45	80	0.6124841348401264
J193	13	7	38	93	1.0440994340529413
J194	11	7	15	40	0.43614794154869063
J195	15	7	61	165	0.7611579200965859
J196	14	4	88	3	0.8355568487431524
J197	13	6	97	128	1.4077670250694128
J198	15	3	103	166	0.976442672764298
J199	16	14	67	104	1.2362017605409714
J200	15	5	53	52	0.22813750268423327
\\ Jobs in machine 19
10
J201	17	12	99	97	0.9346579012854868
J202	16	7	18	136	1.7260380519651364
J203	14	3	62	30	1.6537934217814771
J204	15	10	70	2	0.1
J205	15	4	94	105	1.3200422097121407
J206	14	4	47	54	1.3404704557172815
J207	16	7	5	80	1.3954106413937575
J208	14	5	96	4	1.0596761428751165
J209	14	4	53	9	1.223372090640259
J210	15	8	26	51	2.213424047876866
\\ Jobs in machine 20
10
J211	14	5	15	68	1.6019094549854307
J212	15	10	79	53	2.186223242538773
J213	13	11	63	80	1.7147753596228257
J214	13	4	97	70	1.4511052453201168
J215	14	14	31	162	1.2072570358976826
J216	15	9	35	23	0.6963909949108866
J217	13	6	14	69	2.1866566993492995
J218	15	1	98	40	1.4543688721914334
J219	15	12	8	13	0.7375486668680193
J220	15	1	64	135	1.8778193452594716
\\ Jobs in machine 21
12
J221	13	13	50	128	0.5229401089300469
J222	15	14	32	121	1.650182036152307
J223	13	9	110	113	2.2054528154780524
J224	14	13	55	50	0.9416249923356819
J225	14	7	89	179	1.2538716420238305
J226	17	8	97	7	2.1528242589296056
J227	14	1	105	108	0.5375562293410868
J228	15	13	12	161	1.7833705385821983
J229	13	8	63	20	1.1397204467120765
J230	15	7	67	84	0.5516281893994414
J231	15	3	49	134	1.1621416803541604
J232	13	3	44	159	1.560093809431335
\\ Jobs in machine 22
10
J233	14	13	84	127	0.3576685000776233
J234	15	13	41	86	0.23438360778681933
J235	14	2	79	80	0.20190812403933223
J236	15	6	2	115	1.1499915202883957
J237	14	14	103	148	1.508523434462321
J238	15	3	69	9	1.6809801407835223
J239	15	9	96	136	0.37232174856941247
J240	14	9	97	66	1.2423221909788118
J241	16	5	57	161	1.352448798888457
J242	15	10	87	181	0.4107757773861034
\\ Jobs in machine 23
12
J243	14	7	66	47	0.9926126764653113
J244	15	11	34	71	1.0121338245749862
J245	14	4	22	54	1.5327449310256385
J246	13	5	94	27	0.6333617911723575
J247	14	10	71	73	0.593319497304994
J248	14	12	65	52	0.9717688174499164
J249	13	3	34	187	0.2812891337195519
J250	14	11	97	27	1.4396581333411007
J251	14	14	65	35	1.5959715663423206
J252	13	14	87	73	0.8851388890096634
J253	15	10	55	61	1.1116474215558059
J254	14	1	76	117	1.408404519576737
\\ Jobs in machine 24
10
J255	15	2	102	108	1.5115859717960805
J256	16	1	19	11	1.6037166326709713
J257	16	4	40	105	1.756814921004119
J258	13	6	90	82	1.339502582127574
J259	15	1	39	98	1.7257273803622906
J260	15	9	51	7	1.8813611407421553
J261	14	8	104	14	1.7057206740174942
J262	15	6	3	132	0.3668014702854532
J263	15	11	22	80	0.7266597259915317
J264	14	1	70	27	1.0261164759806793
\\ Jobs in machine 25
11
J265	15	9	67	140	1.97424234453405
J266	14	12	26	46	1.8724891546036784
J267	16	7	73	80	1.2127670094121419
J268	13	13	36	29	1.3363352033808535
J269	16	14	69	95	0.7742702868871576
J270	15	5	8	72	0.9445573949756793
J271	13	1	104	36	0.7090931919790133
J272	14	7	30	107	1.2226660309489277
J273	16	5	101	38	0.905757322815515
J274	16	9	77	151	0.45600869468043326
J275	14	9	40	186	1.4234300538120628
\\ Dependencies 
663
1	4
1	5
1	7
1	8
1	10
2	5
2	6
2	7
2	10
2	11
3	4
3	5
3	6
3	9
3	10
3	11
4	5
4	7
4	8
4	10
5	8
5	9
5	10
5	11
6	7
6	8
6	9
6	11
7	9
7	10
7	11
9	11
12	13
12	16
12	17
12	18
12	20
13	15
13	20
13	21
14	16
14	18
14	20
14	22
15	16
15	17
15	19
15	22
16	17
16	18
16	19
16	20
16	21
16	22
17	19
17	20
18	20
18	21
18	22
19	21
20	21
20	22
21	22
23	24
23	25
23	26
23	27
23	29
23	32
23	33
24	25
24	27
24	29
24	33
25	26
25	27
25	33
26	27
26	28
27	29
27	31
27	33
28	30
28	31
28	32
28	33
29	31
29	33
30	31
30	33
31	32
31	33
32	33
34	38
34	41
35	36
35	37
35	39
35	41
35	42
35	44
36	41
36	42
36	43
36	45
37	38
37	43
37	44
38	41
38	43
38	44
39	40
39	41
39	43
40	41
40	43
40	44
41	42
41	43
41	44
42	45
43	44
44	45
46	47
46	48
46	50
46	53
46	54
47	48
47	53
47	54
47	56
48	49
48	50
48	52
48	54
48	55
49	52
49	53
49	56
50	52
50	53
51	52
51	55
51	56
52	53
52	54
52	55
52	56
53	54
57	64
57	65
58	59
58	60
58	61
58	62
58	63
59	60
59	61
59	62
59	64
59	65
60	61
60	63
60	64
60	65
60	66
61	62
61	66
62	64
62	66
63	64
63	65
63	66
67	69
67	71
67	73
67	78
68	70
68	76
68	78
69	73
69	75
69	76
70	71
70	73
70	75
70	77
70	78
71	73
72	73
72	74
72	76
72	77
73	74
73	76
73	77
76	77
76	78
77	78
79	80
79	81
79	83
79	86
79	87
80	82
80	83
80	84
80	88
81	85
81	88
82	83
82	85
82	87
83	84
85	87
85	88
89	93
89	94
89	95
89	97
89	98
90	95
90	98
90	99
91	93
91	94
91	96
91	98
91	99
92	93
92	95
92	96
92	98
93	94
93	95
93	96
93	97
94	96
94	97
94	98
95	96
96	98
96	99
97	98
97	99
100	104
100	105
100	109
101	102
101	104
101	107
101	108
101	109
102	104
102	106
102	107
102	109
102	110
103	105
103	106
103	108
104	105
104	106
104	110
105	108
105	109
106	108
106	110
107	109
107	110
108	109
108	110
109	110
111	113
111	116
111	118
111	119
111	120
111	121
112	116
112	119
112	120
113	116
114	116
114	117
114	120
115	117
115	118
115	119
115	120
116	119
116	120
117	120
118	119
119	120
120	121
122	124
122	125
122	126
122	127
122	128
123	127
123	132
124	125
124	126
124	128
124	129
124	130
124	131
124	133
125	127
125	130
125	131
126	127
126	128
126	130
126	132
127	129
128	129
128	131
128	132
128	133
129	130
129	132
129	133
130	131
132	133
134	135
134	136
134	138
134	140
134	141
134	144
135	137
135	138
135	139
135	143
136	137
136	144
137	143
137	144
138	140
138	141
138	142
139	143
140	141
140	142
140	143
141	142
141	143
141	144
142	143
142	144
145	148
145	152
145	153
146	149
146	154
147	149
147	150
147	153
148	150
149	150
149	152
150	154
153	154
155	159
155	161
155	165
156	157
156	158
156	159
156	161
156	162
156	163
156	165
157	159
157	161
157	162
157	163
157	165
158	159
158	160
158	164
158	165
159	160
159	161
159	162
159	163
159	164
159	165
160	161
160	163
160	164
160	165
161	162
162	163
163	164
164	165
166	167
166	168
166	169
166	170
166	171
166	172
166	173
166	174
167	168
167	169
167	170
167	171
167	172
167	173
167	175
168	174
169	171
169	172
169	174
169	175
169	176
170	173
170	176
171	174
172	175
173	174
173	176
174	176
177	180
177	181
177	182
177	186
177	187
177	188
177	189
178	179
178	184
178	185
178	186
179	181
179	183
179	184
180	182
180	183
180	186
181	185
181	187
181	188
182	183
182	184
182	185
182	188
183	184
183	185
183	187
183	189
184	185
184	188
184	189
185	186
185	188
185	189
186	188
186	189
188	189
190	191
190	192
190	193
190	194
190	195
190	196
190	199
190	200
191	192
191	194
191	198
191	199
192	194
192	195
192	200
193	195
193	197
194	197
195	196
195	199
195	200
196	198
197	199
198	200
201	204
201	205
201	208
201	209
201	210
202	203
202	210
203	204
203	206
203	208
204	206
204	207
205	206
206	207
206	210
207	209
211	213
211	214
211	215
211	218
211	219
212	213
212	216
212	219
213	215
213	216
213	218
213	220
214	217
214	218
214	220
215	216
215	218
215	220
219	220
221	223
221	224
221	225
221	232
222	228
222	231
223	227
223	228
223	229
224	226
224	227
224	228
224	231
225	226
225	230
226	228
226	231
227	228
227	229
228	229
228	230
228	232
229	230
229	232
230	232
231	232
233	234
233	238
233	241
233	242
234	235
234	236
234	237
234	238
234	242
235	237
235	238
235	240
235	241
235	242
236	237
236	239
236	241
237	238
237	242
238	239
238	240
238	242
239	242
240	242
243	244
243	245
243	246
243	249
243	250
243	254
244	245
244	246
244	247
244	249
244	253
244	254
245	247
245	248
245	249
245	250
245	252
245	253
245	254
246	248
246	250
246	254
247	249
247	250
247	251
247	252
247	253
247	254
248	249
248	250
248	251
248	252
248	253
249	252
249	254
250	251
250	252
250	254
251	252
251	253
255	256
255	257
255	259
255	263
255	264
256	258
256	259
256	263
257	260
257	262
257	263
257	264
258	261
258	263
258	264
259	260
259	262
259	264
260	261
260	262
261	262
261	263
261	264
265	267
265	268
265	269
265	274
265	275
266	267
266	268
266	269
266	272
266	274
266	275
267	268
267	273
268	271
268	273
268	275
269	271
269	273
270	271
270	273
270	274
270	275
271	273
271	275
272	274
272	275
