\\ machines
6
\\ max power
60
\\ Jobs in machine 1
11
J1	16	8	103	12	1.306591308132369
J2	14	13	70	2	1.3910179282136326
J3	15	13	92	6	0.2983675735623488
J4	15	5	49	8	1.1563288543600574
J5	14	3	69	3	1.8878070534920801
J6	15	10	42	15	1.1019383852605886
J7	14	1	6	3	0.6743389095715834
J8	13	9	7	1	1.6718062054257734
J9	14	10	81	1	1.083193264229957
J10	14	10	73	15	1.5455192390877432
J11	16	4	17	8	0.9198884661769389
\\ Jobs in machine 2
11
J12	15	4	4	9	1.1945286118964993
J13	15	12	80	8	1.2725149182079039
J14	15	14	55	9	1.1403584192721035
J15	14	11	7	1	0.7195796145374764
J16	16	6	42	3	0.9094314993016206
J17	17	3	58	5	1.0856187484662114
J18	14	4	3	3	1.0426185497912934
J19	14	3	7	12	0.13862813150727282
J20	16	2	40	2	0.6302681546765021
J21	14	10	50	13	1.488582127281937
J22	15	6	98	4	2.375672039957191
\\ Jobs in machine 3
11
J23	13	4	13	4	1.1277673296866086
J24	15	11	65	6	0.4317134614137522
J25	15	2	75	2	0.5276414940470844
J26	14	11	105	1	1.3864053847966586
J27	13	11	88	6	1.2810878742409584
J28	13	8	27	11	1.0256698924007626
J29	13	13	80	3	0.7220777832375542
J30	16	7	15	7	0.9660693568888037
J31	14	4	99	10	1.184520839274361
J32	15	12	35	13	0.9462287923256154
J33	15	7	75	12	1.654347021108602
\\ Jobs in machine 4
12
J34	16	4	49	6	1.550111732772112
J35	15	6	76	7	1.606187265214123
J36	17	14	78	13	1.8143275953902154
J37	12	12	15	15	2.1599310668313336
J38	13	7	16	8	1.418124045688009
J39	15	14	40	9	1.555309607065369
J40	15	5	89	5	1.2071751780509747
J41	15	8	32	15	1.3622316365216127
J42	14	7	96	2	0.7975796909217323
J43	14	12	49	6	1.006994335303049
J44	14	8	86	13	0.6009194801789088
J45	14	5	30	15	1.0454491629935383
\\ Jobs in machine 5
11
J46	15	1	46	15	1.0652149337750878
J47	13	8	53	3	0.8871179462574681
J48	15	1	2	13	1.774573118768496
J49	14	4	72	6	1.2584668677605775
J50	16	11	102	15	1.9853082482188351
J51	16	14	99	13	1.2611590561790451
J52	14	7	71	1	1.567886812712246
J53	14	6	39	5	0.705140992429685
J54	15	13	24	3	0.5145543095131897
J55	13	5	18	11	1.1617246100401082
J56	13	10	46	14	1.4909299710214352
\\ Jobs in machine 6
12
J57	15	3	100	3	0.17673592181803244
J58	16	3	48	8	1.3251209804470476
J59	15	10	48	5	1.4922182662403713
J60	15	9	80	9	1.0014734289812157
J61	14	10	34	7	1.8937663540133938
J62	16	8	106	7	1.0093083616162795
J63	15	8	33	6	1.9005868013978617
J64	15	11	71	2	1.253017937833113
J65	15	4	41	9	1.4916383557480437
J66	15	9	10	10	0.5796715433692352
J67	14	11	23	5	1.0802362230717337
J68	14	4	71	10	1.0941052297240912
\\ Dependencies 
150
1	3
1	4
1	5
1	8
1	10
2	5
2	6
2	9
2	10
3	5
3	7
3	9
3	10
3	11
4	5
5	6
5	7
5	9
6	8
6	9
6	10
6	11
7	10
9	10
10	11
12	15
12	16
12	17
12	20
13	14
13	17
13	19
13	20
14	15
14	19
14	20
14	21
15	17
15	18
16	17
16	18
16	19
16	20
16	21
17	20
17	21
18	21
19	21
23	27
23	29
23	31
23	33
24	25
24	28
24	29
24	31
24	33
25	26
25	28
25	29
25	30
25	32
25	33
26	27
26	31
26	33
27	29
27	33
28	29
28	32
29	30
29	31
29	32
30	32
32	33
34	45
35	37
35	40
35	41
35	42
35	44
35	45
36	40
36	42
36	43
36	44
37	40
37	42
37	45
38	41
38	42
39	41
39	42
40	41
40	43
41	42
42	43
43	44
44	45
46	51
46	55
46	56
47	48
47	50
47	51
47	52
47	54
48	51
48	54
48	55
50	51
50	53
50	54
50	56
51	52
52	56
53	54
53	56
54	55
55	56
57	58
57	60
57	61
58	62
58	63
58	65
59	60
59	61
59	66
59	68
60	61
60	62
60	63
60	66
60	67
61	62
61	63
61	66
61	67
61	68
62	63
62	66
62	68
63	64
63	66
63	67
64	65
64	67
66	68
67	68
