\\ machines
10
\\ max power
100
\\ Jobs in machine 1
9
J1	15	2	59	55	1.4105221802713328
J2	14	3	3	55	1.4815015642248497
J3	15	14	55	49	1.0851051938266583
J4	13	13	14	13	1.234804536634569
J5	15	4	97	15	1.2197736832705552
J6	14	6	96	4	1.0620760652973484
J7	16	10	64	15	1.5394021367725013
J8	15	11	105	30	1.0369212357651847
J9	15	12	48	9	2.42269385549266
\\ Jobs in machine 2
10
J10	13	4	11	32	1.3546664102294668
J11	13	9	26	2	2.0850608273660916
J12	13	2	53	3	0.6853069183976298
J13	14	9	18	20	1.2269935077306502
J14	15	11	99	45	1.2260018789887412
J15	17	9	81	65	1.34819262341533
J16	14	3	37	74	1.1852755596014244
J17	14	1	87	51	1.49249790366577
J18	15	5	108	12	1.879848981775056
J19	12	7	21	74	1.4789423563326156
\\ Jobs in machine 3
10
J20	15	12	39	35	0.3701807606674885
J21	16	8	10	58	0.33651756619789697
J22	15	5	11	37	1.3118540056746533
J23	12	6	63	73	0.693896126498979
J24	13	8	33	30	1.5386385667167175
J25	16	12	91	10	1.2995183224579003
J26	13	12	41	67	1.5682926386611427
J27	15	5	47	6	0.18673765506235962
J28	14	4	81	24	0.7352611313962136
J29	15	6	25	4	1.2587082529563827
\\ Jobs in machine 4
10
J30	13	14	11	72	1.0889677097769468
J31	14	12	37	33	1.601619657302669
J32	15	14	44	64	1.5022933524672926
J33	15	6	12	30	0.3779785281907979
J34	14	2	98	41	0.3834465183090805
J35	15	12	40	47	0.9911480748385153
J36	16	5	89	59	0.36066519868455005
J37	14	3	42	22	0.7996387564129587
J38	15	12	48	41	0.9127041075959745
J39	16	14	27	67	0.7742909629588245
\\ Jobs in machine 5
10
J40	15	9	76	7	0.6727737684216385
J41	15	3	6	24	1.5060041771091772
J42	14	9	55	38	1.6178879989177755
J43	15	10	107	52	1.7223940862936649
J44	15	4	84	9	1.4354452813959784
J45	15	1	64	57	2.2034655305284896
J46	15	8	71	74	0.9306120945898415
J47	14	13	74	47	0.6615651888232457
J48	15	13	81	64	0.7329481206852952
J49	14	5	104	47	1.641720045348398
\\ Jobs in machine 6
11
J50	14	11	84	27	0.8806422404774001
J51	15	12	2	63	1.481995344829707
J52	15	2	19	51	0.41447292629722077
J53	15	11	14	24	0.9944200732445412
J54	12	7	31	39	1.9479760228569354
J55	14	11	105	24	0.968495647128865
J56	15	3	80	40	0.41941592893133817
J57	14	2	80	19	0.9215338704139995
J58	17	9	82	34	0.7541365825608715
J59	14	9	110	26	0.7202385972977512
J60	15	14	98	54	0.9376433994433127
\\ Jobs in machine 7
11
J61	16	10	12	6	1.4279671404559195
J62	15	8	106	44	1.0298766844142093
J63	16	14	36	12	1.4329165232168894
J64	15	3	94	1	0.9260599561153472
J65	13	12	20	46	0.13948591778960928
J66	15	8	66	1	1.4911974162407495
J67	13	8	28	60	1.094907895132888
J68	15	11	66	2	0.5263627225387166
J69	15	6	37	9	1.4903562511811612
J70	15	11	51	34	0.8965963628725144
J71	15	3	56	12	1.0817067683284691
\\ Jobs in machine 8
10
J72	15	5	22	38	1.842291662794708
J73	13	1	49	42	1.1083542396331718
J74	16	11	11	19	1.5427312425954847
J75	15	6	95	30	0.8240780985331473
J76	16	5	103	46	1.2534217374191425
J77	16	5	6	2	0.7350747453570029
J78	14	9	26	16	1.6033927839535915
J79	15	5	4	1	1.1405885564074527
J80	14	10	110	75	1.5318408638736403
J81	13	14	55	33	1.305529937984741
\\ Jobs in machine 9
11
J82	15	6	67	7	1.1591570783284255
J83	16	8	98	42	2.388140817527301
J84	13	13	100	69	1.392514281550787
J85	15	10	99	23	1.3766237245777055
J86	14	5	86	59	0.8668442187927909
J87	15	10	67	39	1.513276404060787
J88	15	11	97	53	1.076798384140535
J89	14	1	52	71	0.5833555180604292
J90	15	9	36	62	0.6046963285068306
J91	13	5	41	43	0.1
J92	14	11	23	44	1.442696728237135
\\ Jobs in machine 10
11
J93	15	1	95	16	1.8264282286545783
J94	15	5	86	52	1.2950723809973645
J95	16	4	3	51	1.2609245761557064
J96	13	7	68	11	0.847033882967511
J97	16	9	32	22	1.5788827800020462
J98	15	10	35	41	0.8891591456348187
J99	15	9	78	53	0.5240534653954211
J100	14	5	25	38	1.0143907796223854
J101	15	5	50	31	1.2299786857021378
J102	13	11	25	16	1.175955160961682
J103	15	1	72	43	1.0975994863938625
\\ Dependencies 
189
1	8
1	9
2	3
2	4
2	5
2	6
2	7
2	8
3	7
4	5
4	7
4	8
5	7
6	7
7	8
8	9
10	12
10	19
11	12
11	13
11	15
11	18
12	13
12	14
12	16
12	17
14	17
16	17
17	18
17	19
20	21
20	24
20	26
20	27
21	23
21	26
21	29
22	23
22	25
23	24
23	26
23	27
24	28
25	28
25	29
26	29
27	29
30	31
30	33
30	34
30	35
30	36
30	37
31	36
32	34
32	37
33	35
33	36
33	38
34	35
34	36
34	37
35	36
35	37
35	38
36	38
37	39
40	41
40	42
40	48
40	49
41	47
41	48
42	43
42	46
42	48
43	44
43	45
43	47
43	49
44	45
45	48
47	49
48	49
50	51
51	53
51	54
51	58
52	53
52	56
52	58
52	60
54	56
54	58
54	60
55	57
55	58
55	60
56	59
56	60
57	58
57	59
61	62
61	63
61	65
61	69
61	70
62	63
62	64
62	70
63	64
63	70
63	71
64	67
64	69
64	70
65	69
65	71
66	67
66	68
66	69
66	70
66	71
67	68
67	69
67	70
68	69
68	70
69	70
69	71
72	75
72	76
72	81
73	76
74	75
74	76
74	77
74	78
75	76
75	77
75	80
75	81
76	81
77	78
78	81
82	84
82	87
82	88
82	90
82	91
82	92
83	84
83	86
83	90
84	87
84	89
84	90
85	89
85	91
86	89
87	88
87	90
88	89
88	90
89	91
90	91
93	96
93	98
93	103
94	96
94	97
94	101
95	100
95	101
95	102
95	103
96	97
96	101
96	102
97	98
97	99
98	99
98	101
98	102
99	100
99	101
100	101
100	102
101	103
