\\ machines
6
\\ max power
60
\\ Jobs in machine 1
12
J1	15	6	30	15	0.7750425703015795
J2	16	2	79	17	0.7927311123766608
J3	14	8	32	2	0.6034534714271365
J4	14	4	98	17	1.9402117195024728
J5	14	2	103	28	1.1302893479761744
J6	14	14	93	17	1.0503223812211813
J7	15	9	87	19	2.0671482120210936
J8	15	2	93	3	0.1
J9	14	8	99	17	2.3401790230630155
J10	16	13	72	24	0.6783165790519137
J11	13	8	37	20	1.431619236578485
J12	14	10	33	3	1.675292664137357
\\ Jobs in machine 2
11
J13	16	2	98	29	1.5523155101631685
J14	15	5	41	6	1.5374703046054945
J15	14	11	53	14	1.8150372780443436
J16	13	7	29	27	0.9657248994138873
J17	14	1	47	30	1.2926472076881224
J18	13	13	10	22	1.4049532149498494
J19	16	11	45	18	0.5179699875185717
J20	15	13	8	24	1.5370307407886759
J21	16	8	35	15	1.205775518646402
J22	14	3	31	26	0.8990400274727369
J23	14	5	71	15	1.1995464973628407
\\ Jobs in machine 3
10
J24	14	7	36	3	0.7921467728450319
J25	16	3	68	4	1.259168211245791
J26	15	8	46	9	2.355202251964711
J27	14	6	64	7	1.2736163055952732
J28	12	4	94	12	1.7994079822869906
J29	17	12	97	5	1.2270962103633574
J30	15	1	78	28	0.8131002713127802
J31	16	4	93	27	1.5599994975385865
J32	12	4	60	18	1.8999864768579457
J33	15	3	105	12	1.8871637408621074
\\ Jobs in machine 4
11
J34	15	11	83	7	1.7486878391446603
J35	15	11	41	15	1.4721955761376846
J36	13	8	65	16	0.7945826891351695
J37	13	9	96	2	0.8599032553753632
J38	14	1	30	27	0.5122375915424131
J39	15	1	34	24	0.13208974529678885
J40	15	9	7	22	0.4766614645685813
J41	15	8	2	11	0.1
J42	14	6	8	27	1.364626542032187
J43	14	8	51	16	0.7711441114993394
J44	14	4	68	8	0.9076867646142652
\\ Jobs in machine 5
11
J45	15	2	46	26	1.3094551685775613
J46	13	4	8	30	1.076357070464307
J47	14	5	74	25	1.039327834598077
J48	14	10	29	17	0.7791648690700796
J49	17	2	11	18	1.9572919860358668
J50	13	9	67	12	0.2803680868094932
J51	13	4	99	9	1.4245002160913354
J52	13	13	54	15	1.284113917891597
J53	14	9	36	27	1.4774936443153406
J54	13	4	5	9	0.6035632802745449
J55	16	13	84	4	1.637820452326035
\\ Jobs in machine 6
12
J56	15	2	73	26	0.9125824160342485
J57	15	1	47	27	1.3634800107939855
J58	15	12	100	26	1.005624184287513
J59	14	7	106	8	1.39521621264305
J60	14	3	33	25	2.1502901718001666
J61	14	8	3	14	1.490077664040466
J62	14	7	57	22	1.8042352758442213
J63	15	9	84	21	0.9099765066559949
J64	15	1	33	11	0.6699947448757458
J65	14	1	99	7	1.5270363686859145
J66	14	8	88	17	1.9403589522801339
J67	15	5	59	18	1.4596899331946203
\\ Dependencies 
309
1	2
1	3
1	4
1	5
1	6
1	7
1	8
1	9
1	10
1	11
1	12
2	3
2	4
2	5
2	6
2	7
2	8
2	9
2	10
2	11
2	12
3	5
3	6
3	7
3	8
3	9
3	10
3	11
3	12
4	6
4	7
4	8
4	9
4	10
4	11
4	12
5	6
5	7
5	9
5	10
5	11
5	12
6	7
6	8
6	9
6	10
6	12
7	8
7	9
7	10
7	11
7	12
8	9
8	10
8	11
9	10
9	11
9	12
10	11
10	12
11	12
13	14
13	15
13	16
13	17
13	18
13	19
13	20
13	21
13	22
13	23
14	15
14	16
14	18
14	19
14	21
14	22
14	23
15	16
15	17
15	18
15	19
15	20
15	21
15	22
16	17
16	18
16	19
16	20
16	21
16	22
16	23
17	18
17	19
17	20
17	21
17	22
17	23
18	19
18	20
18	21
18	22
18	23
19	20
19	21
19	22
19	23
20	21
20	22
20	23
21	22
21	23
22	23
24	25
24	26
24	28
24	29
24	30
24	31
24	32
24	33
25	27
25	28
25	29
25	30
25	33
26	27
26	28
26	29
26	30
26	31
26	32
26	33
27	28
27	29
27	30
27	31
27	32
28	29
28	30
28	31
28	32
28	33
29	30
29	31
29	32
29	33
30	31
30	32
30	33
31	32
31	33
32	33
34	35
34	36
34	37
34	38
34	41
34	43
34	44
35	36
35	37
35	39
35	40
35	41
35	43
35	44
36	37
36	38
36	39
36	40
36	41
36	42
36	43
36	44
37	39
37	40
37	41
37	42
37	43
37	44
38	39
38	40
38	41
38	42
38	44
39	40
39	41
39	42
39	43
39	44
40	41
40	42
40	43
40	44
41	42
41	43
41	44
42	43
42	44
43	44
45	47
45	48
45	49
45	50
45	51
45	52
45	53
45	54
45	55
46	47
46	49
46	51
46	53
46	54
46	55
47	48
47	50
47	51
47	52
47	53
47	54
47	55
48	49
48	50
48	51
48	52
48	53
48	54
48	55
49	50
49	51
49	52
49	53
49	54
49	55
50	51
50	53
50	54
50	55
51	52
51	53
51	54
51	55
52	53
52	55
53	54
53	55
54	55
56	57
56	59
56	60
56	61
56	62
56	63
56	64
56	65
56	66
56	67
57	58
57	59
57	60
57	61
57	62
57	63
57	64
57	65
57	66
57	67
58	59
58	60
58	62
58	63
58	65
58	66
58	67
59	60
59	61
59	62
59	63
59	64
59	66
59	67
60	61
60	62
60	63
60	65
60	66
61	62
61	63
61	64
61	65
61	66
61	67
62	63
62	64
62	65
62	66
62	67
63	64
63	65
63	66
63	67
64	65
64	66
64	67
65	66
65	67
66	67
