\\ machines
10
\\ max power
100
\\ Jobs in machine 1
11
J1	16	6	80	46	0.7203721799868236
J2	13	5	88	36	1.5881542197415264
J3	15	5	38	24	0.9145817437398391
J4	14	5	47	14	1.2344401430043632
J5	13	5	64	49	0.8960105152191037
J6	14	12	52	72	1.414995645307987
J7	15	7	85	25	0.595609590806533
J8	13	4	102	53	1.027549801546603
J9	14	11	42	27	0.4004646306594992
J10	13	11	14	20	1.366611035070459
J11	14	7	46	13	0.8025864711308246
\\ Jobs in machine 2
11
J12	15	11	68	16	1.1416308327895026
J13	13	7	9	15	0.4967646677311144
J14	14	12	40	5	0.5834900899558062
J15	15	4	78	15	0.9126027012133187
J16	15	3	86	35	1.8416717938701082
J17	15	5	25	58	0.5475246610595037
J18	14	1	61	70	0.9295782957694562
J19	13	7	68	6	1.1627046404921337
J20	13	10	74	67	0.8086074202400436
J21	15	7	77	54	1.462354358505424
J22	14	3	41	56	1.1226177013369312
\\ Jobs in machine 3
12
J23	14	9	64	53	0.774467576255462
J24	14	3	47	8	1.5091284381358099
J25	13	9	7	58	0.6200138299987734
J26	14	3	47	66	0.9401792982302491
J27	15	2	73	32	0.7335727565863839
J28	15	4	97	17	1.669602642322746
J29	14	5	98	74	1.0704133176491888
J30	13	5	14	40	0.3835163436909512
J31	14	9	7	33	1.1165056353898681
J32	16	5	19	42	1.0740230196731213
J33	13	8	41	71	1.7006441819535858
J34	14	9	10	45	0.6517328428889543
\\ Jobs in machine 4
10
J35	15	10	110	5	0.2820029153852297
J36	15	8	67	49	1.9988952308163996
J37	14	5	52	43	1.9160911684717035
J38	15	7	67	14	0.6414105700286931
J39	15	4	92	6	1.2819344973389233
J40	12	1	69	15	1.6629602770649181
J41	13	4	96	12	0.9601048514733737
J42	14	14	7	11	0.6935222090805068
J43	14	2	22	71	1.2853795681673184
J44	14	4	50	29	0.8866441864817369
\\ Jobs in machine 5
12
J45	13	13	97	15	0.6405563742900343
J46	15	2	69	45	1.7844011398562163
J47	16	8	33	5	1.6585880417310084
J48	14	14	102	66	1.4364351689015311
J49	15	9	91	36	1.232563708026481
J50	13	11	69	47	2.072620201885103
J51	14	3	12	65	0.9176356851001342
J52	14	7	53	41	1.086784619878443
J53	15	12	69	46	0.42045672000098944
J54	16	3	50	30	1.5848813865972216
J55	16	7	18	3	1.4176405927951308
J56	13	3	23	35	0.6892242051663762
\\ Jobs in machine 6
11
J57	15	4	95	11	1.5736755442764405
J58	14	5	107	18	1.63077015635469
J59	14	12	93	72	1.069951768466475
J60	14	14	35	35	1.4999288872555263
J61	14	2	21	21	0.6382674300735572
J62	14	8	65	26	0.1
J63	14	9	82	48	1.6661588228456967
J64	14	9	41	26	1.9786021031274763
J65	15	2	44	1	1.0357322034556669
J66	15	12	38	30	1.7495430274411792
J67	17	2	91	44	1.0725265951555525
\\ Jobs in machine 7
10
J68	16	9	91	53	1.2337844924867274
J69	16	1	16	13	1.3760097453394065
J70	14	7	72	22	1.4524230482848106
J71	16	11	49	37	1.3239567268824843
J72	16	14	60	27	0.7958937630277569
J73	16	11	21	64	1.3704757961118927
J74	15	14	28	33	1.4596575774316705
J75	16	11	32	37	0.6332821975805003
J76	16	11	31	37	1.8531711067648233
J77	15	1	43	65	1.5452004874292533
\\ Jobs in machine 8
11
J78	14	12	85	33	0.9241215752772345
J79	16	6	72	49	0.6409866136038349
J80	15	4	14	54	1.5611904322015104
J81	13	3	33	70	1.058739417343068
J82	14	6	44	35	1.4499336433446337
J83	15	4	72	1	0.5860882149099931
J84	14	12	5	67	0.19955458854826547
J85	14	2	80	64	1.732203993728854
J86	13	12	67	13	1.4050149111703714
J87	13	1	44	15	1.6758609991677638
J88	16	3	67	43	1.3235045384411768
\\ Jobs in machine 9
10
J89	14	13	80	64	1.0212218197371754
J90	14	12	66	33	1.4915594022381033
J91	14	8	65	32	0.6920582981195025
J92	16	3	25	44	1.445936212635649
J93	16	14	4	29	1.6437324531260242
J94	14	11	48	49	1.1968960447360857
J95	15	8	109	63	1.5755556625624603
J96	15	7	2	55	1.4090508690625687
J97	15	3	59	53	1.430901981845965
J98	14	2	21	73	1.4220349711330627
\\ Jobs in machine 10
11
J99	15	5	73	42	1.469172041165119
J100	13	6	78	30	0.8862678897878427
J101	14	5	82	2	1.914892794790847
J102	13	9	89	52	0.5511128644042601
J103	14	1	12	58	1.2974858032319914
J104	14	2	46	26	1.637754835098654
J105	14	1	8	4	0.1
J106	14	1	66	23	1.4136170802935686
J107	15	2	92	50	1.5163864528547888
J108	15	10	24	67	1.7519246439170906
J109	15	2	22	5	1.2414964147072216
\\ Dependencies 
496
1	2
1	3
1	4
1	5
1	6
1	7
1	8
2	3
2	4
2	5
2	6
2	7
2	8
2	9
2	10
2	11
3	4
3	5
3	6
3	7
3	8
3	9
3	10
3	11
4	5
4	6
4	7
4	8
4	10
4	11
5	6
5	7
5	8
5	9
5	10
5	11
6	7
6	8
6	9
6	10
7	8
7	9
7	10
7	11
8	9
8	10
8	11
9	10
9	11
10	11
12	13
12	14
12	15
12	16
12	17
12	18
12	19
12	20
12	22
13	14
13	15
13	16
13	17
13	19
13	21
14	15
14	17
14	18
14	19
14	20
14	21
14	22
15	16
15	17
15	18
15	19
15	20
15	22
16	17
16	19
16	20
16	21
16	22
17	18
17	19
17	21
17	22
18	20
18	21
18	22
19	20
19	21
19	22
20	21
20	22
21	22
23	24
23	25
23	26
23	28
23	29
23	30
23	31
23	32
23	33
23	34
24	25
24	26
24	27
24	28
24	29
24	30
24	31
24	32
24	33
24	34
25	26
25	27
25	28
25	29
25	30
25	31
25	33
25	34
26	27
26	28
26	29
26	30
26	31
26	33
26	34
27	28
27	29
27	30
27	31
27	32
27	33
27	34
28	29
28	31
28	32
28	33
28	34
29	30
29	31
29	32
29	34
30	31
30	32
30	33
30	34
31	32
31	33
31	34
32	34
33	34
35	36
35	37
35	38
35	39
35	40
35	41
35	43
35	44
36	37
36	38
36	39
36	40
36	41
36	42
36	43
36	44
37	38
37	39
37	40
37	42
37	43
37	44
38	39
38	40
38	41
38	42
38	43
38	44
39	40
39	41
39	42
39	44
40	41
40	42
40	43
40	44
41	42
41	43
41	44
42	43
43	44
45	46
45	47
45	48
45	49
45	50
45	51
45	52
45	53
45	54
45	55
45	56
46	47
46	49
46	50
46	51
46	53
46	54
46	55
46	56
47	48
47	49
47	50
47	51
47	52
47	53
47	54
47	55
47	56
48	49
48	50
48	51
48	53
48	54
48	55
48	56
49	50
49	51
49	52
49	53
49	54
49	55
49	56
50	51
50	52
50	53
50	54
50	55
50	56
51	53
51	54
51	55
52	53
52	54
52	55
52	56
53	54
53	55
54	55
54	56
55	56
57	58
57	59
57	60
57	61
57	62
57	63
57	65
57	66
57	67
58	59
58	60
58	61
58	62
58	63
58	64
58	65
58	66
59	60
59	61
59	62
59	63
59	64
59	65
59	66
59	67
60	61
60	62
60	63
60	64
60	65
60	66
60	67
61	62
61	63
61	65
61	66
61	67
62	64
62	65
62	66
62	67
63	64
63	65
63	67
64	65
64	66
64	67
65	66
66	67
68	70
68	71
68	72
68	73
68	74
68	75
68	76
68	77
69	70
69	71
69	72
69	73
69	74
69	75
69	76
69	77
70	71
70	72
70	73
70	74
70	75
70	76
71	72
71	73
71	75
71	76
71	77
72	73
72	74
72	75
72	76
72	77
73	74
73	75
73	76
73	77
74	75
74	76
74	77
75	76
75	77
76	77
78	79
78	80
78	81
78	82
78	83
78	84
78	85
78	86
78	87
78	88
79	80
79	81
79	82
79	83
79	84
79	85
79	86
79	87
79	88
80	81
80	82
80	83
80	84
80	85
80	86
80	87
80	88
81	82
81	83
81	85
81	86
81	87
81	88
82	83
82	84
82	85
82	86
82	87
82	88
83	84
83	85
83	86
83	87
83	88
84	85
84	86
84	87
84	88
85	86
85	87
85	88
86	87
86	88
87	88
89	90
89	91
89	92
89	93
89	95
89	96
89	97
89	98
90	91
90	92
90	93
90	94
90	95
90	96
90	97
90	98
91	92
91	93
91	94
91	95
91	96
91	97
91	98
92	93
92	94
92	95
92	96
92	97
92	98
93	94
93	95
93	96
93	97
94	95
94	96
94	97
94	98
95	96
95	97
95	98
96	97
96	98
97	98
99	101
99	102
99	103
99	104
99	105
99	106
99	107
99	108
99	109
100	101
100	102
100	103
100	104
100	105
100	107
100	108
100	109
101	102
101	103
101	104
101	105
101	106
101	107
101	108
101	109
102	103
102	105
102	106
102	107
102	108
102	109
103	104
103	105
103	106
103	107
103	108
104	105
104	106
104	107
104	108
104	109
105	106
105	107
105	108
105	109
106	107
106	108
106	109
107	108
107	109
108	109
