\\ machines
20
\\ max power
200
\\ Jobs in machine 1
12
J1	14	3	23	40	1.621553141115255
J2	15	6	40	70	2.1442149255042464
J3	14	1	53	42	1.4297173122261548
J4	14	7	108	71	1.2301581534144312
J5	14	6	90	24	1.01857417768467
J6	15	1	43	16	0.9906510726513347
J7	16	1	108	40	1.4916260067667324
J8	14	12	82	26	0.746492858772435
J9	13	2	58	6	0.6129928366568995
J10	15	9	93	46	0.5057967916453301
J11	15	5	88	23	1.3723765447088414
J12	16	12	11	89	2.366039429212124
\\ Jobs in machine 2
11
J13	14	14	87	24	1.7976112769304498
J14	16	4	18	80	0.9216487052972033
J15	13	6	61	71	0.5933938896148301
J16	14	14	21	6	1.9314274673708667
J17	14	4	57	13	0.5633926581111157
J18	14	7	74	82	1.266348844459385
J19	17	13	110	89	1.1396287325276804
J20	16	8	107	27	1.4250312911173544
J21	15	7	54	8	0.5084858134238678
J22	13	9	7	82	0.2449402088245356
J23	14	3	105	88	1.3501551090134878
\\ Jobs in machine 3
12
J24	16	3	91	94	1.2864303564201698
J25	13	5	20	29	1.4657339503012683
J26	15	13	20	46	1.171625358869497
J27	13	10	94	4	0.8307696985095087
J28	15	5	25	100	1.8077705375022468
J29	16	9	57	76	1.0875675498184791
J30	15	14	24	75	0.9306132769596889
J31	15	5	24	36	2.101305837566753
J32	15	12	22	23	1.037957546741676
J33	16	12	15	52	0.403212939498211
J34	15	10	20	33	1.9817720079599894
J35	15	7	98	14	0.9396159782205865
\\ Jobs in machine 4
9
J36	16	7	65	58	1.4829730106750525
J37	14	2	109	98	0.7105638250548585
J38	14	3	108	50	1.9397052355365512
J39	15	3	16	17	0.697777350414415
J40	15	13	46	51	1.7305200439675534
J41	16	13	41	40	0.7014847149882983
J42	17	1	108	12	1.4661644699308898
J43	14	4	49	45	1.1120043218423759
J44	14	11	104	5	0.9924978321849494
\\ Jobs in machine 5
12
J45	12	10	31	54	1.001097994621823
J46	14	13	31	2	1.8322202830253254
J47	13	9	47	2	1.6263031556191856
J48	15	4	97	91	2.8523756211861673
J49	13	11	9	26	1.9423590822145704
J50	15	4	60	70	0.4240288659899185
J51	16	6	73	48	0.5364592304958111
J52	16	4	41	84	0.5202936185128996
J53	16	10	26	23	0.7901348369503047
J54	14	13	87	36	1.1135640922918386
J55	15	9	91	89	1.8071180276174366
J56	15	10	95	7	1.1328398751386088
\\ Jobs in machine 6
11
J57	15	12	72	75	1.0475988336363762
J58	15	6	79	22	1.9480529864889917
J59	14	7	89	95	1.5664659368324627
J60	17	6	20	11	1.7730861930880644
J61	16	11	49	95	1.2029365697869219
J62	14	3	93	54	0.38375872833724367
J63	14	6	43	48	1.2886048228737212
J64	14	5	10	11	1.492268770812821
J65	15	10	20	54	0.7799540674476907
J66	14	14	41	16	0.5192634637447746
J67	14	13	78	8	0.847234480442987
\\ Jobs in machine 7
12
J68	14	9	78	62	0.42038684528307224
J69	15	11	99	97	1.2547660861122611
J70	15	12	18	94	1.0964421308680778
J71	15	2	64	96	0.9384194090867212
J72	16	1	59	27	0.8661403780420767
J73	15	14	48	11	0.9559964756871991
J74	12	4	78	14	1.8382020110085344
J75	14	12	45	8	2.0113507980146434
J76	14	10	26	74	1.0037633496734921
J77	15	9	39	100	1.4512224435632504
J78	14	2	11	33	1.1819361848893233
J79	15	12	10	75	0.1
\\ Jobs in machine 8
11
J80	14	9	50	39	1.6099383125470161
J81	17	2	72	14	1.1335107302981713
J82	14	11	102	62	0.8363931546476823
J83	16	10	104	39	1.9702628367016821
J84	13	12	4	92	1.8196964013856665
J85	15	13	16	23	0.7660167005309961
J86	15	7	22	46	1.1141102457296033
J87	14	9	75	81	1.4577181945996398
J88	14	4	56	80	2.135194189989603
J89	14	7	51	79	0.2276844645261098
J90	14	14	21	52	0.953848301576571
\\ Jobs in machine 9
13
J91	14	2	102	9	1.082966754603525
J92	12	3	21	27	2.129120023763277
J93	16	13	7	84	0.7756261776947562
J94	15	4	58	38	1.5902652202125176
J95	15	8	45	32	1.4147458063588592
J96	14	5	11	78	0.9953511273951089
J97	14	8	47	85	0.1
J98	13	8	55	96	0.9271388038304824
J99	13	13	97	58	1.7965609160453089
J100	16	2	2	15	0.6514230253508165
J101	14	3	31	26	0.7694725592550414
J102	15	5	5	69	1.1569074764580416
J103	14	7	106	50	1.0139302374815047
\\ Jobs in machine 10
11
J104	14	1	88	46	0.6897620911973484
J105	15	7	72	44	1.1872081001908334
J106	16	9	42	7	1.4421248293553814
J107	13	13	83	27	1.5960772268108177
J108	14	12	59	75	1.3423957311253385
J109	14	12	74	32	0.8789473937838042
J110	15	9	38	29	1.4086920693904093
J111	14	3	78	86	0.9802382503955767
J112	13	12	30	68	1.352641932816848
J113	14	1	9	74	1.6209860933297644
J114	13	12	80	68	1.7011490771540487
\\ Jobs in machine 11
10
J115	13	1	88	35	0.8309854655178394
J116	15	12	13	38	1.184181779378181
J117	15	1	94	47	1.9452785904392011
J118	15	9	32	93	1.367615027207268
J119	14	5	47	34	1.3050653198193864
J120	14	3	103	51	1.28333375796131
J121	15	1	97	86	0.6794583661605192
J122	15	5	59	20	2.0257263315594547
J123	15	11	59	19	0.7168281922110277
J124	15	11	81	84	0.7412571833588761
\\ Jobs in machine 12
11
J125	14	12	8	79	0.8764925725764576
J126	12	8	21	81	1.7236933076768222
J127	15	4	104	3	1.8753478759097237
J128	17	8	11	27	1.224476134366275
J129	14	11	61	30	1.014472394725576
J130	13	4	80	56	1.2357807961368297
J131	14	9	18	67	1.1965468911859491
J132	15	5	38	4	0.1905870161221206
J133	15	12	84	95	1.8156495600968294
J134	14	14	70	46	0.7894228764980632
J135	15	10	26	80	1.0960372665219795
\\ Jobs in machine 13
11
J136	16	7	14	68	1.0972246254819291
J137	15	9	34	75	1.5185793677179706
J138	15	3	11	84	2.572965209850166
J139	15	4	79	49	0.8590806676682454
J140	15	8	58	88	1.0934987842455257
J141	13	6	105	16	0.7479424906341372
J142	15	7	14	53	1.9678381730262235
J143	15	2	56	67	1.5271915231189452
J144	15	10	69	42	0.964036850014705
J145	14	2	7	62	1.5150826287324117
J146	14	8	84	78	1.7235071399608004
\\ Jobs in machine 14
12
J147	14	6	96	27	1.6714825110234126
J148	14	2	27	33	0.9604174888279773
J149	15	3	31	69	0.4646587082396674
J150	14	10	25	33	1.487119443179451
J151	14	14	83	26	0.962995691025091
J152	14	5	49	7	1.3856221366687036
J153	13	13	64	77	1.407324254866814
J154	15	2	80	99	0.17259741400975814
J155	15	3	23	94	0.44899912520025076
J156	13	4	12	2	0.9375671671218311
J157	14	2	70	96	0.6321774498126199
J158	14	14	76	63	0.5021334843359186
\\ Jobs in machine 15
11
J159	14	7	18	82	1.210053873733563
J160	14	1	62	48	1.2279016711123656
J161	16	11	85	65	2.0278194287276756
J162	14	1	44	68	1.312311189035666
J163	14	10	88	33	1.0312146297912086
J164	14	11	66	51	1.193338182453375
J165	15	2	89	11	1.5177020663721759
J166	14	8	107	63	2.0340383109488567
J167	14	14	26	88	2.3039555808681156
J168	14	3	15	69	0.8802661891522146
J169	14	7	95	24	2.8789392264398606
\\ Jobs in machine 16
10
J170	14	9	50	72	1.1826854252517245
J171	14	14	68	40	0.6165114011072942
J172	15	7	16	15	0.8116706224469359
J173	14	7	70	21	2.4052340388131754
J174	14	1	24	40	1.0735147873490243
J175	15	2	27	41	1.5669613813850038
J176	16	14	4	35	1.2736942998078427
J177	15	11	102	37	0.35080969548087404
J178	14	2	107	35	1.40567921208746
J179	14	13	73	22	0.8890957831909921
\\ Jobs in machine 17
11
J180	14	3	8	11	0.6661134573691068
J181	14	11	45	17	1.0905159363901298
J182	16	5	72	73	1.872834118011189
J183	16	8	91	74	1.134812225073405
J184	15	7	77	61	1.6813227417679084
J185	16	5	64	73	1.6406209001587306
J186	15	4	23	77	0.737047426534253
J187	13	5	92	24	1.2343922877827234
J188	14	14	34	71	0.9184537809316085
J189	16	8	41	2	1.303421494255388
J190	14	14	10	73	0.4063005571052474
\\ Jobs in machine 18
11
J191	13	11	75	7	1.8155319233710925
J192	16	12	76	76	0.866106654024293
J193	17	11	66	97	2.1133496583866913
J194	12	6	96	40	1.3994909530078057
J195	14	8	103	32	1.4621749296640836
J196	14	10	53	60	0.1
J197	15	3	11	91	0.5219081042905142
J198	15	12	110	75	1.1867642957950921
J199	13	4	110	65	1.2759506523871482
J200	15	12	93	33	1.7705456395874264
J201	15	14	106	41	0.9523110214211343
\\ Jobs in machine 19
10
J202	17	7	53	1	1.1982523040333293
J203	15	10	27	22	0.7567018830280579
J204	16	1	57	22	0.9515719413228325
J205	15	9	86	61	0.7518171786323005
J206	14	9	78	80	1.3607961144443823
J207	14	7	69	67	1.2411637231057264
J208	15	3	15	2	2.2364036394645233
J209	13	13	45	15	1.1843896891283996
J210	15	12	16	1	1.6976332366669329
J211	15	12	26	37	0.6341574036583982
\\ Jobs in machine 20
10
J212	16	7	88	40	1.2449069007445615
J213	17	11	93	67	1.240830353385086
J214	15	7	33	8	0.9081436193087168
J215	15	13	100	1	1.236084247893106
J216	14	4	7	43	1.4250952123700886
J217	14	12	103	18	1.736231261343958
J218	14	5	64	93	1.1293953811119843
J219	15	9	9	70	1.6513647622621856
J220	12	3	5	25	0.7629671866821122
J221	14	5	108	50	1.6096828603465565
\\ Dependencies 
817
1	2
1	3
1	4
1	5
1	6
1	7
1	8
1	12
2	3
2	4
2	6
2	7
2	8
2	9
2	11
3	8
3	10
3	11
3	12
4	5
4	6
4	7
4	8
4	9
5	6
5	7
5	9
5	10
6	8
6	9
6	10
6	11
7	8
7	9
7	11
7	12
8	11
8	12
9	10
9	11
9	12
10	11
10	12
11	12
13	14
13	16
13	17
13	21
13	22
13	23
14	15
14	16
14	17
14	18
14	19
14	21
14	22
14	23
15	16
15	17
15	19
15	20
15	21
15	22
16	17
16	18
16	19
16	20
16	23
17	18
17	20
17	22
18	19
18	20
18	21
18	22
18	23
19	20
19	21
19	23
20	21
21	22
21	23
22	23
24	25
24	26
24	27
24	28
24	29
24	31
24	32
24	33
24	34
25	26
25	27
25	28
25	29
25	30
25	31
25	32
25	35
26	27
26	29
26	30
26	31
26	32
26	34
26	35
27	30
27	31
27	32
27	33
27	34
27	35
28	29
28	31
28	32
28	33
28	34
28	35
29	30
29	32
29	33
29	34
29	35
30	33
30	34
30	35
31	33
31	34
31	35
32	33
32	34
32	35
33	34
33	35
34	35
36	37
36	38
36	39
36	41
36	42
36	43
36	44
37	39
37	40
37	41
37	42
37	43
37	44
38	39
38	40
38	41
38	43
39	41
39	42
40	41
40	42
40	44
41	43
42	43
42	44
45	46
45	47
45	48
45	50
45	52
45	54
45	55
45	56
46	48
46	49
46	50
46	52
46	53
47	49
47	51
47	52
47	53
47	54
47	55
47	56
48	50
48	52
48	53
48	54
49	51
49	52
49	53
49	54
49	56
50	51
50	52
50	53
50	56
51	52
51	53
51	54
51	55
51	56
52	53
52	54
52	56
53	54
53	55
53	56
54	55
54	56
55	56
57	58
57	59
57	60
57	62
57	64
57	65
57	66
57	67
58	59
58	60
58	62
58	63
58	64
58	65
58	66
58	67
59	60
59	61
59	62
59	63
59	64
59	65
59	66
59	67
60	61
60	62
60	63
60	64
60	65
60	66
61	62
61	63
61	64
61	65
61	66
61	67
62	64
62	65
62	66
62	67
63	64
63	67
64	65
64	66
64	67
65	67
66	67
68	69
68	70
68	71
68	72
68	73
68	75
68	76
68	77
68	78
69	70
69	72
69	73
69	75
69	76
69	77
69	78
70	72
70	73
70	76
70	77
70	78
70	79
71	72
71	73
71	75
71	76
71	77
71	78
71	79
72	73
72	74
72	76
72	77
72	78
72	79
73	75
73	78
74	75
74	76
74	77
74	78
74	79
75	76
75	77
75	78
75	79
76	77
77	78
77	79
78	79
80	81
80	84
80	85
80	89
81	82
81	83
81	84
81	85
81	86
81	87
81	88
81	89
81	90
82	84
82	85
82	86
82	87
82	88
82	89
82	90
83	85
83	86
83	87
83	89
83	90
84	85
84	86
84	88
84	89
85	86
85	87
85	88
85	90
86	87
86	88
86	90
88	90
89	90
91	94
91	95
91	97
91	99
91	100
91	101
91	102
91	103
92	93
92	94
92	99
92	100
92	101
92	102
92	103
93	94
93	95
93	97
93	98
93	99
93	100
93	102
94	95
94	97
94	98
94	101
94	102
94	103
95	98
95	99
95	100
95	101
95	102
96	97
96	98
96	99
96	100
96	101
96	102
96	103
97	98
97	99
97	100
97	101
98	99
98	100
98	101
98	103
99	100
99	101
99	102
99	103
100	101
100	102
100	103
101	102
104	107
104	109
104	112
104	113
105	106
105	108
105	109
105	110
105	111
105	113
105	114
106	107
106	108
106	109
106	111
106	112
106	113
106	114
107	109
107	110
107	111
107	112
107	113
107	114
108	109
108	110
108	111
108	112
108	113
109	110
109	111
109	112
109	113
110	113
111	112
111	113
111	114
112	113
112	114
115	116
115	117
115	118
115	119
115	120
115	121
115	122
115	123
115	124
116	123
116	124
117	118
117	119
117	120
117	123
117	124
118	119
118	120
118	122
118	123
118	124
119	120
119	123
119	124
120	121
120	122
120	124
121	122
121	123
121	124
122	123
122	124
125	126
125	127
125	128
125	129
125	131
125	132
125	134
125	135
126	127
126	128
126	129
126	130
126	132
126	133
126	134
126	135
127	128
127	131
127	132
127	133
127	134
127	135
128	129
128	130
128	131
128	132
128	134
128	135
129	130
129	131
129	133
129	134
129	135
130	132
130	134
130	135
131	132
131	133
131	135
132	134
132	135
133	134
133	135
136	137
136	138
136	139
136	140
136	143
136	144
136	145
136	146
137	138
137	140
137	142
137	143
137	144
137	145
137	146
138	139
138	140
138	141
138	143
138	144
139	140
139	141
139	144
139	145
139	146
140	141
140	144
140	145
140	146
141	142
141	143
141	144
141	145
141	146
142	143
142	144
142	145
143	145
144	145
144	146
145	146
147	149
147	150
147	151
147	152
147	156
147	157
147	158
148	150
148	151
148	152
148	153
148	154
148	156
148	157
148	158
149	150
149	151
149	152
149	154
149	155
149	157
150	151
150	153
150	156
150	157
151	153
151	154
151	155
151	156
151	157
151	158
152	153
152	154
152	155
152	156
152	157
152	158
153	157
154	155
154	157
154	158
155	157
155	158
156	157
156	158
159	160
159	161
159	162
159	163
159	164
159	166
159	168
159	169
160	161
160	163
160	164
160	165
160	166
160	167
160	168
161	162
161	163
161	164
161	165
161	166
161	167
161	168
161	169
162	163
162	167
162	168
162	169
163	164
163	165
163	167
163	169
164	166
164	167
164	168
164	169
165	166
165	168
165	169
166	167
166	168
167	168
168	169
170	172
170	173
170	174
170	176
170	177
170	178
170	179
171	172
171	173
171	174
171	175
171	176
171	177
171	178
172	174
172	178
172	179
173	174
173	177
173	178
173	179
174	175
174	176
174	179
175	176
175	177
175	178
175	179
176	177
176	178
176	179
178	179
180	181
180	183
180	184
180	186
180	187
180	189
180	190
181	182
181	184
181	186
181	188
181	189
181	190
182	185
182	186
182	187
183	184
183	185
183	186
183	187
183	189
183	190
184	185
184	186
184	187
184	188
184	189
185	186
185	187
185	188
185	189
186	187
186	188
186	189
187	189
187	190
188	189
188	190
191	192
191	193
191	195
191	196
191	198
191	199
191	200
191	201
192	194
192	196
192	197
192	198
192	199
192	200
192	201
193	194
193	195
193	198
193	200
193	201
194	195
194	196
194	197
194	198
194	199
194	200
194	201
195	196
195	200
195	201
196	197
196	198
196	200
196	201
197	198
197	199
197	200
197	201
198	200
198	201
199	200
199	201
200	201
202	203
202	204
202	205
202	206
202	207
202	209
202	210
202	211
203	204
203	205
203	206
203	207
203	210
203	211
204	206
204	207
204	209
204	210
204	211
205	208
205	209
205	210
205	211
206	207
206	211
207	209
207	210
208	211
209	210
209	211
210	211
212	213
212	214
212	216
212	217
212	218
212	219
213	217
213	218
213	219
213	220
213	221
214	217
214	218
214	220
214	221
215	216
215	217
215	219
215	220
215	221
216	217
216	218
216	219
216	220
216	221
217	218
217	219
217	220
217	221
219	220
220	221
