\\ machines
8
\\ max power
80
\\ Jobs in machine 1
11
J1	14	10	91	11	1.5893451465363464
J2	15	1	4	10	1.1310940801472875
J3	16	14	85	12	2.0914693217112967
J4	14	7	62	18	1.8266546559686536
J5	15	9	47	4	0.9317791351257552
J6	15	10	95	12	1.5064981285983643
J7	15	13	100	7	1.3154343577737033
J8	15	4	80	10	0.615001314945166
J9	17	14	100	6	0.9559687955639152
J10	16	9	67	20	0.6227400912651869
J11	14	9	42	1	1.3065861228232991
\\ Jobs in machine 2
14
J12	15	9	43	18	2.065509662628428
J13	13	4	76	8	0.7429630586693177
J14	14	2	74	18	1.3471432487204436
J15	15	3	59	4	1.358860329431141
J16	15	2	32	14	1.1583660976445318
J17	15	10	5	16	1.4904016775562026
J18	14	14	86	1	1.1721681015318888
J19	16	12	87	14	1.4196981849296906
J20	15	9	4	13	1.4244352080018472
J21	14	13	30	18	0.9802251020887557
J22	15	7	57	6	0.30826773909032235
J23	15	10	55	13	1.9355241266815995
J24	15	1	105	15	1.133146928404461
J25	14	5	82	6	1.1337130155881858
\\ Jobs in machine 3
12
J26	14	8	15	20	1.437684121600977
J27	14	6	64	14	0.7902493901231193
J28	16	2	5	14	1.4790586959246657
J29	15	4	29	16	1.340102551239943
J30	14	11	55	15	2.607909491106186
J31	15	4	58	16	2.2544632598713603
J32	16	1	11	11	0.9559824309114259
J33	13	14	89	15	0.9222178074249161
J34	14	2	87	4	1.1983287686762247
J35	15	3	66	20	1.3989273999362455
J36	17	10	63	18	0.5739748176521569
J37	13	12	53	9	1.4057378380731163
\\ Jobs in machine 4
12
J38	13	14	84	9	0.7929780339848047
J39	15	9	101	2	0.6872603475442535
J40	16	10	72	16	1.453970606295444
J41	13	9	75	14	1.7817577262905393
J42	14	12	54	9	0.27774960133998106
J43	13	12	100	13	1.5271174494846067
J44	14	5	58	5	0.3561420858539308
J45	15	4	32	20	0.6408122811093635
J46	15	8	85	13	0.11353290989992648
J47	15	9	20	5	1.5631850375495968
J48	15	2	2	13	1.1362914775115758
J49	15	2	18	12	1.6225711121650224
\\ Jobs in machine 5
10
J50	15	11	69	11	1.3169838722537752
J51	14	3	71	19	1.0075883536026586
J52	15	4	75	14	1.614167057097739
J53	15	3	54	2	1.8484085009778282
J54	14	11	54	5	1.344227670601725
J55	14	8	41	18	1.394714422393802
J56	14	5	91	15	0.5385349870373105
J57	15	9	75	17	0.5983556512593639
J58	14	14	95	20	1.1363414904888354
J59	14	12	29	2	0.7357717127939267
\\ Jobs in machine 6
10
J60	15	1	35	20	0.6274922318263888
J61	13	12	39	15	1.9348363923148593
J62	15	10	41	7	1.4738294022975225
J63	14	2	8	11	1.0940795598133863
J64	14	9	64	13	1.0091619074454212
J65	16	12	81	2	1.1619668196342277
J66	15	5	61	13	1.3600543538308938
J67	13	8	75	2	1.5192474755997178
J68	15	13	15	12	1.3363194219959453
J69	14	11	35	16	1.1550193964560898
\\ Jobs in machine 7
13
J70	15	5	25	2	1.0920321067344194
J71	15	4	106	11	0.15401436915502198
J72	13	7	89	15	0.76996178927539
J73	13	4	13	13	1.3833090282152942
J74	14	2	101	16	1.2738142633606573
J75	15	12	101	19	1.4976594479102665
J76	13	1	104	17	1.1837999617721517
J77	14	12	56	15	0.6429599140070553
J78	16	9	23	10	1.3851882857326654
J79	15	4	77	9	1.6546984033681378
J80	15	4	60	2	1.791696009309193
J81	16	2	30	16	1.5635945974153465
J82	14	13	2	5	0.6004776207589257
\\ Jobs in machine 8
10
J83	15	1	18	20	0.39385113825216367
J84	14	7	110	3	1.5687451096732454
J85	15	10	66	3	1.440774531371475
J86	13	13	89	16	1.2278645709180693
J87	15	9	94	3	1.0733834211591795
J88	14	7	86	10	0.8128014686447318
J89	15	3	24	16	1.3199399268669616
J90	16	4	87	7	1.3957550188017258
J91	14	13	71	6	1.6544539783610646
J92	14	11	98	10	1.7387068825511682
\\ Dependencies 
256
1	2
1	4
1	5
1	7
1	8
1	11
2	6
2	7
2	10
2	11
3	8
3	10
3	11
4	5
4	8
4	9
4	11
5	6
5	8
5	9
5	10
5	11
6	8
6	9
6	10
7	8
7	11
8	9
8	10
9	11
10	11
12	13
12	14
12	19
12	20
12	21
12	22
12	23
12	25
13	17
13	20
13	23
13	24
13	25
14	15
14	16
14	19
14	20
14	21
14	22
14	24
14	25
15	18
15	19
15	23
15	25
16	17
16	18
16	22
16	25
17	20
17	22
17	23
18	19
18	21
19	20
19	25
20	21
20	24
20	25
21	22
21	23
21	24
22	25
23	25
24	25
26	27
26	28
26	29
26	33
26	35
27	28
27	35
27	36
28	31
28	32
28	37
29	31
29	32
29	33
29	34
29	35
30	31
30	32
30	36
30	37
31	34
31	35
32	33
32	35
32	37
33	34
33	36
34	36
35	36
35	37
38	48
39	40
39	41
39	42
39	43
39	44
39	49
40	41
40	42
40	44
40	46
40	48
40	49
41	42
41	44
41	47
41	48
41	49
42	43
42	44
42	45
42	46
42	48
42	49
43	46
43	47
43	48
44	45
44	49
45	46
45	48
46	47
47	48
47	49
48	49
50	51
50	52
50	53
50	56
50	58
50	59
51	53
51	55
51	57
51	59
52	53
52	54
52	56
53	54
53	55
53	57
54	58
55	56
56	57
56	58
57	58
57	59
58	59
60	61
60	62
60	63
60	64
60	65
60	67
60	68
60	69
61	62
61	67
61	68
62	64
62	66
62	67
62	68
63	64
63	65
63	67
63	68
64	65
64	68
65	66
65	67
65	69
66	67
66	68
67	69
68	69
70	73
70	74
70	75
70	76
70	77
70	79
70	82
71	72
71	75
71	76
71	79
72	75
72	77
72	78
73	76
73	77
73	78
73	80
73	82
74	75
74	76
74	78
74	79
74	80
74	81
75	76
75	78
75	79
75	80
75	82
76	78
76	79
76	81
79	81
80	81
81	82
83	84
83	86
83	87
83	88
83	92
84	85
84	86
84	87
84	88
84	89
84	90
84	91
84	92
85	86
85	88
85	89
85	90
85	92
86	89
86	92
87	89
87	92
88	90
88	91
88	92
89	91
90	91
91	92
