\\ machines
10
\\ max power
100
\\ Jobs in machine 1
9
J1	16	13	33	17	0.36468494131258755
J2	16	11	6	16	1.3932737016526586
J3	14	5	105	15	1.6633280946682565
J4	15	8	39	1	1.0883155988548852
J5	15	12	86	19	1.059751468035185
J6	16	13	70	25	1.1412924105191877
J7	13	11	13	2	1.558082026352326
J8	14	8	97	4	1.3174213612160677
J9	14	8	25	17	1.7624958528907677
\\ Jobs in machine 2
13
J10	14	6	71	3	0.1
J11	14	13	13	10	1.2564833031540723
J12	13	5	71	1	1.3812700582081239
J13	14	3	35	11	1.5097863923766246
J14	14	7	44	22	0.993582396620617
J15	14	13	82	21	0.5945434770713213
J16	15	7	54	19	0.6800581509305208
J17	15	9	100	6	0.3145354691805524
J18	15	7	50	6	1.7592598117216613
J19	15	14	29	12	0.9668898286098868
J20	16	5	14	1	0.9760426271908542
J21	13	1	13	13	1.194685785739809
J22	14	13	106	5	1.3441050814692006
\\ Jobs in machine 3
13
J23	15	3	85	20	1.6011481205123632
J24	16	9	105	14	1.8057801498303778
J25	14	6	79	7	1.2975608831668461
J26	14	7	108	24	0.2030268872866956
J27	14	4	39	2	1.3916218917023189
J28	15	6	51	18	0.29756072832422464
J29	12	7	90	24	1.6358472830028565
J30	14	14	75	20	0.7072500580585661
J31	14	2	78	18	2.079622101366343
J32	15	5	44	9	0.6524345379061628
J33	14	1	76	10	0.7471788347379769
J34	14	3	4	4	0.9013692852875321
J35	16	8	59	2	0.6444357635385529
\\ Jobs in machine 4
11
J36	14	13	17	16	1.7083443762748047
J37	15	14	31	23	1.445681654205113
J38	15	13	66	15	1.1793054928869455
J39	15	10	84	11	2.3233758778261926
J40	15	8	71	19	0.5839176451793255
J41	14	12	82	10	0.7146740489569353
J42	15	11	33	1	0.46078547522296176
J43	14	3	88	8	0.8691567264818763
J44	13	5	53	19	0.8013225204987018
J45	15	14	49	25	1.1414829022683413
J46	15	2	25	7	0.9968446256278332
\\ Jobs in machine 5
11
J47	15	7	37	3	0.8340362697990573
J48	14	12	15	1	1.2189240579297882
J49	14	7	62	5	1.2535911091708432
J50	14	8	103	6	2.155472862658279
J51	14	13	110	25	0.9278670702348193
J52	14	5	108	5	1.2821218487865056
J53	13	11	87	7	0.8134340834846099
J54	14	2	29	14	1.5672554739962088
J55	15	11	39	16	0.8430375227260751
J56	13	9	79	12	1.4273975029074497
J57	16	3	110	20	2.517772814616371
\\ Jobs in machine 6
12
J58	14	8	50	23	1.125629662967899
J59	16	10	93	7	1.0961901755409158
J60	15	4	105	3	0.35160222254860407
J61	15	2	33	21	0.9275930250721044
J62	14	11	95	6	1.0722004598304349
J63	15	11	48	13	1.7381072812939058
J64	16	10	67	3	0.8856212949526541
J65	15	5	60	20	1.6041460895180015
J66	14	14	104	11	0.860974244754716
J67	15	4	88	15	0.35100560477368525
J68	13	6	11	3	0.49834950273705414
J69	15	5	74	11	1.0134224990396308
\\ Jobs in machine 7
10
J70	14	13	60	2	1.339193685983128
J71	15	9	49	11	1.128025506860831
J72	16	5	55	22	1.788066509339942
J73	13	5	59	20	1.0798896014546278
J74	16	4	40	12	0.979508321321891
J75	14	9	95	22	0.6387808622345933
J76	13	7	96	9	0.774041767490848
J77	14	6	34	6	1.177963701842249
J78	14	6	58	4	1.2659555703845846
J79	16	12	36	16	0.817844240102712
\\ Jobs in machine 8
10
J80	15	4	74	21	0.7114368907254276
J81	14	3	47	11	0.8871221676381926
J82	16	4	107	1	0.8169324329405332
J83	15	5	104	2	0.6511100822041083
J84	14	3	54	5	1.2067230003191893
J85	12	9	91	18	0.9317254987758243
J86	13	10	83	18	1.3540946872202946
J87	14	5	83	4	0.7406617269206502
J88	18	13	17	24	1.4699941937283993
J89	13	1	71	10	0.7741714932311516
\\ Jobs in machine 9
10
J90	15	9	42	4	1.3985124851414008
J91	14	12	18	22	1.819935511278453
J92	15	6	97	3	1.9599293449296677
J93	13	10	14	10	1.2538022258613566
J94	15	6	68	16	0.8993003837957099
J95	13	14	88	17	1.6814810495146462
J96	17	14	9	17	1.33566739973348
J97	15	12	24	12	1.7513718352122571
J98	14	4	13	1	1.2123378003064875
J99	13	7	52	13	1.4059889150375355
\\ Jobs in machine 10
11
J100	15	13	19	21	1.2381417466345297
J101	15	13	78	20	1.4437344082580847
J102	15	10	110	20	0.7515873530501838
J103	15	1	27	21	2.4796955222491235
J104	14	1	28	20	1.006610299419432
J105	16	9	64	4	1.7928096625259073
J106	14	12	73	21	1.604976947412514
J107	12	11	53	25	0.9372804105017838
J108	14	12	62	9	1.7892194643099537
J109	14	3	102	5	0.9308209325951717
J110	13	12	31	24	0.8705253438235014
\\ Dependencies 
502
1	2
1	3
1	4
1	5
1	6
1	7
1	9
2	3
2	4
2	5
2	6
2	7
2	8
2	9
3	4
3	5
3	6
3	7
3	8
3	9
4	5
4	6
4	7
4	8
5	6
5	7
5	8
5	9
6	7
6	8
6	9
7	8
7	9
8	9
10	11
10	12
10	13
10	14
10	15
10	16
10	17
10	18
10	19
10	20
10	21
10	22
11	12
11	13
11	14
11	16
11	17
11	18
11	19
11	20
11	21
11	22
12	13
12	14
12	15
12	16
12	17
12	18
12	19
12	20
12	21
12	22
13	14
13	15
13	16
13	17
13	18
13	19
13	20
13	21
13	22
14	15
14	16
14	17
14	18
14	19
14	20
14	22
15	16
15	17
15	20
15	21
15	22
16	17
16	18
16	19
16	20
16	21
16	22
17	19
17	20
17	21
17	22
18	19
18	20
18	21
18	22
19	21
19	22
20	22
21	22
23	24
23	25
23	26
23	27
23	28
23	29
23	30
23	31
23	32
23	33
23	34
23	35
24	25
24	27
24	29
24	30
24	31
24	32
24	33
24	34
24	35
25	26
25	27
25	28
25	29
25	30
25	31
25	33
25	34
26	27
26	28
26	29
26	30
26	31
26	33
26	34
26	35
27	28
27	29
27	30
27	31
27	33
27	34
27	35
28	29
28	30
28	32
28	33
28	34
28	35
29	30
29	31
29	32
29	33
29	34
29	35
30	32
30	33
30	34
30	35
31	32
31	33
31	34
31	35
32	33
32	34
32	35
33	34
33	35
34	35
36	37
36	38
36	40
36	41
36	43
36	44
36	45
36	46
37	39
37	40
37	42
37	43
37	45
37	46
38	39
38	40
38	41
38	42
38	43
38	44
38	46
39	40
39	41
39	42
39	43
39	44
39	45
39	46
40	41
40	42
40	43
40	44
40	45
40	46
41	43
41	44
41	45
41	46
42	43
42	44
42	45
42	46
43	44
43	45
43	46
44	45
44	46
45	46
47	48
47	49
47	50
47	51
47	52
47	53
47	54
47	55
47	56
47	57
48	49
48	50
48	51
48	52
48	53
48	54
48	55
48	56
48	57
49	50
49	51
49	53
49	54
49	55
49	56
50	51
50	52
50	53
50	54
50	55
50	56
50	57
51	52
51	53
51	54
51	55
51	56
51	57
52	53
52	54
52	55
53	54
53	55
53	57
54	55
54	56
55	56
55	57
56	57
58	59
58	60
58	61
58	62
58	63
58	64
58	65
58	67
58	68
59	60
59	61
59	62
59	63
59	64
59	65
59	66
59	67
59	68
59	69
60	61
60	62
60	63
60	64
60	65
60	66
60	67
60	68
60	69
61	62
61	63
61	64
61	66
61	67
61	68
61	69
62	63
62	64
62	65
62	66
62	67
62	68
62	69
63	64
63	67
63	68
63	69
64	65
64	66
64	67
64	68
64	69
65	67
65	68
65	69
66	67
66	68
66	69
67	68
67	69
68	69
70	71
70	72
70	73
70	74
70	75
70	76
70	77
70	78
70	79
71	72
71	73
71	74
71	75
71	76
71	78
71	79
72	73
72	74
72	75
72	76
72	77
72	78
72	79
73	74
73	75
73	77
73	79
74	75
74	76
74	77
74	78
74	79
75	76
75	77
75	78
75	79
76	77
76	78
76	79
77	78
77	79
78	79
80	82
80	83
80	84
80	85
80	86
80	87
80	88
80	89
81	82
81	83
81	84
81	85
81	88
81	89
82	83
82	84
82	85
82	86
82	87
82	88
82	89
83	84
83	85
83	86
83	87
83	88
84	85
84	86
84	87
84	89
85	86
85	87
85	88
85	89
86	87
86	88
86	89
87	88
88	89
90	91
90	92
90	94
90	95
90	96
90	97
90	98
90	99
91	92
91	93
91	94
91	95
91	96
91	97
91	98
91	99
92	93
92	94
92	95
92	96
92	97
92	98
92	99
93	94
93	95
93	96
93	99
94	96
94	97
94	98
94	99
95	96
95	97
95	98
96	97
96	98
96	99
97	98
97	99
98	99
100	101
100	102
100	103
100	104
100	105
100	106
100	107
100	109
100	110
101	102
101	103
101	104
101	105
101	106
101	107
101	108
101	109
102	103
102	104
102	105
102	106
102	107
102	108
102	109
102	110
103	104
103	105
103	106
103	107
103	108
104	105
104	106
104	107
104	108
104	109
104	110
105	106
105	107
105	108
105	110
106	107
106	108
106	109
107	108
107	109
107	110
108	109
108	110
109	110
