\\ machines
8
\\ max power
80
\\ Jobs in machine 1
11
J1	14	2	16	34	1.4211906549600555
J2	15	5	17	34	1.639117549472986
J3	13	12	65	2	1.1235227354254231
J4	15	7	73	16	1.2705838294468514
J5	16	12	44	37	1.9846410923312048
J6	13	10	46	6	1.7703571130417086
J7	14	13	72	9	1.5055725245023748
J8	15	7	90	25	0.9256207095359116
J9	16	2	96	22	1.744009877612819
J10	15	4	8	9	1.2923299054987727
J11	13	5	21	14	1.3943388299850952
\\ Jobs in machine 2
12
J12	14	12	21	38	1.567353789032933
J13	14	1	96	23	0.716264354050997
J14	16	2	75	31	1.6629753905918476
J15	15	12	79	4	0.8787060663364296
J16	15	11	30	15	1.292442431442884
J17	14	4	96	12	1.4439420281382656
J18	15	8	80	19	0.7740418796236141
J19	15	7	57	11	1.8308967478934943
J20	14	7	81	7	2.706294408616954
J21	13	6	4	9	1.3097698700493785
J22	15	10	107	17	0.9228317839523235
J23	16	6	42	39	1.2318290227486244
\\ Jobs in machine 3
12
J24	13	4	70	6	1.0121526876672964
J25	13	4	13	20	1.1351730296144995
J26	13	6	25	10	1.0378368029542795
J27	15	5	31	1	1.331854363823337
J28	15	4	67	40	1.702675546702117
J29	15	5	53	7	1.1391780039964816
J30	15	14	69	33	0.2778140828153072
J31	14	10	59	8	1.051186903994434
J32	14	3	74	21	0.46469167545547285
J33	13	11	46	13	0.8532326943188169
J34	13	5	80	36	0.883407083216122
J35	14	7	80	5	0.8864279510775767
\\ Jobs in machine 4
12
J36	13	13	17	35	1.3829958844330343
J37	12	6	63	21	0.9242852778385702
J38	14	1	91	18	1.2179851631816518
J39	14	3	66	8	0.9103763608036339
J40	15	13	49	19	1.22774135825293
J41	16	6	40	4	1.2786789986979739
J42	14	6	104	4	0.6615833661560123
J43	15	11	57	31	1.2240926533130467
J44	13	7	96	1	2.3297402979842703
J45	13	13	7	27	1.7358313043021874
J46	14	4	70	4	1.2307043334490948
J47	16	12	48	5	1.304240592713618
\\ Jobs in machine 5
10
J48	13	3	71	3	1.3473150005508594
J49	14	6	93	19	0.8545915205134234
J50	14	1	106	27	1.3005771129114283
J51	15	11	33	32	1.258196847162207
J52	16	11	58	12	1.0712847105708558
J53	13	14	52	19	0.8196717171173583
J54	14	3	48	15	0.8708691656532506
J55	15	3	64	3	1.1079402893310224
J56	14	9	89	14	1.4122192349976188
J57	14	11	38	19	1.1592655448650129
\\ Jobs in machine 6
13
J58	15	7	66	16	0.2568372431071728
J59	14	1	14	32	0.5551944338705291
J60	14	8	15	18	0.6395866407262711
J61	14	13	97	26	0.8564956385307643
J62	15	10	65	10	0.889271253747077
J63	15	10	44	7	1.5376540119140607
J64	13	9	2	17	1.1207364438124159
J65	14	3	42	6	1.1964683136498502
J66	16	6	23	26	1.8208008779726912
J67	17	11	63	1	0.6327475821558156
J68	15	13	44	2	0.8477269700430488
J69	13	4	34	18	1.0492494439105249
J70	13	14	27	35	0.8417996238719003
\\ Jobs in machine 7
12
J71	18	6	12	31	1.6583986260812686
J72	14	2	33	8	0.7246449113878779
J73	14	11	80	30	1.543071390191015
J74	15	12	26	31	1.002805881830712
J75	14	5	107	40	1.0833744464994206
J76	13	10	60	6	1.7302451366266236
J77	14	10	72	3	1.0064663409750276
J78	15	4	84	36	0.9212390823098671
J79	16	13	43	1	0.5500143344789652
J80	14	13	42	23	0.4992130366692824
J81	15	14	85	18	1.360135528548764
J82	15	5	45	24	0.7942271215449022
\\ Jobs in machine 8
10
J83	16	2	73	35	0.9048223705638445
J84	16	3	40	34	1.381154074361454
J85	15	7	101	2	2.1769238148324543
J86	16	13	36	19	0.5146299658909591
J87	14	3	68	26	1.2067496710632726
J88	14	2	57	32	1.5806901410331413
J89	14	7	60	38	1.8327546350624055
J90	16	8	21	34	2.0800905419945055
J91	15	12	98	15	1.546923226241366
J92	14	5	18	2	1.8833489541701378
\\ Dependencies 
346
1	2
1	3
1	6
1	7
1	8
1	9
1	10
2	3
2	4
2	5
2	7
2	8
2	9
2	10
2	11
3	4
3	5
3	6
3	7
3	8
3	9
3	10
4	6
4	7
4	8
4	9
4	10
4	11
5	6
5	7
5	8
5	9
5	10
6	7
6	9
6	10
6	11
7	8
7	9
8	9
8	11
9	10
9	11
10	11
12	13
12	15
12	17
12	18
12	19
12	21
12	22
13	14
13	16
13	18
13	19
13	20
13	21
13	22
13	23
14	15
14	16
14	17
14	19
14	20
15	16
15	18
15	21
15	22
16	19
16	20
16	21
16	22
16	23
17	18
17	21
17	23
18	19
18	20
18	21
18	22
19	20
19	21
19	23
20	21
20	22
21	22
21	23
22	23
24	27
24	28
24	30
24	31
24	32
24	33
24	35
25	26
25	27
25	29
25	31
25	32
25	33
25	34
25	35
26	29
26	30
26	31
26	32
26	33
26	35
27	32
27	33
27	35
28	29
28	30
28	31
28	32
28	33
28	34
28	35
29	30
29	31
29	32
29	33
29	34
30	33
30	34
30	35
31	32
31	33
31	34
32	33
32	34
32	35
33	35
34	35
36	39
36	40
36	41
36	43
36	44
36	45
36	46
36	47
37	38
37	39
37	42
37	44
37	45
37	46
38	39
38	40
38	41
38	42
38	44
38	45
39	40
39	41
39	42
39	44
39	45
39	46
39	47
40	41
40	42
40	43
40	44
40	45
40	46
40	47
41	42
41	43
41	44
41	45
41	46
42	43
42	45
43	44
43	45
43	46
43	47
44	47
45	46
48	49
48	52
48	53
48	54
48	56
48	57
49	50
49	53
49	54
49	55
49	56
49	57
50	51
50	52
50	54
50	55
50	56
51	53
51	54
51	55
51	57
52	54
52	55
52	56
52	57
53	56
53	57
54	56
54	57
55	56
55	57
56	57
58	59
58	60
58	61
58	62
58	65
58	66
58	67
58	69
58	70
59	60
59	61
59	63
59	64
59	65
59	66
59	68
59	70
60	61
60	62
60	63
60	64
60	65
60	66
60	68
60	69
60	70
61	64
61	67
61	68
61	69
61	70
62	63
62	65
62	66
62	67
62	68
62	70
63	64
63	65
63	66
63	70
64	66
64	67
64	68
64	69
64	70
65	68
65	69
65	70
66	67
67	68
67	69
67	70
68	70
71	72
71	73
71	74
71	75
71	77
71	78
71	80
71	81
72	73
72	74
72	76
72	77
72	78
72	80
72	81
73	74
73	75
73	77
73	80
73	82
74	75
74	76
74	77
74	78
74	80
74	81
74	82
75	76
75	77
75	78
75	79
75	81
75	82
76	77
76	78
76	81
77	78
77	79
77	80
77	81
77	82
78	79
78	80
78	81
78	82
79	81
79	82
80	81
83	84
83	85
83	86
83	89
83	90
83	91
83	92
84	86
84	87
84	89
84	90
84	92
85	86
85	88
85	90
85	91
85	92
86	87
86	88
86	90
86	91
87	90
87	91
88	89
88	91
88	92
89	90
89	91
89	92
90	92
