\\ machines
20
\\ max power
200
\\ Jobs in machine 1
12
J1	15	6	109	76	1.4913898603689972
J2	14	10	106	21	1.4326629891744687
J3	15	12	106	98	1.3064239568700975
J4	14	1	17	5	0.9723526249171004
J5	12	11	26	57	2.3191981153348857
J6	15	11	85	64	0.7654135106661455
J7	14	1	38	27	1.5306995031920514
J8	15	12	5	65	2.446023849159914
J9	15	9	108	12	0.6993531809340494
J10	16	7	102	71	1.0477523249286351
J11	16	10	40	31	1.2982694209097398
J12	13	11	15	6	2.0704553479652947
\\ Jobs in machine 2
12
J13	15	4	98	39	1.6077211690786783
J14	16	10	15	64	1.3207772507929174
J15	14	14	95	39	1.1557672610219647
J16	13	3	48	88	1.1848888859438094
J17	15	14	29	24	0.9344291656837553
J18	16	7	7	26	2.1369177489732807
J19	16	6	74	54	2.5033079534833487
J20	16	14	53	81	1.4558875379013283
J21	14	9	6	13	1.7208448513972128
J22	16	7	92	90	1.357194775003031
J23	16	14	105	36	0.8749930756871556
J24	15	14	7	50	1.0626130898766373
\\ Jobs in machine 3
11
J25	15	9	96	44	1.3888162777420467
J26	14	13	34	27	1.5442322930760608
J27	15	1	11	30	0.9871930711227674
J28	14	1	80	38	1.5701116133203905
J29	13	10	74	46	1.6020543054577687
J30	14	7	107	47	1.5318719900060804
J31	13	3	36	48	1.3352231382600648
J32	15	1	30	54	1.6159787269906278
J33	15	2	108	51	0.1
J34	14	14	60	71	1.4225379309427657
J35	14	7	27	48	1.328940024013772
\\ Jobs in machine 4
11
J36	14	1	16	81	0.947666534882973
J37	17	5	30	44	1.2269205394662017
J38	16	10	32	63	1.572338985754398
J39	15	3	64	50	1.748818190165286
J40	15	9	65	50	1.0349535628665045
J41	14	12	24	27	1.4169598617593742
J42	15	10	50	75	1.9697531276136409
J43	14	4	30	73	1.9734922588668729
J44	14	2	21	48	1.188368930856335
J45	14	2	20	35	1.3208074051256844
J46	16	10	44	26	0.9871965174279594
\\ Jobs in machine 5
13
J47	15	5	42	42	1.1447348817484804
J48	13	14	55	68	0.7417986827636132
J49	15	2	83	89	2.0031100394012955
J50	17	13	78	22	1.2561167991324742
J51	15	12	26	26	1.1052119452853206
J52	16	12	74	28	1.5908582161831573
J53	15	7	46	78	0.3371375934121803
J54	15	9	80	56	1.4060491957295065
J55	14	14	78	96	0.7097342850323212
J56	14	11	107	19	0.8244900452264344
J57	14	2	52	9	0.14074308028152993
J58	12	3	92	95	1.3560526096851873
J59	14	13	3	98	0.9199946293911623
\\ Jobs in machine 6
12
J60	14	11	7	95	1.6837526050165372
J61	13	13	76	5	1.192971062294481
J62	15	11	54	12	1.3812060983545114
J63	13	13	90	5	1.5259630729199265
J64	17	5	39	90	1.4031921105374523
J65	13	4	70	6	0.891878555309554
J66	15	11	76	49	1.4871916928712925
J67	18	9	4	28	0.7838080472980076
J68	16	6	18	57	0.9105119710119809
J69	15	11	66	38	1.7576277610760642
J70	15	4	29	95	0.9111620830055571
J71	14	11	58	85	1.6936231512639957
\\ Jobs in machine 7
10
J72	14	2	65	94	0.5948318851812492
J73	15	1	109	42	1.3066406208934342
J74	14	4	62	90	1.0503858213448825
J75	15	13	4	8	1.1230634620288358
J76	16	14	91	49	0.3873779994051737
J77	15	3	59	29	0.6733345598763671
J78	15	3	15	35	0.3109546759839651
J79	16	8	96	36	1.9184600251437647
J80	14	6	31	77	0.7806920516596147
J81	14	4	30	82	1.3676250903868465
\\ Jobs in machine 8
11
J82	16	5	32	89	0.8418252945110261
J83	15	11	88	83	1.0093280420523
J84	16	5	26	45	0.6413380593749007
J85	15	7	50	3	0.6652894192669817
J86	14	5	62	42	1.3075796908569894
J87	15	3	76	56	1.5778529646814845
J88	16	6	104	63	0.8287375289048917
J89	16	12	66	71	1.906477778075483
J90	15	5	17	4	2.4870342245896957
J91	15	9	27	87	0.1
J92	16	6	73	84	0.16815977502643764
\\ Jobs in machine 9
9
J93	13	1	18	51	2.524384229651936
J94	13	8	43	48	1.6405498279563862
J95	16	10	96	36	0.5714350737443858
J96	15	11	9	92	0.3734099196391566
J97	14	11	103	58	0.6449552922766538
J98	16	3	77	38	0.20582452752961955
J99	13	1	65	59	2.293102474638612
J100	14	7	91	98	1.694594038604197
J101	15	13	93	9	1.0156817990014633
\\ Jobs in machine 10
12
J102	13	12	54	48	1.4472787088675303
J103	15	3	3	86	1.0194821136760495
J104	15	4	37	28	1.5967390777837438
J105	14	14	52	64	1.9303945301753846
J106	14	8	89	23	0.9734159239570537
J107	14	3	96	30	0.7998692447012501
J108	15	6	52	49	1.7683346425664894
J109	13	11	110	86	0.6684450056638361
J110	15	9	8	18	1.2513157506015768
J111	13	6	95	100	0.8898254697489065
J112	15	3	31	81	1.1223274634472005
J113	14	8	100	49	1.2203700748863746
\\ Jobs in machine 11
10
J114	14	10	54	7	1.8931283737916644
J115	15	10	22	36	0.8158728767473651
J116	15	8	78	76	1.701556022389181
J117	15	4	72	40	0.9430479464954191
J118	16	6	90	86	0.6401408342464447
J119	17	8	92	97	1.221963948350003
J120	14	6	72	38	0.380898427469304
J121	13	11	23	79	0.8933120409691133
J122	14	11	22	86	0.938941406978832
J123	14	8	104	92	1.7679611102970323
\\ Jobs in machine 12
10
J124	13	7	42	33	1.113638340726185
J125	14	14	77	15	1.3890155988191661
J126	15	7	100	77	0.7753552014696659
J127	15	14	14	72	1.0025052007238757
J128	14	6	66	82	0.9212113494975896
J129	15	7	37	73	1.6343352190618077
J130	13	4	94	15	0.8560226655970151
J131	14	14	37	45	0.4959568136950435
J132	15	2	22	70	1.0260414309578865
J133	14	4	21	36	1.1216947946859097
\\ Jobs in machine 13
11
J134	16	14	20	64	1.8603752682280046
J135	13	1	27	7	1.6993713635257952
J136	14	9	85	18	1.0361057442875747
J137	13	13	48	3	1.7702395397827009
J138	15	5	63	60	0.9876830729783156
J139	14	6	32	50	1.9223100350274582
J140	15	5	105	51	1.1630664437072
J141	14	8	36	80	1.304703237115414
J142	13	6	79	47	1.1621905385171476
J143	17	4	100	40	1.0348310481028988
J144	15	13	110	22	0.1
\\ Jobs in machine 14
11
J145	16	10	43	86	0.9118491365663599
J146	14	11	100	2	1.4270396258432219
J147	13	2	69	58	1.6508943657814483
J148	14	11	34	34	0.5155189054523963
J149	14	13	82	25	0.8398286849379986
J150	14	7	103	84	0.8106946539237001
J151	14	6	94	72	1.814228374452233
J152	15	6	77	30	1.6250128497824818
J153	13	14	102	84	1.4723818111293827
J154	14	7	65	5	1.232897638322881
J155	15	1	100	92	1.839515282251434
\\ Jobs in machine 15
13
J156	16	4	15	26	1.3854790554520269
J157	15	6	30	45	0.8841775145568727
J158	13	4	76	30	1.5382489306523561
J159	13	9	67	6	1.5747337702928619
J160	15	6	51	42	0.5897829763814034
J161	15	2	15	28	2.1751274427359473
J162	14	8	30	85	1.3710545984373281
J163	14	1	109	85	1.4242696824550796
J164	14	8	92	84	1.1341494541415469
J165	14	8	73	95	1.4112172373679506
J166	15	2	92	44	0.9304306355159522
J167	15	10	22	18	1.1069385408209453
J168	13	10	76	8	1.2487192068884285
\\ Jobs in machine 16
11
J169	14	8	37	50	2.064293138892312
J170	15	10	79	15	1.2460653910358483
J171	15	7	38	19	1.6044162633635337
J172	14	2	84	40	1.008451390355832
J173	15	12	78	12	1.214734054611444
J174	14	6	52	84	0.48836345139635284
J175	13	2	30	31	1.5811361582724708
J176	14	12	28	40	1.7371855268859675
J177	16	13	68	66	1.3781946547098618
J178	14	1	38	32	1.185920221795816
J179	14	3	26	94	0.8236910433093279
\\ Jobs in machine 17
11
J180	16	2	30	43	1.768526852722859
J181	15	9	7	68	1.2667228384985731
J182	15	5	97	99	0.3397345943025074
J183	16	5	60	91	1.109406837274452
J184	14	12	32	24	1.1975930231774525
J185	14	7	45	100	1.2026784248366986
J186	15	12	82	98	1.2807025936121426
J187	16	14	53	3	1.2390547808004437
J188	17	14	98	9	0.8210864115717743
J189	13	4	51	3	1.405922572621593
J190	14	4	39	19	0.480445760675578
\\ Jobs in machine 18
11
J191	15	5	79	16	0.74293521781044
J192	15	10	87	54	1.7911795612575971
J193	15	9	13	11	1.3654479366763035
J194	16	11	55	62	1.692695909701132
J195	14	5	98	59	1.5844089626102449
J196	15	12	44	89	1.31653417309915
J197	14	7	27	100	0.9361869389720587
J198	16	10	69	95	1.1666102569705645
J199	13	5	61	85	0.9972708936987592
J200	16	6	33	42	1.596293084685494
J201	15	9	57	37	1.5167106239399382
\\ Jobs in machine 19
12
J202	15	2	25	68	1.5750556281976524
J203	14	7	15	91	1.5713633541486214
J204	15	11	97	52	0.16574450664028895
J205	16	1	82	87	0.9289306126240351
J206	17	4	103	85	0.9400585280011755
J207	16	10	66	30	1.8324935828250655
J208	16	4	105	29	0.6812812402374739
J209	12	1	46	93	0.8175501600203163
J210	13	7	57	3	2.1910323662085966
J211	16	4	77	8	0.5910228572568229
J212	15	5	20	15	1.0467046343268376
J213	16	7	13	4	0.6974183408124399
\\ Jobs in machine 20
11
J214	14	14	81	64	0.9223684599953428
J215	14	9	109	90	1.1238049669560777
J216	14	11	39	61	2.0637151018465323
J217	13	9	30	92	0.9582858191975976
J218	15	7	34	72	1.80006586842424
J219	14	11	21	85	1.1916179781122507
J220	14	3	73	58	1.1040650435176194
J221	14	1	93	38	1.4901012613590263
J222	15	7	35	17	1.0737716527332395
J223	15	2	89	59	1.852391852006087
J224	14	11	96	37	1.2727734900020276
\\ Dependencies 
234
1	5
1	10
2	8
3	4
3	9
4	8
4	12
6	12
7	8
8	10
10	11
14	23
15	23
16	22
17	19
17	22
18	22
19	21
20	22
20	23
22	23
23	24
25	28
25	29
25	31
26	28
26	30
26	33
27	29
28	32
29	32
30	31
30	35
36	43
36	46
38	40
38	42
41	45
42	43
44	45
47	54
47	56
47	57
47	59
48	53
48	54
49	50
49	52
49	53
49	54
50	52
50	53
51	53
54	55
56	58
57	58
60	61
60	63
60	64
60	67
61	62
61	64
62	65
62	68
62	69
62	70
63	68
64	66
65	66
65	71
66	67
66	70
72	76
72	78
73	75
73	81
75	77
76	77
77	81
78	79
82	85
82	87
82	88
83	85
83	86
83	88
84	85
86	90
86	92
87	90
87	92
88	90
90	91
93	97
93	99
93	100
95	101
96	98
97	101
103	111
104	109
105	108
105	113
106	107
106	109
106	113
107	109
109	110
109	111
111	112
112	113
114	117
114	118
114	123
115	118
115	119
115	122
116	121
117	119
118	122
119	123
120	122
121	123
124	130
124	131
124	132
125	128
126	130
126	132
127	133
129	130
130	133
131	133
134	140
135	137
135	138
135	139
135	140
136	142
137	140
137	143
138	139
138	140
138	143
139	143
140	142
140	143
142	143
143	144
145	150
145	152
145	153
146	151
146	154
146	155
147	149
148	151
150	152
151	153
152	153
156	157
156	161
156	164
156	165
156	167
157	163
157	167
157	168
158	167
159	165
160	166
161	164
163	164
163	168
164	166
169	171
169	173
169	174
169	178
170	173
170	175
171	178
172	177
173	174
175	177
178	179
180	183
180	185
180	186
181	186
182	189
183	187
184	186
186	187
191	193
191	197
191	199
192	196
192	197
192	199
193	201
195	197
196	200
196	201
198	200
198	201
202	204
202	208
203	204
203	205
203	208
203	210
204	205
204	207
207	211
207	212
209	211
211	212
214	215
214	216
214	220
214	221
214	224
216	223
217	221
218	220
219	220
219	222
219	223
220	223
221	224
222	223
222	224
223	224
