\\ machines
8
\\ max power
80
\\ Jobs in machine 1
13
J1	15	2	57	1	0.7150898468566732
J2	15	11	110	18	0.9403148929406042
J3	14	10	61	19	1.1208137569848569
J4	15	3	46	16	1.9679633863126078
J5	14	5	42	1	1.5074318231245567
J6	16	10	73	3	1.8430264359906707
J7	15	7	15	20	1.5857345224842447
J8	15	3	73	17	0.27519774981742795
J9	13	2	88	3	2.50083578640801
J10	14	2	75	5	1.5241237641258882
J11	15	14	86	20	0.38416439694870264
J12	14	5	44	20	1.1550619155909359
J13	14	12	102	1	1.388700028394251
\\ Jobs in machine 2
10
J14	15	6	52	6	1.048256250509318
J15	15	4	68	1	1.7544095804922124
J16	14	8	47	15	1.2568079764979923
J17	13	14	47	2	1.436088147963703
J18	13	1	55	17	1.6395518338388457
J19	14	7	50	15	1.0363797275175606
J20	13	3	65	1	0.9355153715430178
J21	15	1	12	16	0.9488117432534151
J22	15	14	36	9	1.1015463334074493
J23	14	11	94	10	0.9979997662926232
\\ Jobs in machine 3
9
J24	14	2	16	7	0.9646755530643489
J25	14	5	19	20	2.0811826651739582
J26	14	7	12	12	0.33427368534824986
J27	14	2	36	6	1.3488594817198285
J28	14	2	43	16	1.8206704215677245
J29	14	13	22	13	2.1159002944305763
J30	14	8	53	5	0.965717496268717
J31	14	13	13	8	0.166176152403535
J32	15	10	79	2	1.4969209858864665
\\ Jobs in machine 4
9
J33	15	1	101	9	1.8765642537957063
J34	15	2	16	5	0.497369049319179
J35	14	13	66	13	0.6117652031493349
J36	15	10	31	6	0.7007849482692439
J37	14	3	23	11	1.4159015751265127
J38	14	3	7	11	0.5223322930696086
J39	14	8	73	18	0.8331038011192278
J40	16	4	38	10	0.3882296169641226
J41	14	1	82	17	1.842437944036031
\\ Jobs in machine 5
11
J42	14	13	50	11	1.5451206310915575
J43	14	6	99	6	1.4625546585872657
J44	14	13	52	6	0.8722216494674159
J45	13	12	90	3	1.5559660448441854
J46	16	14	20	19	1.0838214841773142
J47	15	4	93	4	2.1447546109243425
J48	15	2	104	9	0.6179114580225132
J49	15	1	6	15	2.0808734012767545
J50	16	2	104	3	1.6432397229802471
J51	13	6	12	10	0.922358721776783
J52	13	3	26	12	2.1037873122981305
\\ Jobs in machine 6
10
J53	15	9	100	9	2.1626447836686427
J54	15	14	89	4	0.4601372007149167
J55	15	13	96	19	1.028002371238997
J56	14	6	106	3	1.6307578122473398
J57	14	9	90	2	1.6340884423005753
J58	15	13	107	14	1.519190858109937
J59	16	6	30	12	0.6333957867036275
J60	15	14	6	18	0.3164728740632752
J61	15	13	82	10	0.5330187193257945
J62	14	6	79	18	0.5542188332921724
\\ Jobs in machine 7
13
J63	15	6	61	16	1.1892393596403936
J64	16	10	99	16	0.7356700569154406
J65	14	6	9	20	1.1619575127608353
J66	15	2	63	8	0.7916261568667058
J67	14	9	91	1	0.26056600534735475
J68	15	7	90	4	1.7278260560401937
J69	13	10	3	1	0.9252910801920076
J70	15	9	82	14	1.4702437180905434
J71	16	6	90	4	1.826648090288521
J72	13	9	58	19	1.708975817574707
J73	15	10	47	11	0.5766763823073241
J74	13	3	51	4	0.5042181943625083
J75	15	2	84	7	1.327431922422592
\\ Jobs in machine 8
10
J76	14	8	21	16	0.9761381235899423
J77	16	11	34	10	0.8727149698506853
J78	17	12	60	14	1.9932015560553982
J79	15	6	31	7	1.3791545693882603
J80	14	14	52	13	1.0202261882514225
J81	14	11	45	10	1.3877020279900356
J82	14	2	6	14	1.8134055423010478
J83	15	1	14	8	1.138055790270677
J84	15	14	105	20	2.287790046900626
J85	14	8	46	15	0.8448974882997546
\\ Dependencies 
37
1	6
3	4
5	6
6	11
8	13
9	12
10	12
14	22
15	20
15	23
16	20
24	29
24	30
28	32
30	32
33	34
33	37
35	40
37	38
42	47
43	51
45	47
45	52
48	52
54	60
55	59
58	62
59	60
63	68
65	72
66	73
71	72
71	74
73	75
77	84
80	81
80	82
