\\ machines
25
\\ max power
250
\\ Jobs in machine 1
13
J1	15	9	39	35	1.3424610748010712
J2	15	11	50	7	1.9949975540343352
J3	15	1	75	43	1.231386708466574
J4	15	8	100	49	1.3285828479006578
J5	15	14	19	50	1.3550901099464643
J6	13	4	99	27	1.2822375773536412
J7	14	14	67	44	0.8692629571985601
J8	14	11	26	44	1.9116555931313375
J9	14	13	102	2	1.3858942514982968
J10	16	13	45	32	1.2774256616063826
J11	14	2	39	56	1.3264545651107933
J12	16	9	86	5	1.9301653740828217
J13	15	4	110	36	0.4954998049294921
\\ Jobs in machine 2
10
J14	14	7	14	11	0.8778549918936795
J15	14	6	56	33	1.8530453043563584
J16	14	14	92	9	1.293226899309222
J17	15	5	11	37	1.1100309206684753
J18	16	8	62	11	2.211083368491427
J19	14	11	11	53	0.44273168297504417
J20	17	2	32	32	0.9660071336620407
J21	14	14	102	23	1.863449909431659
J22	15	10	71	23	1.6153658111748912
J23	14	1	74	26	0.9121810687989013
\\ Jobs in machine 3
12
J24	14	11	74	48	1.2155390593523452
J25	15	14	3	1	0.7420094465434237
J26	15	5	51	7	0.3841852883166552
J27	16	7	5	20	1.131143294341294
J28	14	2	2	16	0.22320144508523565
J29	14	3	38	24	1.631308033562097
J30	15	8	52	5	1.496640150837326
J31	15	11	89	11	0.6257680882102882
J32	14	7	83	60	1.3586560422478686
J33	13	6	85	34	1.4273762517820232
J34	14	14	53	26	0.7920703671295066
J35	14	11	55	31	1.2452617718572425
\\ Jobs in machine 4
10
J36	13	7	11	44	1.1095886182665424
J37	14	3	21	43	1.4994393562800852
J38	15	12	50	28	1.2620146296938126
J39	14	12	57	60	0.1
J40	15	6	106	20	1.7452020190400748
J41	13	1	57	34	1.274350768694475
J42	14	14	19	57	0.8992774243819917
J43	15	9	84	17	1.2483052982890743
J44	12	2	68	55	1.4378502717518378
J45	13	4	30	6	0.9431322025290958
\\ Jobs in machine 5
10
J46	16	9	42	9	0.9237172756341973
J47	14	7	30	29	1.4850654093127873
J48	14	1	10	28	1.4156247230717893
J49	15	6	72	56	1.0156573484739126
J50	16	9	47	12	1.0313634921677883
J51	15	1	47	10	1.2235623881045152
J52	15	7	29	43	1.6182351377865765
J53	15	14	93	13	1.21131704316521
J54	13	5	36	20	0.9136490087868738
J55	13	2	55	32	1.90177384904081
\\ Jobs in machine 6
12
J56	16	14	31	37	1.9652263114627442
J57	15	6	68	23	1.033276096598382
J58	15	12	9	22	0.7559643972882066
J59	14	11	64	24	1.9542922344040976
J60	14	10	4	60	1.0640884787376348
J61	14	8	94	60	0.7551671394146906
J62	14	1	102	62	1.2058767907619456
J63	13	4	101	5	0.2781107427457754
J64	15	12	110	45	1.441670612925684
J65	16	4	84	54	1.6401145438743574
J66	14	4	96	11	1.5233290807864228
J67	15	9	89	29	0.8132383994082528
\\ Jobs in machine 7
11
J68	16	5	42	35	1.524941089301794
J69	13	12	50	1	1.0815197711691666
J70	14	4	44	59	1.2768739922879289
J71	15	3	80	51	1.6651605033657768
J72	16	11	46	3	1.9565148825399403
J73	14	6	51	17	0.7593552835171447
J74	13	5	27	47	1.8979168004474967
J75	15	11	107	61	1.0741594357373536
J76	14	1	58	22	2.268857282737873
J77	14	14	51	60	1.1013960941990244
J78	15	5	62	40	1.4636120970604969
\\ Jobs in machine 8
11
J79	14	7	30	6	0.952342950038572
J80	16	4	3	1	1.101114666690182
J81	14	6	10	11	1.108374990132755
J82	16	4	99	59	1.9193260433609318
J83	14	13	87	2	1.1178732591084977
J84	13	7	86	49	1.0812119866694176
J85	14	7	45	13	1.4700034829412685
J86	16	10	110	58	1.1580003332808104
J87	14	4	108	32	1.7031948672202888
J88	14	5	34	46	1.5166844685407628
J89	14	11	65	46	0.5744306347007737
\\ Jobs in machine 9
12
J90	13	7	58	42	1.428563727626157
J91	14	2	20	13	1.830872484920102
J92	16	2	60	44	1.2188255430936301
J93	14	9	27	48	0.6951472702513996
J94	15	8	93	50	0.6898800963530496
J95	16	3	30	47	0.9135966604002403
J96	15	8	24	11	1.2477761075363047
J97	14	3	95	39	1.3947046659989537
J98	14	12	21	47	0.7894284889612055
J99	14	11	2	23	0.9018011989247718
J100	15	11	67	4	0.46656712869743233
J101	15	11	10	15	1.082768277126967
\\ Jobs in machine 10
12
J102	13	11	18	9	1.2648503286457708
J103	14	12	96	39	0.9661316622499854
J104	15	14	34	42	1.6353890974536092
J105	16	7	36	43	1.5427283520308257
J106	13	9	94	17	1.7239175364903025
J107	15	3	42	11	1.79495600542867
J108	15	6	18	47	1.1572643394054998
J109	12	6	87	2	0.9979641426040341
J110	15	8	102	21	1.1739851370442154
J111	15	3	52	5	0.8674752516077562
J112	13	11	25	45	1.5183620122648698
J113	15	3	20	44	0.6974355271438789
\\ Jobs in machine 11
13
J114	13	11	8	40	1.9386187514244133
J115	16	12	9	51	1.069928941171303
J116	14	3	102	34	1.0407554006190431
J117	14	1	76	49	1.570949339977408
J118	14	12	57	11	0.887248163532932
J119	13	10	30	39	1.7602296258928165
J120	17	7	2	31	1.7958441869721988
J121	14	1	51	9	1.400677149243253
J122	15	8	45	35	0.7113943150968614
J123	14	8	15	29	1.0945529263745126
J124	14	5	9	61	1.4023672517577501
J125	15	14	40	49	0.1
J126	14	2	77	49	1.643164946257985
\\ Jobs in machine 12
10
J127	14	12	17	54	0.8101723920480963
J128	13	5	90	48	1.4682451863740253
J129	15	5	106	55	1.665887143588264
J130	14	2	97	17	1.43889526659556
J131	15	10	85	16	0.9555560035153975
J132	13	1	83	10	0.9503326091240527
J133	14	9	49	41	0.7040150192607157
J134	14	13	34	63	0.9852376590724455
J135	15	14	6	45	1.3563392133046697
J136	13	2	85	13	0.7728788642245126
\\ Jobs in machine 13
11
J137	16	13	95	24	2.352728720422593
J138	15	7	31	17	1.6909983420194037
J139	13	11	54	23	0.48082232821422355
J140	14	7	39	61	1.8873171420147479
J141	14	14	88	3	1.4036932207016461
J142	15	6	53	46	0.4009198149448233
J143	13	4	34	60	0.9214610505548777
J144	16	4	91	9	0.18133965261049068
J145	14	11	86	63	0.9464369148388728
J146	14	9	40	32	0.5667981353048975
J147	16	2	19	21	1.652958029630227
\\ Jobs in machine 14
12
J148	18	10	80	46	1.675009973263799
J149	14	1	10	6	1.7476135971804498
J150	14	4	15	49	1.3953963274159473
J151	14	2	40	28	0.7504276120606674
J152	14	9	82	26	0.9615826332545013
J153	13	14	73	54	1.47157613477015
J154	15	2	29	52	1.797250893565515
J155	14	10	109	44	0.9615496382053542
J156	14	7	36	14	2.44003538567682
J157	15	2	84	6	1.759949702763481
J158	15	5	30	54	1.4760596636321597
J159	15	12	6	13	1.5749993918208365
\\ Jobs in machine 15
10
J160	14	6	71	37	1.3560807913881814
J161	15	13	66	19	2.071414183760406
J162	15	10	44	53	0.41620976573600355
J163	14	1	5	8	1.0571781564707163
J164	14	10	110	41	1.369514416381441
J165	13	5	32	31	1.0901307183720355
J166	16	8	96	49	1.3469532923834153
J167	13	3	76	48	0.2851710016511835
J168	13	5	77	60	1.7830938966647385
J169	15	12	13	7	0.8739060212075309
\\ Jobs in machine 16
13
J170	15	3	101	11	0.8542765663324454
J171	14	5	42	43	1.1168191201359345
J172	14	1	38	56	1.3408763811336748
J173	14	11	60	41	0.1
J174	13	2	59	26	0.5399117359668597
J175	16	5	83	31	0.6312669151229537
J176	15	7	74	16	0.5841884167433409
J177	14	12	60	20	1.788637041638493
J178	15	11	43	60	1.131387162859023
J179	14	6	96	4	0.9246829753128192
J180	15	8	26	36	1.4703211404921976
J181	13	11	37	52	1.2831945626906327
J182	13	14	102	19	2.821696537000432
\\ Jobs in machine 17
13
J183	13	3	25	60	0.1
J184	14	11	33	54	1.655547531592326
J185	14	12	88	61	0.4803518996349696
J186	14	13	51	45	0.9870679121834264
J187	14	9	96	29	0.15430176492430148
J188	14	14	53	23	1.0403605155661009
J189	14	1	14	44	1.1066676159211752
J190	16	13	37	10	1.2468170643383745
J191	13	14	69	8	0.7419560177108103
J192	14	1	34	54	1.2761689416955895
J193	14	11	95	28	0.8011544210238135
J194	15	1	11	55	1.050210835068192
J195	16	3	51	36	1.7062523683608959
\\ Jobs in machine 18
10
J196	14	8	58	55	1.4284388401545407
J197	15	14	25	30	1.5969280375367771
J198	15	8	34	36	0.7933871682036884
J199	17	13	64	33	1.9777951360766561
J200	14	14	28	32	1.2944359616773757
J201	14	6	11	49	1.531146759450671
J202	15	3	94	13	0.9888641237663676
J203	14	7	65	2	1.2943496888619102
J204	14	7	80	52	0.9636068841082629
J205	15	7	13	48	1.4742907708275452
\\ Jobs in machine 19
11
J206	13	4	39	29	1.9127601453864724
J207	15	11	76	30	1.6423904118204598
J208	14	13	23	36	1.2300640255043036
J209	14	9	3	12	1.2418644474816438
J210	14	3	101	42	0.7811834726374398
J211	15	13	7	17	0.5528627340325353
J212	14	6	62	13	1.276544346167379
J213	17	5	98	61	1.7063740007463488
J214	14	3	64	12	0.3878193488920447
J215	15	4	55	54	1.524412642920593
J216	14	12	110	4	1.4606629295633404
\\ Jobs in machine 20
12
J217	16	13	68	49	1.3974408928177975
J218	16	10	66	19	1.9470672264141726
J219	14	3	93	60	1.5075376420852435
J220	16	7	108	33	1.4269183907935317
J221	15	4	79	34	0.6927531676749088
J222	12	10	14	52	1.4714804408752935
J223	14	3	7	38	2.087653584154265
J224	15	13	27	58	1.6134344870581279
J225	14	7	89	14	1.4672459401481146
J226	15	9	104	11	0.9243332167598335
J227	14	10	30	2	2.007399599946222
J228	14	13	42	54	0.48082435829239034
\\ Jobs in machine 21
11
J229	13	11	67	56	1.3145952751050687
J230	15	6	106	34	2.1106790261380572
J231	16	11	69	32	0.8487097145022477
J232	15	1	13	37	1.332549960281695
J233	15	10	68	54	1.5543129852324213
J234	14	7	93	54	0.5158054146373765
J235	15	13	43	51	1.7401580351124855
J236	13	14	108	57	1.0786681769855
J237	14	1	36	29	1.0826039966475405
J238	14	10	100	39	0.5394948260677807
J239	14	5	62	28	0.7446613471577741
\\ Jobs in machine 22
12
J240	15	11	44	52	1.8781007421463443
J241	14	10	54	52	1.3211148594195072
J242	14	1	45	38	0.5172175553839701
J243	15	7	59	14	0.9088289571351805
J244	14	10	42	62	1.4027535494988523
J245	16	9	50	13	1.5206840643046784
J246	16	13	89	15	0.7580215522571266
J247	14	4	63	43	0.8143789405372892
J248	15	5	79	35	2.3667302208880336
J249	13	8	97	18	1.0756798519538444
J250	14	11	61	35	0.8437049712893787
J251	15	13	108	31	0.8993653066831973
\\ Jobs in machine 23
11
J252	14	7	27	22	1.5504628417438575
J253	15	7	42	27	0.7775827892907091
J254	15	13	86	30	2.2491803186969
J255	16	5	10	47	1.4086017536648616
J256	15	12	94	43	1.5292849955198613
J257	15	14	91	24	0.9411500352250927
J258	15	8	65	34	1.9594651039215518
J259	14	7	26	25	1.5069819157715776
J260	15	6	105	19	1.1771623201775037
J261	16	5	75	5	2.013070869037824
J262	15	6	100	28	1.9376720189024788
\\ Jobs in machine 24
11
J263	14	2	101	16	1.0138907075357069
J264	15	10	46	16	1.7875401092170329
J265	15	5	72	8	1.3878090392638138
J266	13	12	17	26	0.7402035775404938
J267	12	12	39	26	0.1
J268	13	10	72	10	0.40944890337014095
J269	12	9	84	58	2.0092545343843087
J270	15	4	73	53	1.1703595976020482
J271	14	12	76	39	1.179677785956756
J272	16	11	57	29	2.137027145755116
J273	16	7	82	29	0.2665161036179293
\\ Jobs in machine 25
12
J274	15	6	36	1	1.587525283962906
J275	17	4	62	49	0.7880846202651853
J276	15	3	40	34	1.5005780234247357
J277	13	6	52	47	0.6465426401486215
J278	14	13	45	61	1.0756434202251577
J279	14	14	90	42	0.7322606178006275
J280	14	14	43	62	0.6429121003430607
J281	16	9	15	49	1.9474466588878485
J282	14	1	12	59	0.7901821872423362
J283	15	14	12	4	0.750841663975028
J284	15	7	57	8	1.3178574024314174
J285	14	14	98	41	0.6202176913912392
\\ Dependencies 
896
1	5
1	6
1	7
1	8
1	9
1	10
1	11
1	13
2	3
2	4
2	6
2	9
2	12
3	5
3	6
3	7
3	8
3	9
3	11
3	13
4	5
4	6
4	7
4	8
4	10
4	11
4	12
4	13
5	7
5	12
5	13
6	7
6	11
6	12
6	13
7	9
7	10
7	13
8	9
8	12
9	10
9	12
9	13
10	11
10	13
11	13
14	17
14	18
14	19
14	21
14	22
14	23
15	16
15	18
15	21
15	22
15	23
16	17
16	18
16	19
16	20
16	21
16	23
17	18
17	23
18	20
18	21
19	20
19	22
20	21
20	22
21	23
24	25
24	26
24	27
24	30
24	31
24	33
24	35
25	26
25	28
25	30
25	32
25	34
26	29
26	30
26	31
26	33
26	34
26	35
27	29
27	31
27	33
27	34
27	35
28	29
28	30
28	34
29	30
29	31
29	32
29	34
30	31
30	33
30	34
30	35
31	33
31	34
32	33
33	34
33	35
34	35
36	38
36	40
36	41
37	38
37	39
37	40
37	42
37	43
37	45
38	39
38	42
38	45
39	43
39	44
39	45
40	44
40	45
41	44
41	45
42	45
43	44
44	45
46	47
46	48
46	49
46	50
46	51
46	52
46	53
46	54
46	55
47	48
47	49
47	51
47	52
48	49
48	50
48	51
48	52
48	53
48	54
48	55
49	50
49	52
49	54
50	51
50	54
50	55
51	52
51	53
51	54
52	53
52	54
52	55
53	55
54	55
56	57
56	59
56	61
56	62
56	63
56	64
56	65
56	66
56	67
57	58
57	59
57	60
57	61
57	63
57	64
57	66
57	67
58	59
58	60
58	63
58	64
58	67
59	60
59	62
59	66
59	67
60	61
60	62
60	65
60	66
61	62
61	63
61	65
61	66
61	67
62	63
62	64
62	65
62	66
62	67
63	65
63	66
64	67
65	66
65	67
66	67
68	70
68	71
68	72
68	73
68	74
68	75
68	76
68	77
69	71
69	72
69	73
69	74
69	75
69	77
69	78
70	71
70	73
70	74
70	76
71	72
71	73
71	77
71	78
72	76
72	77
73	74
73	75
73	76
73	78
74	75
75	77
76	77
79	80
79	82
79	83
79	86
79	87
79	88
79	89
80	81
80	82
80	84
80	86
80	88
80	89
81	82
81	83
81	84
81	86
81	89
82	84
82	88
82	89
83	84
83	85
83	86
83	87
83	88
83	89
84	86
84	87
84	89
85	87
85	89
86	87
86	88
90	91
90	92
90	94
90	95
90	98
90	100
90	101
91	92
91	93
91	94
91	96
91	97
91	98
92	94
92	96
92	97
92	98
93	94
93	95
93	96
93	97
93	98
93	99
94	97
94	99
94	100
95	96
95	97
95	98
95	100
96	97
96	98
96	99
96	101
97	98
97	99
97	100
97	101
98	99
98	101
99	100
100	101
102	103
102	104
102	105
102	106
102	110
102	111
102	112
102	113
103	105
103	106
103	108
103	109
103	110
103	111
103	113
104	105
104	106
104	107
104	109
104	110
104	113
105	108
105	112
106	108
106	109
106	111
106	112
107	112
108	109
108	111
108	112
108	113
109	111
109	112
109	113
110	111
110	112
111	112
111	113
114	115
114	116
114	118
114	119
114	122
114	123
114	125
114	126
115	116
115	117
115	119
115	120
115	121
115	125
115	126
116	117
116	118
116	120
116	122
116	123
116	124
116	125
116	126
117	118
117	120
117	121
117	123
117	124
117	125
117	126
118	119
118	123
118	125
118	126
119	120
119	121
119	122
119	123
119	124
119	125
120	121
120	125
121	122
121	123
121	125
121	126
122	123
122	124
122	126
123	125
123	126
124	126
125	126
127	132
127	133
128	129
128	130
128	132
128	133
128	135
129	130
129	131
129	136
130	131
130	132
130	134
130	135
131	134
131	135
132	133
132	135
133	134
133	136
134	135
134	136
135	136
137	139
137	141
137	144
137	146
138	139
138	142
138	143
138	144
138	146
139	140
139	141
139	144
139	145
140	142
140	143
140	144
140	145
140	146
140	147
141	142
141	143
141	147
142	143
142	144
142	145
142	146
143	144
143	146
143	147
144	145
144	147
148	149
148	152
148	153
148	155
148	157
148	159
149	150
149	151
149	152
149	153
149	155
149	158
149	159
150	151
150	152
150	153
150	154
150	155
150	156
150	157
151	152
152	153
152	154
152	155
152	157
152	159
153	157
153	159
154	156
154	158
155	157
155	158
156	157
156	158
157	159
158	159
160	161
160	162
160	165
160	166
160	167
160	168
160	169
161	162
161	163
161	165
161	166
161	167
161	168
161	169
162	167
162	168
162	169
163	164
163	165
163	168
164	166
164	168
164	169
165	166
165	168
166	167
168	169
170	171
170	173
170	174
170	175
170	176
170	178
170	179
170	180
170	181
171	173
171	174
171	176
171	177
171	178
171	179
171	180
171	181
172	173
172	175
172	177
172	178
172	179
172	180
172	181
173	174
173	175
173	176
173	177
173	178
173	179
174	175
174	176
174	178
174	179
174	180
174	181
175	177
175	178
175	179
175	180
176	179
177	182
178	179
179	180
180	182
183	184
183	186
183	187
183	188
183	189
183	192
183	193
183	194
184	185
184	186
184	187
184	188
184	189
184	190
184	191
184	194
185	186
185	187
185	190
185	191
185	192
185	194
185	195
186	187
186	188
186	191
186	192
186	193
186	194
187	188
187	189
187	190
187	191
187	192
187	195
188	189
188	191
188	192
188	193
189	192
189	193
190	191
190	192
190	194
190	195
191	193
191	194
192	194
193	194
194	195
196	199
196	202
196	203
196	204
196	205
197	200
197	201
197	202
197	203
197	204
198	201
198	202
198	204
199	201
199	202
199	204
199	205
200	202
200	203
200	204
200	205
201	202
201	203
202	204
202	205
204	205
206	207
206	208
206	210
206	211
206	212
206	214
206	215
206	216
207	208
207	209
207	211
207	212
207	213
207	214
207	215
208	209
208	210
208	211
208	213
208	214
209	210
209	212
209	213
209	214
209	215
210	211
210	212
210	214
210	215
210	216
211	212
211	215
211	216
212	214
212	215
212	216
213	214
213	215
213	216
214	215
215	216
217	220
217	221
217	222
217	224
217	226
217	228
218	219
218	220
218	221
218	223
218	224
218	225
218	226
218	227
218	228
219	220
219	221
219	222
219	223
219	224
219	225
219	228
220	221
220	222
220	223
220	225
220	228
221	223
221	225
221	227
221	228
222	223
222	224
222	225
222	228
223	224
223	225
223	226
223	227
223	228
224	226
224	228
225	227
226	227
226	228
229	231
229	232
229	233
229	236
229	239
230	231
230	232
230	234
230	236
230	238
230	239
231	232
231	234
231	236
231	238
232	234
232	235
232	236
232	237
233	235
233	238
233	239
234	237
234	239
235	237
235	239
236	237
236	239
237	238
240	241
240	243
240	244
240	246
240	247
240	250
240	251
241	242
241	246
241	248
241	249
242	245
242	246
242	247
242	248
243	244
243	246
243	248
243	250
244	246
244	247
244	248
244	251
245	246
245	247
245	249
245	251
246	247
246	248
247	248
247	249
247	250
247	251
248	249
248	251
249	250
249	251
252	256
252	261
252	262
253	255
253	256
253	260
253	261
254	255
254	256
254	257
254	258
254	259
254	260
254	261
254	262
255	256
255	258
255	260
256	258
256	259
256	260
256	261
257	258
257	261
258	259
258	262
259	260
259	261
260	261
260	262
263	265
263	267
263	268
263	270
263	271
263	273
264	265
264	273
265	267
265	268
265	269
265	270
265	271
265	272
266	268
266	269
266	270
266	273
267	269
267	272
267	273
268	269
269	270
269	273
270	271
270	272
270	273
271	272
271	273
274	275
274	276
274	277
274	278
274	280
274	281
274	282
274	283
274	285
275	278
275	279
275	280
275	281
276	278
276	279
276	280
276	284
276	285
277	278
277	279
277	280
278	280
278	281
278	282
278	284
279	280
279	282
279	284
281	282
281	284
282	285
283	284
284	285
