\\ machines
20
\\ max power
200
\\ Jobs in machine 1
11
J1	14	6	66	21	1.6769306274432798
J2	15	5	68	4	1.1702111239729664
J3	14	5	14	23	1.2176999669161224
J4	15	11	42	35	1.2653481981957277
J5	14	13	21	18	2.0502222340225678
J6	15	6	11	45	0.8188513083934622
J7	15	10	29	44	0.9580465795558538
J8	15	7	85	16	1.3833985196797076
J9	14	9	95	13	2.2120203237111244
J10	14	2	72	42	0.6350852670937477
J11	15	6	102	38	1.5920659941055035
\\ Jobs in machine 2
10
J12	15	8	87	28	0.8961631982924277
J13	15	1	26	34	1.6025698029659383
J14	15	8	17	20	1.5065671791262665
J15	14	14	24	23	2.0437423414057587
J16	14	10	70	5	1.5417943909774745
J17	14	3	22	36	1.4816345928286276
J18	15	5	60	24	0.1
J19	15	3	109	32	0.6674304245834182
J20	14	9	87	3	0.18761746640243482
J21	16	12	14	4	0.4932041612786018
\\ Jobs in machine 3
10
J22	14	11	103	12	0.4646592021396505
J23	14	4	82	15	1.5095121600055015
J24	15	6	89	6	0.840020659774291
J25	14	3	83	5	0.1
J26	15	14	75	31	2.168030480306337
J27	14	4	83	5	0.9490785357035393
J28	13	3	6	32	0.7805425136905231
J29	15	6	42	30	1.945088673378462
J30	13	2	88	14	0.9274411160084504
J31	14	14	58	49	1.0437967668424184
\\ Jobs in machine 4
9
J32	15	9	49	7	1.1171326959790904
J33	14	5	79	6	1.7550722474812122
J34	15	11	10	37	1.4836770202225218
J35	14	1	27	48	0.8726078275509977
J36	18	4	83	16	1.6986872628932441
J37	14	4	13	13	0.46357544408039075
J38	16	14	70	13	0.728115450834588
J39	14	4	53	50	0.9685678684459618
J40	15	1	44	31	1.8234291689440858
\\ Jobs in machine 5
13
J41	15	1	94	16	0.6709531835808242
J42	14	14	84	49	1.2465054646016216
J43	15	5	3	40	1.67202103267417
J44	15	9	65	34	1.5623280868438172
J45	16	13	65	40	1.1748466928345092
J46	16	14	39	50	0.6070339598694451
J47	16	13	53	15	1.1157608319178947
J48	13	2	99	37	2.0011656972484966
J49	13	4	42	23	1.5803370488611659
J50	15	1	35	1	1.5984947482090364
J51	15	5	81	11	2.021735150990514
J52	15	8	21	46	0.7734270713419246
J53	15	1	47	6	1.0769119946419337
\\ Jobs in machine 6
11
J54	15	13	72	21	1.2857305027132306
J55	14	1	3	13	0.8468626036630018
J56	15	12	71	11	2.5736746907142862
J57	13	4	43	21	1.5261641609900591
J58	14	6	32	32	1.0456668763038
J59	16	8	10	48	0.7263569641002635
J60	15	6	56	5	0.6289229971454063
J61	15	2	10	22	1.9725183056106919
J62	15	10	70	43	1.359886087279523
J63	15	8	46	21	0.9999196324434407
J64	13	11	61	1	0.3412988089086577
\\ Jobs in machine 7
10
J65	13	6	105	32	0.9381237698569025
J66	15	7	46	44	2.0015564719179624
J67	15	14	44	36	1.5665753593465328
J68	15	9	53	6	0.8642060983014341
J69	14	12	21	34	1.5861139550002026
J70	14	4	35	4	1.4109337663556032
J71	14	12	24	29	2.1438098386598177
J72	16	6	47	44	1.5086203970147676
J73	13	7	93	27	1.8738211161189355
J74	14	8	35	12	1.0418795285181797
\\ Jobs in machine 8
12
J75	14	7	31	16	1.3855030044030439
J76	14	2	2	45	1.7633231146333266
J77	14	9	82	24	0.5696959764900056
J78	13	2	40	47	1.3711508500855287
J79	14	9	83	22	0.380423750244268
J80	16	4	68	39	1.1089070965079166
J81	17	10	78	31	1.3016924860169805
J82	15	13	80	38	1.3598168893768536
J83	13	10	35	7	0.6754959540211015
J84	14	3	108	5	0.8352069679571069
J85	16	8	86	42	1.376977458810274
J86	15	1	10	39	0.4452987712796498
\\ Jobs in machine 9
11
J87	14	8	90	12	1.2414803612504441
J88	13	5	51	32	0.8314617480964043
J89	15	10	54	21	1.435691758627017
J90	16	9	47	30	0.9953073339890377
J91	16	14	60	30	0.9726482246246264
J92	16	8	106	11	0.43283134290805947
J93	15	5	70	6	1.0876290669897217
J94	12	4	60	11	1.0035946068683874
J95	15	13	33	41	1.121171645363783
J96	15	14	12	45	0.9778311579157852
J97	14	8	41	12	1.9212609692693894
\\ Jobs in machine 10
11
J98	15	12	21	17	1.6012809257749892
J99	14	8	69	13	0.673253180299663
J100	14	14	89	3	2.1200289293103785
J101	15	13	22	47	0.5846087024611913
J102	13	3	68	43	0.9435209202836969
J103	14	4	67	42	0.9971199513060653
J104	13	5	84	40	1.3091891058789493
J105	16	10	60	46	1.6868240606912384
J106	16	7	46	33	1.360505074517134
J107	14	6	39	35	1.9543621662527444
J108	15	14	86	27	1.8947184552478396
\\ Jobs in machine 11
10
J109	13	8	51	21	0.9006584564044865
J110	14	9	107	13	1.0979357716286176
J111	15	7	104	42	0.1484666089356712
J112	16	7	19	49	1.14756885406096
J113	14	1	43	16	0.9891002973323674
J114	14	9	25	20	0.8911998165711883
J115	14	1	22	28	1.291199871838842
J116	15	14	76	23	1.54421804584964
J117	13	1	83	44	1.4996564386818625
J118	16	2	79	18	1.609652182919029
\\ Jobs in machine 12
12
J119	16	7	46	1	0.8079718558460762
J120	14	4	56	50	1.5365585793352137
J121	15	9	30	36	1.9190066227862315
J122	14	14	101	11	0.3785465122819185
J123	15	3	38	41	1.257014247381434
J124	16	11	70	45	1.1044491861560917
J125	15	8	14	35	1.567243831562092
J126	15	2	17	8	0.757099084529022
J127	16	8	108	12	0.9837858541766443
J128	16	8	13	11	1.1175020855441398
J129	16	2	30	35	1.3012981690532475
J130	12	14	20	42	1.0198117149165316
\\ Jobs in machine 13
10
J131	15	13	99	31	1.1674136336598884
J132	17	10	16	26	1.6644239451193563
J133	14	3	60	21	1.8971791710039971
J134	15	11	95	26	1.0432429936898782
J135	14	2	35	49	2.0886000721317464
J136	15	2	97	41	0.9055166556048748
J137	15	13	7	38	1.6386880023668526
J138	13	4	26	46	1.2855677062712023
J139	14	4	105	33	1.995451805761125
J140	14	10	87	41	0.9222865921912426
\\ Jobs in machine 14
12
J141	15	2	75	6	0.5582915483944472
J142	12	13	25	20	1.547024987124828
J143	15	3	95	21	2.108760187559435
J144	13	8	94	1	1.9404983485466252
J145	14	6	95	15	1.8537632543395994
J146	14	5	68	28	1.100025229428814
J147	15	4	49	19	1.371731322187923
J148	14	1	107	21	1.614953899420802
J149	15	13	82	48	0.7675649749162203
J150	15	1	78	47	1.1791259047744629
J151	14	5	20	5	0.5187598564663074
J152	16	6	7	10	1.3267081040543685
\\ Jobs in machine 15
11
J153	15	2	20	27	1.4553218444970275
J154	13	7	49	42	2.1453446287696587
J155	14	4	51	33	1.3164365096928046
J156	14	3	17	29	1.266477104583267
J157	14	13	12	14	1.584141216846726
J158	15	11	89	49	1.902439440987149
J159	14	4	59	34	0.8476804596800184
J160	15	4	18	30	1.5689830145934296
J161	13	1	105	17	0.7346680314523582
J162	16	12	78	25	0.5362543652810505
J163	16	7	72	44	1.8867741078910514
\\ Jobs in machine 16
11
J164	14	7	76	14	1.0625976105721073
J165	15	11	95	35	2.538205325386914
J166	15	1	35	47	1.1403565126149189
J167	15	2	58	48	1.0940719890103212
J168	15	8	27	2	1.9030937471544587
J169	13	14	7	41	1.420113639071167
J170	15	11	8	6	0.4389606362284961
J171	14	9	48	41	0.3458226798371391
J172	14	11	88	11	1.153776965289337
J173	14	13	109	2	1.071370191161563
J174	14	3	37	36	1.205406009616965
\\ Jobs in machine 17
11
J175	14	10	16	9	0.804704229960316
J176	14	12	105	16	1.1686607246104992
J177	15	14	70	29	2.0380610733066886
J178	12	11	88	8	1.1844710720394058
J179	15	9	93	3	1.1557762512879772
J180	12	7	22	40	2.008063128289392
J181	15	2	101	49	1.7593861931166908
J182	15	13	22	44	2.10422421869859
J183	15	4	43	3	1.3954803318207276
J184	16	4	48	30	1.9658693816775872
J185	17	8	77	21	1.7768876059348555
\\ Jobs in machine 18
10
J186	16	7	71	16	1.003519619418247
J187	14	13	104	27	1.0520739407356097
J188	14	7	2	34	0.9327422298006349
J189	13	5	93	13	1.0376049983232298
J190	15	5	73	49	1.0788462569560424
J191	14	12	34	36	0.49440146617187253
J192	14	11	28	27	0.49511665640832625
J193	13	12	105	43	1.563494771946357
J194	16	12	78	21	1.2061471461661981
J195	15	1	90	45	1.5313386115207952
\\ Jobs in machine 19
11
J196	15	9	5	12	1.3657779312073821
J197	15	14	85	1	1.5248808907747493
J198	15	1	68	15	1.9200625331698724
J199	15	10	92	27	1.4194655194231516
J200	15	9	8	48	1.9589930455419564
J201	15	2	101	28	0.5530938891429368
J202	13	6	35	47	1.306808397454886
J203	16	14	77	12	1.8503351140848896
J204	15	1	81	4	1.040168373094251
J205	14	13	67	30	2.084102745869443
J206	13	4	71	28	0.6419918913001454
\\ Jobs in machine 20
10
J207	17	10	39	27	1.8209189361719167
J208	15	4	24	43	1.181225008820365
J209	14	2	40	7	1.240713372809832
J210	16	6	75	5	0.9071290442862227
J211	16	5	19	31	1.6821315689314484
J212	13	8	15	32	0.8283639304267394
J213	15	1	67	41	0.1
J214	15	9	30	8	1.6326985698952696
J215	13	3	44	17	1.3586844095706618
J216	14	6	24	41	0.5615607022957942
\\ Dependencies 
448
1	6
1	7
1	8
1	9
2	3
2	4
2	5
2	8
2	9
2	10
2	11
3	5
3	6
3	7
3	8
3	10
4	5
4	6
4	7
4	10
4	11
5	10
6	7
6	8
7	10
8	11
9	11
10	11
12	16
12	17
12	19
12	20
12	21
13	14
13	15
13	18
13	20
14	16
14	17
15	16
15	18
15	20
16	17
16	18
16	19
16	20
16	21
17	18
17	19
17	20
17	21
18	20
18	21
19	21
20	21
22	23
22	24
22	26
22	31
23	25
23	29
23	30
23	31
24	25
24	27
24	28
24	30
25	27
25	28
25	31
26	30
27	28
27	29
27	30
28	30
28	31
29	30
32	34
32	37
35	36
35	40
36	39
36	40
37	38
37	39
37	40
38	39
39	40
41	43
41	45
41	47
41	48
41	49
41	51
42	43
42	46
42	51
42	52
42	53
43	44
43	45
43	48
43	49
43	50
43	52
43	53
44	50
45	50
46	47
46	48
46	50
46	52
47	49
47	50
48	52
49	52
50	53
51	53
54	60
54	61
54	62
54	63
55	56
55	58
55	59
55	63
56	57
56	58
56	61
56	62
56	63
56	64
57	60
57	62
57	64
58	59
58	63
59	62
59	63
60	63
61	62
61	64
63	64
65	67
65	69
65	70
65	71
65	73
66	70
67	68
67	72
67	74
68	69
68	71
68	74
69	70
69	72
69	73
69	74
70	71
70	72
70	73
70	74
75	77
75	78
75	80
75	82
75	86
76	77
76	79
76	82
76	83
76	84
76	86
77	78
77	79
77	83
77	84
77	86
78	79
78	82
78	86
79	81
79	83
79	85
79	86
80	81
80	82
80	83
81	83
81	84
81	85
83	84
84	85
85	86
87	88
87	90
87	94
87	95
88	89
88	91
89	91
89	93
89	94
89	95
89	96
89	97
90	94
90	95
90	96
91	92
91	94
91	95
91	96
92	93
92	97
93	96
94	96
94	97
95	96
96	97
98	99
98	102
98	103
98	104
98	105
98	107
99	100
99	103
99	104
99	108
100	101
100	104
100	106
101	103
101	105
102	103
102	104
102	105
102	107
103	104
103	107
104	105
104	106
104	108
105	108
109	113
109	114
109	116
110	111
110	117
111	117
112	113
112	115
113	116
114	115
114	118
115	117
116	117
117	118
119	124
119	125
119	127
119	129
120	123
120	125
120	127
120	128
121	125
121	129
122	123
122	124
122	125
122	127
122	128
122	129
123	124
123	125
123	127
123	130
124	125
124	127
124	129
125	127
125	129
125	130
126	128
126	129
126	130
127	128
128	130
131	135
131	136
131	137
131	138
132	136
132	137
132	138
134	136
134	137
135	138
135	139
137	138
137	139
137	140
138	139
141	142
141	152
142	148
142	150
143	144
143	145
143	147
143	148
143	151
143	152
144	146
144	147
144	149
145	150
145	151
145	152
146	147
146	148
146	150
146	151
146	152
147	148
147	149
148	151
149	152
150	151
153	155
153	156
153	157
153	159
154	155
154	156
154	157
154	163
155	156
155	158
155	161
156	161
157	160
157	163
158	163
159	161
159	163
160	161
162	163
164	165
164	168
164	170
164	173
165	167
165	170
165	174
166	168
166	172
167	173
168	169
168	170
168	172
168	174
169	170
170	172
171	172
171	173
172	174
175	176
175	178
175	180
175	183
175	185
176	180
176	182
176	183
176	184
177	178
177	183
178	180
178	181
178	183
178	184
178	185
179	181
179	184
179	185
180	181
181	182
181	184
181	185
182	183
182	185
183	185
186	187
186	188
186	189
186	190
186	195
187	188
187	189
187	191
187	192
187	194
188	190
188	191
188	195
189	190
189	191
189	195
190	191
190	193
190	195
191	192
191	194
194	195
196	198
196	203
196	205
197	198
197	199
197	205
198	206
199	201
199	203
199	206
200	202
200	203
200	204
201	205
202	204
204	206
207	208
207	209
207	212
207	213
207	214
207	216
208	216
209	213
210	211
210	214
210	215
211	212
212	213
212	214
