\\ machines
15
\\ max power
150
\\ Jobs in machine 1
10
J1	15	6	45	5	1.5204755953655296
J2	15	5	8	16	0.8720897622825469
J3	13	11	66	36	0.9977091965569805
J4	17	9	19	26	1.0183949478739789
J5	17	11	105	20	1.7087971920919744
J6	15	2	11	18	2.3912219873405873
J7	15	1	63	9	0.7050709571654569
J8	12	4	4	34	1.3303710084004585
J9	14	13	45	17	1.2201359022118967
J10	15	2	3	29	0.48047312280884946
\\ Jobs in machine 2
10
J11	14	5	107	14	0.4331566814466943
J12	13	1	76	8	1.1590317352513864
J13	14	8	57	24	0.9510457974813975
J14	14	8	2	16	1.2509993150234522
J15	15	13	25	30	1.564981521925028
J16	16	7	21	16	0.33689010861543645
J17	15	2	60	4	1.661801901167427
J18	15	1	28	2	1.7406299499614062
J19	13	6	48	9	1.576857016920024
J20	17	5	23	3	1.2027744587754152
\\ Jobs in machine 3
12
J21	16	8	31	21	1.5884988184709474
J22	14	7	88	21	1.4143300437335558
J23	13	4	8	24	1.245746105020158
J24	13	4	70	13	0.3966698961567916
J25	14	5	51	10	1.1800539281952356
J26	14	7	90	11	2.1480821633932656
J27	15	14	16	21	0.3875342297852781
J28	15	2	71	2	0.9116846790422354
J29	15	7	72	11	1.2243686165442043
J30	14	4	64	23	1.809687280407959
J31	16	7	70	6	0.7536443366522467
J32	12	6	105	6	1.3845283652576141
\\ Jobs in machine 4
12
J33	13	7	79	17	1.518312949932743
J34	14	11	61	36	1.3101757909395273
J35	16	3	31	20	1.9851403021272254
J36	13	5	48	1	0.9767367979058774
J37	16	7	85	19	1.7934972876171362
J38	15	9	19	37	1.3569713243791754
J39	14	8	11	30	1.1598475246241144
J40	16	5	13	14	1.0838714745683604
J41	16	2	5	25	0.3522450640050423
J42	15	10	18	10	1.3265393887714612
J43	14	8	13	33	1.4607803361767286
J44	13	3	35	2	1.7758976900550048
\\ Jobs in machine 5
12
J45	13	1	67	14	2.091316306036257
J46	14	6	53	29	1.4455813078467237
J47	15	5	88	36	1.0386919345197234
J48	15	2	97	20	0.32636554141680396
J49	15	14	40	31	2.27648240412145
J50	14	9	3	15	1.2465694271972056
J51	14	10	28	21	1.4423963034471214
J52	13	12	105	10	2.2104087485854738
J53	15	7	55	12	1.2656121817094168
J54	14	10	96	13	1.9066647492498983
J55	14	7	43	38	1.854692026661265
J56	14	7	8	7	1.2104791866248419
\\ Jobs in machine 6
11
J57	16	2	18	8	1.4874800347843637
J58	14	4	103	1	1.3276602468552303
J59	15	13	54	16	0.8957930528237086
J60	16	10	36	23	0.6757176658492797
J61	13	4	81	11	1.549375877867662
J62	15	7	95	34	1.9241274704097382
J63	14	4	11	1	0.8861858767613451
J64	15	11	48	36	1.5802425640108517
J65	14	14	76	1	1.088683572047415
J66	15	13	18	17	0.5327616486355842
J67	13	5	78	1	1.0389746992765625
\\ Jobs in machine 7
12
J68	14	4	67	28	0.24296332627034
J69	12	2	108	16	1.0344816710839362
J70	16	9	25	22	1.2441791107935143
J71	13	9	41	12	1.0510430835924336
J72	14	2	105	29	1.3200759934621333
J73	13	7	14	28	1.4016962912692814
J74	15	4	71	16	1.415832928590353
J75	14	4	28	19	1.3213372260901148
J76	14	4	66	26	1.4862734902635855
J77	17	13	62	3	1.3743656705771006
J78	15	5	64	6	1.188943449692358
J79	13	5	34	28	1.3489647423746356
\\ Jobs in machine 8
10
J80	14	5	105	4	1.200903880877026
J81	14	13	77	19	1.2798138609371532
J82	16	14	60	27	1.8384054030831605
J83	14	6	89	12	1.7968341833701187
J84	12	6	58	20	1.5329726637757155
J85	15	2	35	33	0.886758545782462
J86	14	11	36	15	0.8838039507814677
J87	14	2	19	6	0.5473632563731122
J88	13	3	88	30	1.3755847133444399
J89	14	5	80	16	1.495416504228793
\\ Jobs in machine 9
11
J90	14	3	56	5	1.5403683233028507
J91	15	5	91	28	1.213522021924524
J92	13	13	5	20	0.8592225608587478
J93	15	3	45	10	1.1319323043218423
J94	14	8	17	33	1.2366820002762215
J95	13	1	107	17	0.9783985305850144
J96	13	4	11	17	1.5940107467097546
J97	15	12	88	5	1.5921027738640163
J98	15	4	63	6	1.4015917678202392
J99	15	12	107	26	1.0559238240234878
J100	14	1	31	25	1.0043112225330546
\\ Jobs in machine 10
10
J101	14	10	106	2	2.079191699194209
J102	16	1	110	24	1.351799601790305
J103	14	13	81	1	2.0539533964949905
J104	16	1	85	20	1.5195506443986948
J105	13	12	56	11	1.8873361021532493
J106	15	1	85	3	0.9303389264117901
J107	14	3	19	18	0.7551555610581963
J108	16	12	101	14	0.7090601000323418
J109	14	5	74	8	0.8820112228735985
J110	14	9	107	23	1.9552246911434863
\\ Jobs in machine 11
11
J111	15	11	36	6	1.1138756195985486
J112	15	12	64	20	1.8419003333351847
J113	14	9	103	20	1.625245762231827
J114	14	10	86	6	1.519573671942394
J115	13	6	72	6	1.4709568846531327
J116	13	12	43	8	1.2219825734097742
J117	14	8	8	5	0.6535029001649538
J118	13	12	89	3	1.0789905042824572
J119	16	10	101	32	1.3244652788611306
J120	14	1	99	31	0.8960730144869611
J121	15	13	54	3	0.7013952726372565
\\ Jobs in machine 12
11
J122	13	10	2	24	1.1569195600200097
J123	15	14	93	22	1.0804598713711226
J124	15	5	47	2	0.9079834697773093
J125	15	8	9	19	1.1175825726462354
J126	13	5	93	6	0.8527815889245556
J127	15	10	88	36	1.3097847972647891
J128	14	5	41	1	1.099394129699156
J129	14	6	90	2	2.049306944748071
J130	15	14	26	1	0.13739713487634386
J131	14	3	71	29	1.7415685455450414
J132	16	7	33	32	1.4379721040436952
\\ Jobs in machine 13
12
J133	16	7	60	10	0.4759434924665896
J134	13	4	89	4	0.19967642541332498
J135	14	7	47	30	1.2020596876871867
J136	15	2	45	8	0.8226683704076241
J137	14	5	54	27	1.9219226581444406
J138	15	7	84	9	1.723686546585409
J139	15	2	49	22	0.9282716474201074
J140	14	6	5	8	0.261102654038597
J141	15	2	95	25	2.3020188700681086
J142	14	13	103	21	1.1344443528869068
J143	13	3	90	3	1.6718665275631874
J144	15	7	14	6	0.7593175484004694
\\ Jobs in machine 14
13
J145	15	5	8	21	0.8060186299381358
J146	14	3	106	3	1.1684097064441907
J147	12	7	98	16	1.0129194530866088
J148	16	8	70	29	1.13883827011443
J149	13	4	60	9	1.6520844654979217
J150	14	13	24	15	1.6138989081016797
J151	14	7	83	38	0.8448031517849162
J152	15	11	101	10	0.21406728855869284
J153	14	6	99	38	1.0944691594766334
J154	14	10	39	23	1.6192333640077154
J155	15	10	110	14	1.4730071409056942
J156	14	2	100	5	1.177080146085865
J157	13	4	106	12	2.545018120445987
\\ Jobs in machine 15
11
J158	14	9	103	31	1.4048912763027048
J159	14	1	59	38	1.2820558217393012
J160	15	6	105	3	1.4055601500422945
J161	16	9	88	32	1.5369208093919977
J162	15	11	70	37	1.553648234720123
J163	12	10	94	6	1.540677132429138
J164	14	13	38	31	1.5329044999039905
J165	16	10	66	2	1.2640090428915418
J166	15	6	9	23	0.9043264042149122
J167	14	5	9	3	1.0732803188622322
J168	15	2	12	21	0.4663864119299945
\\ Dependencies 
766
1	2
1	3
1	4
1	5
1	7
1	8
1	9
1	10
2	3
2	4
2	6
2	7
2	8
2	9
2	10
3	5
3	6
3	7
3	8
3	9
3	10
4	5
4	6
4	7
4	8
4	9
4	10
5	7
5	9
5	10
6	7
6	9
6	10
7	8
7	9
7	10
8	9
8	10
9	10
11	12
11	14
11	15
11	17
11	18
11	19
11	20
12	13
12	14
12	15
12	16
12	17
12	18
12	19
12	20
13	14
13	15
13	16
13	17
13	19
13	20
14	15
14	16
14	17
14	18
14	19
14	20
15	16
15	17
15	19
15	20
16	17
16	18
16	19
17	18
17	19
18	20
19	20
21	22
21	23
21	24
21	25
21	26
21	27
21	30
21	31
21	32
22	23
22	24
22	25
22	26
22	27
22	28
22	29
22	30
22	31
22	32
23	24
23	25
23	26
23	27
23	28
23	29
23	30
23	31
23	32
24	27
24	29
24	30
24	31
24	32
25	26
25	27
25	28
25	29
25	30
25	31
25	32
26	27
26	28
26	29
26	30
26	31
26	32
27	28
27	29
27	30
27	31
27	32
28	29
28	30
28	31
28	32
29	30
29	31
29	32
30	31
30	32
31	32
33	34
33	35
33	36
33	38
33	39
33	40
33	41
33	42
33	43
33	44
34	35
34	36
34	37
34	38
34	39
34	40
34	42
34	43
34	44
35	36
35	37
35	38
35	39
35	40
35	41
35	42
35	43
35	44
36	37
36	38
36	39
36	40
36	41
36	42
36	43
36	44
37	38
37	39
37	40
37	41
37	43
37	44
38	39
38	40
38	44
39	40
39	41
39	42
39	43
39	44
40	41
40	42
41	42
41	43
41	44
42	43
43	44
45	47
45	48
45	49
45	50
45	51
45	52
45	53
45	54
45	55
45	56
46	47
46	48
46	49
46	50
46	51
46	52
46	53
46	54
46	55
46	56
47	49
47	50
47	51
47	52
47	53
47	54
47	55
47	56
48	50
48	51
48	52
48	53
48	54
48	55
48	56
49	50
49	52
49	53
49	54
49	55
49	56
50	51
50	52
50	53
50	54
50	55
50	56
51	52
51	53
51	54
51	55
51	56
52	53
52	54
52	55
52	56
53	54
53	56
54	55
54	56
55	56
57	58
57	59
57	60
57	61
57	62
57	64
57	65
57	66
57	67
58	59
58	60
58	61
58	62
58	63
58	64
58	65
58	66
59	60
59	61
59	62
59	63
59	65
59	66
60	61
60	62
60	63
60	64
60	65
60	66
61	62
61	63
61	64
61	65
61	67
62	64
62	65
62	66
62	67
63	64
63	65
63	66
63	67
64	65
64	66
64	67
66	67
68	69
68	70
68	71
68	72
68	73
68	74
68	75
68	76
68	77
69	70
69	71
69	72
69	74
69	75
69	76
69	77
69	79
70	72
70	73
70	74
70	75
70	76
70	77
70	78
70	79
71	72
71	74
71	75
71	76
71	77
71	79
72	73
72	74
72	75
72	76
72	77
72	78
72	79
73	75
73	77
73	78
73	79
74	75
74	76
74	77
74	78
74	79
75	76
75	78
75	79
76	77
76	78
76	79
77	78
77	79
78	79
80	81
80	82
80	84
80	85
80	86
80	88
80	89
81	82
81	84
81	85
81	86
81	87
81	88
81	89
82	83
82	84
82	85
82	86
82	87
82	88
82	89
83	84
83	85
83	86
83	87
83	88
83	89
84	85
84	86
84	87
84	88
84	89
85	86
85	87
85	88
85	89
86	87
86	88
86	89
87	88
87	89
88	89
90	91
90	92
90	93
90	94
90	95
90	96
90	97
90	98
90	99
90	100
91	92
91	95
91	96
91	97
91	100
92	93
92	94
92	95
92	96
92	97
92	98
92	100
93	94
93	95
93	96
93	97
93	98
93	99
93	100
94	95
94	96
94	97
94	98
94	99
94	100
95	97
95	99
95	100
96	97
96	98
96	99
96	100
97	98
97	99
97	100
98	99
98	100
99	100
101	102
101	103
101	104
101	105
101	106
101	107
101	108
101	109
101	110
102	103
102	104
102	105
102	107
102	108
102	109
102	110
103	105
103	107
103	108
103	109
103	110
104	105
104	106
104	107
104	108
104	109
104	110
105	106
105	108
105	109
105	110
106	107
106	108
106	109
106	110
107	108
107	109
107	110
108	109
108	110
109	110
111	112
111	113
111	114
111	115
111	116
111	117
111	118
111	119
111	120
111	121
112	113
112	114
112	115
112	116
112	118
112	119
112	120
112	121
113	114
113	115
113	116
113	117
113	118
113	120
113	121
114	115
114	118
114	119
114	120
114	121
115	116
115	118
115	119
115	120
116	119
116	120
116	121
117	118
117	119
117	120
117	121
118	119
118	121
119	120
119	121
120	121
122	124
122	125
122	126
122	127
122	128
122	129
122	130
122	131
122	132
123	124
123	125
123	126
123	127
123	128
123	129
123	130
123	131
123	132
124	125
124	126
124	127
124	129
124	130
124	131
124	132
125	126
125	127
125	128
125	129
125	130
125	131
125	132
126	127
126	128
126	129
126	130
126	131
126	132
127	128
127	129
127	130
127	131
127	132
128	129
128	132
129	130
129	132
130	131
131	132
133	134
133	135
133	136
133	137
133	138
133	140
133	141
133	142
133	144
134	135
134	137
134	138
134	139
134	140
134	141
134	142
134	144
135	136
135	138
135	139
135	140
135	141
135	142
135	143
135	144
136	138
136	139
136	140
136	141
136	142
136	143
136	144
137	138
137	139
137	140
137	141
137	142
137	143
137	144
138	139
138	140
138	141
138	142
138	143
138	144
139	140
139	141
139	142
139	143
139	144
140	141
140	142
140	143
140	144
141	142
141	143
142	143
142	144
143	144
145	146
145	147
145	149
145	150
145	151
145	152
145	153
145	154
145	155
145	156
145	157
146	147
146	148
146	149
146	150
146	151
146	152
146	153
146	155
146	156
146	157
147	148
147	149
147	150
147	151
147	152
147	153
147	154
147	155
147	156
147	157
148	149
148	150
148	151
148	152
148	153
148	154
148	155
148	156
148	157
149	150
149	152
149	153
149	154
149	155
149	156
149	157
150	152
150	153
150	154
150	155
150	156
150	157
151	152
151	153
151	154
151	155
151	156
152	154
152	155
152	156
153	156
153	157
154	155
154	156
155	156
155	157
156	157
158	159
158	160
158	161
158	162
158	163
158	164
158	165
158	166
158	167
158	168
159	160
159	161
159	162
159	163
159	164
159	165
159	166
159	167
159	168
160	161
160	162
160	163
160	164
160	165
160	166
160	167
160	168
161	162
161	163
161	164
161	165
161	166
161	167
161	168
162	163
162	164
162	165
162	166
162	167
162	168
163	164
163	165
163	166
163	167
163	168
164	165
164	166
164	167
164	168
165	166
165	167
165	168
166	167
166	168
167	168
