\\ machines
10
\\ max power
100
\\ Jobs in machine 1
11
J1	15	5	34	22	2.215194082408732
J2	14	13	12	3	1.139404998684449
J3	13	8	11	46	1.5291642485267494
J4	14	13	62	50	1.1501338372054313
J5	15	2	84	32	0.4238575732729042
J6	16	10	96	71	1.5213833320576047
J7	15	2	22	53	0.35122894099865376
J8	14	8	43	1	1.3946812653148402
J9	14	3	30	7	0.6723276016770738
J10	16	14	24	67	1.529986354404593
J11	15	7	44	7	0.33458392850447205
\\ Jobs in machine 2
12
J12	14	11	96	5	1.4372426922290609
J13	16	5	58	46	1.554744555564138
J14	13	14	109	12	1.9435782383362357
J15	16	9	64	23	0.7506478858887233
J16	15	12	20	46	0.9640900277926056
J17	16	11	48	42	1.8921088836800593
J18	17	3	75	9	0.8500964960951143
J19	16	9	51	41	1.2974685692480317
J20	12	3	91	57	0.944120927465949
J21	13	9	14	49	1.854642735593791
J22	14	6	102	50	1.8337176417173273
J23	14	12	81	47	1.4189730431246166
\\ Jobs in machine 3
10
J24	15	14	30	20	1.561136342299928
J25	14	7	40	9	0.7216819988664371
J26	14	2	56	32	0.735484735576744
J27	14	4	64	54	0.891857319352767
J28	15	11	88	23	2.0386413888189105
J29	15	3	64	49	1.8466021785317719
J30	14	7	88	27	1.3779093346648317
J31	15	13	98	69	1.460797665055141
J32	15	3	53	75	0.6962620240806034
J33	16	13	35	6	0.7664296905100736
\\ Jobs in machine 4
10
J34	15	14	15	3	1.1490862697504405
J35	14	11	48	49	0.9658244958587265
J36	16	6	37	42	1.4852735315896182
J37	12	5	68	64	1.3252802035648727
J38	14	4	93	17	1.6908624859835224
J39	14	7	67	10	0.6316012661977434
J40	17	5	110	26	0.9394393103712455
J41	14	6	34	49	1.2525695901652143
J42	15	9	39	53	1.8446177641436505
J43	15	13	94	34	1.3271547882491772
\\ Jobs in machine 5
11
J44	15	7	35	74	0.7184565307053835
J45	15	11	29	58	1.6610405017924228
J46	16	12	86	46	0.8144969736907173
J47	15	10	93	70	1.007563811812008
J48	14	7	49	7	1.5104582326432205
J49	15	10	88	38	1.2361643309212027
J50	14	4	98	53	1.4540998470577526
J51	13	9	41	30	1.9272738895678083
J52	15	3	108	1	1.0359760802920452
J53	14	10	87	46	0.8622815091881879
J54	15	13	25	70	0.8865588042850339
\\ Jobs in machine 6
10
J55	16	4	17	32	1.3230913002967088
J56	15	3	67	52	2.0500079812231675
J57	15	1	79	13	1.1955531979938185
J58	14	11	108	42	1.1367949143926197
J59	14	4	79	4	0.9683811709831469
J60	14	11	49	74	1.4769673479713874
J61	13	8	102	7	1.2606861506301161
J62	14	3	67	54	0.5153233121364542
J63	15	12	43	22	0.5456358653603633
J64	14	2	67	6	0.9326660941947356
\\ Jobs in machine 7
9
J65	13	13	14	33	1.3526039330272097
J66	15	11	24	49	1.1928428058544966
J67	13	14	106	61	0.5712863534433199
J68	13	1	95	16	0.3998572602895686
J69	15	3	53	56	1.1248565920297233
J70	15	8	63	15	0.9921005440318722
J71	15	7	89	52	1.2021624179592707
J72	15	2	21	17	1.4375582614230509
J73	15	3	20	1	0.7499123637538878
\\ Jobs in machine 8
11
J74	15	6	15	9	1.018532042753649
J75	16	13	56	49	1.209308532986915
J76	17	13	102	51	1.508983523176938
J77	14	1	2	29	0.564250678208403
J78	15	5	12	4	0.5820480391593521
J79	13	2	21	55	1.3147504545098883
J80	16	3	40	62	1.0376582931096412
J81	14	14	10	65	1.5770998438232309
J82	15	7	38	49	0.9891046762218572
J83	16	12	84	28	1.8963128967358611
J84	14	3	104	7	1.334954330760654
\\ Jobs in machine 9
11
J85	13	7	80	53	1.0549185783085067
J86	13	10	46	20	1.401172910177406
J87	14	2	3	19	0.14551957007696825
J88	16	5	18	40	1.0716731847452743
J89	15	8	63	42	0.6610878181362616
J90	15	5	13	46	1.2863384156692377
J91	14	6	17	8	0.5076674074553152
J92	15	1	31	26	1.6553911196532203
J93	13	14	77	57	2.1514845286221655
J94	13	8	96	8	2.1222311648837615
J95	14	3	110	49	1.2494064143072465
\\ Jobs in machine 10
10
J96	13	13	110	15	0.4603521661694866
J97	14	4	22	65	0.952498196794271
J98	12	10	55	39	0.9142226465179272
J99	16	4	52	45	1.2518710828983761
J100	15	1	101	18	1.0890864776376992
J101	14	4	92	73	0.9657600558295044
J102	14	9	100	24	1.2485342169452611
J103	15	3	4	64	0.45498096478815286
J104	13	4	77	9	1.3629156535102498
J105	15	5	16	7	1.0749981333784504
\\ Dependencies 
229
1	2
1	4
1	7
1	8
1	9
2	4
2	6
2	8
3	4
3	5
3	9
3	11
4	5
4	7
4	9
5	6
5	7
5	9
5	11
6	10
7	9
7	10
8	10
8	11
10	11
12	13
12	14
12	18
12	21
12	22
13	16
13	17
13	18
14	15
14	18
14	20
14	21
14	23
15	16
15	17
15	18
15	21
15	23
16	18
16	19
16	20
17	18
17	19
17	20
18	19
18	20
18	21
18	23
19	20
19	21
20	21
20	23
24	26
24	27
24	28
24	29
24	30
24	31
25	27
25	30
25	31
25	32
25	33
26	29
26	30
26	32
26	33
27	30
28	30
28	31
28	33
29	30
30	31
31	32
32	33
34	36
34	38
34	41
34	43
35	38
35	39
35	41
35	43
36	37
36	39
36	41
36	42
37	40
37	41
37	43
38	39
38	43
39	43
40	41
40	43
44	49
45	47
45	50
45	51
45	53
45	54
46	49
46	50
46	51
47	48
47	50
47	51
47	53
47	54
48	49
48	50
48	53
49	50
49	51
49	52
49	53
51	52
52	54
55	58
55	59
55	62
55	63
56	59
56	60
56	63
56	64
57	58
57	61
57	63
58	59
58	60
58	63
59	61
59	62
60	63
60	64
61	62
61	63
61	64
62	64
65	69
65	70
65	71
65	73
66	69
66	71
66	72
66	73
67	68
67	69
67	72
67	73
68	69
68	71
68	73
69	73
70	71
70	72
71	72
74	77
74	78
74	79
75	77
75	82
76	77
76	79
76	82
76	83
77	82
77	84
78	80
79	81
79	83
79	84
80	81
80	82
81	83
83	84
85	86
85	87
85	89
85	90
85	95
86	89
86	91
86	94
86	95
87	88
87	94
88	90
88	93
88	94
89	92
89	95
90	91
90	92
90	94
91	93
91	94
91	95
92	93
92	94
93	94
94	95
96	102
96	103
96	105
97	100
97	101
97	103
97	105
98	99
98	100
98	101
98	102
99	102
99	103
99	104
99	105
100	104
101	103
102	103
102	104
104	105
