\\ machines
8
\\ max power
80
\\ Jobs in machine 1
10
J1	15	7	75	2	1.2440076101307806
J2	14	1	40	13	2.1929766920165696
J3	15	4	90	14	1.6490379164302444
J4	14	10	32	12	0.517659916529199
J5	15	3	12	19	1.4547377404042816
J6	13	2	23	5	1.7807797199995126
J7	16	6	88	20	1.2081268396430418
J8	13	6	13	19	1.416296159878423
J9	13	14	32	7	1.3822458557194974
J10	14	6	42	19	1.108193847851331
\\ Jobs in machine 2
10
J11	14	8	89	19	0.3654421589199418
J12	15	3	27	12	1.923404504472435
J13	13	3	69	9	0.949653297626491
J14	17	3	20	20	1.3332641447560472
J15	15	8	54	4	0.7433754492853537
J16	14	10	22	1	1.68471588694436
J17	14	9	27	6	1.019860878656239
J18	16	4	43	11	0.46490307798116826
J19	14	5	55	16	0.6088049493364692
J20	12	5	8	9	1.275877558376443
\\ Jobs in machine 3
9
J21	14	3	83	18	0.8662456830695513
J22	14	7	14	10	1.3560267649090774
J23	14	11	2	17	0.19190702765975343
J24	15	12	43	2	0.9118558972657103
J25	15	3	104	5	1.0540469594988833
J26	14	6	44	13	0.6894944984104977
J27	15	8	99	14	1.9155134646424892
J28	15	12	3	2	1.2400687236517975
J29	17	4	28	5	0.8328939752648015
\\ Jobs in machine 4
11
J30	15	7	9	13	1.7826713348300816
J31	15	8	93	11	0.9787887460114651
J32	13	13	69	7	0.3251155211273298
J33	15	10	106	6	1.1462494379393589
J34	14	14	88	19	0.41455497603149516
J35	14	11	15	2	0.9265336101597437
J36	14	4	28	11	1.2697724697366586
J37	13	10	61	14	1.995691540978503
J38	14	3	87	20	1.108645086517789
J39	14	13	101	18	1.0745388354068115
J40	14	12	67	19	0.5584670036836503
\\ Jobs in machine 5
13
J41	15	8	65	7	1.5100787625224725
J42	13	10	101	2	1.290546481089894
J43	14	5	46	18	1.3985783904429805
J44	16	5	44	7	1.5791488484718421
J45	13	5	59	1	1.5730880912347676
J46	14	1	37	14	0.3378960348099741
J47	13	6	33	9	1.8164619784261724
J48	14	3	78	3	1.6360336103629058
J49	16	3	18	19	1.2161297177462913
J50	14	4	72	17	1.7907409330038484
J51	16	4	92	6	0.5668987052606252
J52	14	7	73	10	0.9318426680379056
J53	14	13	39	8	1.9952966776791987
\\ Jobs in machine 6
9
J54	14	5	94	3	0.2708198764936063
J55	14	13	109	15	1.914763549136149
J56	15	9	7	7	1.0224336905048987
J57	15	13	55	2	1.5784354061663994
J58	16	7	45	11	1.1323864699377406
J59	16	5	108	14	0.9259964749488455
J60	13	11	102	20	1.6476121153866055
J61	16	13	110	3	0.9831927044697657
J62	15	4	25	13	1.00464488166115
\\ Jobs in machine 7
11
J63	16	10	92	9	2.0559194766983544
J64	15	10	2	9	1.8136892433609249
J65	14	9	11	11	1.5206581421513152
J66	15	8	34	11	0.7271907999134651
J67	14	1	58	2	0.14103498788173763
J68	12	9	11	20	0.6539916769908618
J69	14	4	32	16	1.6017813146380657
J70	14	7	96	7	1.9138662535409632
J71	13	14	31	16	2.140902391796371
J72	14	3	80	13	1.247993521518945
J73	15	10	58	6	1.007494681606877
\\ Jobs in machine 8
9
J74	15	4	56	1	0.8229085847567044
J75	14	5	94	10	1.2374696751084648
J76	14	3	10	6	1.5786213091251917
J77	15	10	27	3	1.0520879996214207
J78	13	9	107	10	0.3898073491262555
J79	14	4	97	11	0.2540781281304869
J80	15	11	74	4	1.3167824903751886
J81	15	5	91	2	1.2556654929543805
J82	15	11	101	7	0.3229713356005046
\\ Dependencies 
151
1	2
1	5
1	8
1	10
2	3
2	5
2	6
2	10
3	5
3	10
5	7
5	8
5	10
6	7
6	8
7	8
8	9
11	12
11	15
11	16
11	19
12	13
12	16
12	18
12	19
12	20
13	16
13	18
13	19
14	17
15	18
15	19
16	18
17	19
19	20
21	22
21	23
21	26
21	28
22	24
22	26
22	27
22	28
23	24
23	25
23	27
23	29
24	25
24	28
26	27
26	29
28	29
30	34
30	35
30	36
30	37
31	34
31	36
31	38
31	39
32	33
32	38
33	35
33	36
33	37
34	37
34	39
34	40
35	40
36	39
37	38
39	40
41	45
41	47
41	49
41	51
42	43
42	44
42	46
42	48
42	49
43	44
43	48
44	45
44	51
45	49
45	51
45	53
46	47
46	50
46	51
46	53
47	49
47	53
48	49
49	51
49	53
50	51
51	52
51	53
52	53
54	55
54	57
54	58
55	57
55	58
55	59
55	60
55	61
55	62
56	60
56	61
58	59
58	61
58	62
60	61
61	62
63	64
63	66
63	71
63	72
64	68
64	69
64	71
65	71
65	73
66	68
66	69
66	73
67	69
67	71
67	72
67	73
68	69
68	70
69	70
69	71
70	72
70	73
74	77
74	79
74	81
74	82
75	77
75	81
75	82
76	77
76	81
78	79
78	81
79	81
