\\ machines
15
\\ max power
150
\\ Jobs in machine 1
11
J1	14	5	13	18	1.0641602360842821
J2	12	14	3	21	1.1492430338736501
J3	16	6	47	33	0.7860734697688436
J4	14	2	2	29	0.7365594083533713
J5	14	6	107	1	0.13758802042199747
J6	15	3	84	9	0.9018995521832427
J7	14	5	74	28	1.0208355176787467
J8	15	10	22	20	1.6255018087721196
J9	14	10	102	15	2.036401051246706
J10	15	6	99	29	1.646622565892021
J11	15	2	21	16	1.799242200658063
\\ Jobs in machine 2
11
J12	16	5	64	5	1.5554053181357161
J13	16	11	28	13	1.663320100532971
J14	15	12	108	9	1.777944163173434
J15	15	14	15	13	1.3878329449931308
J16	14	2	65	25	1.1067135442452531
J17	14	6	16	22	1.794608554092026
J18	15	13	106	32	1.5648238843124875
J19	16	4	9	33	1.3184288730711606
J20	15	9	27	2	1.3412993062121132
J21	13	12	28	4	1.126800763103438
J22	13	5	17	13	1.0314328989508141
\\ Jobs in machine 3
10
J23	15	6	13	10	1.8685508600623875
J24	14	3	9	35	1.5829900441563163
J25	14	10	7	21	1.2429553246586287
J26	14	9	68	26	1.3419711304262507
J27	14	12	73	6	1.1888183579354885
J28	16	10	80	22	0.869554534877797
J29	13	11	11	17	1.0062267105800582
J30	16	10	65	36	1.308896188609866
J31	15	9	46	12	1.2859536609502014
J32	15	8	8	35	0.8951497170276572
\\ Jobs in machine 4
13
J33	14	6	75	33	1.4058245655814414
J34	17	7	77	21	1.532559726651363
J35	15	2	16	10	1.0261303637140677
J36	14	2	60	5	0.33538709645717735
J37	16	7	16	27	1.4906691376478398
J38	17	11	26	13	1.3650381646558862
J39	15	11	72	26	1.7661756194810931
J40	16	3	45	7	1.5566607756832838
J41	16	7	102	29	1.1432930623928776
J42	15	2	57	28	1.6897685915475735
J43	14	5	70	18	0.5864227866541863
J44	14	12	96	10	0.8654794574651472
J45	15	10	71	29	1.4222959894917002
\\ Jobs in machine 5
11
J46	14	4	38	24	1.9437138032326136
J47	14	13	73	34	1.4273711809900467
J48	15	5	18	10	1.5538798612681402
J49	14	12	108	23	0.3416529086138279
J50	15	10	77	17	0.6165542183463156
J51	14	5	79	2	1.3194427005359208
J52	15	3	43	22	0.8570999822755936
J53	17	6	71	16	1.6658561128587523
J54	14	10	98	17	1.6821609764730414
J55	15	10	56	37	1.4334944708541082
J56	13	5	11	16	1.284435206259299
\\ Jobs in machine 6
10
J57	16	3	108	34	1.104356079576987
J58	14	3	58	12	1.6851910978747444
J59	15	1	46	1	0.8563236234522453
J60	15	13	21	15	0.907854452316085
J61	15	12	33	24	1.4967737268640386
J62	14	2	67	30	1.628824416878873
J63	13	12	54	10	0.6915099230094751
J64	15	2	74	29	2.1060609644992185
J65	14	3	81	5	0.9691571400710283
J66	14	12	33	34	1.1305766032119549
\\ Jobs in machine 7
12
J67	13	12	88	16	1.7603290505578872
J68	15	9	79	22	1.3061665250886274
J69	14	14	27	4	1.2540135644081507
J70	15	13	37	3	1.3831140787659668
J71	16	12	41	5	1.0749204794658032
J72	14	3	48	23	1.949962948022343
J73	16	9	46	1	2.5562560142083086
J74	15	9	90	11	1.6871070422527739
J75	16	6	70	28	1.5646816691178203
J76	15	13	18	8	1.5222008799207032
J77	15	8	91	6	0.5386243554700713
J78	16	13	46	3	1.1293085362863746
\\ Jobs in machine 8
10
J79	14	14	2	17	1.5253797942985081
J80	16	14	65	19	1.6110481939558325
J81	15	11	31	30	1.9337158688194975
J82	13	4	8	14	1.8341368086558625
J83	14	12	89	2	1.272376597786677
J84	15	9	108	7	1.5683726614219844
J85	14	12	77	36	0.44232437236380984
J86	14	3	61	17	0.7229513909370586
J87	13	14	49	28	1.7929231312334537
J88	14	7	95	27	1.0265403533558495
\\ Jobs in machine 9
11
J89	15	12	92	34	1.5267753594945714
J90	14	3	69	19	1.738189290747992
J91	14	5	89	16	0.7370129644089541
J92	14	4	95	8	1.7832430275320013
J93	15	11	86	8	1.9655702916865234
J94	15	11	71	37	1.4115731609460014
J95	12	8	54	34	1.39671527243521
J96	16	13	89	11	0.9086565942363222
J97	13	6	2	21	1.4523466056452556
J98	15	13	78	16	0.2816204250577794
J99	14	8	5	2	1.9324022140208323
\\ Jobs in machine 10
12
J100	14	3	43	20	1.7246295041003368
J101	13	6	86	34	1.6664462639640436
J102	13	4	88	36	0.945854528663413
J103	14	13	17	25	1.262065667345227
J104	16	10	56	13	0.33503012148999345
J105	14	14	72	12	0.7903828990222117
J106	14	5	67	33	1.167056308729958
J107	15	10	21	22	1.2771878884148906
J108	16	5	44	29	1.4294137389523203
J109	13	4	78	23	1.1259664081040337
J110	14	6	56	13	2.5325917072618496
J111	15	10	55	34	1.222212492470221
\\ Jobs in machine 11
11
J112	15	13	104	26	0.9982680782718037
J113	13	5	95	22	1.5768650737242695
J114	15	2	65	36	0.9328629187912343
J115	14	5	29	36	1.9683872765128707
J116	14	3	62	18	0.5329679694529919
J117	16	3	49	33	1.6197723292376978
J118	15	11	66	23	1.1250941339411409
J119	15	12	82	14	1.475222168708554
J120	16	12	51	6	1.0390442665220605
J121	16	9	7	32	2.1007305544482326
J122	16	4	68	35	1.3272839286357916
\\ Jobs in machine 12
12
J123	14	6	16	31	0.1
J124	15	10	74	5	0.48768376404947533
J125	15	3	26	11	1.0355592414340447
J126	15	11	106	24	2.497250365771994
J127	16	2	17	3	0.9677116858416002
J128	14	13	36	26	1.6137125777192183
J129	14	3	73	29	1.7924910925668125
J130	14	11	54	9	0.8532643929356922
J131	15	2	90	1	1.0849147020112129
J132	14	4	23	4	1.1699353546846294
J133	14	13	37	33	1.0246555362303253
J134	15	5	14	20	1.235012004421643
\\ Jobs in machine 13
13
J135	15	3	59	2	0.8012833078207584
J136	15	13	68	33	0.919648327816158
J137	13	1	46	14	1.6654469504738298
J138	16	3	36	26	0.1
J139	15	1	44	19	1.3345163398404762
J140	13	1	62	9	0.26399288971106505
J141	13	6	84	31	1.3279343229002416
J142	17	2	20	15	1.1988102756906256
J143	16	11	49	1	1.1271401441093507
J144	13	5	15	27	0.48410258270366746
J145	13	9	35	26	1.5196166789456065
J146	15	14	15	12	1.824528426441937
J147	13	13	9	9	1.1670189482751216
\\ Jobs in machine 14
12
J148	15	11	12	5	1.5602684463990848
J149	13	3	8	7	1.144181357386493
J150	14	13	12	20	1.4914336118324574
J151	15	2	73	17	1.1182625101882424
J152	14	1	84	19	1.3428173010786055
J153	14	10	54	7	0.5521211733041447
J154	17	5	53	24	1.4439735674410317
J155	15	11	64	28	1.2918503737646414
J156	15	2	5	21	0.7104510982050231
J157	15	11	93	17	0.6891092536860173
J158	14	9	43	3	0.8732881146962368
J159	14	1	13	37	1.4699863270628546
\\ Jobs in machine 15
11
J160	15	11	78	5	0.5379057514528444
J161	15	14	96	35	1.1561923158614942
J162	13	14	5	12	1.2420818365829402
J163	13	5	42	29	1.047907612409203
J164	16	12	29	5	1.3925475217096392
J165	15	14	29	2	1.0880552614863208
J166	15	9	103	17	0.8199404901221938
J167	15	10	44	5	1.5663328647236194
J168	14	6	89	23	1.4512085625959918
J169	14	11	93	33	1.0368433190661333
J170	14	6	66	16	1.1341888279837733
\\ Dependencies 
375
1	2
1	6
1	10
1	11
2	5
2	6
2	11
3	6
3	9
3	10
4	11
5	8
5	9
6	9
6	11
7	8
7	10
12	13
12	15
12	16
12	17
12	21
12	22
13	15
13	18
13	21
13	22
14	16
14	17
14	19
14	20
14	22
15	17
15	20
16	17
16	20
18	21
19	20
19	21
20	21
23	24
23	27
23	28
23	32
24	25
24	28
25	31
25	32
26	28
26	31
27	30
28	30
29	30
31	32
33	34
33	38
33	40
33	41
33	44
34	36
34	38
34	39
34	40
34	42
34	43
35	36
35	39
35	43
36	37
36	38
36	40
36	41
36	43
36	44
37	38
37	39
37	41
38	39
38	40
38	42
38	44
38	45
39	40
39	43
39	44
39	45
40	45
42	43
43	45
44	45
46	48
46	51
46	55
47	51
47	54
47	56
48	55
48	56
49	51
49	52
49	53
49	54
49	55
49	56
50	52
50	53
50	54
50	55
51	53
51	54
51	55
52	53
52	54
52	55
53	54
54	55
57	58
57	59
57	62
57	64
57	65
57	66
58	59
58	61
58	64
59	65
60	61
60	64
60	65
61	62
62	63
62	64
64	65
64	66
65	66
67	68
67	69
67	70
67	72
67	73
67	74
67	77
68	72
68	74
68	76
68	77
68	78
69	70
69	71
69	72
69	75
69	77
70	73
70	78
71	74
71	77
72	74
72	77
73	74
73	76
73	78
74	76
75	76
75	77
77	78
79	82
79	84
79	85
79	87
80	85
80	88
81	87
83	84
83	86
84	88
85	86
85	88
86	87
89	90
89	91
89	92
89	93
89	95
89	96
89	99
90	96
90	97
90	98
90	99
91	92
91	93
91	94
91	99
92	93
92	96
92	97
92	99
93	95
95	96
95	97
96	99
97	98
100	105
100	106
100	107
100	109
100	110
101	104
101	105
101	106
101	108
101	109
101	111
102	105
102	107
102	108
102	109
102	111
103	104
103	105
103	107
104	109
104	110
104	111
105	106
105	107
105	110
106	107
106	108
106	110
107	109
107	111
108	110
109	111
110	111
112	116
112	118
112	120
112	121
113	115
113	121
114	116
114	118
114	119
115	116
115	117
115	120
115	122
116	117
116	119
116	120
116	121
117	119
117	121
118	119
119	121
120	122
123	126
123	128
123	131
123	134
124	126
124	130
124	131
124	132
124	133
124	134
125	128
125	131
125	132
125	134
126	130
126	131
126	133
126	134
127	128
127	133
128	130
128	132
128	133
128	134
129	130
129	131
129	132
129	133
130	133
130	134
135	136
135	137
135	139
135	140
135	141
135	143
135	145
136	138
136	139
136	143
136	144
136	145
136	147
137	139
137	143
137	147
138	139
138	142
138	143
138	146
138	147
139	141
139	143
139	146
140	145
140	146
141	145
141	146
142	146
143	144
143	147
144	146
144	147
145	147
146	147
148	149
148	150
148	151
148	157
149	150
149	152
149	156
150	153
150	155
150	156
150	157
150	158
151	152
151	154
151	157
151	158
152	154
152	159
153	154
153	155
153	158
153	159
154	155
154	157
154	158
155	156
155	157
155	159
156	157
156	158
160	165
160	167
160	168
160	169
160	170
161	163
161	165
161	166
161	167
161	168
162	165
162	168
163	165
163	166
163	170
164	165
165	167
167	168
167	169
167	170
168	169
168	170
169	170
