\\ machines
15
\\ max power
150
\\ Jobs in machine 1
10
J1	14	14	107	24	1.660296103210119
J2	14	2	56	27	1.0369525861127393
J3	15	6	46	21	1.5846679483302901
J4	14	1	12	34	1.2389456774860614
J5	15	13	91	29	1.1499125422230747
J6	13	11	54	60	0.6171812578253739
J7	15	1	11	4	1.1889570869416242
J8	14	10	90	38	2.094216353258129
J9	15	1	39	68	1.7907157869702568
J10	14	7	92	19	0.8092510711342691
\\ Jobs in machine 2
12
J11	12	13	58	27	0.7660015182848937
J12	15	11	107	26	1.3857628357832692
J13	15	1	79	2	1.7685363163569905
J14	15	7	46	27	1.2608048952369553
J15	14	6	38	38	1.3434360522953432
J16	14	14	83	40	2.0737350906094085
J17	14	8	53	59	1.3755346249290614
J18	15	8	98	19	0.9659528289754752
J19	15	9	40	1	1.4238402867271551
J20	14	4	99	19	0.588007045795043
J21	15	1	95	47	0.7522114901234601
J22	15	7	28	50	1.2414593564933651
\\ Jobs in machine 3
11
J23	13	13	13	48	0.9853387898803719
J24	15	10	110	35	0.1
J25	14	13	3	21	0.7327862018576062
J26	13	5	17	65	0.6987422833760838
J27	14	9	20	36	1.0327131683879487
J28	14	5	9	36	1.2531176791805414
J29	15	11	28	18	0.9065963691610797
J30	14	10	18	31	0.776493481708316
J31	14	13	89	71	1.3481848656438473
J32	14	2	74	14	1.9935609732524222
J33	16	13	10	73	1.5855779000174821
\\ Jobs in machine 4
11
J34	14	14	84	2	0.8723004976971962
J35	14	12	14	46	0.556934778439888
J36	14	6	57	54	0.6310400529868206
J37	13	9	85	68	0.9494632874774709
J38	14	8	28	21	1.0974903760552088
J39	16	3	43	10	0.8475970167666977
J40	14	9	80	45	0.8789825696611002
J41	14	1	74	22	0.8242909362500663
J42	14	13	85	19	1.588716439344354
J43	13	2	72	72	1.1725940218225943
J44	14	1	17	24	1.304555726373895
\\ Jobs in machine 5
11
J45	15	14	7	64	1.0211124737682418
J46	17	9	85	54	1.7561432106188777
J47	16	8	63	49	0.7892325193228487
J48	15	11	3	38	0.40365146613184244
J49	15	3	25	70	1.5865847991113602
J50	16	6	10	11	1.625176971366276
J51	14	3	40	38	0.5615589636621198
J52	17	5	34	73	1.0786678550350282
J53	14	13	21	19	0.1
J54	14	7	18	12	1.7182936696580748
J55	16	14	13	29	0.7905834626527167
\\ Jobs in machine 6
13
J56	14	5	64	65	2.1755229939853744
J57	15	1	64	17	1.8323078517653633
J58	15	14	61	8	1.1921693200536365
J59	15	10	31	32	0.9381668361130164
J60	16	3	99	7	0.6959321050770143
J61	15	1	69	5	1.1266151634525337
J62	15	2	71	43	1.3244320421273712
J63	14	13	52	52	1.8821922958051136
J64	15	3	70	27	1.1683428836076117
J65	13	9	105	14	1.2850135608977362
J66	15	5	29	22	1.2871640899591166
J67	13	5	14	53	1.453485065154676
J68	16	2	89	18	1.4496021470652973
\\ Jobs in machine 7
11
J69	15	14	9	47	1.8175743668129156
J70	13	8	23	11	2.0049734127653074
J71	15	13	57	58	1.4535936293297598
J72	13	12	46	19	1.6861757890632803
J73	14	3	16	29	1.34087977839814
J74	13	11	78	48	1.0764082130854937
J75	15	1	73	75	1.5235617171497735
J76	14	11	84	58	0.6671706804339338
J77	13	5	103	60	1.346888498793782
J78	14	5	3	8	1.635348031108836
J79	13	2	34	24	2.0232407153253917
\\ Jobs in machine 8
11
J80	14	13	107	26	1.822311228307919
J81	14	8	109	7	1.0866159139570317
J82	14	6	20	55	1.0523972511921018
J83	15	5	5	35	0.903389200579851
J84	14	8	61	33	1.1434249942901011
J85	14	14	108	55	1.0552758667771336
J86	14	4	62	10	1.7485858750558076
J87	14	7	110	49	1.5223147426804515
J88	12	8	25	6	0.9012803608640733
J89	15	11	103	18	0.426578552452787
J90	14	10	16	75	0.8350799141881785
\\ Jobs in machine 9
11
J91	14	14	72	12	1.0446474861199888
J92	13	6	13	27	1.124686094911949
J93	13	11	76	21	1.151882344472598
J94	15	2	60	73	1.3720126228995153
J95	15	7	9	32	1.5460970368544724
J96	13	12	98	35	0.6667526546234074
J97	12	5	91	51	1.2159094785421023
J98	13	8	77	38	1.3040136217139184
J99	15	2	56	33	1.5579659033815578
J100	14	8	70	5	0.1
J101	18	8	59	63	1.0035505841123622
\\ Jobs in machine 10
12
J102	16	12	45	46	0.7025912224497121
J103	16	13	37	18	1.6249107019997382
J104	13	8	6	6	1.4331435584121108
J105	17	6	78	62	1.42831208870426
J106	15	12	25	6	0.7967138889046458
J107	16	13	80	13	1.2787614141992503
J108	13	8	8	14	1.6420596086479882
J109	14	6	31	45	1.6520817418266847
J110	13	8	64	36	1.9131503977313908
J111	13	8	80	24	0.8316910047412711
J112	13	3	66	69	0.671458198457554
J113	14	11	31	69	1.081789621506865
\\ Jobs in machine 11
11
J114	14	6	84	28	1.0012698740431294
J115	14	4	40	61	0.7428339473324156
J116	15	2	93	67	1.2607626755944359
J117	16	9	99	14	0.6344975158916198
J118	15	3	28	3	1.5061516731350753
J119	15	3	8	54	1.122190531302817
J120	16	13	102	20	1.892396046665275
J121	14	14	56	17	1.6329882011951495
J122	16	3	30	66	1.4554691777996878
J123	16	7	109	21	1.547649558446806
J124	14	7	91	24	1.6912790144675052
\\ Jobs in machine 12
12
J125	16	14	62	3	0.7350119880724065
J126	14	12	59	46	1.4576332129137242
J127	15	4	49	30	1.2386127643262619
J128	15	4	37	65	0.46625806453783425
J129	15	3	6	60	2.152788210321339
J130	14	2	4	69	0.7051896232735962
J131	14	12	102	22	1.4689060261839506
J132	15	6	71	33	0.9708456545707885
J133	13	12	102	9	2.1522027906791337
J134	13	4	77	47	2.0202655124463007
J135	12	10	14	43	0.5379591603808824
J136	15	8	46	8	0.5792025612353551
\\ Jobs in machine 13
10
J137	14	3	39	64	0.7451281360536017
J138	14	11	69	72	1.5484623972112965
J139	14	11	24	2	1.12931486641861
J140	14	9	23	32	1.1126922820406624
J141	13	5	84	19	1.0449431038134676
J142	13	4	61	74	1.7136704607833215
J143	12	6	68	64	1.1344123825246424
J144	15	7	56	20	1.2258988400389461
J145	13	14	38	50	1.7125208023575706
J146	17	13	92	42	1.3670628731505707
\\ Jobs in machine 14
10
J147	15	11	14	67	1.451647242007021
J148	15	14	57	44	1.5420850391202485
J149	13	12	93	5	1.4295926884295553
J150	14	3	78	11	0.9247253695755262
J151	14	2	79	65	1.8269081749161016
J152	16	9	10	32	0.5576294481179863
J153	14	14	23	21	2.06069505837254
J154	15	5	60	40	1.324044422308007
J155	14	11	66	31	1.2320789444892442
J156	15	8	46	47	1.2838245508999129
\\ Jobs in machine 15
9
J157	14	14	7	9	0.9403586299088178
J158	15	12	80	58	0.8582758706420408
J159	15	8	78	23	1.5647705721328011
J160	15	7	24	73	0.8481656730136504
J161	14	9	70	55	1.2090020136090152
J162	14	11	25	37	1.1294432902928688
J163	16	3	64	57	1.164766631815345
J164	14	2	17	30	0.554335738246692
J165	17	3	73	9	1.0858168128325014
\\ Dependencies 
315
1	2
1	7
1	9
1	10
2	3
2	9
2	10
3	6
3	7
3	8
3	10
5	6
5	9
6	9
7	8
8	9
8	10
9	10
11	12
11	13
11	14
11	15
11	16
11	18
11	19
11	21
12	13
12	17
12	19
12	20
12	22
13	15
13	21
14	17
15	20
16	18
16	20
17	18
19	20
20	22
23	25
23	32
23	33
24	27
24	32
25	29
25	32
26	30
26	31
26	32
27	28
27	31
28	29
29	30
30	31
31	32
34	38
34	39
34	44
35	39
35	41
35	42
35	43
36	41
36	43
36	44
37	38
37	41
37	42
37	44
38	44
39	42
39	43
40	42
41	42
41	43
42	44
45	46
45	49
45	52
45	54
46	47
46	48
46	49
46	51
46	53
46	54
47	54
49	50
49	54
50	54
51	53
51	54
52	53
52	55
53	55
56	57
56	59
56	60
57	59
57	61
57	62
57	65
57	66
57	67
58	64
58	68
59	61
59	62
59	63
59	64
59	65
60	64
61	66
61	68
62	67
63	67
64	66
65	67
66	67
69	74
69	78
70	71
70	72
70	78
71	75
71	78
71	79
72	73
72	77
73	75
73	76
73	78
73	79
74	75
74	76
74	78
75	78
75	79
76	79
77	79
80	81
80	82
80	83
80	89
81	86
81	88
81	90
82	83
82	84
82	85
82	87
82	88
82	90
83	85
83	86
84	89
84	90
85	89
86	88
86	90
87	88
87	90
91	92
91	93
91	95
91	96
91	97
91	98
91	100
92	96
92	99
92	101
93	94
93	100
94	97
94	100
95	96
95	97
95	98
96	100
97	99
97	101
98	99
99	100
99	101
100	101
102	105
102	108
102	109
102	112
103	104
103	105
103	106
103	107
103	110
103	111
103	112
103	113
104	109
104	112
104	113
105	108
105	110
105	111
105	112
106	107
106	111
106	112
107	108
107	112
108	109
108	110
108	113
109	111
109	112
109	113
110	112
110	113
111	112
112	113
114	115
114	116
114	117
114	118
114	122
115	121
115	123
116	117
116	119
116	120
116	122
116	124
117	119
117	123
118	119
118	121
118	122
120	121
120	122
120	124
121	122
121	123
123	124
125	128
125	129
126	132
126	133
126	134
126	135
127	129
127	130
127	131
127	133
127	135
128	131
128	134
128	135
128	136
129	130
129	133
130	131
130	132
130	133
130	135
131	134
132	135
132	136
134	135
135	136
137	138
137	141
137	143
137	145
138	141
138	144
139	140
139	141
139	144
139	146
140	141
140	142
140	146
141	143
142	143
142	144
142	146
144	146
147	149
147	154
148	149
148	150
148	154
149	150
149	153
150	154
151	154
153	154
153	156
154	155
154	156
157	159
157	160
157	164
158	160
158	163
158	164
159	164
159	165
160	162
160	165
161	165
163	164
163	165
164	165
