\\ machines
12
\\ max power
120
\\ Jobs in machine 1
13
J1	13	5	70	27	0.6279579412376539
J2	16	11	68	30	1.1566681018794254
J3	15	1	29	13	0.6979997690127443
J4	15	14	11	6	1.717176561135677
J5	14	9	8	10	0.6491654943763799
J6	13	11	5	26	1.191189677341196
J7	16	2	59	5	1.6388131627710718
J8	13	8	99	24	1.4232461664908067
J9	16	7	66	25	1.9481962154011139
J10	14	1	63	10	1.6251863254833527
J11	15	11	50	28	1.4080988064396143
J12	15	5	104	22	1.1789714146586177
J13	14	10	86	29	0.3440054967658531
\\ Jobs in machine 2
10
J14	13	6	110	28	1.0370498993936619
J15	16	7	84	30	1.016240183569199
J16	13	2	6	29	1.237239093401754
J17	15	5	96	17	0.9970229177524983
J18	14	7	94	30	1.0823813388931975
J19	15	11	74	20	1.1981411803915554
J20	14	3	4	28	1.220453362247798
J21	14	3	56	3	1.2493066023392976
J22	15	1	52	10	1.3608730694792426
J23	13	3	17	3	1.7604500695336858
\\ Jobs in machine 3
10
J24	15	12	72	7	1.0829478702842394
J25	15	6	107	19	0.7786216342232313
J26	12	9	8	19	1.2303883122574153
J27	15	1	88	19	1.5691115286057462
J28	15	9	43	2	1.185879495335052
J29	17	3	23	21	1.594115679631835
J30	14	9	92	18	1.1179617460039442
J31	15	6	74	17	0.1
J32	13	7	83	1	0.8670062730894565
J33	15	8	88	3	1.3661603545382015
\\ Jobs in machine 4
10
J34	14	7	60	3	0.9685068318639788
J35	15	3	107	22	0.8343677031646625
J36	13	4	35	19	1.1155917912327877
J37	13	1	85	10	0.5753936416538299
J38	15	11	76	14	0.7211290095397171
J39	15	13	52	23	1.3834864306398984
J40	15	1	71	12	0.876074416791388
J41	16	8	35	25	1.2610375488884695
J42	13	4	100	17	1.5592520539061563
J43	14	11	3	29	1.0820750790191231
\\ Jobs in machine 5
11
J44	16	14	22	6	2.09093283837986
J45	15	13	34	4	0.7679374341477581
J46	14	1	23	22	1.115847583786715
J47	16	13	8	17	1.5123744371788956
J48	14	5	108	6	0.6576249368335807
J49	16	4	101	5	0.451225537346142
J50	15	8	57	8	1.801327060166067
J51	15	1	63	23	1.0975465946608836
J52	14	13	66	21	1.5403500205608465
J53	14	10	11	30	0.8261409221882785
J54	15	1	19	15	1.0957035335046574
\\ Jobs in machine 6
9
J55	15	2	97	21	1.8518283429352105
J56	14	6	67	30	1.3422545450953847
J57	15	7	49	13	1.9304044595167968
J58	15	11	78	6	1.368331299900157
J59	12	11	40	26	1.8116388597909403
J60	16	14	76	19	1.45335698406286
J61	15	7	94	27	1.3368816754995412
J62	15	9	34	10	0.9521106170508408
J63	13	13	66	15	1.630939147541707
\\ Jobs in machine 7
11
J64	14	2	12	11	0.775518922635204
J65	14	6	52	29	0.7174007189716083
J66	15	4	7	29	1.1168699566366191
J67	15	10	28	1	2.1387192506399146
J68	15	8	21	1	0.12984108726137644
J69	16	1	22	10	0.8215203023458872
J70	14	11	96	6	1.5060485142042925
J71	14	7	4	10	1.5719472083147212
J72	13	7	107	10	1.0667925328358945
J73	16	10	35	3	1.03766427556832
J74	13	4	102	16	1.5838480469650853
\\ Jobs in machine 8
10
J75	15	6	103	26	1.5104993096335275
J76	15	14	67	25	1.7257747823361371
J77	14	10	102	19	0.8881781916122733
J78	13	1	66	19	1.2159229394074493
J79	15	5	81	17	0.9807473866083319
J80	15	6	20	3	1.8403707420105366
J81	14	14	82	17	0.5572949993585578
J82	16	11	84	25	1.6951694472352203
J83	15	10	7	30	1.885344549483104
J84	15	11	42	5	1.0029809263896092
\\ Jobs in machine 9
11
J85	14	13	73	16	2.098088703685853
J86	15	1	30	2	0.824145078450478
J87	15	13	44	4	1.164650386253147
J88	15	2	52	1	0.4009102440461151
J89	13	14	12	1	1.2056702413072997
J90	17	4	47	27	1.5383528351223497
J91	13	7	52	27	0.670190750166928
J92	13	10	15	22	1.219223951896722
J93	15	14	15	5	1.608235177835999
J94	16	5	89	13	0.27819330414796084
J95	16	9	100	13	1.6708397712729721
\\ Jobs in machine 10
12
J96	13	13	61	25	1.4339634815107214
J97	15	14	74	22	1.1036852751261186
J98	15	1	9	25	0.6769342157037239
J99	14	6	107	7	0.13366024233623586
J100	13	2	46	6	0.5156598699110408
J101	16	4	82	24	1.259982522231639
J102	16	2	81	22	1.6428708892459514
J103	15	13	67	4	1.0634236460222872
J104	16	13	40	5	1.1193074538198011
J105	14	13	49	10	0.9040256159654433
J106	14	7	48	28	1.2081882892269165
J107	15	4	92	14	0.8653121768440115
\\ Jobs in machine 11
12
J108	14	3	44	25	0.6897581352961712
J109	12	5	54	23	1.8653189793516352
J110	14	5	97	19	1.2530062551792664
J111	13	3	87	24	1.405510524067169
J112	14	9	100	11	0.8666176284550172
J113	16	12	73	13	2.295554216524139
J114	15	14	42	17	1.135515218219397
J115	14	7	47	21	0.5791553733810271
J116	15	7	70	20	1.4430411511947598
J117	14	10	52	19	1.1517160351909221
J118	15	14	61	3	1.11824491300965
J119	12	12	54	20	0.1
\\ Jobs in machine 12
12
J120	14	7	23	26	0.9667550516763339
J121	15	3	99	29	0.9063898714780523
J122	14	9	50	6	1.8070222907448046
J123	13	9	21	14	1.6586037725592366
J124	14	3	107	26	1.6832412773956738
J125	15	4	23	26	1.1489443563151076
J126	16	7	86	15	0.8737017348099967
J127	17	2	65	19	1.4797055598431816
J128	15	14	78	18	0.809344794733599
J129	15	12	57	20	1.822820315529376
J130	15	6	9	15	1.3006816768847451
J131	13	5	66	27	0.9817974377109782
\\ Dependencies 
278
1	2
1	3
1	6
1	10
1	12
2	8
2	13
3	5
3	7
3	9
3	10
4	5
4	6
4	9
4	10
4	12
4	13
5	7
5	8
5	13
6	7
6	8
6	13
7	8
7	10
7	11
7	12
8	10
8	13
9	11
10	12
11	13
14	15
14	23
15	19
15	20
15	21
15	22
16	18
16	19
16	20
16	21
16	22
16	23
17	18
17	21
18	19
18	21
18	22
19	20
19	21
20	21
24	26
24	28
24	31
24	32
25	26
25	27
25	30
25	32
26	29
26	32
26	33
27	28
27	29
27	30
27	32
28	30
28	31
30	32
30	33
31	32
32	33
34	37
34	39
35	36
35	38
35	39
35	40
35	42
36	38
36	40
36	41
36	42
36	43
37	38
37	40
37	42
37	43
39	40
39	41
40	42
42	43
44	50
44	51
44	53
44	54
45	49
45	50
45	51
45	54
46	47
46	50
46	52
46	53
47	48
47	52
47	53
48	53
49	54
50	51
51	52
51	54
55	56
55	61
55	63
56	61
56	62
57	61
57	62
58	60
58	62
59	62
59	63
60	61
64	65
64	66
64	67
64	70
64	74
65	66
65	67
65	73
66	67
66	69
66	70
66	71
66	72
66	74
67	71
68	70
68	73
69	72
69	73
69	74
70	71
70	73
71	73
73	74
75	76
75	79
75	81
75	83
76	77
76	79
76	81
76	82
76	83
77	78
77	79
77	81
77	82
77	83
77	84
78	80
78	81
79	80
79	82
79	84
80	82
83	84
85	86
85	88
85	89
85	93
85	94
85	95
86	87
86	88
86	89
86	95
87	90
87	91
87	95
88	90
88	92
88	93
88	95
89	91
90	93
90	95
91	92
91	94
91	95
92	93
92	94
92	95
94	95
96	97
96	101
96	102
96	104
96	106
97	99
97	100
97	103
97	105
97	106
97	107
98	99
98	101
98	102
98	107
99	100
99	101
99	102
99	105
99	107
100	101
100	104
101	107
102	105
102	106
103	105
104	105
104	106
104	107
108	116
108	117
108	118
109	110
109	111
109	112
109	113
109	115
109	116
110	112
110	114
110	115
110	116
110	118
110	119
111	116
111	117
111	119
112	113
112	114
112	116
112	117
112	118
113	117
113	118
114	117
114	118
115	117
117	119
120	121
120	129
120	130
121	122
121	123
121	124
121	126
121	131
122	123
122	124
122	125
122	128
122	130
123	124
123	129
124	125
124	128
125	127
126	129
126	130
126	131
127	129
