\\ machines
9
\\ max power
90
\\ Jobs in machine 1
12
J1	17	8	65	22	1.6507891014702434
J2	16	14	18	43	1.9216856738426102
J3	15	4	67	18	0.9561762565878683
J4	13	10	50	42	1.0968276477710759
J5	14	6	22	4	1.4295221391246427
J6	14	1	12	13	1.2924479728698035
J7	14	6	66	41	1.0565995127345733
J8	14	2	45	22	0.5850034122487634
J9	15	5	49	7	1.4798377866970427
J10	15	1	10	35	1.1502193394462603
J11	14	13	78	23	1.534126964858209
J12	16	12	47	30	1.5415439502457418
\\ Jobs in machine 2
9
J13	13	4	42	23	0.7986294799003661
J14	15	4	98	9	0.8962439429156859
J15	16	12	22	3	1.1449630512068845
J16	15	11	27	6	0.9466795002968904
J17	15	2	3	6	1.2451655154386312
J18	15	9	105	36	0.7965323560367759
J19	13	13	34	39	0.8183644330107877
J20	12	8	98	36	1.7960705698360209
J21	13	11	8	20	1.5090577990492478
\\ Jobs in machine 3
12
J22	16	6	45	1	0.9648496178609807
J23	15	1	22	44	0.1
J24	13	6	19	40	1.6722334132876595
J25	13	7	5	30	0.2900108950357596
J26	14	14	99	24	0.8718866088326551
J27	14	10	55	28	1.5051640285735886
J28	15	9	36	18	1.8538868579894543
J29	14	5	99	4	1.9304484053798778
J30	15	1	81	26	0.5633109418743415
J31	15	1	45	2	0.9861005746831317
J32	16	6	5	5	1.725480132499342
J33	14	9	108	37	1.1409239675814358
\\ Jobs in machine 4
10
J34	15	11	40	31	1.9279616564330926
J35	14	3	50	16	2.079890454804713
J36	17	13	71	43	0.4144310641058667
J37	13	3	7	12	1.6437167469391474
J38	14	4	57	38	1.238113397203115
J39	15	8	14	44	1.960805897527221
J40	15	8	49	33	1.464091625005836
J41	14	2	57	7	2.564841965984477
J42	13	12	28	23	1.1896837753800522
J43	13	10	102	20	1.6039964708748542
\\ Jobs in machine 5
11
J44	14	10	39	30	1.5439118088932813
J45	16	11	48	23	2.1882563451007084
J46	17	5	41	8	0.9801080341531848
J47	15	5	100	16	0.7194287286778192
J48	15	1	110	11	1.6290980283437393
J49	13	7	36	14	0.8042815832343454
J50	14	5	44	23	2.0815410166802275
J51	15	5	77	23	1.5221472186900677
J52	14	6	5	30	1.4862128119217075
J53	14	12	46	24	1.627427544882526
J54	15	1	108	5	1.4380605563086584
\\ Jobs in machine 6
12
J55	17	8	107	43	0.4150448413130372
J56	14	8	83	30	1.0396968478527753
J57	15	2	96	27	0.8708249327208111
J58	15	8	14	34	0.9227524150614719
J59	13	10	41	33	1.3530590472200268
J60	15	2	55	20	1.381466979919797
J61	15	10	88	38	0.8830595125090276
J62	14	4	26	10	1.1309330122063599
J63	14	5	22	43	0.6465530327150341
J64	14	4	107	26	1.357152129967507
J65	14	9	24	11	1.2806792116745558
J66	15	7	102	12	0.4451380535264231
\\ Jobs in machine 7
9
J67	14	2	86	44	0.954868061371772
J68	15	3	7	22	0.6442506022290869
J69	13	2	68	17	0.6804200488048516
J70	13	14	21	13	2.064911590991806
J71	12	5	80	13	1.083070888118107
J72	15	2	51	25	1.136616339205752
J73	15	14	107	41	0.3519297799339749
J74	15	3	78	3	0.1327582274569885
J75	14	1	7	23	1.2334483847459576
\\ Jobs in machine 8
12
J76	15	5	90	36	1.6064982744580218
J77	12	11	106	1	0.7493635368308486
J78	14	11	61	4	0.9605966058782857
J79	15	4	101	9	1.4836701186057208
J80	14	12	82	35	1.9283900050724592
J81	13	5	69	4	1.2263650684346576
J82	15	3	36	3	1.323225515757548
J83	14	2	27	37	1.45418493587747
J84	15	1	65	44	0.6805745319832177
J85	13	10	53	32	1.0104428330898525
J86	13	4	84	26	0.7234972074921049
J87	13	5	71	39	0.9688627877119427
\\ Jobs in machine 9
11
J88	15	5	84	12	1.200923590184404
J89	13	4	110	8	1.6048692679441752
J90	16	11	65	44	1.7558611386510785
J91	16	6	91	1	0.8485275972244171
J92	16	1	26	26	0.3269419516186235
J93	13	14	25	37	1.3487919046285168
J94	15	12	3	21	1.858604501858525
J95	13	6	40	26	0.541737068296465
J96	15	10	58	27	0.8791601226427836
J97	14	2	19	7	1.6145178046488398
J98	16	4	10	38	1.2727411321620188
\\ Dependencies 
228
1	2
1	4
1	9
1	11
2	4
2	8
2	10
2	12
3	5
3	10
3	11
3	12
5	7
5	8
5	9
6	7
6	8
6	10
6	11
7	8
7	9
7	10
7	11
9	10
10	12
11	12
13	18
14	15
14	17
14	19
14	20
15	16
15	17
15	18
16	17
16	18
16	20
16	21
17	21
18	19
18	21
19	21
20	21
22	24
22	26
22	27
22	29
23	25
23	28
23	32
23	33
24	27
24	28
24	33
25	26
25	28
25	29
25	32
25	33
26	27
26	29
26	31
26	33
27	29
27	30
27	33
28	31
28	32
28	33
29	31
30	31
30	32
30	33
31	32
34	35
34	39
34	40
34	43
35	36
35	38
35	42
35	43
36	38
37	38
37	41
37	43
38	40
38	41
39	42
40	41
41	42
41	43
42	43
44	46
44	47
44	50
44	51
44	54
45	46
45	47
45	48
45	49
45	50
45	51
45	54
46	52
46	53
46	54
47	48
47	49
47	51
48	49
48	50
48	51
48	52
49	52
50	53
51	54
52	53
55	58
55	63
56	57
56	58
56	59
56	63
56	65
56	66
57	59
57	60
57	61
57	62
57	63
57	64
58	60
58	62
58	64
58	65
58	66
59	60
59	62
59	65
59	66
60	61
60	62
60	63
60	65
60	66
61	62
61	64
61	65
62	63
62	64
62	66
63	65
67	70
67	73
67	75
68	69
68	71
68	73
69	71
69	72
69	73
70	72
70	73
70	74
70	75
71	73
71	74
72	73
72	74
74	75
76	77
76	78
76	79
76	83
76	85
76	86
77	78
77	81
77	83
77	85
78	79
78	80
78	82
78	86
79	80
79	81
79	84
79	86
79	87
80	82
80	87
81	85
81	87
82	83
82	84
82	86
83	84
83	85
83	86
83	87
84	86
84	87
85	87
88	90
88	93
88	97
88	98
89	91
89	93
89	94
89	96
90	91
90	93
90	94
90	95
91	92
91	93
91	96
91	97
91	98
92	94
93	96
93	98
94	96
95	96
96	97
