\\ machines
7
\\ max power
70
\\ Jobs in machine 1
11
J1	16	3	84	8	0.4675639055596337
J2	16	4	30	10	1.0507096860536382
J3	13	2	75	5	0.9911887316288025
J4	15	8	82	46	1.7330796467326435
J5	14	14	89	15	1.8113057032771964
J6	14	8	96	7	1.6876048034012585
J7	14	11	86	13	1.8808397790053557
J8	15	9	87	46	1.2665696868422602
J9	13	9	80	47	0.7927775408753439
J10	14	2	96	44	1.5764671411244886
J11	14	1	109	35	0.5776543821412715
\\ Jobs in machine 2
11
J12	16	6	85	30	0.1239628662789285
J13	16	6	56	6	1.547330691634057
J14	15	14	53	8	0.6366423536149234
J15	14	3	78	1	2.1944247402661774
J16	14	4	54	21	1.043001859995077
J17	14	4	61	29	0.34829588839696246
J18	14	10	89	49	2.5721651984345844
J19	15	8	89	29	1.2456940144641229
J20	15	2	100	4	1.175533320508211
J21	15	9	28	20	1.6210865099962797
J22	14	1	80	11	1.0879394704802396
\\ Jobs in machine 3
13
J23	13	8	14	23	1.0718014351415615
J24	14	6	9	23	2.3210283293674734
J25	14	12	87	6	0.747714821875337
J26	16	7	67	39	1.7352685592730954
J27	15	13	30	15	1.3933937903719464
J28	16	7	76	30	1.9950218546370042
J29	15	5	108	30	1.2911168995212465
J30	14	8	45	47	1.050915089709536
J31	14	13	92	13	0.9673685452508982
J32	16	3	77	34	1.2861719126487836
J33	13	1	80	13	1.7972802440917244
J34	17	6	6	22	0.46716165617769234
J35	16	2	53	50	0.8705623486908987
\\ Jobs in machine 4
11
J36	14	11	45	28	0.39827259492356526
J37	15	13	38	39	0.1
J38	14	4	70	31	0.7694848974061685
J39	15	10	3	46	1.0593523981872979
J40	14	12	87	34	2.1935553649633395
J41	14	4	3	7	0.8614213059064777
J42	14	9	62	30	0.6882030266020713
J43	13	2	10	52	0.8756682175930237
J44	17	5	83	5	0.33496553697029874
J45	14	4	20	16	1.1937022851580945
J46	14	5	70	42	0.9635315898626908
\\ Jobs in machine 5
9
J47	13	1	63	39	1.1655397472575322
J48	15	6	14	1	1.3228183194249972
J49	16	4	64	4	1.5928717626097186
J50	14	5	99	22	0.430420145236886
J51	15	12	105	29	0.9620584670335072
J52	15	13	28	39	1.6200371579629316
J53	13	8	36	19	2.1544274889722894
J54	14	2	80	17	0.6961882453844079
J55	15	10	63	6	0.5558006993395487
\\ Jobs in machine 6
10
J56	15	13	84	4	1.3525660179294288
J57	16	7	100	43	1.5580563760122328
J58	14	11	82	32	1.3712053815792684
J59	16	8	17	12	0.6859178874798901
J60	16	13	74	22	0.8509049709711586
J61	13	10	29	44	1.5255057390748208
J62	12	13	14	42	2.4134167356868685
J63	14	14	82	45	0.8339164848796432
J64	14	7	63	43	1.0946463157122805
J65	15	6	99	21	1.255970899896485
\\ Jobs in machine 7
13
J66	16	10	100	50	0.839710075551307
J67	15	13	17	4	0.46988914127373627
J68	14	5	24	42	1.188808711286304
J69	15	12	16	11	1.2265386945560781
J70	13	10	16	34	1.304936771164713
J71	14	13	25	8	0.6253359519189946
J72	14	9	44	14	1.8041269007530785
J73	15	6	79	22	1.1410802226580665
J74	16	11	90	37	1.3039489966027114
J75	14	8	71	45	0.7640190161366411
J76	14	5	104	22	1.0705442016485158
J77	15	9	108	30	0.350321867604274
J78	14	5	47	51	1.5565286342816969
\\ Dependencies 
36
1	5
2	3
3	9
8	11
12	16
12	20
14	18
14	20
15	18
17	19
17	22
21	22
23	27
24	26
25	27
36	38
37	43
38	39
47	49
47	54
57	62
58	64
59	63
61	63
61	65
62	65
66	73
66	76
67	76
68	75
68	78
71	72
71	76
74	76
76	78
77	78
