\\ machines
3
\\ max power
30
\\ Jobs in machine 1
12
J1	13	6	30	4	0.47643843678631714
J2	15	5	53	5	1.6966248517675986
J3	14	4	84	5	1.1965111938493451
J4	17	14	90	7	0.9015186259571489
J5	16	13	76	4	1.6303080473148885
J6	15	9	101	8	0.20923346022335787
J7	15	4	89	5	1.9943666428939455
J8	15	6	91	6	1.783245069119267
J9	15	13	28	3	1.4235948433384347
J10	14	8	28	8	1.378750024182206
J11	13	2	36	4	1.4192053659871968
J12	14	8	79	5	1.4456467746537138
\\ Jobs in machine 2
10
J13	15	12	104	1	1.4414381979854747
J14	14	4	26	5	1.3042202182441451
J15	14	8	6	1	1.4547470499663924
J16	15	6	81	7	1.1753757410832053
J17	15	10	107	1	1.0506889046257986
J18	14	5	29	5	0.3358245380343845
J19	14	7	46	5	1.309902557209852
J20	14	6	93	2	1.176670418201836
J21	14	11	38	1	1.1706033999646803
J22	14	14	40	3	1.5635915678936305
\\ Jobs in machine 3
11
J23	16	1	91	4	1.405574238986224
J24	15	10	97	3	1.427650281240951
J25	14	12	45	1	1.11505983853481
J26	16	12	95	2	0.4809439337703161
J27	14	5	97	3	1.3430913786428766
J28	15	10	62	8	2.2158437484160123
J29	14	1	83	6	0.7578244209675566
J30	13	13	71	3	0.8683277208528053
J31	14	9	2	2	0.758213551462515
J32	16	11	38	5	1.4891636420826244
J33	15	14	33	3	0.8024734545281207
\\ Dependencies 
18
2	5
4	10
6	12
7	12
9	12
10	11
13	22
15	20
19	20
23	26
23	29
23	33
25	33
26	27
26	29
26	30
28	33
31	33
