\\ machines
10
\\ max power
100
\\ Jobs in machine 1
11
J1	14	12	74	7	0.2911564514756758
J2	14	10	29	15	0.638150652540565
J3	16	7	28	6	0.9501967752401996
J4	15	11	77	15	1.14717001846402
J5	13	1	8	21	1.5343363515524961
J6	16	5	21	15	1.2315129036845829
J7	15	4	25	10	0.5273190014241822
J8	15	5	70	24	1.123309987147529
J9	15	6	51	14	1.856106502854237
J10	15	2	84	11	1.3090013925888486
J11	14	14	107	21	1.2331411770442828
\\ Jobs in machine 2
12
J12	13	1	69	5	1.4368744186419202
J13	15	9	23	19	1.6538308058798867
J14	15	9	3	17	1.0918656162811282
J15	14	7	82	14	1.4086745865852024
J16	13	7	81	12	1.4013790608260919
J17	13	11	15	1	0.8337908903488396
J18	16	5	55	19	0.9403398510807615
J19	14	13	67	1	1.4656263639532514
J20	15	5	9	9	1.1166545095690095
J21	15	8	40	16	2.3164036074146765
J22	14	14	30	21	1.4563339629294219
J23	15	2	107	18	1.430378320023061
\\ Jobs in machine 3
12
J24	15	2	92	19	0.6298354810573198
J25	14	6	33	18	1.7207542969874825
J26	14	13	90	2	1.7306791830283252
J27	16	11	21	8	1.2592730031677215
J28	14	9	18	19	0.8527786826247475
J29	15	8	29	16	1.836058815161
J30	13	3	70	14	1.449888198704115
J31	13	6	81	1	1.0654239087659034
J32	15	9	55	2	1.4352377935962677
J33	13	5	109	24	0.1
J34	15	9	9	5	1.6461813672414431
J35	12	5	48	19	1.7689503964348703
\\ Jobs in machine 4
11
J36	13	3	63	20	1.3651294194916992
J37	15	7	52	7	1.3636090256877724
J38	15	10	24	7	1.4162259385168383
J39	15	8	100	3	1.1194476913051261
J40	12	3	58	11	0.1
J41	13	3	23	18	0.120547951922924
J42	15	9	86	7	0.1
J43	13	12	75	12	1.6851555425616909
J44	15	14	71	15	0.8354071537106711
J45	15	14	53	25	0.944342009823279
J46	16	7	69	5	0.5334768124427697
\\ Jobs in machine 5
10
J47	14	13	23	15	0.9141279210561799
J48	15	11	97	8	2.387670215193119
J49	13	4	58	7	1.7494296405597576
J50	15	6	55	17	1.0991657217362565
J51	15	3	18	9	0.29944956479785934
J52	14	7	106	10	1.0454029671359875
J53	15	1	5	24	1.505344510384776
J54	14	12	79	7	0.7319515248745482
J55	14	1	16	8	1.1656707425582948
J56	15	6	9	6	1.0748342277375151
\\ Jobs in machine 6
11
J57	12	9	81	6	1.3428879197502086
J58	14	13	68	1	1.4975568182720271
J59	15	12	48	22	1.529148772624074
J60	14	7	98	25	1.6420512676470032
J61	15	13	71	10	1.4609866084006646
J62	15	5	5	16	1.1789923386270205
J63	14	4	71	7	1.1594768633411865
J64	15	1	78	25	1.7422975248136274
J65	15	10	105	2	1.4542743674741954
J66	14	2	4	5	1.6309338883161932
J67	15	5	68	20	0.7329491884310084
\\ Jobs in machine 7
10
J68	16	14	73	19	2.170435532135217
J69	15	7	75	16	0.90720579766699
J70	14	5	89	22	1.0489928331689418
J71	17	6	21	4	1.3742485800484383
J72	14	13	53	11	1.8169181179151233
J73	14	4	86	11	1.223489778353285
J74	16	1	46	16	2.014601528442752
J75	14	7	9	17	1.5648050617069356
J76	15	11	93	13	0.7745440745701321
J77	14	3	54	1	2.1543484870486833
\\ Jobs in machine 8
11
J78	14	4	68	22	1.2285688537187294
J79	14	7	27	18	1.3035059588481963
J80	13	8	110	24	0.9166014468486887
J81	15	12	73	6	0.397644107702103
J82	15	10	8	6	1.0773384979666751
J83	15	8	63	21	1.4396712285758502
J84	17	5	41	25	1.1707879503527154
J85	15	2	41	22	0.5201426552596806
J86	14	5	50	1	1.3824251285596545
J87	15	2	88	18	0.2946132883122381
J88	15	9	106	22	1.2102146746290265
\\ Jobs in machine 9
13
J89	15	4	21	5	1.1210330352358342
J90	13	14	16	12	1.407888270609427
J91	16	5	85	22	2.3744161030279054
J92	14	3	24	23	1.1811704896469604
J93	14	13	49	12	1.1833308366844333
J94	16	5	74	17	1.7760371783638265
J95	16	8	4	12	1.180013989090166
J96	15	9	94	16	0.7052599781378506
J97	14	3	85	17	1.1678711999642593
J98	15	12	54	18	1.5260583550863231
J99	14	13	92	4	1.2012493060911906
J100	16	7	91	16	1.4411339227160604
J101	13	6	11	5	1.648484279357109
\\ Jobs in machine 10
11
J102	15	1	57	19	1.7533320177686704
J103	13	1	39	2	0.7101524953055387
J104	13	2	40	15	1.5024541827345208
J105	13	5	47	10	1.6416098944711859
J106	14	8	71	9	1.6443901534324468
J107	14	12	64	25	0.2889069624487367
J108	13	1	86	4	1.0345093985785296
J109	15	1	39	17	0.7232238882487474
J110	15	13	75	10	1.5410178113015673
J111	16	1	41	22	1.4530331281345106
J112	13	11	44	20	1.4451832876685664
\\ Dependencies 
240
1	6
1	11
2	3
2	4
2	5
2	6
2	7
2	8
2	10
2	11
3	4
3	6
3	8
4	5
4	6
4	7
4	11
5	9
5	10
6	8
6	9
6	10
6	11
7	8
8	10
8	11
9	10
10	11
12	13
12	14
12	15
12	16
12	18
12	19
13	14
13	15
13	17
13	18
13	19
13	22
13	23
14	17
14	20
14	23
15	16
15	17
15	18
15	20
15	21
15	22
16	18
16	19
16	21
16	23
17	18
17	19
17	23
18	19
18	22
18	23
19	20
19	22
20	21
20	23
21	23
24	27
24	28
24	30
24	31
24	32
24	34
24	35
25	26
25	27
25	28
25	29
25	30
25	32
25	35
26	28
26	29
26	30
27	29
27	30
27	31
27	33
29	31
29	33
30	33
31	32
31	33
33	34
36	41
36	42
36	43
36	44
36	45
37	40
37	41
37	44
37	45
38	39
38	40
38	45
38	46
39	40
39	41
39	46
40	44
40	45
41	43
41	45
43	44
43	45
45	46
47	54
48	51
48	52
48	53
48	54
49	50
49	51
49	54
49	55
50	55
50	56
51	53
51	55
52	54
52	55
53	56
54	56
55	56
57	61
57	65
58	61
58	63
58	67
59	60
59	65
59	66
60	62
60	65
60	66
61	66
62	64
62	65
63	64
63	67
64	66
64	67
68	69
68	73
68	75
68	76
69	70
69	74
69	76
70	73
70	74
70	76
70	77
71	72
71	74
71	75
71	76
72	74
72	75
72	76
72	77
73	75
73	76
73	77
74	75
74	77
75	77
76	77
78	84
78	86
78	87
79	80
79	83
79	84
79	87
80	88
81	83
81	87
81	88
82	84
82	86
82	87
83	88
84	88
85	87
86	87
87	88
89	94
89	95
89	98
89	99
89	100
90	94
90	96
90	97
91	95
91	97
91	98
91	99
93	98
93	99
93	101
94	97
94	98
95	99
95	100
96	98
96	99
96	101
98	99
99	100
102	105
102	107
102	109
102	111
103	104
104	108
104	112
105	107
105	111
106	107
106	110
106	112
107	109
107	110
107	111
107	112
108	110
109	112
110	111
110	112
