\\ machines
12
\\ max power
120
\\ Jobs in machine 1
12
J1	15	6	85	15	1.2677835287868047
J2	14	1	92	15	1.4390772536427827
J3	15	6	13	10	1.4011761885259029
J4	15	6	11	13	0.9172160779176513
J5	13	2	106	21	1.4796593561744862
J6	14	8	92	6	1.249350973401561
J7	16	6	54	27	1.1696698231543374
J8	15	14	46	29	0.5955202267918607
J9	14	10	107	12	0.9339886661222988
J10	15	7	9	4	1.0194681114163981
J11	15	6	83	20	0.6565080821692649
J12	14	13	58	3	1.398773474873612
\\ Jobs in machine 2
11
J13	14	2	80	25	1.1639868902639963
J14	14	11	106	24	1.2953342443767981
J15	15	10	110	24	0.7273451842325812
J16	15	10	76	28	1.6322618887066196
J17	15	3	4	14	0.8816843720504273
J18	16	13	101	7	0.9426008024452984
J19	13	6	84	18	1.333863541731768
J20	13	7	110	25	1.6100054416414245
J21	15	3	11	9	1.057494041892921
J22	14	12	60	12	0.8811250759598845
J23	15	8	70	12	2.140410237247936
\\ Jobs in machine 3
10
J24	12	13	103	22	1.1682926304581613
J25	15	10	59	27	1.5962092825139669
J26	14	14	69	11	1.6183611675137781
J27	15	13	62	2	1.4721404148146875
J28	14	6	68	12	1.1185068971786403
J29	14	9	76	19	1.2996495373991321
J30	17	9	104	4	1.371301421684481
J31	16	11	15	18	1.2503567163066762
J32	14	1	101	30	0.7859507541253506
J33	14	13	84	21	0.1
\\ Jobs in machine 4
13
J34	16	8	72	13	1.8017298147708738
J35	14	5	63	4	1.0973229799207722
J36	16	4	102	9	0.4513045205317382
J37	13	4	98	3	2.0255496798530457
J38	16	7	107	12	0.9602811903802392
J39	15	9	49	14	0.7877527698718094
J40	12	1	23	5	1.5375974597306938
J41	14	3	69	9	0.5377466722442181
J42	12	2	75	19	0.8540993556125153
J43	14	6	15	4	1.1809193398827982
J44	14	6	85	26	2.3730325633727736
J45	15	7	102	7	0.9977003247501512
J46	15	5	24	10	1.314486789700057
\\ Jobs in machine 5
11
J47	15	3	107	21	1.5113815159958166
J48	13	13	19	7	0.7779869890138214
J49	15	13	3	4	1.5470509631550942
J50	15	7	51	29	0.48768348007199747
J51	14	14	91	19	1.0980700786509647
J52	13	2	9	15	1.2040304553654846
J53	13	14	35	11	0.880774988299273
J54	13	3	101	10	1.1143164390310483
J55	14	14	63	25	1.1208720470578961
J56	14	14	29	24	1.0783319128943338
J57	18	3	66	8	1.2213327084700336
\\ Jobs in machine 6
12
J58	16	1	9	12	0.7422262257817529
J59	13	10	87	1	1.2021301027983178
J60	14	2	31	4	1.1728846424688122
J61	16	7	88	12	1.5269272234085967
J62	14	10	61	12	1.6344859077761482
J63	13	10	5	30	0.4208002900752861
J64	15	9	108	1	1.6406218723350854
J65	14	14	73	17	1.4288443889749258
J66	14	10	28	2	1.0513436618232213
J67	15	3	81	7	1.4730893257204092
J68	14	6	44	25	0.47111617177743415
J69	15	12	30	20	0.7265493047239137
\\ Jobs in machine 7
10
J70	16	8	91	15	0.1
J71	17	13	82	28	1.1389432273120221
J72	15	6	26	12	0.1
J73	13	11	110	12	1.735056818985619
J74	14	14	79	20	0.9953734606235879
J75	14	5	41	3	0.8462754879294414
J76	14	12	39	15	1.4407384412832847
J77	15	2	39	22	1.2621128257751058
J78	15	11	7	16	0.9151740738365379
J79	14	11	39	5	0.8210299439801902
\\ Jobs in machine 8
10
J80	15	10	42	3	0.8915681820289778
J81	13	12	15	10	0.6491108620072691
J82	14	9	65	14	1.9349813458352847
J83	16	7	108	11	1.514653939883945
J84	15	7	46	10	2.079282125431189
J85	15	4	36	8	0.5290534951762955
J86	15	5	33	13	1.5449181623133879
J87	15	6	40	4	1.3822059318537965
J88	14	8	71	2	1.3051774186307519
J89	15	12	50	28	1.6867580525849633
\\ Jobs in machine 9
11
J90	15	9	3	12	0.1
J91	15	13	53	30	0.9118479809716096
J92	15	5	83	2	1.662931380628263
J93	16	11	19	14	1.9718770797292628
J94	14	1	34	2	1.6195415072054558
J95	16	12	4	19	1.890137467891088
J96	15	10	34	20	1.2536037125520334
J97	14	7	95	25	1.54743326205424
J98	14	12	94	16	2.1976938459544524
J99	16	8	53	23	1.5060849355430868
J100	14	13	10	8	0.1
\\ Jobs in machine 10
12
J101	14	1	37	10	0.9994168688354874
J102	15	14	36	23	0.6010438698064821
J103	13	6	50	8	0.8715354626745735
J104	14	1	17	3	1.5921102734146637
J105	15	3	44	30	1.1572744244415265
J106	13	7	27	2	1.9392068892724077
J107	16	5	54	20	0.7898054632468162
J108	14	10	68	27	0.7953260724141593
J109	12	4	82	13	1.0795221695609143
J110	16	13	12	11	0.9055641193566446
J111	15	1	72	17	2.0095167529417317
J112	15	5	42	27	1.6664282384926592
\\ Jobs in machine 11
11
J113	13	8	38	11	1.0590802271368494
J114	15	10	21	26	1.8343768721167484
J115	15	12	105	27	1.4774624678421504
J116	15	13	70	27	1.3216961026470313
J117	13	5	31	18	1.2156622528354428
J118	14	6	45	7	2.392525977286809
J119	14	13	68	16	1.1901684361504004
J120	15	5	3	8	1.2575476388866744
J121	14	6	109	29	0.9524865219407438
J122	15	7	57	24	0.6417751056724385
J123	13	7	17	4	0.1
\\ Jobs in machine 12
13
J124	16	5	22	3	1.3834989732815288
J125	15	2	97	2	0.4972036511756954
J126	13	7	109	15	2.399380157680331
J127	14	4	70	16	1.1436267131250222
J128	15	10	13	3	2.1867200948536203
J129	15	2	103	2	1.0536453278342182
J130	16	1	73	18	1.7454759284728356
J131	15	9	104	9	0.1
J132	14	11	73	22	0.9282324844622442
J133	14	14	10	9	0.23621809463282017
J134	15	3	19	13	0.6738343449385786
J135	15	11	82	24	1.6773117586442692
J136	14	12	71	4	1.1807617678247966
\\ Dependencies 
503
1	2
1	3
1	4
1	5
1	6
1	7
1	8
1	10
1	12
2	3
2	4
2	5
2	6
2	7
2	11
2	12
3	6
3	7
3	8
3	9
3	10
3	11
4	5
4	6
4	7
4	9
4	10
4	12
5	6
5	7
5	8
5	9
5	10
5	11
5	12
6	7
6	8
7	8
7	9
7	10
7	12
8	9
8	10
8	11
9	10
9	11
10	11
13	14
13	16
13	17
13	19
13	22
13	23
14	16
14	17
14	18
14	19
14	20
14	21
14	22
14	23
15	16
15	18
15	19
15	20
15	21
15	23
16	17
16	18
16	19
16	20
16	23
17	19
17	21
17	23
18	19
18	21
18	22
18	23
19	23
20	21
20	22
20	23
21	22
24	25
24	26
24	27
24	28
24	29
24	30
24	32
25	26
25	27
25	28
25	30
25	31
25	33
26	28
26	30
26	32
26	33
27	28
27	29
27	31
27	32
27	33
28	29
28	30
28	31
28	32
28	33
29	30
29	31
29	33
30	31
30	32
31	32
31	33
32	33
34	35
34	36
34	38
34	39
34	40
34	41
34	43
34	44
34	45
34	46
35	36
35	38
35	39
35	41
35	42
35	45
36	37
36	38
36	40
36	43
36	45
37	39
37	41
37	42
37	43
37	44
37	45
37	46
38	39
38	40
38	43
38	45
38	46
39	40
39	42
39	43
39	44
39	45
39	46
40	41
40	43
40	44
40	45
40	46
41	43
41	44
41	45
41	46
42	43
42	44
42	45
43	44
43	45
44	45
47	48
47	49
47	50
47	51
47	52
47	54
47	55
47	56
47	57
48	49
48	52
48	54
48	55
48	56
48	57
49	51
49	52
49	53
49	54
49	57
50	51
50	52
50	54
51	53
51	55
51	57
52	53
52	55
52	57
53	55
53	56
54	56
54	57
55	57
56	57
58	59
58	62
58	63
58	65
58	66
58	67
58	68
58	69
59	60
59	62
59	66
59	67
59	69
60	61
60	63
60	64
60	66
60	67
60	68
60	69
61	62
61	63
61	64
61	65
61	66
61	67
61	68
61	69
62	63
62	64
62	66
62	67
62	68
62	69
63	64
63	65
63	67
63	68
64	65
64	66
64	67
65	66
65	67
66	68
66	69
67	68
67	69
70	72
70	74
70	75
70	79
71	75
71	76
71	77
71	78
71	79
72	73
72	75
72	76
72	77
72	78
72	79
73	74
73	76
73	78
74	76
74	77
74	79
75	78
75	79
76	78
76	79
77	78
77	79
78	79
80	81
80	82
80	84
80	85
80	86
80	87
80	88
81	82
81	83
81	86
81	87
81	88
81	89
82	84
82	85
82	86
82	87
82	88
82	89
83	84
83	85
83	86
83	87
83	88
84	86
84	89
85	86
85	87
85	88
85	89
86	87
86	88
88	89
90	91
90	92
90	95
90	96
90	97
90	98
90	99
90	100
91	92
91	93
91	94
91	95
91	98
91	99
91	100
92	93
92	94
92	95
92	96
92	97
92	98
92	99
92	100
93	94
93	95
93	97
93	98
93	99
93	100
94	95
94	97
94	98
94	99
94	100
95	97
95	98
95	100
96	100
97	98
98	99
98	100
99	100
101	102
101	103
101	104
101	105
101	106
101	107
101	109
101	110
101	112
102	103
102	105
102	106
102	107
102	108
102	109
102	111
102	112
103	105
103	106
103	107
103	108
103	109
103	111
103	112
104	105
104	106
104	107
104	108
104	109
104	110
104	111
104	112
105	106
105	107
105	108
105	109
105	110
105	111
106	107
106	110
106	112
107	108
107	109
107	110
107	111
107	112
108	110
108	112
109	111
109	112
110	112
111	112
113	115
113	117
113	118
113	120
113	121
113	122
113	123
114	115
114	116
114	117
114	119
114	121
114	123
115	116
115	117
115	118
115	119
115	120
115	121
115	122
115	123
116	117
116	118
116	119
116	120
116	122
117	118
117	122
117	123
118	120
118	121
118	122
119	120
119	121
119	122
119	123
120	123
121	122
121	123
122	123
124	125
124	126
124	127
124	129
124	130
124	132
124	133
124	135
124	136
125	127
125	128
125	129
125	130
125	133
125	135
126	127
126	128
126	129
126	130
126	131
126	132
126	133
126	134
126	135
127	128
127	132
127	134
127	135
128	129
128	131
128	132
128	134
128	136
129	130
129	132
129	135
130	131
130	132
130	134
130	135
130	136
131	132
131	134
131	135
131	136
132	133
132	134
132	135
132	136
133	134
133	136
134	136
135	136
