\\ machines
7
\\ max power
70
\\ Jobs in machine 1
11
J1	15	9	6	19	1.1240098350466614
J2	14	12	92	9	1.4127339477990066
J3	15	8	90	4	1.1187894611015974
J4	15	12	37	32	1.3564537408459734
J5	14	13	92	19	1.349080102835578
J6	17	4	105	32	1.5945705070562974
J7	14	5	71	32	1.8252478396866558
J8	15	4	108	20	1.0250780548442677
J9	15	5	81	9	2.36556861559343
J10	15	14	37	12	0.7531754907851158
J11	15	12	99	10	1.4978254572739134
\\ Jobs in machine 2
10
J12	15	11	67	3	1.0601010870522063
J13	14	7	95	32	1.1454549122584952
J14	14	7	68	35	0.41935890335198
J15	15	5	74	34	1.1600273368246121
J16	14	6	104	32	1.3021444292272075
J17	14	8	104	26	1.2340081534244411
J18	13	10	78	2	0.959012873542248
J19	14	2	30	5	1.5264774340018805
J20	15	7	43	29	0.8005708060203599
J21	14	9	85	31	1.698007554455619
\\ Jobs in machine 3
13
J22	15	9	51	35	1.1854062341345928
J23	15	8	27	3	1.4808110146347324
J24	14	5	66	17	1.4453796280253384
J25	17	7	30	5	1.2821512346402395
J26	13	9	12	14	1.3954324231842146
J27	15	9	89	35	1.3515037706619295
J28	16	2	84	27	0.2331392956892614
J29	16	6	8	22	1.8545472826862925
J30	16	12	48	12	1.6739842475195121
J31	15	10	98	34	1.6891589212892582
J32	13	4	55	7	0.25255201583495646
J33	16	14	43	2	1.9913616392072078
J34	14	4	15	24	0.3023516586881124
\\ Jobs in machine 4
11
J35	15	10	2	9	1.4690592272018645
J36	15	10	23	23	0.1
J37	14	6	93	12	1.2155023792848487
J38	12	4	87	27	1.1285231797618294
J39	14	4	72	3	0.7476343758367093
J40	16	3	53	25	1.388376141187803
J41	13	9	30	20	0.9334383959970339
J42	15	8	48	16	1.1237241028113698
J43	15	12	69	22	0.7213195438826121
J44	14	6	101	31	1.6145560015540394
J45	15	14	23	12	1.1032059043676672
\\ Jobs in machine 5
12
J46	14	5	73	1	1.2575281680208275
J47	15	7	19	14	1.682269434829079
J48	16	10	100	3	1.4962409860838528
J49	13	14	26	1	2.120001419664439
J50	12	2	66	27	0.5856325953754086
J51	15	2	31	35	1.0285335336331691
J52	15	6	52	30	1.8376397627537346
J53	15	6	73	2	1.4411058306352926
J54	13	14	9	29	1.3633199415432224
J55	15	13	73	6	0.8917619919611631
J56	13	1	95	31	1.5016622461923146
J57	14	5	19	21	0.9387816489110072
\\ Jobs in machine 6
12
J58	12	14	49	8	2.1773515993699473
J59	16	1	12	3	1.2947592572073403
J60	15	9	90	5	1.7205727848155394
J61	14	10	50	23	0.5484683439176977
J62	15	1	51	26	1.7603852144662875
J63	16	10	44	9	0.8357517516017661
J64	15	1	4	9	1.2376212861505154
J65	14	9	95	1	2.242251584517413
J66	14	11	77	16	1.7609339577302596
J67	15	4	19	12	1.1575628633477908
J68	14	12	65	1	0.9831682945031086
J69	13	14	39	35	1.1384333759450795
\\ Jobs in machine 7
10
J70	14	1	29	23	1.3078118131962553
J71	14	12	79	1	0.9242137959001802
J72	14	1	101	8	0.655569408117414
J73	15	3	40	19	1.5319365715964992
J74	15	9	78	34	1.4940144682121463
J75	15	2	11	34	1.4293014077139004
J76	15	10	84	21	0.8523939089122592
J77	14	5	72	4	1.4548643308053983
J78	15	1	71	11	1.103540128190022
J79	14	14	74	32	1.7656310670969841
\\ Dependencies 
211
1	3
1	7
1	9
1	10
1	11
2	5
2	7
2	8
2	11
3	5
3	10
4	6
4	7
4	8
4	9
5	6
5	11
6	8
6	9
6	10
6	11
7	8
7	9
7	10
7	11
10	11
12	13
12	14
12	17
12	21
13	15
13	16
13	17
13	18
14	15
14	19
14	21
15	16
15	17
15	20
15	21
16	17
16	18
16	21
17	18
17	19
17	21
18	19
18	20
19	20
19	21
22	23
22	25
22	27
22	28
22	29
22	31
23	24
23	25
23	30
23	31
23	32
23	33
24	25
24	27
24	33
24	34
25	26
25	29
25	31
25	34
26	27
26	28
26	31
26	33
26	34
27	30
28	30
28	33
28	34
29	31
29	32
29	33
30	32
30	34
31	33
32	34
33	34
35	36
35	37
35	38
35	39
35	40
35	44
36	38
36	40
36	41
36	43
37	39
37	40
37	45
38	39
38	40
38	41
38	43
38	45
39	40
39	41
39	43
40	42
40	43
40	44
40	45
41	42
41	43
41	44
41	45
42	44
42	45
43	45
44	45
46	48
46	49
46	53
46	56
46	57
47	49
47	52
47	54
47	56
48	53
48	54
48	56
49	51
49	52
49	53
49	57
50	51
50	52
50	53
50	54
50	56
51	52
51	53
51	55
52	53
52	54
52	56
53	54
54	55
55	57
58	59
58	62
58	63
58	64
58	66
58	67
58	69
59	60
59	62
59	63
59	65
59	68
60	61
60	62
60	64
60	65
60	66
60	67
61	62
61	64
61	68
62	66
62	68
62	69
63	65
63	66
64	65
64	66
64	67
64	68
64	69
65	67
66	68
68	69
70	74
70	75
70	76
70	78
71	72
71	73
71	74
71	75
71	76
71	78
71	79
72	75
72	79
73	74
73	76
73	78
73	79
74	75
75	76
75	77
75	78
75	79
76	77
76	78
77	79
78	79
