\\ machines
7
\\ max power
70
\\ Jobs in machine 1
10
J1	14	8	57	5	1.0029287061912344
J2	15	3	19	5	1.596166797325001
J3	15	8	39	10	1.250873043266926
J4	15	1	107	15	0.8023703523715409
J5	16	2	3	3	1.191836086089534
J6	15	13	42	15	1.237766092954927
J7	16	3	13	15	0.7786930588290435
J8	15	1	84	35	0.7620246886440185
J9	14	1	17	9	0.894880473804437
J10	17	14	101	35	1.6000660909870739
\\ Jobs in machine 2
12
J11	13	11	39	5	0.823120773556224
J12	13	3	88	1	0.7993951424710957
J13	13	14	97	17	1.2586188766257667
J14	15	9	23	25	1.6835403316023982
J15	15	6	95	15	0.9220386758085716
J16	13	1	65	32	2.1489729830963813
J17	13	1	98	31	1.1879207839286021
J18	15	9	66	14	0.738591222867244
J19	17	2	66	8	1.3176170541223045
J20	15	6	95	30	1.3771362907753684
J21	15	1	19	35	0.1
J22	14	6	55	15	1.492512095075421
\\ Jobs in machine 3
10
J23	12	9	92	13	1.229012275666632
J24	15	9	55	17	1.1234698637478109
J25	14	8	74	16	0.46762566100143266
J26	14	8	87	27	1.2020343919656498
J27	13	5	77	27	1.5651897288004748
J28	13	5	26	15	1.7850404807170164
J29	14	4	94	12	1.011224027497399
J30	14	1	86	27	1.0117645574422798
J31	15	9	36	4	0.9923612941127792
J32	15	14	51	16	1.147492742159338
\\ Jobs in machine 4
10
J33	16	13	102	35	0.886493806795775
J34	16	9	109	3	2.445014433710053
J35	17	2	42	33	0.3601285596950572
J36	16	4	40	15	1.403614206634422
J37	15	10	34	1	0.6423988321734959
J38	12	14	50	24	0.973888455321715
J39	16	14	51	14	1.2177477854745675
J40	15	3	95	34	1.236602881606671
J41	16	10	32	18	2.0811902480198254
J42	14	14	69	17	0.5584166961740379
\\ Jobs in machine 5
12
J43	15	14	102	8	1.1519249268858345
J44	15	4	48	8	1.366452829465851
J45	14	3	67	34	1.1553630313615058
J46	16	5	93	6	1.8368684574711114
J47	16	13	108	9	1.092940016801264
J48	15	7	81	21	0.9583367109528699
J49	14	3	96	10	1.4434348765799019
J50	15	14	3	9	1.2374063537044762
J51	15	11	92	24	0.7935992551088338
J52	14	5	24	11	1.5138543777582214
J53	13	6	25	17	1.7423931245618929
J54	14	10	96	4	1.3649258643093787
\\ Jobs in machine 6
11
J55	15	14	36	14	1.7532022095203643
J56	15	4	62	12	2.074584420699158
J57	14	8	51	19	1.8684660705679685
J58	15	12	39	29	1.639289142447373
J59	15	2	27	24	0.8858006942670564
J60	15	5	66	34	2.364829583125368
J61	15	14	99	3	1.6194095098403471
J62	15	14	16	34	1.685513395336724
J63	15	10	106	22	2.631168325794028
J64	14	8	66	12	1.939496556069996
J65	16	11	61	31	1.6646529748722054
\\ Jobs in machine 7
11
J66	14	4	85	9	1.1001148508334144
J67	15	8	96	20	0.9753276360276628
J68	15	6	71	31	1.5097707959644793
J69	15	3	35	22	0.9519335933984215
J70	15	2	3	10	0.8385050856940888
J71	15	7	88	27	1.0249543354828536
J72	17	6	16	3	1.9232430968227643
J73	15	11	39	27	0.8388151677283648
J74	16	3	10	34	1.7640031508395215
J75	14	9	21	9	0.8099834008782868
J76	15	13	33	33	0.7194547326382055
\\ Dependencies 
212
1	4
1	6
1	7
1	8
1	9
1	10
2	5
2	7
2	8
2	9
2	10
3	4
3	5
3	6
3	7
3	8
3	10
4	5
4	7
5	6
5	7
5	9
5	10
6	9
6	10
7	8
7	10
8	9
8	10
9	10
11	13
11	17
11	20
12	13
12	14
12	15
12	16
12	19
12	20
12	21
13	14
13	16
13	17
13	20
14	17
14	18
14	21
14	22
15	16
15	17
15	19
15	21
16	17
16	18
16	19
16	22
17	18
17	19
17	20
17	21
18	20
19	21
20	21
20	22
21	22
23	24
23	25
23	30
23	31
23	32
24	25
24	28
24	29
25	27
25	29
25	30
25	31
26	27
26	28
26	30
26	31
27	28
27	29
27	31
28	30
28	31
28	32
29	30
29	31
29	32
30	31
30	32
33	37
33	39
33	40
33	42
34	37
34	39
34	40
34	41
34	42
35	36
35	38
35	39
35	40
35	41
35	42
36	37
36	38
36	39
36	40
36	41
37	38
37	39
37	41
38	39
38	40
38	41
39	42
40	42
41	42
43	45
43	47
43	49
43	50
43	51
43	52
43	53
43	54
44	45
44	48
44	52
45	46
45	47
45	48
46	49
46	52
47	48
47	49
47	54
48	49
48	52
48	53
48	54
49	52
49	54
50	53
50	54
51	52
51	53
51	54
52	54
55	56
55	58
55	62
55	64
56	59
56	60
56	61
56	62
56	63
56	64
56	65
57	58
57	59
57	60
57	62
57	63
58	59
58	62
58	64
59	61
59	62
60	61
60	63
61	64
61	65
62	64
62	65
63	65
64	65
66	67
66	69
66	70
66	72
66	74
66	76
67	72
67	73
67	74
67	75
67	76
68	69
68	70
68	71
68	72
68	73
69	71
69	73
69	74
69	76
70	71
70	72
70	73
70	76
71	75
71	76
72	73
72	74
72	75
72	76
73	76
