\\ machines
8
\\ max power
80
\\ Jobs in machine 1
10
J1	15	7	99	37	0.5868503721421418
J2	14	7	37	8	2.1507135916313436
J3	14	4	92	3	1.4329207844020893
J4	12	1	63	29	1.6197043997639948
J5	16	12	52	16	0.41528513512451115
J6	13	9	41	12	1.5368156677425135
J7	15	12	57	4	1.2947544643715714
J8	15	7	89	36	1.6520548579164651
J9	14	5	38	25	0.9168522936460486
J10	15	4	105	19	1.1144546093365608
\\ Jobs in machine 2
11
J11	15	2	48	14	0.9071373534233648
J12	13	1	74	25	1.5928372688116448
J13	15	13	48	10	1.7861316563874585
J14	14	5	43	11	1.5905381058513295
J15	15	1	25	38	1.4430077687080491
J16	14	12	33	25	1.2466916834549648
J17	15	8	82	15	0.9042003363928448
J18	15	12	70	36	1.8353035788334569
J19	15	9	45	13	1.029366510110184
J20	16	2	51	16	1.1327301971807353
J21	13	12	90	21	1.5972441968651245
\\ Jobs in machine 3
12
J22	13	13	94	9	1.4153200498834124
J23	14	11	101	9	1.4442817777331045
J24	14	10	49	18	1.6106002137163196
J25	14	5	69	8	0.7327626862453764
J26	14	14	109	25	1.3726529044354758
J27	14	4	46	13	1.6328436539407343
J28	15	12	65	17	1.8531209132609652
J29	14	12	62	9	0.9857414464822183
J30	15	1	15	2	1.837621806685981
J31	15	11	95	15	0.86212581739971
J32	14	6	46	36	0.9017813628434675
J33	14	8	100	32	2.679194452934821
\\ Jobs in machine 4
9
J34	15	6	33	40	1.4656005645541967
J35	15	12	32	11	1.7739886044614037
J36	13	14	54	1	0.8986385531890021
J37	14	6	67	13	1.1225703738009931
J38	15	10	16	38	0.8203422871704316
J39	14	3	80	11	1.315721332832393
J40	14	1	15	17	2.0940668709787005
J41	15	3	8	37	0.822050148530693
J42	14	7	76	3	1.723422653867813
\\ Jobs in machine 5
12
J43	15	8	13	5	1.1526053112428392
J44	13	3	34	1	1.240372022404535
J45	13	11	41	40	0.9749235898122209
J46	14	13	69	21	0.8295494157619792
J47	14	8	99	12	2.048529913474873
J48	14	5	31	13	1.7353643878396467
J49	15	8	94	7	1.1691596239517688
J50	12	6	19	19	1.5505327677195182
J51	15	6	26	12	2.0669213129904866
J52	15	10	4	35	1.826543233491829
J53	16	5	10	16	0.687054955721111
J54	13	8	13	4	0.8082189512167353
\\ Jobs in machine 6
12
J55	16	6	3	36	1.6876879478035327
J56	14	14	78	37	0.41567585606582447
J57	16	10	72	17	1.1863590429104656
J58	15	1	72	31	1.2963569354706859
J59	16	2	23	4	1.9304166118091355
J60	15	11	9	2	1.4001286776899076
J61	15	4	100	20	1.5931538517780774
J62	14	2	82	25	1.9013661387281613
J63	15	13	77	19	0.7231076183751308
J64	16	6	4	10	0.6325119673482474
J65	15	14	19	35	1.0483684858706455
J66	16	7	51	33	1.2550004274733009
\\ Jobs in machine 7
9
J67	14	1	20	31	0.6604316767674813
J68	15	13	35	10	1.5749020636068884
J69	18	10	102	9	0.6283029865519411
J70	15	5	104	25	1.7371244485541104
J71	13	4	68	11	0.8580495636227554
J72	14	6	9	25	1.3063059805920216
J73	16	7	8	8	1.2812043134651323
J74	15	6	13	35	0.6858230031495114
J75	16	1	101	31	1.3775108664347282
\\ Jobs in machine 8
11
J76	16	10	104	11	1.0843888076688541
J77	14	2	94	4	1.7528929753047375
J78	13	9	83	14	0.9039798551376543
J79	14	3	88	5	0.1101069984942058
J80	16	6	55	5	0.8745584061565999
J81	14	10	59	27	0.8784327254328175
J82	13	8	74	4	0.8376021112936527
J83	16	11	34	16	0.6502224762778079
J84	15	11	106	38	1.2081587106319895
J85	15	11	104	8	1.450228516102026
J86	13	8	66	27	1.1456848372904114
\\ Dependencies 
247
1	3
1	4
1	5
1	8
1	9
1	10
2	3
2	4
2	5
2	10
3	4
3	6
3	8
3	9
4	5
4	8
5	6
6	7
6	8
6	9
7	8
7	9
7	10
11	12
11	13
11	14
11	15
11	17
11	20
11	21
12	14
12	15
12	17
12	19
12	20
12	21
13	16
13	21
14	15
14	16
14	17
14	18
14	20
14	21
15	16
15	17
15	18
15	19
15	20
15	21
16	17
16	18
16	20
17	18
17	19
17	20
17	21
18	19
18	20
18	21
19	21
20	21
22	23
22	24
22	25
22	30
22	31
22	32
22	33
23	24
23	29
23	30
23	31
24	25
24	27
24	28
24	30
24	31
24	32
24	33
25	27
25	29
25	32
25	33
26	30
26	31
26	32
27	28
28	29
28	31
28	32
28	33
29	30
29	31
29	33
31	32
31	33
32	33
34	35
34	37
34	38
34	39
34	40
35	37
35	38
35	41
35	42
36	38
36	39
36	40
36	41
38	40
38	41
38	42
39	40
39	41
39	42
40	41
41	42
43	44
43	45
43	46
43	47
43	50
43	51
43	52
43	53
44	52
44	53
45	46
45	47
45	48
45	49
45	50
45	51
45	52
45	53
45	54
46	49
46	50
46	54
47	48
47	49
47	50
47	53
47	54
48	51
48	53
48	54
49	53
49	54
50	51
50	52
50	54
51	52
51	54
52	53
52	54
55	57
55	58
55	60
55	62
55	63
55	64
55	66
56	57
56	59
56	60
56	62
56	63
56	65
56	66
57	63
57	64
57	65
57	66
58	63
58	64
58	65
59	61
59	62
59	64
60	61
60	64
60	65
61	66
62	63
62	66
63	66
64	66
65	66
67	68
67	72
67	73
67	75
68	69
68	70
68	71
68	72
68	73
68	74
68	75
69	70
69	73
69	74
69	75
70	72
70	74
70	75
71	73
71	74
72	74
73	74
76	77
76	78
76	79
76	81
76	82
76	83
76	84
76	85
77	78
77	80
77	81
77	84
77	85
78	79
78	80
78	83
78	84
78	85
79	80
79	83
79	84
79	86
80	86
81	82
81	83
81	84
81	85
81	86
82	83
82	84
82	85
83	84
83	85
84	85
