\\ machines
7
\\ max power
70
\\ Jobs in machine 1
11
J1	13	11	68	17	0.7256140414432926
J2	15	2	106	13	0.9178451995000396
J3	14	11	38	18	1.4133369159056623
J4	13	7	84	10	1.3313844622266848
J5	14	14	6	8	2.0766605743224886
J6	15	1	30	6	1.0780323909703533
J7	14	4	27	17	0.9175693235160347
J8	14	3	82	18	0.1
J9	13	14	17	6	0.739982205726278
J10	14	4	99	6	1.110424457948104
J11	15	10	42	15	1.3760114657318265
\\ Jobs in machine 2
12
J12	15	11	45	14	1.2161605898702772
J13	14	2	27	7	1.6096704028713895
J14	15	6	95	9	1.7276848235753306
J15	14	12	108	15	1.1487223832282727
J16	14	4	44	7	1.557067539420977
J17	14	1	6	3	1.2361044238386214
J18	15	3	93	7	0.8060783347704841
J19	16	7	39	15	0.258222908223082
J20	14	8	93	2	1.8240589592233034
J21	15	14	110	5	1.0321698648740723
J22	16	6	86	17	1.0356559238877545
J23	16	6	54	17	2.2879933852908767
\\ Jobs in machine 3
12
J24	15	3	20	8	1.2132356850783732
J25	14	7	7	6	0.7988635435643929
J26	13	3	24	12	0.9088629279848248
J27	16	5	41	3	1.690066464105102
J28	15	7	20	4	0.6211040931386188
J29	14	2	34	17	0.9705980543514005
J30	13	9	107	12	1.1386136721725792
J31	17	8	11	15	1.380007941411718
J32	14	6	89	12	1.1335509144383287
J33	14	9	55	6	1.7397032704724675
J34	13	10	27	14	0.9784061082367157
J35	14	1	90	3	1.3734428870181477
\\ Jobs in machine 4
11
J36	14	13	102	5	1.3652285624055267
J37	14	7	56	14	1.4784598078043916
J38	15	6	50	16	1.596877948450464
J39	14	10	96	9	1.1576817467176677
J40	15	13	69	9	1.819250573805649
J41	13	8	6	15	0.1
J42	14	2	10	9	1.2503368775427397
J43	14	7	3	16	1.355904631181406
J44	14	13	19	17	1.3426176779190968
J45	14	7	7	2	1.5131834238754593
J46	14	3	3	11	1.1496893978624803
\\ Jobs in machine 5
11
J47	13	10	25	17	0.6241774069210622
J48	15	5	97	9	0.8995826457771959
J49	14	11	88	12	0.4274330840540319
J50	15	1	62	15	1.8997085393022444
J51	13	7	72	18	0.897871890000761
J52	15	14	42	2	1.9913348525692678
J53	13	3	64	6	1.4825534567936736
J54	15	5	70	9	0.9365679958302813
J55	17	7	26	13	2.088441273601845
J56	16	7	10	16	1.459018130248555
J57	14	1	100	4	1.5263973424716535
\\ Jobs in machine 6
10
J58	13	4	85	6	0.7883204261944107
J59	16	1	78	6	0.4406946105229955
J60	16	13	17	10	1.080623252544786
J61	15	3	62	9	0.6113618188297227
J62	15	9	43	8	0.9308838130846397
J63	13	14	43	1	0.6914190991761967
J64	14	2	42	1	0.6564811383427249
J65	14	6	3	1	0.5608630582307831
J66	14	11	37	6	1.4923862150968283
J67	15	13	23	13	1.7413749292998575
\\ Jobs in machine 7
9
J68	16	2	47	9	0.9869186463305263
J69	15	1	104	4	1.5938498398720533
J70	15	8	53	1	0.594231566964334
J71	13	9	2	12	0.74560135738124
J72	14	11	80	5	0.6159797665805065
J73	14	9	49	14	1.85764721040067
J74	15	1	56	15	1.1389514131771574
J75	15	8	88	17	1.7772744816364807
J76	14	2	93	9	0.8817994469531758
\\ Dependencies 
150
1	6
1	8
1	9
1	10
2	4
2	9
2	10
3	9
3	10
4	7
4	9
4	10
4	11
5	6
5	8
6	8
6	9
7	10
8	10
8	11
9	10
10	11
12	13
12	14
12	15
12	20
12	21
12	23
13	14
13	18
13	22
14	15
14	17
14	20
14	23
15	18
15	19
15	22
16	21
17	19
17	21
17	23
18	19
18	20
18	22
19	22
20	21
20	23
22	23
24	25
24	27
24	31
24	35
25	30
25	32
25	33
25	35
26	27
26	28
27	28
27	31
27	32
27	35
28	31
28	33
28	35
29	30
29	31
29	34
29	35
30	31
30	34
30	35
31	32
32	33
34	35
36	41
36	42
37	38
37	40
37	42
37	45
37	46
38	39
38	42
38	43
39	40
39	45
39	46
40	41
40	43
40	44
40	46
41	42
41	43
41	44
41	45
41	46
43	45
43	46
47	52
47	54
48	49
48	52
49	51
49	52
49	57
50	57
51	55
52	54
52	57
53	55
53	56
53	57
54	56
54	57
58	60
58	61
58	62
58	64
58	65
59	67
60	61
60	63
60	64
60	65
60	67
61	63
61	67
62	63
62	66
63	64
63	65
63	67
64	65
64	66
64	67
66	67
68	74
69	73
69	75
69	76
70	71
70	72
70	76
71	75
72	74
72	75
73	74
75	76
