\\ machines
25
\\ max power
250
\\ Jobs in machine 1
12
J1	14	5	19	39	0.985518155772159
J2	14	6	46	17	1.6635309141855892
J3	15	6	4	13	1.2955136646203194
J4	13	2	37	10	0.9627329162859355
J5	14	4	72	31	1.8054639440616849
J6	15	12	4	54	1.2099642723669837
J7	15	3	14	29	1.4012892631560347
J8	14	13	92	46	0.49222091240242083
J9	14	5	22	5	0.8817997951170484
J10	15	9	4	7	1.4917863769356123
J11	16	3	102	28	1.1868113774176496
J12	16	5	83	1	1.3835672489048074
\\ Jobs in machine 2
11
J13	15	2	4	33	1.5003298260937936
J14	15	12	75	50	1.050548989676925
J15	16	12	27	19	1.4700848036118879
J16	13	13	62	2	0.9165954117497002
J17	14	1	37	32	0.6489304064545808
J18	13	6	79	45	1.1685859627555237
J19	14	1	16	45	1.5007189956906424
J20	14	5	38	16	1.262190135696015
J21	15	8	32	15	1.0497906843712275
J22	14	11	85	23	0.33142124661150774
J23	14	8	59	51	1.525327260686091
\\ Jobs in machine 3
11
J24	17	2	73	15	1.352378873150942
J25	14	8	71	43	1.4642462674359198
J26	15	8	107	52	1.3054216779703047
J27	15	11	93	62	2.210785855456667
J28	15	8	91	42	1.7504626395319702
J29	15	1	106	40	1.5170612708605216
J30	14	11	41	17	0.9891006392221218
J31	15	13	23	13	0.8840108489432774
J32	14	1	105	16	0.8490147174052299
J33	13	4	87	43	2.340070027372791
J34	15	14	4	50	0.9086274938753308
\\ Jobs in machine 4
11
J35	15	14	105	18	1.8899617288314206
J36	13	14	42	53	2.2230896070090895
J37	15	8	107	9	1.4403735907513042
J38	13	3	85	41	0.8317920140924009
J39	16	10	41	36	1.6104473500643899
J40	15	11	57	6	1.518159371715637
J41	13	4	69	7	0.32732178769530795
J42	14	11	74	58	1.9413887766733224
J43	13	4	94	41	1.8261230488268194
J44	13	3	24	46	1.1435856869759864
J45	15	12	110	10	1.0240832087129148
\\ Jobs in machine 5
11
J46	14	12	68	46	1.0842679134369573
J47	15	10	38	34	1.449646112007997
J48	16	5	65	32	0.1
J49	15	2	106	14	2.0550674767175248
J50	14	6	85	1	0.5996432025723096
J51	14	11	100	15	0.9620812208499856
J52	15	3	74	45	0.1
J53	15	2	73	4	1.02131161308649
J54	16	4	58	4	1.6593171519145182
J55	15	11	23	2	1.2974593712943319
J56	13	1	9	37	1.311108810875901
\\ Jobs in machine 6
12
J57	15	12	102	16	0.8400129259947504
J58	16	4	83	18	0.6821049962438851
J59	16	3	40	12	1.3286586130759694
J60	15	4	12	9	1.318254761122148
J61	14	6	33	19	1.3792967487170007
J62	13	8	11	28	0.7217935675601052
J63	16	9	16	55	1.1231770865262423
J64	14	9	10	42	0.4106450142951026
J65	12	1	75	38	1.3666929007320505
J66	17	9	66	46	0.952873892635855
J67	14	7	45	28	0.8369455059465685
J68	16	8	77	36	0.5082243247392426
\\ Jobs in machine 7
12
J69	16	12	64	17	1.5412715068578478
J70	15	4	45	48	0.6927323954221525
J71	14	6	33	48	1.5085563059760934
J72	16	9	102	21	0.22585265384377484
J73	16	8	79	6	0.7328483446964831
J74	15	10	14	3	1.9611203017908352
J75	14	14	13	15	1.1880963880360174
J76	17	7	8	30	1.6438862109267511
J77	15	8	9	61	1.6721544031233928
J78	16	11	22	54	1.3962040105696336
J79	15	11	59	45	1.1934740237496986
J80	15	5	105	40	1.4906346828711698
\\ Jobs in machine 8
11
J81	15	3	39	1	0.27627554523156805
J82	15	13	109	10	0.8192898092525114
J83	13	12	67	34	1.3027681813161007
J84	13	7	83	29	1.9089125476959867
J85	16	9	26	55	0.805029743566733
J86	14	3	78	8	0.6008472082339308
J87	14	1	97	47	1.8057133917077595
J88	15	1	26	2	1.723038643615831
J89	14	3	52	7	1.4825650236185441
J90	15	11	54	30	1.015526274532928
J91	15	2	32	40	1.3055567471300302
\\ Jobs in machine 9
11
J92	14	10	13	28	1.8568391800744908
J93	15	10	71	12	0.8206870838287381
J94	15	3	99	40	1.10536802739656
J95	16	14	8	50	1.1153567188536282
J96	14	3	12	8	0.7735082218379966
J97	15	12	80	21	1.6762931752046686
J98	12	3	49	54	1.0969371712993154
J99	15	1	97	57	0.6774123761132526
J100	13	11	32	12	1.0519871053504943
J101	14	7	21	22	0.9596310416890382
J102	14	9	108	38	1.5888673964373503
\\ Jobs in machine 10
12
J103	14	8	25	30	0.7924742324116512
J104	12	5	97	24	0.3709800584943054
J105	15	13	28	51	2.218748648311091
J106	13	14	48	39	0.6013015494170275
J107	14	6	42	24	1.2808316213344166
J108	14	8	37	4	0.7996423081359512
J109	16	13	93	31	1.5868503417360147
J110	14	5	104	1	0.7552920519086613
J111	15	4	18	50	0.9879579912212082
J112	14	12	72	38	0.5025609889558456
J113	14	12	52	39	0.322419307205564
J114	14	8	54	2	1.2244087750363881
\\ Jobs in machine 11
10
J115	17	1	104	49	1.3287549410775503
J116	15	12	108	7	1.3562212518536725
J117	16	10	17	6	1.6540727728186884
J118	14	8	105	6	1.0625315134427176
J119	15	10	2	18	0.9373736746598405
J120	15	8	3	40	1.0297782586235011
J121	17	13	12	28	0.7490131905576951
J122	14	8	77	61	0.7979365394393412
J123	13	8	102	29	1.873793642263692
J124	15	11	58	53	0.7316082310855803
\\ Jobs in machine 12
10
J125	13	13	18	28	0.8998854643367744
J126	14	3	102	31	0.823778368915918
J127	15	6	57	59	1.2317606947242832
J128	15	6	86	58	0.8806577089939741
J129	16	9	90	58	1.3359957685995794
J130	16	10	101	46	0.6604640348318199
J131	15	8	41	25	0.8850166088426208
J132	15	10	78	1	1.53053557510058
J133	14	8	83	11	1.9388892328272167
J134	16	9	110	43	1.6357315041259586
\\ Jobs in machine 13
12
J135	12	1	78	12	0.8793271407768348
J136	14	14	38	42	0.45528000271782654
J137	13	1	107	34	0.1860628783810634
J138	14	5	30	57	1.98586116920962
J139	13	3	62	40	1.2432592816707901
J140	14	3	73	9	1.593521617197388
J141	16	13	107	41	1.8006749883345932
J142	16	5	21	17	1.290009542801222
J143	12	10	41	45	0.865378857736062
J144	16	14	39	42	0.2539036684727527
J145	13	7	66	23	1.3058711452694232
J146	16	3	89	11	0.9976834355480256
\\ Jobs in machine 14
13
J147	15	5	23	9	0.6835907425543409
J148	14	4	59	34	1.4395218618668109
J149	14	5	52	63	1.16902792250839
J150	14	13	49	3	0.6952496936317736
J151	15	4	87	13	1.6853261461948463
J152	12	2	7	43	1.8357837467825653
J153	13	2	47	12	1.3102553093069425
J154	14	5	40	24	1.3808030842828558
J155	15	6	78	6	1.249381248999823
J156	14	5	45	39	2.078536633053267
J157	14	1	60	26	1.1054635411914315
J158	14	3	42	52	0.3305806198899328
J159	14	13	69	3	1.7746848505687192
\\ Jobs in machine 15
9
J160	13	7	110	11	1.3131569422585259
J161	14	13	22	35	0.4313498563511199
J162	14	1	97	62	1.3520526639064767
J163	16	4	52	53	1.5824123014148443
J164	15	9	30	36	0.9647148120280247
J165	14	2	84	33	1.0534577746219438
J166	15	10	27	49	1.0570441336184853
J167	14	12	96	62	1.4676421661915358
J168	15	3	3	58	1.1216788278719203
\\ Jobs in machine 16
11
J169	15	12	82	21	1.3105802938715678
J170	15	13	14	22	1.7617494067555564
J171	16	9	34	54	1.1562860376109558
J172	14	3	45	27	2.2999219433803475
J173	16	7	98	49	1.6447230513765514
J174	15	4	104	29	1.0127422213360333
J175	15	2	16	51	1.1569281071065391
J176	15	10	9	50	1.7269196553971273
J177	15	1	42	17	1.0182797213122696
J178	16	4	57	35	1.5339975160109391
J179	12	2	24	38	1.1992024376074302
\\ Jobs in machine 17
11
J180	14	5	66	49	0.7057887092928732
J181	15	7	90	52	2.417439198488375
J182	15	5	65	21	1.099981487138454
J183	16	8	67	41	0.561353660381018
J184	16	10	18	18	1.6018071081315346
J185	13	8	78	35	0.9146158477973847
J186	13	13	85	42	0.21905182417590763
J187	15	8	21	9	1.389374507451432
J188	14	10	81	11	1.4042866244557022
J189	14	11	12	6	0.3762836164317961
J190	14	7	66	17	0.8237737266831602
\\ Jobs in machine 18
13
J191	13	6	95	42	1.1119585502911722
J192	12	6	10	38	0.9951770028978832
J193	15	6	102	44	1.0368111082388216
J194	14	9	20	12	1.7880592997400784
J195	15	13	2	8	0.9413389336151727
J196	15	10	19	34	1.7009943911799468
J197	15	10	37	25	2.1058162067276545
J198	16	5	19	43	1.367114815281979
J199	13	10	71	28	1.8847236146605746
J200	16	13	83	25	1.5814984556490703
J201	14	12	107	63	1.1230885548466034
J202	13	4	84	54	1.8332602834796947
J203	13	9	87	45	1.1491034705489669
\\ Jobs in machine 19
10
J204	15	5	27	55	0.7591196957398764
J205	14	13	49	36	0.5640002328163045
J206	13	4	67	31	0.4450189294614234
J207	16	1	8	31	1.0389344421657454
J208	16	1	72	25	0.8313949910690233
J209	13	3	38	2	1.5592335154610142
J210	14	9	31	10	1.4268202042031595
J211	15	3	58	21	1.6270074366160112
J212	14	13	7	32	1.6895254382391447
J213	15	8	27	10	0.9610298066173981
\\ Jobs in machine 20
11
J214	14	7	104	51	0.49143887799622366
J215	14	3	25	36	1.2616302324144077
J216	14	10	49	59	0.5669175514190475
J217	14	3	28	29	0.9582849002499507
J218	14	10	77	63	0.5022147241133513
J219	14	8	27	16	1.1890720563540786
J220	13	6	80	43	2.10862181325316
J221	15	11	49	45	0.8208179573945937
J222	13	11	28	33	1.8153948187214048
J223	13	4	3	24	1.4871767506336717
J224	16	13	46	52	0.8500364564283973
\\ Jobs in machine 21
12
J225	17	12	96	45	1.9433231989910773
J226	14	9	70	57	1.4789322039017436
J227	13	8	24	5	0.6357121260915747
J228	16	9	20	11	1.0344328340972542
J229	16	5	9	29	1.4538600743781798
J230	16	9	109	8	1.4455988106859883
J231	17	2	18	38	0.9773222905732946
J232	14	5	88	59	0.7258046314895379
J233	15	10	71	45	1.2795321615443163
J234	13	10	85	35	1.0572178317556495
J235	15	4	24	31	1.0789644343294515
J236	15	4	64	56	0.14759267272992016
\\ Jobs in machine 22
12
J237	14	8	52	44	1.0762723317498193
J238	13	10	39	63	0.5378054703925814
J239	14	3	22	57	0.702215517882115
J240	15	9	47	47	1.004292251254561
J241	15	11	9	57	1.0744627912829556
J242	14	9	59	19	2.434231495007575
J243	15	2	38	45	0.9538333242540356
J244	13	12	5	32	0.6035700349514806
J245	17	6	86	13	1.3321201990651848
J246	14	11	17	39	0.4858061208155058
J247	15	1	79	32	2.048261059840234
J248	13	13	63	26	1.169056438385699
\\ Jobs in machine 23
10
J249	15	14	103	41	1.5335983930717936
J250	15	3	85	43	0.4642533976750254
J251	16	13	27	47	1.5618405656717511
J252	14	9	77	27	1.92343092672805
J253	15	11	103	11	2.210136067871007
J254	15	12	59	4	1.094648757356628
J255	15	10	45	62	1.571394770592442
J256	14	3	83	28	1.336861237970727
J257	14	5	20	53	1.7946572487958539
J258	13	1	89	35	1.541233935641367
\\ Jobs in machine 24
12
J259	15	5	95	47	0.41154876042014843
J260	13	2	91	49	0.5874069357335622
J261	14	6	19	49	1.5578895657470295
J262	15	5	38	29	1.0803123649923896
J263	17	9	66	51	0.858309651225041
J264	15	14	71	58	0.2768819151046277
J265	14	14	68	48	1.2806990958027604
J266	14	7	86	47	1.532408330028288
J267	15	2	42	54	1.1240410998776271
J268	16	10	100	31	0.3409738218862469
J269	15	11	92	46	1.0583933689071054
J270	14	1	63	32	1.0027053164763169
\\ Jobs in machine 25
12
J271	14	1	93	15	1.3171894253655103
J272	15	2	5	35	0.6712808939823589
J273	13	7	24	9	0.8702966443260429
J274	16	13	3	19	0.859192424428718
J275	15	13	63	5	1.3890099846303823
J276	18	9	38	4	1.218230975626702
J277	15	13	62	12	1.3478821749705447
J278	14	8	105	39	1.7379235117998586
J279	15	10	67	27	1.7569647726933777
J280	14	13	69	35	1.5938164470639644
J281	16	11	2	50	1.7110787401800125
J282	15	8	64	41	1.5040179292629121
\\ Dependencies 
733
1	3
1	4
1	5
1	6
1	8
2	3
2	5
2	7
2	10
2	11
2	12
3	4
3	5
3	9
3	10
3	11
3	12
4	6
4	7
4	9
4	10
4	12
5	6
5	7
5	8
5	12
6	7
6	8
6	9
7	10
8	9
8	11
8	12
9	11
9	12
10	11
10	12
13	14
13	15
13	17
13	18
13	21
13	23
14	15
14	17
14	19
14	20
14	22
15	17
15	18
15	22
15	23
16	17
16	18
16	20
16	21
17	20
17	21
17	23
18	21
18	22
18	23
19	21
19	22
20	21
20	22
20	23
21	23
22	23
24	26
24	28
24	31
24	32
25	28
25	30
25	31
25	33
26	28
26	29
26	34
27	30
27	31
28	29
29	30
29	31
29	34
30	31
30	32
30	33
30	34
33	34
35	43
35	45
36	39
36	41
36	43
36	44
36	45
37	38
37	41
37	43
37	45
38	39
38	40
38	41
38	45
39	41
39	43
39	44
39	45
40	43
41	42
41	45
42	43
42	44
42	45
44	45
46	48
46	50
46	56
47	53
47	55
48	54
48	55
49	50
49	53
49	55
50	55
51	54
51	55
51	56
52	55
53	54
53	55
54	55
55	56
57	58
57	59
57	64
57	67
58	60
58	63
58	68
59	62
59	64
59	67
60	64
60	65
60	66
60	68
61	64
61	65
61	66
61	67
61	68
62	65
62	68
63	68
64	65
64	66
64	67
64	68
66	67
66	68
69	70
69	72
69	73
69	74
69	76
69	79
70	71
70	72
70	74
70	77
70	78
70	79
70	80
71	72
71	74
71	76
71	79
72	73
72	75
72	78
72	79
72	80
73	76
73	77
73	78
73	79
74	77
74	78
74	80
75	76
75	80
76	77
76	78
76	80
77	79
77	80
78	80
81	82
81	83
81	84
81	89
81	91
82	84
82	86
82	89
82	91
83	84
83	85
83	88
83	91
84	85
84	86
84	87
84	90
85	86
85	88
85	89
86	88
86	90
87	88
87	90
88	89
88	91
90	91
92	95
92	96
92	97
92	98
92	100
92	101
93	96
93	97
93	100
93	102
94	95
94	99
94	101
94	102
95	96
95	98
95	102
96	98
96	99
96	100
96	101
96	102
97	100
98	101
99	101
99	102
100	102
101	102
103	104
103	105
103	106
103	109
103	110
103	113
104	106
104	107
104	109
104	110
104	111
104	112
104	114
105	108
105	109
105	111
106	109
106	110
106	111
107	108
107	111
107	112
107	114
108	109
108	110
108	111
108	113
108	114
109	112
109	113
109	114
110	114
111	112
111	114
113	114
115	117
115	118
115	120
115	124
116	117
116	119
116	120
116	121
116	122
116	123
116	124
117	118
117	119
117	120
117	121
117	122
118	120
118	123
118	124
119	120
119	124
120	121
120	123
120	124
121	122
121	123
121	124
122	123
122	124
125	126
125	127
125	128
125	129
125	130
125	131
125	132
125	133
126	129
126	132
126	133
126	134
127	129
127	131
127	132
127	133
127	134
128	129
129	134
130	131
131	133
131	134
132	133
132	134
133	134
135	136
135	139
135	140
135	142
135	143
135	144
135	145
136	139
136	141
136	146
137	139
137	140
137	143
138	141
138	142
138	143
138	146
139	140
139	143
139	144
139	146
140	142
140	145
140	146
141	142
141	144
141	145
142	143
142	145
143	146
144	145
144	146
147	148
147	149
147	152
147	155
147	158
147	159
148	149
148	151
148	154
148	157
149	150
149	152
149	156
149	158
149	159
150	153
150	154
150	156
150	158
150	159
151	153
151	155
151	157
151	158
152	153
152	155
153	154
153	155
153	157
153	158
154	158
154	159
155	157
155	158
155	159
160	161
160	165
160	166
160	167
161	162
161	163
161	165
161	166
161	167
162	165
162	166
162	167
162	168
163	164
163	165
163	166
164	166
165	166
165	167
165	168
166	167
169	170
169	173
169	174
169	177
169	179
170	173
170	176
170	177
170	178
171	172
171	176
171	178
172	173
172	174
172	177
172	179
173	175
173	179
174	175
174	177
174	178
175	177
175	178
175	179
176	177
176	178
177	178
177	179
180	182
180	184
180	190
181	182
181	183
181	184
181	186
181	187
181	189
181	190
182	184
182	185
182	189
182	190
183	185
183	186
183	187
183	190
184	185
184	186
184	187
184	190
185	186
185	187
185	188
185	190
187	188
187	190
189	190
191	193
191	194
191	196
191	197
191	200
191	201
191	202
192	193
192	195
192	197
192	199
192	201
192	202
192	203
193	194
193	195
193	197
193	200
193	202
194	197
194	198
194	200
194	203
195	196
195	197
195	198
195	200
195	202
195	203
196	200
196	202
197	198
197	200
197	202
197	203
199	200
199	201
199	203
200	201
200	202
201	203
202	203
204	206
204	207
204	208
204	210
204	211
204	212
204	213
205	211
205	212
206	208
206	209
206	210
206	211
206	212
207	208
207	209
207	210
207	211
207	212
208	209
208	212
209	210
209	212
209	213
210	212
211	212
211	213
214	215
214	216
214	218
214	219
214	220
214	221
215	216
215	217
215	218
215	219
215	221
215	224
216	218
216	222
216	223
216	224
217	220
217	222
217	223
217	224
218	220
219	223
220	223
220	224
221	222
221	224
222	223
223	224
225	227
225	228
225	230
225	232
225	234
226	228
226	235
226	236
227	228
227	229
227	230
227	231
227	232
227	233
227	234
227	235
227	236
228	230
228	233
228	234
228	235
229	232
229	233
229	234
229	236
230	232
230	234
231	232
231	234
231	235
232	236
233	234
233	235
234	236
237	239
237	246
237	248
238	241
238	243
238	245
238	247
238	248
239	240
239	241
239	245
239	246
239	247
240	242
240	246
240	248
241	242
241	244
241	245
241	246
242	245
242	246
242	248
243	247
243	248
244	245
244	247
244	248
245	246
245	248
246	247
247	248
249	255
249	256
249	257
249	258
250	257
250	258
251	252
251	253
251	255
251	256
252	253
252	256
252	257
252	258
253	255
253	256
253	257
254	257
254	258
255	256
255	258
259	260
259	264
260	261
260	263
260	264
260	267
260	268
260	269
261	263
261	266
261	267
261	268
261	270
262	263
262	265
262	266
262	267
262	268
262	269
262	270
263	265
263	268
264	266
264	267
265	267
265	268
265	270
266	267
266	268
268	270
269	270
271	272
271	276
271	277
271	278
271	280
271	282
272	276
272	277
272	282
273	276
273	278
273	279
273	280
274	279
274	282
275	276
275	280
276	278
276	279
276	280
276	281
277	278
277	281
278	281
279	280
279	282
280	281
281	282
