\\ machines
25
\\ max power
250
\\ Jobs in machine 1
11
J1	15	6	20	38	0.24533723724518086
J2	14	14	51	46	1.2953180956951564
J3	14	3	13	22	1.4229851332002919
J4	15	14	32	55	0.7801893597150009
J5	15	4	33	47	1.2465862619555526
J6	14	14	48	21	1.3846988440058607
J7	13	3	91	55	2.2762401961840304
J8	14	4	110	41	0.8859867862456027
J9	14	1	86	28	1.2736846358036282
J10	15	12	84	20	0.9623931699395558
J11	14	13	11	57	1.4744570233516385
\\ Jobs in machine 2
10
J12	15	1	76	33	0.2429988171185553
J13	14	10	76	59	1.2965668917322588
J14	14	5	2	15	1.548303244726997
J15	15	4	88	36	1.0221204629180192
J16	14	8	55	7	0.5020190305628315
J17	15	6	3	23	1.1024915050658481
J18	12	8	108	36	1.0788894352043588
J19	15	9	70	37	0.3015348624433911
J20	16	3	8	13	0.9179651457766356
J21	14	7	87	29	1.3219550335300105
\\ Jobs in machine 3
11
J22	15	2	47	44	1.3347411504173836
J23	15	12	84	12	1.1720432465377522
J24	14	6	30	19	1.334215962308822
J25	13	11	28	39	1.1048717248763817
J26	14	4	31	38	1.934311183997892
J27	13	14	62	12	0.2548059176488857
J28	16	14	33	25	1.76607330822521
J29	14	12	107	37	1.3990661664405792
J30	13	13	101	3	1.8463534928326224
J31	14	8	11	33	1.4002716334448304
J32	15	9	63	36	0.5530604811940419
\\ Jobs in machine 4
12
J33	16	5	78	12	1.240561703525896
J34	14	1	3	33	1.6175508738319562
J35	14	2	35	39	2.097095662070159
J36	14	7	106	45	0.9474205916110691
J37	14	3	103	54	0.5216865172379211
J38	16	9	86	38	1.4010872358738948
J39	14	1	73	47	0.9428521848868096
J40	14	9	45	50	1.2901225195657695
J41	15	5	28	32	1.3259237175846579
J42	13	7	90	12	1.212098576854559
J43	16	1	87	60	1.620514171530997
J44	14	6	91	61	0.6855261532056436
\\ Jobs in machine 5
14
J45	16	14	29	11	1.494519684563619
J46	12	8	64	21	0.805710854394762
J47	12	14	48	34	2.2281869595744377
J48	13	13	23	33	0.36479064284465557
J49	15	10	45	43	1.1541891527343473
J50	16	1	11	21	1.3561686992928979
J51	14	12	109	11	1.3629147172140552
J52	13	14	80	56	1.6422339868908482
J53	14	13	106	52	0.9396989977631272
J54	16	3	109	31	1.4895630392504964
J55	16	4	39	35	1.3817523647603374
J56	14	12	47	61	0.1
J57	14	1	47	49	1.6484978081845736
J58	14	14	6	17	0.7152052852277725
\\ Jobs in machine 6
11
J59	15	1	3	27	1.4134815988036693
J60	16	6	75	7	1.6651574414927637
J61	13	2	3	16	1.8318756611849896
J62	13	14	42	5	1.5698725535853237
J63	15	7	99	56	1.3003924666841007
J64	16	9	87	4	0.9983901636882625
J65	15	7	47	35	1.3160781930540275
J66	14	10	100	16	1.9422256190860687
J67	14	5	36	37	0.2038279834760255
J68	16	14	25	21	0.7607635837532152
J69	15	13	65	47	0.6457936359152049
\\ Jobs in machine 7
8
J70	15	7	21	57	1.3725949716964514
J71	14	1	44	45	1.4036077629439099
J72	16	4	44	37	0.9618831102970882
J73	13	12	107	6	0.8127917633557542
J74	15	5	78	47	1.396467085397091
J75	15	3	94	54	1.0646138393464923
J76	15	12	25	16	1.7948794046212186
J77	15	3	79	10	0.726125063523454
\\ Jobs in machine 8
11
J78	15	10	75	23	1.7777136245257128
J79	14	11	19	4	0.18532895654351633
J80	16	11	12	32	1.95647387842833
J81	15	8	56	23	0.1
J82	15	14	64	4	1.9505770401036946
J83	14	11	10	21	1.3620528069700253
J84	15	12	102	36	1.8701250519728267
J85	15	14	38	6	1.51899867282695
J86	13	1	93	42	0.99921559031201
J87	14	3	64	17	0.997507872628409
J88	14	9	35	33	1.8032946054635217
\\ Jobs in machine 9
10
J89	13	1	5	19	1.3043662008941022
J90	15	13	10	52	0.7192372743547268
J91	15	1	45	45	0.9831559200520718
J92	16	8	46	38	1.0292845585315977
J93	14	9	77	11	0.47393813693376197
J94	16	12	72	1	0.902564030390277
J95	14	10	64	28	1.4889224716730842
J96	15	9	102	27	2.2748599579789825
J97	14	14	40	23	1.5154590610065901
J98	14	6	7	22	1.1762246515124457
\\ Jobs in machine 10
12
J99	15	10	60	48	1.2555092816511646
J100	14	1	106	43	1.0720318408574117
J101	14	4	81	39	1.2078187174109036
J102	13	8	92	29	0.7989823624492611
J103	16	7	110	49	1.6907127980229073
J104	12	1	3	54	1.401610619900961
J105	16	10	99	7	1.8839495137733153
J106	15	2	74	30	1.0751332903596367
J107	12	12	93	16	1.2475270567468177
J108	15	4	39	13	1.1091070397460596
J109	15	2	11	22	1.1938260556006635
J110	13	14	81	38	0.9980533908821566
\\ Jobs in machine 11
11
J111	15	7	41	53	1.948552781565665
J112	13	7	14	12	0.31590064168445264
J113	16	7	93	26	0.9139120638716369
J114	14	2	72	54	1.850420778588685
J115	14	1	38	25	0.32578863535171865
J116	15	5	28	25	1.343769611269838
J117	14	10	64	50	1.7959652735272473
J118	12	6	98	46	1.4464878689205478
J119	14	2	88	20	1.0669892955035818
J120	15	7	97	19	1.533968021448215
J121	16	7	91	38	0.9288938717930713
\\ Jobs in machine 12
11
J122	15	7	66	3	1.35919761928584
J123	13	12	4	58	1.3260753645831216
J124	15	9	105	59	0.9296434179780094
J125	15	4	10	28	1.0609793328197552
J126	14	8	94	14	1.2252463779945313
J127	15	1	43	34	0.9387704055253432
J128	15	8	61	45	2.536420447002303
J129	15	5	7	24	0.8830783889302822
J130	15	7	6	40	0.5570670946973403
J131	13	6	94	14	1.0792620208267507
J132	14	5	40	25	0.5359318802825177
\\ Jobs in machine 13
9
J133	14	11	105	52	1.5413891328446896
J134	14	2	69	1	0.9745004356000602
J135	15	14	37	10	1.9102098111571544
J136	14	9	97	30	2.121958229238214
J137	13	5	64	30	1.2425954958076602
J138	15	13	87	62	1.3218481006925877
J139	14	9	68	28	1.9093534020219542
J140	13	6	72	7	0.7956189855590087
J141	15	1	33	54	0.5812775323255712
\\ Jobs in machine 14
11
J142	15	5	68	25	0.8587617402584338
J143	14	6	100	29	1.109057523772025
J144	14	8	31	24	1.3568159892553628
J145	14	2	10	30	1.947611308104801
J146	16	4	89	5	1.0290796392844175
J147	14	12	29	41	0.6420706685398185
J148	13	13	67	19	0.7545569634739194
J149	14	9	42	55	0.1
J150	15	1	52	60	1.7726197190204114
J151	14	6	100	20	0.7051358508089918
J152	12	8	67	55	1.5033718838833947
\\ Jobs in machine 15
9
J153	13	2	33	59	2.1579552625987457
J154	14	14	56	17	0.925375462937628
J155	16	13	105	53	0.6923678245696094
J156	13	14	69	10	0.8108260523526511
J157	12	12	89	53	1.4492027860178134
J158	15	5	11	41	3.1476373851317465
J159	14	2	75	23	1.7950928522825014
J160	13	5	9	31	1.8993266385362912
J161	15	10	14	43	0.7242078317833283
\\ Jobs in machine 16
11
J162	14	2	67	13	0.9677290775175835
J163	15	12	14	44	1.5673226872974368
J164	15	14	40	19	1.0337427566123822
J165	16	2	61	47	0.8874877414510023
J166	15	4	3	15	0.6549506025208908
J167	13	14	38	51	1.0578354745116914
J168	15	10	54	57	1.5023297389010097
J169	14	3	65	28	1.1544155762309147
J170	15	1	91	43	1.2988163004974957
J171	16	6	16	36	1.3920486393711686
J172	14	2	65	46	1.9551859412214272
\\ Jobs in machine 17
12
J173	12	5	63	14	1.3698585388121933
J174	15	14	16	24	1.3852148731834752
J175	14	11	99	52	1.173780960128003
J176	16	3	39	59	1.0634368711431885
J177	14	13	67	25	1.4296519437837059
J178	14	11	68	21	1.5499298100973866
J179	15	8	51	23	1.8937496662182147
J180	16	12	16	3	1.2473516777521922
J181	14	6	99	10	0.4945588432711192
J182	14	11	108	7	1.1631528316703568
J183	16	14	44	41	1.3007557715079712
J184	13	13	56	52	1.8954018642816979
\\ Jobs in machine 18
12
J185	14	6	36	7	1.8523068054263094
J186	15	10	24	40	1.1790207174506786
J187	15	9	69	2	1.079001524772623
J188	14	4	93	48	0.756979370606644
J189	15	14	91	44	1.0627544280975907
J190	15	7	88	9	0.5168844779748315
J191	15	8	35	43	0.19380726821326721
J192	16	14	107	45	0.8747705034735107
J193	14	7	107	47	0.8743900392487229
J194	14	4	82	37	0.3427228060026438
J195	14	14	86	11	1.7025834138497875
J196	14	14	78	51	0.7914169877855852
\\ Jobs in machine 19
13
J197	16	2	34	45	1.2911019172769589
J198	14	13	60	51	1.0008354500366003
J199	14	4	87	25	0.6640402161725191
J200	16	12	40	49	1.9180769592843503
J201	12	6	15	15	1.5006007691085324
J202	15	7	47	23	1.7607632462332732
J203	15	3	53	49	1.0604419108992966
J204	16	14	95	12	1.1051824113060458
J205	13	8	20	18	0.8492236836362204
J206	13	2	89	34	2.0224477453494347
J207	14	12	81	46	0.8047330139497619
J208	14	5	110	4	1.2423757693441833
J209	14	1	86	8	1.2793755510200218
\\ Jobs in machine 20
11
J210	14	3	36	25	0.5188998169198968
J211	15	9	94	17	1.983478825275634
J212	15	10	65	16	1.83253116592584
J213	15	3	10	6	1.3112380776635852
J214	13	7	29	15	1.3908446985012155
J215	16	11	80	49	1.16567323484766
J216	15	3	78	17	2.3867087251806014
J217	15	14	42	16	1.4886776772619688
J218	15	9	106	19	0.9279199366861118
J219	14	7	32	4	0.49729875008977686
J220	13	14	86	50	1.0473667876145212
\\ Jobs in machine 21
13
J221	13	5	34	28	1.9429501278644068
J222	15	5	95	56	1.4402323373914612
J223	16	11	95	15	0.1
J224	13	10	100	5	1.0202726921089789
J225	15	3	41	52	0.8877366864653624
J226	14	12	39	5	1.280571763614707
J227	15	6	83	11	0.15063938899911866
J228	16	6	52	54	0.5319884657164295
J229	14	6	15	26	0.7918351007442874
J230	15	6	35	38	1.7250260875343033
J231	13	2	25	32	0.8255665394494098
J232	14	11	92	56	1.5216322850921
J233	14	12	40	63	1.4161369358685163
\\ Jobs in machine 22
11
J234	14	14	11	15	1.4110994250123843
J235	16	4	92	44	1.3801217430427908
J236	16	5	105	1	1.3993420432475376
J237	13	12	18	56	0.9118053121791445
J238	14	14	58	50	1.3555332149710482
J239	12	7	3	46	1.157667218847562
J240	13	10	31	59	0.16817003644072304
J241	15	7	15	56	1.6287767117512084
J242	13	10	101	3	1.536143925316002
J243	15	10	31	27	1.1769131751248019
J244	13	4	22	36	1.5192666072430716
\\ Jobs in machine 23
10
J245	15	3	99	15	0.868553643723539
J246	14	11	23	20	0.7251513789922875
J247	14	12	73	38	0.24422231080754297
J248	12	5	23	60	1.2731546598652377
J249	14	12	79	37	0.6841752663129919
J250	15	9	75	23	0.9606812691337137
J251	13	12	59	44	0.6732288248015673
J252	14	4	15	12	1.7642434167448875
J253	15	6	52	30	0.10163515394205014
J254	15	7	25	19	1.519096793315383
\\ Jobs in machine 24
13
J255	15	2	61	44	0.9611970405809073
J256	14	9	102	54	1.1746405303924874
J257	16	8	96	18	1.0384786827605412
J258	14	11	22	16	0.772906152447066
J259	14	4	41	40	1.6000527643068998
J260	16	11	51	11	0.970718709961501
J261	14	13	14	42	1.5287460227877732
J262	15	14	66	39	0.8241869952727512
J263	15	12	42	24	1.4299049220456668
J264	15	4	78	12	1.6612000068478143
J265	14	5	56	51	1.8678999324403789
J266	14	12	70	52	1.2382808299383476
J267	14	4	8	38	1.2129073342101186
\\ Jobs in machine 25
11
J268	13	11	56	61	0.7362063198225464
J269	14	2	37	52	0.1
J270	16	4	7	28	1.5380336657607676
J271	16	3	32	20	0.7578390034934827
J272	15	8	64	1	1.201437622787851
J273	13	13	105	63	1.3973414418017023
J274	15	8	104	3	1.8514928396772221
J275	13	13	95	57	1.8120999241019509
J276	15	6	39	2	0.5306409666790316
J277	14	8	65	23	0.6947447462483549
J278	13	11	17	1	1.4895158183400554
\\ Dependencies 
1156
1	2
1	3
1	4
1	5
1	6
1	7
1	8
1	9
1	10
1	11
2	3
2	4
2	5
2	6
2	8
2	10
2	11
3	4
3	6
3	7
3	8
3	9
3	10
3	11
4	5
4	6
4	7
4	9
4	10
4	11
5	6
5	7
5	8
5	9
5	10
5	11
6	8
6	9
6	10
6	11
7	8
7	10
7	11
8	10
9	11
12	14
12	15
12	16
12	17
12	18
12	19
13	14
13	15
13	16
13	18
13	19
13	21
14	15
14	16
14	17
14	18
14	19
14	20
14	21
15	16
15	17
15	18
16	17
16	18
16	19
16	20
16	21
17	18
17	19
17	20
18	19
18	20
18	21
19	20
19	21
22	23
22	24
22	27
22	29
22	30
22	31
23	24
23	25
23	26
23	27
23	28
23	29
23	30
23	31
23	32
24	26
24	27
24	28
24	29
24	30
24	31
24	32
25	26
25	27
25	31
25	32
26	27
26	29
26	31
26	32
27	28
27	29
27	30
27	31
27	32
28	29
28	32
29	31
29	32
30	31
30	32
31	32
33	34
33	35
33	36
33	37
33	38
33	39
33	40
33	41
33	42
33	44
34	35
34	36
34	37
34	38
34	40
34	41
34	42
34	43
34	44
35	36
35	37
35	40
35	41
35	42
35	43
35	44
36	38
36	39
36	40
36	41
36	42
36	43
37	38
37	40
37	41
37	42
37	43
37	44
38	39
38	40
38	41
38	42
38	43
38	44
39	41
39	42
39	43
39	44
40	41
40	42
40	43
41	42
41	43
41	44
42	43
43	44
45	46
45	47
45	48
45	49
45	50
45	51
45	52
45	53
45	55
45	56
45	57
45	58
46	47
46	48
46	50
46	51
46	52
46	53
46	55
46	56
46	57
46	58
47	48
47	49
47	50
47	52
47	54
47	55
47	57
47	58
48	49
48	50
48	52
48	53
48	55
48	56
48	57
48	58
49	50
49	51
49	52
49	53
49	54
49	55
49	56
49	57
49	58
50	51
50	52
50	53
50	55
50	56
50	57
50	58
51	52
51	53
51	56
51	57
51	58
52	53
52	54
52	55
52	56
52	57
52	58
53	54
53	55
53	57
54	56
54	57
54	58
55	57
55	58
56	57
56	58
57	58
59	60
59	61
59	62
59	65
59	66
59	67
59	68
59	69
60	61
60	62
60	63
60	64
60	65
60	66
60	67
60	69
61	62
61	63
61	64
61	65
61	66
61	67
61	68
61	69
62	63
62	65
62	66
62	67
62	68
62	69
63	64
63	65
63	66
63	67
64	66
64	67
64	68
65	68
65	69
66	67
66	68
66	69
67	68
67	69
68	69
70	72
70	74
70	75
70	76
70	77
71	72
71	73
71	74
71	75
71	76
71	77
72	73
72	74
72	75
72	76
72	77
73	75
73	76
73	77
74	75
74	77
75	76
75	77
76	77
78	79
78	80
78	81
78	83
78	85
78	88
79	80
79	81
79	82
79	83
79	84
79	85
79	86
79	87
80	82
80	85
80	86
80	87
80	88
81	82
81	83
81	85
81	86
81	87
81	88
82	83
82	84
82	85
82	86
82	88
83	84
83	85
83	86
84	86
84	87
84	88
85	86
85	87
85	88
86	87
86	88
87	88
89	90
89	92
89	93
89	95
89	97
89	98
90	91
90	92
90	94
90	95
90	97
90	98
91	92
91	93
91	95
91	96
91	97
91	98
92	94
92	96
92	97
92	98
93	95
93	96
93	97
93	98
94	95
94	96
94	97
94	98
95	96
96	97
96	98
97	98
99	100
99	102
99	103
99	105
99	106
99	107
99	108
99	109
99	110
100	102
100	103
100	105
100	106
100	107
100	108
100	110
101	102
101	103
101	105
101	106
101	107
101	108
101	109
101	110
102	103
102	104
102	105
102	106
102	107
102	108
102	110
103	104
103	105
103	106
103	107
103	108
103	110
104	105
104	106
104	107
104	108
104	109
104	110
105	106
105	108
105	109
105	110
106	107
106	108
106	109
106	110
107	108
107	109
108	109
108	110
109	110
111	113
111	114
111	115
111	116
111	117
111	119
111	120
111	121
112	113
112	114
112	115
112	118
112	120
113	115
113	116
113	117
113	118
113	119
113	120
113	121
114	116
114	117
114	118
114	120
114	121
115	116
115	117
115	119
115	120
115	121
116	117
116	118
116	119
117	118
117	119
117	120
117	121
118	120
118	121
119	121
120	121
122	123
122	124
122	125
122	126
122	127
122	128
122	129
122	130
122	131
123	124
123	125
123	127
123	128
123	129
123	130
124	125
124	126
124	127
124	128
124	129
124	131
124	132
125	126
125	127
125	129
125	130
125	131
125	132
126	128
126	130
126	131
126	132
127	128
127	131
127	132
128	129
128	130
128	131
128	132
129	130
129	131
130	131
130	132
131	132
133	134
133	135
133	137
133	138
133	139
133	140
133	141
134	135
134	136
134	137
134	138
134	139
134	140
134	141
135	136
135	137
135	138
135	139
135	141
136	139
136	140
136	141
137	138
137	140
137	141
138	139
138	140
139	140
139	141
140	141
142	143
142	144
142	145
142	146
142	147
142	148
142	149
142	151
142	152
143	144
143	145
143	146
143	147
143	148
143	149
143	152
144	145
144	146
144	147
144	148
144	149
144	150
144	152
145	146
145	148
145	149
145	150
145	151
145	152
146	147
146	150
146	151
146	152
147	148
147	149
147	150
147	151
148	150
148	151
148	152
149	150
149	151
149	152
150	151
150	152
151	152
153	154
153	155
153	156
153	157
153	158
153	159
153	161
154	155
154	156
154	157
154	159
154	160
154	161
155	156
155	157
155	158
155	159
155	160
155	161
156	157
156	158
156	159
156	160
156	161
157	158
157	160
157	161
158	159
158	160
159	160
159	161
160	161
162	163
162	164
162	165
162	166
162	168
162	169
162	171
162	172
163	164
163	165
163	166
163	167
163	168
163	169
163	170
163	171
163	172
164	165
164	166
164	167
164	169
164	170
164	171
164	172
165	168
165	169
165	170
166	167
166	168
166	170
166	171
166	172
167	169
167	170
167	171
168	169
168	170
168	171
169	170
169	171
169	172
170	171
170	172
171	172
173	174
173	175
173	176
173	177
173	178
173	179
173	180
173	181
174	175
174	176
174	179
174	180
174	181
174	182
174	183
174	184
175	176
175	177
175	178
175	181
175	183
175	184
176	177
176	179
176	180
176	181
176	182
176	183
176	184
177	179
177	180
177	181
177	182
177	183
177	184
178	179
178	180
178	181
178	182
179	180
179	181
179	183
179	184
180	181
180	182
180	183
180	184
181	182
181	183
182	183
182	184
183	184
185	186
185	187
185	188
185	190
185	191
185	193
185	194
186	187
186	188
186	190
186	192
186	193
186	194
186	195
186	196
187	188
187	189
187	192
187	193
187	195
187	196
188	189
188	190
188	192
188	193
188	194
188	196
189	190
189	191
189	192
189	193
189	194
189	195
189	196
190	191
190	192
190	194
190	195
191	192
191	193
191	194
191	195
191	196
192	193
192	194
192	195
192	196
193	195
193	196
194	196
197	198
197	199
197	201
197	202
197	203
197	204
197	205
197	207
197	208
198	199
198	200
198	201
198	202
198	203
198	204
198	205
198	206
198	207
198	209
199	202
199	203
199	204
199	207
199	208
199	209
200	202
200	203
200	204
200	205
200	207
200	208
200	209
201	202
201	203
201	204
201	205
201	207
201	208
201	209
202	203
202	205
202	206
202	208
202	209
203	205
203	207
203	209
204	206
204	207
204	208
204	209
205	206
205	207
205	208
205	209
206	207
206	208
206	209
207	208
207	209
210	211
210	212
210	213
210	214
210	215
210	216
210	217
210	218
210	220
211	213
211	214
211	215
211	216
211	217
211	218
211	219
212	213
212	214
212	215
212	216
212	217
212	219
212	220
213	214
213	215
213	216
213	217
213	218
213	219
213	220
214	215
214	216
214	217
214	218
214	219
214	220
215	216
215	217
215	218
215	219
216	217
216	218
216	219
217	218
217	219
217	220
218	219
218	220
219	220
221	222
221	223
221	224
221	225
221	226
221	227
221	228
221	229
221	230
221	231
222	223
222	225
222	226
222	227
222	228
222	230
222	231
222	232
222	233
223	224
223	226
223	227
223	228
223	230
223	231
223	232
223	233
224	225
224	227
224	228
224	229
224	230
224	232
224	233
225	226
225	227
225	229
225	230
225	232
225	233
226	227
226	228
226	229
226	230
226	231
227	228
227	230
227	232
227	233
228	229
228	230
228	232
228	233
229	230
229	231
229	232
229	233
230	231
230	232
230	233
231	232
231	233
234	235
234	236
234	239
234	240
234	241
234	242
234	243
234	244
235	236
235	237
235	238
235	240
235	241
235	243
235	244
236	237
236	238
236	239
236	241
236	242
236	243
236	244
237	238
237	239
237	240
237	241
237	242
237	243
237	244
238	239
238	240
238	241
238	242
238	244
239	240
239	241
239	242
239	243
240	241
240	242
240	243
240	244
241	242
241	243
241	244
242	244
243	244
245	246
245	247
245	249
245	250
245	251
245	252
245	253
245	254
246	248
246	249
246	250
246	251
246	252
246	253
246	254
247	248
247	249
247	250
247	251
247	252
247	253
248	250
248	251
248	252
248	253
248	254
249	250
249	251
249	252
249	253
249	254
250	251
250	253
251	253
251	254
252	253
252	254
253	254
255	256
255	257
255	258
255	259
255	260
255	261
255	262
255	263
255	264
255	265
255	266
255	267
256	258
256	259
256	261
256	262
256	263
256	264
256	265
256	266
256	267
257	258
257	260
257	261
257	262
257	263
257	266
257	267
258	259
258	260
258	261
258	263
258	264
258	265
258	266
258	267
259	262
259	264
259	265
259	266
259	267
260	261
260	262
260	264
260	265
260	266
261	262
261	263
261	264
261	265
261	267
262	263
262	264
262	265
262	266
263	264
263	265
263	266
263	267
264	265
264	266
264	267
265	267
266	267
268	269
268	270
268	271
268	274
268	275
268	276
268	277
269	273
269	274
269	276
269	277
269	278
270	271
270	272
270	273
270	274
270	275
270	276
270	277
271	272
271	273
271	274
271	276
271	278
272	273
272	274
272	275
272	276
273	274
273	276
273	277
273	278
274	275
274	276
274	277
274	278
275	276
275	277
275	278
276	277
276	278
277	278
