\\ machines
15
\\ max power
150
\\ Jobs in machine 1
13
J1	13	9	36	48	0.1
J2	14	9	77	58	1.6992567922946487
J3	13	12	106	102	0.7843410933820292
J4	15	8	82	83	1.3098954469007003
J5	15	2	35	30	0.9149314505461226
J6	15	6	41	22	0.8008683130835907
J7	16	2	26	42	1.4850493147946895
J8	13	11	58	21	1.5206915233243483
J9	16	10	22	58	0.8932319563475282
J10	17	5	71	23	1.8104425982087595
J11	15	14	10	67	1.891846490906125
J12	13	7	76	47	1.1102223452352213
J13	12	14	104	14	2.156055697549869
\\ Jobs in machine 2
11
J14	15	9	38	94	1.1771844734013373
J15	13	12	21	45	1.0317253045382653
J16	15	3	22	50	0.5969139217826086
J17	13	13	43	42	2.1073194297020548
J18	14	12	15	81	0.1
J19	14	4	8	11	1.5822886262480451
J20	15	7	49	68	0.6373071079986641
J21	14	3	32	45	1.548360369037685
J22	13	10	75	93	0.3643288215344431
J23	15	11	36	63	1.8138503240650414
J24	15	2	54	27	2.248640922500414
\\ Jobs in machine 3
11
J25	14	14	70	34	0.6304628880589865
J26	13	6	85	58	1.2179273191221804
J27	13	1	23	59	0.9416696953405417
J28	16	13	24	11	1.6765552941857322
J29	15	8	16	59	1.762819568386334
J30	15	10	89	13	1.4095667727126544
J31	14	11	72	14	0.2972233201727513
J32	15	9	96	13	0.36308455525474637
J33	15	5	104	72	0.9411292256694488
J34	15	11	97	74	1.7924306477719498
J35	16	12	31	7	1.143302080731285
\\ Jobs in machine 4
12
J36	15	11	2	8	0.7590589466519088
J37	15	4	56	30	1.4948995330734913
J38	16	11	44	13	1.0671791774650008
J39	13	14	17	48	2.0111542138301304
J40	14	3	79	50	0.7292532177026455
J41	14	12	33	53	0.1
J42	15	10	78	53	0.4279401991264965
J43	15	7	61	18	0.9672204817485395
J44	14	10	109	72	0.9032011289155992
J45	14	2	44	87	1.677531701877543
J46	16	1	7	65	0.33500768903439093
J47	15	5	8	103	1.2528046222981675
\\ Jobs in machine 5
10
J48	14	3	16	107	1.1957444962060904
J49	14	12	42	102	1.5119144057039269
J50	14	13	38	69	1.0224551815120524
J51	14	6	3	35	1.3649203694820924
J52	14	5	95	73	1.1972701832542156
J53	14	13	74	5	1.2972347007445375
J54	14	13	12	37	1.164599437860241
J55	15	7	94	4	1.647598147687557
J56	13	2	100	101	1.1561166414880262
J57	14	2	70	58	1.273732827084773
\\ Jobs in machine 6
13
J58	14	5	41	49	0.6014806013914611
J59	14	3	59	30	2.071211640136095
J60	15	13	61	17	1.3980712589386841
J61	14	13	41	67	0.9200195599220038
J62	14	3	28	53	0.9277094054598364
J63	14	14	106	43	1.8773121052742374
J64	14	1	75	56	1.368465007410441
J65	15	3	107	6	1.0824734659372466
J66	15	3	32	42	2.540584004007382
J67	13	14	64	33	1.5754810851163987
J68	16	14	78	61	0.21446452535070648
J69	14	4	78	95	1.427220110884038
J70	15	2	67	48	0.7126987264219609
\\ Jobs in machine 7
11
J71	16	9	72	85	0.5646100970258725
J72	15	8	71	29	1.4492570307269976
J73	13	2	25	44	1.2945827155247094
J74	15	2	28	85	1.6340041088622022
J75	15	1	84	81	1.0577959171498554
J76	13	7	83	87	1.4412647781266095
J77	13	3	63	91	0.7979447493358536
J78	15	13	57	70	1.4089492851594563
J79	14	3	5	98	1.889119883822448
J80	15	5	39	41	0.9159949226106999
J81	14	10	102	4	1.5172595859094453
\\ Jobs in machine 8
11
J82	14	10	80	77	1.6683884698484142
J83	15	13	47	18	0.7453646034541872
J84	15	8	63	5	1.2518359318248438
J85	14	2	31	37	1.7172438719966188
J86	14	5	41	106	1.764324798470228
J87	16	3	24	34	2.1216800723426594
J88	15	13	92	23	1.2090117826763946
J89	14	14	54	39	1.6993875608458597
J90	14	13	97	88	0.6944266134967071
J91	16	11	20	3	1.929642185089075
J92	13	3	42	24	1.3068508794719924
\\ Jobs in machine 9
12
J93	14	6	80	94	0.1
J94	13	2	13	43	2.0927640734356485
J95	15	8	73	103	1.254078586192795
J96	14	14	10	31	1.739563280061418
J97	15	12	109	34	0.8849811658595363
J98	16	7	6	47	1.3782016388064986
J99	16	12	108	42	1.7933370086434126
J100	15	1	69	2	1.3331239823464913
J101	15	9	5	19	0.7783017005716097
J102	13	14	25	28	1.08889342669805
J103	13	10	45	98	1.7825306496918967
J104	15	12	24	104	1.379693412654712
\\ Jobs in machine 10
10
J105	14	1	33	54	0.7233833756445742
J106	15	3	108	70	1.5289704208772763
J107	15	12	63	105	1.3083533012481472
J108	13	7	46	83	1.366697464106738
J109	11	11	81	41	1.0877405098556352
J110	15	6	90	13	0.8453083797898047
J111	14	6	51	84	1.2463936796289121
J112	14	6	93	61	0.4142118177060079
J113	14	14	88	86	0.1
J114	14	3	103	69	1.1615815272051597
\\ Jobs in machine 11
10
J115	15	7	30	108	1.4722763646454295
J116	16	12	91	106	0.7588359599735133
J117	15	2	58	91	2.0547935495974032
J118	14	14	39	3	1.2913167585386394
J119	14	2	26	37	0.8475484602303252
J120	13	4	50	48	0.7537963328221717
J121	16	12	77	16	1.2783975525420797
J122	14	5	104	55	1.1885120503724844
J123	17	1	24	81	1.1291809203038994
J124	15	12	25	60	1.4944519216416807
\\ Jobs in machine 12
11
J125	14	9	77	84	1.2826043118328323
J126	14	13	78	107	1.5888963280312183
J127	15	7	13	31	0.6684332044722746
J128	14	6	76	61	1.0537509719004028
J129	14	10	63	112	0.2854009663750987
J130	13	13	30	32	1.801691898093996
J131	16	13	52	57	1.357099390295528
J132	14	2	25	76	1.34401408096203
J133	13	11	41	49	1.5292099834386041
J134	16	8	104	40	1.4031952141557797
J135	17	5	70	42	1.7843940393445965
\\ Jobs in machine 13
12
J136	15	9	99	35	0.8360193613192515
J137	14	6	40	20	1.6495307309117129
J138	13	14	39	23	0.867129911252537
J139	14	9	52	22	1.3475170708292747
J140	12	1	76	46	0.9224597952019828
J141	15	6	105	65	1.8306612464812164
J142	16	9	14	45	1.8949492520799809
J143	14	4	110	88	1.24208079073709
J144	14	10	60	63	1.377601218792991
J145	14	9	10	67	0.4549135950290719
J146	13	12	25	9	1.2419616351055487
J147	14	2	33	78	0.5756728192604033
\\ Jobs in machine 14
11
J148	15	6	22	22	1.9137482700722268
J149	16	7	32	77	1.6040984149561637
J150	15	11	74	50	1.5130307710941762
J151	14	7	81	95	1.5298743712253613
J152	13	3	4	62	0.773858079589158
J153	16	12	35	98	1.3937312545360618
J154	15	7	8	96	2.415881989399958
J155	15	4	92	56	1.6762831288653754
J156	17	8	88	37	1.5002701270466872
J157	15	1	7	95	1.3603421285424402
J158	13	13	66	39	1.2379427987338207
\\ Jobs in machine 15
11
J159	14	6	108	19	1.4650123836141404
J160	15	6	108	36	1.349758123742236
J161	13	9	19	1	0.965892930466619
J162	13	7	23	113	1.1613431490888122
J163	13	14	88	35	1.261905284562957
J164	13	2	43	54	0.4012090492627792
J165	14	9	77	30	0.6671579614202957
J166	15	9	99	5	1.022349622531495
J167	14	1	42	52	0.5643010276401169
J168	14	5	61	60	1.455786748284267
J169	14	6	65	55	1.1510612216418394
\\ Dependencies 
598
1	2
1	3
1	5
1	7
1	9
1	12
1	13
2	3
2	6
2	8
2	9
2	10
3	4
3	6
3	7
3	9
3	11
3	12
3	13
4	5
4	7
4	9
4	10
4	11
4	13
5	6
5	7
5	9
5	12
5	13
6	7
6	8
6	9
6	10
6	11
6	12
6	13
7	9
7	10
7	11
7	13
8	9
8	10
9	10
9	11
9	12
10	11
10	13
11	12
11	13
12	13
14	15
14	16
14	17
14	18
14	19
14	20
14	21
14	22
14	23
14	24
15	16
15	17
15	18
15	19
15	20
15	22
15	23
15	24
16	17
16	18
16	19
16	20
16	22
16	23
16	24
17	18
17	21
17	22
17	24
18	19
18	22
18	24
19	22
19	24
20	21
20	24
21	24
22	23
22	24
25	29
25	30
25	31
25	33
25	34
26	27
26	28
26	29
26	30
26	31
26	32
26	34
26	35
27	28
27	29
27	30
27	31
27	32
27	35
28	29
28	30
28	31
28	32
28	33
28	35
29	30
29	31
29	32
29	34
29	35
30	33
31	32
31	34
31	35
32	34
33	34
36	37
36	40
36	41
36	42
36	43
36	44
36	45
36	46
37	39
37	40
37	41
37	42
37	43
37	44
37	46
37	47
38	39
38	41
38	43
38	44
38	45
38	47
39	40
39	41
39	42
39	43
39	44
39	45
39	46
39	47
40	42
40	43
40	44
40	47
41	42
41	43
41	45
41	46
42	44
42	45
42	47
43	45
43	46
44	45
44	46
45	46
45	47
46	47
48	49
48	51
48	52
48	54
49	50
49	51
49	52
49	53
49	55
49	56
49	57
50	52
50	55
50	56
51	54
51	55
51	56
51	57
52	54
52	55
52	57
53	55
53	56
53	57
54	55
54	56
54	57
55	56
55	57
58	59
58	61
58	62
58	63
58	64
58	65
58	66
58	68
58	70
59	61
59	62
59	65
59	66
59	68
60	61
60	62
60	64
60	65
60	66
60	67
60	68
60	70
61	62
61	64
61	65
61	66
61	67
61	68
62	63
62	65
62	66
62	67
62	68
62	69
63	64
63	67
63	68
63	70
64	65
64	66
64	67
64	69
64	70
65	67
65	68
65	69
65	70
66	67
66	68
66	70
67	68
67	69
68	69
69	70
71	73
71	75
71	76
71	77
71	78
71	79
71	80
72	74
72	77
72	78
73	74
73	75
73	76
73	77
73	78
73	79
73	81
74	75
74	76
74	77
74	78
74	80
74	81
75	77
75	78
75	81
76	77
76	78
76	79
77	78
77	79
77	80
77	81
78	79
78	80
78	81
79	81
80	81
82	83
82	84
82	85
82	87
82	89
82	90
82	91
82	92
83	84
83	85
83	87
83	88
83	89
83	92
84	85
84	86
84	88
84	89
84	90
84	91
84	92
85	86
85	87
85	89
85	90
85	91
85	92
86	87
86	89
86	92
87	88
87	89
87	90
87	92
88	89
88	90
88	91
88	92
89	90
89	92
90	92
93	95
93	96
93	98
93	99
93	100
93	101
93	102
93	103
93	104
94	95
94	96
94	97
94	99
94	100
94	101
94	104
95	96
95	97
95	98
95	100
95	101
95	102
95	104
96	100
96	101
96	102
96	103
97	98
97	100
97	101
97	103
98	99
98	101
98	102
98	104
99	100
99	101
99	102
99	103
99	104
100	102
101	104
102	103
102	104
103	104
105	107
105	108
105	109
105	110
105	111
105	112
106	107
106	108
106	109
106	111
106	113
107	108
107	109
107	110
107	113
107	114
108	109
108	112
108	113
109	111
109	112
109	113
110	111
110	112
110	114
112	113
115	116
115	119
115	120
115	121
115	123
115	124
116	118
116	119
116	120
116	121
116	124
117	118
117	120
117	121
117	122
118	120
118	122
118	123
118	124
119	120
119	122
119	124
120	121
120	122
120	123
120	124
121	123
121	124
123	124
125	126
125	130
125	131
125	133
126	127
126	128
126	130
126	131
126	132
126	133
126	135
127	129
127	130
127	131
127	132
127	135
128	129
129	131
129	133
129	134
130	134
130	135
131	132
131	133
131	134
131	135
132	133
132	135
133	134
133	135
134	135
136	137
136	138
136	139
136	140
136	141
136	142
136	145
136	146
136	147
137	138
137	140
137	141
137	143
137	144
137	146
138	140
138	141
138	142
138	143
138	144
138	145
138	146
138	147
139	140
139	141
139	142
139	143
139	144
139	145
140	141
140	142
140	143
140	145
140	146
140	147
141	145
141	146
141	147
142	143
142	144
142	145
143	144
143	146
143	147
144	145
144	146
144	147
145	146
148	149
148	150
148	151
148	152
148	153
148	154
148	155
148	156
148	157
148	158
149	150
149	151
149	152
149	153
149	154
149	155
149	158
150	151
150	152
150	153
150	154
150	155
150	156
150	157
150	158
151	154
151	155
151	157
151	158
152	153
152	157
152	158
153	154
153	156
154	158
155	156
155	157
155	158
156	157
156	158
157	158
159	160
159	161
159	162
159	163
159	164
159	165
159	166
159	167
160	161
160	162
160	164
160	165
160	166
160	167
160	168
160	169
161	162
161	164
161	165
161	167
161	168
161	169
162	163
162	164
162	167
162	168
163	164
163	165
163	167
163	168
163	169
164	165
164	166
164	167
164	168
164	169
165	166
165	167
165	169
166	167
166	168
167	168
