\\ machines
18
\\ max power
180
\\ Jobs in machine 1
11
J1	14	11	78	45	1.5882985877140434
J2	13	6	98	4	0.8722176564780244
J3	14	14	68	9	1.8131798933405046
J4	14	4	29	16	1.370119060106105
J5	13	6	44	5	1.3142543873046777
J6	16	8	109	43	1.4725406890236084
J7	15	8	29	5	1.9015697233997688
J8	16	7	31	35	1.319130343639857
J9	12	11	66	5	1.5411273045893705
J10	16	12	24	13	1.2238528230976196
J11	14	10	15	20	0.9558975544825832
\\ Jobs in machine 2
12
J12	16	8	51	45	1.4813650980402013
J13	15	5	110	44	1.0604347556087474
J14	15	8	34	18	1.4183838101603845
J15	15	4	46	6	1.1669860108129888
J16	16	4	101	18	1.2986611073074918
J17	16	7	11	27	1.2569027193635562
J18	17	5	40	44	0.9342411455682
J19	14	1	56	44	1.8128808833480599
J20	15	5	82	30	1.6533378153480518
J21	14	6	43	39	1.2336050401176344
J22	14	11	36	9	1.6945504313851554
J23	14	8	36	40	0.38692385068036406
\\ Jobs in machine 3
11
J24	15	2	20	25	0.8027437386741344
J25	15	14	72	10	0.6304421955104679
J26	15	14	97	20	1.131887892291981
J27	14	3	110	2	1.1613355890330426
J28	14	5	36	44	0.785666973501557
J29	15	11	88	12	0.5151688173085831
J30	15	7	105	3	1.2500754039611417
J31	14	2	100	44	0.9438229494014925
J32	13	6	61	31	1.2602335123573056
J33	15	1	75	38	0.8742347031202212
J34	14	5	89	34	0.7480331064360237
\\ Jobs in machine 4
11
J35	13	1	78	31	2.2343953522526663
J36	13	11	107	41	2.264641885344147
J37	13	8	10	42	1.2969708443770935
J38	16	10	23	35	0.5911803942724863
J39	14	1	95	45	2.124342934325412
J40	15	9	88	26	1.2247370871803276
J41	14	7	79	16	0.9140081295682466
J42	14	11	18	20	0.9814773249592946
J43	16	11	55	2	1.4915042111186336
J44	14	14	37	14	0.8536092595042666
J45	13	5	75	32	1.37328352885204
\\ Jobs in machine 5
9
J46	15	2	27	14	1.2849450536306257
J47	15	8	38	41	1.223643789920922
J48	15	6	15	39	0.3542123435574418
J49	14	4	3	42	1.5636874200021043
J50	15	12	72	32	1.8735219873139863
J51	15	4	87	12	1.2302815076722207
J52	14	11	6	2	2.405653210524692
J53	14	11	61	20	1.9120595209056046
J54	15	6	34	4	1.555577062692925
\\ Jobs in machine 6
10
J55	14	7	47	32	1.6010179668883269
J56	14	13	4	31	0.47361599761874484
J57	15	8	91	30	1.6042942809482144
J58	13	12	46	21	0.5778097809755309
J59	16	12	58	27	0.9153802501511366
J60	15	2	30	7	1.4696949391518297
J61	15	13	67	16	2.360184043926611
J62	14	2	40	1	1.0718030148892457
J63	11	9	101	13	1.49042702583111
J64	15	7	91	31	1.4431647217802257
\\ Jobs in machine 7
11
J65	13	6	39	23	0.906828583403927
J66	13	8	35	12	0.8152425361102495
J67	14	1	90	10	1.1242148123977473
J68	14	8	40	25	1.5085651250574177
J69	14	8	81	12	0.1
J70	16	4	58	18	0.5923945285864401
J71	14	14	23	10	0.44865497771358087
J72	14	14	8	18	0.9826397080032446
J73	13	14	70	24	1.23594859096979
J74	18	14	30	32	1.4204268753779699
J75	15	9	102	8	1.775778415918609
\\ Jobs in machine 8
11
J76	15	14	33	19	1.383934951348749
J77	14	11	37	9	0.7563138581002458
J78	15	1	71	29	0.1
J79	13	6	18	25	0.5044977623345716
J80	14	5	35	1	1.4242520991015084
J81	16	2	83	15	0.6323464060744429
J82	14	7	48	29	2.1595045679524003
J83	12	6	60	18	1.7196999321056625
J84	14	12	63	24	0.6318378318086038
J85	15	8	28	6	1.6297797108059875
J86	14	5	23	41	0.6248003177401913
\\ Jobs in machine 9
12
J87	13	9	11	42	1.2607713341855389
J88	13	1	52	31	1.4764933137623093
J89	14	8	96	9	1.5601007842770451
J90	15	1	74	20	1.2500994426971967
J91	14	7	107	15	0.972382937728878
J92	14	12	23	30	1.1077618487696839
J93	14	9	21	1	0.37605661410076074
J94	14	6	26	24	0.7964822006231211
J95	14	9	22	27	0.5693490280351026
J96	16	5	21	23	1.4993237346948043
J97	14	11	64	10	1.0038282381723316
J98	12	5	93	23	1.8191173954905393
\\ Jobs in machine 10
12
J99	15	8	46	33	1.5155680367145843
J100	15	10	109	24	1.3970061520420725
J101	14	10	108	45	0.23351916665325634
J102	15	6	10	12	0.1
J103	15	6	14	27	1.5048149126935007
J104	15	12	95	15	1.2409273405488372
J105	15	1	69	19	2.1999303566596153
J106	13	3	38	30	0.6460866914201803
J107	15	8	88	41	1.282234025409848
J108	14	14	61	7	1.8986772099908618
J109	15	3	10	5	1.7958040062250993
J110	13	11	54	9	1.0537235376171123
\\ Jobs in machine 11
11
J111	14	6	28	41	0.7957661235862936
J112	17	2	75	16	0.4594516899325566
J113	14	9	24	4	1.5981948390285536
J114	14	7	36	5	0.11829933483414279
J115	14	10	54	4	1.2968149820076855
J116	15	10	42	40	0.569979768925837
J117	15	3	7	41	1.7701580905570362
J118	14	7	20	6	1.5783788156785485
J119	17	14	97	35	0.789442132161871
J120	14	9	70	25	0.8121839101901343
J121	15	3	74	19	0.557357246934712
\\ Jobs in machine 12
10
J122	15	1	73	32	1.7655860520523712
J123	14	13	80	11	1.3245311607979078
J124	13	14	71	38	1.1814292798092367
J125	16	13	11	41	0.7153397608042293
J126	13	8	7	37	1.3659042295913808
J127	15	11	82	16	0.33227764391859616
J128	15	5	20	41	1.371492671207985
J129	16	6	49	43	1.4521709067381807
J130	14	9	25	44	1.7331830332046234
J131	12	7	93	13	1.635056891379462
\\ Jobs in machine 13
11
J132	15	2	22	38	1.6992839457069304
J133	14	3	48	7	1.8633761249794876
J134	13	3	19	8	1.1867224946631476
J135	13	11	96	6	2.6089347846117317
J136	14	8	72	6	2.014418676871005
J137	15	13	15	11	1.6276305610065758
J138	15	12	54	38	1.326095310213053
J139	15	4	10	25	1.4679989239400162
J140	16	13	34	36	1.2878789679980793
J141	14	2	83	15	2.0712474608898934
J142	13	3	65	38	1.558974322113933
\\ Jobs in machine 14
10
J143	15	4	105	31	1.6498989664739407
J144	15	12	38	14	1.9087030470655644
J145	15	1	49	2	1.5370677165292788
J146	16	14	50	34	1.6514075757302105
J147	14	7	83	7	1.5973512796438483
J148	15	10	82	40	1.0431322085520645
J149	13	4	24	21	1.537354898179327
J150	14	5	43	41	0.33636288338688547
J151	14	2	103	30	0.6502715372258104
J152	16	6	60	4	1.4662001290088187
\\ Jobs in machine 15
11
J153	15	1	94	33	2.1896163396622716
J154	16	14	44	1	0.10816908556315918
J155	14	8	32	31	1.7526990482632498
J156	16	11	11	29	1.4204065348914927
J157	14	7	36	28	1.4255966517580587
J158	14	2	103	39	1.1960701721874076
J159	16	10	35	2	0.26312397741765237
J160	14	4	69	9	0.4509125157977697
J161	16	12	108	7	2.025878244115137
J162	13	13	43	45	0.1
J163	14	4	32	3	1.5918872089511613
\\ Jobs in machine 16
10
J164	15	14	38	37	0.784752976977233
J165	15	9	46	29	1.381583618647295
J166	14	12	16	45	1.958275653567925
J167	15	7	82	7	1.1002386668028556
J168	16	12	16	17	1.0686530922730397
J169	13	9	90	21	1.4937316589031657
J170	15	3	36	42	1.055283408103894
J171	13	7	26	44	0.935140060762911
J172	15	10	43	30	0.7135725557816576
J173	15	8	58	39	2.178950974851904
\\ Jobs in machine 17
11
J174	14	1	100	31	0.8086247079177451
J175	13	4	85	43	1.3973721599689402
J176	15	14	60	6	0.9874444652529815
J177	14	4	74	34	0.5781294543872006
J178	12	8	39	44	1.6253134193210967
J179	14	11	51	27	1.0503582024617306
J180	16	9	65	1	0.5937250386322376
J181	15	4	59	26	1.3286439942928392
J182	14	11	82	24	1.2630304767158276
J183	14	6	47	33	1.2407969146877464
J184	13	6	97	17	1.2775150877515158
\\ Jobs in machine 18
12
J185	13	12	107	24	1.3048245673601315
J186	15	12	71	42	1.7821802818520893
J187	15	2	87	33	0.8531231816595651
J188	14	1	15	31	1.0457380084558547
J189	15	6	47	5	1.1916962952131165
J190	13	11	19	45	1.348884304167151
J191	16	3	41	6	0.7210103807678019
J192	14	4	52	6	0.6935832074013973
J193	14	13	81	42	1.9823072606349543
J194	14	7	53	42	0.870304472086773
J195	16	10	56	43	1.1499186909838826
J196	14	12	83	6	1.8372838471108195
\\ Dependencies 
200
1	7
1	11
2	5
2	6
3	7
3	11
4	5
4	11
5	9
5	11
7	8
8	9
12	17
13	18
14	16
14	23
15	16
16	20
19	22
20	21
21	22
24	25
24	28
25	29
25	31
26	29
27	32
35	36
35	40
35	43
36	40
37	40
37	42
37	44
38	40
38	42
38	43
39	44
40	42
41	42
41	44
42	44
44	45
46	47
46	54
47	48
47	53
48	51
48	52
49	53
50	51
50	53
51	53
55	61
56	61
57	64
58	62
59	61
59	63
60	61
63	64
65	67
65	68
65	70
65	71
65	75
66	67
66	69
66	71
67	70
67	71
68	72
68	73
69	73
71	73
71	75
72	75
74	75
76	83
76	84
77	80
77	86
79	85
79	86
80	84
80	85
81	83
82	84
82	85
87	88
87	97
87	98
88	91
88	92
89	93
90	97
90	98
91	93
93	97
94	95
94	97
94	98
95	96
95	97
96	97
97	98
99	104
99	105
99	108
100	102
100	109
101	109
101	110
104	110
105	107
106	107
107	109
109	110
111	112
111	114
112	116
112	118
112	121
114	115
114	120
114	121
115	121
116	119
117	119
117	120
118	121
122	124
122	126
122	127
122	130
124	127
124	131
125	126
127	129
127	131
129	131
133	134
133	138
133	139
133	140
133	142
134	142
135	138
135	140
137	139
138	140
138	141
139	142
140	142
144	147
144	148
145	147
147	152
148	149
150	152
153	156
153	159
153	161
154	156
154	161
155	157
158	160
160	162
161	163
164	165
164	172
164	173
165	173
166	167
168	173
170	171
170	172
174	180
174	182
177	178
177	179
177	180
177	181
178	179
178	180
178	181
180	184
182	183
183	184
185	189
185	194
186	189
186	191
186	194
187	193
189	190
189	195
190	193
191	194
192	196
