\\ machines
18
\\ max power
180
\\ Jobs in machine 1
10
J1	17	6	60	72	0.6674727792749372
J2	15	5	94	86	1.5078591396393146
J3	16	10	75	69	1.6235346668356856
J4	16	3	98	55	1.2923131846922669
J5	15	8	31	11	1.0873401111667615
J6	14	13	97	35	0.5359366049771573
J7	15	13	31	35	0.8661961174711482
J8	14	11	82	22	0.9518696887403265
J9	15	5	51	5	1.7384534886015124
J10	13	1	56	60	0.8148112726515281
\\ Jobs in machine 2
11
J11	15	2	105	53	0.7261495105606127
J12	15	9	83	77	0.9461000987217782
J13	14	10	57	85	1.4047797375735802
J14	13	11	105	43	1.2160617503650082
J15	12	4	87	10	0.8985201540860897
J16	15	8	4	50	1.2864776581410058
J17	15	7	97	28	1.388568022548624
J18	16	1	55	12	1.646184112136743
J19	16	13	8	64	0.883840015526555
J20	15	8	72	90	1.2511932434295878
J21	14	10	83	14	1.3450022397411185
\\ Jobs in machine 3
10
J22	15	9	56	28	1.7578387045221886
J23	14	14	25	90	1.3468509365865668
J24	15	13	80	71	1.3117662878699683
J25	15	8	26	13	1.2072073060636601
J26	15	11	19	73	1.3457937804406128
J27	12	3	2	30	1.3187936318220688
J28	16	11	36	26	0.5243298906999617
J29	13	3	67	13	1.9106959230297924
J30	15	12	25	18	0.40391990634189423
J31	14	3	110	62	0.4754494981933489
\\ Jobs in machine 4
11
J32	15	8	37	37	0.6883771293506322
J33	15	12	33	33	1.0980636818323997
J34	14	4	87	6	1.2066198804528705
J35	15	7	57	79	2.2087960650213754
J36	14	14	88	41	2.337147978710334
J37	14	10	30	49	0.8145135424448325
J38	14	6	3	34	0.9692753263376417
J39	15	14	80	24	1.2655550618508962
J40	16	13	109	16	0.9403209154340291
J41	13	7	61	80	1.6284418179477143
J42	15	14	88	12	1.623768970585616
\\ Jobs in machine 5
11
J43	18	10	44	73	0.8889778620021896
J44	15	7	104	42	1.755920200797261
J45	14	12	103	11	2.4057664905768004
J46	15	7	58	36	0.5969590098871528
J47	14	9	82	80	1.3057117670262854
J48	13	5	71	26	1.2203218233353672
J49	14	6	95	65	1.2348295828228677
J50	16	7	109	84	1.3611976079625416
J51	13	7	30	5	1.6923112055843808
J52	17	4	76	58	0.8354484920989237
J53	15	5	84	29	1.7431583951979523
\\ Jobs in machine 6
11
J54	16	10	109	37	1.357467902698924
J55	15	5	14	39	1.6969781769026822
J56	14	9	52	66	1.363951289501851
J57	15	10	66	26	0.6910293901648301
J58	13	13	8	55	1.9945283795261655
J59	15	10	43	67	1.254793594160252
J60	16	3	57	25	0.8957647964015221
J61	13	13	88	33	0.1246420798677359
J62	14	4	36	24	1.3410208290211791
J63	14	14	22	26	1.7372109128557272
J64	15	6	84	9	2.135548838532843
\\ Jobs in machine 7
11
J65	17	11	53	58	1.0967664396806336
J66	17	1	110	27	2.0668216328453823
J67	15	4	59	75	2.407247032856497
J68	15	12	95	15	1.076499508156432
J69	15	3	25	52	2.075901278940889
J70	15	14	13	29	1.158825499659685
J71	17	2	34	46	0.5151399791144518
J72	14	10	56	86	0.3973967865223721
J73	14	5	31	35	0.7051292308112282
J74	15	9	6	21	1.2866017567344061
J75	14	9	88	76	1.9760410001786384
\\ Jobs in machine 8
12
J76	15	10	30	35	1.6656578190434423
J77	16	9	108	39	0.7559964871765623
J78	15	2	101	29	0.1487390636493915
J79	14	2	92	40	1.619242111215744
J80	15	8	80	80	1.4852039211332877
J81	14	9	59	14	0.9022111396310343
J82	13	8	59	81	0.5407341035074023
J83	16	5	18	42	1.5660002939859525
J84	16	2	42	57	1.0496311704352428
J85	13	1	68	79	1.3114066587479678
J86	15	9	78	43	1.2488489395092408
J87	15	10	97	52	1.3972120305520366
\\ Jobs in machine 9
10
J88	14	9	50	80	0.8724461547905217
J89	14	8	59	78	0.976496752283237
J90	15	9	14	62	1.399296442636778
J91	14	10	80	53	1.4646101906746924
J92	14	10	105	61	1.9523301784732576
J93	14	6	74	28	2.105031971495879
J94	15	6	36	19	0.9987219175743776
J95	14	6	92	35	0.26565533823960985
J96	14	10	22	36	1.5626082489204363
J97	13	2	16	77	1.9880848700371438
\\ Jobs in machine 10
11
J98	13	7	29	1	2.2084595298457015
J99	15	8	20	15	0.7253942490401172
J100	15	3	86	37	1.781712575749956
J101	15	11	70	74	1.3140062006576163
J102	14	9	18	2	0.604033932536964
J103	16	4	11	19	0.7275164030850169
J104	14	5	14	43	0.9441208948021673
J105	16	10	44	45	1.0296818995421528
J106	14	4	84	77	0.40927706983147827
J107	13	5	43	8	1.1215531864472215
J108	16	14	11	50	1.1822397764260324
\\ Jobs in machine 11
11
J109	15	8	93	50	1.2211261703250305
J110	12	10	105	33	2.187192092979725
J111	15	5	30	68	0.5262067356355996
J112	14	14	25	1	0.7914186506450621
J113	14	11	91	29	1.1092710832742396
J114	14	7	28	16	1.3048666154415143
J115	15	8	35	56	1.3957726898209946
J116	14	2	17	75	0.4760879221504072
J117	15	5	87	68	1.4538556086535592
J118	15	14	50	15	1.4080539783077832
J119	14	10	36	33	0.8609550195017359
\\ Jobs in machine 12
11
J120	14	12	77	70	0.5497852554791429
J121	13	4	64	56	2.012424648162013
J122	14	10	36	7	0.6583962715332699
J123	15	12	92	58	0.5455474631099766
J124	14	12	98	41	0.9508688977282787
J125	13	10	75	3	1.2281639942533142
J126	13	10	26	80	2.348525864564926
J127	15	13	93	43	2.0157041967193368
J128	15	8	87	4	1.103727955576
J129	16	8	52	16	0.845763845715299
J130	15	2	63	90	1.7066823247742366
\\ Jobs in machine 13
13
J131	15	14	71	40	0.8238199124273067
J132	14	8	6	32	0.9288874172009904
J133	15	10	3	3	0.3534056410657165
J134	14	12	64	72	0.9653000749285124
J135	12	7	89	89	1.129099643379352
J136	15	8	10	9	1.2873765267492945
J137	16	7	43	8	2.0473529704783417
J138	15	4	19	85	0.9693769183717706
J139	15	14	19	65	1.078764995438048
J140	14	3	21	26	1.5304796536947716
J141	15	12	108	55	0.6778555142996298
J142	14	10	27	40	1.0491602055449762
J143	14	9	6	73	1.127845788568474
\\ Jobs in machine 14
9
J144	15	2	73	9	1.4121646794532194
J145	14	13	80	45	1.0088680216878148
J146	14	2	16	42	1.0664721615081982
J147	15	5	76	86	1.3960372425890337
J148	15	8	65	85	1.6648218054139647
J149	15	4	86	23	1.097873486110808
J150	15	6	103	4	1.4200792018500883
J151	14	8	18	66	1.4070692170578338
J152	14	4	21	85	1.4958618911902088
\\ Jobs in machine 15
11
J153	13	6	2	84	1.1682703232981007
J154	14	5	12	79	1.6876328283737354
J155	14	8	61	28	0.6401392521609007
J156	15	1	106	50	1.5559822162233568
J157	15	14	59	83	0.8918093601531927
J158	13	1	109	75	0.6125266711317541
J159	15	1	98	57	0.6641510029204842
J160	15	5	25	61	1.3640098355451362
J161	14	9	77	57	0.1
J162	15	1	104	68	0.8314402749484817
J163	14	9	92	72	1.3194550081398009
\\ Jobs in machine 16
12
J164	15	7	57	88	1.1433224554994423
J165	15	4	4	17	1.6535253262615919
J166	17	1	91	49	0.9270304903536796
J167	15	1	56	75	0.8965476168801535
J168	15	10	56	38	1.7918352055998175
J169	15	3	48	64	0.786645208273032
J170	14	11	33	47	0.5420761421941146
J171	14	9	20	6	1.1676554604928875
J172	13	3	105	89	1.0988061457937623
J173	14	14	87	69	0.5335334928201455
J174	13	9	20	80	1.2054886014182626
J175	13	8	29	29	1.5704136463663092
\\ Jobs in machine 17
11
J176	14	6	13	58	1.6558732053436196
J177	13	6	60	82	0.8818508118968746
J178	15	11	21	55	1.9530192585587072
J179	15	2	81	49	0.30866228899724746
J180	15	10	82	88	0.7888202839618214
J181	17	8	52	58	0.38710790773512793
J182	13	3	50	89	0.4399113675326173
J183	16	6	58	69	0.7849663912442155
J184	15	7	105	59	0.9209855724211866
J185	14	14	79	69	1.7105560124094996
J186	15	8	34	7	1.2768957815998365
\\ Jobs in machine 18
10
J187	14	14	54	27	1.0734621050261939
J188	14	12	84	73	1.2505825883058848
J189	15	1	71	5	0.5601664413206849
J190	14	5	79	50	1.3054099192586701
J191	13	5	36	70	1.991472502108775
J192	14	12	7	51	1.2175314385878866
J193	15	13	4	12	0.9347131444239463
J194	14	1	101	38	0.8279704087226796
J195	14	1	26	75	1.7591283596628013
J196	14	2	69	24	1.6052989949082181
\\ Dependencies 
387
1	3
1	4
1	7
1	8
2	3
2	7
3	5
4	5
4	7
4	8
5	6
5	8
5	10
6	8
6	9
7	8
7	9
8	9
11	13
11	19
11	20
12	14
12	15
12	19
13	16
13	19
14	18
15	17
15	19
16	18
17	19
17	20
18	19
19	21
22	23
22	24
22	28
22	29
22	30
23	25
23	28
24	27
24	28
24	31
25	27
25	29
25	31
26	27
26	29
27	29
27	31
28	29
29	30
30	31
32	33
32	37
32	41
32	42
33	36
33	37
33	39
33	42
34	35
34	37
34	40
34	42
35	36
35	38
35	40
36	37
36	41
37	39
38	39
39	42
40	41
41	42
43	45
43	46
43	50
43	51
43	53
44	45
44	53
45	47
45	52
47	50
47	52
47	53
48	50
49	50
52	53
54	55
54	62
54	63
55	57
55	58
55	59
55	60
55	61
56	60
57	60
57	61
58	62
59	60
59	63
62	63
65	67
65	68
65	72
65	73
65	74
65	75
66	67
66	68
66	69
66	73
66	74
66	75
67	70
67	71
67	72
67	73
67	75
68	69
68	70
70	72
70	74
71	72
71	74
72	73
72	75
73	74
73	75
74	75
76	80
76	81
76	82
76	87
77	80
77	81
77	82
77	83
77	85
77	86
77	87
78	79
78	81
78	82
78	86
79	82
79	83
79	84
79	85
79	86
80	81
80	83
81	83
81	84
81	86
81	87
82	83
82	85
82	87
83	87
84	85
84	87
88	89
88	93
88	97
89	90
89	91
89	92
89	96
90	92
90	93
90	97
91	94
91	95
91	96
91	97
92	93
92	94
92	97
93	95
93	96
94	95
95	97
98	99
98	100
98	102
98	104
98	107
99	105
99	107
99	108
100	102
102	103
102	104
102	105
102	107
102	108
103	105
103	107
103	108
104	107
104	108
105	108
106	108
109	110
109	112
109	114
109	117
109	118
110	118
111	116
111	118
112	115
112	117
112	119
113	115
113	118
114	116
115	119
116	117
116	118
117	118
118	119
120	121
120	123
120	124
121	123
121	124
121	125
121	128
121	130
122	124
122	125
122	129
122	130
123	125
123	126
123	128
123	129
124	125
124	128
124	129
125	127
126	127
126	130
127	128
127	129
127	130
128	129
131	135
131	142
131	143
132	134
132	136
132	137
132	140
132	143
133	134
133	135
133	136
133	137
133	138
133	139
133	141
134	140
135	137
135	138
135	141
136	141
136	142
137	141
137	143
138	139
138	140
138	141
138	143
139	140
139	142
144	146
144	148
144	150
144	151
145	147
145	150
146	147
146	150
146	152
147	150
147	151
148	151
148	152
150	152
151	152
153	157
153	158
153	160
153	162
153	163
154	156
154	159
154	161
154	162
155	157
156	157
156	159
156	161
156	163
157	160
157	161
158	160
159	160
159	162
159	163
160	161
160	162
161	162
162	163
164	167
164	172
164	173
164	174
165	167
165	169
165	172
165	174
165	175
166	167
166	169
166	171
166	173
166	174
166	175
167	173
167	174
168	170
168	172
168	173
168	174
169	173
170	174
171	172
174	175
176	180
176	181
176	183
176	184
177	180
177	182
177	183
178	182
178	186
179	180
179	186
180	183
180	185
181	183
181	185
181	186
182	184
183	184
183	185
183	186
184	186
185	186
187	188
187	189
187	190
187	196
188	189
188	193
189	193
189	195
189	196
190	192
191	192
191	193
191	194
191	196
192	196
193	194
193	196
194	195
195	196
