\\ machines
12
\\ max power
120
\\ Jobs in machine 1
11
J1	15	8	69	24	0.9896053010696509
J2	15	10	109	1	1.3495098088489859
J3	14	13	91	12	1.6526602229025777
J4	14	9	52	24	0.8676776849160465
J5	15	3	30	24	1.1979091364753258
J6	15	9	58	2	0.2361985052844945
J7	16	13	16	17	1.426232424198524
J8	15	3	6	24	0.7555749215993587
J9	16	5	31	20	1.7172901003178296
J10	16	13	18	17	0.6691482733118859
J11	15	14	19	27	1.0743135914446806
\\ Jobs in machine 2
12
J12	15	4	10	21	1.4713666634643747
J13	14	2	42	8	0.8680394776266978
J14	16	13	56	12	0.1
J15	15	9	46	29	1.9225690190179736
J16	14	7	44	27	0.5260405889071402
J17	14	6	37	14	1.7005519570278829
J18	15	14	92	21	0.9966542506021441
J19	13	11	11	10	2.286294118199235
J20	14	12	55	24	1.567763937503426
J21	14	12	75	16	1.4544035785984812
J22	12	2	76	13	1.4249506133443621
J23	14	11	68	30	0.7992237533461113
\\ Jobs in machine 3
11
J24	14	11	106	29	1.2227450179306274
J25	14	8	15	20	0.5749523623242084
J26	13	9	99	19	0.9067217429444072
J27	15	1	45	6	0.4081542895024173
J28	14	7	34	9	1.8399266096967128
J29	14	13	82	15	0.7465514982347594
J30	13	14	103	29	1.0075201490869166
J31	14	12	27	7	1.772371121109463
J32	14	14	79	4	1.4078110083934645
J33	14	4	86	13	1.0515547698734258
J34	16	7	51	9	0.9719124100572196
\\ Jobs in machine 4
10
J35	14	3	109	6	1.1841565679411084
J36	13	1	91	4	1.6801137981840464
J37	16	7	67	11	0.7458389296272638
J38	14	3	67	25	1.2341552730517267
J39	14	9	91	2	0.5526662517097896
J40	15	7	33	10	1.2195862526882926
J41	16	2	25	19	2.367371237578207
J42	15	9	88	5	1.106276518046636
J43	16	14	90	30	1.775190573332467
J44	13	5	53	14	1.1726014509627578
\\ Jobs in machine 5
9
J45	17	3	103	7	1.511549923279386
J46	13	14	29	25	0.7974676411220051
J47	14	4	5	29	1.1677489329338973
J48	14	1	47	29	0.25007530304774106
J49	14	9	69	1	0.682090971571657
J50	14	11	77	12	0.508329280994343
J51	16	12	41	23	1.1033649316673515
J52	14	1	66	18	1.6638425915620338
J53	14	8	53	9	1.335541304672844
\\ Jobs in machine 6
11
J54	15	7	19	4	1.5926643833002256
J55	14	7	106	22	1.114012313219962
J56	16	5	66	4	0.8289965096759652
J57	15	6	28	25	1.7893522628330079
J58	16	4	76	22	1.709940060741339
J59	12	9	71	19	0.7387292879993711
J60	16	2	80	19	2.245770843942072
J61	15	2	21	19	1.452349826396752
J62	15	5	53	29	1.8685485413983025
J63	14	4	73	6	0.1
J64	15	3	109	19	0.5084488054832581
\\ Jobs in machine 7
11
J65	12	13	21	6	0.5884391944364852
J66	16	8	30	19	1.3151745601938047
J67	16	6	74	13	0.8816313447476509
J68	15	9	57	21	0.23005082440369706
J69	16	5	34	29	1.2862364211772206
J70	14	3	31	28	1.8516777566753153
J71	16	9	25	12	1.327223499144325
J72	15	10	105	16	1.1194250571713062
J73	15	12	18	6	0.6000937643700307
J74	15	8	32	22	1.0244844582298822
J75	15	3	37	16	1.5535084363938372
\\ Jobs in machine 8
11
J76	14	10	66	14	1.437282422733363
J77	14	8	37	19	0.6181763808075382
J78	15	5	69	25	1.3772697434529886
J79	14	7	107	26	1.0139589126054034
J80	14	1	43	8	1.0670904570726427
J81	15	7	7	15	1.3851233525660656
J82	15	8	9	4	0.3442700749298113
J83	14	11	93	16	1.0261385106496932
J84	15	3	36	23	0.6209042028793097
J85	15	9	26	21	0.9886998822988522
J86	16	5	53	11	1.8664122764241937
\\ Jobs in machine 9
11
J87	14	11	24	6	1.1301059313474946
J88	15	14	19	1	0.9656227482951496
J89	15	3	64	3	1.356252300388519
J90	15	6	104	18	1.0746375468763405
J91	16	4	84	28	0.8452798576601258
J92	13	11	35	19	0.8166415527903605
J93	16	3	95	1	1.3859083129220675
J94	15	8	12	21	1.057013138491749
J95	13	8	69	14	1.7252893983967938
J96	15	5	43	29	2.074910730393769
J97	14	2	50	5	1.1017013000317017
\\ Jobs in machine 10
11
J98	15	11	91	28	0.522773077259158
J99	14	6	72	29	0.2791679571299669
J100	16	12	49	19	1.2047485191529042
J101	16	2	71	7	0.5747193338245328
J102	14	7	16	17	1.7619197652136886
J103	13	3	54	5	0.8469266950049914
J104	13	1	33	10	1.823291962660819
J105	16	2	99	21	1.4408008890693316
J106	15	5	4	9	1.101578591034888
J107	15	4	72	17	1.3948853085820436
J108	14	5	94	21	1.0101748949959355
\\ Jobs in machine 11
10
J109	15	10	13	1	1.7473446185857195
J110	15	8	41	7	0.6670257234220913
J111	14	11	87	27	2.0611843063398223
J112	15	8	57	16	1.333517534925598
J113	14	9	2	21	1.5897011438074633
J114	14	7	27	25	0.4970931259022605
J115	15	9	61	24	1.750187709714221
J116	14	12	32	21	0.27115009446578653
J117	15	13	70	17	1.0227311761052307
J118	15	5	16	13	1.5741635469607649
\\ Jobs in machine 12
10
J119	14	10	73	16	0.7603801012905005
J120	17	3	43	4	1.9291252792694444
J121	15	1	34	5	0.8929480270057595
J122	14	1	73	3	1.8226393499542306
J123	13	9	25	1	1.8161675923145022
J124	15	5	54	6	1.5795114565417303
J125	14	12	86	18	2.037304759457279
J126	14	9	55	10	1.4516904535143178
J127	13	14	108	15	0.5909064050333906
J128	15	5	60	22	0.5249763190709805
\\ Dependencies 
186
1	7
1	9
1	10
2	7
2	11
3	6
3	8
3	10
3	11
4	5
4	11
5	8
5	11
6	9
7	9
9	11
10	11
12	16
12	18
12	19
13	14
13	18
13	19
13	21
13	22
13	23
14	15
14	16
14	17
14	18
14	20
15	22
17	19
17	21
18	22
19	22
20	23
21	22
22	23
25	26
25	28
25	30
25	32
25	34
26	27
26	30
26	32
27	28
27	30
27	32
27	33
29	33
30	31
30	32
31	33
35	36
35	37
35	43
35	44
36	43
36	44
37	38
37	39
37	42
37	44
38	44
40	41
40	43
41	43
42	43
43	44
45	48
45	53
46	52
47	50
47	51
49	53
54	60
54	63
56	59
57	64
58	60
58	62
58	63
59	60
59	64
60	62
60	64
61	62
61	63
62	64
65	69
65	70
65	71
65	73
66	67
67	70
67	73
68	70
68	71
68	72
68	74
68	75
69	70
70	71
70	73
70	74
70	75
71	72
71	73
72	74
73	74
76	82
76	84
76	85
76	86
77	80
77	82
77	84
79	80
79	82
80	82
81	82
82	83
83	85
84	85
85	86
87	92
88	94
88	95
88	96
89	96
90	91
90	92
90	94
91	94
91	96
92	94
93	96
95	97
98	100
98	101
98	103
98	104
98	107
98	108
99	104
99	106
100	104
100	106
100	107
101	102
101	106
102	107
103	105
103	107
104	106
105	108
106	108
109	110
109	116
109	118
110	112
110	114
111	116
111	117
111	118
112	118
113	118
115	118
116	117
116	118
119	120
119	122
119	123
119	125
119	127
120	122
120	126
120	128
121	123
121	124
122	123
122	124
122	127
123	127
