\\ machines
6
\\ max power
60
\\ Jobs in machine 1
12
J1	14	8	107	22	1.747137984408306
J2	17	3	44	30	1.9163130889663789
J3	15	7	65	1	0.852275476364295
J4	14	5	85	14	0.38833482449526047
J5	15	1	43	15	1.096826220989636
J6	14	2	78	26	1.1107391159183417
J7	14	11	80	25	1.6290674268235772
J8	14	9	98	30	1.104927125991149
J9	15	1	96	22	1.1481481456790694
J10	14	5	13	7	1.954669590474047
J11	14	7	97	9	1.3313380698317507
J12	14	12	73	28	1.167158550148898
\\ Jobs in machine 2
12
J13	13	3	52	14	1.535406413583205
J14	16	1	56	27	0.8609138360229084
J15	15	5	96	13	1.0030685680119618
J16	14	9	35	22	1.089099090497518
J17	14	2	85	23	1.0038160594332088
J18	14	10	12	7	0.77072354558455
J19	15	3	103	28	1.0460057115785126
J20	15	3	105	2	1.4232926017030019
J21	14	7	83	1	1.2039904165973772
J22	14	3	29	19	1.3893109495264022
J23	15	6	53	3	1.8907238024259203
J24	14	4	24	2	0.8343013304788545
\\ Jobs in machine 3
11
J25	14	5	69	7	1.4309288176553625
J26	15	8	33	24	0.6342770860843162
J27	15	13	101	18	1.5862442363304734
J28	13	10	54	24	0.9980590171166274
J29	15	12	97	13	1.489074641131622
J30	15	5	57	6	1.5937664749276044
J31	16	2	107	26	1.3526635590585556
J32	13	9	76	17	0.9714936732561924
J33	15	1	93	28	0.27798727375084464
J34	15	14	10	12	1.362860047645385
J35	15	14	67	18	1.0553902321108632
\\ Jobs in machine 4
10
J36	13	10	79	29	0.1
J37	13	6	6	17	0.9337570648952864
J38	15	4	77	26	1.2453226638223602
J39	14	6	94	23	1.4108849258194385
J40	15	11	84	29	1.8289988539079174
J41	13	1	14	29	0.9149490384396817
J42	13	5	24	28	0.8829859186684523
J43	14	3	16	23	1.8269084068715822
J44	14	6	88	5	1.8435008189158404
J45	14	10	5	12	0.9609213295379769
\\ Jobs in machine 5
12
J46	15	9	95	25	1.1520054818824397
J47	15	4	35	1	1.3644005716075605
J48	16	7	73	28	1.109630616107478
J49	14	1	95	25	1.3512845135860057
J50	15	14	35	20	0.9529486239524259
J51	14	3	9	27	1.7190922802478392
J52	16	1	42	11	1.030051766599463
J53	14	7	90	11	1.1636646694519177
J54	15	9	52	26	0.886749235761762
J55	15	7	94	11	0.1
J56	16	8	67	25	0.428355453407548
J57	14	3	97	24	1.6402992599499933
\\ Jobs in machine 6
11
J58	12	4	39	5	1.7717545510654098
J59	13	9	88	11	1.4458784238324947
J60	14	11	6	4	0.9495817064224148
J61	14	13	4	14	1.6911082705119749
J62	14	9	103	22	0.8959835999684653
J63	15	14	43	27	1.4689195863097697
J64	15	3	13	2	1.3424008012384776
J65	14	13	86	23	0.8239707450337896
J66	14	10	77	23	1.430185611203751
J67	15	9	86	6	0.1
J68	15	14	42	9	0.15282272846014688
\\ Dependencies 
73
1	2
2	3
2	10
4	10
5	6
5	8
5	11
5	12
6	8
6	9
6	10
7	8
7	9
7	12
13	15
14	19
14	22
14	23
15	16
15	21
15	23
15	24
16	22
16	23
19	20
19	22
19	24
25	28
25	29
25	30
26	27
26	29
26	34
27	31
28	31
30	31
30	33
32	33
32	34
33	34
33	35
34	35
36	38
36	43
37	39
38	40
38	43
39	42
39	43
40	41
40	44
46	56
46	57
47	52
49	51
49	52
49	56
50	52
51	52
51	56
52	54
52	55
58	59
60	61
60	64
60	65
61	64
61	67
61	68
62	64
62	65
62	66
65	68
