\\ machines
10
\\ max power
100
\\ Jobs in machine 1
12
J1	14	9	36	31	0.8430864690729125
J2	15	10	70	41	2.519450472187974
J3	14	14	57	36	0.7849328197049985
J4	14	6	29	1	0.5604635411269597
J5	13	6	15	5	1.1262998964317754
J6	15	7	101	1	1.839677590682915
J7	16	5	101	31	0.2849198020468654
J8	14	11	21	40	2.1247541313269234
J9	14	10	52	36	1.7461199846648756
J10	13	9	82	34	0.4245226862745005
J11	13	3	38	27	2.2949595039828754
J12	14	14	86	6	1.0697649492728358
\\ Jobs in machine 2
11
J13	16	13	83	42	1.2712026883694096
J14	14	5	101	8	1.491235209132722
J15	14	12	4	46	1.109733345297593
J16	14	14	4	5	1.4516122329729926
J17	14	8	13	3	1.6338339168436584
J18	14	6	97	2	0.9281079551442988
J19	13	9	69	14	0.35979497537821925
J20	14	2	52	11	1.8543679327531963
J21	14	7	3	3	1.5570623358357878
J22	15	5	43	6	2.0125505911450654
J23	14	3	40	9	1.3601262754009595
\\ Jobs in machine 3
11
J24	15	3	104	38	1.2317132594488247
J25	16	10	93	27	0.9124754448480178
J26	14	14	11	8	0.5592442607404036
J27	15	7	75	6	1.6233992517696048
J28	14	8	100	28	1.1626028447167327
J29	14	1	88	30	0.6574509122190915
J30	15	6	58	12	1.0949725266148143
J31	15	4	8	27	2.5504115736580397
J32	15	2	5	43	2.261729388745466
J33	14	9	29	31	1.0547431629310826
J34	14	4	12	13	0.7985973292875653
\\ Jobs in machine 4
10
J35	12	14	38	21	1.493325855410211
J36	16	11	69	15	1.5618982276384594
J37	13	14	36	17	1.2702488918862613
J38	15	9	30	39	2.1711854086226614
J39	14	13	68	13	1.9087710125308726
J40	15	5	38	45	1.4324070643511981
J41	15	10	71	6	0.9380582934255857
J42	15	7	59	45	0.8315959435318334
J43	15	11	50	6	1.2190834738266763
J44	13	9	62	20	1.2717969867582521
\\ Jobs in machine 5
11
J45	15	6	105	37	1.7353983430578126
J46	15	13	104	28	1.2272782100897865
J47	14	10	98	7	0.3935004330046137
J48	14	1	85	50	1.7457769530313472
J49	15	2	53	17	1.4335882743337545
J50	14	9	56	38	1.4544232583673036
J51	15	11	55	41	1.2884784714446305
J52	15	5	4	7	1.721514016429314
J53	14	10	106	39	1.4817089094620006
J54	15	5	108	38	1.2595605012624043
J55	15	12	105	21	0.8782707257324778
\\ Jobs in machine 6
9
J56	14	12	2	42	1.4322541586043926
J57	15	13	105	3	1.2434072462475405
J58	14	7	2	34	1.9617439034599815
J59	16	1	42	9	1.4968804414110406
J60	16	10	72	41	0.944706372599081
J61	14	7	49	42	0.5058061362864622
J62	15	8	79	16	0.2032860939175437
J63	13	11	33	6	1.9217097219677308
J64	12	8	78	50	1.9518805585133037
\\ Jobs in machine 7
11
J65	14	9	72	39	0.8179342897230829
J66	14	14	51	21	1.3522718968258651
J67	14	3	49	28	1.3382146092495313
J68	14	7	92	7	0.7553727721607943
J69	15	14	104	26	1.6549325039669371
J70	14	5	25	30	0.7888027556153101
J71	13	11	67	39	1.9592732010684974
J72	14	10	86	33	0.5858653821836374
J73	13	12	21	17	2.2871145407268947
J74	15	8	77	35	1.110171323289348
J75	16	11	69	23	1.3057479523749416
\\ Jobs in machine 8
12
J76	15	14	54	32	1.6570291516125395
J77	13	11	90	19	0.6220799693915658
J78	15	8	27	31	0.4936238148866966
J79	15	2	57	15	0.8036420290405549
J80	14	12	74	17	1.0132920297874268
J81	14	14	20	10	1.1582883957676273
J82	14	3	49	42	0.44471897362698654
J83	14	3	64	3	1.10451378679829
J84	15	1	39	33	0.1
J85	16	11	36	48	1.3912474336953373
J86	15	5	58	49	1.2827931310597447
J87	14	2	102	13	1.1731220485990679
\\ Jobs in machine 9
12
J88	15	13	36	40	0.2916493014256132
J89	14	7	6	50	2.3389835559583303
J90	16	3	25	15	0.8420201967477443
J91	14	10	93	34	1.3168694394232265
J92	14	4	39	18	1.0636456580270206
J93	15	9	107	32	1.273139027972784
J94	14	5	86	11	1.612241756540259
J95	15	7	32	32	2.4280456060557145
J96	15	1	97	34	1.4335480929655566
J97	16	5	82	14	0.37923663373293526
J98	14	7	42	12	1.4640287088721444
J99	15	6	70	36	1.2122584614634269
\\ Jobs in machine 10
11
J100	15	2	31	17	2.0949949518763513
J101	15	2	2	28	1.3579161295647466
J102	13	7	58	43	1.1984107319373374
J103	14	3	24	15	1.4882820096056828
J104	16	3	86	36	1.7206430498608012
J105	14	5	80	38	1.3190408586995088
J106	14	11	52	31	1.56947107520565
J107	15	3	59	43	1.1057952022793984
J108	16	4	29	45	1.1807852333366513
J109	16	4	83	28	0.9546746768125189
J110	14	8	108	6	1.8899958774217684
\\ Dependencies 
370
1	3
1	4
1	5
1	6
1	8
1	10
2	4
2	6
2	7
2	9
2	10
2	11
3	4
3	5
3	8
3	11
3	12
4	5
4	6
4	7
4	8
4	9
4	10
4	12
5	6
5	7
5	9
5	10
6	8
6	9
6	11
6	12
7	8
7	11
7	12
8	10
8	11
9	10
9	11
9	12
10	12
13	14
13	15
13	16
13	17
13	18
13	20
13	21
13	22
13	23
14	15
14	16
14	17
14	20
14	21
14	22
14	23
15	17
15	18
15	20
15	22
15	23
16	18
16	19
16	21
16	22
16	23
17	18
17	19
17	20
17	21
17	23
18	19
18	21
18	22
19	20
19	21
19	22
20	21
20	22
20	23
21	22
22	23
24	25
24	26
24	27
24	28
24	29
24	31
24	33
24	34
25	27
25	28
25	29
25	30
25	31
25	34
26	30
26	31
26	32
26	33
27	30
27	31
27	32
27	34
28	29
28	31
28	33
29	30
29	33
29	34
30	32
30	34
31	32
31	34
32	33
32	34
33	34
35	40
35	41
35	42
35	44
36	41
36	42
36	43
36	44
37	40
37	41
37	42
37	43
37	44
38	39
38	40
38	42
38	43
38	44
39	40
39	42
39	44
40	41
40	43
41	42
41	43
42	43
42	44
45	46
45	47
45	50
45	52
45	53
45	54
45	55
46	47
46	48
46	49
46	50
46	51
46	52
46	53
46	54
46	55
47	48
47	49
47	50
47	51
47	52
47	53
47	54
47	55
48	50
48	51
48	53
48	54
48	55
49	50
49	51
49	52
49	53
50	52
50	54
51	53
51	54
51	55
52	53
52	54
52	55
53	54
53	55
54	55
56	58
56	59
56	62
56	64
57	58
57	59
57	60
57	61
57	63
57	64
58	60
58	61
58	62
58	63
59	60
59	61
59	63
59	64
60	62
60	64
61	62
61	63
62	63
62	64
63	64
65	68
65	71
65	72
65	73
65	74
65	75
66	67
66	69
66	70
66	71
66	75
67	68
67	70
67	73
67	74
67	75
68	70
68	74
68	75
69	70
69	71
69	75
70	72
70	73
70	74
70	75
71	72
71	73
71	74
71	75
72	73
72	74
72	75
74	75
76	77
76	78
76	79
76	82
76	83
76	85
76	87
77	79
77	80
77	82
77	83
77	85
77	86
77	87
78	79
78	80
78	81
78	82
78	84
78	85
78	86
79	80
79	81
79	83
79	84
79	85
79	86
79	87
80	81
80	83
80	84
80	85
80	86
81	86
82	83
82	84
82	85
82	87
83	86
83	87
84	85
85	86
85	87
88	89
88	92
88	94
88	95
88	96
89	90
89	91
89	93
89	94
89	95
89	96
89	97
90	91
90	92
90	95
90	96
90	97
90	98
91	93
91	94
91	95
91	96
91	98
91	99
92	93
92	95
92	97
92	99
93	95
93	96
93	97
93	99
94	96
94	97
94	98
95	99
96	97
97	98
97	99
100	101
100	102
100	104
100	105
100	107
100	108
100	109
100	110
101	102
101	104
101	105
101	106
101	107
101	110
102	104
102	105
102	107
102	109
103	104
103	105
103	106
103	109
103	110
104	105
104	106
104	107
104	108
104	110
105	106
105	108
105	109
105	110
106	107
106	108
106	109
106	110
107	109
107	110
108	109
109	110
