\\ machines
18
\\ max power
180
\\ Jobs in machine 1
10
J1	15	4	58	133	1.6847009466402674
J2	15	3	80	60	2.1495755579922946
J3	16	14	88	118	1.439999640970926
J4	14	4	12	1	1.5416221361299318
J5	16	4	66	28	1.6507047950894471
J6	12	10	53	116	0.9314551785613421
J7	16	7	35	108	0.645723783411972
J8	14	7	28	130	0.6791746598154251
J9	15	11	49	10	1.65521666150789
J10	14	9	13	44	1.4521076339920411
\\ Jobs in machine 2
11
J11	16	14	63	104	1.9769993852333427
J12	13	13	78	121	1.6113349909202292
J13	15	5	17	19	1.1858683490016255
J14	14	1	89	101	1.6973152557735227
J15	14	3	99	49	1.2611650347061254
J16	15	14	42	40	1.8719614430814624
J17	14	9	56	33	2.0010013938397466
J18	16	2	36	4	1.1445097319257502
J19	16	1	55	2	0.7198407411012295
J20	13	12	24	2	2.6238915257667634
J21	15	10	88	98	1.0890488363658
\\ Jobs in machine 3
11
J22	15	5	52	74	2.2889068693252526
J23	14	6	40	77	1.3979633971565422
J24	16	5	50	54	1.1986044782187366
J25	14	14	96	7	1.6140397626027683
J26	15	9	47	103	1.4623517241355013
J27	14	4	100	111	1.6717725449249055
J28	14	6	44	66	0.8820129009975396
J29	13	11	23	45	2.1698709254222273
J30	14	13	29	35	1.5528074687468494
J31	15	14	94	15	1.202681542201078
J32	16	9	44	55	1.252811422364159
\\ Jobs in machine 4
10
J33	14	14	8	115	0.3435579212322355
J34	16	9	23	112	0.5704787626187244
J35	15	8	20	4	1.7172640834970723
J36	14	7	94	47	0.8926642061050419
J37	15	6	88	13	1.6935238210386074
J38	15	2	79	56	1.5285531975433841
J39	12	7	108	131	1.1069115449325413
J40	16	11	16	53	1.6221236097465828
J41	15	1	14	123	1.2960732934719443
J42	14	9	91	23	0.8063178857966404
\\ Jobs in machine 5
11
J43	15	2	74	3	0.5544099273343988
J44	14	10	103	108	1.9385192337115846
J45	14	11	92	35	1.251983279948813
J46	14	14	25	95	1.2588223375259322
J47	14	4	77	15	1.7279526042124804
J48	14	9	103	108	1.32406872177977
J49	15	13	71	76	0.973221930354172
J50	16	5	80	121	1.286778803598246
J51	16	3	31	121	2.3052843282006856
J52	16	14	30	70	1.9404522517743161
J53	13	14	55	9	1.5953472858104298
\\ Jobs in machine 6
11
J54	14	3	34	51	0.6761254591619543
J55	16	12	59	63	1.7824187686064636
J56	15	13	24	31	1.281072533748204
J57	15	8	16	61	1.7143924517436435
J58	16	11	5	27	1.2955922030274916
J59	14	2	101	18	1.021835782385941
J60	13	9	87	75	1.1465053786241985
J61	15	10	71	72	0.9721729624786819
J62	16	4	28	105	1.4331133533840692
J63	14	6	77	116	0.7322606774483136
J64	15	12	56	11	0.9688144413225739
\\ Jobs in machine 7
11
J65	16	8	8	109	0.7858981504755929
J66	13	7	93	17	1.8249146686009543
J67	15	2	24	104	1.1951812963136648
J68	17	8	61	58	1.1568869617430122
J69	13	11	38	18	1.2015750303182544
J70	15	4	98	98	0.684221858270082
J71	16	5	4	28	0.7971033239609457
J72	16	11	11	59	0.7052797390270996
J73	16	8	96	97	0.95990003354347
J74	14	3	89	39	1.1630591223537716
J75	14	14	13	16	1.6822184779810747
\\ Jobs in machine 8
12
J76	14	14	4	62	0.9208580130368816
J77	15	7	90	82	1.3496449882624095
J78	14	14	32	71	1.0809898220296692
J79	15	13	44	81	0.5435310180785119
J80	15	14	43	128	0.8657398552616049
J81	16	5	13	98	1.5838969734394164
J82	15	9	67	123	0.923824236967524
J83	14	3	24	31	1.3874409141170987
J84	15	3	80	109	0.9858605511549895
J85	14	10	27	128	1.5200545178782798
J86	14	12	78	119	1.1009685002238376
J87	15	11	65	75	2.09806724790685
\\ Jobs in machine 9
10
J88	14	8	49	17	1.446131877868368
J89	16	1	90	67	1.1117296079516885
J90	14	7	56	31	1.752849365541349
J91	15	1	106	68	1.9306522720472015
J92	14	13	51	60	1.3502495713292058
J93	13	13	7	44	1.8415341126677598
J94	16	12	104	97	1.4244101446101285
J95	16	4	17	23	0.7164440862082092
J96	14	6	44	115	0.7416447142933794
J97	15	4	88	28	0.2860540506984238
\\ Jobs in machine 10
11
J98	14	6	43	14	1.1886461813979166
J99	16	1	61	49	1.1754171599413248
J100	15	9	90	122	1.1896920461840337
J101	16	2	19	82	1.1904638778294379
J102	14	11	40	133	2.3873384974510845
J103	15	7	20	113	0.9090348865574183
J104	15	7	85	12	1.4986235041399834
J105	15	14	69	53	0.3181967612487451
J106	14	10	70	108	1.309891260205117
J107	14	10	16	22	1.2865995226367104
J108	15	1	88	73	1.6644347779768687
\\ Jobs in machine 11
12
J109	16	5	17	69	0.5574780013500114
J110	15	9	68	20	1.3339743222380438
J111	16	6	44	47	0.7349243835041379
J112	15	9	108	18	0.9682763823832874
J113	16	11	87	131	1.9350702984374253
J114	14	12	9	38	0.4199859124721411
J115	15	1	28	57	1.2693263189190802
J116	13	5	101	44	1.2776126898685016
J117	15	2	65	78	1.3586075318955153
J118	15	2	99	61	1.3733585968480897
J119	16	14	8	50	0.7376026107360493
J120	16	11	8	39	1.7078440982190028
\\ Jobs in machine 12
11
J121	14	3	66	33	1.2253974415693736
J122	14	13	29	131	1.4287093724448598
J123	14	5	85	119	0.6189343299890506
J124	15	7	71	55	1.3290304527476984
J125	13	9	48	98	1.4564307259006932
J126	15	7	14	70	1.5606195497990767
J127	15	1	79	87	0.8811140809605688
J128	15	1	8	31	0.7888527043241587
J129	15	5	68	5	1.478213991808584
J130	13	11	62	54	0.5399897519483405
J131	15	10	60	89	1.2966281001671134
\\ Jobs in machine 13
11
J132	14	12	4	110	0.5968253992071124
J133	16	11	25	21	0.20075038295349656
J134	14	14	91	105	0.7318674686916455
J135	16	3	51	61	1.275587078992885
J136	13	5	89	78	0.7242311513059367
J137	15	14	9	60	1.4642285442817935
J138	12	9	108	131	0.6135737874517522
J139	15	2	49	88	2.6572216331410314
J140	14	9	57	19	1.825158233442638
J141	13	6	60	57	1.2087121882389211
J142	14	14	67	46	0.9739026857514723
\\ Jobs in machine 14
10
J143	16	7	9	10	1.2828479909772537
J144	15	8	88	106	0.9145487303693045
J145	13	2	82	83	1.506990212566326
J146	16	8	56	85	0.7403168450837847
J147	15	2	10	12	1.9121888699870904
J148	15	5	62	7	0.6212076418785104
J149	16	8	16	108	2.029512591000058
J150	13	7	55	81	1.6242129610399838
J151	14	13	49	78	1.2910503085053076
J152	16	5	13	6	1.203614947490263
\\ Jobs in machine 15
12
J153	14	4	103	92	1.4446342709214686
J154	15	7	33	122	0.41662873388759214
J155	18	7	9	64	1.299554188826242
J156	13	5	66	20	1.8860566411851507
J157	15	8	19	19	1.6196598146856338
J158	15	8	11	87	0.9982943359067238
J159	15	11	71	119	0.5919823587867568
J160	15	8	44	112	1.7915101224946723
J161	15	3	33	129	1.6490013265603793
J162	14	9	52	50	0.5559624445332998
J163	15	10	73	16	1.3833339613524522
J164	15	1	64	103	0.9775237364935938
\\ Jobs in machine 16
10
J165	14	10	5	73	1.001679234233548
J166	16	10	38	52	2.096429394278304
J167	14	9	90	111	1.6811187639579903
J168	14	2	67	24	1.7350146472956425
J169	16	8	64	81	1.1775566350672702
J170	16	6	64	127	0.6777206976732426
J171	15	5	75	72	0.1
J172	13	7	2	85	1.604838162948868
J173	13	5	62	135	0.6839497508084914
J174	12	2	30	103	0.9680777846476961
\\ Jobs in machine 17
12
J175	15	14	44	82	1.317950761720421
J176	14	10	80	111	0.9608156235846687
J177	13	6	69	29	0.5656958973908693
J178	14	1	35	106	1.4626417764844957
J179	15	10	38	56	1.078786895918194
J180	13	5	12	76	0.4543482190597574
J181	14	6	30	69	1.3431681121748953
J182	17	7	93	132	1.7952961647894818
J183	13	2	2	75	0.9320105963442342
J184	14	13	108	44	1.0058183156441907
J185	16	9	71	25	1.7257353605763748
J186	13	10	73	23	0.6097428881579458
\\ Jobs in machine 18
10
J187	16	8	4	23	1.2487763456067997
J188	15	13	17	95	0.4935200056995982
J189	15	3	67	14	1.1039909741826888
J190	15	3	81	45	0.9198588889650123
J191	15	11	76	126	0.45006026296205515
J192	14	1	35	24	1.4061427595492957
J193	14	12	81	46	1.0945646320219105
J194	14	10	23	70	1.4504664831559273
J195	14	10	94	97	1.1339905533213424
J196	13	9	38	77	1.088845087329912
\\ Dependencies 
661
1	4
1	5
1	6
1	7
1	8
1	9
2	3
2	4
2	5
2	7
2	8
2	9
2	10
3	4
3	6
3	7
3	8
3	9
3	10
4	6
4	7
4	8
4	9
4	10
5	7
5	8
5	9
5	10
6	7
6	8
6	9
6	10
7	8
7	10
8	9
8	10
9	10
11	13
11	14
11	15
11	16
11	18
11	19
11	21
12	13
12	15
12	17
12	19
12	20
12	21
13	14
13	16
13	17
13	18
13	19
14	15
14	16
14	18
14	20
15	17
15	18
15	19
16	17
16	18
16	20
16	21
17	18
17	19
17	21
18	20
19	21
20	21
22	24
22	25
22	26
22	27
22	30
22	31
23	25
23	26
23	28
23	29
23	30
23	31
23	32
24	25
24	26
24	28
24	30
24	31
24	32
25	27
25	28
25	29
25	30
25	31
26	27
26	28
26	29
26	30
26	31
26	32
27	28
27	29
27	30
27	31
28	30
28	32
29	30
29	31
29	32
30	32
31	32
33	36
33	37
33	38
33	39
33	42
34	35
34	36
34	38
34	40
34	41
34	42
35	37
35	38
35	40
35	42
36	37
36	40
36	41
37	39
37	41
37	42
38	41
39	40
39	41
39	42
40	41
40	42
41	42
43	45
43	46
43	47
43	48
43	51
44	45
44	46
44	47
44	48
45	46
45	47
45	49
45	50
45	51
45	53
46	49
46	51
46	52
46	53
47	48
47	49
47	50
47	51
48	51
48	52
49	52
49	53
50	51
50	52
50	53
51	52
51	53
52	53
54	55
54	57
54	58
54	59
54	64
55	56
55	59
55	63
55	64
56	57
56	58
56	60
56	61
56	62
56	63
57	58
57	59
57	61
57	62
57	63
57	64
58	59
58	62
58	63
59	60
59	61
59	62
59	64
60	61
60	62
60	63
61	62
61	63
61	64
62	63
62	64
63	64
65	66
65	67
65	71
65	72
65	74
65	75
66	68
66	71
66	72
66	75
67	68
67	69
67	70
67	71
67	73
67	75
68	69
68	71
68	72
68	73
68	75
69	70
69	71
69	73
69	75
70	71
70	72
70	73
70	74
70	75
71	72
71	73
71	74
72	74
72	75
73	74
73	75
74	75
76	77
76	78
76	80
76	85
76	86
76	87
77	78
77	79
77	80
77	81
77	82
77	83
77	84
77	86
78	79
78	80
78	81
78	82
78	83
78	84
78	85
78	87
79	80
79	81
79	82
79	87
80	82
80	83
80	84
80	86
81	83
81	84
81	85
81	86
82	85
82	86
82	87
83	84
83	86
84	85
84	87
85	87
88	90
88	91
88	92
88	93
88	94
88	95
88	96
89	90
89	91
89	93
89	94
89	95
89	96
89	97
90	91
90	92
90	93
90	94
90	95
90	96
91	94
91	95
91	97
92	94
92	95
92	97
93	94
93	95
93	96
94	95
94	97
95	96
98	99
98	100
98	101
98	102
98	106
98	107
98	108
99	100
99	101
99	102
99	103
99	105
99	107
99	108
100	101
100	103
100	106
100	107
100	108
101	102
101	104
101	105
101	106
101	107
102	103
102	104
102	106
102	107
102	108
103	106
104	106
104	108
105	106
105	107
106	107
106	108
107	108
109	111
109	112
109	113
109	115
109	116
109	117
109	120
110	111
110	112
110	114
110	115
110	116
110	117
110	118
110	119
110	120
111	112
111	113
111	115
111	117
111	118
111	119
111	120
112	115
112	116
112	117
112	120
113	115
113	116
113	117
113	118
113	120
114	115
114	117
114	119
114	120
115	117
115	118
115	120
116	117
116	118
117	119
121	123
121	124
121	126
121	128
121	129
121	130
122	123
122	125
122	126
122	128
122	130
122	131
123	124
123	125
123	127
123	128
123	129
123	130
123	131
124	125
124	126
124	127
124	128
124	130
124	131
125	126
125	127
125	128
125	129
125	130
126	127
126	128
126	130
126	131
127	128
127	129
127	130
128	130
128	131
129	130
129	131
130	131
132	135
132	136
132	138
132	139
132	140
132	141
132	142
133	134
133	135
133	137
133	139
133	140
134	135
134	140
134	142
135	137
135	142
136	139
136	140
136	141
136	142
137	139
137	140
137	141
137	142
138	139
138	141
138	142
139	142
140	141
140	142
143	145
143	146
143	147
143	148
143	149
143	150
143	151
143	152
144	145
144	147
144	148
144	149
144	150
144	151
145	146
145	148
145	150
145	151
145	152
146	147
146	148
146	149
146	151
146	152
147	148
147	150
147	151
147	152
148	149
148	150
148	152
149	151
149	152
151	152
153	154
153	157
153	158
153	161
153	162
153	163
154	155
154	157
154	158
154	160
154	164
155	156
155	158
155	159
155	160
155	164
156	157
156	158
156	159
156	163
156	164
157	158
157	161
157	162
157	163
157	164
158	159
158	160
158	162
158	164
159	160
159	161
159	162
159	164
160	162
160	163
161	162
161	164
162	163
162	164
165	166
165	167
165	168
165	169
165	171
165	172
165	173
166	167
166	168
166	169
166	170
166	171
166	173
166	174
167	168
167	169
167	172
167	173
168	171
168	173
168	174
169	170
169	171
169	173
170	171
170	172
170	174
172	173
172	174
173	174
175	176
175	177
175	178
175	179
175	180
175	181
175	182
175	184
175	185
175	186
176	177
176	179
176	180
176	181
176	182
176	183
176	184
176	185
176	186
177	178
177	179
177	181
177	183
177	184
177	185
177	186
178	179
178	180
178	181
178	182
178	183
178	184
178	185
178	186
179	180
179	181
179	182
179	183
179	184
179	185
179	186
180	181
180	182
180	183
180	185
180	186
181	182
181	183
181	184
181	185
182	183
182	185
182	186
183	185
183	186
184	185
184	186
185	186
187	189
187	191
187	192
187	194
188	189
188	191
188	192
188	193
188	194
188	195
188	196
189	191
189	192
189	193
189	194
190	194
191	194
191	195
192	193
192	195
193	194
194	195
194	196
195	196
