\\ machines
12
\\ max power
120
\\ Jobs in machine 1
11
J1	15	14	23	4	1.940164240882674
J2	15	2	67	24	1.2656387246437895
J3	15	8	105	50	1.6440480727744404
J4	15	12	58	12	1.3069740454530165
J5	13	12	12	42	0.1
J6	15	2	40	11	1.1325108193057076
J7	14	4	69	18	0.9152535162704478
J8	14	10	27	45	1.8392040399026723
J9	13	3	14	33	0.7636248927177609
J10	14	2	84	13	0.915005470678301
J11	16	6	2	19	1.0106763177064466
\\ Jobs in machine 2
11
J12	15	10	36	47	0.7492531021761832
J13	14	13	95	4	1.5345179380599618
J14	14	13	72	9	1.2242479104521233
J15	15	6	60	35	0.48061559011824984
J16	13	2	56	7	1.8895949679532615
J17	15	5	70	39	1.0068003219679704
J18	14	4	73	56	1.364047259985544
J19	14	3	49	6	1.047974581049813
J20	15	6	89	54	0.7705214642626433
J21	14	2	44	34	1.3119609935977916
J22	14	4	71	26	1.2876173795733834
\\ Jobs in machine 3
10
J23	14	8	20	9	1.0837603494388683
J24	15	4	73	44	0.5593541400408294
J25	13	4	4	8	1.5050646600687687
J26	16	10	51	8	1.4914291026423114
J27	16	13	94	53	1.7983184475801215
J28	14	13	70	20	1.5652218281969235
J29	16	6	45	15	1.3634592078168648
J30	14	3	33	31	1.5719495730609243
J31	16	8	34	42	1.552476121247291
J32	14	6	109	26	1.6493356377654753
\\ Jobs in machine 4
11
J33	15	1	88	42	0.5292556738096621
J34	14	5	73	53	1.905148328119552
J35	13	5	45	14	1.4166534393912393
J36	15	11	86	22	0.5912269726233927
J37	13	10	15	33	0.5121871243069911
J38	16	7	44	12	1.343057313483553
J39	13	7	108	13	0.7903241601070221
J40	13	6	2	16	1.7249871568720367
J41	14	5	20	33	1.4278124875875178
J42	16	14	10	39	0.8989637774848168
J43	16	2	15	11	1.424256665275776
\\ Jobs in machine 5
9
J44	15	11	4	55	0.9404606550592487
J45	15	14	100	53	1.5697029636104889
J46	14	12	79	30	1.6638332441471697
J47	16	14	27	13	1.4492673525575674
J48	15	4	11	39	1.2342386009746125
J49	13	8	70	47	0.6363537725278869
J50	17	10	24	24	1.340336863068944
J51	14	11	25	10	1.6219864145693579
J52	15	8	84	39	2.3085140677148455
\\ Jobs in machine 6
11
J53	16	10	78	18	0.9929653505989242
J54	17	7	35	53	1.4415334838523417
J55	14	11	5	33	1.462243722010789
J56	14	4	105	18	0.9493737366681646
J57	14	6	83	49	0.8879076446442391
J58	14	10	27	5	2.033146365466318
J59	15	3	83	42	1.6602358552330192
J60	13	11	76	59	0.6733876376628724
J61	13	2	15	44	2.0695637573919177
J62	12	9	54	34	1.5324802355102138
J63	14	10	72	10	0.1
\\ Jobs in machine 7
11
J64	13	2	87	8	1.2741418501115094
J65	13	2	86	3	0.1
J66	15	8	88	35	1.4539725080783965
J67	16	11	50	59	2.330181877163203
J68	13	4	27	6	0.6682386281078878
J69	15	6	93	53	1.1852074799534502
J70	16	7	33	49	1.6037748457688938
J71	16	11	76	3	0.7185194793055418
J72	13	10	40	28	1.9641925057032008
J73	16	4	74	18	0.3767062287699693
J74	16	7	14	5	0.8937946688644763
\\ Jobs in machine 8
11
J75	15	12	105	53	0.9140176710267756
J76	16	13	65	11	1.1154701836652987
J77	14	4	55	23	1.1125443131287187
J78	14	10	52	23	1.0467927540778834
J79	14	8	5	60	1.2516211553387662
J80	16	2	52	54	1.0799554317469198
J81	16	3	55	57	1.7403113571060105
J82	14	9	100	49	1.9381809250327842
J83	14	6	69	22	1.3529526918093122
J84	14	2	45	49	1.1985212692260934
J85	15	7	59	11	1.1772482990135813
\\ Jobs in machine 9
10
J86	14	10	6	47	1.2174198096742543
J87	12	14	73	3	0.7059350404346003
J88	15	3	68	47	1.0927623579282209
J89	15	11	107	46	1.1480614610465452
J90	16	13	85	28	1.8030376051557901
J91	14	4	37	55	1.4073734988852433
J92	14	14	103	28	0.24276502138561074
J93	15	8	73	53	1.8571092468542505
J94	14	10	71	18	1.4156465312101922
J95	14	2	91	34	1.2397828958467207
\\ Jobs in machine 10
10
J96	15	5	38	26	0.40617940129105745
J97	12	13	10	39	0.8681490091326487
J98	17	8	5	19	2.1651722987928013
J99	15	1	76	19	1.3153003502702894
J100	15	4	22	32	1.5494450388880852
J101	15	4	6	22	0.3239010473080983
J102	14	8	11	13	1.1184553984950933
J103	15	4	35	14	1.2019601478529283
J104	16	2	54	53	1.6946299778165725
J105	15	6	99	3	1.5776611422765798
\\ Jobs in machine 11
11
J106	14	14	4	39	2.2978331383826065
J107	15	4	99	1	2.0629196003070276
J108	13	2	70	55	1.447627333067706
J109	14	1	74	16	1.6179417299841303
J110	17	7	23	39	1.0178456943257912
J111	13	14	109	35	1.0703639842642168
J112	14	8	50	35	0.7919057710894117
J113	15	11	29	49	0.1
J114	17	7	59	24	2.231366537735071
J115	14	9	97	36	0.1
J116	15	3	94	43	1.6482032049536728
\\ Jobs in machine 12
11
J117	15	13	20	53	1.905643885536465
J118	15	1	30	59	1.1104371276909821
J119	17	1	59	26	1.6762838296854958
J120	16	12	15	59	1.5869708343664752
J121	14	4	24	50	1.1298065261041952
J122	14	9	57	56	2.4453848016624984
J123	14	4	4	14	1.2808778275524706
J124	14	10	25	56	0.11655464753435063
J125	16	6	22	14	0.7763396304982251
J126	16	13	77	3	1.2486478275297994
J127	14	9	91	43	1.1806273383979866
\\ Dependencies 
105
1	10
6	7
6	9
7	9
7	10
7	11
8	10
13	21
14	15
16	17
17	19
20	22
23	24
23	26
23	30
24	31
25	26
26	29
26	30
28	31
33	40
34	37
34	43
35	39
37	38
37	41
37	42
37	43
39	41
40	41
45	46
45	47
45	51
46	49
48	50
48	52
49	50
50	52
53	58
53	62
54	57
55	60
56	57
56	59
56	60
56	62
58	60
60	61
64	74
65	66
67	72
69	70
70	74
72	74
75	82
76	79
77	83
77	84
78	81
78	82
79	84
81	84
82	84
82	85
83	85
84	85
86	87
86	89
86	90
87	94
88	90
88	92
89	92
91	94
92	94
93	94
93	95
97	100
97	103
98	99
98	100
98	102
100	102
100	104
101	103
102	104
102	105
103	104
106	107
106	108
106	116
107	111
107	113
107	114
108	111
108	114
109	112
109	113
109	115
112	114
113	116
118	120
120	121
123	127
126	127
