\\ machines
25
\\ max power
250
\\ Jobs in machine 1
10
J1	13	9	32	9	0.8196196986891986
J2	15	12	86	62	1.293034971132309
J3	16	6	96	43	1.1553297125191497
J4	16	1	22	79	0.5184707478484123
J5	14	8	44	16	1.3777471557215404
J6	13	5	74	121	1.5693257821227895
J7	15	12	104	61	1.2102277041420113
J8	14	5	49	2	2.013700391552167
J9	15	2	81	102	1.5946787488355962
J10	14	1	57	14	1.4528485877383406
\\ Jobs in machine 2
12
J11	14	4	17	106	1.3355699760017183
J12	15	12	9	42	0.9482772841291643
J13	15	1	68	27	1.141212853931695
J14	13	3	93	60	0.48178025764897314
J15	15	12	6	68	1.0162776859323643
J16	13	3	75	89	1.1014159455801227
J17	13	12	26	77	0.9343466391081076
J18	15	8	82	36	1.2837549806500466
J19	15	3	45	120	1.7671106571179516
J20	13	3	26	102	0.9063882074867831
J21	16	13	82	70	0.37525213114378964
J22	14	6	78	9	1.3669802149602333
\\ Jobs in machine 3
12
J23	13	1	96	34	1.5256792569130782
J24	16	3	88	57	1.163096426513039
J25	15	4	11	39	1.1378073521224799
J26	13	6	41	68	1.7380574766703094
J27	15	10	60	62	1.082129554478783
J28	14	2	52	94	1.6574593442420102
J29	14	10	25	14	1.0112143535635014
J30	16	14	102	37	1.035820916122969
J31	14	8	20	37	1.2091582222536326
J32	15	14	7	74	0.7552906678247975
J33	15	6	75	125	1.3353617722647455
J34	14	4	73	49	0.1
\\ Jobs in machine 4
11
J35	14	7	14	92	1.7329323248989055
J36	14	5	22	58	2.370617945063355
J37	13	5	25	92	0.5999087879751165
J38	15	12	102	122	1.5174898175693854
J39	16	9	106	95	1.3639676996653427
J40	14	3	79	67	1.7167309240837527
J41	14	7	44	92	1.2742078679689786
J42	15	4	103	93	1.3584090251290706
J43	15	14	82	21	0.993863159733428
J44	14	13	55	67	0.7327563415028473
J45	14	2	9	49	1.4180536226584397
\\ Jobs in machine 5
12
J46	15	14	76	51	0.1
J47	16	7	42	64	1.1977414366990788
J48	15	10	42	44	1.2743133459526639
J49	15	3	76	78	1.2579939463029164
J50	13	12	46	108	1.1205701792193272
J51	14	13	60	42	0.9310713397771261
J52	15	11	41	12	1.6031403873648087
J53	13	1	83	88	0.924668985464536
J54	16	12	14	19	1.724261519294798
J55	14	1	82	38	1.9299378911463185
J56	15	8	70	112	0.7320983122561429
J57	16	5	74	37	1.2465032349402743
\\ Jobs in machine 6
10
J58	15	10	54	15	0.8336642408911972
J59	17	3	69	21	1.065304391894065
J60	15	3	86	73	2.2037021176775586
J61	16	13	99	25	0.7254208022277969
J62	16	7	9	83	1.4921907788884023
J63	15	7	52	98	0.8737774534845013
J64	14	11	79	123	1.5491491350743185
J65	16	4	66	102	1.3215421308398512
J66	14	11	34	68	0.704078245332324
J67	15	12	17	95	0.6083996499750155
\\ Jobs in machine 7
10
J68	15	1	59	63	0.7525229884734549
J69	14	8	42	32	1.2508452595784236
J70	13	4	76	22	1.817886575952615
J71	15	2	68	116	0.8835174824830108
J72	14	6	9	36	1.949377393573616
J73	15	10	50	25	1.833054591622675
J74	14	11	40	89	1.209728202575216
J75	14	10	53	73	1.3064210282860012
J76	16	7	12	124	1.2718908247912446
J77	14	10	3	5	0.694988565289057
\\ Jobs in machine 8
11
J78	14	5	86	13	1.1405961579506685
J79	15	13	81	72	0.8051464738473718
J80	14	13	13	85	0.9453231728735207
J81	14	4	13	4	1.0982654142586359
J82	15	2	53	76	1.360451674475426
J83	17	2	88	84	0.7751874278238717
J84	14	10	22	119	1.690542197294818
J85	14	2	67	37	1.4933440186965485
J86	14	11	66	68	0.6775904784581751
J87	14	5	91	39	0.906556009816111
J88	14	10	16	70	0.914170043024588
\\ Jobs in machine 9
10
J89	14	6	68	54	0.4573421268861513
J90	13	2	105	10	1.226308007450583
J91	14	4	66	77	0.6801592102083781
J92	13	14	38	83	1.307461529255072
J93	14	11	50	103	1.90412924004972
J94	14	7	31	68	1.1255917447684571
J95	14	1	49	51	0.25389561366311164
J96	15	10	99	77	0.729228175743631
J97	17	6	105	124	1.7785160048195123
J98	16	7	38	74	0.9559100057779323
\\ Jobs in machine 10
11
J99	13	6	104	49	1.9564558502403195
J100	15	8	88	102	0.8564535260839481
J101	13	9	92	60	1.7363012344246118
J102	13	14	58	8	1.3888734950026422
J103	15	2	93	113	0.1
J104	15	3	100	26	0.7897716754698627
J105	14	9	95	63	1.4715496877235261
J106	15	2	108	30	0.9574721853633569
J107	15	11	5	21	1.2515382847093783
J108	15	5	33	110	2.0526221815010177
J109	13	12	58	119	0.4566175770667793
\\ Jobs in machine 11
11
J110	16	9	2	42	1.419880274473695
J111	17	7	16	84	1.8281520866334897
J112	16	9	47	82	0.7295713115330318
J113	14	12	49	55	1.547634797244065
J114	15	10	9	56	0.7695902124625296
J115	16	9	102	33	1.4029279509506924
J116	11	14	84	56	1.150527968760534
J117	14	1	9	24	1.9161978859621187
J118	14	8	109	108	1.253313121336607
J119	15	14	43	94	0.9763133733058643
J120	14	8	83	7	1.3367937713481266
\\ Jobs in machine 12
10
J121	16	3	65	45	0.968651066189598
J122	14	12	105	11	0.31294730241335456
J123	14	7	37	16	2.114583599604032
J124	14	2	17	89	1.0550098718040117
J125	14	14	84	39	1.9303185370600515
J126	14	3	109	91	1.466331849269792
J127	13	5	105	96	1.2733166351287486
J128	15	11	96	74	1.0474863254935507
J129	14	4	53	10	0.856452332644495
J130	15	2	64	100	1.169037514161293
\\ Jobs in machine 13
11
J131	14	4	54	20	2.246310754351164
J132	13	4	101	58	2.289768645320974
J133	15	14	21	118	0.6351050761247607
J134	15	10	2	4	0.7401635957334725
J135	14	5	108	109	1.2735989139183297
J136	15	4	10	19	1.3312877426442449
J137	13	13	29	94	1.278262692264708
J138	15	12	27	2	1.128610194898021
J139	14	5	86	13	1.360008389215213
J140	13	9	80	57	1.4849291981382002
J141	13	11	87	113	1.739400841942682
\\ Jobs in machine 14
11
J142	14	5	38	97	1.0740350662151243
J143	15	9	34	111	0.1001859706355106
J144	15	7	26	80	1.469493849015364
J145	16	11	108	104	1.2318692613208713
J146	14	7	66	47	1.406452323839274
J147	15	6	78	29	1.3388468927786963
J148	13	14	3	40	1.6615447376008383
J149	14	8	66	56	0.3526709928685372
J150	16	5	53	64	0.9259279132168048
J151	14	3	110	54	0.6496244021984798
J152	15	4	52	35	1.300843821462725
\\ Jobs in machine 15
12
J153	13	1	104	114	1.2733967493574616
J154	14	3	83	56	1.0953280934143856
J155	15	4	66	5	0.7195100448617746
J156	15	5	107	51	1.477765744955299
J157	15	9	58	116	0.6550002155758601
J158	15	8	109	18	1.578292244146935
J159	15	11	27	65	1.2168843534200326
J160	14	6	105	111	0.9187537438033495
J161	13	10	59	54	1.715340447495048
J162	15	1	29	13	0.6300880135498342
J163	14	11	103	78	1.0835892911380303
J164	16	10	70	59	0.5754377078520665
\\ Jobs in machine 16
11
J165	13	9	68	37	0.21740084474982357
J166	13	11	3	14	2.1082927511074963
J167	15	7	102	65	1.366702585906854
J168	15	8	93	69	1.5239542507407204
J169	15	14	76	58	1.5704535567610676
J170	15	11	21	100	1.4511161833221018
J171	15	1	105	56	0.9300062425777029
J172	15	7	54	82	2.197505423421551
J173	15	12	82	100	1.7448019965881394
J174	14	11	51	13	1.3178627633166888
J175	14	5	37	105	1.2729541976761853
\\ Jobs in machine 17
9
J176	15	5	13	2	1.1276343608371497
J177	14	1	84	92	1.0701728184931039
J178	13	2	16	42	0.758752115084258
J179	16	11	100	5	0.3563901735711029
J180	15	14	67	71	1.561577759986179
J181	12	13	28	86	1.9820242079271218
J182	15	1	87	48	1.2572777682933372
J183	15	8	34	90	0.6782350759098775
J184	14	11	7	115	1.93104558292044
\\ Jobs in machine 18
10
J185	14	14	8	64	1.6224019887268328
J186	14	3	89	57	1.1234903960332552
J187	14	6	109	41	0.7359313888145272
J188	14	7	95	23	1.2395051659908929
J189	14	4	6	114	1.4267059538363907
J190	16	3	50	33	1.7135289770405413
J191	13	9	3	115	1.44008313448524
J192	15	5	28	19	1.1464507589857926
J193	15	1	91	102	1.802070123489449
J194	15	2	17	75	1.9072245265296048
\\ Jobs in machine 19
10
J195	15	9	13	67	1.0717147492282952
J196	15	10	11	91	1.0809285402484727
J197	14	1	29	27	0.8795051239130633
J198	15	7	9	32	0.825463030804822
J199	15	2	74	33	0.7682184247448562
J200	14	5	82	41	1.0263717941888388
J201	16	2	37	41	1.405245006623877
J202	14	14	86	68	0.8081217060985862
J203	14	12	86	39	1.7253251823158566
J204	13	12	44	88	1.290810887434006
\\ Jobs in machine 20
10
J205	16	12	27	108	1.4981798321620503
J206	15	5	42	95	0.5250545720966778
J207	15	12	37	122	1.0889598297759697
J208	15	4	67	74	1.4437319432825393
J209	14	6	2	7	0.11941718785085098
J210	14	10	88	30	0.1
J211	15	14	60	56	1.4025186749312197
J212	14	8	28	111	1.0267050464876144
J213	14	6	97	1	1.3614252103842965
J214	14	2	33	55	1.3633675348643497
\\ Jobs in machine 21
11
J215	14	13	16	87	0.849752475576432
J216	14	8	92	29	1.083468814987999
J217	13	13	75	115	0.8770727135403166
J218	13	7	79	38	1.835188244524268
J219	12	4	86	52	2.2183087722148276
J220	15	4	20	106	1.195845024578459
J221	14	9	7	114	1.3604696577612063
J222	14	3	13	34	1.4380239097715666
J223	14	14	32	76	1.0147074353288161
J224	16	14	40	70	1.5426965848794885
J225	15	14	106	63	1.4113887758700072
\\ Jobs in machine 22
10
J226	13	13	63	118	1.3964439456329742
J227	14	8	24	79	2.007917518351783
J228	14	8	84	17	1.6721017764616413
J229	16	3	40	118	1.5252317562241249
J230	15	11	80	79	1.948523421688459
J231	13	9	50	10	1.1650825381488974
J232	14	4	50	4	1.370126970078405
J233	14	13	12	2	1.3323923679202092
J234	14	3	21	25	0.6854834948580637
J235	14	13	93	31	2.006388769459501
\\ Jobs in machine 23
11
J236	15	12	89	42	0.32388693852682726
J237	15	14	30	2	1.0821013801718318
J238	15	14	48	123	1.2298735419467857
J239	14	10	12	60	1.2012683907480282
J240	14	14	22	105	2.0867729344300914
J241	17	12	93	11	1.879541718031636
J242	14	8	45	65	1.7744699592500481
J243	14	10	24	92	1.7212854309450267
J244	13	10	83	51	0.48673839058700563
J245	13	13	90	13	1.646432211059901
J246	14	9	107	78	1.7612208125763247
\\ Jobs in machine 24
11
J247	12	5	20	96	1.7509049166652237
J248	14	14	93	86	1.4487188726487554
J249	16	5	67	112	1.7109579916820161
J250	14	6	99	94	1.4827469397649466
J251	14	2	37	84	0.5918182970839813
J252	13	5	38	81	1.4091932141236767
J253	13	5	64	88	0.7738169570323503
J254	16	1	52	91	1.5895832220997546
J255	13	9	86	51	1.47387753422319
J256	14	13	62	114	1.0978279863566363
J257	15	3	102	108	0.8875784646577225
\\ Jobs in machine 25
10
J258	16	11	60	69	2.0650860050243223
J259	13	5	14	111	1.5588403729063707
J260	15	14	96	52	0.49765014015909137
J261	13	14	3	66	2.1641507463235943
J262	16	12	26	37	0.7258917549060123
J263	14	11	15	112	0.9561677621201242
J264	15	2	105	85	1.6983914500896715
J265	14	8	62	16	1.5800025032125342
J266	13	5	4	108	0.7506050178860707
J267	15	12	34	105	1.4027554074273059
\\ Dependencies 
366
1	2
1	7
2	6
3	9
4	5
4	7
5	6
5	7
11	16
11	18
11	19
11	20
11	21
12	13
12	16
13	16
13	20
13	22
14	19
14	22
15	16
15	17
16	18
17	20
19	20
19	21
20	21
23	30
23	31
23	33
25	33
26	28
26	31
27	29
27	30
27	34
28	30
29	30
29	34
30	33
30	34
35	36
35	37
35	44
36	40
37	43
38	44
39	44
40	45
41	44
42	44
44	45
46	47
46	51
46	54
46	56
46	57
47	51
47	52
47	53
47	57
48	54
48	56
48	57
49	53
50	52
51	53
51	55
51	56
53	54
53	57
54	55
55	57
56	57
58	61
58	63
58	65
59	62
60	63
61	63
63	66
68	69
68	72
68	74
69	70
69	72
69	77
70	77
71	72
71	74
71	75
72	73
72	74
72	75
78	80
78	81
78	86
79	86
79	87
79	88
80	84
80	86
80	87
80	88
81	82
81	83
81	86
82	85
82	88
83	85
83	87
84	85
84	86
84	87
85	87
85	88
86	88
89	90
89	92
89	93
89	96
90	93
90	95
92	93
92	96
92	98
93	96
93	97
93	98
95	97
96	98
99	102
99	104
99	105
99	108
99	109
100	103
100	104
101	104
101	106
102	103
103	105
103	109
104	106
104	109
105	108
105	109
106	107
107	108
108	109
110	113
110	115
110	117
111	120
113	114
113	115
114	116
114	117
114	118
115	117
115	120
116	117
116	118
116	120
118	120
119	120
121	130
122	125
122	126
123	128
123	129
124	126
125	126
126	129
126	130
127	128
128	129
131	132
131	136
131	138
131	139
131	140
132	134
132	135
132	140
134	137
134	139
134	140
135	136
135	139
135	141
136	141
137	139
139	140
139	141
140	141
142	146
142	147
142	148
143	145
143	151
144	147
144	149
145	147
145	148
146	149
147	151
147	152
150	151
153	155
153	157
153	162
153	163
154	155
154	162
155	157
155	158
155	161
155	164
156	159
157	160
157	161
157	163
157	164
159	162
159	164
160	161
160	162
162	163
163	164
165	166
165	167
165	168
165	170
165	172
165	175
166	168
166	171
167	170
167	171
167	175
168	172
169	173
170	173
170	174
172	173
173	175
174	175
176	180
176	181
177	184
178	181
180	182
181	183
182	183
185	187
186	193
187	190
188	190
189	194
190	194
191	194
195	203
195	204
196	199
196	201
196	202
198	199
198	201
198	202
199	200
199	202
199	204
200	201
200	202
200	204
201	203
202	204
205	206
205	210
205	213
205	214
207	209
207	210
209	213
210	212
210	214
215	218
216	223
216	225
217	219
217	220
217	222
218	222
218	223
219	224
220	222
220	225
221	224
221	225
222	224
223	224
226	227
226	233
226	235
227	232
227	233
227	235
228	233
228	234
229	234
229	235
230	235
231	232
232	233
232	234
233	234
234	235
236	240
236	242
236	243
236	245
237	245
237	246
238	242
238	246
239	240
239	241
239	242
239	245
239	246
240	246
241	242
241	243
241	245
242	244
244	245
245	246
247	252
247	253
247	256
247	257
248	254
248	255
248	256
249	256
249	257
250	252
250	253
250	254
250	255
250	257
251	254
253	256
254	255
254	257
255	256
258	260
258	263
261	264
262	264
262	266
263	264
263	266
264	267
265	266
