\\ machines
25
\\ max power
250
\\ Jobs in machine 1
11
J1	15	6	77	45	2.148259644393915
J2	14	3	66	46	1.1317214361046268
J3	14	7	84	33	0.3409570404159564
J4	13	8	104	3	1.3793084315266588
J5	14	4	105	20	0.8856316043974911
J6	15	13	105	1	1.0382923275606135
J7	16	1	76	48	1.483154112645059
J8	14	3	43	54	0.9322663493106265
J9	16	9	69	44	1.0957093755888403
J10	14	6	74	4	0.6992419929159769
J11	14	11	88	33	1.1107005006415442
\\ Jobs in machine 2
10
J12	16	9	83	60	1.1368895235616245
J13	14	12	70	17	1.7085118566765836
J14	15	10	110	52	2.1115811734561727
J15	14	11	32	54	2.1021654950176174
J16	15	13	82	55	1.607901499007616
J17	13	12	12	36	2.149031701106014
J18	15	3	103	20	0.1
J19	13	8	99	42	0.7621261386762925
J20	14	2	48	19	1.5061367821198632
J21	14	12	39	60	0.8343035138076283
\\ Jobs in machine 3
11
J22	15	13	72	58	2.262867452932084
J23	15	2	105	37	1.6680894549571532
J24	16	10	29	8	1.5964065822917712
J25	16	11	97	47	1.1890360985270214
J26	13	1	85	62	1.4174260401214729
J27	15	7	90	12	0.5994454896167024
J28	13	14	88	12	1.8975896663918865
J29	15	14	21	58	1.9413145336855584
J30	16	10	44	43	1.944265293170696
J31	16	12	83	18	0.23190527696296148
J32	14	5	49	28	1.2360806888852753
\\ Jobs in machine 4
10
J33	15	12	21	45	0.9850118691007053
J34	17	13	17	36	0.702203049678579
J35	14	3	109	56	1.3394897814068039
J36	15	11	49	20	1.1038639141054227
J37	14	12	76	38	0.8519453495500013
J38	14	3	93	59	1.4620104979968132
J39	14	7	43	24	0.6527531884355717
J40	14	12	89	43	0.19409350839614192
J41	15	11	3	24	2.003223203366259
J42	14	3	92	10	0.7442224598597957
\\ Jobs in machine 5
10
J43	14	5	2	6	1.339008544882945
J44	15	13	89	43	1.3314747632125727
J45	15	13	25	58	0.9133226288633033
J46	14	8	47	38	0.5539328378084761
J47	15	14	85	50	1.692109004747361
J48	14	1	59	29	0.947498057798297
J49	15	3	19	42	1.2957724050231239
J50	14	1	97	20	1.3920788402505442
J51	14	14	72	21	0.7003512497160039
J52	13	13	95	5	2.2260118506642033
\\ Jobs in machine 6
12
J53	15	3	38	25	1.3099856305524087
J54	14	6	87	49	1.7332759451894915
J55	13	7	40	45	1.3616376072632055
J56	14	7	101	62	0.7588154609014004
J57	15	13	7	35	0.447792722072874
J58	14	6	15	35	1.101015102178603
J59	14	4	30	26	1.5393519080116065
J60	16	10	55	49	1.2472767012596648
J61	14	3	25	48	0.19360606120639035
J62	13	8	99	20	2.373293876977806
J63	14	1	41	7	1.1298882045796503
J64	14	6	10	47	0.8480121182506377
\\ Jobs in machine 7
10
J65	15	4	94	45	0.9961713955004488
J66	14	13	39	58	1.6200165778517963
J67	15	11	46	50	1.8158410401652998
J68	15	8	80	26	1.5497393654073552
J69	15	1	39	59	0.5475654147273815
J70	14	1	10	55	2.171816532203008
J71	14	3	70	62	1.5355859488158017
J72	14	8	25	28	1.440428453680723
J73	15	9	46	38	1.2179341558476944
J74	15	11	37	59	0.21977427673167482
\\ Jobs in machine 8
10
J75	16	1	40	61	1.3872831763703464
J76	16	12	73	44	1.312982675176446
J77	15	5	29	22	1.1321776284545166
J78	13	1	20	43	1.3350471805317112
J79	13	1	33	28	1.4011299832599964
J80	15	3	6	16	0.9948155311381884
J81	15	11	28	38	1.5892026995522546
J82	13	8	19	42	0.15370209861363704
J83	15	9	108	12	0.8959138441796721
J84	13	2	56	19	0.1
\\ Jobs in machine 9
10
J85	13	3	3	27	1.32248380586952
J86	14	7	53	12	1.2071586319722487
J87	15	14	37	41	0.14707859990939376
J88	14	12	41	7	1.202894249215594
J89	13	1	84	35	1.1415192282652102
J90	15	2	75	49	1.5914039324090414
J91	15	14	96	52	0.6179282476790527
J92	14	2	39	39	1.4213336039775664
J93	15	4	85	47	1.9395485282287939
J94	14	11	29	31	0.5629097678343431
\\ Jobs in machine 10
11
J95	15	3	108	53	1.314683244842604
J96	14	2	36	38	2.23056603855645
J97	16	9	38	51	1.9625057616453367
J98	14	8	79	1	1.0199332219594477
J99	15	10	63	37	1.3873323052935074
J100	16	14	70	35	1.3212421725263972
J101	14	7	48	31	0.8498085005342562
J102	15	7	47	29	0.8163718553851621
J103	13	7	94	4	1.3261535150026473
J104	17	7	55	44	0.19869967297588165
J105	14	4	18	28	1.8522955904477052
\\ Jobs in machine 11
11
J106	15	9	93	15	2.0964591741444867
J107	14	13	72	12	0.6593527056375031
J108	15	2	57	10	1.1882913113131301
J109	15	1	86	31	1.3208826003643108
J110	15	4	14	43	1.416403659200788
J111	16	2	48	48	0.4803154257278892
J112	14	13	109	51	1.1325012064360624
J113	16	2	72	53	1.5679804347333293
J114	12	14	49	36	1.7634602518394742
J115	14	9	4	16	1.5018695114152334
J116	15	8	86	4	1.189389466640442
\\ Jobs in machine 12
10
J117	13	7	32	7	0.43341235371479825
J118	14	9	59	7	0.9825253599931201
J119	14	2	26	38	1.8947005788589233
J120	15	5	88	26	1.1460968879267837
J121	15	10	75	9	1.2784256848552633
J122	15	6	89	61	1.2175044442530696
J123	15	12	70	9	2.0453433887688104
J124	16	11	15	38	1.0361088529138174
J125	15	11	54	53	1.163231994979251
J126	16	11	106	61	1.59969494653433
\\ Jobs in machine 13
12
J127	14	14	105	38	0.6968160070510073
J128	13	9	62	34	0.8986677400273395
J129	14	8	3	31	0.8440531164320826
J130	13	6	40	45	1.3569069392889264
J131	13	6	99	57	1.6300890257869474
J132	14	1	25	13	1.4606001051813413
J133	16	7	36	59	0.7420854111520856
J134	13	6	91	62	0.8412889064746883
J135	14	1	36	16	0.4323281959079436
J136	14	2	53	13	1.1953209084540688
J137	15	10	4	13	1.1474733151638707
J138	14	10	46	48	1.061452442903572
\\ Jobs in machine 14
11
J139	14	2	99	41	1.7874118290333385
J140	15	6	89	57	2.102544345009294
J141	15	3	3	41	0.9308128871708827
J142	16	9	44	57	0.9960164933487619
J143	14	5	6	60	1.5928913942962877
J144	14	14	33	56	0.27364497818240985
J145	14	1	65	5	1.14405679087602
J146	14	4	63	32	0.9796037010919004
J147	13	6	54	61	0.8279724650388915
J148	15	12	85	61	1.1988711903322533
J149	14	9	8	23	1.412761392619911
\\ Jobs in machine 15
12
J150	15	2	12	21	1.3702595946020424
J151	14	12	99	35	1.602260243178157
J152	13	12	40	21	1.5914678273258893
J153	17	8	35	53	1.2229113789775643
J154	14	4	83	27	1.045528695285614
J155	15	7	15	50	1.0544015638497135
J156	15	3	40	6	0.9476934240860218
J157	15	6	69	7	0.7331022758074779
J158	14	13	96	5	1.1657889110584445
J159	14	13	82	6	0.4270374038230199
J160	15	14	95	44	1.1045861173879812
J161	16	1	83	46	1.6757592477130197
\\ Jobs in machine 16
11
J162	16	3	52	48	0.6651347280929596
J163	14	4	6	49	1.5731579005375231
J164	14	2	104	16	0.9091603554180201
J165	14	11	43	5	1.806576593079529
J166	14	5	93	19	2.17409065667768
J167	15	13	70	39	0.1
J168	12	13	41	56	2.01537889229768
J169	14	2	12	60	1.1888242191583829
J170	14	11	22	34	0.5673843814483239
J171	15	3	3	53	1.55678923287686
J172	13	6	42	49	1.707853309153347
\\ Jobs in machine 17
12
J173	14	12	76	21	1.8265835290595078
J174	15	10	82	21	0.12104695699567092
J175	16	13	100	49	0.9059182315215217
J176	15	5	11	51	2.147781521270153
J177	14	14	48	63	0.4840834900064651
J178	15	12	61	51	2.503928209073173
J179	14	2	97	8	1.4993325958220658
J180	14	7	96	45	1.9042160790298897
J181	16	11	61	62	0.884512393597956
J182	14	14	104	35	1.1503343850248797
J183	16	1	53	42	1.0360296742021224
J184	15	8	97	26	1.951295309793638
\\ Jobs in machine 18
11
J185	14	12	55	7	0.11367829084356895
J186	14	8	109	43	0.9020880867831684
J187	14	6	101	58	1.3463402699856433
J188	13	6	85	20	1.4588560005696616
J189	13	10	40	14	1.0896427882229227
J190	15	12	45	48	0.8206996587853566
J191	14	3	87	28	1.0793759231590307
J192	14	7	62	62	1.2112626916847038
J193	15	14	66	18	0.8603635956151101
J194	16	6	78	34	1.5459172645412855
J195	15	10	59	37	1.9211092316736607
\\ Jobs in machine 19
10
J196	14	13	61	3	0.9166266263545904
J197	15	1	56	3	0.6132074745537556
J198	14	14	20	31	0.8714405442721987
J199	14	11	71	41	1.5044945211880836
J200	15	1	2	35	1.4375774889167408
J201	13	7	94	12	0.7593323463783002
J202	15	6	11	17	0.4632035036018807
J203	16	5	10	38	0.7699869424668346
J204	15	3	6	12	1.8920690469405341
J205	14	11	77	37	2.3415463179303946
\\ Jobs in machine 20
13
J206	15	6	51	54	1.6802363789472492
J207	15	14	99	49	1.3399791648599586
J208	12	8	41	39	1.6045529906717808
J209	15	3	70	41	1.3397225904654584
J210	15	10	15	31	0.5675015540173334
J211	14	1	49	33	2.096152646833792
J212	14	14	32	35	1.0655716919102793
J213	15	7	44	24	1.1139330696264687
J214	14	3	48	60	2.0752281434735953
J215	15	8	110	35	2.0053178934744413
J216	13	8	108	7	1.446954408332298
J217	14	4	105	40	1.7923429578274621
J218	11	10	60	46	1.369269594563728
\\ Jobs in machine 21
10
J219	14	6	101	39	1.71073944769405
J220	14	7	29	40	1.5952417239479733
J221	13	5	6	37	1.39077964022495
J222	13	9	5	11	1.2242406425034438
J223	13	14	84	20	0.2342604107989581
J224	13	13	85	31	0.1
J225	15	12	25	49	0.5845833316441409
J226	15	5	58	42	0.9603983507088922
J227	14	3	34	27	0.642607924163758
J228	15	3	13	58	1.1739782411393758
\\ Jobs in machine 22
10
J229	13	13	57	58	0.6285091228835491
J230	13	14	68	52	1.1488840914919212
J231	15	14	106	35	1.4164499975570404
J232	16	12	60	21	2.0371088632566465
J233	15	5	79	38	1.2733888941896183
J234	14	3	16	15	1.0872400105681281
J235	14	4	3	3	2.3723262240202345
J236	16	11	83	26	1.5020066560716552
J237	15	2	100	57	0.9497724211852635
J238	15	8	44	57	1.0741710769946495
\\ Jobs in machine 23
11
J239	16	13	41	34	0.9663798242237458
J240	13	14	48	44	1.3779005011704777
J241	13	14	59	51	1.638374026420273
J242	15	10	85	1	1.8051480101868327
J243	14	6	99	32	1.245300876200281
J244	15	6	83	17	0.5730573325468431
J245	14	7	58	7	1.4558432671750694
J246	15	2	60	54	0.9379355767129989
J247	15	8	27	26	1.3150307697929287
J248	15	6	39	29	0.9298694117615182
J249	14	4	38	21	1.028452984225464
\\ Jobs in machine 24
12
J250	13	13	68	56	0.5903721497443113
J251	15	3	106	56	1.6035918861134917
J252	15	10	55	43	1.0532550680396788
J253	14	12	87	38	1.4136590113174583
J254	13	3	76	2	1.6378668817682862
J255	16	10	20	54	1.4515491359575199
J256	15	4	106	60	1.0042301207379638
J257	15	8	110	20	1.3053075988630576
J258	14	9	70	1	0.9379875588773432
J259	15	4	36	60	1.6298258370345113
J260	13	1	44	36	1.3287354347643605
J261	13	6	8	55	1.766054443778692
\\ Jobs in machine 25
9
J262	15	5	76	18	1.507093684543158
J263	15	12	29	12	0.8124586529658364
J264	15	9	24	34	0.7827363002425618
J265	13	9	78	37	1.2146634086773616
J266	13	4	25	43	0.8365394512291668
J267	14	8	8	6	0.8449727651799483
J268	15	11	86	18	1.196479729258301
J269	14	11	77	15	1.1134315603066502
J270	16	9	101	57	1.8285986120164408
\\ Dependencies 
1206
1	2
1	3
1	4
1	5
1	6
1	7
1	8
1	9
1	10
1	11
2	3
2	4
2	5
2	6
2	7
2	8
2	9
2	10
2	11
3	4
3	5
3	7
3	8
3	9
3	10
3	11
4	5
4	6
4	7
4	8
4	9
4	10
4	11
5	7
5	8
5	9
5	10
5	11
6	7
6	8
6	9
6	10
6	11
7	8
7	9
7	10
7	11
8	10
8	11
9	10
9	11
10	11
12	13
12	14
12	15
12	16
12	17
12	18
12	19
12	20
12	21
13	14
13	15
13	16
13	17
13	18
13	19
13	20
13	21
14	15
14	16
14	17
14	18
14	19
14	20
14	21
15	16
15	17
15	18
15	19
15	20
15	21
16	17
16	18
16	19
16	20
16	21
17	18
17	19
17	20
17	21
18	19
18	20
18	21
19	20
19	21
20	21
22	24
22	25
22	26
22	27
22	28
22	29
22	30
22	31
22	32
23	24
23	25
23	27
23	29
23	30
23	32
24	26
24	27
24	28
24	29
24	30
24	32
25	26
25	27
25	28
25	29
25	30
25	31
25	32
26	27
26	28
26	29
26	30
26	31
26	32
27	28
27	29
27	30
27	31
27	32
28	29
28	30
28	31
28	32
29	30
29	31
30	31
30	32
31	32
33	34
33	35
33	36
33	37
33	38
33	39
33	40
33	42
34	35
34	36
34	37
34	38
34	39
34	40
34	41
34	42
35	36
35	37
35	38
35	39
35	40
36	37
36	38
36	39
36	40
36	41
36	42
37	38
37	39
37	40
37	41
37	42
38	39
38	40
38	41
38	42
39	41
39	42
40	41
41	42
43	44
43	45
43	46
43	47
43	49
43	50
43	51
43	52
44	45
44	46
44	47
44	48
44	49
44	50
44	52
45	46
45	47
45	48
45	49
45	50
45	52
46	48
46	49
46	50
46	51
46	52
47	48
47	49
47	50
47	51
47	52
48	49
48	51
48	52
49	50
49	51
49	52
50	51
50	52
51	52
53	54
53	55
53	56
53	57
53	59
53	60
53	61
53	62
53	63
53	64
54	55
54	56
54	57
54	58
54	59
54	60
54	61
54	62
54	63
54	64
55	56
55	57
55	58
55	59
55	60
55	62
55	63
55	64
56	57
56	58
56	59
56	60
56	61
56	62
56	63
56	64
57	58
57	59
57	60
57	61
57	63
57	64
58	60
58	61
58	62
58	63
58	64
59	60
59	61
59	62
59	63
59	64
60	61
60	62
60	63
60	64
61	62
61	63
61	64
62	64
63	64
65	66
65	67
65	68
65	69
65	70
65	71
65	72
65	74
66	67
66	68
66	69
66	70
66	71
66	72
66	73
67	68
67	70
67	72
67	73
67	74
68	69
68	70
68	71
68	72
68	73
68	74
69	70
69	71
69	72
69	73
69	74
70	71
70	72
70	74
71	72
71	73
71	74
72	73
72	74
73	74
75	76
75	77
75	78
75	79
75	80
75	81
75	82
75	83
75	84
76	77
76	78
76	79
76	80
76	81
76	82
76	83
76	84
77	78
77	79
77	80
77	82
77	83
77	84
78	80
78	81
78	82
78	83
78	84
79	80
79	81
79	82
79	83
79	84
80	81
80	82
80	83
80	84
81	83
81	84
82	83
82	84
83	84
85	86
85	87
85	88
85	89
85	90
85	93
85	94
86	87
86	88
86	89
86	90
86	91
86	92
86	93
86	94
87	88
87	89
87	90
87	91
87	92
87	93
87	94
88	89
88	90
88	91
88	92
88	93
88	94
89	91
89	92
89	93
89	94
90	91
90	92
90	93
91	92
91	93
91	94
92	93
92	94
93	94
95	96
95	98
95	99
95	100
95	102
95	103
95	104
95	105
96	97
96	98
96	99
96	100
96	101
96	102
96	103
96	104
96	105
97	98
97	99
97	100
97	101
97	103
97	104
97	105
98	100
98	101
98	102
98	103
98	104
98	105
99	100
99	101
99	102
99	103
99	104
99	105
100	101
100	102
100	103
100	104
100	105
101	102
101	103
101	104
101	105
102	103
102	104
102	105
103	104
103	105
104	105
106	107
106	108
106	109
106	110
106	111
106	112
106	113
106	114
106	115
106	116
107	108
107	109
107	110
107	111
107	112
107	113
107	114
107	115
107	116
108	109
108	111
108	112
108	113
108	114
108	115
108	116
109	110
109	111
109	112
109	113
109	114
109	115
109	116
110	111
110	112
110	113
110	114
110	115
111	112
111	113
111	114
111	115
111	116
112	113
112	115
113	114
113	115
113	116
114	115
114	116
115	116
117	118
117	119
117	120
117	121
117	122
117	123
117	124
117	125
118	119
118	120
118	121
118	122
118	124
118	125
118	126
119	120
119	121
119	122
119	123
119	124
119	125
119	126
120	121
120	122
120	123
120	124
120	125
120	126
121	122
121	123
121	124
121	125
121	126
122	123
122	124
122	126
123	124
123	125
123	126
124	125
124	126
127	128
127	129
127	130
127	131
127	132
127	133
127	135
127	136
127	137
127	138
128	130
128	131
128	132
128	133
128	134
128	135
128	136
128	137
128	138
129	130
129	132
129	133
129	134
129	135
129	136
129	137
129	138
130	131
130	132
130	133
130	134
130	136
130	137
130	138
131	132
131	134
131	135
131	138
132	133
132	134
132	135
132	136
132	138
133	134
133	135
133	136
133	137
133	138
134	135
134	136
134	137
134	138
135	137
135	138
136	137
136	138
137	138
139	140
139	141
139	142
139	143
139	144
139	145
139	146
139	147
139	148
139	149
140	141
140	142
140	143
140	145
140	146
140	148
140	149
141	142
141	143
141	144
141	145
141	146
141	147
141	148
142	143
142	144
142	145
142	146
142	148
142	149
143	144
143	146
143	148
143	149
144	145
144	147
144	149
145	146
145	148
146	147
146	148
146	149
147	148
147	149
148	149
150	151
150	152
150	153
150	154
150	155
150	156
150	158
150	159
150	160
150	161
151	152
151	153
151	154
151	155
151	156
151	157
151	158
151	159
151	160
151	161
152	153
152	154
152	155
152	156
152	157
152	158
152	159
152	160
152	161
153	154
153	155
153	156
153	157
153	158
153	159
153	160
153	161
154	155
154	156
154	158
154	159
154	160
154	161
155	156
155	157
155	158
155	159
155	160
155	161
156	157
156	158
156	159
156	160
156	161
157	158
157	160
158	159
158	160
158	161
159	160
159	161
160	161
162	163
162	164
162	165
162	166
162	167
162	168
162	169
162	170
162	171
162	172
163	164
163	165
163	167
163	168
163	169
163	170
163	171
163	172
164	165
164	166
164	167
164	168
164	169
164	170
164	171
164	172
165	166
165	167
165	169
165	170
165	171
165	172
166	167
166	168
166	169
166	170
166	171
166	172
167	168
167	169
167	170
167	172
168	169
168	170
168	171
168	172
169	170
169	171
169	172
170	172
171	172
173	174
173	175
173	176
173	177
173	178
173	179
173	180
173	181
173	182
173	183
173	184
174	175
174	176
174	177
174	178
174	179
174	180
174	181
174	182
174	183
174	184
175	176
175	177
175	178
175	179
175	180
175	181
175	183
175	184
176	177
176	178
176	179
176	180
176	181
176	182
176	183
177	178
177	179
177	180
177	181
177	182
177	183
177	184
178	179
178	180
178	181
178	182
178	183
178	184
179	180
179	181
179	182
179	183
179	184
180	181
180	182
180	183
180	184
181	182
181	183
181	184
182	183
182	184
183	184
185	186
185	187
185	188
185	189
185	191
185	192
185	193
185	194
185	195
186	189
186	191
186	193
186	194
186	195
187	188
187	189
187	190
187	191
187	192
187	193
187	194
187	195
188	189
188	190
188	191
188	192
188	193
188	195
189	190
189	191
189	192
189	193
189	195
190	191
190	192
190	193
190	194
191	192
191	194
191	195
192	193
192	194
192	195
193	194
193	195
194	195
196	198
196	199
196	201
196	202
196	203
196	204
196	205
197	198
197	199
197	200
197	201
197	202
197	203
197	204
197	205
198	199
198	200
198	201
198	202
198	203
198	204
198	205
199	200
199	201
199	203
199	204
199	205
200	201
200	202
200	203
200	204
200	205
201	202
201	203
201	204
201	205
202	204
203	204
203	205
204	205
206	208
206	209
206	210
206	211
206	212
206	213
206	214
206	215
206	216
206	217
207	208
207	210
207	211
207	212
207	213
207	214
207	216
207	217
207	218
208	210
208	211
208	213
208	214
208	215
208	216
208	217
208	218
209	210
209	211
209	212
209	213
209	214
209	215
209	216
209	217
209	218
210	211
210	212
210	213
210	215
210	216
210	217
210	218
211	212
211	213
211	214
211	215
211	216
211	217
211	218
212	213
212	214
212	215
212	216
212	217
212	218
213	214
213	215
213	216
213	217
213	218
214	215
214	216
214	217
214	218
215	216
215	217
215	218
217	218
219	220
219	221
219	223
219	224
219	225
219	226
219	227
219	228
220	221
220	222
220	223
220	224
220	225
220	226
220	227
220	228
221	222
221	223
221	224
221	225
221	226
221	227
221	228
222	223
222	224
222	225
222	226
222	227
223	224
223	225
223	226
223	227
223	228
224	225
224	226
224	227
224	228
225	226
225	227
225	228
226	227
226	228
227	228
229	230
229	231
229	233
229	234
229	235
229	236
229	237
229	238
230	231
230	232
230	235
230	236
230	238
231	233
231	234
231	235
231	236
231	237
231	238
232	233
232	234
232	235
232	236
232	237
232	238
233	234
233	235
233	236
233	237
233	238
234	235
234	236
234	237
234	238
235	236
235	238
236	238
237	238
239	240
239	241
239	242
239	243
239	244
239	245
239	246
239	247
239	248
239	249
240	241
240	242
240	243
240	244
240	245
240	246
240	247
240	248
240	249
241	242
241	243
241	244
241	245
241	246
241	247
241	248
241	249
242	244
242	245
242	247
242	248
242	249
243	244
243	247
243	248
244	245
244	246
244	249
245	246
245	247
245	248
245	249
246	247
246	248
246	249
247	248
248	249
250	252
250	253
250	254
250	255
250	256
250	257
250	258
250	259
250	260
250	261
251	252
251	253
251	254
251	255
251	256
251	257
251	258
251	260
251	261
252	253
252	254
252	255
252	256
252	257
252	258
252	259
252	260
253	254
253	255
253	256
253	257
253	258
253	259
253	260
254	255
254	256
254	257
254	258
254	259
254	260
254	261
255	257
255	258
255	259
255	260
255	261
256	257
256	258
256	259
256	260
256	261
257	258
257	259
257	260
257	261
258	259
258	260
258	261
259	260
259	261
260	261
262	264
262	265
262	266
262	267
262	268
262	269
262	270
263	264
263	265
263	266
263	267
263	269
263	270
264	265
264	266
264	267
264	269
264	270
265	266
265	268
265	269
265	270
266	267
266	268
266	269
266	270
267	268
267	269
267	270
268	270
269	270
