\\ machines
20
\\ max power
200
\\ Jobs in machine 1
12
J1	13	2	66	11	1.5964298579654765
J2	14	13	93	100	1.2163000963440906
J3	16	7	65	14	0.5751773488710938
J4	13	4	107	4	0.23677586617635482
J5	15	7	36	52	1.3686730375828677
J6	15	3	87	78	1.137813194177003
J7	13	8	59	8	1.0887303215339388
J8	14	7	61	81	1.265614509059187
J9	12	6	48	21	2.018138908402947
J10	16	4	25	52	1.6918404165746006
J11	16	6	75	75	1.3964855988977818
J12	15	2	58	15	1.6433924957384594
\\ Jobs in machine 2
11
J13	14	4	13	35	1.38786998773728
J14	14	12	93	82	1.1534852356982728
J15	14	10	63	7	1.3774553986215012
J16	16	8	35	30	1.5284788941658778
J17	14	1	17	28	1.4014763304024636
J18	15	1	39	60	2.0443402749425386
J19	14	11	95	54	1.5135417450247348
J20	14	4	95	3	1.3754824857832282
J21	16	5	36	100	2.139030571447625
J22	13	8	76	2	1.7471955716080687
J23	15	2	77	52	1.6380742956924548
\\ Jobs in machine 3
10
J24	16	12	47	83	2.0747322817441898
J25	14	14	43	52	1.251377320129922
J26	15	10	7	60	1.744889162482992
J27	15	4	94	30	0.9428221519647642
J28	13	13	53	15	2.2959777287158887
J29	15	4	65	18	0.436791992251944
J30	12	1	5	13	1.764054579776924
J31	16	14	88	67	0.7846972145838496
J32	15	8	31	86	1.6091787880221156
J33	14	10	51	25	1.5702495663630929
\\ Jobs in machine 4
12
J34	14	8	3	90	1.467451641454555
J35	14	6	81	100	1.4566648322884523
J36	14	6	18	26	1.3788527881258181
J37	14	7	57	53	0.976787400344055
J38	14	8	66	70	1.132314143979498
J39	14	4	44	1	1.479611311363016
J40	15	13	69	38	2.418211930911088
J41	15	5	45	85	0.8828316448451445
J42	15	4	51	25	1.6206727052016805
J43	15	10	47	81	1.2540987709724152
J44	17	8	12	70	1.2435104632066212
J45	13	11	88	97	1.245023290247948
\\ Jobs in machine 5
11
J46	14	6	62	25	0.7306227801005849
J47	15	2	3	95	1.415747482995171
J48	16	8	82	96	1.4569442425880572
J49	14	3	15	28	0.921403398328511
J50	13	5	71	59	0.6819936513629345
J51	16	10	59	58	2.097271797195344
J52	14	3	26	62	0.4088797553799768
J53	16	2	32	61	0.9065311958595124
J54	15	8	28	77	1.774297271364076
J55	15	10	68	76	0.1
J56	15	6	39	56	1.0124983993501424
\\ Jobs in machine 6
12
J57	15	13	23	35	1.8558613086422693
J58	15	7	53	33	0.9509612417875126
J59	14	1	64	100	1.5126227151602318
J60	16	10	23	41	1.5536057503189398
J61	16	10	101	37	0.9216145636841224
J62	14	4	40	68	0.6516395549397629
J63	15	1	8	27	1.3134745369532754
J64	15	3	22	69	1.113240018969245
J65	14	9	5	24	0.971788988159287
J66	15	8	20	22	1.1606327730943613
J67	15	4	18	35	1.3345524453229896
J68	14	5	19	80	1.8599042929131824
\\ Jobs in machine 7
12
J69	13	11	99	7	1.0468346306327456
J70	14	4	54	65	1.039136868575315
J71	13	13	87	100	1.049392873777587
J72	16	12	3	21	1.4865437602230798
J73	16	11	42	94	2.04364407133183
J74	15	11	41	14	1.3632836467887035
J75	13	11	75	59	0.7066477523209536
J76	14	7	38	59	1.1518282131828634
J77	14	3	62	31	1.4052487176459263
J78	14	8	58	94	1.6137675109796221
J79	15	2	21	95	0.9114818777035941
J80	16	7	55	93	0.3941408646422708
\\ Jobs in machine 8
10
J81	13	2	52	95	0.9156025225449371
J82	15	7	68	1	0.8509635315449915
J83	15	11	82	51	1.3966211673656272
J84	14	8	26	67	0.8716809468516884
J85	15	3	25	89	0.6949144408362884
J86	14	9	70	35	0.7056525537820012
J87	13	2	63	36	1.9131158511547701
J88	15	11	37	6	1.0166547460680844
J89	14	2	75	38	1.7752428658625357
J90	13	8	55	81	0.4698739907007117
\\ Jobs in machine 9
10
J91	15	14	79	28	1.0591545954631263
J92	14	5	69	75	0.7574119669846082
J93	14	1	106	20	1.8010699573735987
J94	16	6	57	37	0.8878190713200151
J95	14	7	23	61	0.9144902210373649
J96	13	5	94	9	1.4016419941321894
J97	16	14	26	60	1.0539033713003105
J98	15	3	96	57	1.4095979403434753
J99	16	5	86	21	1.8587143195587947
J100	14	13	65	56	0.9137850688930068
\\ Jobs in machine 10
12
J101	14	8	67	46	1.1927881723995943
J102	15	1	27	44	0.5146949257559448
J103	16	11	38	65	1.4567483682749054
J104	13	5	67	51	1.5843250519815475
J105	14	13	70	20	2.017369537258965
J106	16	7	106	39	0.685890012447105
J107	14	10	36	21	1.3893461142779369
J108	14	4	19	84	1.5923361020547415
J109	16	14	42	71	1.1244990454293544
J110	15	10	54	82	0.3964091137631005
J111	15	3	43	93	1.164005650308136
J112	15	11	22	40	0.9173567115292489
\\ Jobs in machine 11
9
J113	16	4	31	42	0.8707902799434408
J114	14	14	26	74	1.0497580544925575
J115	16	5	93	13	0.8851027061756722
J116	12	2	57	82	0.408679982290989
J117	13	10	87	8	1.4847328703077458
J118	15	1	38	95	1.0790789833941927
J119	15	1	71	27	1.9427250388101436
J120	15	14	77	63	1.6300398276964563
J121	14	5	11	2	1.2701909630089823
\\ Jobs in machine 12
11
J122	15	4	5	13	1.4102450221027405
J123	15	4	50	64	1.3416449955081375
J124	14	2	93	31	1.3478856859297135
J125	13	2	41	56	1.838493496783502
J126	15	3	19	59	0.7448224258625189
J127	15	12	71	52	1.1767165620722273
J128	14	3	33	17	1.8292851626879654
J129	14	8	49	30	0.6734533026091983
J130	15	2	43	92	1.012909677455186
J131	16	13	97	64	1.2070496046669401
J132	16	3	93	88	1.2545226905832556
\\ Jobs in machine 13
11
J133	15	2	51	78	1.5867011974492342
J134	14	13	45	82	0.986931444776113
J135	15	1	3	84	0.36153958119625473
J136	14	7	104	1	1.3461056584993338
J137	13	6	28	76	1.4123561717071529
J138	15	4	21	100	1.7793380466698543
J139	14	8	30	60	0.5240867446356685
J140	15	4	98	1	2.2763235577373497
J141	14	12	2	88	1.7316860942379373
J142	15	11	41	79	1.5248161906187625
J143	15	3	38	71	0.7013371882658086
\\ Jobs in machine 14
10
J144	15	8	108	83	1.0262071488500928
J145	15	6	67	25	1.0999596790113824
J146	16	10	54	79	1.6926810385258149
J147	17	7	96	5	1.1331686214102916
J148	17	9	71	11	1.5507536776879016
J149	15	9	65	93	0.1
J150	14	13	45	86	0.9201504062898802
J151	15	4	79	43	0.6546876205028489
J152	14	9	94	51	0.8483343507032359
J153	14	10	76	85	1.2659105943276874
\\ Jobs in machine 15
11
J154	17	9	90	45	1.191877013821762
J155	15	8	56	41	1.436222235136689
J156	13	2	94	72	0.8708376923584058
J157	15	1	101	61	1.8887347979128135
J158	14	8	19	98	1.34013754731746
J159	13	6	98	37	1.614318393709348
J160	14	11	89	60	1.307762290207954
J161	14	12	40	51	1.87731208450958
J162	15	5	108	5	0.6152942196626991
J163	15	6	105	37	0.9598413205931443
J164	15	13	35	36	1.2988268415143416
\\ Jobs in machine 16
11
J165	15	9	78	81	1.4012468986802882
J166	13	2	25	50	1.6611389118211517
J167	15	5	72	46	1.1678395338207188
J168	15	3	29	81	1.2245186077562238
J169	14	7	93	81	0.6575276015567155
J170	15	10	73	72	1.8487536507485234
J171	14	8	10	77	0.588532739253955
J172	16	9	63	95	1.3555462427784708
J173	14	10	105	42	1.0537756036542247
J174	14	2	32	10	1.217593153943655
J175	15	2	22	7	0.3519879733300084
\\ Jobs in machine 17
13
J176	16	8	78	79	1.451112858831832
J177	16	5	31	88	0.5311592106176415
J178	15	12	31	28	1.3914452325851174
J179	14	14	14	82	1.1241560532892294
J180	15	9	85	6	0.1
J181	15	11	102	29	1.0073201469249782
J182	16	3	49	68	1.9706202090987162
J183	15	13	24	30	0.8050571481190725
J184	16	12	72	52	1.298826211837294
J185	15	8	77	97	0.6245176939642025
J186	14	4	4	89	0.5129654756010006
J187	15	10	67	42	0.39830878512476753
J188	16	10	70	65	0.7931971733219659
\\ Jobs in machine 18
10
J189	15	2	28	3	1.552976722738538
J190	15	14	8	70	1.039265047802925
J191	15	9	46	64	0.3017035622565749
J192	14	13	21	59	2.346913758101837
J193	15	5	12	83	1.416581075166833
J194	17	3	11	67	0.9571649004634584
J195	15	12	97	57	0.7005474783898591
J196	16	11	7	54	0.9591076515093799
J197	13	4	55	92	0.7230344710415644
J198	15	1	31	85	0.9693887278543561
\\ Jobs in machine 19
10
J199	16	11	15	96	0.34233999545876437
J200	15	6	62	65	0.9057918597583128
J201	15	13	44	34	1.430684520188466
J202	13	4	14	32	1.0902329669422064
J203	16	2	14	2	0.7738596048640235
J204	15	14	84	17	1.3462421878327462
J205	15	7	32	35	1.3895300612663382
J206	15	3	106	86	1.2517278927392668
J207	13	11	78	61	1.0383400937111196
J208	13	3	15	34	0.9497313209869763
\\ Jobs in machine 20
11
J209	14	6	74	42	1.1381330228455373
J210	13	6	80	5	2.2719834378914356
J211	13	1	108	84	0.718733177982815
J212	15	10	48	43	0.8499139833655645
J213	13	13	28	94	1.0639074604449545
J214	14	4	96	91	0.8700437764890516
J215	13	1	15	78	0.9163068699095125
J216	16	3	44	97	1.0143931072653918
J217	14	3	75	48	0.9403328023732551
J218	15	7	110	65	1.1291391427782238
J219	14	2	38	65	0.42377702237933745
\\ Dependencies 
670
1	3
1	4
1	5
1	6
1	8
1	9
1	11
2	4
2	6
2	8
2	12
3	4
3	5
3	8
3	9
3	10
3	11
3	12
4	5
4	6
4	8
4	9
4	12
5	6
5	8
5	10
5	11
5	12
6	7
6	9
6	10
6	11
6	12
7	8
7	9
7	10
7	11
8	9
8	11
8	12
9	10
9	11
9	12
10	11
13	14
13	15
13	16
13	17
13	18
13	19
13	20
13	22
13	23
14	16
14	17
14	18
14	20
14	21
14	22
15	16
15	17
15	18
15	19
15	20
15	21
16	18
16	20
16	22
17	20
17	22
18	19
18	20
18	22
18	23
19	20
19	21
19	22
19	23
20	21
20	22
20	23
21	22
21	23
22	23
24	25
24	28
24	29
24	32
24	33
25	27
25	29
25	31
25	32
25	33
26	27
26	28
26	32
26	33
27	28
27	29
27	30
27	32
27	33
28	29
28	30
28	31
28	32
29	33
30	31
30	32
30	33
31	32
31	33
34	35
34	39
34	41
34	43
34	44
35	38
35	39
35	40
35	41
35	42
35	43
35	44
36	39
36	40
36	41
36	43
37	38
37	39
37	41
37	42
37	43
37	44
38	40
38	41
38	43
38	45
39	40
39	42
39	43
39	45
40	42
40	45
41	42
41	43
41	45
42	43
42	44
43	45
44	45
46	47
46	50
46	52
46	55
47	49
47	50
47	52
47	53
48	49
48	50
48	52
48	53
49	51
49	54
49	56
50	51
50	54
50	56
51	52
51	53
51	54
51	55
51	56
52	54
52	55
52	56
53	55
54	55
57	58
57	59
57	60
57	61
57	64
57	66
57	68
58	62
58	63
58	68
59	66
59	68
60	61
60	62
60	63
60	64
60	65
60	66
60	68
61	64
61	66
61	67
61	68
62	63
62	65
62	66
63	64
63	65
63	66
63	67
64	65
64	66
64	68
65	68
66	67
66	68
67	68
69	70
69	74
69	75
69	77
69	79
70	74
70	75
70	76
70	78
70	79
71	74
71	75
71	76
71	77
71	78
71	80
72	75
72	76
72	78
72	80
73	75
73	77
73	78
73	79
73	80
74	75
74	76
74	77
74	78
74	80
75	76
75	77
75	78
75	79
75	80
76	77
76	78
76	79
76	80
77	78
77	79
78	79
79	80
81	82
81	83
81	84
81	86
81	88
82	84
82	85
82	87
82	88
83	84
83	85
83	86
83	88
83	89
84	90
85	87
85	88
85	89
85	90
86	87
86	89
86	90
87	89
87	90
88	89
91	92
91	93
91	94
91	95
91	96
91	97
91	98
91	99
91	100
92	94
92	95
92	96
92	98
92	99
93	95
93	97
93	98
93	99
93	100
94	97
94	98
94	99
94	100
95	96
95	97
95	99
95	100
96	98
97	98
97	99
97	100
101	102
101	104
101	108
101	109
101	111
102	103
102	104
102	105
102	106
102	108
102	110
102	111
102	112
103	104
103	105
103	106
103	107
103	109
103	112
104	106
104	107
104	108
104	109
104	111
104	112
105	106
105	107
105	108
105	109
105	110
105	111
105	112
106	107
106	108
106	109
106	111
106	112
107	108
107	110
107	111
107	112
109	112
110	111
110	112
113	114
113	116
113	117
113	120
113	121
114	117
114	120
114	121
115	116
115	117
115	118
115	120
116	120
117	118
117	119
117	120
117	121
118	120
118	121
119	120
122	123
122	125
122	126
122	127
122	129
122	130
122	131
122	132
123	126
123	127
123	131
124	125
124	127
124	130
124	131
125	126
125	128
125	130
126	128
126	129
126	131
127	129
128	129
128	130
128	132
129	130
129	132
130	131
131	132
133	134
133	138
133	139
133	140
133	142
134	135
134	136
134	138
134	139
134	140
134	143
135	136
135	137
135	138
135	140
136	138
136	139
136	140
136	141
136	142
136	143
137	138
137	140
137	141
138	140
138	141
138	142
138	143
139	140
139	141
140	141
140	142
140	143
141	142
141	143
142	143
144	145
144	146
144	148
145	147
145	150
145	151
145	152
145	153
146	147
146	148
146	149
146	150
146	151
146	153
147	148
147	149
147	150
147	151
148	149
148	152
148	153
149	150
149	152
150	152
150	153
151	152
152	153
154	159
154	160
154	163
154	164
155	158
155	159
155	160
155	162
155	164
156	157
156	162
156	163
156	164
157	158
157	162
157	163
157	164
158	159
158	161
158	162
159	161
159	164
160	161
160	162
160	164
161	162
161	163
162	163
165	166
165	169
165	171
165	172
165	175
166	167
166	168
166	169
166	171
166	172
166	173
166	174
166	175
167	168
167	169
167	170
167	171
167	172
167	173
167	174
167	175
168	169
168	170
168	171
168	172
168	173
168	174
169	170
169	172
169	173
170	171
170	175
171	174
171	175
172	174
172	175
173	174
173	175
174	175
176	178
176	180
176	181
176	182
176	183
176	184
176	185
176	188
177	178
177	182
177	183
177	184
177	185
177	186
177	187
178	183
178	185
178	186
178	187
178	188
179	180
179	182
179	183
179	187
180	182
180	184
180	185
181	184
181	185
181	187
182	184
182	186
182	188
183	184
183	185
183	186
183	188
184	188
185	186
185	188
186	188
189	190
189	191
189	192
189	193
189	195
189	196
189	197
190	191
190	192
190	194
190	195
190	196
190	197
191	192
191	194
191	195
191	198
192	193
192	194
192	195
192	196
192	197
193	194
193	195
193	196
193	198
194	195
194	196
195	196
195	198
197	198
199	201
199	202
199	203
199	207
200	201
200	203
200	204
200	205
200	206
200	208
201	202
201	203
201	204
201	205
201	208
202	203
202	204
202	205
202	206
203	204
203	206
203	207
203	208
204	207
204	208
205	206
205	207
205	208
206	207
207	208
209	210
209	212
209	213
209	214
209	215
210	213
210	218
211	212
211	213
211	216
211	218
212	213
212	214
212	218
212	219
213	215
213	217
213	218
213	219
214	215
214	216
214	217
215	216
215	217
216	218
216	219
217	218
217	219
218	219
