\\ machines
9
\\ max power
90
\\ Jobs in machine 1
11
J1	15	5	76	35	1.0641690339146457
J2	14	7	47	64	1.1553071822155447
J3	14	9	36	20	1.214129622899416
J4	15	14	106	65	1.6756778359710427
J5	14	9	5	26	1.493510211169844
J6	14	3	91	52	1.7692961649576646
J7	14	9	98	44	1.6408089435422386
J8	14	12	83	33	1.227937260131775
J9	15	9	31	36	0.6055889208030645
J10	16	9	49	27	1.5774142182446536
J11	16	1	69	9	2.1616240499185464
\\ Jobs in machine 2
9
J12	16	1	9	51	0.6374125472475459
J13	13	10	17	60	1.3207902942003087
J14	16	10	9	50	2.122813717512015
J15	17	8	10	39	0.11699840928009597
J16	14	4	95	57	0.6088972366425
J17	14	3	102	67	1.1488636795368696
J18	14	11	84	50	1.9633560548358033
J19	13	13	61	61	0.9455744709493912
J20	14	11	72	14	0.8930195383818131
\\ Jobs in machine 3
10
J21	15	2	93	19	1.607376027328139
J22	17	2	78	10	0.8151424895618878
J23	14	13	103	20	0.6688775517857087
J24	14	4	51	30	2.344289984064755
J25	14	9	100	54	0.7911138560974599
J26	14	8	11	8	1.667901696030269
J27	14	11	54	48	1.1503847914497154
J28	14	14	62	43	1.5549268753860341
J29	14	14	63	45	1.1410650153943858
J30	13	4	74	54	0.5104775390621419
\\ Jobs in machine 4
11
J31	14	10	45	32	0.9944716046611265
J32	15	8	50	42	1.4715493028802709
J33	14	10	74	5	0.4760943804964325
J34	15	11	32	64	1.670674992662351
J35	15	9	27	32	0.9586979842908769
J36	15	13	62	54	2.2534471996510694
J37	14	2	68	16	0.7340643100851492
J38	13	13	8	31	1.7027481221675873
J39	16	1	78	67	2.034876272925698
J40	13	12	69	5	1.2990846668970242
J41	15	5	70	43	0.7436586526494471
\\ Jobs in machine 5
10
J42	15	4	38	14	1.0325399626163598
J43	14	2	88	1	1.6154837962273731
J44	16	4	63	60	1.612678967364122
J45	14	6	91	17	1.413437293785199
J46	15	11	83	50	0.7876797833243301
J47	15	3	98	42	1.1248546017440224
J48	13	7	67	21	0.921535443452602
J49	13	11	38	5	1.245050151423228
J50	13	4	6	9	1.0687224794477803
J51	14	13	70	10	1.449177626004898
\\ Jobs in machine 6
11
J52	15	8	101	48	1.8213661965772023
J53	15	5	75	20	0.42196418429071236
J54	16	12	86	16	0.4816884147379439
J55	16	6	85	16	1.5668129624040703
J56	15	9	37	39	2.110330997527419
J57	13	8	83	40	1.1815220901075867
J58	15	6	78	49	1.6526584980601373
J59	14	7	44	21	1.5635888692763853
J60	15	10	10	24	0.7575605899018061
J61	15	6	35	37	1.6102111863090733
J62	15	4	7	53	1.3822028884359154
\\ Jobs in machine 7
11
J63	15	3	55	44	0.9426471132493837
J64	14	8	59	26	0.47501407724696054
J65	12	4	99	54	1.4326634037237664
J66	16	7	50	22	0.8425526228230487
J67	14	7	5	52	1.7921349390504049
J68	13	4	55	43	1.515292152093778
J69	14	1	31	46	0.4573936832461124
J70	14	2	9	15	1.2680384046822144
J71	15	8	56	19	2.2143043564284275
J72	14	8	89	1	2.1430335648664296
J73	14	7	72	61	1.0808977933873165
\\ Jobs in machine 8
9
J74	13	1	32	68	0.3043296161784921
J75	15	8	36	7	1.2808567290641764
J76	15	2	105	68	2.1102554494350687
J77	14	12	86	68	1.4539856523829773
J78	14	4	15	6	1.9657333514144797
J79	15	3	56	48	0.24145489243357265
J80	15	5	106	43	0.8020923777807689
J81	14	2	43	42	0.551959460604322
J82	12	5	100	10	1.3653939259160848
\\ Jobs in machine 9
11
J83	16	12	34	59	1.2564447537246592
J84	15	7	51	59	1.3051648917813201
J85	13	6	82	20	0.8828089268626902
J86	15	4	77	10	1.5963190326088188
J87	15	10	10	59	1.8584675370069075
J88	15	6	22	8	1.4329886557519973
J89	13	6	82	53	1.906380546680508
J90	14	2	11	67	1.8201069265132834
J91	15	9	53	58	1.2889236504196895
J92	18	2	68	60	1.4625946097326454
J93	16	10	6	53	1.485855876316452
\\ Dependencies 
340
1	3
1	5
1	6
1	7
1	8
1	9
1	10
1	11
2	4
2	5
2	6
2	8
2	9
2	10
2	11
3	4
3	6
3	7
3	9
3	10
3	11
4	5
4	7
4	8
4	9
4	10
5	6
5	7
5	8
5	9
5	10
5	11
6	9
6	10
6	11
7	11
8	9
8	10
8	11
9	11
10	11
12	13
12	14
12	15
12	16
12	17
12	18
12	20
13	15
13	17
13	18
13	19
14	15
14	16
14	17
14	18
14	19
14	20
15	17
15	18
15	20
16	17
16	18
16	20
17	18
17	19
17	20
18	19
18	20
19	20
21	22
21	23
21	24
21	25
21	26
21	27
21	28
21	29
21	30
22	23
22	24
22	25
22	27
22	28
22	30
23	24
23	25
23	26
23	27
23	28
23	29
24	25
24	26
24	28
24	30
25	26
25	28
25	30
26	27
26	28
26	29
26	30
27	29
27	30
28	29
29	30
31	32
31	33
31	34
31	35
31	38
31	39
31	40
31	41
32	35
32	36
32	37
32	38
32	39
32	40
32	41
33	35
33	36
33	37
33	38
33	39
33	40
33	41
34	35
34	36
34	38
34	39
34	40
34	41
35	36
35	37
35	38
35	39
35	41
36	37
36	38
36	39
36	40
36	41
37	38
37	39
37	40
37	41
38	39
38	41
39	41
42	44
42	46
42	47
42	49
42	50
42	51
43	44
43	46
43	47
43	48
43	50
43	51
44	45
44	46
44	48
44	49
44	50
44	51
45	46
45	47
45	50
45	51
46	47
46	48
46	49
46	50
46	51
47	48
47	49
47	50
48	50
48	51
49	50
49	51
50	51
52	53
52	54
52	55
52	56
52	57
52	58
52	60
52	61
53	56
53	57
53	58
53	59
53	60
53	61
53	62
54	55
54	56
54	57
54	58
54	59
54	60
54	61
55	57
55	58
55	60
55	61
55	62
56	58
56	59
56	60
56	61
56	62
57	59
57	60
57	62
58	59
58	60
58	61
58	62
59	60
59	61
60	61
63	64
63	65
63	66
63	67
63	68
63	70
63	71
63	73
64	65
64	66
64	67
64	68
64	69
64	70
64	71
64	72
64	73
65	66
65	67
65	68
65	69
65	70
65	71
65	73
66	67
66	68
66	69
66	70
66	71
66	72
66	73
67	69
67	71
67	72
67	73
68	69
68	70
69	70
69	71
69	72
70	71
70	72
71	72
71	73
72	73
74	75
74	77
74	78
74	79
74	80
74	81
74	82
75	77
75	78
75	79
75	80
75	81
75	82
76	77
76	78
76	79
76	80
76	81
77	78
77	79
77	80
77	81
77	82
78	79
78	80
78	82
79	80
79	81
79	82
80	82
81	82
83	84
83	85
83	86
83	88
83	89
83	90
83	91
83	92
83	93
84	85
84	86
84	87
84	88
84	89
84	90
84	92
84	93
85	89
86	88
86	89
86	90
86	91
87	88
87	90
87	91
87	92
88	89
88	90
88	93
89	91
89	93
90	91
90	92
90	93
91	92
91	93
