\\ machines
25
\\ max power
250
\\ Jobs in machine 1
12
J1	15	3	105	29	0.7198683847166946
J2	14	2	80	175	1.641330537264823
J3	14	10	82	35	1.1488361329697614
J4	16	5	105	153	0.6707284644605733
J5	14	7	104	82	0.7094789372327839
J6	16	12	87	141	1.4612935682947399
J7	14	4	83	90	1.0074542829349022
J8	14	13	102	70	1.3573520952150677
J9	15	10	77	21	2.186152851057597
J10	14	6	3	166	0.19615784503604727
J11	15	4	56	168	1.8261208737126116
J12	14	5	14	35	1.4832136004134504
\\ Jobs in machine 2
13
J13	13	6	31	60	0.1
J14	14	13	109	103	1.5003531538640733
J15	15	3	9	144	1.551973920941042
J16	15	9	110	124	0.8663061766825846
J17	14	14	73	119	2.1245861127303742
J18	15	8	6	44	1.3747678092053852
J19	16	11	94	158	1.4469854777987836
J20	14	6	20	80	0.9925869106055203
J21	14	10	25	91	1.2046346154710394
J22	15	4	79	79	0.7045123490777281
J23	15	2	38	132	1.615296435776931
J24	16	7	15	129	2.3398493000878515
J25	15	9	95	35	1.443397958259559
\\ Jobs in machine 3
10
J26	15	1	37	124	1.6761434525282255
J27	15	8	106	187	2.2818665801443365
J28	13	12	105	13	1.2921682498049563
J29	16	13	96	60	0.48348772304821674
J30	15	9	88	32	1.8828829000996818
J31	15	4	18	62	1.6222043338935057
J32	15	9	23	183	1.081236677704744
J33	14	2	38	29	1.5232375887172582
J34	13	6	110	172	1.2909696684299474
J35	14	5	42	41	1.687420677518446
\\ Jobs in machine 4
10
J36	15	2	70	171	0.9798725065132824
J37	14	7	5	69	1.0687641246974557
J38	13	13	8	148	2.039535889486594
J39	14	14	57	57	0.7461203798568254
J40	15	7	83	58	2.0727143109798765
J41	13	8	76	21	1.0287841950839474
J42	14	12	22	53	1.74813059308921
J43	14	8	95	127	1.0138667768334833
J44	15	12	75	157	1.2916470201001093
J45	17	4	8	105	1.1088742672576195
\\ Jobs in machine 5
11
J46	15	10	88	86	0.9450814525464561
J47	15	3	45	133	0.3178800996774349
J48	15	13	90	184	0.9166351940147466
J49	15	3	74	6	0.5541712215119754
J50	14	1	19	68	0.9143032556140298
J51	15	12	3	160	1.3568431289290168
J52	14	8	7	7	1.4394447502411054
J53	14	13	17	140	1.0683518575673128
J54	14	5	2	39	0.88764539289654
J55	15	1	18	164	1.3654043403931373
J56	12	11	82	145	1.1299680131998153
\\ Jobs in machine 6
10
J57	14	10	94	87	0.5281578093017688
J58	14	1	45	21	0.215310296026195
J59	15	13	6	140	2.175408489672728
J60	14	10	24	39	1.3249526396827416
J61	13	2	25	163	1.0222103917940153
J62	13	3	82	94	1.80820645197587
J63	15	1	26	139	1.7823183070979505
J64	15	1	31	97	1.4946599065390538
J65	16	2	11	29	0.3184345872459846
J66	14	13	58	111	1.4396346402257674
\\ Jobs in machine 7
11
J67	15	4	35	3	1.335472711312289
J68	17	9	106	41	1.4998787296430018
J69	15	5	93	102	1.6787913739944407
J70	15	3	110	48	0.46842079699373784
J71	12	4	99	89	1.4778127740058289
J72	14	7	59	60	0.9455325769586091
J73	14	5	12	180	1.4776409330619742
J74	14	13	58	45	1.451956934398
J75	14	10	8	38	1.4118566253611895
J76	14	5	70	92	1.0582286149029367
J77	15	1	101	121	1.7475332452073387
\\ Jobs in machine 8
11
J78	14	3	76	68	1.477023124911701
J79	15	5	51	20	2.052123214729758
J80	15	3	27	136	0.5948851698308267
J81	15	4	2	81	1.5430208096694755
J82	13	12	21	46	1.1494605954087451
J83	15	12	80	37	1.3372535461985096
J84	15	13	103	160	2.027906864053242
J85	16	2	48	166	1.5946246422930037
J86	15	5	28	154	2.176555611808822
J87	14	8	43	174	1.6762878669574284
J88	14	9	37	68	1.0536744700676204
\\ Jobs in machine 9
10
J89	16	6	46	158	2.0105539794795404
J90	15	10	76	96	1.0472876511811702
J91	14	1	108	47	1.5334302791455359
J92	15	14	72	17	1.6060867974627295
J93	15	12	34	71	1.4385346627558344
J94	15	13	92	14	1.826766423837968
J95	13	10	60	133	0.1
J96	14	13	86	147	1.2591919938633431
J97	15	2	40	79	1.662005932242478
J98	13	9	18	132	1.8383579161498882
\\ Jobs in machine 10
13
J99	13	9	53	152	1.074074992480857
J100	14	12	62	88	0.6928695583106992
J101	15	11	86	139	1.4077504815978195
J102	14	12	38	87	1.3848445699154828
J103	15	7	10	160	1.4601304654146532
J104	14	9	20	160	1.3383635246639247
J105	15	9	47	184	1.9006068357880588
J106	14	2	91	74	1.6998188685695255
J107	16	10	8	155	1.8151137179734866
J108	16	5	79	74	0.8821394014066047
J109	13	10	90	24	1.0237727121125928
J110	16	8	2	178	0.6497583820097736
J111	16	4	25	162	1.391671101227939
\\ Jobs in machine 11
9
J112	15	11	19	31	1.2181171314202288
J113	16	13	98	14	1.7422007077374975
J114	14	4	4	5	0.320140631315181
J115	14	6	68	166	1.2652014183070264
J116	14	12	99	9	1.3976638890843662
J117	14	6	33	132	1.1486911927165262
J118	13	5	30	26	0.47956761312951957
J119	15	9	54	33	1.466056024332403
J120	15	14	91	129	0.6660935544075107
\\ Jobs in machine 12
11
J121	15	4	3	96	0.5295672003229858
J122	12	5	38	149	0.1
J123	13	5	66	2	1.8658162176941748
J124	14	12	11	165	1.0926837291893643
J125	15	8	16	34	1.6897604336363412
J126	13	10	101	6	0.255532714622992
J127	15	13	62	12	1.793123264442122
J128	16	6	87	107	2.1191050996175194
J129	14	13	27	92	0.8817483293371404
J130	14	1	23	9	0.3268853576047205
J131	14	2	81	137	1.4768446547052698
\\ Jobs in machine 13
11
J132	14	8	77	29	1.590665991099794
J133	15	11	94	86	2.115332707846844
J134	13	11	31	21	0.9358875258331804
J135	15	3	88	100	1.3380756446001865
J136	14	11	100	24	0.6821516423232876
J137	15	6	18	184	0.9929039417163417
J138	16	9	91	51	0.8753647045747106
J139	15	8	17	32	0.5341337479460809
J140	16	1	91	93	0.9911492974259395
J141	15	9	35	10	2.47336698385792
J142	15	4	96	100	1.7460228521753927
\\ Jobs in machine 14
12
J143	15	4	39	71	0.8727651292822753
J144	14	5	51	119	1.0623585472995598
J145	15	10	16	181	0.6193155902813045
J146	14	3	30	39	1.256734519442427
J147	14	8	108	169	1.6822762897588435
J148	13	9	95	52	1.2729620475240324
J149	14	10	16	152	1.5914169493209152
J150	14	8	101	86	2.0933040092093607
J151	13	1	82	179	0.6141824053861159
J152	16	2	70	10	2.1676969851660908
J153	14	3	13	59	1.5097643999730073
J154	16	8	78	11	0.9277114398598816
\\ Jobs in machine 15
10
J155	16	6	52	81	0.49103754965339663
J156	17	5	99	107	0.6821581300597143
J157	15	13	74	54	0.8824154239526827
J158	16	5	14	7	2.006339889422101
J159	15	7	99	24	1.0543997398140093
J160	16	5	41	8	0.8973478592070276
J161	14	7	18	101	1.7852867001972865
J162	14	11	51	32	1.5444013462427408
J163	14	6	103	54	1.2832236651457822
J164	15	7	72	126	1.696759245454365
\\ Jobs in machine 16
10
J165	15	1	18	54	0.45084761310675403
J166	13	2	88	26	0.7111739396743864
J167	13	8	85	173	1.2852611447002187
J168	15	6	28	120	1.7663236673937304
J169	13	10	85	31	1.1087863196150074
J170	15	3	13	11	0.9387838549946408
J171	16	1	47	169	1.0250439015890322
J172	13	9	56	50	1.179939126142631
J173	15	2	34	151	1.6631644696618717
J174	17	7	80	171	1.4169772069401314
\\ Jobs in machine 17
12
J175	15	14	34	172	1.0455031576220477
J176	13	11	36	143	0.6389132152920417
J177	16	11	60	4	1.2299537849758884
J178	15	1	22	54	1.2627906513987492
J179	13	7	51	184	0.2062759623563798
J180	14	3	77	39	1.5257700850058284
J181	16	1	41	49	1.527511924964149
J182	15	12	105	50	0.6364089528081965
J183	14	10	104	12	1.0840839028076974
J184	13	2	14	112	1.6668233114648383
J185	13	1	92	95	1.6865368416830844
J186	14	1	88	178	1.8484863353644359
\\ Jobs in machine 18
11
J187	15	9	37	150	1.2362588735785915
J188	15	11	61	123	1.5975530305480574
J189	14	12	16	111	0.8175596010012764
J190	14	2	99	29	1.5836453582151302
J191	12	1	23	8	2.001213321787794
J192	14	4	9	79	0.8715965041783004
J193	15	6	91	185	1.108617031007445
J194	16	9	90	84	0.8020486670740032
J195	14	4	11	138	1.4080700143196374
J196	13	5	59	175	2.1508367998738747
J197	16	5	18	37	1.7616431145233857
\\ Jobs in machine 19
12
J198	13	11	71	54	0.6668480762618688
J199	14	12	106	36	2.060732828952702
J200	16	3	77	122	0.6273126698330231
J201	16	12	107	88	1.655704458760757
J202	15	8	74	88	1.0147189285301457
J203	14	6	42	53	0.7442190879365326
J204	15	5	96	82	1.0415700981866904
J205	14	3	17	98	1.056870452185045
J206	14	1	39	6	1.671019707951213
J207	12	14	48	41	1.2567715922873146
J208	16	9	6	55	1.332087359860182
J209	15	6	98	160	0.9832594797905747
\\ Jobs in machine 20
12
J210	14	7	13	100	0.40723644201388276
J211	16	12	54	109	0.9523079677353755
J212	16	7	24	159	1.6860661402396513
J213	15	4	45	136	1.1097238549467856
J214	15	13	100	158	0.9301914161517688
J215	15	8	104	187	0.6559985095404067
J216	15	6	15	174	0.2828214964325759
J217	13	8	20	117	1.5369937048232163
J218	15	8	35	51	0.8743438197677342
J219	15	5	93	91	0.8141420583650587
J220	17	9	36	69	1.1359780403521402
J221	15	9	15	59	1.105807941819034
\\ Jobs in machine 21
10
J222	15	12	32	164	0.1
J223	14	9	86	48	1.8746719386234303
J224	15	13	15	166	1.4229647065496425
J225	16	12	44	61	0.5777635833243916
J226	15	9	79	125	1.9737169772243157
J227	16	9	101	176	1.3373345199438682
J228	15	13	13	102	0.8312132617066736
J229	13	12	24	56	1.2174162639979054
J230	14	3	109	65	0.9478145286947688
J231	16	7	105	46	0.3569791837777997
\\ Jobs in machine 22
9
J232	13	10	65	143	1.1193408559663005
J233	15	3	64	86	1.1841126253852299
J234	16	2	93	170	1.4931121069348885
J235	16	11	43	57	1.7051344124992276
J236	14	7	22	146	0.8000873527111938
J237	15	14	71	39	0.8608611148094651
J238	16	1	62	161	0.880610898270132
J239	13	8	6	158	1.4288729727759646
J240	15	3	72	41	0.8011291264740655
\\ Jobs in machine 23
13
J241	14	10	16	58	1.8108811012657782
J242	15	14	81	110	0.2206791835963945
J243	13	13	37	25	1.3289559429935296
J244	14	3	26	55	0.5554929206142237
J245	14	14	27	141	1.8325253530550225
J246	14	1	98	94	0.8390760603559024
J247	15	12	42	176	1.1007565733195803
J248	15	14	96	100	0.9163483833415218
J249	17	14	56	140	1.1213308216781912
J250	15	9	105	85	0.5732403526294093
J251	15	6	7	95	1.4510916623635859
J252	16	11	19	84	1.950941147215191
J253	14	10	82	58	2.1013284238775647
\\ Jobs in machine 24
12
J254	15	10	104	92	0.8964405948906792
J255	13	14	33	81	1.0158591450656493
J256	14	10	67	176	0.9597629805824366
J257	15	7	11	57	1.6656596247924051
J258	15	11	34	132	0.9264342787440591
J259	16	8	80	7	0.1
J260	14	7	26	34	1.3280354296901813
J261	14	3	77	74	2.255147618192302
J262	14	12	97	74	1.9465382416300026
J263	13	7	4	28	0.9935172520567694
J264	14	8	42	5	1.0417718465797683
J265	16	1	12	40	0.8133739986464975
\\ Jobs in machine 25
12
J266	14	7	103	5	1.2633115663095753
J267	14	1	38	131	2.3841610451111164
J268	15	6	36	172	0.7573223443511481
J269	14	8	68	70	1.454570095464701
J270	14	13	93	138	2.394118577044522
J271	15	13	77	128	0.7041046376590101
J272	15	14	60	185	0.8571943892518992
J273	13	4	44	105	0.7070852625818228
J274	14	13	48	128	0.9014710432605362
J275	14	9	94	133	1.1584511732214091
J276	15	13	17	43	0.5954225034120055
J277	14	14	72	30	0.6053805623386412
\\ Dependencies 
279
3	4
3	12
5	6
5	11
6	7
6	9
6	10
7	12
8	10
9	12
10	11
13	15
13	16
13	24
14	22
14	25
15	16
16	17
16	19
16	25
17	19
17	21
18	23
19	21
19	25
20	22
20	23
23	24
24	25
27	28
27	34
28	30
28	33
28	34
30	32
30	34
30	35
31	33
33	34
36	41
36	43
36	44
37	45
38	41
38	42
38	44
41	42
41	43
42	43
46	47
46	50
46	53
47	50
48	50
48	52
51	55
51	56
52	55
52	56
53	56
54	56
57	63
57	65
60	62
61	62
63	66
64	66
65	66
68	69
68	77
69	75
69	76
70	71
71	75
71	76
73	74
73	77
76	77
78	79
79	82
79	84
79	86
81	85
86	87
89	90
90	91
90	92
90	93
90	96
92	93
93	95
93	96
93	97
99	100
99	109
100	101
100	106
100	108
100	111
101	102
101	107
101	108
101	111
102	103
102	106
103	107
103	109
103	111
105	111
106	111
107	109
107	110
112	113
112	114
112	118
115	118
116	118
118	119
121	122
121	128
124	129
126	130
127	130
128	129
130	131
132	140
133	135
133	136
133	141
134	140
135	136
136	137
138	139
138	141
140	141
144	145
145	146
145	150
146	148
147	148
147	149
149	151
149	154
150	154
152	153
155	159
155	160
156	162
157	163
158	164
159	160
160	163
165	170
165	173
165	174
166	168
166	171
166	173
167	171
167	172
168	170
168	173
168	174
172	173
172	174
175	176
176	179
176	182
176	184
177	180
178	180
178	181
179	180
180	181
180	184
184	186
188	190
188	193
188	195
188	196
189	193
189	197
190	191
190	194
192	195
193	194
193	195
198	201
198	203
198	206
198	207
199	202
199	205
199	208
201	202
201	204
202	208
202	209
204	206
204	207
205	209
206	208
208	209
210	216
210	218
211	216
211	217
212	214
212	221
213	220
214	218
214	221
215	218
215	220
217	218
218	220
222	223
222	230
222	231
223	226
223	227
224	225
225	226
226	228
227	231
228	229
228	230
228	231
232	234
233	234
233	237
235	239
236	238
236	239
237	239
238	239
241	249
241	250
241	251
243	245
243	246
243	248
243	251
244	253
245	248
246	251
247	248
247	251
247	252
247	253
248	251
248	252
248	253
250	253
254	255
254	265
255	261
255	263
256	257
256	262
257	265
259	264
260	265
261	263
261	264
262	263
266	267
266	268
267	268
267	269
267	275
268	274
268	275
268	276
269	273
270	275
270	277
271	274
272	276
