\\ machines
15
\\ max power
150
\\ Jobs in machine 1
10
J1	13	3	76	28	1.2885934152801202
J2	16	13	10	26	1.4850441157587315
J3	14	8	15	16	1.628945908418796
J4	16	13	47	31	1.4865107379109626
J5	15	10	79	48	1.4115913026041378
J6	16	3	32	72	0.6641126246861445
J7	14	8	98	88	0.9580829852887611
J8	15	1	15	69	2.5433553849418806
J9	17	11	99	2	1.9255598501616302
J10	14	11	47	58	1.8833454827018947
\\ Jobs in machine 2
13
J11	14	10	95	91	1.978739486660722
J12	14	2	108	86	1.4064171658427365
J13	15	7	71	50	2.350198753134032
J14	14	11	24	107	0.916248058528939
J15	14	9	87	20	0.864068844221946
J16	13	6	33	104	0.8342051725589243
J17	16	3	53	110	1.0663067466849374
J18	13	1	67	76	0.7132340355718492
J19	15	3	104	85	1.0963808703038516
J20	15	8	26	39	0.9818692978873765
J21	17	2	102	79	1.3536901123464247
J22	13	11	31	95	0.400358772043652
J23	13	10	20	48	0.9368769522034384
\\ Jobs in machine 3
12
J24	14	7	11	72	1.1342075800848863
J25	17	7	8	10	1.52275160637732
J26	12	7	11	13	1.8564147112876594
J27	14	12	77	63	1.3387297778339422
J28	15	10	110	41	1.2476176919496895
J29	15	13	103	4	1.073901733871866
J30	16	4	67	2	1.04538185434
J31	15	8	101	96	1.0518064235092226
J32	15	5	10	57	0.7615795345806935
J33	14	1	13	90	1.8084792670784102
J34	15	13	56	92	0.8785926469442034
J35	16	12	61	33	1.4745329404728356
\\ Jobs in machine 4
10
J36	15	3	90	21	1.3036117114129282
J37	15	8	9	65	0.8466656214535521
J38	15	9	107	11	1.5660322895414924
J39	13	1	68	71	1.017064167336512
J40	17	5	51	67	1.4812175826532898
J41	14	3	4	27	1.076360038806688
J42	15	1	94	8	1.6837877530603518
J43	14	11	26	54	1.351395503835642
J44	16	9	88	61	1.8716805252027269
J45	14	10	30	92	0.9083256550115321
\\ Jobs in machine 5
10
J46	14	10	13	61	1.3091812050216207
J47	14	13	87	79	0.56297607178217
J48	14	9	84	50	0.9300457196079319
J49	16	10	52	71	1.2982348462385063
J50	14	4	79	14	1.2048239500853877
J51	16	2	53	97	0.8817450699067348
J52	15	2	23	6	1.858314209722039
J53	15	4	98	106	1.2511245084610567
J54	14	13	58	48	1.2738716422104592
J55	15	2	21	106	1.821456119451398
\\ Jobs in machine 6
12
J56	14	3	92	87	1.9464019955929408
J57	17	5	36	42	1.1609312350175496
J58	15	13	108	19	1.6889637670112085
J59	15	13	12	8	1.2399244936147997
J60	15	7	58	53	0.9171271488456967
J61	15	2	37	80	0.7394137037635
J62	15	6	64	42	1.07247175025782
J63	15	13	53	61	1.480989829030577
J64	13	3	106	7	2.298235212931864
J65	17	5	51	110	1.6240115341718395
J66	16	11	22	52	0.6087075791234614
J67	16	13	2	15	0.8931846737084106
\\ Jobs in machine 7
12
J68	15	4	34	23	1.8805979356661227
J69	15	13	76	48	1.8242589396219018
J70	14	12	60	27	0.8983138795295135
J71	16	11	42	46	0.6476517498886072
J72	15	13	53	58	1.1725556362943683
J73	14	9	79	26	0.39387272179707955
J74	16	5	38	39	1.308016638355331
J75	14	2	87	17	1.731522038826885
J76	13	12	61	83	1.862329054898346
J77	14	10	81	80	1.1480378708723489
J78	14	6	80	103	1.021342731171914
J79	13	14	51	50	1.2043071209704588
\\ Jobs in machine 8
11
J80	17	7	38	20	1.0057916048604758
J81	15	9	104	19	0.5602886914894609
J82	15	4	86	85	0.7249438770425878
J83	17	8	80	67	0.9226975601855588
J84	15	11	101	104	2.1144138136366832
J85	15	1	65	44	1.315836844456371
J86	12	6	95	108	1.6683744674104675
J87	15	1	76	12	1.6734940957245965
J88	14	12	100	20	0.8791762573473907
J89	14	7	26	83	1.9278012772573012
J90	15	7	63	88	1.4898338257852755
\\ Jobs in machine 9
11
J91	14	5	21	82	0.48178136173671227
J92	15	3	65	75	0.9573366565398369
J93	14	7	3	82	1.7760176611211786
J94	14	1	37	77	1.042907035156989
J95	13	3	69	43	1.2626532201964153
J96	15	9	90	96	0.9166555019293328
J97	16	8	24	86	1.3977922319738805
J98	16	4	27	27	0.3400069783826156
J99	13	3	90	3	1.0337114568789831
J100	14	9	80	29	1.6011352102859964
J101	13	13	52	39	1.0681316114877322
\\ Jobs in machine 10
12
J102	13	14	23	108	1.3281817169943986
J103	14	12	60	84	1.4043576200107797
J104	13	4	32	5	1.3633197788934737
J105	14	6	60	37	0.1
J106	13	7	38	51	0.7382528989320918
J107	16	13	50	1	0.43562989034700805
J108	15	1	106	70	0.40630320906764905
J109	15	4	39	15	1.5794352767462987
J110	15	10	18	55	1.1025106642571867
J111	14	4	52	28	1.0695570406984152
J112	14	10	97	68	1.1608605725891485
J113	13	6	72	33	1.442372143917423
\\ Jobs in machine 11
11
J114	16	6	73	30	1.2380465359494472
J115	15	2	63	37	1.1651228423444349
J116	14	12	6	84	1.8193170892478856
J117	16	14	7	72	1.2847275711465806
J118	14	13	70	3	1.8674332150019375
J119	15	11	2	99	0.8947552566216088
J120	15	10	99	73	1.141459391923973
J121	12	14	62	90	1.3096772908084058
J122	15	14	93	37	2.105020951095609
J123	15	11	59	18	1.0050945419294341
J124	16	7	34	11	0.8775035535599691
\\ Jobs in machine 12
11
J125	16	7	93	66	1.0034031647907171
J126	13	13	51	60	1.712564980161026
J127	15	13	25	30	0.3461464692177635
J128	14	7	96	83	1.348962370566284
J129	15	3	85	91	0.821459606978348
J130	13	14	14	40	1.456002476717419
J131	15	9	101	9	0.8369529429423808
J132	15	10	90	113	1.7749662698994495
J133	16	10	52	11	0.7386694760696655
J134	14	1	72	32	1.374021257026653
J135	15	6	28	89	1.587651979330232
\\ Jobs in machine 13
11
J136	16	3	24	79	1.1756625622888914
J137	15	11	21	91	1.0768309758928452
J138	15	4	61	17	2.149097995486559
J139	14	9	34	95	1.3038885032032592
J140	15	6	73	52	1.2195279699145771
J141	15	3	35	44	0.5753088409565289
J142	15	4	12	75	1.6816567573312644
J143	13	11	31	34	0.9420929900282518
J144	15	7	99	65	1.1406650976592196
J145	13	14	11	80	1.1372868378004706
J146	15	14	58	53	1.48831524434439
\\ Jobs in machine 14
12
J147	14	12	26	48	1.21806162889396
J148	12	2	105	15	1.6720098223454765
J149	14	14	107	77	1.0232330207137599
J150	14	3	19	22	1.242185372822047
J151	14	3	42	51	0.26731711873614383
J152	13	13	51	8	1.4587182249979587
J153	16	4	46	88	0.9588349671300336
J154	14	14	61	35	1.4618958401180495
J155	16	10	12	86	1.378585880207208
J156	16	10	7	30	0.9624889148672614
J157	13	8	32	102	1.5356103476722827
J158	14	8	53	5	0.585431110711185
\\ Jobs in machine 15
11
J159	16	10	25	22	1.2944079876847394
J160	15	5	25	27	0.8223840887508973
J161	14	6	4	40	1.5093702809376388
J162	15	14	94	85	1.0677092065090188
J163	13	12	9	50	0.6817819219602089
J164	14	9	109	89	1.3360718842732884
J165	14	8	47	44	1.283118067310082
J166	14	11	4	48	1.8689596549555172
J167	16	13	99	60	1.662436700482603
J168	15	3	60	80	1.3283483382457055
J169	14	13	49	78	1.7107389953608854
\\ Dependencies 
145
3	6
3	7
3	9
5	6
5	8
8	9
11	16
12	13
12	19
13	14
14	22
15	16
15	18
15	23
16	23
17	21
17	22
18	23
24	27
24	34
24	35
25	29
28	32
28	33
29	31
31	33
36	37
36	39
36	40
37	41
38	45
39	44
39	45
40	43
44	45
46	49
46	55
47	49
47	50
47	52
48	53
49	53
50	53
51	53
54	55
57	62
57	63
58	66
59	61
59	63
59	66
60	67
62	63
65	67
68	71
68	75
69	75
69	76
69	78
69	79
70	72
70	73
70	78
71	73
71	74
72	74
72	76
73	76
76	77
80	83
80	84
81	83
82	83
82	84
84	90
85	86
86	90
92	95
93	94
94	101
96	97
96	98
99	100
102	103
103	104
103	108
105	106
105	110
105	112
106	113
108	109
109	111
109	113
111	112
114	121
115	122
115	124
116	120
117	124
118	121
118	122
119	121
119	122
119	124
120	123
125	130
126	127
126	131
128	129
128	135
130	132
130	135
131	132
132	133
132	134
133	135
136	139
136	141
137	140
138	141
139	140
139	144
140	146
142	144
143	145
144	146
147	148
148	149
148	153
148	154
149	156
151	153
151	155
153	154
153	155
153	156
153	158
159	164
159	166
160	162
162	169
163	169
164	166
165	166
168	169
