\\ machines
12
\\ max power
120
\\ Jobs in machine 1
13
J1	16	14	95	32	1.336480213547817
J2	14	7	93	15	1.389868953821424
J3	15	14	56	31	1.2735895677047628
J4	14	11	103	47	1.9449743905278305
J5	15	6	14	57	1.6607037704361864
J6	15	1	108	2	1.5984024745967502
J7	16	13	92	31	0.7854119761951273
J8	15	1	73	56	1.5781142360680478
J9	15	12	52	4	1.6041660941726792
J10	16	11	80	19	1.4320826576333716
J11	15	4	40	50	1.5587898681931303
J12	14	14	56	12	0.12293656176103163
J13	14	4	54	42	1.4489198838490007
\\ Jobs in machine 2
10
J14	16	3	107	46	1.4606772529892535
J15	16	13	45	15	1.8716640779524063
J16	15	9	48	3	0.27569352892732935
J17	14	5	86	48	0.41557348933812255
J18	14	13	56	35	2.291352869961572
J19	14	10	108	22	0.797727692321563
J20	15	13	109	57	1.488586738391585
J21	11	11	41	17	0.971621017112193
J22	16	2	66	54	1.2862973006137677
J23	14	12	43	38	0.7106246158582264
\\ Jobs in machine 3
11
J24	14	7	103	7	0.1
J25	17	14	12	60	1.5684437745651407
J26	14	6	103	31	0.28051096646353946
J27	13	9	29	9	0.8522955449603842
J28	13	5	18	23	0.8870936780648857
J29	16	10	92	57	1.196124392632125
J30	15	5	110	22	0.6381389614577789
J31	15	9	84	28	0.7197421431704563
J32	16	1	20	35	1.3875462722135399
J33	15	12	11	36	1.3660254259060922
J34	13	9	88	39	1.3868389772855219
\\ Jobs in machine 4
13
J35	14	12	67	23	1.366654629204
J36	15	11	104	40	1.3183763137279214
J37	15	1	5	18	1.2387571989771944
J38	16	12	29	26	0.6414134564130642
J39	15	5	28	50	1.3600444918112828
J40	13	2	27	42	2.0990253911622725
J41	15	5	82	59	1.445275707151116
J42	14	12	31	58	0.7348562739218958
J43	14	2	90	50	0.10558019659392714
J44	17	10	25	34	1.3702478794490252
J45	15	9	83	44	0.5496244225885503
J46	13	6	89	35	1.0178130942646324
J47	14	3	25	41	1.6884804126405284
\\ Jobs in machine 5
12
J48	15	4	105	5	0.5855424177497353
J49	15	8	89	3	1.4217059791640676
J50	16	7	108	33	1.4984978400381572
J51	13	9	36	36	1.8146590655604584
J52	16	3	18	47	1.2751029759740695
J53	16	10	28	24	0.7450260681801997
J54	13	8	78	16	0.4357972562467043
J55	14	8	29	60	1.1073427379908605
J56	13	3	59	36	1.4770540713258984
J57	14	14	55	3	1.5331129935298378
J58	14	9	110	7	1.4932507643873978
J59	15	9	87	9	1.1624609708638336
\\ Jobs in machine 6
12
J60	15	9	4	44	1.4268087262824343
J61	15	13	5	15	0.8446701042594937
J62	14	7	37	12	0.7226640362693412
J63	13	12	33	57	0.8304103528590083
J64	15	2	93	2	1.1363297648999648
J65	16	4	68	31	1.7736667930876657
J66	13	3	3	17	1.3030488737083434
J67	15	14	34	41	0.8896736358588021
J68	13	9	70	38	0.25260166813439344
J69	15	13	82	5	1.1864259069407257
J70	15	10	109	45	1.9292830506764913
J71	14	14	21	10	1.7625571675929976
\\ Jobs in machine 7
12
J72	14	3	45	18	1.6252288045469676
J73	13	2	29	21	1.3579716211390787
J74	16	4	5	49	1.5316105247677543
J75	15	9	70	59	1.4321729997969597
J76	14	3	62	18	0.6271770512094655
J77	15	6	20	41	1.6222850093062122
J78	15	4	66	35	2.0448778859209953
J79	15	14	22	4	1.9874921235983516
J80	15	13	101	13	1.648430053940533
J81	13	3	47	24	0.6734054008415756
J82	14	6	50	20	2.207971991149522
J83	13	14	83	35	1.4195291842707602
\\ Jobs in machine 8
11
J84	16	8	64	49	1.0643078548132405
J85	13	4	43	9	0.8760596036989319
J86	15	11	36	27	1.1789169843976623
J87	14	1	95	52	0.5356259092662743
J88	14	7	38	53	1.5256266477013105
J89	16	1	88	24	1.1936302755132562
J90	15	9	12	50	0.7371071185885425
J91	15	11	105	30	2.0388183485744142
J92	16	8	42	60	0.9330149173425046
J93	15	4	78	50	1.1581874004103487
J94	16	10	5	2	1.7098859917635356
\\ Jobs in machine 9
12
J95	14	2	24	3	1.8671666270720526
J96	16	7	65	15	1.1346356218515747
J97	14	6	59	3	1.025316178960083
J98	16	2	89	44	2.206869835083649
J99	14	6	41	60	1.4322319205651715
J100	16	4	46	29	1.2308663126988282
J101	15	7	56	44	1.8724253016285914
J102	14	7	93	5	1.4062983414988537
J103	14	11	59	28	0.9653404799154275
J104	14	13	32	40	1.720472027117241
J105	15	13	80	43	1.5719114117436677
J106	14	12	51	31	1.819704058008548
\\ Jobs in machine 10
11
J107	14	6	33	42	1.3501481067530254
J108	14	10	89	4	1.0487038327266909
J109	13	6	90	59	2.0741726015932156
J110	14	11	61	12	0.66460725882034
J111	14	9	28	48	0.3784059822211915
J112	14	8	42	3	1.134496667755307
J113	15	2	17	54	0.46557948827306483
J114	15	13	85	37	0.21331494871724965
J115	15	5	69	41	1.7082219060112442
J116	15	2	33	45	1.826048365423687
J117	17	7	17	45	1.2049676525829922
\\ Jobs in machine 11
11
J118	13	4	3	31	1.2466921203469166
J119	14	4	107	10	0.39123554226405144
J120	13	14	21	33	1.2530737500610019
J121	14	5	21	8	1.0719072895543564
J122	14	3	34	40	0.6947936029915737
J123	13	14	66	60	1.3275207922973848
J124	16	11	91	1	1.1612256374527332
J125	13	5	70	3	1.359817902098351
J126	15	14	10	52	1.4268197758011163
J127	14	5	73	56	1.2456115036707989
J128	15	8	68	57	1.5989286694229028
\\ Jobs in machine 12
13
J129	15	5	57	36	1.7228799180187009
J130	15	8	101	29	1.8072676871904787
J131	16	7	34	43	0.6290176188435886
J132	16	14	29	44	0.9802351924425392
J133	14	3	18	35	1.4309423826127632
J134	15	5	50	60	0.5495287527635904
J135	15	4	105	10	0.7992709409394346
J136	13	7	102	47	1.6762957461249355
J137	14	12	78	35	0.8575210193049667
J138	15	2	57	40	0.6961124859716826
J139	13	14	55	32	1.1935753693886877
J140	14	7	44	46	1.6747113748120404
J141	14	11	19	49	1.4155133372962334
\\ Dependencies 
309
1	4
1	5
1	10
1	12
2	3
2	10
2	11
3	5
3	6
3	8
4	5
4	9
4	11
4	13
5	7
5	8
5	9
5	10
5	12
6	10
6	11
6	13
7	10
7	11
7	12
8	11
9	10
10	13
11	13
12	13
14	20
14	23
15	17
15	18
15	19
15	20
15	23
16	17
16	23
17	19
17	20
17	21
17	22
17	23
18	20
18	21
18	22
18	23
21	22
24	26
24	28
24	34
25	26
25	30
25	31
25	34
26	30
26	32
26	33
27	31
28	30
28	33
29	33
30	31
30	33
31	32
31	33
31	34
33	34
35	38
35	40
35	41
35	42
35	43
35	45
35	46
36	37
36	41
36	42
36	43
36	46
36	47
37	41
37	42
37	47
38	45
38	47
39	44
39	45
40	42
40	43
40	45
40	47
41	46
41	47
42	44
42	47
43	45
43	47
44	45
45	47
48	49
48	52
48	53
49	51
49	52
49	58
49	59
50	51
50	55
51	52
51	53
51	55
52	53
52	55
52	59
53	54
53	57
53	58
53	59
54	56
54	57
54	58
54	59
55	58
56	57
57	58
58	59
60	61
60	65
60	68
60	69
61	64
61	65
61	69
62	64
62	70
63	65
63	67
64	67
64	69
64	71
65	67
65	68
66	68
66	70
66	71
67	68
68	71
69	70
69	71
72	82
72	83
73	75
73	76
73	79
74	80
74	81
74	82
74	83
75	77
75	82
77	79
77	83
78	79
78	80
78	82
79	82
79	83
80	82
81	82
84	85
84	87
84	89
84	90
84	91
84	93
85	86
85	87
85	88
85	90
85	93
86	89
86	91
86	93
86	94
87	89
87	90
87	91
87	93
87	94
88	90
88	91
89	91
90	91
90	94
91	92
91	93
92	94
95	97
95	98
95	104
95	105
95	106
96	97
96	101
96	105
96	106
97	100
97	102
97	105
97	106
98	103
98	104
98	106
100	101
100	104
100	105
100	106
101	102
101	103
101	105
101	106
102	104
102	105
103	106
105	106
107	108
107	113
107	114
107	116
107	117
108	111
108	113
108	114
108	115
109	110
109	111
109	116
110	111
110	113
111	113
111	114
111	117
112	115
112	117
113	114
113	115
113	116
113	117
114	115
114	116
114	117
118	120
118	121
118	122
118	124
118	125
119	122
119	123
119	124
119	125
119	127
119	128
120	122
120	124
120	126
120	128
121	123
121	124
121	126
122	128
123	124
123	125
123	127
124	125
124	128
125	126
129	130
129	137
129	138
130	131
130	133
130	135
130	136
130	137
130	138
130	139
131	133
131	135
131	141
132	133
133	137
133	139
133	140
134	135
134	136
134	139
134	140
134	141
135	136
135	140
136	137
136	140
137	138
137	139
137	140
137	141
139	141
