\\ machines
12
\\ max power
120
\\ Jobs in machine 1
11
J1	15	11	62	9	1.4226619109665795
J2	14	1	71	23	1.1343314546177754
J3	15	2	90	2	1.292119150418557
J4	15	12	30	25	1.3236876191058022
J5	14	10	13	2	0.6311881202995042
J6	14	6	48	15	1.2594095581467692
J7	15	14	22	23	0.9845913646511849
J8	16	10	79	3	0.95089429509938
J9	14	3	97	21	1.5526364599949385
J10	15	8	20	21	1.5703675587823622
J11	16	12	108	9	1.4013741725347428
\\ Jobs in machine 2
10
J12	14	13	89	6	1.7941648464030866
J13	14	6	54	12	1.159224317050404
J14	14	13	3	19	1.0479567903817946
J15	15	10	65	25	1.6251250305721168
J16	14	6	83	27	1.2202969783305286
J17	16	9	16	22	0.9265022868556747
J18	15	13	99	17	1.265958318468337
J19	13	13	5	2	1.3524770606373044
J20	15	12	83	7	2.0430507823062807
J21	15	13	24	24	1.2776636991913088
\\ Jobs in machine 3
11
J22	15	12	96	4	0.9074600424204944
J23	15	10	15	28	1.480108191580036
J24	14	14	66	26	2.029310339329825
J25	14	7	15	15	1.1297500209677558
J26	12	8	40	10	0.39708824806082454
J27	13	6	88	17	0.13819888855167406
J28	14	10	88	23	1.509162247687126
J29	15	6	107	3	0.2731743477669475
J30	14	10	11	4	1.0060763327593876
J31	14	8	35	10	0.5409274171168482
J32	13	5	79	10	1.639290268214931
\\ Jobs in machine 4
10
J33	13	8	12	11	1.374310953445469
J34	13	11	47	20	1.9243458975549141
J35	16	12	14	8	1.67147177299763
J36	15	5	14	18	1.2427790192022783
J37	15	6	97	22	2.2793791380328723
J38	15	12	73	30	0.8166201589202466
J39	14	13	58	20	0.8502035745063536
J40	13	13	27	18	0.35086769698091136
J41	14	10	15	3	1.509994443782015
J42	15	4	53	12	1.3813965919135136
\\ Jobs in machine 5
10
J43	15	6	89	27	1.4040508142171602
J44	13	2	15	27	1.4022505297402506
J45	12	9	43	17	0.3050389517214067
J46	14	11	4	22	0.9245126374943047
J47	17	7	69	29	0.620167499561829
J48	16	14	71	29	0.5840248697634367
J49	15	11	68	9	0.8828227466188838
J50	15	8	97	13	0.6794997364079375
J51	15	10	26	17	0.8902341332430774
J52	15	13	5	16	0.7389698905191433
\\ Jobs in machine 6
12
J53	14	8	70	21	1.1127962290972013
J54	15	13	101	27	0.887945638140778
J55	16	3	37	1	1.9400924411511573
J56	13	3	23	18	1.3509160844093024
J57	14	13	65	20	1.4737213006275987
J58	14	11	102	29	0.9363503841637655
J59	13	1	63	8	0.671526560857854
J60	15	13	42	25	1.0181824240554813
J61	15	6	30	22	0.8639493696840119
J62	16	1	100	20	1.8739476578409757
J63	15	6	7	23	1.3063176906312175
J64	13	14	45	29	1.2020300702226514
\\ Jobs in machine 7
13
J65	15	2	83	23	1.2834807474526224
J66	16	2	98	8	1.298769658883641
J67	15	11	67	21	1.0286354978427337
J68	14	8	56	12	1.0293229030774222
J69	12	14	66	25	1.0844224823215722
J70	15	7	70	25	1.7525281895185207
J71	15	11	15	10	0.7948465071057833
J72	14	8	65	25	0.5284998252772837
J73	14	6	58	28	1.7163933272939924
J74	13	14	78	14	1.7114441104323768
J75	14	8	26	7	1.2193483916110142
J76	14	10	58	18	0.7733108078855828
J77	14	3	104	12	1.2536128861306026
\\ Jobs in machine 8
12
J78	16	9	77	12	1.146628450845511
J79	16	14	48	17	0.8509362389492618
J80	15	8	70	14	1.3566732642618144
J81	14	2	76	10	0.9664465080600657
J82	13	3	63	7	0.6673665408020457
J83	14	9	110	1	1.5805771258671544
J84	14	9	68	19	0.7889568648751896
J85	17	4	62	16	1.843884203465546
J86	15	2	76	2	0.960578250325342
J87	15	4	33	5	0.5333090569783412
J88	15	14	51	18	0.6056921550514368
J89	14	6	2	22	0.3080884187698806
\\ Jobs in machine 9
10
J90	14	3	62	20	1.1868038613137404
J91	15	13	56	16	1.6851209595152112
J92	13	13	9	15	1.1258024683375856
J93	15	9	110	10	0.7777464177914403
J94	15	4	57	4	1.2197128585517203
J95	14	10	24	16	1.4451120228815817
J96	15	6	8	28	0.5540359768478559
J97	12	8	103	1	1.2638110916761478
J98	15	14	25	18	1.465594408944207
J99	16	5	29	11	1.0983408605168499
\\ Jobs in machine 10
11
J100	15	4	57	25	1.1660146355988419
J101	13	8	20	23	1.4236046189862455
J102	14	5	8	24	1.1088657488157188
J103	15	4	4	24	0.7776066610012233
J104	15	1	15	17	1.501347832775066
J105	15	8	9	11	0.528150505372694
J106	17	12	98	17	1.0921411005926458
J107	15	7	21	8	1.239038998116598
J108	14	7	22	11	0.5967151357223137
J109	16	1	2	13	1.4112550779371213
J110	14	8	100	27	1.1507602512538315
\\ Jobs in machine 11
12
J111	14	2	46	23	1.4182075941964734
J112	15	11	73	28	0.6991460634513904
J113	15	5	28	16	1.971337916351882
J114	14	8	106	2	0.7619493316335713
J115	13	5	72	27	1.2444586336173085
J116	14	13	41	4	0.39468178804382115
J117	17	8	66	23	1.4470193473968056
J118	14	3	20	1	1.200181579055267
J119	14	10	71	23	1.427473369208671
J120	14	4	57	15	1.0376597915643553
J121	15	1	90	6	0.6543848045032096
J122	15	13	86	13	1.5253286391171295
\\ Jobs in machine 12
11
J123	14	6	52	12	1.0195477469003131
J124	13	13	85	7	1.3526686894710995
J125	14	13	33	2	1.0347005401805702
J126	13	5	41	16	0.8328313030817331
J127	15	13	70	1	0.5733461533929972
J128	15	1	30	26	1.2721383767989065
J129	14	1	51	27	1.2915886757804727
J130	14	2	88	1	1.183024579046494
J131	14	12	14	1	1.3882109973637715
J132	14	3	51	28	1.9746708904342174
J133	13	7	70	11	1.5742034234976012
\\ Dependencies 
113
1	6
2	6
3	10
4	8
4	9
6	11
7	8
8	10
12	14
12	17
13	15
13	21
14	16
14	17
16	20
16	21
17	20
19	21
22	24
23	24
23	25
23	31
25	30
26	27
26	32
27	32
28	29
33	35
35	36
37	40
37	42
40	41
40	42
43	48
44	52
46	50
46	52
49	50
49	51
50	52
53	55
53	62
54	61
55	63
56	59
56	61
57	61
57	64
58	64
59	64
61	62
62	64
65	69
65	71
65	72
65	74
66	67
66	69
70	75
71	73
78	88
79	80
79	88
79	89
81	84
82	84
82	86
82	88
83	86
83	88
83	89
86	89
88	89
90	92
90	93
90	97
92	93
92	95
92	96
93	98
93	99
94	95
95	98
96	99
97	98
100	103
100	104
100	105
102	103
102	107
102	108
103	108
104	110
105	108
105	109
106	108
111	112
112	120
113	114
113	116
113	122
114	121
114	122
115	121
117	119
118	120
118	122
119	122
121	122
124	126
124	132
129	131
129	132
