\\ machines
20
\\ max power
200
\\ Jobs in machine 1
11
J1	13	9	70	5	0.9717091028201167
J2	15	7	47	11	0.899408707055962
J3	15	1	15	18	1.1089370980270652
J4	15	14	37	50	1.7204038733896094
J5	16	11	103	34	1.3212289929340468
J6	15	7	82	27	1.0453921592713127
J7	14	9	5	23	2.0790972055933508
J8	15	3	54	28	0.6914896825488112
J9	15	8	105	19	1.9058940175156542
J10	16	12	78	28	0.37154709566572786
J11	16	2	41	12	1.4550833699925874
\\ Jobs in machine 2
10
J12	13	12	34	50	1.469167482873371
J13	15	2	13	26	0.9256914788781359
J14	14	10	97	35	1.4283508285649273
J15	16	14	46	47	1.1030877024181025
J16	13	3	52	5	1.5821008129326568
J17	14	8	92	8	0.3372614240910222
J18	14	5	103	39	1.3331967430888623
J19	13	10	82	33	1.599140923058376
J20	16	1	20	50	1.2173102558562223
J21	14	8	46	9	0.31636420768571427
\\ Jobs in machine 3
12
J22	14	6	90	18	2.4723504964472864
J23	15	3	109	22	1.3397310385417394
J24	16	9	20	9	1.1295070166647587
J25	15	7	46	28	0.831654747763625
J26	15	14	81	13	1.9974870119527317
J27	15	5	43	28	0.9623346007300807
J28	14	3	44	35	1.5522772966513707
J29	14	9	66	3	0.1
J30	15	4	109	1	0.6605839942234515
J31	12	4	28	7	1.3799392661573995
J32	14	10	79	35	0.502839491507897
J33	17	11	62	27	1.5498793207756725
\\ Jobs in machine 4
10
J34	13	10	24	24	1.0351841087537692
J35	15	9	18	14	0.8983803127377745
J36	14	14	103	49	1.9092271187191237
J37	15	13	35	31	1.0725404922716475
J38	14	12	45	4	1.8282811097346823
J39	14	4	98	15	1.5705791964919547
J40	13	6	22	24	1.00583400411168
J41	14	3	60	8	1.1516324979994568
J42	15	10	95	41	0.8263483677661663
J43	16	5	12	47	1.172383133396428
\\ Jobs in machine 5
12
J44	14	2	38	5	1.2966713013328204
J45	15	14	20	29	0.809336765380382
J46	16	6	24	50	1.4576044349723598
J47	14	3	52	38	2.131653021145542
J48	14	1	26	24	1.6757416152307045
J49	15	5	85	49	1.9287335673692003
J50	14	12	35	19	2.454242980000509
J51	14	11	85	50	1.4302107931082693
J52	14	8	73	46	1.425697848453032
J53	15	5	78	19	0.9560290943450114
J54	13	7	81	34	0.8279836447688158
J55	13	10	28	49	1.461712868192546
\\ Jobs in machine 6
13
J56	15	11	99	35	1.8168084832949007
J57	15	1	42	35	1.4427097126581627
J58	14	3	51	6	1.4524590383813525
J59	14	8	55	47	1.3776920512219364
J60	14	13	9	12	1.254801139754442
J61	13	6	43	17	1.1336718470475158
J62	15	6	44	15	0.7781547563438014
J63	13	3	108	9	2.215118599396404
J64	15	6	18	11	0.7068380531491678
J65	14	3	13	50	1.004859026349913
J66	13	2	47	30	0.9712566966456099
J67	14	13	66	12	0.5808825782696293
J68	15	14	51	7	1.0947153766605864
\\ Jobs in machine 7
12
J69	15	12	106	2	0.8449435902844247
J70	16	6	47	47	1.842723594781774
J71	14	12	60	6	1.1819672365621312
J72	15	13	23	49	1.9022368889301413
J73	14	4	77	21	1.3946498621124264
J74	14	5	16	9	1.8746738170119177
J75	14	9	84	21	1.5443592926750247
J76	13	1	21	39	0.9643210823116226
J77	17	13	33	25	1.304514620779977
J78	16	5	61	30	1.281119735274494
J79	14	13	80	1	1.7292522546790672
J80	13	12	103	18	1.2116056998400493
\\ Jobs in machine 8
10
J81	14	1	31	2	1.1714349510657185
J82	14	13	15	3	1.5045606853155662
J83	15	8	65	36	0.8920668156897036
J84	15	8	24	29	1.4553931954939936
J85	17	7	85	11	1.244135758458191
J86	14	10	103	40	1.119185496944116
J87	14	14	4	36	1.752966412622833
J88	16	5	41	44	1.623598856251277
J89	15	7	63	49	1.262402538645856
J90	16	5	31	8	1.2740312655762178
\\ Jobs in machine 9
11
J91	14	10	71	6	0.5942458280087465
J92	15	4	93	3	1.2308314859640168
J93	14	8	101	43	1.0526743187142058
J94	14	5	26	1	2.161308223945784
J95	14	12	38	21	1.041572163708206
J96	14	1	39	32	1.3272702073065437
J97	15	1	29	36	1.5419159350045455
J98	15	8	66	33	1.5804162380452575
J99	15	10	84	34	2.0030055763139316
J100	14	11	19	31	0.6388451150079016
J101	15	13	100	42	0.5207002667960943
\\ Jobs in machine 10
11
J102	13	1	72	7	0.9859082685030106
J103	14	7	74	15	1.1787558884149705
J104	12	6	4	31	1.2365563380120337
J105	15	8	29	44	1.1438093019416635
J106	15	10	15	38	1.0881710475704705
J107	14	4	36	45	2.0377363661901944
J108	14	4	108	15	1.3989345155992763
J109	16	1	99	10	1.1583877483237763
J110	14	5	110	28	1.239283587859342
J111	14	2	55	31	1.0200384696609124
J112	15	12	83	12	0.6286234036180837
\\ Jobs in machine 11
11
J113	14	14	14	2	0.8138304787295099
J114	15	14	110	37	1.7040255434383802
J115	13	7	4	26	1.6533463834355802
J116	16	1	81	27	1.6859366440410226
J117	14	1	79	41	1.6874659976193427
J118	14	12	38	31	2.042913415962206
J119	16	4	64	1	0.797690929555952
J120	16	8	61	33	1.0208892157408442
J121	14	11	79	28	0.5713371714004996
J122	13	12	25	20	0.2216268949503537
J123	15	10	26	45	0.42341383618563944
\\ Jobs in machine 12
11
J124	15	11	91	41	1.4501723604229024
J125	14	13	77	7	1.4426124743173385
J126	14	2	75	13	2.0808484663750137
J127	16	13	22	16	0.7259822355200447
J128	14	13	64	31	1.4872789522616428
J129	14	1	38	47	0.9200524749285053
J130	14	1	51	2	1.3185749416671042
J131	15	7	86	6	1.050114508163647
J132	13	10	3	48	1.6197141971697349
J133	15	2	76	15	1.2070805632851
J134	15	12	24	14	1.3528989278497077
\\ Jobs in machine 13
10
J135	14	13	10	11	1.2734354485612487
J136	14	10	32	23	0.5506030582468346
J137	14	12	98	46	0.5692150705229919
J138	15	4	99	5	0.7612806116300979
J139	14	7	64	47	1.5590258802149828
J140	15	4	109	31	1.3149252704507304
J141	15	8	91	29	0.3519388609116514
J142	14	5	58	9	1.153671508347283
J143	17	4	61	28	1.7105111778795046
J144	15	7	12	5	0.1
\\ Jobs in machine 14
11
J145	15	6	30	31	1.7903672844478669
J146	16	14	75	14	0.9076369100267301
J147	16	13	80	31	1.7560149659055195
J148	13	10	22	25	1.4779229662883044
J149	14	1	11	36	1.1417261692532146
J150	14	4	92	40	1.4059464635381893
J151	16	3	26	43	2.5018479462896597
J152	15	3	62	22	0.4120141441795071
J153	16	10	46	41	0.998000200934329
J154	15	12	48	18	0.7854626501165085
J155	15	13	57	28	0.7335134958823322
\\ Jobs in machine 15
10
J156	14	14	10	22	1.4600185216998554
J157	16	5	24	14	1.0597568439899907
J158	14	11	71	9	0.884917939810344
J159	14	12	30	17	1.0440308626993149
J160	14	2	53	7	1.450072166686936
J161	13	13	72	4	1.3171209229107754
J162	16	5	70	49	1.5933604308119116
J163	15	11	37	34	2.2794709506275694
J164	14	5	106	49	1.3374943225878941
J165	14	8	81	1	1.4778287029536787
\\ Jobs in machine 16
11
J166	16	3	34	22	2.3483219699307716
J167	15	6	66	32	1.5212726446826241
J168	14	11	57	48	1.3994198715172783
J169	15	5	106	18	1.4616565099584589
J170	15	5	37	7	1.5815521698560873
J171	15	5	75	27	0.7288049843953723
J172	15	9	96	41	0.11624995962899787
J173	16	14	78	6	1.8173908302952486
J174	14	5	86	1	1.2856551562480594
J175	14	5	62	46	0.8423971746128951
J176	14	7	42	40	1.4439739332322703
\\ Jobs in machine 17
11
J177	13	13	98	34	1.9810440800307578
J178	13	12	55	23	1.2976829881243437
J179	15	6	105	7	0.33239533565627843
J180	14	6	5	38	1.5346591046377136
J181	15	9	34	47	0.8823106209672824
J182	13	14	18	49	1.9971896248100722
J183	14	1	22	23	0.9957662234633129
J184	14	14	3	4	1.0692422874735528
J185	15	4	101	40	1.2307320382024516
J186	15	14	37	34	0.9945689320261316
J187	14	3	110	30	1.36428626037474
\\ Jobs in machine 18
12
J188	16	4	60	20	1.5858912014080921
J189	14	5	22	36	1.3151816996801193
J190	14	9	92	38	1.0020952122705853
J191	14	2	87	20	0.1
J192	16	13	8	25	1.6999756070671148
J193	16	6	110	31	0.25219313203982463
J194	14	5	29	39	1.5063169708920268
J195	13	1	97	36	0.7876822576102694
J196	17	2	4	40	1.3996910100210171
J197	14	13	58	34	1.1975850335049265
J198	15	4	30	33	1.809349308301155
J199	14	6	59	6	1.0356888997583418
\\ Jobs in machine 19
10
J200	15	12	32	29	1.902939460039118
J201	18	12	89	43	2.037263468673007
J202	14	9	14	21	1.775102837690344
J203	14	6	90	32	1.9040208689707
J204	16	8	8	3	1.3423267195910091
J205	15	12	33	46	0.8310793082681207
J206	15	13	59	39	0.3334384667257442
J207	16	9	71	2	1.3005734853872404
J208	14	3	24	45	1.5804102279072658
J209	16	4	41	15	1.5954802614866628
\\ Jobs in machine 20
11
J210	14	10	63	22	1.096153105195817
J211	13	3	80	28	1.3730677998059135
J212	16	7	43	18	0.7533686310200718
J213	13	6	22	50	1.503561633173356
J214	14	2	71	42	1.5453721513135932
J215	16	6	6	34	0.4042109749866498
J216	15	4	21	18	1.2507334352885988
J217	12	9	68	9	1.259097104428094
J218	15	4	86	44	1.2861200541861972
J219	15	6	90	29	1.2382906025797782
J220	14	4	4	24	1.7382862537759314
\\ Dependencies 
116
1	5
1	7
1	10
1	11
2	4
2	6
4	9
10	11
14	18
14	19
15	17
16	19
17	21
23	25
31	32
36	39
36	41
36	43
39	40
39	41
47	48
49	52
49	53
49	54
51	55
58	60
60	62
60	67
62	68
66	68
69	77
70	72
70	73
70	80
71	76
71	77
72	73
73	75
73	80
75	80
76	78
81	82
81	89
84	86
85	86
85	88
93	101
94	95
94	96
94	97
94	101
96	98
97	99
98	101
102	108
103	106
103	111
104	111
105	110
105	112
107	109
117	120
117	122
117	123
118	123
119	120
121	122
122	123
126	129
128	134
130	133
131	134
135	137
136	144
137	138
138	143
145	147
145	149
146	150
150	153
150	155
153	155
154	155
158	163
159	163
159	165
166	171
168	174
169	175
170	176
171	174
177	186
178	184
178	187
179	180
179	185
179	186
182	183
184	186
188	198
191	194
191	198
194	195
195	196
195	199
196	199
200	204
201	206
206	207
207	208
210	211
210	212
210	214
210	219
211	218
218	220
