\\ machines
8
\\ max power
80
\\ Jobs in machine 1
12
J1	14	10	27	14	1.6969503617050685
J2	13	13	47	16	1.050084600330627
J3	14	11	51	17	1.5617065641574062
J4	16	2	101	17	0.9298354082467057
J5	15	12	48	8	1.468528330219264
J6	14	5	67	6	1.7812176705811802
J7	15	12	54	16	0.9090922958166379
J8	15	8	11	5	2.079453040890374
J9	15	2	76	13	2.05851460484337
J10	15	2	22	16	1.1083692193678891
J11	17	2	49	3	1.5127035189989042
J12	15	1	93	16	1.1653168586431129
\\ Jobs in machine 2
10
J13	15	11	58	15	0.6016406240148412
J14	14	2	14	20	0.9660851542599317
J15	14	1	97	10	0.9538978037902309
J16	13	7	46	18	0.6126467102215684
J17	13	4	59	9	0.928828862555079
J18	15	2	96	1	1.3961292275401656
J19	13	5	89	5	1.7009251737383657
J20	13	1	30	14	0.7332485417497235
J21	14	9	53	16	1.4201022182705854
J22	15	9	107	16	1.5733025917839598
\\ Jobs in machine 3
12
J23	13	14	77	3	1.6124955105188543
J24	16	14	75	5	0.5945273899979596
J25	14	4	66	2	0.8988546748606254
J26	15	14	104	16	2.4855217412231534
J27	13	13	4	13	2.2907330930030563
J28	15	12	108	5	1.337577526064351
J29	15	10	103	13	1.5235951114880288
J30	15	14	86	18	0.8906645804128065
J31	13	7	32	8	1.0092948238650854
J32	15	6	51	1	1.5771452094630254
J33	14	8	61	16	1.0500661545194525
J34	14	14	98	8	2.1931644455317727
\\ Jobs in machine 4
10
J35	15	14	15	3	1.5060666201410235
J36	15	1	71	12	0.5790217241248357
J37	13	1	9	19	0.9300679351763618
J38	14	11	16	11	0.11604256391749468
J39	15	3	97	3	1.9402860685994714
J40	14	10	88	4	1.2952849823960924
J41	15	3	76	2	1.1773289955005153
J42	14	12	99	8	0.9132327172941849
J43	16	1	64	6	0.9879524576735493
J44	16	7	30	18	1.5554520958143176
\\ Jobs in machine 5
12
J45	15	12	7	9	1.1227452410725673
J46	15	3	69	7	2.3190032505300255
J47	14	12	77	11	1.1385559457931576
J48	14	10	44	4	1.5997643505197674
J49	13	4	85	18	1.2168825043036817
J50	15	8	79	17	0.41514896515137345
J51	13	8	43	16	0.6670181337926989
J52	14	8	70	20	2.258128301790611
J53	15	6	33	5	1.1614203877921263
J54	13	5	92	3	1.7182434496687327
J55	16	1	69	2	1.1443823247649763
J56	14	4	60	17	0.6175045548543485
\\ Jobs in machine 6
11
J57	15	10	59	3	1.2648449480312067
J58	14	7	81	16	1.4061808377647615
J59	15	10	95	7	1.1046097754396864
J60	15	1	99	5	0.3355365343493242
J61	16	1	101	6	0.9466944636044548
J62	13	8	19	11	0.9547044480665329
J63	16	3	92	17	1.0132360963427811
J64	15	11	65	2	1.0081798848069183
J65	15	12	98	9	1.3689944393498337
J66	16	3	26	12	1.535024740559604
J67	12	10	99	11	0.667115243606599
\\ Jobs in machine 7
11
J68	12	1	67	13	0.9845425641857293
J69	14	13	94	20	1.2238802608799646
J70	13	5	39	20	1.3237934189139227
J71	14	9	90	10	1.6964349815695767
J72	14	8	52	1	2.480934144892448
J73	15	13	58	13	1.4252693468970294
J74	15	14	86	5	1.1746353836837033
J75	13	1	39	16	1.6795402506804769
J76	16	11	44	7	0.9930711543470625
J77	15	1	66	19	1.542662252132973
J78	15	13	23	20	0.7563875448192021
\\ Jobs in machine 8
10
J79	14	6	97	15	1.2929908613035452
J80	15	5	74	6	0.5556966982144472
J81	15	5	57	17	0.45175718431812095
J82	14	4	72	17	1.1945428705817573
J83	16	2	22	2	0.709715605035561
J84	13	6	58	12	1.6977621490527208
J85	16	4	16	17	0.7900321867335287
J86	14	1	89	1	0.4618775713267703
J87	16	5	103	4	1.5898998283428152
J88	15	12	61	14	0.7483111293899534
\\ Dependencies 
260
1	2
1	3
1	5
1	6
1	12
2	3
2	4
2	6
2	8
2	9
3	4
3	5
3	7
3	8
3	12
4	5
4	8
4	11
4	12
5	6
5	7
5	10
5	11
6	7
6	8
6	9
7	8
7	11
7	12
8	10
8	12
9	10
9	11
13	14
13	15
13	17
13	18
13	19
13	21
14	15
14	16
14	17
14	18
14	19
14	20
14	21
15	16
15	17
15	18
15	19
15	20
15	22
16	17
16	18
16	19
16	21
16	22
17	18
17	19
17	20
17	21
17	22
19	21
19	22
21	22
23	25
23	26
23	31
23	32
23	34
24	25
24	26
24	27
24	28
24	30
24	33
24	34
25	27
25	28
25	29
25	30
25	31
25	32
25	33
25	34
26	27
26	28
26	29
26	30
26	33
26	34
27	28
27	29
27	31
27	32
27	33
28	31
28	32
28	33
29	30
29	31
29	32
30	31
30	32
30	33
32	33
33	34
35	37
35	38
35	41
35	42
35	44
36	37
36	39
36	43
37	38
37	41
37	42
37	43
38	39
38	40
38	41
38	42
38	43
38	44
39	40
39	41
39	42
40	42
40	44
41	42
41	44
42	43
42	44
43	44
45	49
45	50
45	52
45	53
45	55
45	56
46	47
46	49
46	50
46	52
46	53
46	55
46	56
47	48
47	51
47	52
47	53
47	55
48	49
48	52
48	53
48	54
48	55
49	52
49	54
49	56
50	52
50	54
50	55
51	53
51	56
52	53
52	54
53	54
53	55
53	56
54	55
55	56
57	60
57	61
57	62
57	63
57	64
57	65
57	66
58	63
58	64
58	65
58	66
59	60
59	61
59	62
59	64
59	67
60	61
60	62
60	63
60	64
60	65
60	66
61	62
61	63
61	66
61	67
62	63
62	65
62	66
63	64
64	65
68	69
69	72
69	73
70	71
70	73
70	74
70	75
70	76
70	77
70	78
71	72
71	74
71	77
72	73
72	74
72	75
72	76
72	78
73	74
73	76
73	78
74	76
74	77
75	76
75	77
75	78
76	77
76	78
77	78
79	80
79	81
79	83
79	85
79	86
79	87
80	83
80	86
81	82
81	86
81	88
82	83
82	84
82	85
82	87
82	88
83	85
83	87
83	88
84	87
84	88
85	86
85	87
85	88
86	87
86	88
87	88
