\\ machines
8
\\ max power
80
\\ Jobs in machine 1
10
J1	13	14	47	7	0.9947187946028526
J2	14	10	72	1	0.9611803780387502
J3	14	9	10	17	1.1608078411570641
J4	14	2	42	18	1.7887291310917126
J5	13	10	40	14	0.8290796550447797
J6	14	2	58	14	1.1437729350070787
J7	14	1	78	7	1.5624666443883368
J8	14	6	82	2	1.8049164139820886
J9	14	4	33	1	1.4819821135379216
J10	15	12	84	12	2.0219114029271643
\\ Jobs in machine 2
11
J11	15	12	64	17	0.6808715507710758
J12	15	12	101	15	1.7602286963900435
J13	12	2	33	8	1.2506138627322059
J14	15	12	104	7	1.2397939304627161
J15	16	13	105	16	0.7657770315035274
J16	15	14	107	19	0.37071360231659956
J17	14	9	48	5	1.080709923234946
J18	13	8	28	6	1.8128216867880083
J19	16	8	64	1	0.9028854101166308
J20	14	8	57	10	0.8487079943630644
J21	13	9	20	5	1.8519980326455479
\\ Jobs in machine 3
10
J22	14	3	65	5	1.7020168231763284
J23	14	6	6	19	1.2607842434412901
J24	14	11	40	20	1.1005270695077403
J25	13	7	63	5	1.2991646084303823
J26	14	4	26	20	1.2540663475671052
J27	13	6	76	15	0.7752204678911013
J28	14	3	74	20	1.6759245688609554
J29	14	9	41	5	1.736309638663662
J30	15	9	17	9	1.7377897777907008
J31	14	2	23	5	1.473763343584566
\\ Jobs in machine 4
10
J32	14	14	35	2	1.4190747658300151
J33	14	7	95	4	1.4485129548153415
J34	15	3	20	20	2.3379733670203686
J35	15	13	39	1	1.9408765755849622
J36	13	8	69	11	2.0617626586556215
J37	15	7	31	16	1.1155050043791468
J38	15	3	9	15	0.8170328504231523
J39	14	1	44	9	0.9570181691367763
J40	15	11	17	7	0.34575413110656783
J41	15	3	100	15	0.5552573907363673
\\ Jobs in machine 5
12
J42	15	14	97	14	0.7719026336881386
J43	13	1	54	8	1.3606027291826635
J44	13	9	12	6	0.8260790702000643
J45	13	2	29	3	2.447837444654183
J46	16	2	25	3	1.6988590352317599
J47	14	7	63	13	0.6321529728744687
J48	15	12	14	13	1.6939555208481296
J49	15	2	88	16	0.14090800879737553
J50	13	9	89	7	2.0251212091454747
J51	13	9	29	13	1.4195296962439052
J52	14	9	37	8	0.941662774150213
J53	15	5	68	15	0.6893380694580851
\\ Jobs in machine 6
12
J54	13	8	35	11	0.7792776880127075
J55	14	1	90	18	0.7218678974232416
J56	15	1	88	13	0.8742689950235509
J57	16	13	88	8	1.685638529000196
J58	15	7	86	5	1.0237645377014195
J59	15	13	32	8	1.1499492368164799
J60	13	12	93	9	1.9424605287708292
J61	15	14	95	13	1.6551837904522415
J62	15	1	2	7	0.9611594884630145
J63	13	14	30	5	0.818667546456062
J64	15	2	49	16	0.8835621617782836
J65	14	1	95	8	1.8270224006586044
\\ Jobs in machine 7
11
J66	14	11	15	3	1.1872195670305201
J67	15	5	61	11	1.0815452648516501
J68	13	12	26	19	1.2119441236246553
J69	13	7	29	7	1.9932723574763167
J70	15	4	30	4	0.8271674983968733
J71	16	14	56	14	1.261379697773544
J72	16	4	69	2	1.415110053149753
J73	13	10	95	13	1.3008362930113546
J74	15	6	89	19	1.476221755106347
J75	15	6	99	10	0.7717868302465216
J76	14	6	76	8	1.6172615131338075
\\ Jobs in machine 8
10
J77	14	5	54	14	1.155571164543847
J78	14	8	20	20	0.6888803193669608
J79	13	6	48	20	1.3483095694639737
J80	14	10	33	4	0.5650678841632468
J81	15	4	87	10	0.6706172805937531
J82	14	7	52	5	0.520655307954763
J83	14	11	27	9	0.6768258793200619
J84	15	8	93	3	1.616335994537101
J85	15	9	37	20	0.8259674446750153
J86	13	1	42	18	0.24065613355961568
\\ Dependencies 
131
1	3
1	8
1	10
2	4
2	6
2	9
3	8
3	10
4	5
4	7
4	8
5	6
5	10
6	9
7	10
9	10
11	15
11	17
11	20
12	16
13	14
13	17
14	16
14	18
14	20
14	21
15	17
16	20
17	18
17	19
18	19
18	21
19	21
22	24
22	25
22	28
22	30
23	28
23	29
23	30
23	31
24	28
24	31
25	26
25	28
25	30
26	27
26	28
27	30
27	31
28	29
28	31
29	30
32	34
32	41
33	35
33	41
34	36
35	39
37	39
37	40
37	41
38	41
39	40
40	41
42	43
42	44
42	45
42	47
42	51
43	45
43	48
43	51
44	47
44	53
45	48
46	53
47	53
48	52
49	53
50	51
50	53
51	53
54	62
54	64
55	56
55	60
55	65
56	62
56	63
56	64
57	58
57	63
58	59
58	61
59	60
59	61
59	62
59	65
60	61
60	62
60	65
61	62
62	63
63	65
66	68
66	71
66	75
67	74
67	76
68	70
68	74
69	70
69	73
69	75
70	71
70	73
72	76
75	76
77	78
77	80
77	85
77	86
79	83
80	81
81	83
81	84
82	84
83	84
84	85
84	86
