\\ machines
20
\\ max power
200
\\ Jobs in machine 1
10
J1	15	1	81	43	0.2465002406100033
J2	17	12	45	87	0.38299367456836186
J3	15	10	95	31	1.4097846680883455
J4	13	11	46	44	1.5171714810149655
J5	13	1	80	96	1.0407162978084856
J6	13	13	103	64	0.4713954933393548
J7	15	9	93	10	1.2146417102295446
J8	15	4	31	50	0.8157433851288174
J9	15	7	53	23	0.5100346508837815
J10	16	6	83	86	1.0823619077203026
\\ Jobs in machine 2
12
J11	15	12	54	99	0.6277153044506686
J12	13	2	28	15	1.1576594921967287
J13	15	9	16	92	1.2279076172836745
J14	15	1	19	6	1.2542184578587494
J15	13	13	11	66	0.9572771787449692
J16	13	13	30	26	1.0935550915619379
J17	16	5	3	82	0.9719736281263657
J18	14	4	51	36	0.5067376257334875
J19	14	11	104	20	0.6062661634277109
J20	14	5	29	14	2.241936437503754
J21	14	13	56	2	0.7995243890039201
J22	16	3	108	88	0.4581308437794034
\\ Jobs in machine 3
13
J23	15	14	92	58	1.3273628004974696
J24	15	14	31	1	1.0295734851894396
J25	15	3	39	25	1.5663250692665591
J26	14	10	50	32	0.8263463981107985
J27	15	9	18	70	0.7872359484092057
J28	15	11	97	58	1.0027265673635657
J29	15	5	85	21	0.14263691089403707
J30	14	1	8	56	0.9121513148810974
J31	14	13	105	2	1.0913228158237758
J32	13	10	106	90	1.6628281810286842
J33	15	4	99	81	1.1012324780261296
J34	14	13	4	1	0.137554075568177
J35	14	3	52	16	1.6569970393097186
\\ Jobs in machine 4
9
J36	16	3	2	50	0.4384281714544501
J37	14	5	55	35	1.4045041649800094
J38	15	7	82	80	1.9483349431672161
J39	15	3	37	36	0.996623145908094
J40	14	11	71	98	1.1853337394693908
J41	15	11	75	67	1.1740657838282889
J42	14	1	54	16	1.4477047101471086
J43	13	7	41	31	1.721392390976445
J44	14	2	44	27	0.713107783958968
\\ Jobs in machine 5
10
J45	15	10	98	20	1.0189868433507576
J46	16	12	98	85	1.0380517329565215
J47	14	7	17	20	0.35812581597146975
J48	14	14	28	17	1.334217239223183
J49	13	7	52	62	1.663896886587009
J50	13	10	108	46	1.6319358335800778
J51	13	1	62	13	1.4141294044516275
J52	14	7	12	8	1.1517311392416185
J53	15	1	11	41	0.9957460321072018
J54	13	6	38	64	1.2277541546826594
\\ Jobs in machine 6
10
J55	15	8	57	82	0.47432451857493174
J56	14	13	30	16	0.6475206407047703
J57	15	8	72	17	1.3000222701593078
J58	15	9	36	15	1.227209517632929
J59	13	4	72	99	0.6200580840878849
J60	15	1	10	95	1.6553493228163918
J61	16	13	16	89	0.7793979163714375
J62	15	3	76	41	1.0715148363053613
J63	14	13	10	28	0.9224707230406266
J64	14	12	14	17	1.3590825897030854
\\ Jobs in machine 7
12
J65	15	6	23	85	1.5450104950779082
J66	15	2	75	30	1.3217209626538287
J67	15	8	84	31	0.1
J68	15	11	54	95	0.6748369729485876
J69	13	11	67	9	0.992636353931945
J70	14	12	6	76	0.2748994636120765
J71	14	10	104	16	0.5373123056899152
J72	14	1	41	85	1.1800729881512588
J73	14	2	4	61	0.4527800782543909
J74	16	7	74	63	1.1911980248538208
J75	15	4	20	50	1.646289483780208
J76	15	9	99	77	2.0077155205756108
\\ Jobs in machine 8
11
J77	13	10	41	92	0.6492035363919771
J78	13	6	43	39	1.5766716685259752
J79	14	8	74	32	1.9784512699429788
J80	15	14	79	19	0.6845816058871053
J81	15	8	40	48	1.2979556756333666
J82	15	11	42	8	1.2725982113325145
J83	13	9	89	47	1.7764961763838278
J84	15	3	2	42	1.8788154433652755
J85	13	13	31	54	0.7532233737089512
J86	15	9	15	9	1.3677946590212942
J87	13	4	93	46	1.9317538736484274
\\ Jobs in machine 9
10
J88	13	3	17	89	1.646631860430745
J89	15	2	35	82	0.846126989165153
J90	15	5	38	68	0.8865222500213801
J91	16	4	14	80	1.422055534000987
J92	15	1	109	87	1.1284563945108952
J93	15	12	24	69	0.8398888238595761
J94	15	9	102	15	1.4282566265662815
J95	14	7	68	27	1.361749277866875
J96	16	10	23	13	0.9585714342311679
J97	14	7	44	13	0.12697916648416085
\\ Jobs in machine 10
9
J98	13	6	14	50	1.324688780710776
J99	15	6	3	27	1.874327955031093
J100	16	13	27	73	1.6777110559797768
J101	17	5	90	38	0.6882223800628978
J102	16	10	66	90	0.5805407281518153
J103	14	11	82	39	1.234587722655163
J104	15	6	40	46	2.8100303974524374
J105	15	5	48	25	0.555010712509148
J106	15	2	23	7	1.346539522990873
\\ Jobs in machine 11
11
J107	15	2	77	22	0.9387373968711523
J108	13	9	15	52	1.2580915477186643
J109	13	4	24	33	0.2573782596254174
J110	13	10	61	79	0.6183837032330448
J111	14	2	68	82	0.7919882133466658
J112	14	7	34	15	0.6006173649458694
J113	15	3	85	89	0.928123595347238
J114	14	14	73	30	1.1428657025713684
J115	14	1	101	98	0.6289172901766987
J116	16	1	107	62	1.1482052611312454
J117	16	5	33	69	1.8161213516293637
\\ Jobs in machine 12
11
J118	16	8	5	33	0.777069014841474
J119	14	4	25	78	0.9128983462881868
J120	16	8	37	71	0.5118368652292813
J121	14	11	25	24	1.4720170941238375
J122	14	5	32	70	0.95292078895325
J123	14	6	11	29	0.8065231608788859
J124	16	3	32	49	0.944069261792068
J125	14	10	13	30	1.7386929434616114
J126	14	2	2	22	1.371484339958054
J127	15	7	20	70	1.5183757551582844
J128	14	6	30	94	0.8915532708515481
\\ Jobs in machine 13
12
J129	16	9	66	77	0.9279691552242204
J130	16	6	37	10	0.23289292788032834
J131	15	8	108	94	1.3027122199177772
J132	15	3	39	1	0.4923009922693754
J133	14	4	65	26	1.951428050524593
J134	14	2	6	64	1.494603433253728
J135	15	10	14	89	0.2532074792837119
J136	15	11	30	10	1.1825836871721183
J137	14	2	47	99	0.5702505877649474
J138	13	11	63	85	1.112370973470906
J139	14	10	88	81	1.1298057661117653
J140	15	10	75	20	1.4562090634260518
\\ Jobs in machine 14
13
J141	17	5	7	58	0.1
J142	14	5	82	1	1.784531649944794
J143	14	2	64	28	0.9192407895303971
J144	16	3	37	92	1.283721313770789
J145	14	10	101	65	1.2431358454853065
J146	16	3	86	53	1.2740994497177422
J147	14	3	15	12	1.821161049978272
J148	15	1	68	45	1.7741393093139055
J149	13	14	18	13	2.210450030080333
J150	15	12	74	50	1.701929810041342
J151	15	11	65	27	0.5477221204676583
J152	14	10	5	7	1.7903331616848552
J153	14	11	50	18	0.8412602804545066
\\ Jobs in machine 15
12
J154	14	2	93	50	1.7440371092650189
J155	16	10	38	95	1.6256039644681772
J156	16	13	64	55	0.9223108449172364
J157	16	4	48	91	1.3577202291362835
J158	15	8	9	98	0.7119187026642342
J159	14	1	34	61	1.2527895432248248
J160	16	8	110	62	1.407243861641149
J161	13	6	104	87	1.5444538864878878
J162	15	6	37	82	1.1012336438668284
J163	16	2	37	67	1.8515297932047967
J164	14	1	70	57	1.1064115707361615
J165	14	13	79	81	1.646649683209497
\\ Jobs in machine 16
12
J166	15	10	61	70	1.185687252926063
J167	16	3	85	66	0.6585974352899788
J168	14	7	54	22	1.3765549747388484
J169	17	12	102	50	1.8804252487059685
J170	14	9	22	51	1.5843196749143216
J171	15	5	49	56	1.4702610537770955
J172	15	7	97	29	1.9956072647792902
J173	12	9	50	64	1.839926753050117
J174	15	1	34	83	1.1534124116937574
J175	14	4	79	62	0.6722836207196974
J176	15	9	73	58	1.0459241081242767
J177	14	6	59	64	1.005858862266543
\\ Jobs in machine 17
11
J178	15	13	18	49	1.7622318412846538
J179	14	11	108	22	0.19506560193945321
J180	15	14	101	67	0.7444469044801755
J181	14	9	28	25	1.3539457726869049
J182	16	12	66	88	0.7024842442575459
J183	15	3	7	42	0.6041928661713093
J184	15	2	76	39	1.8425691365429036
J185	14	6	32	95	1.433965295352505
J186	14	14	41	36	0.7882616181730224
J187	15	11	92	92	1.0062840125340096
J188	13	3	104	47	1.4012755538663457
\\ Jobs in machine 18
11
J189	15	14	47	63	1.4061871256585925
J190	15	9	56	48	1.8139247420876043
J191	15	13	102	29	1.1306410749743003
J192	16	14	11	53	1.6123216634751951
J193	15	2	6	47	1.7040920323456465
J194	15	5	34	41	1.6413349389948975
J195	13	9	78	22	1.712627846921203
J196	13	5	92	48	0.8342560221662038
J197	15	4	49	23	1.9247174108252219
J198	14	10	7	19	0.8655559423031414
J199	14	1	4	14	0.7223092952293633
\\ Jobs in machine 19
10
J200	15	1	89	44	1.4196661733236238
J201	15	3	101	91	1.0692513826725452
J202	15	5	22	75	0.24220587747997135
J203	15	14	50	6	0.6767371604114111
J204	14	11	106	77	0.9313667745794216
J205	14	6	49	33	1.058527745895751
J206	15	1	5	77	0.8972037372793967
J207	16	3	69	20	0.6358118574532348
J208	15	4	80	65	0.9675939483851571
J209	16	5	41	27	1.3607625817196956
\\ Jobs in machine 20
11
J210	15	10	72	14	1.4274108611225924
J211	14	6	99	77	0.1291488786255237
J212	15	9	19	82	1.0126131830953267
J213	13	3	31	7	1.3698205958202019
J214	15	6	57	51	0.7803506033042983
J215	14	3	26	19	1.117343734453895
J216	16	10	12	29	1.5115701228494387
J217	13	8	41	98	2.213157621033865
J218	15	14	87	55	1.9544610084339036
J219	15	5	61	9	1.6623806735241757
J220	15	2	34	44	0.1
\\ Dependencies 
904
1	2
1	3
1	7
1	8
1	9
1	10
2	3
2	4
2	6
2	7
2	9
2	10
3	4
3	5
3	6
3	7
3	9
4	5
4	6
4	7
4	8
4	9
4	10
5	6
5	7
5	8
5	9
5	10
6	7
6	8
6	9
6	10
7	9
7	10
8	9
8	10
9	10
11	13
11	16
11	17
11	18
11	19
11	20
12	13
12	18
12	19
12	20
12	21
12	22
13	14
13	15
13	16
13	18
13	19
13	20
13	21
13	22
14	16
14	19
14	20
14	21
14	22
15	16
15	17
15	18
15	19
15	20
15	21
15	22
16	17
16	18
16	19
16	21
16	22
17	18
17	19
17	20
17	22
18	19
18	20
18	21
18	22
19	20
19	21
20	21
20	22
21	22
23	25
23	27
23	29
23	30
23	31
23	32
24	25
24	26
24	28
24	29
24	30
24	32
24	33
25	26
25	28
25	29
25	31
25	32
25	33
25	34
25	35
26	27
26	29
26	30
26	32
26	35
27	28
27	30
27	31
27	32
27	33
27	35
28	29
28	30
28	32
28	33
28	35
29	30
29	31
29	32
29	33
29	34
29	35
30	31
30	32
30	33
30	34
30	35
31	32
31	34
31	35
32	33
32	34
32	35
33	34
33	35
36	38
36	39
36	40
36	41
36	42
36	44
37	38
37	39
37	43
37	44
38	39
38	40
38	41
38	42
38	43
38	44
39	40
39	41
39	42
39	43
40	42
40	43
40	44
41	42
41	43
41	44
42	43
42	44
43	44
45	46
45	47
45	48
45	49
45	50
45	51
45	52
45	53
45	54
46	47
46	48
46	50
46	51
46	53
46	54
47	48
47	49
47	50
47	52
47	53
47	54
48	49
48	50
48	51
48	53
48	54
49	50
49	51
49	53
50	51
50	52
50	53
51	52
51	53
51	54
52	53
52	54
53	54
55	56
55	58
55	60
55	61
55	62
55	63
55	64
56	57
56	61
56	62
56	63
56	64
57	58
57	59
57	60
57	61
57	62
57	63
58	59
58	60
58	61
58	62
58	63
58	64
59	60
59	61
59	62
59	63
59	64
60	61
60	62
60	63
60	64
61	62
61	63
61	64
62	63
62	64
63	64
65	66
65	67
65	68
65	69
65	70
65	71
65	72
65	74
65	75
65	76
66	68
66	70
66	71
66	72
66	74
66	75
66	76
67	68
67	69
67	70
67	71
67	72
67	73
67	74
67	76
68	69
68	70
68	71
68	72
68	73
68	74
69	70
69	71
69	73
69	74
69	75
69	76
70	71
70	73
70	74
70	75
70	76
71	72
71	73
71	74
71	75
71	76
72	73
73	74
73	76
74	75
75	76
77	78
77	79
77	81
77	82
77	83
77	86
77	87
78	80
78	81
78	82
78	83
78	84
78	85
78	86
79	80
79	84
79	85
79	86
79	87
80	81
80	82
80	83
80	84
80	86
80	87
81	82
81	83
81	84
81	85
81	86
82	83
82	84
82	85
82	86
82	87
83	84
83	85
83	86
83	87
84	85
84	86
85	86
85	87
86	87
88	89
88	90
88	91
88	92
88	93
88	94
88	96
88	97
89	90
89	91
89	93
89	94
89	95
89	96
89	97
90	91
90	92
90	93
90	95
90	97
91	92
91	94
91	95
91	96
91	97
92	93
92	94
92	95
92	96
92	97
93	95
93	96
93	97
94	95
94	96
94	97
95	96
95	97
96	97
98	99
98	101
98	102
98	103
98	104
98	106
99	100
99	101
99	102
99	103
99	104
99	105
99	106
100	101
100	102
100	104
100	105
100	106
101	102
101	103
101	104
101	105
101	106
102	106
103	104
103	105
104	106
105	106
107	108
107	109
107	110
107	111
107	112
107	113
107	114
107	115
107	116
107	117
108	109
108	110
108	112
108	113
108	115
108	116
108	117
109	110
109	111
109	112
109	113
109	114
109	115
109	117
110	111
110	113
110	114
110	116
110	117
111	112
111	114
111	115
111	116
112	113
112	114
112	115
112	117
113	114
113	115
113	117
114	115
114	116
114	117
115	116
115	117
116	117
118	121
118	122
118	124
118	125
118	126
118	127
118	128
119	120
119	121
119	123
119	124
119	126
119	128
120	121
120	123
120	124
120	126
120	127
120	128
121	122
121	123
121	124
121	125
121	126
121	127
121	128
122	123
122	124
122	125
122	127
123	124
123	125
123	126
123	128
124	126
124	127
124	128
125	126
125	127
125	128
126	127
127	128
129	130
129	131
129	134
129	135
129	136
129	137
129	138
129	139
129	140
130	131
130	132
130	133
130	134
130	135
130	136
130	137
130	138
130	140
131	133
131	134
131	135
131	136
131	137
131	138
131	140
132	133
132	134
132	135
132	136
132	137
132	138
132	139
132	140
133	134
133	135
133	136
133	139
134	135
134	137
134	138
134	139
135	137
135	138
135	139
135	140
136	137
136	138
137	138
137	139
137	140
138	139
138	140
139	140
141	142
141	143
141	144
141	145
141	146
141	147
141	148
141	149
141	152
141	153
142	143
142	144
142	145
142	146
142	147
142	148
142	149
142	150
142	151
142	153
143	144
143	145
143	146
143	147
143	148
143	149
143	150
143	151
143	152
143	153
144	145
144	146
144	147
144	148
144	150
144	151
144	152
144	153
145	146
145	147
145	148
145	152
145	153
146	147
146	148
146	149
146	150
146	151
146	152
146	153
147	148
147	149
147	150
147	152
147	153
148	149
148	150
148	151
148	153
149	150
149	151
149	152
149	153
150	151
150	152
150	153
151	152
151	153
152	153
154	155
154	157
154	158
154	159
154	160
154	161
154	162
154	163
154	164
154	165
155	156
155	158
155	159
155	160
155	161
155	162
155	163
155	164
156	157
156	158
156	159
156	160
156	162
156	163
156	164
156	165
157	158
157	159
157	160
157	162
157	164
157	165
158	159
158	161
158	162
158	163
158	164
158	165
159	161
159	162
159	163
159	164
159	165
160	161
160	163
160	164
160	165
161	163
161	165
162	163
162	164
162	165
163	164
163	165
164	165
166	167
166	168
166	169
166	170
166	171
166	172
166	173
166	175
166	176
166	177
167	168
167	169
167	171
167	172
167	174
167	176
167	177
168	169
168	170
168	171
168	174
168	176
168	177
169	170
169	171
169	172
169	173
169	174
169	175
169	177
170	171
170	172
170	173
170	174
170	175
170	176
170	177
171	172
171	173
171	174
171	176
171	177
172	173
172	176
172	177
173	174
173	175
173	176
174	175
174	176
175	177
176	177
178	179
178	180
178	181
178	182
178	183
178	184
178	185
178	186
178	187
179	180
179	181
179	182
179	183
179	184
179	185
179	186
179	187
180	181
180	183
180	184
180	185
180	186
180	187
180	188
181	182
181	183
181	185
181	186
181	188
182	183
182	184
182	185
182	187
182	188
183	184
183	185
183	186
183	188
184	185
184	186
184	187
185	186
185	187
185	188
186	187
186	188
189	192
189	193
189	194
189	195
189	196
189	198
189	199
190	191
190	192
190	193
190	194
190	195
190	196
190	197
191	192
191	193
191	194
191	195
191	198
191	199
192	194
192	195
192	196
192	197
192	198
192	199
193	194
193	195
193	196
193	197
193	198
193	199
194	195
194	196
194	198
194	199
195	196
195	198
195	199
196	197
196	198
196	199
197	198
197	199
198	199
200	201
200	202
200	203
200	204
200	205
200	206
200	207
200	208
200	209
201	202
201	203
201	204
201	205
201	206
201	207
201	208
202	204
202	205
202	206
202	207
202	208
202	209
203	205
203	206
203	207
203	208
203	209
204	205
204	206
204	207
204	208
205	206
206	207
206	208
206	209
207	208
207	209
208	209
210	211
210	212
210	213
210	215
210	217
210	218
210	219
210	220
211	212
211	213
211	214
211	215
211	216
211	217
211	218
211	219
211	220
212	213
212	215
212	216
212	218
212	219
212	220
213	214
213	215
213	216
213	219
213	220
214	215
214	216
214	217
214	218
214	219
214	220
215	216
215	217
215	219
216	217
216	218
216	219
216	220
217	218
217	219
217	220
218	219
219	220
