\\ machines
7
\\ max power
70
\\ Jobs in machine 1
11
J1	15	9	85	29	2.036145072567793
J2	15	9	54	13	1.7785483678327458
J3	15	12	29	12	1.8973573501802
J4	14	14	71	44	1.7281872148903317
J5	16	10	37	21	1.026853337992665
J6	15	3	78	28	1.9103144762144864
J7	14	9	56	27	1.047992310991987
J8	15	12	9	20	1.1141141016451233
J9	15	6	38	5	1.8385461186600072
J10	15	12	52	51	0.2178926792619108
J11	13	9	54	42	1.5807885154191235
\\ Jobs in machine 2
12
J12	15	8	73	44	0.6881119372443445
J13	16	2	35	1	0.9965992144296147
J14	15	12	88	44	0.43938635585474695
J15	16	7	6	13	1.5674191834544542
J16	13	2	24	17	1.3627537864240427
J17	14	6	62	14	1.7040040915683745
J18	13	2	40	41	0.17487884106924634
J19	16	5	46	20	0.8860200061850627
J20	13	9	41	3	1.440051608229862
J21	15	7	56	20	0.8004749785510558
J22	13	11	9	34	0.8898624672925224
J23	15	10	72	5	0.4229184928944446
\\ Jobs in machine 3
11
J24	15	3	62	38	0.8551388079270826
J25	13	5	9	13	1.4369004728100618
J26	14	1	17	15	1.660336954052725
J27	13	5	48	33	1.4635658484487033
J28	14	2	35	21	0.9719835165765301
J29	14	6	6	17	0.4251955046232513
J30	14	3	83	25	1.7034255400483715
J31	15	8	71	42	1.3829997104419824
J32	14	10	108	8	0.8386007633330754
J33	16	6	74	1	1.469526446623501
J34	15	9	78	52	1.3491420519845145
\\ Jobs in machine 4
10
J35	14	10	3	1	1.0243017256703706
J36	14	8	51	50	1.5537545691509618
J37	14	13	16	14	1.2597611243665374
J38	14	7	77	48	2.143888430285429
J39	14	6	73	52	1.3491955093353678
J40	14	12	15	29	1.0909680811514648
J41	15	7	50	7	1.2629750244991351
J42	14	14	9	1	0.8687897543590671
J43	15	12	27	47	0.9798861892146054
J44	15	9	87	25	0.8753163300647367
\\ Jobs in machine 5
11
J45	15	13	100	49	0.5057511158002768
J46	15	14	14	34	1.129737531365327
J47	13	1	91	26	0.4592628295737373
J48	14	9	68	15	1.7879480720560248
J49	14	7	24	44	1.3832465247386208
J50	16	6	25	38	0.4698629021891817
J51	15	6	43	13	0.7951319880595002
J52	15	10	97	14	1.7912377042863386
J53	16	2	83	48	1.269549756384888
J54	15	11	46	37	1.4058006758866455
J55	15	11	104	24	0.7099533394015338
\\ Jobs in machine 6
12
J56	14	8	18	19	1.398910938965186
J57	14	14	70	52	1.6241631535608594
J58	14	4	2	26	0.1
J59	13	13	61	51	0.44767806365684326
J60	15	7	27	16	1.1783460725274304
J61	15	6	60	28	0.38403206541026436
J62	14	14	108	27	0.1
J63	15	7	22	2	0.4365809724413794
J64	11	2	82	21	1.5051048245527534
J65	14	4	12	16	0.633621383632526
J66	17	9	21	35	1.1044077415764253
J67	14	4	27	20	0.7941775458014333
\\ Jobs in machine 7
10
J68	16	13	26	46	1.5808801307953826
J69	15	11	90	8	1.9265550475228101
J70	15	10	14	23	1.6492942457576305
J71	15	3	85	52	1.181340566453498
J72	15	11	7	2	1.7344810053352542
J73	15	12	45	30	1.465931702641235
J74	14	13	98	8	1.1507617848038845
J75	13	9	92	40	1.1705070978519745
J76	15	10	102	20	0.5610960552695441
J77	14	4	10	51	1.0505306535863062
\\ Dependencies 
228
1	2
1	3
1	5
1	6
1	9
1	10
1	11
2	3
2	5
2	6
2	7
2	9
2	10
3	5
3	8
3	9
3	10
3	11
4	5
4	6
4	7
4	9
5	6
5	7
5	10
5	11
6	7
6	9
6	10
7	10
8	9
8	10
8	11
9	11
10	11
12	16
12	18
12	20
12	22
12	23
13	14
13	15
13	17
13	20
13	21
14	15
14	16
14	18
14	19
14	20
14	22
15	17
15	19
15	20
15	21
15	23
16	18
16	22
16	23
17	18
17	22
17	23
18	19
18	21
18	22
18	23
19	20
19	21
19	22
20	21
20	22
20	23
21	22
21	23
22	23
24	25
24	28
24	29
24	30
24	33
24	34
25	26
25	27
25	28
25	30
25	31
25	33
25	34
26	27
26	29
26	30
26	31
26	33
27	31
27	32
27	33
28	32
29	30
29	31
29	34
30	32
30	33
31	34
33	34
35	36
35	37
35	38
35	39
35	42
35	43
36	37
36	39
36	40
36	42
36	44
37	39
37	40
37	41
37	43
37	44
38	40
38	44
39	40
39	42
39	43
40	41
40	42
40	43
41	42
41	44
42	43
43	44
45	47
45	50
45	51
45	52
45	53
45	54
45	55
46	47
46	48
46	52
46	53
46	54
47	48
47	50
47	51
47	52
47	53
47	54
48	54
49	50
49	51
49	52
49	53
49	54
50	52
51	52
51	53
53	54
53	55
54	55
56	57
56	58
56	62
56	64
57	58
57	59
57	61
57	63
57	64
57	66
58	60
58	61
58	64
58	65
58	66
59	60
59	61
59	62
59	63
59	64
59	65
59	66
60	63
60	66
60	67
61	62
61	64
61	67
62	63
62	64
62	66
63	64
63	67
64	65
64	67
65	66
66	67
68	69
68	70
68	71
68	72
68	73
68	76
68	77
69	71
69	74
69	77
70	74
70	75
70	76
71	73
71	74
71	76
71	77
72	73
72	75
73	74
73	75
73	76
73	77
74	75
74	76
74	77
75	76
75	77
76	77
