\\ machines
6
\\ max power
60
\\ Jobs in machine 1
12
J1	13	3	22	5	1.072439568690573
J2	14	9	85	34	0.45590753476386914
J3	15	9	62	12	1.7559354965721439
J4	16	11	14	22	1.305795778308916
J5	15	1	78	37	1.3915824698062265
J6	17	1	78	32	0.3684106647396045
J7	16	7	104	21	2.3458923318925082
J8	14	11	99	29	1.1619431800323425
J9	16	10	74	43	1.4940838702711206
J10	14	12	64	24	1.1493699394389103
J11	15	1	31	12	1.010167847116884
J12	16	13	96	44	0.5396679350330478
\\ Jobs in machine 2
11
J13	15	8	56	38	0.3941033928877531
J14	16	13	43	18	0.9654280176542839
J15	15	13	68	22	1.7238925036756454
J16	17	3	2	28	1.1629556395075453
J17	15	11	70	15	1.107583065172684
J18	14	10	61	14	1.2253933055108897
J19	15	12	17	7	1.485654229801408
J20	13	7	59	2	0.7926939330493163
J21	14	12	3	31	0.4542087550632459
J22	14	3	59	23	0.6900898063375985
J23	17	7	98	2	1.320872342543094
\\ Jobs in machine 3
11
J24	16	3	105	45	1.0056610241527995
J25	14	9	64	4	1.8127146684596287
J26	14	8	91	44	1.356405754755628
J27	14	10	24	36	1.381677415443033
J28	14	10	25	10	1.2071057691640843
J29	15	6	52	3	1.1279725118878559
J30	16	2	62	27	1.101973191548977
J31	15	5	70	38	1.6941480780821423
J32	15	10	49	42	1.2546909139093207
J33	14	6	14	14	1.7979951876504094
J34	14	3	64	18	1.3972862345827395
\\ Jobs in machine 4
11
J35	15	14	17	27	1.1469550422182755
J36	15	1	68	2	2.2132224278570285
J37	14	7	48	42	1.0694814801800216
J38	16	8	81	42	1.3734669850137669
J39	14	9	32	31	0.9840538213977736
J40	15	13	94	18	1.3595742678955236
J41	14	9	40	10	1.8671734444796773
J42	13	8	27	5	0.7039439470274746
J43	15	9	50	1	0.9446884574626278
J44	14	8	32	41	0.7073890575602205
J45	14	4	76	18	0.7874101165831113
\\ Jobs in machine 5
11
J46	16	7	44	14	1.3901925054528037
J47	15	10	5	8	1.008714509657455
J48	17	5	63	30	0.6083576870415692
J49	13	3	95	13	1.8830329138899307
J50	12	14	75	38	0.5171184869775032
J51	15	1	10	19	0.5998042007510882
J52	14	11	78	28	0.8154117876391191
J53	15	11	98	30	1.0630465212299753
J54	14	11	17	12	0.9011474118694107
J55	14	9	65	5	1.652927682350587
J56	14	5	35	4	1.2257843089623828
\\ Jobs in machine 6
9
J57	14	13	88	34	0.8442315757610209
J58	15	14	27	30	1.8305373981755904
J59	14	5	33	6	1.121138929196714
J60	14	5	16	20	1.5486642421215442
J61	15	8	24	31	1.323468037927081
J62	15	14	14	35	2.518866672586845
J63	15	11	25	19	1.2134708166399844
J64	13	10	75	32	1.5386518934353117
J65	14	11	85	42	1.1980297922876475
\\ Dependencies 
28
1	12
2	10
3	6
4	5
5	8
5	9
9	10
11	12
15	18
16	22
17	19
17	23
18	22
25	28
26	30
28	29
31	32
35	39
36	37
38	45
39	44
47	52
48	52
48	54
48	56
49	56
57	65
60	63
