\\ machines
9
\\ max power
90
\\ Jobs in machine 1
10
J1	15	11	88	1	0.6092709579941191
J2	16	3	103	2	0.18177395320312373
J3	17	13	61	10	1.148335830040307
J4	16	5	6	16	1.3959749123385468
J5	15	2	98	5	1.9912330336280677
J6	16	12	67	12	0.8501530593036305
J7	13	4	2	17	0.8038833375909826
J8	14	6	44	13	2.0506412721047584
J9	14	11	34	7	1.3749144071679786
J10	14	2	48	4	1.2883910802544674
\\ Jobs in machine 2
10
J11	16	13	108	13	1.4807321854627686
J12	14	12	59	21	0.3072279689140912
J13	15	14	110	7	1.5455055233003279
J14	13	8	66	12	2.218245627718841
J15	14	5	11	8	2.2005323263297334
J16	16	12	90	14	1.8063157019943814
J17	15	2	16	18	0.5421733119980261
J18	15	2	55	3	1.127743775967302
J19	13	7	9	2	1.0646301879363103
J20	15	11	23	17	1.19286338780258
\\ Jobs in machine 3
11
J21	14	2	109	18	0.5195944098394675
J22	15	14	28	14	0.7413545043734662
J23	14	3	76	7	1.8932650600113123
J24	14	11	84	10	1.4595590814588115
J25	17	9	103	2	0.6336308525979251
J26	14	7	16	5	1.5469788244384488
J27	13	6	71	17	1.5993163736832796
J28	13	4	2	1	1.3206761632918251
J29	15	8	82	2	1.026063851617043
J30	14	11	34	22	1.3229361177846986
J31	16	13	32	6	1.167879825710894
\\ Jobs in machine 4
13
J32	16	12	63	10	1.3507168961626437
J33	15	8	53	1	1.4695954255294024
J34	13	11	38	10	0.1
J35	13	14	3	4	1.1993680280541847
J36	14	11	93	2	1.9120400971787603
J37	15	6	49	2	1.1477792890655178
J38	14	11	80	5	1.555029548643334
J39	14	6	42	11	0.2756921151597024
J40	14	9	88	13	1.4013635480194748
J41	15	6	106	8	1.264498756331017
J42	15	5	31	15	0.1
J43	14	14	102	3	1.1159161945669045
J44	16	14	54	20	1.9649595610859318
\\ Jobs in machine 5
10
J45	14	1	3	2	2.3063630580516623
J46	15	11	100	9	1.0078467739997663
J47	15	7	4	17	0.1
J48	15	9	7	22	1.1870307536114366
J49	14	2	24	10	1.0448398195820023
J50	16	10	69	19	0.8821602814430152
J51	14	9	66	10	0.5979211075428995
J52	13	8	29	4	1.501795385689424
J53	14	5	35	1	0.2658427177611741
J54	15	13	45	22	1.0289981952736929
\\ Jobs in machine 6
11
J55	14	3	16	21	1.5518883996951076
J56	16	4	32	2	1.0068233259591592
J57	14	2	75	9	1.8391538727678223
J58	14	3	15	17	0.5961520985937967
J59	14	6	33	3	2.2403248805451037
J60	15	6	39	10	1.266715087027693
J61	15	6	66	15	0.20583460814194288
J62	14	13	31	15	0.44742682452686733
J63	14	8	72	4	1.5843646424322404
J64	15	10	5	17	1.0767325237237306
J65	15	10	26	3	0.7700549906761508
\\ Jobs in machine 7
10
J66	14	8	37	1	1.1182059249223903
J67	14	12	106	2	0.7169754740588627
J68	15	8	61	15	0.9902522481049049
J69	14	13	107	21	0.7073707420371433
J70	14	6	43	20	1.3640063784372713
J71	16	11	40	13	1.00157735767382
J72	14	5	28	16	1.3796222714873092
J73	13	1	11	19	1.0699796553350511
J74	15	3	43	10	0.6664204651482228
J75	15	10	47	5	0.44207525418354565
\\ Jobs in machine 8
12
J76	14	1	57	6	0.5409384270958075
J77	14	5	26	12	1.1435888055254209
J78	14	10	45	8	0.9182980948119903
J79	14	1	109	9	1.3662752073056668
J80	16	8	35	15	1.4488059631671182
J81	16	7	42	10	1.2463242461777126
J82	12	13	75	10	0.879744465315693
J83	14	5	29	5	1.0635806435679578
J84	13	3	73	2	0.6537933886316354
J85	15	4	61	17	1.4740549443867195
J86	15	4	100	9	1.1429788621059755
J87	15	11	35	12	2.2244219705224184
\\ Jobs in machine 9
11
J88	13	4	43	6	1.3767153258033784
J89	15	11	29	21	1.465612440002937
J90	15	10	34	16	1.18999753675417
J91	15	11	77	15	1.3580242974675865
J92	16	3	19	17	1.112987417552007
J93	15	7	27	11	0.670311663381974
J94	16	14	5	6	1.0518854430777256
J95	15	1	24	17	1.613598935145922
J96	14	2	99	19	1.7257416326024395
J97	15	1	83	16	1.4244128839440995
J98	15	14	9	19	1.3776242273665331
\\ Dependencies 
348
1	5
1	7
1	9
2	3
2	4
2	5
2	6
2	8
2	9
3	4
3	5
3	6
3	7
3	9
3	10
4	5
4	6
4	8
4	9
4	10
5	6
5	8
5	9
6	7
6	9
6	10
7	8
7	9
8	10
9	10
11	12
11	13
11	15
11	16
11	17
11	18
11	19
11	20
12	16
12	17
12	18
12	19
12	20
13	14
13	15
13	16
13	17
13	19
14	15
14	18
14	19
14	20
15	17
15	18
15	20
16	17
16	18
16	19
17	19
17	20
18	20
19	20
21	23
21	24
21	25
21	26
21	27
21	28
21	30
21	31
22	23
22	24
22	25
22	26
22	27
22	28
22	29
22	30
23	24
23	25
23	27
23	28
23	31
24	25
24	26
24	27
24	28
24	29
24	30
24	31
25	30
25	31
26	27
26	28
26	29
26	30
27	28
27	29
27	31
28	29
28	30
28	31
29	30
29	31
32	33
32	36
32	38
32	41
32	42
32	43
32	44
33	34
33	35
33	36
33	37
33	38
33	39
33	42
33	43
33	44
34	36
34	37
34	38
34	42
34	43
34	44
35	36
35	37
35	38
35	39
35	41
35	43
36	37
36	38
36	39
36	41
36	43
37	40
37	42
37	43
37	44
38	39
38	40
38	42
38	43
38	44
39	42
39	43
39	44
40	41
40	42
40	43
40	44
41	42
41	43
41	44
42	43
43	44
45	46
45	47
45	48
45	49
45	50
45	51
45	52
45	53
46	47
46	49
46	51
46	53
46	54
47	51
47	52
47	53
47	54
48	49
48	50
48	52
48	53
48	54
49	50
49	51
49	52
49	53
50	53
50	54
51	52
51	53
51	54
52	53
55	56
55	57
55	58
55	59
55	60
55	61
55	65
56	58
56	59
56	61
56	62
56	63
56	64
56	65
57	60
57	63
57	64
57	65
58	59
58	60
58	61
58	62
58	64
59	61
59	62
59	63
59	65
60	61
60	63
60	64
60	65
61	63
61	64
61	65
62	63
62	64
62	65
63	64
63	65
64	65
66	67
66	68
66	69
66	70
66	73
66	75
67	69
67	71
67	72
67	73
67	74
67	75
68	70
68	72
68	75
69	70
69	71
69	72
69	73
69	75
70	72
70	73
70	75
71	72
71	73
71	74
71	75
72	73
72	74
72	75
73	75
74	75
76	77
76	78
76	80
76	81
76	82
76	83
76	84
76	85
76	87
77	78
77	81
77	84
77	85
77	87
78	79
78	80
78	81
78	84
78	85
78	86
78	87
79	80
79	81
79	83
79	85
79	86
79	87
80	81
80	82
80	83
80	84
80	86
80	87
81	82
81	83
81	84
81	85
81	86
82	83
82	84
82	85
82	86
82	87
83	84
83	85
83	87
84	86
84	87
85	86
85	87
86	87
88	90
88	92
88	93
88	94
88	95
88	96
88	97
88	98
89	92
89	94
89	95
89	96
89	98
90	92
90	93
90	96
90	97
90	98
91	92
91	93
91	95
92	93
92	94
92	95
92	97
93	96
93	97
93	98
94	96
94	97
94	98
95	96
95	97
95	98
96	97
