\\ machines
20
\\ max power
200
\\ Jobs in machine 1
11
J1	14	7	106	72	0.6499888559713526
J2	15	4	40	35	2.09030939466785
J3	14	4	77	20	2.10567257419802
J4	15	6	41	92	0.7835461705611626
J5	14	8	33	55	0.8996826055076753
J6	14	6	78	24	0.6647603143656217
J7	13	3	44	19	1.2864057426228095
J8	15	11	107	1	1.5483683359107379
J9	15	13	83	75	1.7038276414148905
J10	14	9	60	32	1.8951645746051908
J11	15	12	14	72	1.0637512384916326
\\ Jobs in machine 2
10
J12	15	2	22	53	0.9810879243957609
J13	15	5	18	26	0.7832027335815882
J14	14	1	37	4	1.4271305806554344
J15	14	2	66	69	1.696496314430137
J16	16	6	46	68	1.2538143993569124
J17	16	3	87	22	1.6828558596615888
J18	14	9	98	86	1.4642872380878265
J19	17	6	81	40	1.7330251704187267
J20	15	6	14	18	1.4009063052777628
J21	15	11	50	60	0.9527667928399068
\\ Jobs in machine 3
12
J22	15	6	6	89	1.3362124378440985
J23	15	6	41	4	2.5727731462490233
J24	15	6	4	33	1.40241472175696
J25	13	4	96	70	0.6993782240453065
J26	15	3	93	17	1.3375462718651636
J27	14	4	23	76	1.3988315170609547
J28	14	12	78	7	0.9955910511243699
J29	15	9	68	9	1.039442994217471
J30	16	1	53	37	0.5751272381520289
J31	14	1	11	99	0.9245476041185561
J32	14	6	59	21	1.4071095647838003
J33	14	10	39	26	1.5113767504749962
\\ Jobs in machine 4
9
J34	15	6	30	50	0.3998395988721586
J35	13	8	84	57	0.8277394357612522
J36	13	3	92	86	1.4967504985684155
J37	16	8	25	14	0.7054337314872566
J38	15	13	50	85	1.3347294602149686
J39	15	5	17	26	1.1360412273121419
J40	15	6	78	58	1.4254905879417799
J41	14	3	22	78	1.6726088094468616
J42	16	8	66	44	0.75229306436322
\\ Jobs in machine 5
12
J43	15	14	6	35	0.24639564857951257
J44	14	4	3	26	0.8606598038254565
J45	15	3	101	62	0.333402687495872
J46	15	4	81	87	2.00407591856554
J47	15	13	17	59	0.854953015358883
J48	13	12	68	44	1.2848757834656745
J49	14	5	81	18	1.220106097079003
J50	15	7	93	26	0.42271815980797633
J51	15	5	81	51	0.6771127366878816
J52	14	8	43	34	1.3556255269521713
J53	16	14	4	80	0.5053092834024473
J54	15	8	74	35	1.9251622415420617
\\ Jobs in machine 6
11
J55	15	11	42	19	1.7906979202607087
J56	14	11	26	15	1.293242315721801
J57	15	9	92	57	1.2570035063670393
J58	15	6	19	73	0.3551348017611704
J59	15	12	47	63	1.0872407663143924
J60	16	11	91	47	1.69052238075819
J61	16	13	89	62	0.6405604528861215
J62	16	4	95	41	1.722480414703935
J63	15	13	99	5	1.1803610081125802
J64	16	12	24	75	1.3895889296674593
J65	16	10	53	60	1.6680864386437078
\\ Jobs in machine 7
11
J66	16	11	24	88	0.6739421158648244
J67	14	12	36	33	0.8340991895822927
J68	15	13	3	94	1.2375819797642624
J69	15	9	23	51	0.9946357994597266
J70	15	8	73	60	1.179298095365595
J71	15	12	39	14	1.9449600367433022
J72	14	3	13	14	1.3029523094062259
J73	13	9	41	6	1.5262882785482768
J74	15	9	97	14	1.2882023749362346
J75	14	13	106	7	1.5641467305109076
J76	14	1	19	61	0.706996272307678
\\ Jobs in machine 8
12
J77	14	2	107	72	1.696470405404829
J78	13	8	69	59	0.7744021475101315
J79	14	5	11	33	0.5673773072039825
J80	15	7	10	31	0.7707590314301548
J81	15	3	106	73	1.6294859023355652
J82	15	1	77	67	0.9797373788359962
J83	14	14	54	98	1.5619855369434978
J84	13	13	107	90	1.778192567585298
J85	15	11	96	18	0.302357440538901
J86	16	13	64	43	1.5200117194968064
J87	14	12	70	49	1.0908947860273406
J88	15	8	87	35	0.5902154239780196
\\ Jobs in machine 9
10
J89	14	2	40	13	0.9089272271936323
J90	13	5	86	91	0.9412126959658962
J91	16	5	91	22	0.6776739621117264
J92	14	1	32	31	1.6969146673160904
J93	15	1	99	22	1.4981540941768807
J94	15	12	10	6	1.3872969081706035
J95	15	2	44	55	1.9334916964399764
J96	15	5	84	78	1.2659262066870378
J97	15	10	84	22	1.3814322940324155
J98	15	3	93	36	1.7467449159409651
\\ Jobs in machine 10
10
J99	15	6	25	22	1.0640703282988828
J100	14	11	13	66	1.4085395322923129
J101	14	7	84	63	0.5563382342128518
J102	14	9	93	11	0.8658160360259552
J103	12	8	44	53	1.5934155640902632
J104	14	13	55	74	1.651365837093047
J105	15	2	29	91	2.080480228031523
J106	16	5	6	12	0.8193146965631077
J107	13	3	64	70	1.420546539996556
J108	14	1	92	4	2.127289918203778
\\ Jobs in machine 11
11
J109	14	1	15	74	1.5852876542942784
J110	14	7	88	97	1.171555502829904
J111	13	6	75	18	0.9011949052497805
J112	14	11	108	80	1.3790339117695165
J113	15	4	36	98	1.0464559378549165
J114	14	12	105	91	0.499063568999373
J115	15	6	54	76	1.3563704478480876
J116	16	9	102	29	0.8195704342568575
J117	14	1	44	72	1.2931685629463079
J118	14	10	83	32	1.7215906004118144
J119	13	13	108	20	1.565154152618888
\\ Jobs in machine 12
10
J120	16	6	44	100	1.4967567296524942
J121	15	8	109	55	0.7333513515208864
J122	14	10	45	12	1.110620884920174
J123	12	14	22	41	2.1803132172167645
J124	13	1	65	33	1.3010498701514233
J125	16	13	42	89	1.0271831261924482
J126	15	1	106	100	1.8399267278070126
J127	12	10	105	76	2.173283384221678
J128	13	3	14	85	1.135338574750038
J129	14	5	16	71	0.8208755536520842
\\ Jobs in machine 13
11
J130	15	2	54	54	1.407786903869104
J131	13	3	71	49	0.643959551827876
J132	15	2	16	66	1.7053283149712097
J133	15	8	71	93	2.3304561246218807
J134	12	13	34	96	1.135507202789383
J135	14	12	26	43	1.5270235725954415
J136	16	8	71	3	1.7800775077181505
J137	13	1	16	8	2.021596501212147
J138	13	10	103	76	2.2162160341883332
J139	15	13	43	93	0.850729527147295
J140	13	1	37	91	1.8815166362297497
\\ Jobs in machine 14
10
J141	14	12	27	45	0.683537280645358
J142	17	12	18	10	0.8818159023141904
J143	13	2	68	64	1.1248514803744847
J144	13	11	85	45	2.1996805181059416
J145	15	5	110	55	1.7247164066978469
J146	15	6	52	36	0.25684153685541034
J147	14	3	81	22	1.5182155785649782
J148	15	9	42	73	0.5327463346175123
J149	13	5	97	16	1.024183691083135
J150	12	14	52	64	1.283470453016672
\\ Jobs in machine 15
12
J151	15	7	55	24	2.043553548284725
J152	14	13	93	88	1.0998788695023507
J153	14	6	90	3	2.5019204916430824
J154	14	5	74	9	1.487476974776252
J155	14	9	55	60	1.0649798325112445
J156	13	11	65	75	1.2812446461376799
J157	13	11	64	57	0.41690256014426363
J158	15	2	86	5	0.8078386633346673
J159	15	9	16	44	1.5289169084080587
J160	15	12	78	57	1.1169272564930584
J161	14	4	74	78	1.9554412517996282
J162	14	5	92	10	0.960915001956287
\\ Jobs in machine 16
10
J163	15	14	29	86	1.9772753917172534
J164	14	4	6	14	1.173877688646714
J165	15	1	89	58	1.0445153322474832
J166	14	4	26	31	0.7899132296554163
J167	14	9	78	4	1.3003463871198353
J168	15	8	34	70	0.8576987318467924
J169	16	14	93	55	1.9225211429617222
J170	13	4	65	1	1.5177460113203423
J171	14	8	51	32	0.24374844583167532
J172	15	5	106	25	1.8445512314750565
\\ Jobs in machine 17
11
J173	13	14	75	5	0.9685022882091665
J174	15	9	41	82	2.0540528260973314
J175	16	7	45	29	0.3560537342146435
J176	15	1	25	7	1.4217972709411093
J177	16	3	81	54	0.8290634250451019
J178	14	7	3	85	0.8628169852541074
J179	13	11	89	67	1.1322077286825123
J180	15	4	71	12	1.3733945456328205
J181	15	2	9	29	0.3960572990728275
J182	15	12	27	75	0.9178153133396092
J183	14	1	85	4	1.3207796999457013
\\ Jobs in machine 18
12
J184	15	11	30	23	1.2305525124026462
J185	13	4	10	44	1.4528041140795867
J186	13	13	106	26	1.2475876651001563
J187	15	3	47	79	0.8959186809214915
J188	13	1	108	55	0.9477065913200269
J189	14	1	100	4	0.4258371251977714
J190	14	4	57	56	0.1626115353493056
J191	15	8	2	17	1.0123223778706902
J192	14	2	19	31	0.8101559796637332
J193	16	14	61	31	1.5953733086106008
J194	15	14	38	25	1.0173378725735338
J195	12	1	70	3	1.0954237149832045
\\ Jobs in machine 19
9
J196	14	5	109	69	1.481755957002387
J197	16	12	94	66	0.8523260686026446
J198	15	8	4	33	1.7291184363588281
J199	16	4	71	91	1.1422250714264273
J200	15	13	30	22	1.106655658686854
J201	15	6	43	47	1.297018834671661
J202	15	14	78	46	0.4541765685816018
J203	15	5	54	65	1.4400550072348524
J204	15	4	80	15	0.9368909753258269
\\ Jobs in machine 20
12
J205	13	11	106	67	0.9323156607498992
J206	13	4	30	32	0.8132057850844978
J207	15	8	97	61	1.5544051246663781
J208	13	2	64	3	0.6798606096770449
J209	15	2	106	4	1.1728512088151775
J210	16	6	87	32	1.579355144703298
J211	15	4	106	48	0.4713349283817233
J212	15	2	59	97	1.527039330884978
J213	14	7	50	67	0.1
J214	14	11	71	8	1.3930541513178232
J215	15	4	81	31	2.063602976478007
J216	15	1	59	54	1.479710288935153
\\ Dependencies 
98
1	8
1	11
3	7
3	8
4	8
12	14
12	20
13	15
14	21
15	17
15	20
16	17
18	21
22	29
23	24
24	31
24	32
26	32
30	32
35	38
36	40
37	41
40	41
43	53
44	45
45	51
45	54
46	49
46	52
49	51
58	65
59	65
60	64
66	68
66	69
68	74
69	70
71	74
71	76
77	80
77	85
78	81
80	87
84	86
84	88
86	88
92	93
93	94
96	97
104	108
106	107
109	112
110	113
111	115
111	118
113	116
120	125
131	135
132	134
134	136
136	138
142	148
142	149
142	150
143	144
144	145
144	150
148	150
151	157
152	154
152	158
152	161
152	162
154	162
155	161
158	159
159	161
167	170
168	169
173	177
173	180
175	181
176	183
177	183
179	182
180	183
185	195
186	189
186	195
187	191
188	194
192	193
193	194
196	203
198	199
200	204
205	214
213	214
