\\ machines
6
\\ max power
60
\\ Jobs in machine 1
12
J1	14	1	58	9	0.7470740712879049
J2	15	11	18	4	0.3887441004739862
J3	15	12	96	1	1.5856514096344356
J4	14	12	71	15	1.6651260626949174
J5	14	13	14	15	0.9112105158446064
J6	16	10	70	4	1.5722732235744397
J7	15	1	19	11	0.853748782771506
J8	15	6	87	12	0.7266482082932864
J9	14	1	104	5	0.7554671574223881
J10	15	9	75	10	1.7149951700610753
J11	14	3	88	12	1.2173562162631053
J12	14	2	24	15	0.6057596054269114
\\ Jobs in machine 2
11
J13	15	2	81	3	1.7608737989207575
J14	14	13	82	1	1.095281001481051
J15	14	14	3	10	1.4958257999302345
J16	15	6	11	2	2.1037521291264323
J17	15	6	22	10	1.08532832578096
J18	14	14	95	1	0.8480852153919789
J19	15	4	29	2	1.0322224594475642
J20	15	5	41	1	0.7502279136880345
J21	14	14	68	1	1.037026461546898
J22	15	12	13	2	0.5930435192536536
J23	16	1	99	10	0.6280474552210038
\\ Jobs in machine 3
12
J24	15	9	35	14	0.37433160271656385
J25	15	3	93	8	1.6663511411108578
J26	15	7	56	3	1.0046808688840898
J27	15	13	105	3	0.5867762542012998
J28	15	4	75	10	1.469349159551844
J29	13	7	7	14	1.4846078679177097
J30	15	14	110	8	0.1
J31	14	1	51	14	1.4313971404476884
J32	15	13	27	9	2.1497387310549048
J33	14	4	51	10	1.3629294723072432
J34	14	12	59	3	1.00135083832585
J35	16	6	81	15	2.02153834034777
\\ Jobs in machine 4
12
J36	15	10	98	14	2.4331787283694313
J37	13	3	5	15	0.6404026612129085
J38	14	2	83	9	1.4426033695933451
J39	16	10	87	15	1.3256409379124807
J40	13	11	36	2	1.2510134927980396
J41	16	7	17	13	1.8288576907292904
J42	13	13	46	6	0.9656597763747063
J43	15	2	14	5	0.8156947111552455
J44	13	6	88	4	1.5731257106838727
J45	14	3	101	14	2.245772396035321
J46	14	14	77	5	0.549132396751217
J47	15	14	81	15	1.3324023203247588
\\ Jobs in machine 5
11
J48	17	5	51	4	1.2102838728038285
J49	15	5	94	13	0.6622471647866733
J50	15	9	26	11	1.2240401584613336
J51	14	10	29	10	1.0757018131252631
J52	14	10	85	14	2.8076854352239424
J53	13	4	49	9	0.4740462632173621
J54	17	1	63	13	0.5868502163979887
J55	15	7	99	2	1.7025878117308637
J56	14	13	75	11	1.6513143680287565
J57	15	1	78	14	0.6895811951282207
J58	15	2	74	10	0.8761444383515946
\\ Jobs in machine 6
11
J59	15	5	21	9	0.6137584750117555
J60	15	9	39	7	1.7314317134863102
J61	11	3	105	15	0.44106811895242337
J62	14	14	65	6	1.4691547622884609
J63	14	4	66	14	1.296531056650454
J64	14	5	79	11	1.3315296112642097
J65	13	10	9	13	1.5306869077906038
J66	16	4	45	10	0.9658960736819131
J67	15	7	60	7	1.3131743219396381
J68	14	12	81	4	0.8206444614527166
J69	15	11	13	11	1.8308946149378678
\\ Dependencies 
209
1	4
1	6
1	7
1	9
1	10
1	11
1	12
2	3
2	4
2	5
2	6
2	9
2	10
2	11
2	12
3	5
3	6
3	7
3	9
3	10
3	11
3	12
4	5
4	6
4	8
4	9
4	10
4	11
5	6
5	7
5	8
5	9
5	11
6	8
6	10
6	11
7	8
7	9
7	10
7	11
8	9
8	10
9	11
9	12
13	14
13	16
13	22
13	23
14	15
14	18
14	19
14	21
14	23
15	16
15	17
15	18
15	19
15	20
15	22
15	23
16	20
16	23
17	18
17	22
18	22
19	21
19	23
20	21
20	23
22	23
24	25
24	27
24	29
24	30
24	33
24	34
24	35
25	26
25	27
25	28
25	29
25	32
26	27
26	28
26	30
26	31
26	32
26	34
27	29
27	31
27	32
27	33
27	35
28	29
28	30
28	31
28	32
28	34
28	35
29	34
30	32
30	35
31	33
31	34
32	33
32	34
34	35
36	37
36	39
36	40
36	43
36	44
36	46
37	38
37	40
37	41
37	42
37	44
37	46
38	41
38	42
38	44
38	45
39	40
39	41
39	45
39	46
40	41
40	43
40	47
41	44
41	45
41	46
41	47
42	43
42	44
42	45
42	46
42	47
43	45
44	45
45	46
45	47
46	47
48	49
48	50
48	52
48	53
48	55
48	56
48	57
49	51
49	52
49	54
49	55
49	57
50	51
50	53
50	55
50	56
51	52
51	53
51	56
51	57
51	58
52	53
52	54
52	56
52	57
53	54
54	55
54	56
54	57
54	58
55	56
56	57
56	58
57	58
59	60
59	61
59	64
59	65
59	69
60	61
60	62
60	63
60	64
60	65
60	66
60	67
60	68
60	69
61	65
61	66
61	69
62	64
62	67
62	68
63	69
64	65
64	66
64	69
65	66
65	68
65	69
66	67
66	68
66	69
68	69
