\\ machines
8
\\ max power
80
\\ Jobs in machine 1
11
J1	13	7	23	12	1.0217305203282707
J2	15	12	37	27	1.5719062232217629
J3	15	4	76	46	2.076608048434256
J4	14	3	77	59	0.8026939526642839
J5	15	4	107	3	0.8849516955510222
J6	14	12	12	22	1.6403323138116035
J7	16	9	47	22	1.94254816549525
J8	13	3	101	14	1.594770257123784
J9	17	12	104	35	1.539831241604718
J10	15	12	41	27	0.5496342844005515
J11	14	14	70	29	0.2791404188681177
\\ Jobs in machine 2
11
J12	15	10	43	11	1.4401466771017253
J13	16	6	64	26	0.986949215316765
J14	14	5	95	39	1.4372652626589841
J15	15	13	16	22	1.622306562456488
J16	15	8	101	57	0.6330187375210361
J17	15	2	49	8	1.4382061631345764
J18	16	9	103	33	1.478827560187915
J19	15	8	75	9	0.9291119356312736
J20	15	7	31	57	1.5285396107927827
J21	12	8	16	29	1.38927051772935
J22	15	8	96	12	1.1316003523979672
\\ Jobs in machine 3
10
J23	15	13	80	52	0.36428979735648814
J24	15	12	89	58	0.7986842088100791
J25	15	5	10	21	0.5196403119365988
J26	12	13	42	8	0.9803680381976272
J27	14	14	48	36	2.6657895077631464
J28	14	13	42	41	1.3426214616674492
J29	14	4	93	40	0.4981457324067561
J30	14	1	52	50	0.5743316900212045
J31	14	8	5	9	1.251580173129886
J32	16	4	83	51	1.190672101615753
\\ Jobs in machine 4
9
J33	13	14	20	15	0.23311593459933921
J34	14	9	89	57	1.8616583629325199
J35	15	10	8	41	1.1177570610254128
J36	15	6	78	7	0.22495110091037374
J37	14	10	59	54	1.2167098769829376
J38	16	7	106	51	1.4864675838991985
J39	13	5	85	37	1.1434620832949696
J40	14	2	95	34	1.3630177147920692
J41	16	14	80	60	1.6843163789736013
\\ Jobs in machine 5
11
J42	15	13	51	25	0.22300303524269882
J43	16	14	93	36	0.6441720607992092
J44	16	2	70	57	1.9409156463875985
J45	14	14	44	59	1.58826656870346
J46	16	13	83	30	0.521748490856239
J47	14	10	100	48	0.5682757249114743
J48	14	6	103	40	0.8166550065953868
J49	14	10	46	4	1.4340263933230826
J50	13	11	45	60	0.6240902625888387
J51	15	3	11	52	1.3807790111245288
J52	13	11	64	18	1.6654078911210348
\\ Jobs in machine 6
12
J53	14	6	67	59	1.2228877695536233
J54	15	6	106	9	1.1135789008750694
J55	14	13	69	50	0.8595299299747294
J56	14	8	75	17	0.776559466766924
J57	17	10	9	49	1.4047963560261998
J58	15	1	27	17	1.8360429563105654
J59	12	10	35	51	1.5622551659080863
J60	14	3	20	14	1.2008845934118726
J61	14	7	82	47	0.9007968550030039
J62	14	12	22	14	0.40786948078441654
J63	16	3	58	24	0.49917424230261986
J64	15	8	41	31	0.9809275278994716
\\ Jobs in machine 7
12
J65	16	12	39	28	0.7174263464866862
J66	13	11	43	53	1.4001738050262993
J67	14	2	109	23	1.6452582382229566
J68	15	12	49	17	1.671041881854261
J69	13	11	67	16	2.257211210380957
J70	14	8	38	32	1.1890642670832912
J71	15	14	98	28	0.7851968638264224
J72	15	14	27	24	1.4838634510787576
J73	16	3	83	37	1.1223528651636263
J74	15	5	14	25	1.3067734929975297
J75	15	8	90	11	0.6844617020934004
J76	14	12	44	43	0.7663300164849293
\\ Jobs in machine 8
12
J77	15	12	71	25	1.513561135904029
J78	15	8	38	57	1.3849790412161447
J79	16	6	101	48	0.8233729426499676
J80	16	13	49	9	1.2162943710697705
J81	14	11	30	18	0.9617793905975679
J82	14	7	81	2	1.5536119934610146
J83	15	8	18	58	1.3950654863639083
J84	14	4	29	45	0.6793607545516421
J85	16	13	9	14	1.4645203758771208
J86	14	11	101	26	1.6718307657003448
J87	15	13	74	10	1.1261494955075264
J88	14	6	13	37	1.216572846772177
\\ Dependencies 
358
1	2
1	5
1	6
1	8
1	9
1	11
2	3
2	4
2	5
2	6
2	7
2	8
2	9
2	10
2	11
3	4
3	5
3	6
3	8
3	9
3	10
4	5
4	6
4	9
4	10
5	7
5	9
5	11
6	7
6	8
6	9
6	10
6	11
7	8
7	10
7	11
8	11
9	10
9	11
10	11
12	13
12	14
12	15
12	16
12	17
12	18
12	19
12	20
12	21
12	22
13	15
13	17
13	18
13	20
13	21
13	22
14	16
14	17
14	18
14	19
14	21
14	22
15	17
15	18
15	19
15	20
15	21
15	22
16	17
16	18
16	19
16	20
16	21
16	22
17	18
17	20
17	21
17	22
18	19
18	20
18	21
19	20
19	21
19	22
20	21
20	22
23	24
23	25
23	30
23	32
24	25
24	26
24	27
24	28
24	29
24	30
24	31
24	32
25	26
25	27
25	29
25	30
25	31
25	32
26	27
26	28
26	29
26	31
26	32
27	28
27	29
27	30
27	32
28	29
28	30
28	31
28	32
29	30
29	31
29	32
30	31
30	32
31	32
33	34
33	35
33	36
33	37
33	38
33	39
33	41
34	35
34	36
34	37
34	38
34	39
34	40
34	41
35	36
35	38
35	39
35	40
35	41
36	37
36	38
36	39
36	40
36	41
37	38
37	39
37	40
38	39
38	40
38	41
39	41
42	43
42	44
42	46
42	47
42	48
42	49
42	50
42	51
42	52
43	44
43	45
43	46
43	47
43	48
43	50
43	51
43	52
44	46
44	47
44	48
44	50
44	51
44	52
45	46
45	48
45	49
45	50
45	51
45	52
46	47
46	48
46	49
46	50
46	51
46	52
47	49
47	50
47	51
47	52
48	51
48	52
49	50
49	51
49	52
50	51
50	52
53	54
53	55
53	58
53	59
53	60
53	61
53	62
53	63
53	64
54	55
54	56
54	58
54	60
54	61
54	63
54	64
55	56
55	57
55	58
55	59
55	60
55	61
55	62
55	63
55	64
56	57
56	58
56	62
56	63
56	64
57	58
57	59
57	60
57	61
57	62
57	63
57	64
58	60
58	62
58	63
58	64
59	60
59	62
59	63
59	64
60	62
60	63
60	64
61	63
61	64
62	64
63	64
65	67
65	70
65	72
65	73
65	74
66	67
66	68
66	69
66	71
66	73
66	74
66	75
66	76
67	68
67	69
67	70
67	71
67	72
67	74
67	75
67	76
68	69
68	70
68	71
68	74
68	76
69	70
69	72
69	73
69	74
69	75
70	71
70	73
70	74
70	75
70	76
71	72
71	73
71	74
71	75
72	74
72	75
72	76
73	74
73	75
73	76
74	76
75	76
77	78
77	80
77	81
77	82
77	83
77	84
77	85
77	86
77	87
77	88
78	79
78	81
78	82
78	83
78	84
78	85
78	87
78	88
79	80
79	81
79	82
79	83
79	84
79	85
79	86
79	87
79	88
80	81
80	83
80	84
80	86
80	87
80	88
81	82
81	83
81	84
81	85
81	86
81	87
81	88
82	83
82	84
82	85
82	86
82	87
82	88
83	84
83	86
83	87
83	88
84	85
84	86
84	87
84	88
85	88
86	87
86	88
87	88
