\\ machines
8
\\ max power
80
\\ Jobs in machine 1
12
J1	15	7	60	1	0.6460922222537677
J2	14	6	105	1	1.3368183192506322
J3	14	3	19	16	1.5227567569430038
J4	15	5	77	15	1.284989651870635
J5	15	6	91	47	0.9863437702797248
J6	15	8	12	45	1.8007187370511726
J7	15	8	24	53	0.9021142780542837
J8	15	13	72	9	0.7331296474676607
J9	15	9	45	6	1.3686544081890726
J10	15	5	18	27	1.105046839169077
J11	15	9	23	27	1.0774303532595646
J12	15	7	97	41	1.075285714848551
\\ Jobs in machine 2
10
J13	16	5	70	52	0.2977254882021001
J14	14	11	70	12	1.4694748468082648
J15	14	4	23	55	2.2770015074336687
J16	12	2	74	9	1.2204883718200488
J17	15	3	93	48	1.5928525439452965
J18	14	9	57	54	1.1120440173853574
J19	13	12	31	42	0.8452054325579144
J20	15	5	27	34	1.8772355117894697
J21	12	3	10	4	0.6546498389437062
J22	15	1	33	28	1.8099543676977667
\\ Jobs in machine 3
12
J23	15	13	28	45	1.4341526624642735
J24	13	3	11	29	1.0312671410079317
J25	14	10	53	17	1.4996660463846123
J26	13	7	16	36	1.10228410550942
J27	15	1	105	33	0.5566561761107512
J28	15	4	48	23	1.1261602008215106
J29	14	9	36	53	0.24298560116313372
J30	14	13	10	19	1.1546492168363127
J31	14	10	15	12	0.1
J32	15	7	53	15	1.8622579277262457
J33	12	4	110	8	0.4863807575638319
J34	16	8	14	27	1.2246083809470387
\\ Jobs in machine 4
13
J35	14	11	33	5	1.653208777128209
J36	15	5	25	13	1.1267732406664996
J37	14	5	108	58	1.398472565507507
J38	14	5	5	1	1.8302198375355456
J39	16	11	32	15	1.3252847765133018
J40	15	9	79	28	0.21167875710994244
J41	14	3	97	5	1.9754150255500451
J42	14	5	94	37	1.4080066824938153
J43	15	14	68	52	1.3901216138235999
J44	14	5	31	54	0.7630289982707507
J45	15	8	85	46	1.5323182739385002
J46	16	14	57	9	0.9597123685809079
J47	15	2	23	17	0.3407473167712286
\\ Jobs in machine 5
10
J48	13	13	106	55	1.054515979772584
J49	13	5	90	41	1.1680772257698764
J50	13	6	99	31	0.678203426175606
J51	14	3	91	57	1.5067640154796813
J52	14	4	64	60	0.9261335679880327
J53	16	7	43	4	1.9580540172608143
J54	16	1	52	20	1.2358821054307754
J55	14	1	105	49	2.048368277784733
J56	16	8	81	13	1.3843150438392144
J57	13	14	10	38	1.4640054518716537
\\ Jobs in machine 6
9
J58	16	12	55	46	1.4552531446804637
J59	14	9	50	31	1.0686126935648668
J60	13	2	3	7	1.3561178535883844
J61	12	3	72	10	0.13262216197388987
J62	14	14	107	49	0.17310874345434346
J63	14	4	27	37	0.8763385360725523
J64	14	10	5	27	0.4082486103252082
J65	17	10	63	58	0.8979498011181954
J66	17	9	99	52	1.42858459695077
\\ Jobs in machine 7
9
J67	16	12	6	10	1.2877405103586606
J68	15	4	3	24	1.267924823021722
J69	14	5	77	22	1.047713454190258
J70	15	2	58	7	0.8119222482701526
J71	14	5	52	51	2.015515850637959
J72	12	3	8	60	1.2883070051824526
J73	14	3	50	52	1.5584070016224698
J74	14	9	59	46	0.9969827348720537
J75	14	14	45	45	2.0486322848861045
\\ Jobs in machine 8
12
J76	14	10	43	38	0.7051057568293899
J77	13	9	105	59	0.6421416723505364
J78	14	13	35	18	0.5215577744340386
J79	17	11	21	55	2.5024516413543427
J80	15	6	26	31	0.42753631768904476
J81	14	3	99	27	1.0521146363977465
J82	13	7	46	36	0.5545253697427008
J83	16	6	58	21	1.086988139632696
J84	16	8	5	49	1.1574766524450493
J85	13	11	65	11	0.8927790326993266
J86	12	7	45	46	1.1143092406992967
J87	16	10	106	43	1.0145011253024223
\\ Dependencies 
92
1	3
2	5
2	7
2	9
2	11
3	5
3	8
3	9
3	12
4	5
4	9
5	8
5	9
5	12
6	12
7	11
9	10
13	22
14	17
16	22
18	21
19	20
23	27
23	28
23	32
23	33
24	29
24	30
24	31
24	32
26	29
26	30
27	28
27	32
30	34
32	34
33	34
35	46
36	39
36	42
37	39
37	43
37	47
38	40
38	47
39	41
39	42
39	46
39	47
40	44
40	46
41	42
42	43
42	46
46	47
48	49
48	50
48	53
48	56
50	51
51	54
52	53
55	57
58	63
59	65
60	64
60	65
61	64
61	65
62	63
63	64
63	65
64	65
64	66
67	70
67	72
69	71
69	72
70	71
71	74
73	74
76	77
76	79
77	78
77	81
80	82
80	83
80	86
81	86
82	83
82	85
82	87
