\\ machines
20
\\ max power
200
\\ Jobs in machine 1
11
J1	15	4	80	6	1.7498597265430647
J2	15	13	34	47	0.8506120326943112
J3	13	6	100	32	0.47403222940102774
J4	14	11	10	70	0.719814426151995
J5	14	8	19	35	1.8045446868899178
J6	14	6	87	72	1.2457334985969846
J7	14	3	107	98	1.135204036147979
J8	13	11	102	81	1.3980635292807326
J9	14	10	26	43	2.02226564578423
J10	15	7	99	2	1.7563063635918623
J11	15	8	83	63	0.8583659876562124
\\ Jobs in machine 2
10
J12	16	4	2	63	0.4633979109325598
J13	13	1	5	7	0.8689985092728401
J14	14	4	58	95	1.6787245312175918
J15	14	2	55	51	1.3824427080796795
J16	13	3	36	8	1.7428877816720147
J17	14	4	65	71	0.9524874460813014
J18	14	11	46	20	1.3144688598021967
J19	17	11	7	13	1.2992101110237626
J20	16	14	36	51	0.4849153576687798
J21	16	9	30	4	1.1855148608794148
\\ Jobs in machine 3
11
J22	15	13	48	1	0.849539361488453
J23	16	6	34	63	1.4534447161767088
J24	14	1	41	28	1.436663332759778
J25	15	2	10	6	1.2481492343184206
J26	15	5	57	99	1.0794949652224852
J27	15	11	82	65	1.6312248972516796
J28	15	11	30	28	1.4565331370350534
J29	15	10	51	35	1.6809804396583985
J30	14	3	93	72	1.6036359274589587
J31	14	1	69	2	1.7192366727284152
J32	14	11	3	60	0.7292980491920802
\\ Jobs in machine 4
10
J33	14	2	5	95	1.2680929224422124
J34	14	12	31	15	1.6164190016770612
J35	14	5	18	9	1.3520019711957927
J36	15	12	38	9	1.4105230579123014
J37	14	4	67	75	1.3353480983140205
J38	14	7	71	28	0.8881369528569828
J39	14	2	45	92	1.460996773580697
J40	15	7	25	55	0.14487188998925649
J41	13	14	39	58	1.4605637942194272
J42	15	9	66	5	0.5754174883674171
\\ Jobs in machine 5
9
J43	15	1	66	15	1.530081810647221
J44	13	7	25	100	0.6340902298570082
J45	14	14	59	79	1.3365801372487855
J46	16	14	74	7	1.714400108332701
J47	17	8	26	77	1.0047709167755532
J48	16	4	101	36	1.3535971042714956
J49	15	9	44	99	1.892177622750817
J50	12	6	60	21	0.20154012930233378
J51	14	13	105	99	2.024299441385902
\\ Jobs in machine 6
11
J52	14	1	100	2	1.2647582075540444
J53	15	1	63	79	1.6683610566021267
J54	15	2	71	56	1.2602191827325468
J55	13	9	70	34	1.045552197189975
J56	13	3	14	85	1.8183123000169572
J57	15	11	100	41	1.488266443035986
J58	14	8	100	57	0.720821892325321
J59	13	10	51	12	2.02980990235128
J60	14	8	54	33	0.8671547770853985
J61	16	8	95	54	1.5347548822987156
J62	15	8	103	99	1.1738465960948141
\\ Jobs in machine 7
11
J63	14	11	37	49	1.2850948776855418
J64	15	3	54	92	1.5526423908399651
J65	14	3	87	8	1.0479838154420182
J66	14	6	62	76	1.7359885670065835
J67	14	7	64	16	1.1507514076825665
J68	15	4	38	62	1.5568500566131473
J69	14	11	2	38	0.9087103659322082
J70	15	5	40	24	0.5519667292683951
J71	14	2	91	74	0.6277892574572921
J72	15	14	20	26	0.9640176052982318
J73	14	4	45	29	1.1835561636478145
\\ Jobs in machine 8
10
J74	15	12	71	53	1.5198469489106532
J75	14	6	94	95	1.5444143110697421
J76	13	14	7	3	2.2285286726246207
J77	14	2	97	2	1.4580837464886667
J78	15	3	25	23	1.955951642183443
J79	13	1	100	7	1.597690453682664
J80	15	6	43	50	1.1616483957770847
J81	14	5	87	100	1.5677256672223352
J82	16	10	23	11	2.5770693745095503
J83	13	5	62	82	0.9078241183552267
\\ Jobs in machine 9
14
J84	15	12	84	12	1.8927027968698444
J85	15	12	75	2	1.7327891650166185
J86	14	12	30	77	1.9297437381323743
J87	14	1	18	48	1.858221699642509
J88	15	1	90	59	1.5262851892962763
J89	15	12	70	5	1.890914310754455
J90	14	11	49	60	2.111705951999774
J91	14	14	7	63	1.5225853776964973
J92	14	7	56	94	0.7531500414580723
J93	14	11	39	68	0.8090724007863423
J94	14	2	16	2	1.0818765982834004
J95	16	9	87	16	1.1763822525520933
J96	15	3	54	57	1.1053747940316305
J97	14	11	9	35	1.12707086199074
\\ Jobs in machine 10
11
J98	13	14	36	60	1.214511946379808
J99	16	14	64	14	0.7091301899714924
J100	14	13	107	18	1.1511636265147323
J101	16	10	38	52	1.3135024448847359
J102	16	10	106	6	1.614576395471885
J103	15	13	102	18	0.2942520130752053
J104	16	13	60	91	0.9152371409459353
J105	13	11	62	40	1.4076319357571827
J106	14	12	80	15	0.7381938365163474
J107	13	5	40	27	1.596496021235012
J108	14	1	76	52	1.8936911233372644
\\ Jobs in machine 11
10
J109	16	8	83	74	1.9292664808097206
J110	16	3	38	47	0.6717465798811459
J111	15	3	81	88	1.497812601658932
J112	14	10	22	81	1.8973969877203856
J113	14	10	95	44	0.5255420664921775
J114	14	8	40	40	0.5996306636713783
J115	16	6	30	66	0.6306374637680635
J116	15	8	102	89	0.4006442236445059
J117	12	13	46	26	1.4220676348111063
J118	12	10	48	90	1.5075863057935994
\\ Jobs in machine 12
11
J119	15	14	93	32	1.835354939924399
J120	14	9	10	65	1.8002326620561007
J121	14	14	45	85	1.0003630025514147
J122	15	2	66	51	0.8560047570786139
J123	14	13	101	35	2.0350804749316307
J124	15	10	108	62	0.3325387277150499
J125	14	1	49	69	0.7497695619179587
J126	15	10	19	73	0.28032906096673715
J127	16	10	70	95	0.5645143876167695
J128	15	9	27	43	1.356891409694471
J129	14	9	110	36	1.5737617735089722
\\ Jobs in machine 13
11
J130	15	4	17	85	1.9430697812397204
J131	14	4	14	77	1.3990203913068326
J132	16	3	76	61	1.7609627452428733
J133	17	7	86	83	0.3401144137652745
J134	15	13	84	3	1.6722617678865335
J135	16	5	84	53	1.9702202693853952
J136	14	13	63	78	0.9114495684772774
J137	14	5	81	69	0.8593635887694533
J138	15	6	13	7	1.2353649939835578
J139	14	3	31	52	0.786651925857852
J140	14	9	46	72	1.6377192703210532
\\ Jobs in machine 14
12
J141	14	8	12	35	2.0240185314621133
J142	16	8	102	34	2.2800021906306274
J143	14	9	24	77	0.47912538132571336
J144	15	14	71	95	1.898010387656979
J145	16	10	8	52	1.8590452877859218
J146	15	9	48	11	0.7257583809392285
J147	17	2	57	79	1.466135382360149
J148	14	3	68	8	1.357575751073661
J149	15	5	52	92	1.550480053436953
J150	13	1	51	12	0.866093265351789
J151	13	9	95	12	0.79655271983081
J152	14	11	44	37	1.4763102692106593
\\ Jobs in machine 15
9
J153	14	7	103	36	0.7934848239567915
J154	15	4	70	78	1.816983897217738
J155	15	13	20	93	0.8395443943679904
J156	13	13	3	56	1.1969799439798374
J157	13	1	90	99	0.7493725920415116
J158	15	11	50	32	1.7117965688652466
J159	14	6	61	89	1.2414076866811978
J160	13	4	52	23	1.219623789788554
J161	13	10	51	65	1.5576815070998353
\\ Jobs in machine 16
11
J162	13	8	108	29	1.3462893989122122
J163	16	13	84	56	1.3292967422532966
J164	15	10	41	82	2.0125153138837333
J165	14	13	19	80	1.7751217944486073
J166	14	1	61	36	1.4673720870404698
J167	13	13	93	26	1.3825131132786517
J168	14	5	109	46	0.4616327808999916
J169	15	1	11	4	0.2799497105009209
J170	15	7	80	100	1.178010256656758
J171	15	5	52	18	0.7915342521935431
J172	14	13	15	73	1.273392062792152
\\ Jobs in machine 17
9
J173	16	1	28	67	1.3635368959473115
J174	15	3	49	75	0.769123192327349
J175	14	13	48	1	1.121234185921867
J176	16	10	76	63	0.6726520642258567
J177	16	9	36	33	1.4644362009577971
J178	15	1	95	18	1.2561920218745597
J179	14	12	90	63	1.3602810059140593
J180	14	2	97	91	0.6821298225150029
J181	13	11	42	81	1.052347599603864
\\ Jobs in machine 18
13
J182	14	13	54	4	1.7090252496852782
J183	14	13	16	11	0.8698271772063851
J184	13	8	23	56	0.9747533772757969
J185	14	3	64	93	0.8843515572155567
J186	15	11	26	90	1.0788396943060625
J187	15	9	56	48	1.3179961356316232
J188	14	12	74	50	1.4804476459572433
J189	16	3	55	99	0.9177786270019613
J190	15	4	69	31	0.18172460535670765
J191	14	1	77	97	1.920091922803145
J192	14	8	110	72	0.9600573653883604
J193	15	2	104	3	1.5196414772292548
J194	15	13	21	75	1.9711957600093408
\\ Jobs in machine 19
11
J195	15	2	49	71	1.0326131298132168
J196	14	11	106	34	1.5969820470750389
J197	14	1	9	14	0.6967793122893997
J198	15	9	13	31	1.3061758487492576
J199	16	10	109	63	1.0890248411233836
J200	15	11	97	62	1.461607411328906
J201	14	7	31	58	0.9493109909585116
J202	15	5	99	67	1.8335135929770656
J203	12	13	97	81	0.9162568601615286
J204	15	12	84	3	1.9460215962569236
J205	15	14	13	18	2.2486313367867106
\\ Jobs in machine 20
10
J206	16	4	108	25	0.7521517747871904
J207	14	1	64	94	1.717555914492078
J208	13	9	44	44	1.363393444456047
J209	15	3	44	50	0.9842666060198204
J210	14	10	91	26	1.1515109266407095
J211	14	3	55	34	0.9621171539407625
J212	14	9	109	6	0.6937548575972866
J213	15	11	110	68	1.1591551600550296
J214	15	4	38	100	1.1547716129877963
J215	15	12	39	97	0.37348618465895556
\\ Dependencies 
446
1	7
1	10
1	11
2	5
2	8
2	11
3	5
3	7
3	11
4	5
4	8
4	10
4	11
5	6
5	8
6	8
6	9
6	10
7	9
7	10
8	10
12	13
12	16
12	18
12	19
12	20
13	14
13	15
13	16
13	18
13	20
14	17
14	18
14	19
14	20
14	21
15	16
15	17
15	19
15	20
15	21
16	18
16	19
16	20
16	21
17	18
17	19
17	21
18	20
19	21
22	26
22	28
23	25
23	27
23	31
23	32
24	25
24	26
24	27
24	30
24	31
25	26
25	31
26	28
26	29
26	31
27	29
28	31
28	32
29	31
30	31
31	32
33	34
33	36
33	39
33	40
34	35
34	38
35	36
35	37
35	39
35	40
35	41
36	40
36	41
38	39
38	40
39	40
40	41
40	42
43	45
44	47
44	51
45	46
45	48
45	51
46	48
46	50
47	48
47	50
48	49
48	50
50	51
52	56
52	59
52	60
53	56
53	57
53	58
53	62
54	55
54	56
54	57
54	58
54	59
54	60
55	57
55	61
55	62
56	57
56	58
56	59
56	61
57	59
58	59
58	61
59	60
59	61
59	62
60	61
60	62
63	66
63	69
64	66
64	71
65	67
65	68
65	70
65	71
66	69
66	71
66	72
67	68
67	69
67	72
67	73
68	69
68	70
68	71
68	72
68	73
69	70
69	72
70	71
71	73
74	75
74	77
74	82
75	76
75	77
75	78
75	80
76	78
76	80
76	83
77	82
78	79
78	83
79	81
80	81
81	83
84	86
84	87
84	88
84	89
84	91
84	93
84	96
85	86
85	87
85	88
85	92
85	93
85	95
85	96
85	97
86	89
86	90
86	94
86	95
87	88
87	89
87	90
87	91
87	92
87	94
87	95
88	90
88	93
88	95
88	96
89	92
89	93
89	96
90	92
90	94
91	93
91	94
92	94
93	94
93	97
94	96
95	97
96	97
98	100
98	104
98	105
98	106
99	102
99	103
99	104
99	106
99	107
99	108
100	101
100	107
101	102
103	104
103	107
103	108
104	106
105	106
105	108
106	108
109	111
109	112
109	115
109	116
109	117
109	118
110	112
110	114
110	117
111	112
111	113
111	114
111	115
112	115
113	114
113	116
114	117
114	118
115	117
116	117
119	121
119	122
119	123
119	127
119	128
120	123
120	124
120	126
120	127
120	128
120	129
121	128
122	127
123	127
123	128
123	129
124	125
126	127
128	129
130	133
130	135
130	139
131	136
131	137
131	138
131	139
132	137
132	139
132	140
133	135
133	138
133	139
133	140
134	140
135	139
136	139
136	140
137	138
137	139
138	139
138	140
141	143
141	145
141	146
141	147
142	143
142	144
142	145
142	146
142	147
142	149
142	151
143	145
144	147
145	146
145	149
145	150
146	148
146	149
146	151
147	152
148	149
148	150
148	152
149	152
153	155
153	158
153	160
154	155
154	157
154	161
155	156
155	157
155	159
156	157
156	160
157	159
157	160
158	159
158	161
160	161
162	163
162	165
162	168
162	169
162	171
164	165
164	168
164	169
164	172
165	168
165	169
165	170
166	171
167	168
167	169
167	171
167	172
168	169
168	170
168	172
170	172
173	175
174	175
174	176
174	178
174	179
174	180
175	178
175	179
175	180
176	178
176	180
176	181
177	178
178	180
178	181
179	180
179	181
180	181
182	185
182	186
182	191
182	193
183	185
183	187
183	188
183	191
183	194
184	186
184	187
184	190
184	193
185	189
185	191
185	192
185	193
185	194
186	189
186	191
187	193
188	189
188	190
189	190
189	194
190	192
190	194
191	192
193	194
195	200
195	201
195	203
196	198
196	199
196	200
196	201
197	198
197	202
197	204
198	204
199	201
199	202
199	205
200	203
200	205
201	203
201	205
202	203
202	204
203	204
206	208
206	209
206	210
206	215
207	208
207	209
207	210
207	213
208	212
208	214
209	211
209	212
209	213
209	214
210	211
210	212
210	213
210	214
210	215
211	213
211	214
212	215
