\\ machines
18
\\ max power
180
\\ Jobs in machine 1
12
J1	14	8	81	63	0.977304889449212
J2	16	9	89	32	1.5013157372688402
J3	14	2	42	48	2.0339404142225943
J4	15	1	43	2	0.4248307044846902
J5	15	4	33	24	0.7855045462321808
J6	13	3	78	54	0.9720260149371248
J7	13	1	99	1	0.9563957565981329
J8	15	9	67	86	0.582464047833647
J9	15	9	109	64	1.5633437435576116
J10	14	7	104	61	0.5455464686530314
J11	15	7	78	77	1.1330786225655871
J12	17	10	96	88	1.2599087856448032
\\ Jobs in machine 2
11
J13	13	9	90	40	2.263713801645942
J14	14	6	53	39	0.39213597405276446
J15	14	13	39	8	1.0626148469165515
J16	12	1	24	22	0.801349874903613
J17	16	5	96	70	1.0317693938279207
J18	14	5	34	49	1.4952964073876545
J19	14	14	83	53	0.6075621662659632
J20	13	14	74	34	0.3443213387014219
J21	16	13	97	37	0.6684572540649082
J22	16	2	15	66	0.8518114353572435
J23	17	12	58	25	1.6150454426852037
\\ Jobs in machine 3
12
J24	14	9	84	88	1.1416904127032979
J25	13	9	46	59	1.15876493867979
J26	12	9	12	67	1.4577577065775276
J27	14	9	70	86	1.93704225384881
J28	14	9	97	6	0.6951493372178579
J29	15	2	69	50	0.4606720193596192
J30	13	8	59	74	1.5492267432965234
J31	14	11	65	5	1.096995816931165
J32	13	11	101	89	1.4529434604789944
J33	14	14	13	82	0.3907010330900965
J34	15	6	90	8	1.1176400035404253
J35	14	14	109	30	1.437533393139321
\\ Jobs in machine 4
11
J36	15	7	14	9	1.4319459789744633
J37	15	5	28	26	1.6213797412388136
J38	14	4	108	10	1.6081369469971163
J39	13	13	94	77	0.8268778026608983
J40	15	1	66	79	1.4583147914915542
J41	12	11	28	8	0.8504921939924731
J42	14	3	26	14	0.19547977924771498
J43	14	7	75	27	0.7408774005550592
J44	14	11	40	74	1.6029172294815646
J45	16	6	31	82	1.3490572078486602
J46	15	11	52	48	1.8464401670695145
\\ Jobs in machine 5
11
J47	14	8	36	69	1.0582661585715816
J48	14	2	99	80	1.3327884332204365
J49	15	12	78	69	1.7420344326285937
J50	13	11	61	8	1.041449316583931
J51	14	14	32	77	0.695659768165758
J52	16	10	40	10	1.3222711306397554
J53	15	13	5	17	2.017815036626393
J54	14	2	19	51	0.8746738352146637
J55	15	13	80	82	0.7713672622867298
J56	15	1	41	9	0.5843418163606631
J57	15	3	81	74	1.2221793490569055
\\ Jobs in machine 6
11
J58	15	12	106	70	0.9812972719689146
J59	16	14	33	8	1.1524103186086552
J60	15	6	43	3	1.2024130118664378
J61	15	8	76	24	1.6248424422679137
J62	15	1	50	50	1.7598517801137716
J63	14	2	107	33	1.7343414668998964
J64	14	1	8	37	1.4403965242982513
J65	14	1	9	79	0.8475595454535793
J66	15	9	106	30	0.5731837823216569
J67	14	2	24	78	0.7817385129249825
J68	13	7	56	6	1.935633995091452
\\ Jobs in machine 7
11
J69	14	10	92	53	1.045951758762199
J70	13	13	5	70	2.3442845383108635
J71	13	8	78	44	0.7140389127287355
J72	16	10	66	79	0.27024220266359644
J73	15	12	83	12	0.4187415052989667
J74	15	8	86	4	0.9483991955676926
J75	14	13	31	74	1.3055154765400288
J76	14	3	59	64	0.18113249541194154
J77	13	8	71	18	1.4571946806141283
J78	17	9	36	18	1.1684912940099867
J79	13	8	35	72	1.5654648347412372
\\ Jobs in machine 8
12
J80	14	13	12	89	0.975177715484369
J81	12	1	30	32	0.9265359804472815
J82	15	7	33	25	1.0417106171579373
J83	13	12	85	80	1.2698801634934995
J84	14	10	103	17	1.4747823396204993
J85	15	12	25	55	1.918832606181704
J86	13	4	45	57	0.9074179026065945
J87	14	12	95	58	1.3725246086595224
J88	15	9	12	18	1.044213139421779
J89	14	6	47	71	0.7844241883530833
J90	15	6	30	70	2.1923169654601065
J91	15	8	45	85	0.69290358477948
\\ Jobs in machine 9
12
J92	15	4	61	51	1.8322461586526533
J93	16	14	94	44	0.9254822945826604
J94	15	7	70	8	1.246084454078571
J95	13	14	37	3	1.0986045159432263
J96	13	10	21	16	0.7765400456503608
J97	15	9	4	19	1.3751569601141198
J98	16	14	7	63	0.6967263214078933
J99	17	11	61	25	1.201270163248204
J100	15	13	101	29	1.6866241721429176
J101	15	12	66	7	1.4703792217052047
J102	15	10	21	39	1.098054044852633
J103	14	11	73	36	1.033051465783949
\\ Jobs in machine 10
11
J104	14	4	110	4	1.9752745569447558
J105	15	6	87	39	1.5432184015231156
J106	16	2	89	61	1.4369821186062608
J107	14	9	21	51	1.2721927027753424
J108	14	5	40	49	1.5415456917362698
J109	13	3	45	55	0.7818160153300016
J110	14	9	28	64	1.1093618914942642
J111	15	5	59	64	0.9718386505313826
J112	13	7	10	88	0.8131622764596554
J113	13	7	39	10	0.5854452715896885
J114	15	3	98	12	1.7868366280940875
\\ Jobs in machine 11
9
J115	15	7	22	18	1.334848664649952
J116	15	8	61	23	0.3730628098202977
J117	16	3	37	50	1.909074223880988
J118	15	1	92	26	0.33787546504718957
J119	14	9	46	72	1.5224860429761016
J120	16	11	22	68	1.1676693012269928
J121	14	10	51	15	0.6148927803890942
J122	15	7	16	35	1.4252365362226376
J123	14	10	56	78	0.8175706599075492
\\ Jobs in machine 12
12
J124	15	11	78	54	0.5480515862802215
J125	15	14	87	32	0.1
J126	13	1	85	89	1.1289885862482945
J127	15	9	40	85	1.909280588085164
J128	15	8	109	72	1.1018517794516238
J129	15	11	104	73	1.3427016680275663
J130	15	2	69	79	1.0003097918506785
J131	13	1	85	53	0.9383087106173049
J132	15	6	23	33	1.3328659809167358
J133	15	13	43	1	1.5537870684848738
J134	14	10	78	76	1.4584698965821354
J135	12	8	43	82	1.3959768469089249
\\ Jobs in machine 13
10
J136	16	5	25	80	0.6878478411623393
J137	16	2	85	51	0.5688149366865675
J138	14	2	79	27	1.7349760364985767
J139	14	4	50	17	1.3090016832347722
J140	13	8	69	44	1.5718748353069294
J141	14	13	77	41	1.4928163751489292
J142	14	12	80	3	1.5933711941031707
J143	14	6	83	7	0.9189949010009226
J144	15	9	56	33	1.9709179816374078
J145	15	13	45	48	1.240615107808896
\\ Jobs in machine 14
12
J146	14	5	8	45	0.1
J147	14	3	47	47	1.2599132275601337
J148	14	6	105	21	1.180782483384989
J149	14	3	44	62	1.5008839475996254
J150	14	10	78	18	1.7406893161108705
J151	14	4	23	33	1.8197004813977364
J152	16	7	75	35	1.3524194875681432
J153	14	8	102	77	0.5487297111622109
J154	16	11	94	34	1.4757874747960493
J155	14	12	27	17	1.8564519752306592
J156	14	14	35	51	1.491742407491723
J157	16	14	87	37	0.7635393838002004
\\ Jobs in machine 15
10
J158	13	10	8	37	0.6972472564134887
J159	13	14	23	30	0.737685636752287
J160	14	14	47	8	1.1081924113873354
J161	13	11	82	41	1.5051856404373234
J162	13	8	12	50	0.47935724691841886
J163	14	1	78	72	0.8746605373927251
J164	13	6	50	59	1.7142178564684893
J165	15	14	69	84	0.3760589470709885
J166	15	11	83	71	1.7090667567714912
J167	15	9	72	26	1.2383896131704855
\\ Jobs in machine 16
12
J168	13	10	109	55	1.6946296429834546
J169	15	10	29	54	1.205616450378018
J170	15	8	48	59	0.4304675955212903
J171	15	1	50	61	1.3992320029372287
J172	14	3	28	4	1.065344712125712
J173	15	10	81	64	1.615568225539949
J174	13	14	85	87	1.0243489876151308
J175	12	7	17	66	0.5095681222945361
J176	13	2	83	59	1.03245000043124
J177	14	13	19	47	1.539320460068229
J178	15	11	90	36	0.9175356900714271
J179	15	1	20	18	1.4839898973844605
\\ Jobs in machine 17
13
J180	15	8	64	86	1.0307993753809035
J181	15	10	66	90	0.6036022938507999
J182	14	4	87	50	1.192581387510358
J183	15	3	67	81	1.887002206684919
J184	13	12	53	78	2.429165777456552
J185	14	9	54	66	1.516172216429136
J186	14	5	14	38	1.134751807105184
J187	14	9	88	56	0.34886502850074064
J188	14	1	45	26	1.5539830596916637
J189	15	5	84	54	1.0066233980063128
J190	15	4	8	71	0.6954218053299579
J191	16	13	33	63	1.7431044893689633
J192	15	11	34	7	0.9540098363182951
\\ Jobs in machine 18
10
J193	16	2	35	73	0.9134401411347448
J194	14	14	31	18	1.523662119541889
J195	16	13	58	59	0.18729608647332818
J196	13	9	5	43	2.240625350799538
J197	14	5	95	72	0.19982107664356152
J198	14	11	21	64	0.9390986974418849
J199	14	1	3	30	1.1837678605381028
J200	13	4	100	8	1.5501941140735518
J201	16	3	67	12	0.15095073023907934
J202	14	3	45	32	0.42006614592884184
\\ Dependencies 
301
1	2
1	11
2	6
2	8
2	10
2	11
3	5
3	9
3	10
4	6
4	12
5	12
7	11
8	9
10	11
13	15
13	17
13	18
13	19
13	20
13	21
13	23
14	16
14	20
15	19
15	20
17	18
17	21
18	20
19	21
19	22
20	21
20	23
22	23
24	29
24	30
24	32
24	33
24	34
24	35
25	27
25	29
25	35
26	29
26	32
26	34
26	35
27	28
27	32
27	33
28	34
29	34
29	35
30	31
30	33
30	35
31	32
33	35
36	40
36	46
37	38
37	39
37	40
37	43
37	44
37	45
39	40
39	41
39	42
39	46
40	41
40	44
40	46
44	45
45	46
47	50
47	55
48	50
48	51
48	55
49	50
49	52
49	54
51	52
51	57
52	54
53	55
53	56
53	57
54	57
55	56
58	59
58	67
59	61
59	62
59	63
59	64
60	61
60	64
60	66
60	68
61	62
62	66
63	64
63	65
64	66
65	68
70	72
70	78
70	79
71	79
72	75
73	77
73	78
74	75
74	76
74	78
77	79
78	79
80	86
80	87
80	91
81	82
81	89
81	91
82	83
82	86
83	89
83	90
84	90
85	86
85	88
85	91
86	90
87	88
88	90
88	91
92	93
92	94
92	96
92	100
92	102
93	99
93	101
94	97
94	98
94	99
94	100
94	103
95	101
95	103
96	97
96	98
96	101
98	102
98	103
99	101
102	103
104	107
104	109
104	111
105	106
105	110
105	112
106	109
107	109
107	111
107	114
108	110
108	114
109	111
110	112
111	112
112	113
112	114
115	119
115	123
116	117
116	118
116	119
116	121
117	120
118	123
124	126
124	128
124	132
124	133
124	134
125	132
125	134
126	128
126	129
127	128
127	132
127	135
128	129
128	132
128	134
129	131
130	134
131	132
131	134
132	133
133	134
137	139
137	140
138	144
138	145
139	143
139	145
140	142
140	145
141	143
143	145
144	145
146	150
146	151
146	155
147	148
147	150
147	155
148	149
148	150
148	151
148	154
148	155
148	157
149	154
149	156
150	154
150	156
151	155
151	156
151	157
152	153
152	156
154	157
155	156
155	157
158	160
158	165
159	165
160	163
160	167
162	164
163	167
164	165
164	167
165	167
168	169
168	174
168	175
168	176
169	177
169	179
170	171
170	172
171	173
171	177
171	178
171	179
172	175
172	176
173	175
173	177
173	179
174	175
175	179
180	183
180	184
180	185
180	188
180	189
181	190
182	184
182	190
182	191
183	192
184	188
185	189
185	192
186	192
187	188
187	190
189	191
193	198
193	199
193	200
193	201
194	195
194	199
194	202
195	196
195	199
196	197
196	199
196	200
196	202
197	200
197	201
198	200
