\\ machines
25
\\ max power
250
\\ Jobs in machine 1
11
J1	16	8	31	8	0.9696928466097374
J2	14	5	25	87	1.9168316672353756
J3	14	11	42	14	1.125234725553133
J4	12	12	76	106	1.3642414859768104
J5	16	8	7	7	1.5339159749013627
J6	16	9	90	101	1.2428872794738621
J7	16	13	66	101	1.1609376463465486
J8	14	2	7	70	1.087797792297068
J9	15	10	15	73	1.445606530130966
J10	14	8	59	41	1.6896154502260816
J11	15	9	91	72	1.2256096116017623
\\ Jobs in machine 2
12
J12	14	4	95	99	1.9462215702161931
J13	13	2	4	42	2.3924657332406003
J14	14	1	98	111	2.0509190268508983
J15	14	11	55	76	2.027619107319509
J16	14	14	31	79	1.1110623486570586
J17	15	4	47	114	0.9147015376968299
J18	15	12	44	81	1.6932325108271709
J19	14	13	9	105	0.7924264593420558
J20	13	10	95	112	0.4632186573634869
J21	14	1	100	67	1.1587697547622902
J22	14	8	81	82	1.0797688374627838
J23	12	3	74	87	1.12562343802276
\\ Jobs in machine 3
12
J24	14	4	18	1	1.2724429642007324
J25	13	10	69	51	0.30579754145129
J26	15	9	22	62	1.6034687016676044
J27	13	8	110	66	0.8957028004823164
J28	15	3	55	55	0.1
J29	14	14	61	123	1.1834286946338552
J30	15	10	83	57	1.6533200984502112
J31	13	5	96	13	1.08409435174923
J32	13	9	73	114	1.173962739850754
J33	14	4	39	1	1.1656164255932164
J34	15	11	41	22	0.6607605740822828
J35	15	11	107	19	0.9771955888263054
\\ Jobs in machine 4
12
J36	16	4	73	83	0.5225128580434066
J37	14	13	98	47	1.2760802079672726
J38	15	3	28	62	1.639788530084394
J39	13	7	52	94	0.8228651553150272
J40	13	6	102	124	0.9518972935989446
J41	15	1	14	122	0.3272662157121371
J42	16	5	64	28	1.8349724947559376
J43	14	4	77	94	1.0288692904981223
J44	14	13	73	71	0.41906674401438415
J45	15	9	106	117	1.9040498940498816
J46	14	14	3	3	1.2650262911990153
J47	13	5	57	58	0.9698360282246243
\\ Jobs in machine 5
11
J48	18	2	29	79	1.7343077880548252
J49	14	1	12	41	1.4225939202180706
J50	14	7	39	65	1.0354108854455446
J51	14	11	50	37	0.8125304929052235
J52	15	13	43	55	0.1
J53	14	9	82	46	0.8328648404799681
J54	15	2	73	14	1.5654588736095876
J55	15	2	57	13	1.9009075069134753
J56	15	5	76	41	0.22024538503064162
J57	14	6	73	35	0.9813816944785113
J58	15	9	44	21	1.1424078295299958
\\ Jobs in machine 6
10
J59	14	9	96	114	1.3380494419497826
J60	14	4	8	72	1.5308926224797499
J61	14	6	21	13	2.0467449174254644
J62	15	14	67	24	0.6922300953054707
J63	17	1	96	80	1.3110781231774515
J64	16	10	62	105	1.7910927066833047
J65	14	1	13	115	1.3208375916912822
J66	15	8	37	104	1.7393345909743099
J67	15	8	108	76	1.021859495665532
J68	12	9	104	121	1.3746793922353433
\\ Jobs in machine 7
11
J69	14	11	6	36	2.4510552845594398
J70	16	2	33	53	1.183963157377612
J71	15	9	20	20	1.3266436992982031
J72	15	3	48	113	2.2338604472017565
J73	15	11	25	72	1.4208155260299535
J74	14	7	37	101	1.5400684618823872
J75	17	3	110	81	1.4875890499204383
J76	15	5	109	9	1.438633479848487
J77	16	3	2	62	0.1376011953300622
J78	14	7	82	61	0.43236997543559963
J79	14	9	43	1	1.2101610656910011
\\ Jobs in machine 8
13
J80	14	1	31	83	0.25911882020140453
J81	16	3	18	50	1.6415486614997985
J82	15	5	98	124	1.5130116235765336
J83	14	11	11	77	0.6506941319909233
J84	15	8	63	80	1.2149388874437654
J85	13	9	100	54	0.88161289961041
J86	15	13	103	33	0.7010975088771636
J87	15	5	69	42	1.1526560763135116
J88	14	13	55	80	0.8546409307824794
J89	15	10	98	121	1.229666424943298
J90	14	4	65	92	0.1
J91	15	4	7	81	1.4525096344622457
J92	15	8	44	73	0.8947232463415984
\\ Jobs in machine 9
12
J93	14	14	44	88	1.0527940370954727
J94	15	3	82	35	0.9765978063070869
J95	14	9	10	23	2.493846934704211
J96	15	3	82	74	0.48790872273585184
J97	16	7	45	64	2.3765131441072933
J98	15	2	94	52	1.2031184218398239
J99	15	6	70	22	0.9533893218467598
J100	13	1	91	92	1.0518515358889966
J101	14	10	66	52	1.4908390223080161
J102	16	13	10	7	0.8785647773103417
J103	13	4	26	121	1.408030562901538
J104	13	14	103	35	1.8712577870892046
\\ Jobs in machine 10
10
J105	15	11	105	27	1.2240064706161613
J106	14	7	4	84	1.253943987228991
J107	14	5	34	52	2.448408199366823
J108	13	13	27	119	0.7568603410836647
J109	16	13	67	92	0.7263325570525164
J110	14	7	71	123	0.7856437857560552
J111	15	4	108	57	0.9648247606471216
J112	14	11	33	56	0.7707719651799385
J113	15	7	51	72	1.625850705379706
J114	16	6	47	96	1.465886406977915
\\ Jobs in machine 11
12
J115	14	3	57	37	0.5822730564388545
J116	15	3	61	39	1.106413351505366
J117	17	10	7	98	1.2367305758598781
J118	15	13	89	98	1.721246042656411
J119	15	5	70	40	1.3861972730524554
J120	15	13	107	113	1.0376243579082127
J121	15	1	67	110	1.5081648223463942
J122	15	10	47	90	1.817101613089215
J123	16	13	34	63	1.1309496308123541
J124	14	4	57	29	1.6344547198563397
J125	14	6	30	85	1.464837536699865
J126	14	8	87	110	0.8167613813391266
\\ Jobs in machine 12
11
J127	13	12	24	39	1.8040481113827185
J128	16	2	60	94	1.3941077548150922
J129	15	8	2	14	1.784541532870007
J130	13	1	8	94	1.3591292880790098
J131	15	13	58	113	1.3380721920002971
J132	16	11	82	116	0.64833003216812
J133	15	5	108	43	1.007437660914205
J134	14	1	92	88	2.0308945664131532
J135	15	13	33	38	1.6107093954838692
J136	14	1	74	41	0.7916582976716555
J137	15	8	28	64	2.0308913377125783
\\ Jobs in machine 13
11
J138	13	11	55	43	0.7718428058449358
J139	16	6	41	12	0.98292248979819
J140	13	12	103	31	1.0926009407890132
J141	14	14	91	86	1.5544140256220582
J142	12	3	98	26	1.3779302807090494
J143	14	2	103	108	1.2122697760208894
J144	13	5	3	34	1.2425485371828433
J145	14	14	28	71	1.2601438994880767
J146	13	12	9	16	0.4818376780788455
J147	16	9	12	96	1.502548851079819
J148	16	5	44	45	0.5858440676280607
\\ Jobs in machine 14
12
J149	15	8	13	77	1.8779740597981016
J150	14	14	67	37	0.37744261127930023
J151	16	1	39	78	1.0205919341766116
J152	16	9	17	84	1.2034375670208155
J153	15	5	65	59	1.4522201261169478
J154	13	14	64	105	1.337238489824486
J155	14	3	22	96	0.9347889457051561
J156	16	4	45	11	1.9543961261893668
J157	14	3	58	105	0.5250433978732925
J158	16	11	10	43	0.8487695060407643
J159	16	7	3	17	1.4350408182411754
J160	15	12	27	32	1.363109888888023
\\ Jobs in machine 15
10
J161	13	6	32	28	0.859742552932397
J162	15	2	75	15	1.1106536871040182
J163	13	7	29	109	2.176537715189843
J164	13	9	6	112	1.862353470621537
J165	14	10	75	31	1.3366184348869268
J166	14	6	2	83	1.47230235561525
J167	16	1	33	47	0.882996400892109
J168	12	6	95	111	1.187824156555161
J169	15	2	90	106	1.5410467486690025
J170	15	3	101	74	0.5889694448301663
\\ Jobs in machine 16
11
J171	16	4	20	68	1.0665316595366545
J172	15	14	43	123	0.14968394270432528
J173	13	14	70	10	0.5247001625157016
J174	15	7	101	72	1.3515197446133516
J175	13	12	91	96	0.700054733884071
J176	14	4	23	69	1.5062357623504152
J177	14	1	78	113	1.8403668999405332
J178	13	3	21	96	0.4907573591615406
J179	14	12	73	19	1.4821926070058427
J180	15	2	95	80	0.5130711147254888
J181	14	3	23	27	1.220585099196925
\\ Jobs in machine 17
11
J182	14	9	17	56	1.41232331696434
J183	14	7	76	85	0.7809180218263689
J184	16	8	52	73	1.054113558494171
J185	14	8	108	105	2.152415569783704
J186	14	13	38	39	1.0211874595073218
J187	15	4	59	81	1.2769580326641985
J188	14	5	58	65	0.1
J189	15	13	91	47	1.293885515165922
J190	14	6	39	97	0.17891258064500315
J191	14	1	50	115	1.301478671981625
J192	14	2	13	118	0.6949510301306457
\\ Jobs in machine 18
12
J193	14	7	35	26	0.968444732084201
J194	14	7	56	108	1.4530115813180977
J195	16	12	102	92	1.7628978482538185
J196	14	10	103	81	1.815936604920879
J197	16	11	5	90	1.2702329950522013
J198	13	12	100	78	1.1565875001956545
J199	15	14	20	116	2.0040986415369644
J200	13	3	31	104	0.9505043512175204
J201	17	10	96	61	1.104541908115003
J202	14	3	83	30	1.041743383737969
J203	15	7	26	85	0.6794357128038457
J204	16	2	15	94	1.1947597673901327
\\ Jobs in machine 19
12
J205	13	12	8	54	0.5675055323875545
J206	15	3	12	74	1.6066509227085946
J207	13	11	39	53	1.558772500566867
J208	13	3	4	92	0.8411977047478978
J209	15	5	109	73	1.9093115562713385
J210	14	3	15	29	0.19247931751597513
J211	15	4	109	66	1.1029566756402274
J212	13	1	50	99	1.6586651940280197
J213	16	10	21	77	1.408987664977728
J214	14	13	34	42	1.1811312529683182
J215	15	14	45	43	1.1274706602182034
J216	14	7	64	54	1.4220835538060927
\\ Jobs in machine 20
10
J217	14	1	33	12	0.19432264745841032
J218	14	14	4	59	1.1445591009776839
J219	14	3	46	109	1.3537584241449852
J220	14	14	100	15	1.359192843668435
J221	14	6	92	42	0.8352131797308917
J222	14	11	16	119	1.261444084459838
J223	13	11	12	125	1.389333380642733
J224	14	7	101	4	1.5435689798674725
J225	15	4	106	113	1.0325098289585997
J226	15	9	76	20	1.4649417413580272
\\ Jobs in machine 21
10
J227	16	11	36	55	0.9163940410253391
J228	16	12	36	90	0.29250665272186094
J229	14	6	76	103	1.1765616117919067
J230	14	12	71	76	1.2968140863844353
J231	15	8	27	80	0.5774441292315443
J232	15	1	18	11	0.9012374942254301
J233	15	6	19	90	1.7571063923839254
J234	14	13	29	43	1.3710879230771085
J235	16	13	39	29	1.2303399094315104
J236	14	1	70	124	1.6507519433467985
\\ Jobs in machine 22
11
J237	15	3	86	76	2.2200777929553386
J238	15	7	78	7	1.4336414878510086
J239	16	14	44	23	1.9707458056704326
J240	14	8	17	88	1.4439489830495909
J241	15	11	95	54	0.1
J242	15	12	11	57	1.0025357961814987
J243	14	7	39	113	1.0736215399105093
J244	14	6	14	51	0.5226473502485839
J245	14	7	81	67	0.6387447387840491
J246	15	3	65	71	1.6947881416740693
J247	14	1	21	2	0.885607472676589
\\ Jobs in machine 23
10
J248	13	1	88	49	1.0804859892545862
J249	14	4	72	25	0.5809919526388083
J250	15	2	74	54	1.293221462936109
J251	13	3	34	33	0.5458464494688473
J252	15	5	110	92	0.7790624648033369
J253	15	2	89	26	1.4218005779264198
J254	16	2	41	20	0.9349687545938445
J255	14	10	31	13	0.6408135921866992
J256	15	5	51	124	1.2141304091826584
J257	15	12	37	89	1.059541021772634
\\ Jobs in machine 24
9
J258	13	14	71	10	1.8362239214901455
J259	14	1	90	122	1.1301436568998708
J260	14	3	110	49	1.0718406021159448
J261	14	8	18	38	0.7691905475933409
J262	16	11	57	49	1.328416654086686
J263	14	6	94	41	0.8032223285273129
J264	14	12	63	23	0.7398309233940463
J265	13	2	91	39	1.5733845887527524
J266	13	7	73	72	1.2694030211253131
\\ Jobs in machine 25
10
J267	15	4	102	83	1.7738270401971659
J268	14	3	41	106	2.390259204315087
J269	15	13	38	78	1.1731514604830158
J270	12	13	38	25	0.9478033861054873
J271	15	3	82	50	1.6619869993694527
J272	13	3	78	14	1.158490781233855
J273	16	5	51	9	0.6485898309080775
J274	15	12	75	55	1.9330067849137116
J275	15	1	32	99	0.8555969948658779
J276	14	2	44	16	1.260625157885948
\\ Dependencies 
552
1	3
1	4
1	10
2	3
2	5
3	4
3	8
3	10
4	8
4	10
5	8
5	9
5	10
5	11
6	7
6	8
6	9
9	10
12	18
12	20
12	23
13	22
14	16
14	18
14	20
14	21
14	23
15	16
15	19
15	22
16	17
17	19
19	20
20	23
21	22
24	25
24	29
24	32
24	33
24	34
25	26
25	27
25	29
25	31
25	33
25	34
26	27
26	29
26	34
27	28
27	29
27	35
28	34
29	30
29	31
29	33
30	35
31	33
32	33
32	35
36	39
36	47
37	41
38	40
38	41
39	40
39	41
39	44
39	46
40	42
40	44
40	47
41	43
42	43
42	44
42	46
43	45
43	47
44	45
44	46
46	47
48	51
48	52
48	57
48	58
49	50
49	52
49	57
49	58
50	56
51	52
51	54
51	57
52	53
52	56
52	57
53	54
54	56
54	58
55	58
56	57
59	62
59	67
59	68
60	61
60	64
60	68
61	62
61	64
61	65
61	66
61	68
62	64
63	64
63	65
63	66
64	65
64	68
66	68
69	71
69	74
69	78
69	79
70	75
70	76
70	78
71	72
71	75
71	77
71	79
72	73
72	75
73	76
73	78
73	79
74	75
75	76
77	78
80	81
80	82
80	85
80	88
80	92
81	87
81	91
82	83
82	87
82	89
82	90
82	92
83	84
84	86
84	88
84	89
84	90
85	88
86	87
86	88
86	89
87	89
87	90
88	91
89	90
89	91
89	92
90	91
91	92
93	102
93	103
94	96
94	104
95	98
95	99
95	100
95	102
95	104
96	97
96	98
96	99
96	100
96	103
96	104
97	98
97	100
97	101
98	99
98	100
98	103
99	100
99	103
99	104
100	102
100	103
102	104
103	104
105	106
105	108
105	109
105	110
105	114
106	109
106	112
106	114
107	108
107	109
107	110
107	113
108	109
108	110
108	112
108	114
109	110
109	111
109	112
109	113
110	111
110	114
111	113
112	113
115	116
115	117
115	119
115	120
115	124
116	120
116	121
116	125
116	126
117	125
117	126
118	120
119	121
119	123
119	125
120	121
120	122
120	123
122	124
122	125
122	126
123	125
124	126
127	128
127	130
127	133
127	135
128	129
128	130
128	132
128	135
129	131
129	132
129	134
129	137
130	133
131	133
131	134
131	137
132	133
132	135
132	136
132	137
133	134
134	137
136	137
138	140
138	148
139	146
139	147
140	141
140	143
140	145
140	146
140	148
141	144
141	145
141	147
142	143
142	146
142	147
142	148
144	145
145	146
145	148
146	148
147	148
149	152
149	153
149	154
149	158
149	159
150	151
150	152
150	154
151	152
151	154
151	158
151	159
152	155
152	158
153	154
153	160
154	159
156	160
158	159
158	160
161	163
161	166
161	170
162	167
162	168
162	170
163	165
163	166
163	168
163	170
164	165
164	166
164	167
164	168
164	169
165	166
165	167
165	168
165	169
165	170
166	168
166	170
168	169
168	170
171	176
171	177
171	179
171	181
172	173
172	174
172	177
172	179
173	176
174	176
174	177
174	178
174	179
174	180
174	181
175	176
175	181
176	177
176	179
177	179
177	180
178	179
178	180
178	181
179	181
182	185
182	189
182	190
183	185
183	186
183	190
183	192
184	187
184	188
184	190
184	191
184	192
185	187
185	190
185	191
185	192
186	187
186	190
187	188
187	190
188	189
188	190
189	190
189	191
193	194
193	195
193	197
193	198
193	200
193	201
193	202
193	203
193	204
195	197
195	199
195	204
196	197
196	198
196	199
196	200
196	202
196	203
196	204
197	199
197	202
197	204
198	204
199	200
199	201
199	203
200	202
200	203
201	202
202	203
202	204
205	206
205	212
205	215
205	216
206	207
206	209
206	210
206	213
206	215
206	216
207	208
207	209
208	214
208	215
209	211
210	211
210	213
210	216
211	212
211	216
212	214
212	216
217	219
217	221
217	222
217	223
217	224
217	225
218	220
218	221
218	223
218	224
218	226
219	221
220	222
220	225
220	226
221	223
221	224
221	225
222	226
223	224
223	225
224	225
227	233
227	234
227	235
228	230
229	230
229	232
229	233
229	236
230	232
231	232
231	233
231	234
232	233
232	234
232	235
233	235
233	236
234	235
237	238
237	239
237	240
237	241
237	243
237	244
237	245
237	246
238	239
238	243
238	244
238	246
238	247
239	240
239	243
240	241
240	244
240	245
241	245
242	245
243	244
243	246
243	247
244	245
244	247
248	249
248	250
248	253
249	254
249	256
250	251
250	253
250	256
251	252
251	255
251	257
252	255
254	256
254	257
255	256
255	257
256	257
258	263
258	265
259	261
259	262
259	263
260	261
260	262
260	264
260	265
260	266
261	263
261	265
261	266
262	263
263	265
265	266
267	269
267	271
267	272
267	275
267	276
268	269
268	270
268	271
268	272
268	273
268	276
269	272
269	273
269	274
270	276
271	273
271	274
273	274
273	275
273	276
274	275
275	276
