\\ machines
8
\\ max power
80
\\ Jobs in machine 1
10
J1	15	14	89	12	1.1415548480096958
J2	15	1	9	1	1.1757999840436146
J3	14	1	73	6	1.5846783219516347
J4	15	9	58	19	0.9908371515118116
J5	12	13	29	2	1.3564742047826894
J6	14	2	80	2	0.8960313774995181
J7	15	13	56	4	1.4119783641726276
J8	14	6	26	20	1.5242171178935189
J9	14	14	79	17	2.407744182997977
J10	16	14	45	7	1.145036266696492
\\ Jobs in machine 2
10
J11	13	8	63	20	0.1764424126605313
J12	14	5	84	12	1.1074450468731531
J13	15	13	55	18	1.370027291951465
J14	14	9	93	14	1.471611622736456
J15	14	3	11	18	1.6073745109825646
J16	16	5	66	10	1.170681537909617
J17	15	2	60	6	1.3483889392838093
J18	13	6	84	15	1.8126289107086428
J19	14	13	22	20	0.9964872132229792
J20	16	12	55	19	1.6140895278611502
\\ Jobs in machine 3
11
J21	15	7	72	9	0.6918288635505818
J22	13	8	25	20	1.6035558065904343
J23	16	13	46	13	1.8755677335669698
J24	16	3	82	11	1.330886727639698
J25	14	13	88	15	1.3211766365173172
J26	14	8	32	4	0.6575439744619778
J27	13	10	25	12	1.2150435163096087
J28	16	4	54	11	1.2241197847298015
J29	15	3	74	5	1.0503713567738162
J30	16	13	98	10	0.5999082436090052
J31	15	12	80	6	1.043648182733473
\\ Jobs in machine 4
9
J32	14	13	92	7	1.3539881645061167
J33	14	1	2	19	1.8474860126243349
J34	14	11	59	10	1.0939490795474414
J35	14	1	88	15	1.043772737723361
J36	14	14	98	15	2.27701048502714
J37	15	8	76	18	1.0180893795228583
J38	14	4	43	15	1.380569861110449
J39	15	8	90	11	1.5985783873721604
J40	16	6	71	11	1.022161986024337
\\ Jobs in machine 5
12
J41	14	7	3	2	0.11764203962329778
J42	16	8	23	19	0.8465340743485177
J43	14	11	88	1	1.8526618710354064
J44	14	9	55	1	1.0486119172643569
J45	16	10	102	12	1.1833263828192877
J46	16	1	8	13	2.3812641073626555
J47	14	5	44	15	1.7504703178258993
J48	13	5	47	20	0.39027269863582004
J49	15	12	87	6	1.0645219055535615
J50	14	3	85	20	0.1
J51	15	14	56	13	1.7776769877696879
J52	14	12	23	3	0.719928014016936
\\ Jobs in machine 6
10
J53	16	8	67	4	1.9682265471314158
J54	15	9	3	3	0.4585870117038934
J55	14	12	21	20	1.258751722045786
J56	14	6	95	1	1.3355828375396916
J57	13	12	96	13	1.5230091690660854
J58	13	1	58	14	1.3765936726571715
J59	14	10	6	18	1.089196065606748
J60	16	11	86	3	1.2042004437818488
J61	14	13	60	9	0.8965711172683841
J62	15	2	18	17	0.6250334708358729
\\ Jobs in machine 7
11
J63	16	3	49	16	0.8239522544548606
J64	15	12	41	18	1.2824816383257707
J65	17	9	28	20	1.59831830150561
J66	14	6	76	15	1.6726857012265401
J67	14	2	7	18	0.7839605769645648
J68	15	12	28	1	1.2165037960202303
J69	15	4	31	10	1.3351152337393408
J70	14	14	72	5	1.56380142884374
J71	13	12	2	13	1.1708792573542635
J72	15	10	15	19	1.5582084434857157
J73	14	3	78	12	0.8038218672539601
\\ Jobs in machine 8
10
J74	16	8	60	5	1.226048051219836
J75	13	5	38	18	1.3575571017674941
J76	15	6	64	3	1.6252261205279581
J77	14	10	97	17	1.8951618344052967
J78	15	12	39	5	1.6119343111056574
J79	14	14	57	7	0.5052800289862176
J80	15	5	3	20	0.8006788337760662
J81	15	7	44	16	0.541359666183451
J82	15	9	18	16	1.3641259678234186
J83	14	7	79	20	0.4914691559007509
\\ Dependencies 
77
1	4
1	7
1	8
2	10
3	6
3	7
3	8
3	9
3	10
4	10
11	13
11	15
11	19
11	20
12	14
12	17
14	16
15	17
16	17
16	20
18	20
21	23
21	26
22	27
23	28
23	30
24	30
24	31
25	27
26	27
26	31
36	37
37	39
38	39
38	40
41	52
42	49
42	52
44	45
44	48
45	48
45	49
45	50
46	47
46	50
51	52
53	54
53	58
54	59
55	56
56	61
58	62
59	60
63	64
63	65
64	65
64	67
64	70
67	69
67	70
67	72
68	71
68	72
69	71
74	81
74	83
75	79
75	80
75	82
76	79
77	78
77	80
77	81
77	83
78	82
79	83
81	83
