\\ machines
12
\\ max power
120
\\ Jobs in machine 1
12
J1	15	2	93	8	0.5004447372428805
J2	16	1	89	42	0.31206558662578676
J3	14	4	32	37	0.7296693189135002
J4	15	4	22	25	1.6572463531764383
J5	14	5	69	44	1.3958980301080166
J6	13	9	62	9	0.8093653058336963
J7	15	4	6	22	0.7734417233819917
J8	14	6	95	5	0.48164769686984743
J9	12	6	95	14	1.211692744948528
J10	15	1	68	9	0.7432778992200355
J11	15	12	79	40	1.7485972361188298
J12	13	5	45	25	2.0703323265410405
\\ Jobs in machine 2
12
J13	15	13	49	13	1.5124876068280655
J14	14	2	58	1	0.33899985290736445
J15	16	5	99	48	2.1628494132786105
J16	15	12	64	54	1.94096848329699
J17	14	7	70	55	1.8830245434171413
J18	15	8	93	58	1.3182268414390412
J19	15	9	8	32	1.8497196815437316
J20	14	11	51	31	1.3520366936515253
J21	15	13	109	36	1.9444355896863144
J22	17	13	110	42	0.6225590775195834
J23	14	12	82	17	1.2236955386458732
J24	12	3	10	33	1.281616653323584
\\ Jobs in machine 3
10
J25	15	3	56	23	0.91849493208588
J26	15	12	94	44	1.110765138986348
J27	14	9	22	55	1.4038449175503922
J28	15	3	14	11	1.0399956016328415
J29	14	3	108	13	1.2190551088620794
J30	16	9	72	53	0.7440028676969106
J31	14	9	5	26	1.117589728547283
J32	14	5	56	27	1.1350438856132574
J33	15	7	56	29	1.0706422278362286
J34	16	3	4	6	1.5401079070915316
\\ Jobs in machine 4
11
J35	13	13	106	45	1.581186117331291
J36	13	2	92	11	1.5530036653842705
J37	15	6	13	10	0.9198256909984158
J38	15	11	82	36	0.2229421904044735
J39	14	10	56	21	2.342235867531055
J40	15	13	66	35	1.287548270055866
J41	14	10	61	46	1.3260375488135332
J42	15	12	73	49	1.4215572406586994
J43	14	10	44	54	2.093813255698244
J44	14	9	56	39	1.214779129490986
J45	14	9	54	10	1.1287355503570735
\\ Jobs in machine 5
11
J46	13	2	25	19	1.5973895743571203
J47	15	9	20	2	1.3784280121670773
J48	16	14	27	5	1.2034787020238733
J49	14	5	110	56	1.2870718768713727
J50	14	5	73	14	0.6825538049002303
J51	15	2	62	20	1.1210012132200455
J52	15	12	2	34	1.243672392802989
J53	13	9	44	20	0.7354694375595321
J54	14	4	19	39	1.0591500547706572
J55	14	14	24	42	0.3462011709876225
J56	13	4	108	3	1.160036610038109
\\ Jobs in machine 6
13
J57	14	13	46	35	1.2826877331089435
J58	15	6	88	12	0.22707121478286751
J59	15	5	10	1	1.0174702703942273
J60	15	5	53	60	1.0292285047912537
J61	15	5	99	38	1.349441766446992
J62	16	11	99	54	0.9216690678261188
J63	12	2	23	21	0.5049312564881682
J64	13	9	58	22	1.3460297983149552
J65	14	3	24	32	1.17687555065065
J66	16	7	3	58	1.2629381784522322
J67	16	9	29	9	1.16881753860533
J68	14	10	56	55	1.0651908994409733
J69	14	14	68	7	1.4417173012149027
\\ Jobs in machine 7
10
J70	17	9	6	9	1.0583448080705364
J71	14	12	61	6	0.9344608256050055
J72	16	4	70	42	0.982476577694845
J73	14	4	84	36	1.697835065935096
J74	13	9	80	37	1.582052652367993
J75	15	4	13	43	1.9931677514063493
J76	15	6	2	16	0.7233789415008022
J77	15	5	107	58	1.2330393960573771
J78	14	2	4	25	1.8454117604149347
J79	15	9	57	45	1.7851608018255418
\\ Jobs in machine 8
11
J80	15	11	61	57	1.511689408804071
J81	16	4	107	33	0.9897167245721146
J82	15	6	106	60	0.5768269215848009
J83	13	14	83	8	0.5319095054668418
J84	14	11	25	55	1.0145478829910966
J85	14	8	90	5	2.013291684409475
J86	16	10	88	57	1.3858623231114622
J87	14	14	36	19	0.7017467339791368
J88	14	7	100	41	1.4931063701554508
J89	14	12	49	8	1.5616987227874917
J90	15	11	21	45	1.7097026345283248
\\ Jobs in machine 9
10
J91	15	10	15	35	2.6422257170892376
J92	15	2	17	5	1.8105589578445604
J93	14	14	4	6	1.1586719431012134
J94	14	10	101	16	1.9880779178730439
J95	13	10	25	39	1.6055322919225352
J96	13	1	94	13	0.16478141782923106
J97	16	4	67	36	1.6947149493732374
J98	17	13	29	18	1.7977881518611452
J99	14	6	97	37	0.6596687981366294
J100	15	7	22	59	0.5650587036795632
\\ Jobs in machine 10
12
J101	14	9	65	52	0.331621051095898
J102	17	13	12	53	0.762595967908793
J103	13	10	83	34	1.8123919709448406
J104	15	9	71	44	1.946730794055222
J105	14	5	87	50	1.3086513938351896
J106	14	7	29	1	2.0948967915257968
J107	15	5	88	31	0.8978972566285202
J108	14	14	69	43	0.8000073944155419
J109	12	10	2	53	1.4315133086611773
J110	14	6	85	6	0.6957629170790537
J111	14	5	101	16	1.268672512953582
J112	16	13	95	8	1.8059953853593
\\ Jobs in machine 11
12
J113	14	14	31	39	0.7625740664502547
J114	14	10	104	35	1.0061618043638407
J115	15	10	3	29	2.1675528174558645
J116	14	5	26	47	1.1936541582146694
J117	16	7	42	35	1.3194293707087785
J118	14	5	10	9	0.9823267490873641
J119	14	14	69	56	1.1426624765722235
J120	15	14	20	45	1.8188744964019437
J121	13	12	107	28	1.5607607002516821
J122	16	4	15	9	1.2439776319215918
J123	15	10	85	16	0.9661185413213211
J124	14	10	6	44	1.3350387028282458
\\ Jobs in machine 12
11
J125	14	10	73	52	0.1
J126	15	14	70	28	0.6287696477777076
J127	16	8	37	22	2.0933512360284636
J128	14	4	96	50	1.4019181349511443
J129	15	1	36	4	1.4330836452467546
J130	13	9	62	56	1.5909837367269404
J131	14	10	103	35	1.2142768205756993
J132	12	8	93	34	0.7259340390637027
J133	15	14	54	38	1.759327361640862
J134	15	11	35	16	0.8611348967035776
J135	14	8	56	46	1.4092777050830998
\\ Dependencies 
620
1	2
1	3
1	4
1	5
1	6
1	7
1	8
1	9
1	10
1	11
1	12
2	4
2	5
2	6
2	7
2	8
2	9
2	10
2	11
2	12
3	4
3	5
3	6
3	7
3	8
3	9
3	10
3	11
3	12
4	5
4	7
4	9
4	10
4	11
5	6
5	7
5	8
5	9
5	10
5	11
5	12
6	7
6	8
6	9
6	10
6	11
6	12
7	10
7	11
7	12
8	9
8	11
8	12
9	10
9	11
9	12
10	11
10	12
11	12
13	14
13	15
13	16
13	17
13	18
13	19
13	20
13	23
14	15
14	16
14	17
14	18
14	19
14	20
14	21
14	22
14	23
14	24
15	16
15	17
15	18
15	19
15	20
15	22
15	23
15	24
16	17
16	18
16	19
16	20
16	21
16	22
16	23
16	24
17	18
17	19
17	20
17	21
17	22
17	23
17	24
18	20
18	21
18	22
18	23
18	24
19	20
19	21
19	22
19	23
19	24
20	21
20	22
20	23
20	24
21	22
21	23
21	24
22	23
22	24
25	26
25	27
25	28
25	29
25	30
25	31
25	32
25	33
25	34
26	29
26	30
26	31
26	32
27	28
27	29
27	30
27	31
27	32
27	33
27	34
28	31
28	33
28	34
29	30
29	31
29	32
29	33
29	34
30	31
30	32
30	33
30	34
31	33
31	34
32	33
32	34
33	34
35	36
35	37
35	38
35	39
35	40
35	41
35	42
35	44
35	45
36	37
36	38
36	39
36	40
36	41
36	42
36	43
36	45
37	38
37	39
37	41
37	42
37	43
37	44
37	45
38	39
38	40
38	41
38	42
38	43
38	44
38	45
39	40
39	41
39	42
39	43
39	44
39	45
40	41
40	42
40	43
40	44
40	45
41	42
41	43
42	43
42	44
42	45
43	44
43	45
44	45
46	47
46	48
46	49
46	50
46	51
46	52
46	53
46	54
46	55
46	56
47	50
47	51
47	52
47	53
47	54
47	55
47	56
48	49
48	51
48	52
48	53
48	56
49	50
49	51
49	52
49	53
49	55
49	56
50	51
50	52
50	53
50	54
50	55
50	56
51	52
51	53
51	55
51	56
52	53
52	54
52	55
53	54
53	56
54	55
54	56
57	58
57	59
57	60
57	61
57	62
57	64
57	65
57	66
57	67
57	68
57	69
58	59
58	60
58	61
58	62
58	63
58	64
58	65
58	67
58	68
58	69
59	60
59	61
59	62
59	63
59	64
59	65
59	66
59	67
59	68
59	69
60	61
60	62
60	64
60	65
60	67
60	68
60	69
61	62
61	63
61	65
61	66
61	68
61	69
62	63
62	64
62	65
62	67
62	69
63	64
63	65
63	66
63	67
63	68
63	69
64	65
64	66
64	67
64	68
64	69
65	66
65	67
65	68
65	69
66	67
66	68
66	69
67	68
67	69
68	69
70	71
70	72
70	73
70	74
70	75
70	76
70	77
70	78
71	72
71	73
71	74
71	75
71	76
71	77
71	79
72	73
72	74
72	75
72	76
72	77
72	78
73	74
73	77
73	78
73	79
74	75
74	76
74	77
74	78
74	79
75	76
75	77
75	78
75	79
76	78
77	78
77	79
78	79
80	81
80	82
80	83
80	84
80	85
80	87
80	88
80	89
80	90
81	82
81	83
81	84
81	85
81	86
81	87
81	89
81	90
82	83
82	85
82	86
82	87
82	89
82	90
83	84
83	85
83	87
83	88
83	89
84	85
84	86
84	87
84	88
85	86
85	87
85	88
85	89
86	87
86	88
86	89
86	90
87	88
87	89
87	90
88	90
89	90
91	92
91	93
91	94
91	95
91	96
91	97
91	98
91	99
91	100
92	93
92	94
92	95
92	96
92	97
92	98
92	99
92	100
93	94
93	95
93	96
93	98
93	99
93	100
94	95
94	96
94	97
94	98
94	99
94	100
95	96
95	97
95	98
95	99
95	100
96	97
96	98
96	99
96	100
97	98
97	99
97	100
98	99
98	100
99	100
101	102
101	103
101	104
101	105
101	106
101	107
101	110
101	111
101	112
102	103
102	104
102	105
102	106
102	107
102	108
102	109
102	110
102	111
102	112
103	104
103	105
103	106
103	107
103	108
103	109
103	110
103	111
103	112
104	105
104	106
104	107
104	108
104	109
104	110
104	111
104	112
105	106
105	107
105	108
105	109
105	110
105	111
105	112
106	107
106	108
106	109
106	110
106	111
106	112
107	108
107	109
107	110
107	111
107	112
108	110
108	111
108	112
109	110
109	111
109	112
110	111
111	112
113	114
113	115
113	116
113	117
113	118
113	119
113	120
113	121
113	122
113	123
113	124
114	116
114	117
114	118
114	119
114	120
114	121
114	122
114	123
114	124
115	116
115	119
115	120
115	121
115	122
115	123
115	124
116	117
116	118
116	119
116	120
116	121
116	122
116	124
117	118
117	119
117	120
117	121
117	122
117	123
117	124
118	119
118	120
118	121
118	122
118	123
118	124
119	120
119	121
119	122
119	123
119	124
120	122
120	123
120	124
121	122
121	123
121	124
122	123
122	124
123	124
125	126
125	127
125	128
125	129
125	131
125	132
125	133
125	134
125	135
126	127
126	128
126	129
126	130
126	131
126	132
126	133
126	134
126	135
127	128
127	129
127	130
127	132
127	135
128	129
128	130
128	131
128	132
128	133
128	134
128	135
129	130
129	131
129	132
129	133
129	134
129	135
130	131
130	132
130	133
130	134
131	132
131	133
131	134
131	135
132	133
132	134
132	135
133	134
133	135
