\\ machines
8
\\ max power
80
\\ Jobs in machine 1
11
J1	13	11	68	3	1.5395847769526583
J2	15	9	49	6	1.9238434427628355
J3	15	1	102	4	0.8313097945973718
J4	17	13	17	35	0.5173086352681193
J5	15	11	34	38	0.36430980282567993
J6	14	1	81	20	1.3712863841598373
J7	15	14	91	1	1.7041546906930387
J8	15	9	105	38	0.8086916635577155
J9	14	2	22	48	0.8966474816937395
J10	14	3	6	39	1.2538018284152948
J11	14	7	44	1	1.1824927804475245
\\ Jobs in machine 2
10
J12	13	4	11	6	1.1809723335341165
J13	13	9	60	21	1.3237344761224057
J14	12	3	38	6	0.35756703509175713
J15	14	4	26	25	1.9004233350608981
J16	16	11	87	59	1.1815144940435773
J17	14	4	54	3	1.1563418963826708
J18	15	9	51	5	0.49657642929489487
J19	14	9	76	42	0.7342928392424752
J20	14	4	14	60	1.6461234603258454
J21	14	2	30	51	2.2879776853259672
\\ Jobs in machine 3
12
J22	15	8	18	24	0.8783352092554224
J23	14	2	91	34	1.4091558927380832
J24	15	5	2	14	0.6512466598702095
J25	15	4	75	11	1.899188478805504
J26	14	11	42	20	1.8783251255784885
J27	14	1	45	60	1.2037501989314754
J28	15	11	21	56	2.100795520774655
J29	15	1	47	14	1.9789174544332335
J30	13	3	34	23	1.0194637279692964
J31	15	8	52	25	1.1600829105573447
J32	16	8	109	2	1.3609483552220967
J33	17	13	51	5	2.1156939443368197
\\ Jobs in machine 4
12
J34	14	5	107	13	1.4119954733895226
J35	15	14	56	48	0.35581705117964635
J36	14	12	73	20	1.4750638823027917
J37	17	11	24	42	1.4976435716387178
J38	15	11	39	22	1.5683935980997126
J39	13	1	51	17	1.068518607292702
J40	12	14	36	7	1.548757654907222
J41	13	1	10	4	1.0314379413307488
J42	14	13	4	58	1.6976593388647823
J43	15	5	103	14	0.6539255150241625
J44	16	8	101	57	1.2865227416230884
J45	15	11	84	48	2.4122114844498634
\\ Jobs in machine 5
9
J46	15	1	52	12	0.8834431002689781
J47	14	12	81	53	1.0848524081022288
J48	13	2	40	37	0.4661913787616614
J49	16	2	16	57	1.3833536228960366
J50	15	12	5	37	1.3525359581488654
J51	14	8	105	23	1.717587778082554
J52	15	10	67	32	0.4637178443251134
J53	15	6	88	29	1.9084010634777773
J54	15	9	103	41	1.7001927979598903
\\ Jobs in machine 6
11
J55	16	13	32	59	1.4991755362350543
J56	15	6	105	31	1.4939881650905384
J57	15	14	6	27	2.0639389098436594
J58	15	10	34	40	1.3548226690359828
J59	13	7	104	19	1.9360855720687145
J60	15	6	41	27	1.0001267113491639
J61	15	3	55	24	1.4169582340159044
J62	13	8	15	20	0.7321790181073282
J63	13	12	43	50	1.4113163894836576
J64	14	14	45	49	0.7328023713109203
J65	15	14	23	39	1.6176874678343371
\\ Jobs in machine 7
11
J66	15	5	38	32	1.1382510794486291
J67	15	4	7	22	1.0132232490511466
J68	14	1	104	41	1.0346678077364468
J69	15	4	104	1	0.5709343949628947
J70	15	11	8	42	0.1
J71	14	10	99	19	1.12158129782735
J72	14	14	99	34	0.9817734664575062
J73	15	12	89	21	0.6745254455141764
J74	14	14	73	56	1.0176564925531713
J75	14	2	56	19	1.1728774348245168
J76	15	1	15	56	0.9312636753767227
\\ Jobs in machine 8
12
J77	15	7	10	26	1.2444909168329064
J78	12	1	80	22	0.1
J79	16	1	54	37	1.4242863807534987
J80	16	9	59	32	0.20680527282101668
J81	14	2	33	34	1.8844401810580453
J82	16	13	50	48	1.462969424841838
J83	14	7	87	49	0.9065570057498307
J84	13	7	80	3	0.32963126538042586
J85	14	2	106	45	0.5700778887687918
J86	15	10	38	26	0.8017902719197474
J87	14	6	97	4	1.2008377726559196
J88	14	2	18	38	1.5406637925474456
\\ Dependencies 
262
1	3
1	4
1	6
1	9
1	11
2	4
2	5
2	6
2	8
2	9
2	10
2	11
3	4
3	5
3	9
3	10
4	7
4	8
4	9
4	10
4	11
5	6
5	7
5	8
6	8
6	9
6	10
6	11
7	9
7	10
8	9
8	10
8	11
10	11
12	13
12	17
12	20
13	14
13	17
13	19
13	20
14	15
14	16
14	17
14	18
15	16
15	18
15	20
16	18
16	19
16	20
17	18
17	19
18	21
19	20
19	21
20	21
22	23
22	28
22	29
22	30
22	31
22	32
22	33
23	25
23	26
23	28
23	30
23	31
23	32
23	33
24	25
24	26
24	28
24	30
24	31
24	33
25	29
25	30
25	31
25	33
26	28
26	29
26	31
26	33
27	31
27	32
27	33
28	29
29	30
29	31
29	32
29	33
30	31
30	32
31	33
32	33
34	38
34	41
34	43
34	44
34	45
35	37
35	39
35	42
35	44
36	38
36	41
36	43
36	44
37	44
38	39
38	40
38	45
39	42
39	43
39	45
40	41
40	42
40	43
41	43
41	44
42	43
42	44
42	45
43	44
43	45
44	45
46	48
46	49
46	50
46	51
46	53
47	51
47	52
48	49
48	50
48	54
49	51
49	52
49	53
50	51
50	52
50	53
50	54
51	52
51	53
51	54
52	53
52	54
53	54
55	56
55	57
55	62
55	63
55	64
55	65
56	57
56	58
56	61
56	62
56	63
56	64
56	65
57	58
57	59
57	60
57	61
57	63
58	60
58	63
58	64
59	60
59	61
59	62
59	63
60	61
60	62
60	63
60	64
60	65
61	62
64	65
66	67
66	68
66	69
66	71
66	72
66	73
66	75
67	69
67	70
67	71
67	72
67	73
67	74
67	76
68	69
68	70
68	71
68	74
68	76
69	70
69	71
69	72
69	73
69	74
70	72
70	74
70	75
70	76
71	75
72	73
72	74
73	75
73	76
74	75
74	76
75	76
77	78
77	79
77	81
77	82
77	83
77	85
77	88
78	79
78	80
78	81
78	82
78	83
78	84
78	85
78	86
78	87
79	80
79	83
79	84
79	85
79	86
79	88
80	81
80	82
80	83
80	87
80	88
81	83
81	85
81	86
81	87
81	88
82	83
82	85
82	86
82	88
83	86
83	87
84	87
84	88
85	86
86	87
87	88
