\\ machines
7
\\ max power
70
\\ Jobs in machine 1
10
J1	14	10	98	18	1.5994830541347962
J2	15	14	48	30	2.0723687588548403
J3	15	4	47	10	1.655330330611267
J4	15	4	81	34	1.569668695648661
J5	15	11	80	3	0.7639038083019729
J6	14	11	41	25	1.2193346265241674
J7	15	3	52	4	1.4902708411899237
J8	14	14	79	30	1.2700269508582167
J9	14	5	43	32	0.7560545510015813
J10	15	11	78	27	0.2275455074713464
\\ Jobs in machine 2
12
J11	14	12	48	30	0.6227776010779539
J12	13	6	94	13	0.7372863922097547
J13	15	14	44	15	1.2937078978697194
J14	15	2	9	12	1.2403187805774973
J15	14	7	32	29	1.4994284493989787
J16	13	8	23	16	1.324785012616181
J17	15	6	39	29	1.3043166536703414
J18	14	8	48	16	1.2858772967806427
J19	13	2	16	34	1.6562514692940293
J20	14	7	8	2	0.5949402621970037
J21	15	8	59	31	1.398277122947967
J22	14	12	38	2	1.8218424290162996
\\ Jobs in machine 3
10
J23	17	13	73	28	1.0497308549050943
J24	15	8	105	6	0.1
J25	13	13	37	34	0.5955019002850551
J26	16	4	24	33	0.8944768811577263
J27	16	13	74	6	1.2411823646217361
J28	14	12	96	5	1.2380284634562864
J29	16	5	10	13	1.1102554488366683
J30	14	12	16	8	0.5831442043218085
J31	15	3	98	2	0.8473930982572284
J32	14	12	95	29	0.8700538661402523
\\ Jobs in machine 4
13
J33	14	11	63	5	1.1972302855785555
J34	15	11	20	2	1.9478304353769702
J35	15	1	24	7	1.0498767335814942
J36	16	2	52	12	1.0534348311561645
J37	15	9	92	8	2.1785954941455046
J38	17	8	91	28	2.0085815611110633
J39	15	9	104	28	0.8520865461203424
J40	14	8	71	11	1.764714067495636
J41	14	11	43	15	0.8768817167159387
J42	14	9	48	19	0.7578620579647908
J43	15	4	69	15	1.1649861389509084
J44	15	13	27	32	1.999179034742387
J45	13	5	28	17	1.9755440585815351
\\ Jobs in machine 5
12
J46	16	6	4	8	0.8796711467271973
J47	16	1	108	34	1.7684848177322816
J48	15	12	86	10	0.8799277470856897
J49	15	6	24	14	2.3450943525683705
J50	14	3	30	18	1.4729559494121371
J51	16	6	44	28	0.8381118783230213
J52	14	10	75	27	1.8932762930255649
J53	14	6	68	23	1.1608651937793604
J54	16	11	54	2	0.8019036724621936
J55	14	4	5	7	0.9332796836278606
J56	14	3	7	1	0.9871592840264224
J57	15	11	50	8	0.798105468956575
\\ Jobs in machine 6
11
J58	14	3	90	25	1.6117491303105589
J59	16	9	64	3	0.6504762517996882
J60	15	1	6	1	1.7849569053629368
J61	15	12	107	11	0.9668082921950139
J62	15	8	107	31	0.7917866091950759
J63	15	9	52	17	1.5490136990798307
J64	14	10	35	34	2.0978980332490718
J65	15	10	64	34	1.6581762466316439
J66	15	3	109	35	0.7292022393546146
J67	15	5	35	8	0.9015558609499478
J68	15	13	43	26	1.7231809510940552
\\ Jobs in machine 7
11
J69	15	12	38	20	0.5526344955351876
J70	14	13	104	4	1.77747918473358
J71	15	13	83	2	1.1176413898527282
J72	14	1	34	8	0.5869960793130847
J73	14	2	107	3	1.0350301578478183
J74	17	10	8	4	1.7845648257118947
J75	15	11	40	18	0.2353183928430036
J76	13	6	29	33	1.0253347414832743
J77	16	6	6	30	0.5522564729181575
J78	15	3	102	35	1.2689943851105319
J79	15	8	68	14	1.5199736307461469
\\ Dependencies 
162
2	3
2	5
2	9
3	7
3	10
4	7
4	8
4	9
5	6
5	8
6	7
6	8
6	9
6	10
7	8
7	9
8	9
11	19
12	13
12	18
12	19
13	15
13	16
13	18
13	20
13	21
13	22
14	16
14	21
15	16
15	20
16	20
16	22
17	19
17	21
18	21
20	21
21	22
23	24
23	26
23	27
23	29
23	30
24	25
24	29
24	30
25	29
25	31
25	32
26	27
26	31
27	28
27	29
27	31
28	29
28	30
29	30
29	32
31	32
33	35
33	36
33	37
33	40
33	41
33	44
33	45
34	40
34	42
34	43
34	44
35	36
35	38
35	39
35	42
36	37
36	38
36	39
36	44
37	38
37	41
37	44
38	41
38	44
39	42
40	41
40	42
40	43
40	44
40	45
41	42
41	44
42	43
44	45
46	48
46	50
46	56
47	54
47	55
47	56
48	49
48	50
48	51
48	53
48	54
48	56
48	57
49	52
49	53
49	55
50	51
51	52
51	56
52	53
54	55
58	61
58	63
58	68
59	60
59	61
59	64
59	67
59	68
60	64
60	67
61	64
61	65
61	66
61	67
61	68
62	64
62	66
62	67
63	64
63	67
64	66
64	68
65	66
65	68
66	68
69	71
69	76
69	77
70	73
70	75
70	77
70	79
71	72
71	74
71	76
72	75
72	76
72	77
73	74
73	75
73	76
73	77
73	79
74	76
75	78
76	77
76	79
78	79
