\\ machines
18
\\ max power
180
\\ Jobs in machine 1
12
J1	16	11	98	11	1.0190141290100474
J2	14	10	4	24	0.9024745934659915
J3	16	13	42	67	1.0363947030809126
J4	14	5	63	80	1.233952705417178
J5	16	7	8	1	2.435391481149421
J6	13	1	18	84	0.7972084282868529
J7	15	12	72	55	0.7051018805415437
J8	14	12	65	20	2.208124310734501
J9	13	1	77	27	1.7422445386574315
J10	15	3	93	19	1.0743265262147526
J11	14	7	31	24	1.6378185048873612
J12	15	2	39	46	0.919441703370578
\\ Jobs in machine 2
13
J13	13	6	69	21	1.4147325333637524
J14	15	11	26	70	1.68120973494823
J15	13	12	62	86	1.60321090174397
J16	15	4	86	80	1.5808581846829413
J17	13	10	94	53	0.8862227090430963
J18	14	2	68	90	2.0239300246325946
J19	14	4	11	3	1.6268669638364313
J20	15	7	45	90	1.4501315569451427
J21	16	3	39	45	1.0038389410862587
J22	15	12	52	45	0.9553785533494326
J23	15	10	80	5	1.9520910825058413
J24	13	6	65	43	1.331824619359373
J25	13	12	102	19	0.9895350208744762
\\ Jobs in machine 3
12
J26	15	9	87	77	0.8917956671432188
J27	15	12	55	66	0.8573738481908852
J28	15	8	42	15	1.3649311283426697
J29	15	14	71	73	0.4887775573202072
J30	14	4	62	33	0.9466320155407002
J31	13	14	98	29	0.8914532290584917
J32	16	9	107	1	1.1058120105218352
J33	15	10	97	78	1.3425529541357706
J34	17	13	36	83	1.8043320423152616
J35	15	7	55	6	1.6701993586556814
J36	14	8	26	86	2.3712136154725627
J37	15	3	54	2	1.59033819595441
\\ Jobs in machine 4
11
J38	14	3	68	81	1.1549617392668918
J39	15	6	60	48	1.1439890008216675
J40	14	6	32	76	1.2313342343374578
J41	14	5	50	83	0.9930141503234018
J42	16	7	32	12	0.6946276949888517
J43	15	7	102	50	0.7559932890827641
J44	14	8	16	31	1.4369147062587992
J45	14	12	13	21	1.2136861134950476
J46	16	11	39	78	1.0351846360287589
J47	15	5	25	64	1.4113043192029655
J48	15	5	77	8	0.40778793315728046
\\ Jobs in machine 5
12
J49	15	2	65	28	1.281460661457653
J50	13	5	104	24	1.6942321344377378
J51	15	3	75	51	1.4162593896010212
J52	15	9	46	19	1.180851237079936
J53	15	10	50	15	1.0718247107602716
J54	16	8	6	26	0.4686995799522351
J55	14	13	56	37	1.4865216279182745
J56	16	7	76	86	1.243391503621289
J57	13	3	60	59	0.1
J58	14	10	107	17	1.2367524158961638
J59	15	14	101	33	0.4254914439635714
J60	14	5	61	49	1.2444958710436027
\\ Jobs in machine 6
12
J61	14	7	14	36	1.2447264077912619
J62	17	10	82	41	0.733701197427606
J63	15	8	97	38	1.7152493065056005
J64	14	13	18	10	2.3286660141203734
J65	13	10	108	36	0.5878201151068493
J66	14	4	68	76	0.31481537312170704
J67	15	13	97	33	1.9976766413694613
J68	16	12	43	65	0.6776522549060425
J69	13	10	59	74	0.6140802271877476
J70	14	9	11	34	1.0680834525841119
J71	16	7	4	40	1.1407737003827263
J72	14	1	43	43	1.3917494113384685
\\ Jobs in machine 7
13
J73	16	3	45	29	1.250191172263295
J74	14	11	55	82	0.8374935652964917
J75	14	3	33	64	0.7107112114292882
J76	14	7	30	44	1.3513006007927657
J77	13	1	108	25	2.0779682790761744
J78	14	6	27	31	1.1975284467017817
J79	13	13	72	53	0.6476294582272277
J80	15	1	104	20	1.153849445168495
J81	15	12	79	24	0.8669596211851878
J82	15	14	37	3	2.1545739980295986
J83	14	10	11	75	1.5063000294906994
J84	16	5	66	90	0.871731610134092
J85	13	12	78	7	1.7867273142515492
\\ Jobs in machine 8
11
J86	15	7	110	14	1.0778219081300628
J87	15	11	100	4	1.885768072278489
J88	14	14	3	44	1.0580535213824007
J89	14	1	41	84	1.637970907127299
J90	13	13	53	33	0.9593106614461326
J91	14	12	45	20	1.5605646934236708
J92	14	5	91	22	0.1
J93	16	5	54	87	1.6223633345158641
J94	15	7	40	29	1.1660157364627146
J95	15	6	2	26	1.0054623863946264
J96	17	11	5	71	1.7047193780736087
\\ Jobs in machine 9
13
J97	13	7	73	59	0.8866544445074585
J98	14	10	13	16	1.2369523243082428
J99	14	11	51	39	0.8855574206675882
J100	15	9	49	49	1.2751753920082958
J101	14	4	55	72	0.8657156666081988
J102	15	5	14	84	0.7014423383793893
J103	15	6	42	15	0.7152624546627602
J104	13	11	52	19	1.5688959034684347
J105	14	4	26	16	2.3985500634855477
J106	16	7	20	84	0.13744340706922054
J107	15	7	2	48	2.054315029543171
J108	15	9	77	28	1.3815516854247045
J109	14	8	18	90	1.3519859287086655
\\ Jobs in machine 10
10
J110	15	11	6	87	1.452676852336944
J111	16	10	15	90	0.392142913149481
J112	14	3	101	35	1.1486873620347444
J113	14	3	53	60	1.1579219743787084
J114	15	1	103	14	1.5751690440437633
J115	13	6	54	90	0.8479521085783606
J116	14	6	51	62	1.4037017607912565
J117	13	6	96	10	0.6451202011973726
J118	15	8	88	5	1.1225057897281587
J119	16	1	83	49	1.1032566544869618
\\ Jobs in machine 11
11
J120	14	4	89	62	1.1982212227007398
J121	14	7	30	78	0.2749437747977499
J122	16	11	32	11	1.722008403936604
J123	13	4	57	56	0.6618766893557033
J124	16	3	19	41	1.6293238861625543
J125	14	3	27	63	0.5899247565100962
J126	15	14	91	71	0.8310435220533784
J127	15	9	77	89	1.338767961086903
J128	15	5	46	40	0.212105022085868
J129	16	10	36	36	0.1
J130	16	11	44	46	1.5918362347557489
\\ Jobs in machine 12
12
J131	13	3	36	59	0.6413922369324213
J132	16	5	75	9	1.593086105210715
J133	13	11	72	71	1.2850799155946224
J134	15	4	82	40	1.031051713974261
J135	16	1	81	31	1.0225371137470487
J136	14	11	10	60	0.9609354068104144
J137	14	13	17	28	1.9726322671955405
J138	15	12	38	80	1.016302189177053
J139	14	10	87	74	1.7194301879470715
J140	14	5	102	79	1.0499372769165356
J141	14	3	66	80	1.6593687307106133
J142	15	9	73	26	0.4804950801507958
\\ Jobs in machine 13
11
J143	14	12	44	55	1.112257597763325
J144	15	10	31	52	2.4524447051625584
J145	13	3	84	65	1.619451820706761
J146	14	11	28	68	0.4990631695580975
J147	14	14	61	76	2.0096639556873606
J148	16	6	19	49	1.8593535860359278
J149	14	8	103	62	1.8153026389938818
J150	15	2	92	49	2.186501735851196
J151	14	10	26	7	1.2782894265967635
J152	15	11	104	4	1.7550455190600966
J153	15	8	94	34	1.244296629223082
\\ Jobs in machine 14
11
J154	13	4	82	12	1.6551801583422066
J155	14	9	49	47	1.8997646730591533
J156	14	6	87	70	1.3869700268080654
J157	13	11	3	16	1.1514751776536254
J158	14	2	101	10	2.3707703156861504
J159	16	8	8	4	0.5575052051977956
J160	15	5	83	61	1.1886319920135606
J161	15	6	54	25	1.3985773603971117
J162	15	7	50	84	0.9513252202312134
J163	14	9	7	11	0.8773687241028397
J164	15	1	5	30	0.6136410666111556
\\ Jobs in machine 15
12
J165	16	11	44	90	0.6349098132661282
J166	16	8	65	37	1.5467101664973726
J167	15	13	99	21	1.034691533930025
J168	15	2	76	78	0.9341717741909694
J169	14	6	96	55	0.4311573700895236
J170	15	1	3	79	0.7545714861475457
J171	16	11	42	84	1.8860043647559999
J172	15	13	85	79	1.2227559482934176
J173	13	12	94	47	0.6942675935219697
J174	14	7	84	24	1.4710573655834522
J175	14	8	93	27	0.8596290445379688
J176	14	9	79	54	0.7617234182983007
\\ Jobs in machine 16
11
J177	15	3	43	42	1.3005509737629164
J178	13	14	104	39	2.3467675449912555
J179	15	12	110	63	1.125078756312849
J180	15	10	99	75	0.9004461192924037
J181	15	6	5	70	1.33099918826086
J182	15	4	107	81	0.6877384049563753
J183	15	14	28	10	0.6870578702124933
J184	15	12	41	29	1.7707437253302272
J185	14	14	103	73	1.495274778366039
J186	14	11	99	1	2.0791066369594895
J187	14	5	65	21	1.658845410044834
\\ Jobs in machine 17
10
J188	14	3	71	33	0.7930846025087088
J189	17	3	92	17	1.496767760108225
J190	15	14	23	6	1.5101720483082368
J191	14	5	14	4	1.380099720900415
J192	14	10	50	11	1.669408975819905
J193	15	2	102	28	0.7654973542434783
J194	14	14	88	55	1.475708607401207
J195	17	12	44	25	0.8375716266451126
J196	15	2	17	80	0.8986960643511401
J197	13	6	12	8	1.1198022548600306
\\ Jobs in machine 18
11
J198	15	4	15	3	1.2831909942453852
J199	14	9	71	9	0.8828759557818491
J200	13	8	98	55	0.6082177674126313
J201	14	5	18	48	1.2450785150253676
J202	14	3	76	24	1.5759426477887641
J203	16	5	77	3	1.2468475789946014
J204	14	6	81	28	1.4435265069382932
J205	14	5	91	53	0.7322884929282707
J206	14	14	39	16	1.5189489681783386
J207	14	2	20	32	1.6307294070785656
J208	15	13	23	14	2.055806601994729
\\ Dependencies 
240
1	4
1	8
2	5
3	9
4	6
5	6
6	7
6	8
6	12
7	11
8	12
9	12
10	11
13	15
13	21
14	18
14	19
14	25
15	20
15	23
16	25
18	19
19	22
19	23
19	25
20	23
26	27
26	33
28	35
29	31
29	32
29	33
29	37
30	31
30	33
31	36
33	37
34	35
38	40
38	46
39	48
41	46
42	43
42	46
42	48
43	44
43	46
43	47
44	48
45	47
45	48
46	48
47	48
49	50
49	53
49	54
51	58
51	59
52	54
52	58
53	57
54	55
54	57
56	59
57	60
61	62
61	65
61	69
61	70
62	64
62	68
62	69
63	68
63	71
63	72
64	68
64	72
65	66
65	72
66	69
67	72
68	72
69	71
69	72
71	72
73	76
73	78
73	84
74	80
75	82
76	85
77	81
79	85
82	85
83	84
83	85
87	90
87	95
88	89
88	90
88	91
88	94
89	90
89	93
89	94
89	96
97	103
97	104
97	108
98	100
98	101
98	102
99	100
99	109
100	103
100	106
100	107
101	104
101	107
101	109
102	107
103	105
103	108
105	108
107	109
110	114
111	112
111	115
111	117
112	119
113	114
113	115
115	116
116	117
116	119
117	119
120	122
120	124
120	126
120	129
121	128
121	129
122	124
122	126
123	125
123	127
124	130
125	127
125	128
127	129
127	130
128	130
131	142
132	135
133	134
133	135
134	137
134	138
134	142
135	140
136	142
138	140
138	141
138	142
140	141
141	142
143	145
143	146
143	149
143	153
144	146
144	147
145	150
145	152
146	149
146	150
147	152
148	149
148	151
148	152
149	152
154	161
154	163
155	157
155	164
156	157
156	164
157	161
158	160
158	163
159	164
160	161
160	164
161	162
165	173
165	174
165	175
166	171
167	168
168	170
168	172
168	173
169	173
177	181
177	187
178	187
179	181
179	186
181	182
181	185
181	187
182	183
182	184
184	186
185	186
188	189
188	191
188	196
189	191
190	193
190	196
192	194
192	196
193	197
195	196
195	197
198	205
199	200
199	204
199	206
200	201
200	206
201	205
201	208
202	204
202	205
203	204
203	205
204	205
204	208
