\\ machines
3
\\ max power
30
\\ Jobs in machine 1
11
J1	15	1	74	1	0.978873429470021
J2	15	9	68	9	0.6897991858860133
J3	14	9	76	2	1.2618364068192764
J4	14	8	60	11	0.3819995043355625
J5	15	14	94	4	1.0358953026562285
J6	15	11	79	9	1.437487549096929
J7	16	7	29	14	0.9368099765379734
J8	14	1	100	22	1.5738719179539622
J9	15	6	38	10	1.5521524861318141
J10	14	6	102	13	2.4143543188363426
J11	13	8	85	22	0.46942581609877054
\\ Jobs in machine 2
10
J12	13	7	42	5	1.3671719179826445
J13	15	11	74	4	0.5458440448620401
J14	15	4	50	17	1.185414960515234
J15	14	7	47	20	0.8736261152621786
J16	15	6	84	3	1.7464146646160197
J17	15	3	53	11	1.0177802584908555
J18	15	6	61	1	1.011787497726263
J19	15	12	101	15	1.9367872101460737
J20	17	4	29	5	0.1
J21	14	10	54	8	1.2703169805262051
\\ Jobs in machine 3
10
J22	16	4	57	10	1.6112730903772012
J23	15	7	72	18	1.1308746333958073
J24	14	11	100	20	1.3287313197836108
J25	13	14	79	20	1.3648793324182387
J26	14	12	86	21	0.7901508001204354
J27	16	9	67	15	0.7013007034325929
J28	14	11	64	18	1.7071544693854928
J29	13	2	24	19	2.0034011015193034
J30	14	4	108	15	1.2708940241774251
J31	14	11	14	22	1.2739862245047993
\\ Dependencies 
18
1	3
1	6
1	11
3	11
5	8
7	9
7	10
8	9
9	11
12	15
12	18
12	21
13	19
14	18
17	19
20	21
23	24
24	30
