\\ machines
8
\\ max power
80
\\ Jobs in machine 1
11
J1	16	13	100	54	0.8048953264220198
J2	14	9	102	32	1.509734575228506
J3	14	9	96	47	1.2229278931645002
J4	16	10	36	35	1.4581612135051452
J5	14	14	87	39	0.9910596143677299
J6	15	13	52	54	0.2231301004342403
J7	14	6	88	33	1.3167160870093475
J8	14	13	28	17	0.8705225024445988
J9	15	7	26	41	0.6464329107546166
J10	15	2	16	20	1.712947188975098
J11	15	14	10	55	1.8895346709111058
\\ Jobs in machine 2
11
J12	15	8	73	29	0.7444085230363555
J13	16	2	108	9	1.1024366798442937
J14	14	14	42	26	1.1714784885879805
J15	14	9	25	41	1.3091077400751054
J16	15	9	18	36	0.5426149033286846
J17	13	1	43	5	0.6299096279588948
J18	14	7	69	46	1.9520192025677798
J19	14	11	101	56	1.6269462961813528
J20	14	13	69	57	0.1328509896459027
J21	15	3	35	43	1.2044769144385825
J22	15	10	13	28	1.0849958474106791
\\ Jobs in machine 3
11
J23	14	10	48	40	1.415082064543669
J24	16	4	99	14	1.4888705726060787
J25	14	2	27	55	1.8206198775649132
J26	15	4	14	40	1.7828119115863248
J27	13	11	82	3	1.6329523465860056
J28	15	1	58	23	1.1958243572299456
J29	14	4	93	28	0.9706051490169828
J30	14	3	68	43	1.1750782605707393
J31	15	12	9	42	0.7691641520831871
J32	16	2	75	20	0.23788348672180348
J33	15	14	77	49	1.223698417410353
\\ Jobs in machine 4
11
J34	15	11	92	58	1.8152722263062437
J35	14	8	10	49	0.5258370700493324
J36	13	5	27	58	1.243015941682944
J37	15	13	52	38	1.0957822474480956
J38	15	9	60	18	1.0919044489006802
J39	15	1	79	21	1.2495463495411419
J40	14	2	13	27	0.4288725872593786
J41	15	5	54	1	2.2028773014539826
J42	14	12	80	59	0.8195439414056022
J43	14	2	16	14	1.0196371297396085
J44	14	14	63	57	1.4438047625181132
\\ Jobs in machine 5
12
J45	13	6	91	39	1.4547046306509281
J46	15	12	57	20	1.4942606516570909
J47	13	2	96	38	1.00644149323803
J48	15	8	7	58	0.5179529860282759
J49	13	3	11	8	1.10137454680524
J50	14	1	14	50	1.7784889444126435
J51	14	14	29	11	2.017717188746183
J52	15	1	22	51	1.0749327270072062
J53	16	4	46	7	0.4690567755257419
J54	15	2	78	59	1.2398780657303297
J55	15	4	28	1	1.775316443021246
J56	15	8	39	59	0.7863941357007065
\\ Jobs in machine 6
11
J57	15	9	11	7	1.0393878006631705
J58	14	14	3	12	1.4368571464346604
J59	15	6	103	30	0.5712312682860314
J60	14	3	82	40	1.6801602497544539
J61	15	1	88	29	1.242260806713143
J62	14	13	38	31	2.5363663620774353
J63	14	7	82	35	2.0582343926275666
J64	14	11	6	44	1.2059974657134978
J65	13	6	87	42	0.8496316587265311
J66	15	13	5	33	1.643582519202274
J67	16	12	38	30	1.3603364761426529
\\ Jobs in machine 7
11
J68	16	6	16	23	1.000020728871312
J69	14	14	59	33	1.2377645987191823
J70	14	3	103	10	2.2647015955277787
J71	16	9	102	45	1.0278302291602823
J72	14	7	68	17	1.9053728683408464
J73	13	8	105	21	1.463504089414076
J74	12	6	83	23	0.9877440553379606
J75	17	13	72	57	0.87985828931361
J76	15	10	71	41	2.5507348599271324
J77	15	10	73	41	1.9108829966131804
J78	16	11	57	17	1.7331702746402284
\\ Jobs in machine 8
10
J79	15	2	47	4	0.7016991405817607
J80	12	3	70	12	1.7434662694664191
J81	14	3	81	4	1.7822107612836842
J82	15	14	70	49	1.7181519054712955
J83	13	12	12	8	0.9277689182962419
J84	15	9	87	51	2.4667360186875404
J85	16	6	101	55	0.44875938462703335
J86	14	5	6	56	0.4731309674761235
J87	15	3	14	4	1.5583861279921847
J88	13	13	82	46	1.1581938657376347
\\ Dependencies 
176
1	2
1	3
1	5
1	6
1	9
1	11
2	4
2	6
3	5
3	6
3	8
3	10
4	9
4	11
5	6
5	7
5	8
5	9
6	7
6	8
6	9
7	9
8	11
9	10
12	17
12	19
12	21
13	22
14	19
14	20
14	22
15	16
15	19
15	20
16	18
16	19
16	20
16	21
17	20
18	19
19	21
20	22
21	22
23	24
23	25
23	30
23	33
24	26
24	30
24	31
25	27
25	28
25	30
26	27
26	29
26	30
27	29
27	31
27	32
28	31
29	31
30	31
30	32
31	32
32	33
34	38
34	40
34	42
34	43
34	44
35	38
35	42
35	43
35	44
36	37
36	42
36	43
37	38
37	40
37	44
38	39
38	41
39	40
39	42
39	43
40	43
41	42
41	43
42	43
42	44
45	48
45	51
45	56
46	47
46	49
46	52
46	53
46	54
47	54
48	49
48	51
48	52
48	53
48	56
49	50
49	51
49	55
50	51
50	53
51	53
51	56
52	53
52	54
52	55
52	56
53	55
57	60
57	62
57	65
57	66
57	67
58	59
58	63
58	64
58	67
59	61
59	66
60	61
60	65
60	67
61	64
62	63
63	66
64	66
65	66
65	67
68	69
68	72
68	74
68	75
69	70
69	72
69	75
69	78
70	71
70	73
70	75
70	76
70	78
71	75
71	76
72	73
72	74
72	75
72	77
72	78
73	75
73	76
73	77
74	75
75	76
79	80
79	82
79	83
79	84
80	88
81	82
81	83
81	86
82	88
83	86
84	85
84	87
85	86
86	87
86	88
