\\ machines
12
\\ max power
120
\\ Jobs in machine 1
11
J1	16	14	104	87	0.7923929204989741
J2	15	6	48	34	1.1324605747939733
J3	13	14	47	20	1.3934234669920886
J4	14	3	73	46	1.2422256720175453
J5	15	9	78	70	0.4767768083959427
J6	15	12	72	34	1.7460905905798316
J7	13	11	25	56	0.5370929076075291
J8	15	4	67	61	0.1
J9	15	5	67	18	1.7058850773604837
J10	16	5	62	37	2.2011332147619767
J11	15	6	92	79	0.43017515554702546
\\ Jobs in machine 2
11
J12	13	4	101	87	1.213973398007582
J13	15	5	71	62	1.8675926007951595
J14	15	12	95	38	1.158997967172976
J15	15	1	93	57	2.1879071833739396
J16	15	14	32	36	1.5357661167658465
J17	14	11	20	3	1.755049629148504
J18	14	5	32	64	1.5219430445759432
J19	14	2	74	38	1.9750589623393169
J20	16	11	78	41	0.9273191790204713
J21	14	6	110	36	1.5866889512575018
J22	14	3	84	57	1.2903396036984993
\\ Jobs in machine 3
11
J23	15	13	100	27	0.1
J24	14	1	25	41	0.754608747598399
J25	14	11	7	50	1.6229130721675467
J26	15	7	21	49	1.2347711061198692
J27	15	13	86	62	0.7996185202562927
J28	14	13	20	60	1.327337275871531
J29	17	14	79	11	1.3990459530316797
J30	14	9	67	45	1.1481110145547333
J31	13	5	14	48	1.063372948234785
J32	15	11	5	17	1.296638716877448
J33	16	13	40	68	1.799104549352959
\\ Jobs in machine 4
11
J34	16	11	23	48	0.9119638468077647
J35	14	3	41	44	1.0323503613520604
J36	16	3	56	44	0.8001178846133945
J37	16	11	60	19	1.8849460729509864
J38	14	9	69	34	1.1911429298997527
J39	14	5	93	79	1.201747516437321
J40	16	4	8	53	0.9076821539200102
J41	14	12	66	21	1.1581996315133483
J42	15	2	67	22	1.3473673254997043
J43	14	6	82	20	1.6595091658008772
J44	14	9	94	12	1.0260536679671424
\\ Jobs in machine 5
11
J45	14	10	100	30	1.0719439808087947
J46	16	12	72	21	1.7841756972819502
J47	13	13	52	17	0.8440305426900625
J48	15	12	104	56	0.5855379877935806
J49	15	10	85	15	0.998739262242165
J50	14	11	70	80	1.5373040542928762
J51	15	8	93	45	1.6894662912727623
J52	13	8	31	27	1.7385924660141212
J53	13	3	18	47	1.3457365028724126
J54	16	12	3	67	1.4533342677810395
J55	15	7	4	12	1.1532652284895084
\\ Jobs in machine 6
11
J56	13	6	53	1	1.7546715183940889
J57	14	3	89	67	1.2265158855690026
J58	15	2	18	25	0.9862790128949085
J59	13	14	105	5	0.7780545822123917
J60	15	3	88	60	1.0251652303480685
J61	15	13	49	21	1.4193325290848504
J62	15	6	47	9	1.6302387328575518
J63	15	6	46	33	0.9688272151494599
J64	16	9	55	21	1.718766523837971
J65	15	8	107	27	1.3410085489084063
J66	15	5	28	67	0.7744751589690712
\\ Jobs in machine 7
11
J67	14	7	23	45	1.5734240562201265
J68	14	2	28	71	0.8127928990277891
J69	15	8	16	25	1.3896275982758053
J70	14	14	52	11	0.7134332397801046
J71	15	4	68	28	1.0492456056922164
J72	15	5	3	46	1.7567777042848767
J73	15	11	60	13	1.2801259785758168
J74	14	5	102	59	0.5551867146788992
J75	14	6	83	27	0.8857682636046847
J76	15	3	62	10	1.5816467749916852
J77	13	9	50	65	0.4259658401014379
\\ Jobs in machine 8
12
J78	14	6	49	26	1.1632481834584667
J79	15	7	82	48	0.6222901498153605
J80	17	6	11	72	0.43350308434786566
J81	12	4	87	34	1.8170316066195844
J82	16	12	6	72	0.3746200480867561
J83	15	1	94	53	1.249146304345979
J84	15	3	85	16	1.0747789635371598
J85	15	14	25	48	1.8234048378747496
J86	14	7	51	51	0.6183540435566136
J87	16	11	71	42	0.7051122363914486
J88	14	12	21	47	1.0933411543053733
J89	14	3	77	87	1.0820379573831078
\\ Jobs in machine 9
11
J90	13	8	9	59	2.202562642279786
J91	14	5	42	58	0.5588191575194854
J92	14	11	53	25	1.5240574607501438
J93	15	5	34	32	2.2060340533979867
J94	14	10	6	65	0.7487130655099299
J95	16	13	107	23	0.44140173930825455
J96	13	4	51	44	0.7962993081776306
J97	14	10	15	52	0.6567192080643557
J98	15	1	94	65	0.5211585810108561
J99	14	12	32	54	1.346281614301377
J100	15	4	47	72	1.2582742183918205
\\ Jobs in machine 10
12
J101	14	9	77	80	1.5431556743726182
J102	13	8	107	52	0.28606465228665334
J103	14	12	18	14	1.3463912127705888
J104	16	4	15	41	0.8061760817132855
J105	13	8	10	63	1.8494090057906218
J106	15	13	37	29	1.5367941898578374
J107	15	5	83	49	0.22855211146665522
J108	16	3	64	34	0.9398643969141629
J109	15	14	44	74	0.6620320674502923
J110	15	7	95	67	1.4846884302511447
J111	15	11	82	22	1.5597617216501474
J112	15	2	70	68	1.139059638316958
\\ Jobs in machine 11
13
J113	15	13	52	78	1.056105881699945
J114	14	10	35	66	0.9885985539061489
J115	15	4	44	75	1.0042818789651673
J116	14	10	8	82	1.306561245460344
J117	14	13	25	24	0.8640565264865124
J118	14	2	39	23	1.7201417226691755
J119	13	12	82	34	0.658246069686533
J120	15	9	32	88	0.9974213345235512
J121	13	3	92	4	0.6764760598420241
J122	15	13	39	2	0.5907428832049917
J123	15	1	45	19	0.9263626252002369
J124	16	2	4	29	1.0973204532258929
J125	16	11	102	60	0.8030288185238277
\\ Jobs in machine 12
11
J126	16	6	77	13	1.4862852299958467
J127	14	3	73	10	1.1954093615116457
J128	12	9	95	74	1.4503756321470704
J129	15	8	25	11	2.1785418568304964
J130	13	11	91	85	1.0092347039757554
J131	16	10	97	85	1.1933543029377662
J132	13	10	53	82	1.6324775181996725
J133	16	6	64	9	1.3052280258732176
J134	14	4	61	6	1.9023934245218335
J135	16	12	39	14	0.2494020028281949
J136	15	12	31	20	1.0082864523510233
\\ Dependencies 
566
1	2
1	4
1	5
1	6
1	7
1	8
1	9
1	10
2	3
2	4
2	5
2	6
2	8
2	10
2	11
3	4
3	5
3	7
3	10
3	11
4	6
4	7
4	8
4	9
4	10
4	11
5	6
5	7
5	8
5	9
5	10
5	11
6	7
6	8
6	9
7	8
7	9
7	10
7	11
8	9
8	10
8	11
9	10
9	11
10	11
12	13
12	14
12	15
12	16
12	17
12	18
12	19
12	20
12	22
13	14
13	15
13	16
13	17
13	19
13	20
13	21
13	22
14	15
14	16
14	17
14	18
14	19
14	21
15	16
15	17
15	19
15	20
15	22
16	17
16	18
16	19
16	20
16	21
16	22
17	18
17	19
17	20
17	21
18	19
18	21
18	22
19	20
19	22
20	21
20	22
21	22
23	24
23	25
23	27
23	28
23	29
23	30
23	31
23	32
24	25
24	26
24	28
24	29
24	30
24	31
24	32
24	33
25	26
25	28
25	30
25	32
25	33
26	27
26	28
26	29
26	30
26	31
26	32
26	33
27	28
27	29
27	30
27	31
27	32
28	29
28	30
28	31
28	32
28	33
29	30
29	31
29	32
29	33
30	31
30	32
30	33
31	33
32	33
34	35
34	36
34	37
34	38
34	39
34	41
34	42
34	43
34	44
35	37
35	38
35	40
35	43
35	44
36	37
36	38
36	39
36	40
36	42
36	43
36	44
37	38
37	39
37	40
37	41
37	42
37	43
38	39
38	40
38	41
38	42
39	40
39	41
39	42
40	41
40	42
40	43
41	42
41	43
41	44
42	43
42	44
43	44
45	46
45	47
45	49
45	51
45	52
45	53
45	55
46	47
46	48
46	49
46	50
46	51
46	52
46	53
46	54
46	55
47	49
47	50
47	51
47	52
47	53
48	49
48	51
48	52
48	53
48	54
48	55
49	50
49	51
49	52
49	53
49	54
49	55
50	51
50	52
50	53
50	54
50	55
51	53
51	55
52	53
52	54
52	55
53	54
53	55
56	58
56	59
56	60
56	62
56	63
56	64
56	65
56	66
57	59
57	60
57	61
57	62
57	63
57	64
57	65
57	66
58	60
58	62
58	66
59	60
59	64
59	65
59	66
60	61
60	62
60	63
60	65
60	66
61	62
61	63
61	64
61	65
61	66
62	63
62	64
62	65
63	64
63	65
63	66
64	65
64	66
65	66
67	68
67	69
67	70
67	72
67	73
67	75
67	76
68	69
68	70
68	71
68	72
68	74
68	75
68	77
69	70
69	71
69	72
69	73
69	74
69	75
69	76
69	77
70	71
70	74
70	75
70	76
71	72
71	73
71	75
71	76
71	77
72	73
72	74
72	75
72	76
72	77
73	74
73	75
73	76
73	77
74	75
74	76
74	77
78	79
78	80
78	81
78	83
78	84
78	85
78	86
78	87
78	88
78	89
79	80
79	81
79	82
79	83
79	84
79	85
79	86
79	87
79	88
79	89
80	81
80	82
80	83
80	84
80	86
80	87
80	88
81	82
81	83
81	84
81	85
81	86
81	87
81	88
81	89
82	83
82	84
82	86
82	87
82	88
82	89
83	84
83	85
83	86
83	87
83	88
83	89
84	85
84	86
84	87
84	88
84	89
85	86
86	87
86	88
86	89
87	88
88	89
90	92
90	93
90	94
90	95
90	96
90	97
90	98
90	99
90	100
91	92
91	93
91	94
91	95
91	96
91	97
91	98
91	99
91	100
92	94
92	95
92	96
92	97
92	98
92	99
92	100
93	96
93	97
93	98
93	99
93	100
94	96
94	97
94	98
94	99
94	100
95	96
95	98
95	99
95	100
96	97
96	98
96	99
97	98
97	99
97	100
98	99
98	100
99	100
101	102
101	104
101	105
101	107
101	108
101	109
101	111
101	112
102	104
102	105
102	108
102	109
102	110
102	111
102	112
103	104
103	106
103	107
103	108
103	109
103	110
103	111
104	105
104	106
104	108
104	110
104	111
105	106
105	107
105	108
105	109
105	110
105	111
105	112
106	107
106	108
106	110
106	112
107	108
107	109
107	110
107	111
107	112
108	109
108	110
108	111
108	112
109	112
110	111
113	114
113	116
113	118
113	119
113	120
113	121
113	122
113	123
113	124
113	125
114	115
114	116
114	120
114	121
114	123
114	124
115	116
115	117
115	118
115	119
115	120
115	121
115	122
115	123
115	125
116	117
116	118
116	119
116	120
116	121
116	122
116	124
117	118
117	119
117	120
117	121
117	122
117	123
117	125
118	120
118	122
118	123
118	124
118	125
119	120
119	122
119	123
119	125
120	121
120	123
120	124
120	125
121	123
121	124
121	125
122	123
122	124
122	125
123	125
126	127
126	129
126	130
126	131
126	133
126	134
126	135
127	128
127	130
127	131
127	132
127	133
127	134
127	135
128	129
128	131
128	132
128	134
128	136
129	131
129	132
129	133
129	134
129	135
130	131
130	132
130	133
130	135
131	132
131	133
131	134
131	135
131	136
132	133
132	134
132	135
132	136
133	135
133	136
134	135
134	136
