\\ machines
5
\\ max power
50
\\ Jobs in machine 1
9
J1	14	12	92	36	1.8091547775000072
J2	15	2	27	15	0.7290255715952372
J3	14	8	7	3	1.948401638380283
J4	16	13	29	37	0.2874161009449302
J5	15	10	18	1	1.5153157626753562
J6	16	9	98	23	1.833643222208459
J7	15	11	76	25	1.4606896947946206
J8	14	14	2	28	1.5490826103477002
J9	12	11	75	37	0.5550257637865094
\\ Jobs in machine 2
11
J10	14	4	102	37	0.9373197878157149
J11	14	6	106	25	0.1
J12	13	9	100	35	1.0568819788310082
J13	12	3	76	32	0.9273232252103933
J14	15	5	57	38	0.9147814288494429
J15	14	11	53	3	1.5858514154943666
J16	15	13	46	36	1.0105909463857172
J17	15	9	20	29	0.5852311075870512
J18	14	6	57	12	1.1845143706282186
J19	13	4	48	6	1.2450068830381815
J20	15	4	90	23	2.107698022822572
\\ Jobs in machine 3
12
J21	14	6	107	15	0.6396705361627572
J22	16	1	94	32	0.9735733321682355
J23	13	5	62	26	0.7015732451194782
J24	15	8	94	30	1.052464616251928
J25	16	9	95	34	1.037798252442882
J26	14	9	101	20	0.9252853449094423
J27	15	11	107	11	1.6432390599651887
J28	16	4	27	2	0.5901946795969072
J29	14	2	65	21	1.4871131631658976
J30	14	7	105	36	2.228977576318187
J31	15	5	15	16	1.5231530963206605
J32	16	14	33	17	1.0237432338991528
\\ Jobs in machine 4
10
J33	15	9	27	31	0.9509430918027993
J34	14	4	88	7	1.6499775272815413
J35	13	2	96	4	0.6794754086954241
J36	14	8	24	10	1.9593147880316277
J37	16	5	73	27	1.5889250826205674
J38	16	3	31	4	0.7171715376644083
J39	16	5	18	30	0.4409083880848911
J40	14	1	91	32	0.9573999566644374
J41	14	14	11	1	1.5553585322982773
J42	14	11	84	11	0.8659441390364424
\\ Jobs in machine 5
10
J43	15	3	10	34	1.5839012831101453
J44	16	13	30	33	1.1576730776963235
J45	15	5	69	7	0.9173464990094877
J46	17	4	11	35	1.4685800381570215
J47	15	1	65	22	1.0863807626420843
J48	16	5	79	17	1.404299707995814
J49	15	14	37	21	0.7402996794018987
J50	15	2	5	12	1.6796053348690818
J51	14	9	80	29	0.6571390007454838
J52	14	10	24	27	1.5256850678683151
\\ Dependencies 
29
1	2
2	3
3	7
4	5
10	12
12	20
13	14
14	17
15	19
16	18
18	20
19	20
22	30
22	31
24	31
24	32
26	28
26	31
27	31
33	36
35	38
38	40
43	47
43	49
43	51
45	51
47	48
47	50
48	49
