\\ machines
25
\\ max power
250
\\ Jobs in machine 1
10
J1	13	9	54	17	0.8843253176702153
J2	14	5	109	82	1.0275518364823357
J3	15	14	9	107	1.6053917773168411
J4	15	6	46	82	1.1699863847959642
J5	13	11	109	103	1.1108406674089206
J6	13	3	49	13	1.3775062358397983
J7	15	14	71	8	1.2124503538274165
J8	16	14	94	37	0.9541973216116544
J9	15	4	110	70	1.2130870458154672
J10	14	12	101	7	0.544968887952953
\\ Jobs in machine 2
12
J11	15	1	9	4	2.231800855508252
J12	13	3	29	29	0.7801411760592231
J13	14	2	99	106	0.7882122594763069
J14	15	6	20	116	2.3970662207247675
J15	16	13	13	94	1.092633312439559
J16	14	3	43	112	1.632197699268633
J17	17	1	49	10	1.641224369546445
J18	16	12	7	115	1.103716638856403
J19	15	9	6	16	1.37329103408353
J20	15	6	103	119	1.6623290940362898
J21	15	13	71	120	0.1
J22	17	5	60	25	0.6861141517881354
\\ Jobs in machine 3
10
J23	15	12	72	31	2.1533806329835494
J24	13	8	53	32	1.423212345082686
J25	15	11	43	91	0.7725396257475112
J26	16	7	39	84	1.1866881135906295
J27	13	14	6	58	1.6524049161372232
J28	13	7	5	113	0.1
J29	15	14	26	74	1.3602118041364963
J30	13	7	13	88	1.6477439586093885
J31	16	10	6	42	0.6130828124478286
J32	15	10	51	83	0.8109477811409534
\\ Jobs in machine 4
10
J33	14	14	6	4	1.2869329641883775
J34	14	4	68	71	0.9970428990788873
J35	14	1	82	21	1.6170636223293242
J36	16	10	97	6	1.3535965626881388
J37	14	9	109	15	1.0649926262979554
J38	14	7	34	116	0.6999904935628809
J39	13	7	10	33	1.099751492482505
J40	15	14	7	111	1.7428958244042185
J41	16	2	12	121	2.205584569591821
J42	15	11	99	99	2.098520046514139
\\ Jobs in machine 5
11
J43	15	10	81	40	0.6292357679562514
J44	14	5	92	30	2.0217251992079843
J45	14	2	92	71	0.29675864457519296
J46	14	5	91	125	2.270203933335426
J47	14	1	87	45	1.423275501823082
J48	15	4	9	3	0.8514544696519868
J49	15	3	69	95	1.7541498218227787
J50	16	14	78	8	1.1277136884126227
J51	13	8	59	72	1.1138614070752517
J52	14	14	48	94	1.4075895121332278
J53	14	14	103	63	0.9666047433125444
\\ Jobs in machine 6
10
J54	15	3	98	64	0.9450919903159749
J55	13	11	29	1	0.6561289269084793
J56	16	9	8	9	1.0638952691952637
J57	15	4	17	125	0.24809883454734294
J58	16	1	76	27	1.6240687622419714
J59	15	12	11	77	1.94436422942637
J60	15	11	8	111	0.2693733788169188
J61	13	12	100	45	1.7164905862197672
J62	14	8	76	79	1.0705979041506406
J63	14	9	98	100	1.425109641401073
\\ Jobs in machine 7
11
J64	14	10	48	90	1.4291876375345365
J65	13	14	42	40	1.3077911437326586
J66	14	12	91	27	0.9099631938526381
J67	15	14	77	19	1.2589652146620134
J68	15	1	47	4	0.9906880000987367
J69	17	5	108	52	0.8087124120281985
J70	15	3	40	123	1.151555424977698
J71	15	1	32	41	1.6113083084951927
J72	14	10	80	69	1.0405068574306076
J73	14	7	95	54	0.9997158951444081
J74	14	2	55	28	1.6928141037624966
\\ Jobs in machine 8
10
J75	15	5	73	92	0.2886601197222838
J76	15	12	64	13	1.018184747459592
J77	12	3	45	125	1.4584831892376924
J78	14	9	55	111	1.2840194505513596
J79	15	7	12	67	1.4407534077447244
J80	15	11	63	14	0.5395536898439824
J81	15	10	94	33	0.43075536326960073
J82	13	3	57	106	0.1754430829705087
J83	18	4	80	8	1.4350175204472146
J84	14	1	4	65	0.7928532439619091
\\ Jobs in machine 9
11
J85	14	6	55	57	1.037259895237503
J86	15	13	40	42	1.8031795331911116
J87	14	1	84	101	2.114200839030111
J88	12	14	66	32	1.0706466684576044
J89	13	14	18	115	0.9050222554921608
J90	15	9	2	29	1.2304414358158091
J91	13	7	69	25	0.9210996857639202
J92	17	7	12	8	0.726183090947844
J93	14	8	94	43	0.5788778145344007
J94	14	2	20	13	0.7700520131864027
J95	16	8	4	48	1.0469288254195153
\\ Jobs in machine 10
11
J96	14	3	46	125	0.5340475137465522
J97	14	1	8	72	1.6738065151032706
J98	12	5	106	24	0.7310593366985937
J99	14	3	74	67	2.0513045120245073
J100	15	9	55	108	0.7843062527868538
J101	13	8	37	40	1.2712526181441417
J102	13	8	26	9	1.0247681038729937
J103	13	8	4	81	1.2359182810820524
J104	15	11	97	9	1.5706452755464013
J105	16	14	10	57	0.9352201095250504
J106	14	12	23	124	1.9634840007490766
\\ Jobs in machine 11
12
J107	12	7	62	38	1.909766989746824
J108	14	13	78	5	1.4066853959519412
J109	14	4	44	104	1.3355343161719506
J110	15	10	15	45	1.1862039320164577
J111	14	5	100	7	1.048480268405938
J112	15	12	57	115	2.013286957249101
J113	16	8	14	92	1.0962970900241762
J114	12	14	71	78	0.9778772328736873
J115	15	11	20	33	0.46994025193023325
J116	15	10	72	61	1.3147147017414107
J117	14	3	8	49	1.3500185945336256
J118	12	12	10	108	0.9793857929352302
\\ Jobs in machine 12
11
J119	14	8	85	112	1.2017575042887823
J120	15	14	27	23	1.1919580876490872
J121	14	11	60	3	1.418556022924594
J122	14	14	63	5	1.1991850262220414
J123	14	13	21	14	1.5838044703786627
J124	14	3	3	38	0.587931552778724
J125	15	13	72	119	1.5611426333582272
J126	14	1	95	109	1.2215525779558716
J127	14	11	4	125	1.0348107797062438
J128	16	9	90	25	1.7404445099296222
J129	14	6	25	13	1.0572328108239157
\\ Jobs in machine 13
11
J130	15	2	61	81	1.7073426086510812
J131	16	14	96	7	0.9389860870282865
J132	15	9	32	81	1.5307510455376334
J133	15	14	53	59	1.512403731877133
J134	15	6	87	31	1.7781511632432896
J135	15	8	13	29	1.2540655900265871
J136	16	9	97	25	1.453930315639841
J137	14	5	39	8	1.58412061179658
J138	14	13	69	12	2.0738738431367563
J139	16	8	86	92	1.9195959376715703
J140	14	11	68	121	1.9461151901564913
\\ Jobs in machine 14
12
J141	16	2	16	40	1.1174491001878544
J142	14	11	42	38	1.1835173229056133
J143	13	3	80	84	0.9994399720379883
J144	13	1	4	44	1.9212702475111199
J145	14	9	77	31	1.702889193291774
J146	15	8	41	85	1.5234206931285172
J147	13	5	103	81	1.9033898807860967
J148	15	12	29	75	1.452465716796981
J149	13	6	39	121	1.2385939819554292
J150	12	13	92	77	1.6582969366968416
J151	14	14	20	84	2.133423299176454
J152	14	6	44	42	0.9315812784417756
\\ Jobs in machine 15
12
J153	15	7	50	116	0.8157628965076347
J154	15	12	84	114	0.7489238933485046
J155	15	5	104	65	1.6087769634915325
J156	15	8	93	37	0.8441047191852133
J157	13	11	78	80	0.9837138750891475
J158	13	11	70	71	1.0132664816710668
J159	15	13	39	80	1.7669787233143537
J160	14	10	5	23	1.132826837488786
J161	13	7	12	76	1.3269257290259713
J162	15	9	93	17	0.9711243428983021
J163	13	10	34	75	1.0127201758808562
J164	16	11	78	110	1.2633808253801002
\\ Jobs in machine 16
10
J165	12	13	6	48	1.4272451309019571
J166	14	11	15	88	0.8922936161303714
J167	13	8	84	39	0.4601723878190592
J168	15	7	88	105	0.37559010774420787
J169	15	6	6	23	1.4030440725030793
J170	13	1	88	57	1.5913959913072468
J171	15	11	33	66	0.3327369190591447
J172	15	13	13	75	1.372651344799456
J173	13	3	19	81	0.6805961583235851
J174	14	2	8	100	1.1332013238105485
\\ Jobs in machine 17
11
J175	14	5	53	113	1.7106280794235773
J176	14	4	5	123	1.5822716564921557
J177	14	10	54	37	2.173459071236569
J178	14	11	61	96	1.016504048801019
J179	14	4	53	108	1.6630353350756824
J180	14	14	9	56	1.3664245860218036
J181	15	14	46	44	1.3970238066019824
J182	16	10	74	68	1.6994717980805385
J183	15	6	42	72	1.5311333543141923
J184	13	14	59	78	0.9296422238001825
J185	15	12	44	54	1.1913313541691275
\\ Jobs in machine 18
10
J186	15	10	33	6	1.481451654042024
J187	14	9	108	43	1.441234573327765
J188	17	11	102	37	1.3249062339319766
J189	13	2	55	94	1.0731367877989202
J190	15	3	6	73	1.2805867632961976
J191	14	8	101	96	1.2769699128127088
J192	16	4	22	102	0.8412222022540963
J193	14	8	67	43	1.2743034575017638
J194	15	6	105	89	1.368736950840602
J195	13	2	33	95	1.0599127708425478
\\ Jobs in machine 19
11
J196	14	8	108	82	1.1275512001804262
J197	14	4	44	108	1.1666009500177748
J198	15	5	95	91	0.7452468057774089
J199	13	7	66	79	0.5599153030235707
J200	13	10	25	100	0.698898960245668
J201	16	7	28	111	0.8893906920836514
J202	14	12	95	40	1.0007690015768962
J203	16	11	93	74	1.062857855114914
J204	14	14	93	21	0.7167662676708559
J205	16	1	29	17	1.4417368662747407
J206	15	5	48	123	0.7318571146229792
\\ Jobs in machine 20
12
J207	16	6	86	9	0.9858686679418937
J208	15	5	41	38	0.9393987344746679
J209	13	4	3	55	1.7426868104102629
J210	14	10	34	26	1.8903627983456248
J211	14	10	25	94	1.068863807810297
J212	14	4	52	20	0.4452593108185814
J213	15	9	56	43	1.3286721663241319
J214	14	4	88	113	0.9242005180823265
J215	14	2	104	2	1.4567655271255042
J216	13	10	28	3	0.8746778053206972
J217	13	9	62	52	1.4884483558071162
J218	14	7	65	112	1.3544264781657311
\\ Jobs in machine 21
12
J219	14	14	103	106	1.0352524337174442
J220	13	6	81	31	1.117376821948226
J221	14	10	72	12	1.2428534630054577
J222	16	9	89	41	1.7241207272061243
J223	16	7	82	58	1.4566887428880761
J224	14	9	102	43	1.215739469233573
J225	13	6	30	65	1.955057286086138
J226	14	2	109	101	1.3155753034783082
J227	14	6	26	50	0.9812427556876337
J228	16	4	73	103	0.6776790135248756
J229	14	12	98	91	1.495527751535015
J230	16	9	51	68	0.7431463820953252
\\ Jobs in machine 22
10
J231	14	1	99	76	1.1748136457232599
J232	15	12	11	33	1.469930518769401
J233	16	7	15	11	1.4621658253233023
J234	14	6	49	53	0.965235372400348
J235	16	3	95	26	1.605469119569904
J236	14	14	68	68	0.6211177884675937
J237	15	6	12	38	0.8171192731791244
J238	15	9	23	77	1.594286817094459
J239	14	13	20	1	1.1501317199867829
J240	15	11	71	54	1.8598032048667628
\\ Jobs in machine 23
11
J241	14	4	69	50	1.6685851023396379
J242	15	6	18	6	1.021953641702175
J243	14	8	87	97	1.8487598607166396
J244	15	5	72	119	0.9489029611310715
J245	15	8	37	114	1.4421205843017904
J246	15	4	44	49	0.5989655808092486
J247	15	1	84	102	0.8366340796712733
J248	15	9	89	62	0.6842312008505645
J249	17	14	30	101	0.5606018629766287
J250	15	7	83	42	1.063420700111803
J251	13	5	7	43	0.7888992836828748
\\ Jobs in machine 24
10
J252	13	14	92	7	2.290440330235418
J253	15	2	100	120	0.7409648467182415
J254	14	4	21	61	1.2006972285284885
J255	14	8	36	43	1.724488752817532
J256	14	12	47	8	0.1
J257	13	7	26	16	0.717869621981363
J258	15	10	51	59	0.5740569372809332
J259	15	8	11	33	0.763337891716501
J260	14	1	44	45	1.794433167165405
J261	15	9	90	92	0.5248642092558634
\\ Jobs in machine 25
12
J262	14	4	81	40	0.4328744225160648
J263	14	13	90	92	1.296923614880245
J264	16	8	8	34	0.408626500959263
J265	15	2	64	26	0.9466647449705066
J266	14	7	97	13	1.2663258906334687
J267	16	9	23	64	1.17388816326965
J268	15	5	68	103	1.4592562692047282
J269	14	4	93	97	1.1707219762461352
J270	16	4	29	39	1.2169671899868377
J271	14	12	56	42	1.2132888661030976
J272	15	13	71	38	0.9884713693200511
J273	14	12	25	16	1.2274864615242351
\\ Dependencies 
137
1	8
4	6
4	10
6	9
11	14
13	22
16	17
16	21
16	22
17	18
17	19
18	22
23	26
23	31
26	28
30	31
34	35
34	38
36	37
36	42
38	41
41	42
43	46
44	49
46	49
48	52
48	53
51	52
54	61
55	59
56	59
58	63
64	73
66	70
67	73
75	76
75	78
76	77
76	83
83	84
85	86
85	90
85	91
87	91
87	93
91	95
93	94
100	101
101	102
102	103
107	111
107	115
108	109
109	115
110	114
110	116
112	114
112	115
113	115
113	117
113	118
115	118
120	128
121	124
124	125
124	127
127	129
130	131
130	139
131	134
133	135
134	137
134	140
143	144
144	151
146	147
147	149
149	150
153	155
153	160
153	161
154	155
154	159
154	163
160	161
160	164
161	162
175	178
176	185
177	180
179	180
186	187
190	191
191	195
192	193
192	194
196	197
197	199
197	202
197	204
197	205
199	200
199	202
201	202
204	205
207	213
208	213
209	216
210	213
211	215
211	217
212	217
219	221
219	224
219	228
220	221
220	228
221	224
221	225
221	227
223	225
224	230
225	226
229	230
232	240
234	238
235	238
235	239
241	244
252	255
255	259
262	263
262	264
262	272
264	273
265	267
270	272
