\\ machines
6
\\ max power
60
\\ Jobs in machine 1
10
J1	15	9	74	16	1.4947167429924355
J2	14	11	18	11	1.1606785358442142
J3	14	5	17	21	1.0502902621604602
J4	15	9	73	24	0.18165744801601713
J5	14	10	81	17	1.9472880072115855
J6	13	9	16	5	1.341434255000567
J7	13	7	110	18	1.3368837345092541
J8	13	5	23	24	1.2276335661824618
J9	16	4	49	4	1.6888850972747902
J10	15	2	88	20	1.530332834868256
\\ Jobs in machine 2
9
J11	14	9	20	23	1.3960660418401052
J12	13	9	104	10	2.318070046313517
J13	13	12	78	25	0.8578204665075666
J14	15	3	43	3	1.6941971952265102
J15	15	14	29	1	1.6232539379071107
J16	15	10	103	16	0.23615723090299823
J17	14	3	77	8	0.22451413569798273
J18	15	1	109	21	1.3170429395664431
J19	15	6	85	28	1.0954319945388427
\\ Jobs in machine 3
11
J20	14	14	86	15	0.8711574211605078
J21	15	11	79	15	1.0016141276796182
J22	14	3	29	25	0.8908551971280537
J23	14	8	32	11	0.3409690225037102
J24	13	10	51	1	1.934535745704922
J25	15	3	104	23	1.0827839035867588
J26	15	11	42	6	0.9578107722735882
J27	15	1	38	14	0.7028073789869324
J28	14	3	24	4	1.203358502784417
J29	15	13	21	25	1.5653510102529529
J30	17	1	33	2	1.1308279230861706
\\ Jobs in machine 4
12
J31	15	7	101	25	1.5268742520066991
J32	15	5	96	1	0.6498066245668567
J33	16	7	7	24	0.9141369306167961
J34	15	5	72	25	1.4052743519463244
J35	16	9	5	13	1.3706829015083213
J36	16	1	6	18	0.8606493155836987
J37	16	9	34	16	0.27876840441712825
J38	13	7	77	17	0.6659355063263505
J39	15	6	48	3	0.7002065182300754
J40	16	8	103	30	1.2466420948287211
J41	14	8	26	4	2.3175332377973437
J42	15	14	51	21	0.9535379788789908
\\ Jobs in machine 5
10
J43	14	4	66	8	0.4360435595613297
J44	16	8	71	8	0.7624136460147222
J45	13	14	106	8	1.545549206317156
J46	15	9	26	8	0.7528941346185507
J47	15	8	96	19	1.8370295195510946
J48	14	1	42	25	0.6370127742188617
J49	15	4	47	19	1.1832893694421056
J50	15	13	19	10	1.6234091939484838
J51	15	6	95	6	2.097854455329498
J52	13	5	21	18	0.26186524252061927
\\ Jobs in machine 6
11
J53	15	13	2	8	1.202615508224356
J54	15	10	82	29	1.227843131612916
J55	15	1	103	15	0.7633112812674953
J56	15	11	17	19	0.9781701281129926
J57	14	13	2	22	1.542865933861325
J58	14	7	92	19	0.6951884558455474
J59	14	10	24	5	1.526429326930082
J60	15	11	73	19	1.1851791333946107
J61	14	14	86	27	0.8234771142773646
J62	14	7	14	20	0.8184770726755688
J63	15	8	9	22	1.585792217574076
\\ Dependencies 
27
1	5
2	5
3	9
8	9
11	17
12	17
13	17
15	17
15	18
20	30
21	26
24	30
27	29
32	34
33	40
35	37
37	38
40	41
43	52
45	46
45	51
46	52
53	58
54	56
55	62
56	59
56	63
