\\ machines
7
\\ max power
70
\\ Jobs in machine 1
10
J1	13	8	65	17	1.8993204626334672
J2	13	1	99	1	0.5069331828069265
J3	13	8	47	6	2.1860904043785765
J4	13	9	79	6	2.0981364868055996
J5	17	10	31	18	0.852993647436536
J6	14	13	10	15	1.328416960663662
J7	15	4	79	11	0.9409772682255956
J8	15	13	85	13	1.5321665383638683
J9	13	2	86	15	1.188306316145958
J10	13	10	12	14	1.1326990354051851
\\ Jobs in machine 2
13
J11	16	1	3	5	1.4743886758771125
J12	15	8	104	3	0.2641857178255138
J13	14	5	17	11	1.913947382552006
J14	15	4	38	9	1.3850946033757672
J15	14	5	43	8	1.1533045772262571
J16	13	2	25	12	1.2659015195129786
J17	15	3	9	3	0.6733476704196906
J18	14	10	59	10	1.6296502417935006
J19	14	11	45	15	1.7925663581280364
J20	14	7	39	14	0.11654000663380182
J21	15	14	39	9	1.3151572832793799
J22	15	2	49	11	1.4000855220114155
J23	13	2	6	7	1.0285766624482686
\\ Jobs in machine 3
11
J24	14	5	75	17	1.545828174767352
J25	14	13	14	2	2.0435957238422287
J26	14	9	62	6	1.9884376269736905
J27	13	7	26	12	0.9549709942644192
J28	11	12	11	18	1.6034584028485301
J29	13	5	81	11	1.7307400890771651
J30	15	1	87	15	1.172707632066088
J31	14	9	44	3	2.130093046593307
J32	13	13	59	16	1.3347149619033354
J33	15	13	66	4	1.4462642843035824
J34	15	7	35	13	1.1730200627386689
\\ Jobs in machine 4
11
J35	15	5	57	7	1.4246172510370787
J36	16	6	15	13	0.580128245343312
J37	14	1	69	10	1.1267155914736886
J38	14	7	44	2	0.9633002629349341
J39	14	10	83	3	1.1439810906173857
J40	15	9	46	16	1.5539734422658333
J41	13	4	11	17	1.0187325729393053
J42	15	3	64	12	1.3547618633598926
J43	14	9	30	15	1.408716885302716
J44	14	1	39	14	0.6762917163413418
J45	15	14	50	10	1.8916814257440346
\\ Jobs in machine 5
11
J46	14	7	11	7	1.4067058759159643
J47	14	4	6	16	0.9296463516830658
J48	13	7	30	11	0.9402113525730039
J49	13	3	70	12	0.49609849802246997
J50	14	8	106	12	1.1435687258680165
J51	14	3	67	14	1.638789306128726
J52	16	3	85	15	1.0637975269475055
J53	14	4	31	9	1.323388312131639
J54	13	14	79	3	1.3722904321443692
J55	14	5	71	7	1.6152615343662182
J56	15	4	86	11	1.8271508860283787
\\ Jobs in machine 6
13
J57	14	11	101	8	0.9063252251753491
J58	14	12	46	11	0.7684522265670573
J59	16	7	12	17	1.1457147809436
J60	13	10	27	12	1.0789763419282574
J61	15	12	67	6	1.2979854613760389
J62	13	10	2	3	1.0927776666015476
J63	16	7	23	7	1.6620723044474623
J64	14	8	104	8	0.713622087075412
J65	15	11	36	3	1.3438226709344605
J66	15	2	69	13	0.16838770067514175
J67	15	10	50	3	2.1515079830705917
J68	14	3	78	10	2.1392955898514643
J69	14	2	35	12	1.166217127095457
\\ Jobs in machine 7
10
J70	13	10	18	12	0.1
J71	16	10	108	18	1.5345126997682708
J72	13	9	53	7	0.23484291890477638
J73	16	10	20	1	0.6997761662997403
J74	15	1	26	6	0.6995192504844472
J75	15	3	91	9	1.4077574379257274
J76	15	14	5	12	1.51444094254386
J77	16	14	102	8	0.8243519602087701
J78	15	7	106	1	0.1462001826707504
J79	15	2	14	15	1.016874144941622
\\ Dependencies 
46
1	5
1	6
1	7
2	8
3	5
3	8
5	6
8	10
11	18
12	17
18	19
19	23
21	23
24	30
25	33
26	29
26	32
29	31
30	31
35	37
36	39
37	40
39	44
48	53
49	55
51	55
52	56
59	62
59	67
60	67
61	64
61	66
62	67
62	68
63	66
64	69
65	66
70	72
70	76
71	78
72	75
72	76
72	77
73	75
74	75
74	76
