\\ machines
15
\\ max power
150
\\ Jobs in machine 1
10
J1	15	6	41	31	1.5270939004385007
J2	17	13	57	13	1.1462885532811162
J3	14	4	36	4	0.4815929808362647
J4	14	5	35	36	1.4245459515601029
J5	15	1	100	28	1.9722043804398863
J6	14	4	62	12	0.9363986638265225
J7	15	11	56	30	1.0354044246636855
J8	15	11	12	9	0.4731149267519019
J9	16	4	9	28	0.8712053100004487
J10	16	8	101	38	1.1489209762784391
\\ Jobs in machine 2
11
J11	15	9	53	18	1.564726171554657
J12	14	10	5	28	0.6621905335014682
J13	14	4	73	34	0.914128928175872
J14	15	6	84	33	0.2599824383600223
J15	15	6	6	14	1.2908946852665488
J16	14	5	84	6	1.2468245332743908
J17	14	13	20	15	1.355155238544364
J18	15	6	73	25	1.1454914555822935
J19	14	7	102	34	0.9248027087066174
J20	14	14	10	24	1.0586373040311075
J21	15	11	52	1	1.2477719734178723
\\ Jobs in machine 3
10
J22	12	8	9	28	1.3865941240212125
J23	16	2	41	10	1.5042395176583394
J24	14	13	32	8	1.4023029297175384
J25	16	2	106	21	1.4485569480873757
J26	15	12	20	9	0.5972753117938631
J27	16	12	25	21	2.637032494135406
J28	14	2	66	12	0.2324786710855955
J29	14	2	3	1	1.478027648239066
J30	16	1	36	28	0.9623360553873956
J31	16	2	66	10	1.8781808432825025
\\ Jobs in machine 4
10
J32	17	7	99	5	1.1823257177409547
J33	15	12	36	14	1.5032947751908123
J34	13	1	96	2	0.7012005030775963
J35	15	5	66	15	1.269458657470306
J36	15	3	74	15	1.5430107266942794
J37	13	12	15	38	0.38171315279259477
J38	16	6	78	19	0.30358725042345514
J39	15	2	11	34	0.5598888394735618
J40	14	13	68	30	1.4301068449696046
J41	13	5	38	3	1.101132846605832
\\ Jobs in machine 5
11
J42	12	1	45	29	1.2963926521872806
J43	16	4	89	30	1.1510168824662417
J44	15	12	83	38	0.6338963675491923
J45	14	7	22	28	1.0591905286546932
J46	14	14	65	28	1.2266603548607713
J47	14	5	102	36	1.2477279574079096
J48	16	10	6	29	1.8654021700500878
J49	13	5	99	6	1.4752374801836214
J50	15	10	19	5	1.0067380328571853
J51	15	8	11	20	0.1
J52	15	4	70	16	1.3189148819287695
\\ Jobs in machine 6
12
J53	13	12	15	5	1.5632919897828557
J54	16	5	79	18	1.3174488225625225
J55	14	3	31	26	0.6756894904755159
J56	14	12	76	37	1.3692147320136532
J57	15	5	55	7	0.8334233753854232
J58	13	1	62	19	0.7719252057811989
J59	13	14	106	1	1.7251834236197299
J60	15	3	108	34	1.0408334872934542
J61	15	13	84	26	0.39818335901567803
J62	15	2	63	3	1.1867129801554348
J63	13	4	72	4	1.7083399024112433
J64	13	11	25	5	1.1791879326674561
\\ Jobs in machine 7
12
J65	16	10	75	36	0.6935931346372634
J66	15	10	49	29	1.1128160679060486
J67	15	5	68	5	1.3721597411329578
J68	15	13	88	11	1.4706052591626495
J69	13	2	15	3	1.481487196214702
J70	15	7	66	3	0.5667459935438678
J71	13	8	28	26	0.7838855245687877
J72	15	5	74	27	0.8375377420961079
J73	14	1	83	5	1.988489133083935
J74	14	13	29	32	1.1304945611470996
J75	14	13	68	22	1.5425475199792265
J76	15	6	26	11	1.8473334898287235
\\ Jobs in machine 8
12
J77	15	7	80	28	1.1294178975274065
J78	16	6	107	3	1.3351485163094194
J79	14	10	106	37	1.9739049034881875
J80	16	1	81	18	0.5783465067048293
J81	14	1	105	1	0.46972919223187704
J82	15	11	58	7	1.261882816097335
J83	13	11	10	19	0.17232489953339747
J84	16	7	28	9	0.8456618140417144
J85	14	14	16	21	1.5583950331668355
J86	15	3	110	19	1.1412522786962955
J87	16	2	86	27	1.9179688581559078
J88	14	11	34	14	1.5656901208458622
\\ Jobs in machine 9
10
J89	14	1	69	15	1.042293829420022
J90	14	9	58	33	1.5378837003001151
J91	14	8	85	10	1.2223201695120658
J92	14	9	100	8	1.2993875480965833
J93	14	14	99	15	1.1621374611001942
J94	15	3	96	11	0.9364776860269666
J95	16	10	58	32	1.0829366371189033
J96	16	5	3	24	0.945738840661863
J97	13	11	16	21	1.149851726317702
J98	16	6	66	12	1.035953401034892
\\ Jobs in machine 10
10
J99	14	6	98	31	0.4439027559342714
J100	15	1	71	27	0.8796524830594487
J101	14	7	2	37	0.6629685203709829
J102	13	13	54	30	0.9211154718544559
J103	14	12	36	29	1.3014767687434692
J104	15	14	10	3	0.3986365802557057
J105	15	7	75	34	1.4865941350994405
J106	16	11	27	9	0.9670119476756258
J107	15	5	80	36	1.365403486831978
J108	14	5	10	20	0.3984750431707218
\\ Jobs in machine 11
12
J109	14	2	21	21	0.6913052667793403
J110	15	14	15	27	0.7330940359099389
J111	15	2	31	25	0.5504804730419564
J112	15	10	26	16	0.7425759355301778
J113	14	9	67	28	1.1308951277801191
J114	14	5	66	3	0.4274752756335708
J115	13	12	31	26	0.8084127278659229
J116	15	2	106	24	1.4864654843155622
J117	14	8	106	13	1.5679185694140472
J118	16	2	9	37	1.1208724119621258
J119	13	6	106	9	1.2323535647952322
J120	14	13	5	35	0.8470548168801173
\\ Jobs in machine 12
11
J121	15	4	92	14	0.7447188327185792
J122	15	10	87	5	1.4367641896485925
J123	15	8	24	27	1.696395652199819
J124	14	9	6	5	0.9381778028429718
J125	14	14	61	19	0.9590336484731312
J126	15	14	13	15	2.606360098723509
J127	15	8	82	20	1.3819506667541352
J128	14	9	107	17	0.47947662912055455
J129	15	1	24	11	1.170665727575262
J130	15	4	22	17	0.3492298908889957
J131	16	14	68	9	1.6179080128104806
\\ Jobs in machine 13
9
J132	13	1	58	12	1.5817319468412916
J133	15	12	107	17	1.7682618035066218
J134	16	4	83	24	0.9426051335984271
J135	15	4	18	9	1.5188467271758261
J136	14	5	16	32	1.3297924609947984
J137	14	1	6	18	1.2509157365104036
J138	16	1	4	10	1.3568368920671325
J139	14	2	3	26	1.023210199540314
J140	15	5	35	16	1.2264236687444543
\\ Jobs in machine 14
10
J141	16	13	67	4	1.4148579017647167
J142	15	12	82	14	1.5119767267179767
J143	16	10	82	20	1.8977385512498133
J144	14	8	33	19	1.2085256245027807
J145	14	2	47	13	0.3623668354199501
J146	15	14	19	37	1.1534134148520372
J147	15	2	73	12	0.6910131907640821
J148	15	1	72	34	0.5186541745928348
J149	14	2	3	32	1.540284603827318
J150	13	4	96	34	1.2175624251508796
\\ Jobs in machine 15
11
J151	12	12	21	11	0.6275274731552338
J152	15	6	97	4	1.0697906679937312
J153	16	1	106	11	1.0482040852690688
J154	14	7	77	21	1.6215714020443566
J155	16	14	91	7	1.290812223976069
J156	15	14	31	18	1.168567184522398
J157	14	7	34	14	1.8942104257601007
J158	16	8	48	37	1.1643053860774712
J159	15	2	62	30	0.5218779432250105
J160	12	1	23	22	1.2797847963087272
J161	16	1	30	13	0.9777983563884691
\\ Dependencies 
225
1	3
1	4
1	6
1	7
2	3
2	7
4	9
4	10
5	6
5	8
6	10
11	15
11	17
11	20
12	15
12	16
12	17
12	18
12	19
12	21
13	18
14	19
14	20
15	19
15	21
18	20
18	21
19	21
20	21
22	23
22	27
22	29
23	27
23	29
23	31
24	25
24	27
24	29
24	30
25	26
25	28
25	30
26	28
26	31
27	28
27	30
28	30
28	31
29	31
32	34
32	37
32	38
33	35
33	36
33	40
35	39
35	41
36	37
38	39
38	41
42	44
42	50
43	47
43	48
43	51
44	46
44	47
44	51
45	46
45	48
47	49
47	51
47	52
48	50
48	52
49	50
50	51
51	52
53	55
53	56
54	59
54	61
54	64
55	59
55	64
56	61
56	63
58	63
59	62
60	61
60	62
60	64
62	63
65	68
65	75
66	68
67	68
67	69
67	71
68	71
68	72
68	74
68	75
69	71
69	75
72	73
72	75
73	76
74	76
77	83
77	87
78	80
78	85
78	86
79	81
80	82
80	85
81	84
81	85
81	86
82	83
84	86
85	86
85	87
87	88
89	90
89	92
89	93
89	94
89	96
90	94
91	92
91	94
91	98
93	95
93	98
94	96
94	98
95	96
97	98
99	101
99	104
100	103
100	107
101	102
102	104
102	106
103	104
103	105
103	108
104	105
106	107
109	112
109	115
110	111
110	118
111	114
111	116
111	117
111	118
111	120
112	114
112	115
112	117
112	119
113	115
113	117
113	118
114	115
114	120
115	120
116	120
121	122
121	125
121	126
122	123
122	124
122	125
122	126
122	131
123	130
124	129
125	128
126	127
126	128
127	131
128	130
129	131
132	140
133	134
133	135
133	140
134	135
134	137
135	136
135	137
136	140
137	138
137	139
138	139
141	142
141	144
141	145
141	147
142	143
142	146
143	150
144	148
145	148
145	150
147	149
148	150
149	150
151	152
151	153
151	158
151	160
152	158
153	154
153	157
153	160
154	155
155	156
156	161
158	161
