\\ machines
15
\\ max power
150
\\ Jobs in machine 1
11
J1	15	8	91	91	1.1645348797656923
J2	14	10	46	106	1.5523891825866234
J3	15	12	41	49	1.5386928763107108
J4	15	10	33	24	1.0960568425788133
J5	16	1	62	70	1.203711829897463
J6	13	12	98	9	0.8171059830181348
J7	15	3	43	11	1.1791334576221568
J8	16	13	70	20	1.3705905500580164
J9	15	11	6	13	0.9926775867900097
J10	14	14	58	39	0.6279193246153646
J11	15	12	26	22	0.9957365861640566
\\ Jobs in machine 2
11
J12	13	4	59	103	1.5669582140516018
J13	14	12	69	40	1.2012380323356444
J14	16	13	110	24	0.9947860804419992
J15	15	12	55	109	1.3153500039974484
J16	16	10	41	87	0.9066260439213425
J17	14	6	80	34	1.9298975143278683
J18	14	1	91	90	1.5213741803628515
J19	14	4	5	51	0.23912548331008932
J20	16	10	69	31	0.9404388375234214
J21	15	5	22	14	1.3898303367018234
J22	16	5	7	97	0.5126902772398555
\\ Jobs in machine 3
11
J23	14	2	43	30	1.3083048325938451
J24	14	9	92	18	1.6213514697896412
J25	14	3	31	23	0.87574282130673
J26	14	12	99	93	0.6373268127546892
J27	14	4	51	15	1.500560050119761
J28	14	8	28	44	1.2579592365729935
J29	15	7	69	90	0.7415617833716941
J30	14	13	44	2	0.5962100930045428
J31	14	12	14	8	0.6804728190005346
J32	15	11	38	81	1.6732004064780557
J33	16	1	96	28	0.7669595333706692
\\ Jobs in machine 4
11
J34	16	5	90	40	1.0157656177571595
J35	14	10	39	61	1.5223939810267288
J36	15	13	39	44	0.9836817809436376
J37	15	5	87	56	1.3701871649558655
J38	15	10	78	47	1.363382787906072
J39	15	10	81	8	1.4921872184334106
J40	15	2	81	93	1.0495316610926344
J41	15	7	77	71	1.4237534670736474
J42	14	6	39	25	0.12015377764824042
J43	18	4	100	23	1.79645204320998
J44	16	9	90	15	1.2932676368179605
\\ Jobs in machine 5
10
J45	15	3	107	93	0.949267966737273
J46	16	10	48	89	1.3569451777404862
J47	14	2	98	68	0.8969149605665094
J48	12	12	93	82	0.7767979865147393
J49	13	13	27	48	1.8125542246558974
J50	15	2	58	44	1.5678332537649609
J51	15	2	93	63	1.353628514513716
J52	15	6	29	105	1.2233838895611242
J53	13	14	82	97	0.14886585626446447
J54	16	4	52	21	0.7613696851856249
\\ Jobs in machine 6
12
J55	14	5	30	9	1.0324241444389284
J56	14	10	57	52	0.4689264853216737
J57	15	10	21	30	1.8251441102358776
J58	16	10	42	5	0.8380136609162869
J59	16	4	82	36	1.1650987655934752
J60	15	12	4	60	1.070865156784659
J61	15	13	61	12	0.9448624784408329
J62	14	14	11	86	1.2469177198361898
J63	14	8	5	51	2.0059712731303496
J64	14	1	5	31	1.425744766596256
J65	14	5	59	83	0.9857347476603467
J66	15	5	87	81	0.6107906426087706
\\ Jobs in machine 7
12
J67	13	12	17	84	0.4671287041280363
J68	14	8	77	39	1.129501602287947
J69	14	14	110	55	2.2354802305338235
J70	14	11	53	85	2.126755431443308
J71	15	11	81	87	1.8342639632555868
J72	14	11	66	30	1.4505794547798845
J73	12	9	106	102	1.4899045374728581
J74	15	8	51	16	1.5972870802397199
J75	15	13	20	16	1.0407474895256512
J76	15	14	40	17	1.9835436791302374
J77	13	3	106	42	1.05205954498213
J78	15	2	82	89	0.6273693830873626
\\ Jobs in machine 8
12
J79	15	10	98	23	0.9797349346499622
J80	13	6	44	15	1.8928202032104848
J81	14	9	20	112	0.10591771800555128
J82	16	8	94	105	0.7790739853053481
J83	14	9	9	91	1.342253156433531
J84	15	2	74	72	0.8472976061982344
J85	15	5	11	77	1.3292959077339097
J86	16	1	38	36	0.39087205394863034
J87	15	13	29	28	0.22354479494448687
J88	15	3	79	11	0.9278129389739762
J89	14	11	19	100	0.6072336817433492
J90	15	9	23	39	1.260588024399966
\\ Jobs in machine 9
10
J91	15	7	90	60	0.83854878094764
J92	14	14	23	62	0.8611713525147435
J93	14	12	109	79	1.380643304908726
J94	15	9	6	20	1.0909028609455724
J95	14	4	69	41	1.3644980770589528
J96	14	11	9	40	0.8158924636996013
J97	16	6	13	99	1.2884285112263216
J98	15	11	58	46	0.8608785047110779
J99	13	5	104	5	1.354949668692116
J100	14	7	108	39	2.221294110150472
\\ Jobs in machine 10
13
J101	14	1	48	27	0.22585807271284597
J102	15	6	19	62	0.1
J103	14	13	31	21	1.3068201576608565
J104	13	11	74	100	1.0244508121668048
J105	15	1	63	77	1.4838790118816405
J106	14	14	31	24	1.4237502041022188
J107	13	6	14	52	1.221887455896118
J108	14	7	19	26	1.2135729482864301
J109	15	3	14	103	1.0251396229044558
J110	13	8	85	100	2.051603023760417
J111	14	1	90	76	1.531194708732874
J112	13	5	15	39	0.8367521098861422
J113	13	13	63	57	1.5280483008807089
\\ Jobs in machine 11
10
J114	15	7	59	23	1.5529660787602957
J115	13	7	89	2	1.5610661012598324
J116	14	6	11	48	1.4126075971189829
J117	14	12	99	11	1.3468816141936197
J118	14	14	79	54	0.329510753941209
J119	16	14	110	64	1.2257332475019957
J120	14	7	75	8	1.1104962715546476
J121	16	12	3	62	1.4150583030936632
J122	15	4	9	37	0.7247832162404072
J123	15	11	62	46	1.2657923013786503
\\ Jobs in machine 12
10
J124	13	10	86	8	1.5285333607547735
J125	15	14	4	81	0.41926745011512023
J126	14	9	49	82	1.4196855406949318
J127	14	9	87	4	2.0219429966247477
J128	14	12	32	11	1.18622748248803
J129	14	6	22	67	1.0837645800128881
J130	14	5	79	65	1.1068805257212793
J131	14	3	79	39	1.2164511429599711
J132	13	9	78	96	1.0765564098191236
J133	14	14	65	3	0.9693255059898404
\\ Jobs in machine 13
10
J134	13	11	91	62	0.9886413397649038
J135	16	8	65	32	1.1674091579520538
J136	13	14	71	92	2.229511586566719
J137	14	5	94	88	1.1244347513620057
J138	15	5	82	105	1.118341610113597
J139	15	8	16	16	2.3779072554130805
J140	15	5	37	96	1.2277547742790123
J141	13	4	58	44	1.163022677410964
J142	14	11	72	99	0.8195013568694691
J143	13	11	48	96	1.013524697715111
\\ Jobs in machine 14
10
J144	15	3	92	64	0.9809685740330664
J145	16	7	51	45	1.5404566090325114
J146	15	7	7	100	1.41496666872659
J147	15	6	12	37	1.433253193408515
J148	16	5	14	91	1.331072977375569
J149	14	2	92	53	0.6069428080635433
J150	14	7	25	23	1.4488338772647276
J151	12	7	31	55	1.4274495165661276
J152	16	3	40	57	1.0002718251190363
J153	14	3	80	56	0.6147994945346489
\\ Jobs in machine 15
11
J154	14	12	28	52	0.9453354360407152
J155	15	12	74	70	1.7760515022759586
J156	15	5	23	48	1.4980032376931733
J157	14	10	107	75	1.0985472369798022
J158	15	1	86	22	0.979729378359553
J159	14	14	86	42	2.623998784041905
J160	13	3	61	99	0.9212741886507925
J161	15	12	20	34	0.988350152861575
J162	16	9	42	1	0.5202365663528321
J163	14	13	83	37	0.5381441714497057
J164	15	12	45	106	0.8719689110194737
\\ Dependencies 
379
1	2
1	3
1	11
2	4
2	5
2	6
2	8
2	9
2	11
3	4
3	5
3	9
3	10
4	6
4	8
4	9
4	10
4	11
5	6
5	7
5	8
5	9
5	10
6	8
6	9
7	10
7	11
8	9
8	10
9	11
10	11
12	13
12	14
12	16
12	17
12	19
12	20
12	21
13	14
13	21
14	15
14	16
14	19
14	20
15	16
15	19
15	22
17	19
17	20
17	21
18	20
18	21
18	22
19	22
20	22
23	26
23	29
23	31
23	32
23	33
24	28
24	32
25	26
25	30
25	33
26	27
26	29
26	30
27	29
27	31
27	32
28	30
29	30
29	31
30	33
31	32
34	35
34	36
34	38
34	40
34	41
34	42
35	36
35	37
35	38
35	40
35	41
35	42
35	44
36	38
36	39
36	40
36	43
37	40
37	41
37	42
37	43
37	44
38	43
39	40
39	43
39	44
40	43
40	44
41	42
41	43
43	44
45	47
45	48
45	51
45	52
45	54
46	47
46	48
46	50
46	51
47	54
48	49
48	50
48	51
48	54
49	52
49	53
51	52
51	54
52	54
55	56
55	57
55	58
55	59
55	60
55	61
55	65
55	66
56	57
56	58
56	59
56	60
56	63
56	64
56	66
57	58
57	59
57	63
57	66
58	65
58	66
59	62
59	64
60	61
60	63
60	64
61	62
61	64
62	64
62	65
63	64
65	66
67	71
67	72
67	73
67	75
67	76
68	69
68	70
68	72
68	73
69	71
69	73
69	74
69	76
69	77
70	72
70	73
71	72
71	73
71	76
72	73
72	74
72	76
72	78
73	75
73	77
74	76
74	78
75	78
79	80
79	82
79	86
79	87
80	85
80	90
81	83
81	85
81	89
82	83
82	88
83	84
83	85
83	88
83	89
83	90
84	85
84	86
84	87
84	90
85	88
86	87
88	90
89	90
91	92
91	93
91	96
91	98
91	100
92	93
92	94
92	95
93	94
93	95
93	96
93	98
94	95
94	99
94	100
96	98
96	99
96	100
97	98
98	99
98	100
101	104
101	105
101	106
101	108
101	109
101	112
102	108
102	110
102	111
103	105
103	107
103	109
103	111
103	113
104	108
104	109
104	112
104	113
105	109
105	110
105	111
105	112
105	113
106	107
106	110
106	112
107	110
107	112
107	113
108	111
108	113
110	112
110	113
114	120
114	121
114	123
115	119
115	121
115	123
116	118
116	121
116	122
116	123
117	118
117	120
117	121
117	123
118	121
118	122
118	123
119	120
119	121
120	121
124	128
124	130
124	133
125	128
125	130
125	132
126	128
126	129
126	130
126	132
126	133
127	129
127	130
127	131
127	132
129	130
129	132
130	131
131	133
132	133
134	135
134	138
134	139
134	143
135	137
135	140
136	139
137	141
137	142
137	143
138	139
138	142
139	140
139	141
139	142
140	141
140	142
140	143
141	142
144	146
144	147
144	149
144	152
144	153
145	146
145	150
145	153
146	148
146	150
146	151
147	148
147	149
147	150
147	153
148	151
148	152
148	153
149	150
149	151
149	153
150	151
151	152
152	153
154	155
154	156
154	158
154	159
154	163
154	164
155	157
155	158
155	160
155	161
155	162
156	157
156	159
156	160
156	161
157	158
157	160
157	161
157	162
157	163
157	164
158	159
158	161
158	164
159	161
159	162
159	163
160	161
160	163
160	164
161	164
163	164
