\\ machines
8
\\ max power
80
\\ Jobs in machine 1
12
J1	14	4	15	37	0.5750989786260723
J2	14	3	37	39	0.6978468087653815
J3	14	7	70	52	0.45717497998609335
J4	14	10	41	49	1.7209185775283675
J5	14	3	82	16	0.8454741981163723
J6	16	2	45	5	0.6779244077997102
J7	14	13	81	18	0.8422073030282036
J8	14	10	75	1	2.0761245827367767
J9	14	1	17	50	0.7296671607585207
J10	16	1	93	24	1.5836243748734407
J11	16	8	20	22	0.3988185194179662
J12	14	14	110	55	1.1438444305989799
\\ Jobs in machine 2
9
J13	15	13	82	44	1.2545040773842702
J14	14	1	73	25	1.2326758167022778
J15	13	2	101	36	1.1648516947258427
J16	16	4	58	21	0.17542468904919484
J17	15	14	49	21	1.3885599019084827
J18	15	8	12	54	1.3537949654097299
J19	15	8	104	22	1.3330936665278519
J20	15	3	21	58	1.6020359186663076
J21	15	11	83	29	0.3137889510384375
\\ Jobs in machine 3
12
J22	15	4	12	60	1.2286244858629323
J23	14	3	17	17	1.1588283269948711
J24	14	10	109	51	1.7875472142260183
J25	14	7	71	27	0.8232648730953271
J26	14	5	86	40	1.4633933717687608
J27	15	8	91	23	0.8657276491901725
J28	15	12	42	19	1.9188730542169825
J29	14	12	61	7	0.42057043475788036
J30	14	8	24	52	1.7488721413568107
J31	14	8	36	51	0.5255098952364868
J32	15	4	4	49	0.6643260591709188
J33	12	5	94	7	2.075806864723044
\\ Jobs in machine 4
13
J34	12	4	87	51	0.9734988090509429
J35	15	7	55	38	1.0912068681289349
J36	14	10	60	33	0.9894541426397456
J37	14	12	98	50	1.2456943006610721
J38	14	6	48	35	0.8454436654852029
J39	13	10	110	51	0.9330129998514329
J40	13	4	78	36	2.0092724942415674
J41	15	11	54	10	1.526748651114258
J42	15	8	74	38	1.0341510382504273
J43	14	9	46	23	1.148686120201133
J44	16	11	75	57	1.695784405464559
J45	16	9	25	16	1.0462177254833935
J46	15	7	105	37	0.34854658789858173
\\ Jobs in machine 5
11
J47	16	11	100	36	1.3001812996555318
J48	14	1	54	51	0.7535184846707943
J49	17	14	13	22	0.6050225368438091
J50	14	14	91	59	1.4488787903970264
J51	16	8	25	37	1.3848063522015988
J52	16	8	100	42	1.214873281389956
J53	13	1	23	17	0.9323311040870937
J54	13	14	70	33	2.237319381016368
J55	13	12	97	50	1.1318532215324595
J56	13	5	101	22	1.8446601990700693
J57	14	7	3	36	0.20486510226100096
\\ Jobs in machine 6
11
J58	15	14	42	51	0.980067326562361
J59	14	5	10	52	0.9063845092438254
J60	15	8	74	26	2.163022236054325
J61	14	10	89	55	0.7608817526887044
J62	16	13	22	28	1.387492654019077
J63	16	9	28	9	0.9961279003107115
J64	13	10	49	7	0.1
J65	14	2	91	45	0.5615061052292951
J66	15	12	12	21	0.7194032803303148
J67	17	12	64	44	0.733885613651222
J68	15	8	64	11	0.8522462237414205
\\ Jobs in machine 7
12
J69	15	13	60	22	0.92655185081816
J70	15	6	42	17	1.3728695538450628
J71	14	7	96	57	1.4613277927619226
J72	15	10	55	51	1.1194825602193714
J73	14	7	96	22	1.2468064183670944
J74	15	11	22	53	1.460247119671234
J75	13	13	48	14	1.0879999048947218
J76	14	14	19	16	1.5457135614395872
J77	14	4	55	52	0.953457602173067
J78	16	10	44	43	1.2465532846342064
J79	15	8	26	32	0.6515651640246323
J80	15	11	97	33	1.2767096155496638
\\ Jobs in machine 8
12
J81	15	10	10	59	1.0967481731218853
J82	14	9	25	6	1.6059300907453313
J83	15	5	95	9	0.6021860094047266
J84	16	4	70	59	1.51286279268268
J85	15	11	55	59	1.7835831457026585
J86	17	14	43	24	0.8839752101820344
J87	14	6	97	24	1.6405370487151134
J88	15	13	97	9	1.4190774747089359
J89	15	5	13	8	1.5971778367473628
J90	14	9	19	56	1.4483441104123973
J91	15	7	99	24	0.3232078170736917
J92	14	14	35	45	0.8640724530498152
\\ Dependencies 
433
1	2
1	3
1	4
1	5
1	6
1	7
1	8
1	9
1	10
1	12
2	3
2	4
2	5
2	6
2	7
2	8
2	9
2	10
2	11
2	12
3	4
3	5
3	6
3	9
3	10
3	11
3	12
4	5
4	6
4	7
4	8
4	9
4	10
4	11
4	12
5	6
5	7
5	8
5	9
5	10
5	12
6	8
6	9
6	10
6	11
6	12
7	8
7	10
7	11
7	12
8	9
8	12
9	11
9	12
10	11
10	12
11	12
13	14
13	15
13	17
13	18
13	19
13	20
13	21
14	15
14	16
14	17
14	18
14	19
14	20
14	21
15	16
15	17
15	18
15	19
15	20
15	21
16	17
16	18
16	19
16	20
16	21
17	19
17	20
17	21
18	19
18	20
18	21
19	20
19	21
20	21
22	23
22	24
22	25
22	26
22	27
22	28
22	29
22	30
22	31
22	32
22	33
23	24
23	25
23	26
23	27
23	28
23	29
23	31
23	33
24	25
24	26
24	27
24	28
24	29
24	30
24	31
24	32
24	33
25	26
25	27
25	28
25	29
25	30
25	31
25	32
25	33
26	27
26	28
26	29
26	30
26	31
26	32
26	33
27	28
27	30
27	31
27	32
27	33
28	29
28	30
28	31
28	32
28	33
29	30
29	31
29	32
29	33
31	32
31	33
32	33
34	35
34	36
34	37
34	38
34	39
34	40
34	41
34	42
34	44
34	45
34	46
35	36
35	37
35	38
35	39
35	41
35	42
35	43
35	44
35	45
35	46
36	37
36	38
36	39
36	40
36	41
36	43
36	44
36	46
37	38
37	39
37	40
37	41
37	42
37	44
37	45
37	46
38	39
38	40
38	41
38	42
38	44
38	45
38	46
39	41
39	42
39	44
39	45
39	46
40	41
40	42
40	43
40	44
40	46
41	43
41	45
42	43
42	44
42	45
42	46
43	44
43	45
43	46
44	45
44	46
45	46
47	48
47	49
47	50
47	51
47	52
47	53
47	54
47	55
47	56
47	57
48	49
48	50
48	51
48	53
48	54
48	55
48	56
48	57
49	50
49	51
49	52
49	53
49	54
49	55
49	57
50	51
50	52
50	53
50	54
50	56
50	57
51	53
51	54
51	55
51	56
51	57
52	53
52	54
52	55
52	56
52	57
53	54
53	55
53	56
53	57
54	55
54	56
54	57
55	56
55	57
56	57
58	59
58	60
58	61
58	62
58	63
58	64
58	65
58	67
58	68
59	60
59	61
59	62
59	63
59	65
59	66
59	67
59	68
60	61
60	62
60	63
60	64
60	65
60	66
60	67
60	68
61	62
61	63
61	64
61	65
61	66
61	67
61	68
62	63
62	64
62	65
62	66
62	67
62	68
63	64
63	66
63	67
63	68
64	65
64	66
64	67
64	68
65	66
65	67
65	68
66	67
66	68
67	68
69	70
69	71
69	72
69	73
69	74
69	75
69	76
69	79
69	80
70	71
70	72
70	73
70	74
70	76
70	78
70	79
70	80
71	72
71	73
71	75
71	76
71	77
71	78
71	79
71	80
72	73
72	75
72	76
72	77
72	78
72	79
72	80
73	74
73	75
73	76
73	77
73	78
73	79
73	80
74	75
74	76
74	77
74	78
74	79
74	80
75	76
75	77
75	78
75	79
75	80
76	78
76	79
76	80
77	78
77	79
77	80
78	79
78	80
81	82
81	83
81	84
81	85
81	86
81	87
81	88
81	89
81	90
81	91
81	92
82	83
82	84
82	85
82	88
82	89
82	90
82	91
83	84
83	85
83	86
83	87
83	88
83	89
83	90
83	91
83	92
84	85
84	87
84	88
84	89
84	91
84	92
85	86
85	87
85	88
85	89
85	90
85	92
86	89
86	90
86	91
86	92
87	88
87	89
87	90
87	91
87	92
88	90
88	91
88	92
89	91
89	92
90	91
91	92
