\\ machines
20
\\ max power
200
\\ Jobs in machine 1
11
J1	15	2	66	20	1.9459355392827256
J2	15	5	110	110	0.9603220740907086
J3	15	11	42	41	0.6394329884263364
J4	14	5	86	56	1.6288391270317082
J5	13	4	102	27	0.5600166435721716
J6	14	10	35	10	2.0518902338335696
J7	15	11	27	42	0.8666704450848048
J8	15	5	52	56	0.760968039683825
J9	15	1	73	109	0.9002042623712101
J10	16	11	22	76	1.6437129719118362
J11	14	2	108	10	1.726786337036236
\\ Jobs in machine 2
12
J12	15	8	5	16	1.7444031273724168
J13	16	7	68	108	0.99092599607617
J14	14	2	44	7	1.0385239309810967
J15	15	8	33	74	1.6091270917958618
J16	15	2	65	26	1.2095830119643094
J17	14	1	5	137	0.8721071470362691
J18	14	12	95	21	1.4978086207448262
J19	13	8	57	26	1.3324105672079303
J20	14	13	84	149	1.5611723578471381
J21	14	13	74	54	1.4343890569099327
J22	16	5	14	109	0.4101840184804867
J23	17	11	62	101	1.1918922520306512
\\ Jobs in machine 3
11
J24	15	7	101	99	1.0187529306756815
J25	16	14	19	46	0.4877275151089887
J26	14	12	81	118	1.3808204566804625
J27	14	12	40	124	1.245450608181872
J28	16	5	19	88	1.4078091706298261
J29	16	7	87	140	1.2246426728413098
J30	15	8	54	133	1.7117444272060447
J31	14	6	55	70	0.6085310807125067
J32	15	5	73	143	1.738129423324635
J33	15	5	90	134	1.3426040041842873
J34	15	6	10	96	0.8574185714796649
\\ Jobs in machine 4
10
J35	15	9	110	45	1.9484184042985766
J36	14	5	47	102	0.7535154241647315
J37	13	1	23	115	0.7194013337884199
J38	15	12	105	121	0.1
J39	16	3	59	8	1.5293435353815488
J40	15	10	72	41	1.1650900804709354
J41	16	4	17	103	0.7990170963125565
J42	15	5	76	102	0.7114097352105653
J43	13	7	92	17	1.0025994091690842
J44	15	8	68	150	1.9681304686543313
\\ Jobs in machine 5
10
J45	16	1	21	141	1.414712313658478
J46	15	5	97	88	0.7709095248781939
J47	15	6	38	19	0.7723923520998335
J48	14	7	6	140	1.2027276723901044
J49	15	5	99	59	0.5087259275193441
J50	15	14	72	84	1.6642765081512396
J51	15	11	86	27	0.9034274574278238
J52	17	6	88	111	2.038547144854869
J53	16	5	105	32	1.0613672707508572
J54	15	14	81	95	0.5165765380374174
\\ Jobs in machine 6
10
J55	14	13	33	113	1.6267749890605028
J56	15	3	43	145	1.6534546419520617
J57	14	11	18	48	0.5524299617893901
J58	14	3	31	91	0.8756217036391964
J59	15	12	67	107	1.4818550749348751
J60	13	2	81	41	2.3405606644046086
J61	14	7	55	88	0.716320401346145
J62	14	14	33	68	0.7951785321059731
J63	16	11	20	28	1.1832066479514942
J64	15	5	23	60	2.2741690075402046
\\ Jobs in machine 7
12
J65	13	4	31	117	1.1009231188405701
J66	14	13	79	71	1.7266736510083691
J67	12	2	95	68	0.4232295459215648
J68	14	2	22	70	1.2106602528066943
J69	16	1	59	131	1.2461260159045844
J70	14	2	103	119	0.7546904707037814
J71	14	8	80	148	1.2889916792569764
J72	15	13	11	129	0.46768611163486007
J73	14	9	29	68	1.258416050414468
J74	14	9	19	15	0.6748803348379078
J75	14	10	72	16	1.4512080808225785
J76	14	3	110	132	0.605825078376382
\\ Jobs in machine 8
11
J77	15	11	49	125	1.272393411296636
J78	16	7	69	62	1.4396841901978696
J79	14	4	77	53	1.2204106659986858
J80	14	4	38	150	0.7686856684183575
J81	13	7	106	50	0.8514570110417345
J82	14	5	72	119	1.1189629431537724
J83	13	10	104	1	1.0323814082594824
J84	14	4	16	97	1.9783214733691146
J85	14	12	49	100	0.5915201978523349
J86	14	5	6	80	2.100722575709643
J87	15	3	21	99	1.3516117784429578
\\ Jobs in machine 9
9
J88	13	5	53	134	0.9138187160209017
J89	15	12	80	8	0.8792023165512869
J90	15	10	49	76	1.0717526087103846
J91	15	2	59	49	0.6569584610472098
J92	16	1	45	144	0.5987214417756067
J93	14	11	58	76	1.7427629462913456
J94	15	10	110	22	1.209006579339528
J95	15	14	96	64	0.1
J96	15	5	59	142	0.9622060425959956
\\ Jobs in machine 10
11
J97	16	9	6	30	1.5965694750839492
J98	14	9	36	40	2.735702059251256
J99	16	7	108	116	1.2366204369649738
J100	16	13	13	80	1.8533688066132936
J101	14	9	67	102	0.5174314782102871
J102	15	2	71	8	1.0475354420212821
J103	15	8	19	117	0.6774720185919731
J104	16	5	70	14	0.9442498341860643
J105	14	1	17	92	1.593150937006752
J106	14	13	39	42	1.5180902548038229
J107	16	6	55	140	0.6841154287633138
\\ Jobs in machine 11
11
J108	14	4	22	138	0.9839199004827428
J109	14	10	26	136	1.0043722600884086
J110	14	12	88	67	1.8796120242831869
J111	14	14	88	91	1.4280293823699903
J112	14	12	90	17	1.8937445861826094
J113	14	3	53	49	2.195198785677986
J114	15	8	80	64	1.4983471000370927
J115	13	1	47	14	1.7249455699658474
J116	14	2	90	23	1.1560651804790987
J117	15	1	19	59	1.0438817756178584
J118	15	11	64	83	1.4281239757907311
\\ Jobs in machine 12
10
J119	14	4	49	68	1.597895848250117
J120	15	13	89	96	1.419211797742609
J121	15	12	14	119	1.5640113891386902
J122	13	11	42	13	0.9624321306447488
J123	16	8	69	90	0.63145923388508
J124	15	10	28	26	0.8749065194886555
J125	16	9	34	113	1.3572284103411212
J126	15	9	64	65	1.266480509419733
J127	15	3	60	86	0.29780655886949914
J128	12	6	43	27	0.6192048083331239
\\ Jobs in machine 13
12
J129	14	5	11	70	1.6379543291223686
J130	14	11	70	83	0.6104837237376971
J131	14	13	79	141	0.5769177414460898
J132	16	10	13	40	1.0433791963735066
J133	13	13	86	21	0.5151975145263409
J134	16	2	35	75	1.5369157921912422
J135	14	13	24	57	1.176460677836747
J136	16	3	67	139	0.9857075067011023
J137	15	7	48	145	1.1067564587429148
J138	14	5	110	78	1.4128111913936539
J139	14	12	37	14	1.4302684811817488
J140	14	1	53	102	1.017215090162382
\\ Jobs in machine 14
10
J141	15	9	89	3	1.74656399453863
J142	15	9	96	60	1.390379306609691
J143	14	14	57	54	0.8181867763604536
J144	16	1	5	120	1.5254644542185771
J145	14	14	96	67	0.4103157765586204
J146	15	6	96	43	0.8452577595515829
J147	15	8	54	54	1.3467151349092337
J148	14	5	58	9	1.6894445316637638
J149	15	4	9	145	0.9838135459057422
J150	15	1	13	135	1.5691475875464636
\\ Jobs in machine 15
11
J151	16	1	75	138	1.2908311240289532
J152	15	12	83	63	1.6146436920158405
J153	16	7	73	138	0.9603246176255058
J154	16	6	105	51	1.330048495716749
J155	15	5	57	85	0.960572704266667
J156	14	11	78	145	1.356229161180678
J157	14	1	49	41	0.5961241325566131
J158	14	4	26	23	1.6381687809675527
J159	15	1	107	18	1.6990888522263634
J160	15	13	75	2	1.4898571908281721
J161	13	8	24	53	2.061668744384009
\\ Jobs in machine 16
10
J162	15	9	103	99	1.7950145740521548
J163	14	10	59	10	1.3154617976234266
J164	15	1	17	43	0.6694892989464676
J165	13	6	106	150	0.35580666173198583
J166	12	1	2	10	1.116383962337661
J167	15	11	74	7	1.0825369646914067
J168	15	11	100	89	1.5492429115589554
J169	16	4	104	17	0.9126734092596094
J170	16	11	46	35	1.5453721944403118
J171	15	1	41	38	0.9070686938414654
\\ Jobs in machine 17
11
J172	13	7	75	54	1.2458820998080944
J173	16	3	56	49	1.3837848830481358
J174	14	5	45	128	1.414940695855226
J175	15	4	11	136	1.673202540262935
J176	14	10	109	37	0.9007911204059692
J177	15	4	100	68	1.1165517718632192
J178	15	12	49	95	1.2572706717867985
J179	15	11	77	3	1.3885258452359552
J180	13	2	97	119	1.5505450320733731
J181	13	11	95	41	0.47508974000421134
J182	14	12	13	1	1.0379084461070813
\\ Jobs in machine 18
11
J183	14	9	61	132	0.8049336663865918
J184	14	13	79	100	1.0606913388386143
J185	16	11	73	4	0.9685228600117887
J186	14	12	84	136	1.9147179504944036
J187	16	3	89	104	1.7794653158375988
J188	14	10	71	60	0.49495178294985875
J189	14	13	69	130	1.3696655936780175
J190	15	12	47	111	0.6774549110598873
J191	17	6	90	2	0.5935577553272048
J192	14	13	97	74	0.489195274675857
J193	13	13	74	47	1.230521039921804
\\ Jobs in machine 19
9
J194	16	9	107	34	2.0820538865156584
J195	14	3	15	11	1.2701841232362168
J196	15	9	24	79	0.5737044437856388
J197	13	10	86	31	0.7391046167977113
J198	14	6	102	53	1.3952728966355572
J199	14	2	59	72	2.2155424279285967
J200	12	5	91	64	1.9873711236062346
J201	15	13	98	25	1.346101239891396
J202	15	14	95	108	1.5858022678625439
\\ Jobs in machine 20
13
J203	15	12	48	44	1.7276200175517715
J204	13	14	45	54	1.5682932747914142
J205	13	13	57	17	0.675414501848374
J206	14	7	36	36	1.21898671622989
J207	14	6	103	149	1.1001756698639533
J208	13	1	82	133	2.3499787449815406
J209	15	8	88	132	1.539695115624475
J210	15	3	47	37	0.8165675435022235
J211	13	6	84	122	1.780373841122958
J212	15	13	30	68	0.7587464249408324
J213	15	6	109	130	0.8100002558042548
J214	14	5	25	1	0.9737965190042379
J215	16	6	91	124	1.9837099173691564
\\ Dependencies 
833
1	2
1	3
1	4
1	5
1	6
1	7
1	8
1	9
1	10
1	11
2	3
2	4
2	5
2	6
2	7
2	9
2	10
3	4
3	5
3	7
3	8
3	9
3	10
3	11
4	5
4	6
4	7
4	8
4	9
4	11
5	6
5	7
5	8
5	9
5	10
5	11
6	8
6	9
6	10
6	11
7	9
7	10
7	11
8	10
8	11
9	10
12	13
12	14
12	15
12	16
12	17
12	18
12	19
12	20
12	21
12	22
12	23
13	14
13	16
13	17
13	18
13	20
13	21
13	22
13	23
14	15
14	16
14	17
14	18
14	19
14	22
14	23
15	16
15	17
15	18
15	21
15	23
16	17
16	18
16	19
16	20
16	21
16	22
17	18
17	19
17	20
17	22
17	23
18	19
18	20
18	21
18	22
19	21
19	22
19	23
20	21
20	22
20	23
21	22
21	23
22	23
24	26
24	27
24	28
24	29
24	30
24	32
24	33
25	26
25	27
25	29
25	30
25	32
25	33
25	34
26	27
26	29
26	31
26	32
26	33
26	34
27	28
27	29
27	30
27	31
27	33
27	34
28	29
28	30
28	31
28	34
29	30
29	32
29	33
29	34
30	32
30	33
30	34
31	33
31	34
32	33
32	34
33	34
35	36
35	37
35	39
35	40
35	41
35	42
35	43
35	44
36	38
36	39
36	40
36	41
36	42
36	43
36	44
37	38
37	41
37	42
37	43
37	44
38	39
38	40
38	41
38	42
38	43
38	44
39	40
39	42
39	43
39	44
40	42
40	43
40	44
41	42
41	43
41	44
42	43
42	44
43	44
45	46
45	48
45	49
45	51
45	52
45	53
46	47
46	48
46	49
46	51
46	52
46	53
46	54
47	48
47	49
47	51
47	53
47	54
48	49
48	50
48	51
48	53
49	50
49	51
49	52
49	53
50	51
50	54
51	52
51	53
51	54
52	53
52	54
55	56
55	58
55	62
55	63
55	64
56	57
56	58
56	59
56	60
56	61
56	62
56	63
56	64
57	59
57	60
57	62
57	63
57	64
58	62
58	63
58	64
59	60
59	61
59	63
59	64
60	62
60	63
60	64
61	63
61	64
62	63
63	64
65	67
65	68
65	69
65	70
65	71
65	72
65	75
65	76
66	67
66	69
66	70
66	71
66	72
66	73
66	75
67	68
67	70
67	71
67	72
67	74
67	76
68	69
68	70
68	71
68	72
68	73
68	75
68	76
69	70
69	71
69	73
69	74
69	75
69	76
70	71
70	72
70	73
70	74
71	72
71	73
71	75
71	76
72	73
72	74
72	75
73	74
73	75
73	76
74	75
74	76
75	76
77	78
77	80
77	81
77	82
77	84
77	85
77	86
78	79
78	80
78	82
78	83
78	84
78	87
79	81
79	82
79	83
79	84
79	86
79	87
80	81
80	84
80	85
80	87
81	85
81	86
82	84
82	85
82	87
83	84
83	87
84	86
84	87
85	86
85	87
86	87
88	91
88	92
88	93
88	94
88	95
88	96
89	90
89	91
89	92
89	93
89	95
89	96
90	91
90	92
90	93
90	94
90	95
91	92
91	93
91	94
91	95
91	96
92	93
92	94
92	96
93	96
94	96
95	96
97	100
97	102
97	103
97	104
97	105
97	107
98	99
98	100
98	101
98	103
98	104
98	105
98	106
98	107
99	101
99	102
99	104
99	105
99	106
100	101
100	102
100	103
100	104
100	105
100	106
100	107
101	102
101	104
101	105
101	106
101	107
102	104
102	105
102	106
102	107
103	104
103	105
103	106
103	107
104	105
104	107
105	106
105	107
106	107
108	109
108	110
108	111
108	112
108	114
108	115
108	116
108	117
108	118
109	110
109	112
109	113
109	114
109	115
109	116
109	117
109	118
110	111
110	112
110	114
110	115
110	116
110	117
110	118
111	113
111	114
111	116
111	117
111	118
112	113
112	114
112	115
112	116
112	117
112	118
113	114
113	115
113	116
113	118
114	115
114	116
114	117
114	118
115	116
115	117
115	118
116	117
119	120
119	121
119	122
119	123
119	124
119	125
119	127
120	121
120	122
120	123
120	124
120	126
120	127
120	128
121	123
121	124
121	126
122	123
122	124
122	125
122	127
122	128
123	124
123	127
123	128
124	125
124	126
124	127
124	128
125	126
125	127
125	128
126	127
126	128
127	128
129	130
129	131
129	132
129	133
129	134
129	135
129	136
129	137
129	138
129	139
129	140
130	132
130	133
130	134
130	135
130	136
130	137
130	139
131	133
131	134
131	135
131	137
131	138
132	133
132	134
132	135
132	136
132	137
132	138
132	139
132	140
133	134
133	135
133	137
133	138
133	139
133	140
134	135
134	137
134	138
134	140
135	136
135	137
135	138
135	139
135	140
136	137
136	138
136	139
137	138
137	139
137	140
138	140
141	142
141	144
141	145
141	146
141	147
141	148
141	149
141	150
142	145
142	146
142	147
142	148
142	149
142	150
143	144
143	145
143	146
143	147
143	148
143	149
143	150
144	145
144	146
144	147
144	148
144	149
144	150
145	146
145	147
145	148
145	149
146	147
146	148
146	149
146	150
147	148
147	149
147	150
148	149
149	150
151	152
151	153
151	154
151	156
151	157
151	158
151	160
151	161
152	153
152	154
152	155
152	156
152	157
152	158
152	159
152	160
152	161
153	155
153	156
153	157
153	158
153	159
153	160
153	161
154	155
154	156
154	157
154	158
154	159
155	156
155	157
155	158
155	160
155	161
156	157
156	158
156	159
156	160
156	161
157	158
157	159
157	160
158	159
159	161
162	163
162	164
162	165
162	167
162	169
162	170
162	171
163	165
163	166
163	167
163	168
163	169
163	170
164	166
164	167
164	168
164	171
165	166
165	167
165	169
165	170
165	171
166	169
166	171
167	168
167	169
167	170
167	171
168	169
168	171
169	170
169	171
172	173
172	174
172	176
172	177
172	178
172	180
172	181
172	182
173	176
173	177
173	178
173	179
173	180
173	181
173	182
174	176
174	177
174	178
174	179
174	181
175	176
175	178
175	179
175	180
175	181
176	178
176	179
176	180
176	181
176	182
177	178
177	179
177	182
178	179
178	181
179	180
179	181
179	182
180	181
180	182
183	184
183	185
183	186
183	187
183	188
183	189
183	190
183	191
183	192
183	193
184	185
184	186
184	188
184	189
184	190
184	191
184	193
185	187
185	188
185	189
185	190
185	192
185	193
186	187
186	189
186	192
186	193
187	188
187	189
187	190
187	191
187	192
187	193
188	189
188	190
188	192
188	193
189	190
189	191
189	192
189	193
190	191
190	192
190	193
191	192
191	193
192	193
194	195
194	196
194	197
194	198
194	199
194	200
194	202
195	196
195	200
195	201
195	202
196	197
196	199
196	201
196	202
197	198
197	199
197	200
197	201
197	202
198	200
198	201
198	202
199	200
199	201
199	202
200	201
200	202
201	202
203	204
203	205
203	206
203	207
203	209
203	211
203	212
203	213
203	214
203	215
204	205
204	206
204	208
204	209
204	210
204	211
204	213
204	214
205	207
205	208
205	209
205	210
205	211
205	212
205	213
205	214
205	215
206	207
206	209
206	211
206	212
206	213
206	214
207	208
207	209
207	210
207	211
207	212
207	213
207	214
208	209
208	210
208	211
208	213
208	214
208	215
209	210
209	211
209	212
209	215
210	211
210	212
210	213
210	214
211	212
211	214
212	213
212	214
212	215
213	214
214	215
