\\ machines
10
\\ max power
100
\\ Jobs in machine 1
10
J1	14	3	11	39	1.6043875726024353
J2	14	13	74	43	0.610166264765871
J3	14	4	16	23	1.136763664659773
J4	15	3	40	67	1.75961054275498
J5	13	6	99	73	0.13832455664095544
J6	14	3	84	25	0.973528452815257
J7	14	3	76	34	0.5305193295821196
J8	15	2	74	5	1.5415276960190958
J9	13	5	87	6	1.267439132974902
J10	13	8	101	48	0.7310884242944178
\\ Jobs in machine 2
11
J11	15	10	80	44	1.072075668453042
J12	13	1	46	28	0.7453422318350889
J13	14	9	21	55	0.8396669204695584
J14	16	1	98	12	2.14657754746513
J15	15	5	46	43	1.1439382591517406
J16	13	11	51	4	1.1168997896104886
J17	16	10	91	19	1.1930245686819567
J18	14	12	97	48	1.2643226440630921
J19	13	9	106	35	0.9112744636134087
J20	15	13	75	55	0.8174772646962634
J21	14	13	29	58	1.3900160307605105
\\ Jobs in machine 3
10
J22	15	5	55	67	1.1075314254640762
J23	14	11	47	34	1.4291915648132014
J24	15	12	35	49	0.9692311707714242
J25	15	2	2	27	0.711679987613433
J26	15	5	8	73	1.4659761892360625
J27	15	8	98	62	1.6076666123476855
J28	17	10	38	32	0.1312047311028326
J29	14	1	20	7	0.7998931500830526
J30	13	11	91	33	1.3526990910489518
J31	14	2	31	24	0.7477938159884502
\\ Jobs in machine 4
12
J32	13	3	110	59	1.8374343173768426
J33	14	10	102	39	0.5335388749142226
J34	15	13	101	57	0.6170701637247391
J35	14	9	3	72	1.0084848026406512
J36	13	2	16	16	2.0371581016765496
J37	15	1	22	54	2.2310953700209666
J38	13	13	5	60	1.369315926160486
J39	15	1	55	42	0.1
J40	13	1	31	56	1.3619141573171458
J41	15	14	37	75	1.3996551639384047
J42	13	12	109	34	1.5160852237916131
J43	15	10	32	15	0.7890777154231399
\\ Jobs in machine 5
12
J44	14	13	39	52	1.0992384145936458
J45	15	7	34	10	1.2565692052841342
J46	15	11	109	3	0.9211763758011273
J47	14	10	9	57	0.8953193369730408
J48	15	9	90	23	1.1439930664303346
J49	14	7	103	8	1.1242988439376456
J50	14	13	5	55	2.2781856021058315
J51	14	3	45	37	1.1641872366704564
J52	13	13	21	55	0.8520142916704684
J53	13	9	82	1	1.5574220368096228
J54	15	3	10	13	0.5294200176440169
J55	13	6	5	15	1.6250995211643144
\\ Jobs in machine 6
11
J56	15	4	103	42	1.5594300786535782
J57	16	11	77	36	1.2574602155484729
J58	13	11	48	8	2.2958011378875804
J59	15	2	48	9	1.1879481388453141
J60	14	9	18	18	1.524896066044408
J61	15	5	16	4	1.4683758708492638
J62	15	4	55	69	2.438264979976762
J63	14	1	7	43	2.043655697303741
J64	16	9	45	4	1.0520536229379929
J65	15	14	97	56	0.14075966872336343
J66	17	3	80	6	0.7798728362982379
\\ Jobs in machine 7
12
J67	15	8	63	39	2.2238984507373774
J68	14	4	89	60	1.0325571294609626
J69	14	5	100	54	1.2867526290749733
J70	14	1	12	64	1.5525474340745713
J71	15	5	58	1	1.3620067102852291
J72	16	12	96	68	0.554506212216977
J73	13	1	25	71	1.6846627895166952
J74	15	5	107	27	1.1271997520248531
J75	14	10	78	75	0.2808898378904876
J76	13	13	49	25	1.5436058577234575
J77	15	11	25	48	1.2201199866562589
J78	16	7	25	55	1.5065642364359468
\\ Jobs in machine 8
11
J79	15	1	15	32	1.4777803957777738
J80	15	6	6	55	0.8041169543804182
J81	15	5	38	64	0.8483172149492457
J82	13	14	64	1	1.2760574866410093
J83	15	13	58	53	1.0204903240145442
J84	14	4	90	49	0.7322063949508555
J85	15	13	26	14	1.7705503127450268
J86	17	2	105	42	0.22130481753187514
J87	14	3	6	8	1.0546483520358163
J88	16	5	89	5	1.8761682713668515
J89	15	7	97	35	1.2686934904016118
\\ Jobs in machine 9
11
J90	15	14	51	45	1.2152158448868526
J91	14	11	60	20	0.4067473473195581
J92	14	9	26	45	0.8694343240447938
J93	17	2	95	72	1.014530435411904
J94	16	14	21	19	0.8065889189399666
J95	14	6	61	41	1.6267748426571726
J96	15	3	32	14	1.790258532689513
J97	14	14	79	30	1.960967252761421
J98	14	14	17	43	1.1728685698227606
J99	14	6	54	45	0.365575657146306
J100	15	6	51	30	1.4324437149497988
\\ Jobs in machine 10
10
J101	16	14	51	74	0.6804689275215213
J102	16	10	108	18	0.701520519635425
J103	14	13	37	51	1.6594273075892783
J104	15	6	18	19	0.4841114287648757
J105	13	12	47	53	1.2937423538615642
J106	16	5	3	36	1.2100563663174009
J107	15	13	98	44	1.8074780136305684
J108	16	4	41	59	0.5193374371939189
J109	12	14	5	33	1.7599937422538952
J110	12	9	87	64	0.5410091032356343
\\ Dependencies 
422
1	2
1	3
1	4
1	5
1	6
1	7
1	8
1	9
1	10
2	3
2	4
2	5
2	6
2	7
2	8
3	4
3	6
3	7
3	8
3	9
3	10
4	5
4	7
4	9
4	10
5	7
5	8
5	9
5	10
6	7
6	8
6	9
7	8
7	9
7	10
8	10
11	13
11	15
11	16
11	17
11	20
11	21
12	16
12	17
12	18
12	19
12	21
13	14
13	15
13	16
13	17
13	20
13	21
14	15
14	16
14	17
14	18
14	19
14	20
14	21
15	16
15	17
15	18
15	20
16	17
16	18
16	19
16	20
17	18
17	20
17	21
18	19
18	20
18	21
19	20
20	21
22	23
22	24
22	26
22	27
22	28
22	29
22	30
22	31
23	24
23	25
23	26
23	27
23	28
23	29
23	30
23	31
24	25
24	26
24	27
24	28
24	29
24	30
24	31
25	27
25	28
25	29
25	31
26	27
26	30
26	31
27	28
27	29
27	30
28	29
28	30
28	31
29	31
30	31
32	34
32	35
32	36
32	37
32	38
32	39
32	41
33	34
33	36
33	37
33	39
33	40
33	42
33	43
34	35
34	37
34	38
34	39
34	40
34	42
35	37
35	38
35	40
35	43
36	38
36	40
36	41
36	42
36	43
37	38
37	39
37	41
37	42
37	43
38	39
38	40
38	41
38	42
38	43
39	40
39	42
39	43
40	41
40	43
41	43
42	43
44	46
44	48
44	49
44	50
44	51
44	53
44	54
44	55
45	46
45	47
45	49
45	50
45	51
45	53
45	54
45	55
46	47
46	49
46	50
46	52
46	53
47	48
47	49
47	51
47	52
47	53
47	54
47	55
48	49
48	50
48	52
48	53
48	55
49	51
49	52
49	55
50	51
50	54
50	55
51	52
51	53
51	54
51	55
52	53
52	54
52	55
53	54
53	55
56	57
56	61
56	62
56	63
56	64
56	65
56	66
57	58
57	61
57	62
57	63
57	64
57	65
57	66
58	60
58	61
58	62
58	63
58	64
58	65
58	66
59	60
59	61
59	62
59	63
59	64
59	65
59	66
60	62
60	63
60	65
61	62
61	63
61	64
61	66
62	63
62	64
62	65
62	66
64	65
64	66
65	66
67	68
67	70
67	71
67	73
67	75
67	77
68	69
68	70
68	71
68	72
68	74
68	75
68	76
68	77
68	78
69	70
69	72
69	73
69	76
69	77
69	78
70	71
70	72
70	73
70	74
70	76
70	77
71	72
71	73
71	74
71	75
71	76
71	77
71	78
72	73
72	74
72	75
72	76
72	77
72	78
73	74
73	75
73	76
73	78
74	75
74	76
74	77
74	78
75	76
75	77
75	78
76	77
76	78
77	78
79	80
79	82
79	83
79	85
79	87
79	88
79	89
80	81
80	82
80	83
80	84
80	85
80	86
80	88
80	89
81	82
81	83
81	84
81	85
81	87
81	88
81	89
82	84
82	85
82	87
82	88
82	89
83	84
83	85
83	86
83	87
84	85
84	86
84	87
84	89
85	86
85	87
85	88
85	89
86	88
86	89
87	88
87	89
88	89
90	92
90	93
90	95
90	97
90	98
90	99
90	100
91	92
91	93
91	94
91	97
91	98
92	94
92	95
92	96
92	97
92	98
92	100
93	94
93	95
93	96
93	97
93	99
93	100
94	96
94	99
94	100
95	96
95	97
95	98
96	98
96	99
96	100
97	98
97	99
98	100
99	100
101	102
101	104
101	105
101	107
101	108
101	109
101	110
102	104
102	105
102	108
102	109
102	110
103	104
103	105
103	106
103	107
103	108
103	109
103	110
104	105
104	106
104	107
104	108
104	109
104	110
105	106
105	107
105	109
105	110
106	107
106	108
106	110
107	108
107	109
107	110
108	110
109	110
