\\ machines
12
\\ max power
120
\\ Jobs in machine 1
12
J1	15	3	88	30	0.4977847193948801
J2	14	7	68	18	0.935620294473785
J3	14	7	44	22	1.532042621624338
J4	14	7	97	23	1.5645628963273857
J5	15	3	88	58	0.464936891324388
J6	14	3	53	34	1.3532290324508518
J7	16	12	67	5	1.425540243145397
J8	15	6	60	18	1.768983883447807
J9	14	12	42	46	0.7925073112062071
J10	15	8	64	37	1.5498664226009522
J11	13	11	4	9	0.5120209191859246
J12	14	1	93	14	0.3943396472343762
\\ Jobs in machine 2
12
J13	16	6	60	4	1.424395354199306
J14	15	3	48	46	0.7008583649316824
J15	14	12	83	17	1.2528289765973253
J16	13	12	10	53	1.2775273651876606
J17	14	12	107	11	1.193840612414844
J18	13	7	45	31	1.8898161455358933
J19	15	4	57	18	0.5271536343544636
J20	13	1	60	60	1.642988154365157
J21	16	6	31	31	1.2269011331361
J22	15	7	43	45	0.28547789494735176
J23	16	13	21	6	1.994231255735753
J24	15	1	100	33	0.1
\\ Jobs in machine 3
12
J25	16	5	33	29	0.6817221583859552
J26	13	14	77	54	1.1948226032442224
J27	15	11	89	17	0.5697963245313499
J28	15	14	72	43	1.3899760281794344
J29	13	1	5	46	0.8845839074177926
J30	14	14	87	5	1.7014649315077786
J31	15	2	85	47	1.3663494153154045
J32	14	12	72	48	1.6062864135160932
J33	14	4	22	5	1.2807635640761776
J34	15	8	23	12	1.407607677192827
J35	15	12	14	33	1.1666358374638686
J36	14	6	46	35	1.4881272462241457
\\ Jobs in machine 4
12
J37	15	1	103	42	0.805912307023255
J38	16	9	53	55	1.87377255858473
J39	15	3	27	10	2.16961893629579
J40	14	4	58	51	0.8604882841825987
J41	13	9	96	37	0.9921205308222646
J42	14	8	34	52	1.2975469333998633
J43	15	5	20	15	1.2888523367333902
J44	13	13	20	46	1.323796744339768
J45	12	13	84	26	0.9610496801337769
J46	15	5	107	51	1.0242538503115426
J47	14	1	35	27	1.363158052406412
J48	12	3	98	32	1.094145934967127
\\ Jobs in machine 5
10
J49	13	7	106	38	0.9568879888284283
J50	13	7	33	44	1.0579624160078742
J51	14	8	43	58	1.9232786322235154
J52	16	9	53	40	2.2182777016622177
J53	14	13	104	8	1.9324703083081387
J54	15	2	45	53	0.9829773356307665
J55	13	9	57	42	1.8164087481756166
J56	14	4	28	18	0.38251404646354636
J57	14	3	7	48	1.3655551491895555
J58	12	4	55	28	0.3871505496940315
\\ Jobs in machine 6
12
J59	14	8	20	23	0.5670170982742969
J60	15	9	63	32	0.10757608852809519
J61	13	5	26	50	1.9683278170632836
J62	15	12	64	40	0.5281516598398983
J63	15	8	67	47	0.813152477651476
J64	15	6	28	1	1.1694399571637637
J65	14	8	66	38	0.7252103944210391
J66	15	5	55	45	1.8114159721258796
J67	15	8	33	9	1.5312780190128148
J68	15	14	32	30	1.0671259173486876
J69	14	10	7	20	0.9682521879926924
J70	14	14	57	38	2.1281055488473375
\\ Jobs in machine 7
11
J71	13	3	95	40	2.0109045318817205
J72	15	6	12	28	1.4511228630401496
J73	16	10	60	21	1.3380926817759962
J74	14	10	10	52	0.9398977966868305
J75	14	9	63	27	1.8206593767572654
J76	15	12	45	60	2.004026304841034
J77	15	8	57	24	1.2298588314306853
J78	15	11	18	15	0.8488985723514255
J79	15	14	74	33	1.1054220685365632
J80	13	1	7	35	1.8469101960643313
J81	15	13	86	22	0.2177717345059842
\\ Jobs in machine 8
11
J82	15	11	92	2	2.084565091674542
J83	16	1	106	47	0.8108669014943801
J84	13	4	22	7	1.0424258937488338
J85	18	4	26	10	1.172737651943567
J86	15	12	16	16	1.0222363274016528
J87	14	5	56	15	1.2073756542406893
J88	14	4	87	25	1.3231402596289774
J89	14	1	30	47	0.8560792832080435
J90	15	8	20	40	0.7466823746692044
J91	13	3	80	10	1.2071977146252313
J92	14	9	99	40	1.8352333856255596
\\ Jobs in machine 9
11
J93	13	4	8	12	1.9783362882431543
J94	13	8	51	22	1.9019781973150245
J95	16	7	6	54	0.5105869909964463
J96	14	7	16	41	0.46551640431772534
J97	14	10	63	4	2.083426714131875
J98	13	11	2	40	1.5289500813351087
J99	15	8	55	51	0.577611633534609
J100	14	3	71	21	0.6991810449532608
J101	14	10	10	51	0.39015483655041294
J102	15	7	90	3	1.1257964198688926
J103	14	6	17	51	2.437566070286235
\\ Jobs in machine 10
12
J104	13	2	72	39	0.702971167012864
J105	13	9	89	22	0.8351958470439504
J106	16	6	21	19	1.5011445052156789
J107	15	12	80	43	1.1706978111206792
J108	13	3	33	51	0.7445204676028798
J109	16	10	44	51	0.9888340112403463
J110	16	13	29	14	1.7538986360536297
J111	13	1	79	8	0.7122330239352459
J112	14	2	76	13	0.18097843182327167
J113	13	2	33	36	0.7179864728150895
J114	15	13	29	27	1.3653778734043482
J115	15	2	36	52	1.6057920643316628
\\ Jobs in machine 11
12
J116	16	14	61	46	0.9781806449116957
J117	15	11	78	41	0.6910147165077354
J118	13	6	24	16	2.248082941423786
J119	13	9	92	5	0.8453976459342845
J120	14	2	72	11	1.3328531884501444
J121	14	6	66	19	0.46735567804289924
J122	15	14	67	40	1.2282279228523887
J123	15	13	53	23	1.3513511471217658
J124	14	14	104	22	1.0574544750378696
J125	13	2	24	1	1.175804006023925
J126	13	2	41	17	0.7200699391288201
J127	15	10	23	9	0.5878897633083654
\\ Jobs in machine 12
9
J128	16	7	3	41	0.9452151287035335
J129	14	13	86	29	1.0054778703583396
J130	15	7	79	26	1.2802155336768173
J131	15	8	20	42	0.338465459085594
J132	16	2	83	1	0.23953091683914918
J133	15	9	72	13	1.4682862599928284
J134	15	4	86	56	0.9067075838386187
J135	15	8	96	57	0.5869322643198243
J136	16	7	25	50	1.1315667447303999
\\ Dependencies 
224
1	3
1	4
1	5
1	10
1	11
2	10
2	12
3	8
4	5
4	8
4	9
4	11
5	9
6	8
6	12
7	9
7	12
9	10
13	19
13	21
14	15
14	18
14	20
14	21
15	16
15	17
15	21
15	23
15	24
16	17
16	19
16	21
17	18
17	21
18	20
19	21
20	21
20	22
20	23
21	22
21	23
21	24
23	24
25	29
25	31
25	32
26	29
26	32
26	33
26	36
27	29
27	30
27	33
27	36
28	29
28	33
28	35
29	33
29	35
30	32
30	33
30	34
30	35
31	32
31	34
31	36
32	34
32	36
33	36
34	36
37	43
37	44
37	45
38	44
38	46
39	40
39	41
39	44
39	45
40	44
41	42
41	45
41	48
42	46
43	45
44	46
44	47
45	48
46	47
46	48
49	50
49	51
49	53
50	52
50	56
51	52
51	54
51	55
52	53
52	56
53	54
54	58
57	58
59	62
59	63
59	69
60	66
60	70
61	62
61	63
61	65
61	66
61	67
61	68
61	69
62	64
62	65
62	68
62	70
63	68
64	68
64	69
65	66
65	69
66	70
67	68
68	70
71	73
71	75
72	79
73	79
74	76
74	77
74	78
74	79
75	78
75	79
75	80
76	78
79	80
79	81
82	84
82	88
82	89
83	89
84	88
84	89
84	92
85	86
85	91
86	88
86	92
87	88
87	89
87	92
88	92
90	91
93	96
93	102
95	101
95	102
96	97
96	101
97	98
97	99
98	101
101	102
104	105
104	108
104	110
104	113
104	114
104	115
105	109
105	110
105	111
105	115
106	109
106	110
106	114
107	108
107	110
107	111
107	112
108	110
108	113
110	113
110	114
110	115
111	112
116	120
116	121
116	122
116	123
116	127
117	119
117	121
117	122
118	121
118	125
118	127
119	120
119	124
120	123
120	127
121	123
122	123
122	126
123	124
124	125
124	126
125	126
128	132
128	133
128	134
129	132
129	134
129	136
130	133
131	132
131	133
132	134
133	134
133	136
