\\ machines
15
\\ max power
150
\\ Jobs in machine 1
12
J1	14	6	35	89	1.3040979119965042
J2	15	3	11	15	2.102234456644769
J3	14	11	21	50	1.4039341877650828
J4	15	6	6	81	0.18834318077271606
J5	14	12	15	91	1.141211546462835
J6	15	6	46	74	0.40703419406679775
J7	15	8	36	66	0.367342970920398
J8	16	2	99	33	1.609965628614638
J9	13	11	30	88	0.9600194061731608
J10	14	1	99	26	0.502890098958613
J11	14	12	80	21	0.5820289995074455
J12	14	5	50	67	1.6607918653791256
\\ Jobs in machine 2
11
J13	16	12	38	62	1.4706235168673572
J14	14	7	25	31	0.5701956433631483
J15	15	10	84	60	1.0435205667313268
J16	14	13	4	15	1.6744230586936917
J17	15	5	58	1	1.5954158985209628
J18	14	8	4	63	2.045484163546255
J19	15	13	98	34	1.6845332279352405
J20	13	1	77	75	0.3469013546901015
J21	15	7	94	88	0.8774528588817323
J22	15	6	102	50	2.5303269025168147
J23	13	13	103	43	0.9394466112817306
\\ Jobs in machine 3
13
J24	15	1	39	15	1.8085686866343484
J25	16	6	2	78	1.2069745359152508
J26	15	5	62	93	1.387408214041169
J27	14	12	26	82	1.7234184666236336
J28	15	14	28	107	0.1
J29	14	1	23	60	1.5271234817697177
J30	12	4	108	71	0.7438365545670222
J31	14	14	90	112	1.135781954578761
J32	16	8	23	46	0.5882612761799558
J33	16	9	95	105	0.47002584113847923
J34	15	4	16	45	0.626107852620777
J35	15	1	8	77	0.7830175192872519
J36	12	12	94	70	0.6679483512776258
\\ Jobs in machine 4
11
J37	15	9	49	65	1.9883977996178501
J38	14	4	68	71	0.8128440057402172
J39	15	11	71	37	0.4036405121603318
J40	16	1	70	12	0.9060082203881332
J41	13	6	42	5	1.2176876915477957
J42	12	5	7	3	0.277003196391839
J43	14	13	19	72	0.667614411223857
J44	15	1	66	4	1.0521155096432901
J45	14	2	4	113	1.2497787594378025
J46	14	3	14	53	2.147306567006248
J47	14	1	35	100	1.6881770040556838
\\ Jobs in machine 5
10
J48	16	1	108	67	1.556853785673519
J49	13	12	22	43	1.7827093215930214
J50	15	14	52	85	0.7108007092603474
J51	14	2	70	89	0.6524048829845168
J52	15	2	40	27	1.1813882250282721
J53	16	1	91	54	0.7118356160251318
J54	17	2	97	7	1.1481548109135367
J55	15	2	70	80	0.4708149900355698
J56	14	1	73	42	1.1473547775534538
J57	16	11	85	45	1.0163667331393402
\\ Jobs in machine 6
13
J58	13	14	64	29	0.9779253768893825
J59	14	6	60	29	0.7818593368725312
J60	14	9	110	44	1.0733567893009972
J61	14	10	84	89	0.9692576510186756
J62	14	14	36	15	1.0604676406253648
J63	14	5	57	17	1.2439617351179189
J64	15	12	93	37	0.9098604631903788
J65	14	14	103	51	1.2580746474174391
J66	15	7	13	67	0.6382273734661636
J67	14	10	71	93	1.207973361267838
J68	13	5	28	56	1.698642393331443
J69	14	3	84	9	0.859718970150388
J70	15	8	64	55	1.581422767444536
\\ Jobs in machine 7
10
J71	14	10	96	90	1.5101495374157214
J72	17	1	72	31	1.1463242258729631
J73	14	9	53	1	1.2378593567353542
J74	15	6	100	109	0.7800891296285769
J75	14	5	94	94	1.3187590675918686
J76	15	7	94	88	1.8030711066389609
J77	14	3	103	76	0.9353266475546786
J78	15	9	28	29	1.8044494993294506
J79	16	4	98	79	1.3698910716543395
J80	15	13	46	100	0.42791067569818253
\\ Jobs in machine 8
10
J81	15	13	98	30	1.8227495004998469
J82	14	5	4	5	2.09826705862756
J83	12	10	22	66	0.8825641790169851
J84	15	12	106	50	1.561274907338356
J85	14	10	79	7	0.16911655571269812
J86	15	5	23	8	1.5149088055580633
J87	15	6	20	97	1.110228012380169
J88	15	11	105	70	1.7139147934498669
J89	16	5	105	85	2.1884066832440014
J90	13	10	86	113	0.8037503688256286
\\ Jobs in machine 9
11
J91	14	4	102	54	1.8178940167372528
J92	16	7	106	40	1.3143694991516301
J93	15	1	50	8	1.7443790580319003
J94	14	11	11	56	1.2196255361118284
J95	13	1	23	2	1.3654064085899005
J96	17	1	40	57	1.1043143527514265
J97	14	4	47	13	0.45350305576617034
J98	14	8	84	2	0.6668942118428571
J99	13	5	82	48	1.206051864563054
J100	15	1	53	42	1.6457571770516786
J101	15	10	10	97	1.2269077604997358
\\ Jobs in machine 10
11
J102	14	4	74	2	1.9799474218394013
J103	15	7	56	94	0.9506110972335745
J104	15	9	109	69	0.5461429377315611
J105	15	8	81	53	1.6203326423498825
J106	13	14	104	100	2.160001487982863
J107	15	9	73	45	0.30837786772586406
J108	12	13	84	99	1.164885508705114
J109	13	11	110	1	1.3125688251501502
J110	15	10	104	60	1.2313771103546916
J111	16	6	41	57	1.6259596310962774
J112	15	2	66	57	1.1765965359278234
\\ Jobs in machine 11
10
J113	16	2	91	5	1.243914223675492
J114	14	2	35	37	1.8108454283204178
J115	15	7	102	105	1.1696437664510435
J116	14	2	15	19	1.3644572288423975
J117	14	7	104	106	1.9626062027305604
J118	11	8	25	21	1.0723609108194
J119	13	3	9	29	0.8554019276528816
J120	14	7	52	97	1.185716570447693
J121	15	5	88	42	0.9326541814091596
J122	14	10	104	69	0.2566670424056281
\\ Jobs in machine 12
12
J123	12	8	82	107	0.3386244546413427
J124	15	14	64	96	1.3871580440907934
J125	16	6	105	28	0.9622791542235777
J126	14	13	49	20	0.8485066258167071
J127	16	3	87	57	1.1572493160818482
J128	14	11	50	44	0.37435364005447613
J129	15	7	9	105	1.3250950881288333
J130	16	2	107	25	0.32047517250096247
J131	17	12	39	106	1.1028025661012841
J132	13	10	38	10	1.3435277564020685
J133	14	12	96	2	1.46136145217677
J134	15	7	103	74	0.5914709463804255
\\ Jobs in machine 13
10
J135	15	9	8	103	1.8046518225855048
J136	15	11	93	64	1.7103710069402902
J137	14	14	84	4	1.8468512506193873
J138	13	10	38	98	0.6766774426043253
J139	14	2	76	79	1.4236226257672053
J140	15	2	25	43	0.7483397657487385
J141	15	9	49	45	1.4496424927367313
J142	13	5	82	32	0.7101884929312992
J143	14	1	56	78	1.0058958399469646
J144	14	6	101	38	0.930586997246021
\\ Jobs in machine 14
12
J145	14	7	9	107	1.241280074940381
J146	15	11	103	19	0.7389462008008685
J147	14	2	95	89	0.8568308230588123
J148	16	13	93	101	1.693622990438573
J149	15	4	14	58	1.4508699030521688
J150	15	14	82	61	0.9557413922237538
J151	14	1	52	61	0.24002521679478683
J152	14	8	75	53	0.2922269709646599
J153	16	11	70	24	1.0209806350897022
J154	14	5	40	42	1.167989554441347
J155	15	10	9	28	1.911863994529347
J156	15	10	71	100	1.5718551557013951
\\ Jobs in machine 15
11
J157	12	10	41	25	1.8456525612590855
J158	16	13	99	31	1.4866427929110395
J159	17	1	59	5	1.4061170311969526
J160	14	12	108	6	1.030130037449939
J161	15	2	51	101	1.672352158648065
J162	15	12	31	55	1.7914562369790545
J163	14	12	92	59	1.709993706133974
J164	14	14	12	97	1.38202612520324
J165	13	6	109	99	1.3148034610566999
J166	13	12	12	27	1.5455042515492146
J167	15	6	32	20	1.2632261733213863
\\ Dependencies 
344
1	6
1	7
1	9
1	10
1	11
2	5
2	12
3	4
3	7
3	8
3	9
3	11
4	7
4	9
4	10
4	12
5	7
5	10
5	11
6	7
6	10
6	11
6	12
7	9
7	11
8	10
10	11
13	14
13	17
13	19
14	15
14	17
14	18
14	19
14	21
14	23
15	16
15	20
15	22
16	20
16	21
16	23
17	18
17	20
17	21
17	22
17	23
18	20
19	23
20	21
20	22
21	23
22	23
24	29
24	30
24	31
24	34
24	35
25	31
25	32
25	34
25	35
26	28
26	35
27	31
27	34
28	29
28	32
28	36
29	30
29	31
29	33
29	35
30	31
30	32
30	33
30	35
31	35
32	34
32	36
33	34
33	35
34	35
35	36
37	42
37	43
37	46
38	41
38	42
38	43
38	44
38	46
39	41
39	42
39	44
39	45
40	41
40	43
40	44
41	42
41	43
41	45
41	47
42	44
42	45
42	47
43	44
43	45
44	45
44	47
45	46
48	49
48	53
48	55
49	52
49	53
50	54
50	56
51	54
51	55
52	53
52	57
53	56
56	57
58	60
58	65
58	66
58	68
58	69
59	61
59	62
59	64
59	66
59	67
60	61
60	62
60	63
60	67
60	68
60	69
60	70
61	62
61	64
61	65
61	66
61	68
61	70
62	63
62	64
63	69
64	65
64	69
65	67
65	70
66	68
67	69
67	70
71	75
71	76
71	78
72	74
72	76
72	78
73	76
73	79
74	76
74	77
74	80
75	79
77	78
77	79
78	80
81	82
81	86
82	86
82	87
82	89
82	90
83	85
83	87
83	88
84	88
85	87
85	88
86	87
87	89
91	93
91	96
91	97
91	98
91	99
91	100
91	101
92	96
93	94
93	95
93	96
93	98
94	97
94	99
94	100
95	98
95	99
95	101
96	98
96	99
96	100
96	101
97	101
98	99
98	101
102	105
102	107
102	108
102	110
102	112
103	104
103	105
103	107
103	111
103	112
104	105
104	108
104	110
105	110
106	110
107	109
107	110
108	112
109	111
109	112
111	112
113	114
113	120
113	122
114	116
115	117
115	118
115	121
116	118
116	120
116	121
117	119
117	120
117	121
117	122
118	119
121	122
123	126
123	129
124	127
124	128
124	129
124	131
124	132
124	133
124	134
125	128
125	130
125	131
125	134
126	128
126	129
126	130
127	133
127	134
128	129
128	132
129	131
135	137
135	138
135	140
135	141
135	144
136	137
136	138
136	140
136	142
136	143
136	144
137	141
137	142
137	143
137	144
138	139
138	140
138	141
138	144
139	141
139	142
139	143
140	143
140	144
141	142
142	143
145	146
145	149
145	154
146	148
146	151
146	154
146	155
147	148
147	151
147	152
148	150
148	153
149	150
149	154
149	155
150	151
150	153
150	154
150	155
151	154
151	155
152	154
152	155
152	156
153	156
154	156
157	159
157	160
157	162
157	163
157	166
157	167
158	159
158	161
159	163
159	166
160	164
161	162
161	163
162	164
162	165
162	166
162	167
163	164
163	166
163	167
164	166
165	167
166	167
