\\ machines
9
\\ max power
90
\\ Jobs in machine 1
10
J1	14	5	73	61	1.803453793184203
J2	15	3	57	48	0.9429686355228047
J3	15	4	46	53	1.6135623113550162
J4	15	8	36	5	0.4960943857181418
J5	15	4	29	32	1.5324967690639235
J6	14	11	31	67	1.0703554960085757
J7	14	8	40	2	1.1101480920568587
J8	15	4	45	54	0.7139433295899562
J9	13	1	43	51	0.1
J10	14	7	72	65	1.312717708663065
\\ Jobs in machine 2
9
J11	13	4	29	63	1.3450050011188346
J12	15	12	12	7	0.5434597656707834
J13	16	3	92	68	2.3017252421074463
J14	15	12	82	50	1.3864053715061773
J15	12	8	105	40	1.008145429740531
J16	15	6	106	18	0.5869097122412654
J17	15	14	90	24	1.0806941910764167
J18	14	4	31	16	0.6409412920931686
J19	14	9	36	49	0.9861388601821497
\\ Jobs in machine 3
12
J20	15	14	18	58	0.9482839252955567
J21	12	12	95	18	1.2432048440743522
J22	16	6	77	65	1.083924388296759
J23	14	1	89	45	1.6157693601405714
J24	14	4	88	52	1.3073233377571964
J25	15	4	109	54	1.9047386091898357
J26	14	11	31	59	1.213875009135137
J27	16	6	4	12	0.46965159413759605
J28	15	8	84	57	0.8314807947123943
J29	13	13	58	19	1.2002525424252999
J30	17	14	58	7	0.7321423684823443
J31	14	6	91	1	1.4111433596674823
\\ Jobs in machine 4
9
J32	14	4	33	50	1.0815327623992725
J33	15	7	4	28	2.3879556126095522
J34	13	12	108	38	1.4873254445898536
J35	16	1	92	51	1.1168105642012016
J36	14	11	33	61	2.2240863183222714
J37	14	11	93	26	1.076058060089614
J38	14	14	44	43	1.4935210209598282
J39	15	3	26	56	1.0314265252460548
J40	14	6	77	16	0.8376819312940003
\\ Jobs in machine 5
11
J41	14	9	106	37	0.4513262508763378
J42	13	12	13	15	1.8121753896062418
J43	15	14	71	5	1.354678489260377
J44	15	1	23	30	0.6080663504925489
J45	14	12	87	14	0.1603976413920205
J46	15	13	60	41	1.018949545773186
J47	16	13	107	56	0.6986390568503792
J48	15	2	55	65	1.2248266216155523
J49	13	1	74	21	0.3867236945556102
J50	14	12	84	34	1.0834266508466184
J51	14	14	101	8	0.9150004863531245
\\ Jobs in machine 6
10
J52	14	8	49	30	0.10940435444949048
J53	15	7	41	4	0.901039392847818
J54	14	12	12	57	0.7918239925227545
J55	13	8	62	40	0.43095572056874076
J56	14	4	96	18	1.3795443922096928
J57	14	5	41	47	0.17257033674440314
J58	13	2	66	61	1.7631873237912963
J59	16	1	96	66	1.2404179429066757
J60	16	11	28	15	1.093370611274501
J61	15	12	44	57	1.1322937376099653
\\ Jobs in machine 7
11
J62	15	4	92	34	1.039125042506239
J63	14	6	8	23	0.7063396748626368
J64	15	13	53	61	1.8393899564084388
J65	15	2	93	32	0.7488682953160409
J66	15	12	41	55	1.296999348320015
J67	13	12	7	45	1.360212183574494
J68	15	1	72	20	0.6166175760399356
J69	14	5	41	27	1.1630341268184465
J70	14	2	11	13	0.5197248360148181
J71	14	13	75	59	0.7649991179224553
J72	13	10	104	65	1.1054616968643403
\\ Jobs in machine 8
10
J73	15	10	22	14	1.2561045927804226
J74	15	6	53	26	1.1500308381472313
J75	14	12	88	32	0.5093869009664639
J76	15	5	35	46	0.9082849327920298
J77	14	11	109	19	1.0860206539615997
J78	16	12	38	35	0.7882670094649527
J79	16	1	40	9	1.0046469150842652
J80	14	3	24	21	1.2967270914044122
J81	15	8	47	35	1.08964741799969
J82	14	9	39	39	1.4697342949601775
\\ Jobs in machine 9
12
J83	13	6	27	1	0.6592983908295572
J84	16	10	52	55	0.8209787869287607
J85	13	12	22	62	1.5350244360049574
J86	15	3	64	44	0.9148022619243812
J87	14	7	58	64	1.1185278554718932
J88	15	14	105	23	0.6225780016068813
J89	14	6	15	59	1.523597370181867
J90	14	5	92	2	0.4789549496478669
J91	14	5	108	24	0.9120457389556051
J92	15	6	6	34	0.5511948172082876
J93	16	14	105	11	1.1824630606484445
J94	14	9	10	50	1.7962975684801943
\\ Dependencies 
80
1	2
2	3
2	7
2	8
2	10
3	5
3	7
4	5
4	9
5	6
9	10
12	13
13	18
14	15
17	18
20	23
20	25
21	24
21	26
21	28
22	30
22	31
23	27
23	29
23	31
25	27
25	29
26	27
26	29
28	31
29	30
33	40
34	39
35	37
36	39
41	43
41	45
43	49
43	50
52	56
54	57
55	56
56	60
60	61
62	72
63	64
63	66
63	68
63	69
64	65
65	66
67	68
67	69
69	71
71	72
73	75
73	76
73	79
75	79
76	78
78	81
80	82
81	82
83	94
84	88
84	89
84	91
84	93
85	91
85	92
86	88
86	89
86	93
87	92
88	90
88	92
89	93
90	91
91	92
91	94
