\\ machines
3
\\ max power
30
\\ Jobs in machine 1
12
J1	13	8	63	1	0.1
J2	12	8	8	5	0.7901659191770846
J3	14	2	22	20	1.1939433246335236
J4	16	9	102	20	1.3181352742127992
J5	13	10	25	15	2.2254216325857854
J6	14	8	83	15	1.8034635668156112
J7	15	4	75	15	0.9254181078340094
J8	15	10	77	4	1.6882239046827336
J9	14	1	5	6	0.8720625621877125
J10	15	8	80	7	2.0008927508084673
J11	15	12	105	12	1.7276716458720092
J12	14	12	20	19	1.6688483265181335
\\ Jobs in machine 2
10
J13	16	8	26	6	1.0621748861509905
J14	14	11	27	7	1.1334015340365746
J15	15	13	84	7	0.784160999929653
J16	15	5	16	14	1.1567280278351963
J17	15	13	38	13	1.7502334632254803
J18	14	9	68	2	1.2438708762388488
J19	14	12	37	13	1.2526991680437136
J20	17	12	38	21	1.9857870275670877
J21	17	7	107	10	1.7078546267419648
J22	14	3	40	6	0.9051494213686928
\\ Jobs in machine 3
11
J23	14	13	66	19	1.4460898748993227
J24	14	7	20	2	1.4267087256483875
J25	14	6	31	22	1.9419682242958685
J26	15	8	96	19	1.291494154858428
J27	16	3	33	16	1.712110185928841
J28	14	13	34	8	0.7942370255446303
J29	14	14	96	20	0.8925342306015858
J30	15	14	14	21	1.3144780791671788
J31	14	3	31	21	1.826665401306291
J32	13	3	109	22	1.3850616788304961
J33	16	6	109	10	0.45421316783357735
\\ Dependencies 
34
1	3
1	6
1	11
2	6
2	7
2	8
3	6
3	9
4	8
4	9
4	10
5	8
5	9
5	11
5	12
6	11
9	12
10	11
13	15
13	17
13	19
13	20
13	22
16	20
23	33
25	28
25	33
26	32
26	33
27	29
27	33
28	33
29	32
32	33
