\\ machines
7
\\ max power
70
\\ Jobs in machine 1
10
J1	15	12	54	9	0.5710277494102651
J2	15	14	60	15	1.689896721694346
J3	15	10	52	4	1.2210539968899055
J4	14	14	93	6	1.750129693828927
J5	14	5	28	7	1.2658212643433466
J6	16	13	99	5	1.131555735302679
J7	15	6	107	3	1.4620512538670898
J8	15	7	99	9	1.307858013885927
J9	15	10	57	6	1.2030964674713993
J10	15	9	88	13	0.5395418450325049
\\ Jobs in machine 2
10
J11	15	11	58	12	1.0826967078209129
J12	14	12	60	11	2.093434341523288
J13	15	13	79	13	0.970736799973551
J14	16	8	30	16	1.3033475234810945
J15	14	14	15	11	0.48490300964267363
J16	13	7	100	6	2.787423212984857
J17	14	3	54	18	0.6947683981470805
J18	15	10	106	7	1.3558148391427978
J19	14	8	69	4	1.8324291337050589
J20	15	8	30	2	0.3933379462924629
\\ Jobs in machine 3
10
J21	14	1	64	9	1.8834165619515413
J22	14	6	82	3	0.6665550912622307
J23	14	8	25	14	1.7384685517252159
J24	15	12	28	9	0.9800257746732285
J25	15	8	99	15	1.875280385656942
J26	15	9	94	10	1.367263372566319
J27	14	14	104	6	2.095565151860849
J28	16	11	21	16	1.9392988285968273
J29	16	2	95	8	1.5387643541270666
J30	13	12	109	4	0.1
\\ Jobs in machine 4
11
J31	12	7	32	5	0.573531616197635
J32	14	10	97	18	0.885600641941025
J33	14	11	90	10	1.0153447096121981
J34	14	6	83	8	0.8189517971077375
J35	13	1	35	17	1.0037839670481987
J36	14	7	87	4	0.6801455962079995
J37	14	2	106	18	1.1859884800866387
J38	14	12	47	7	1.3090030793891896
J39	14	14	36	16	1.952461555862644
J40	17	8	13	11	1.2361285295098983
J41	14	3	45	11	0.41503903082527593
\\ Jobs in machine 5
11
J42	14	10	65	14	0.715252172221316
J43	14	8	66	16	0.8592210349584347
J44	15	5	21	18	1.514644363364012
J45	14	3	55	11	1.7306383740142803
J46	14	11	51	2	1.764718536968092
J47	15	1	106	11	2.3846613901904687
J48	15	1	51	11	1.3325903421573602
J49	14	9	61	1	1.0850958076824015
J50	13	12	51	17	0.589059564201462
J51	15	10	97	10	1.0800061064262232
J52	14	3	80	13	0.679626650054527
\\ Jobs in machine 6
11
J53	13	13	3	5	1.0476679398063353
J54	16	13	61	16	0.5725428747154674
J55	14	12	76	14	1.181949439999173
J56	15	12	90	5	0.6999232211797725
J57	13	3	3	18	0.9430046356943556
J58	16	14	21	1	0.4879398197947141
J59	13	13	2	15	1.554044121955355
J60	14	11	4	1	1.6117575665541064
J61	15	5	2	6	1.2951940721298199
J62	13	5	33	1	1.3217861174134196
J63	15	6	32	9	0.4989594632569456
\\ Jobs in machine 7
12
J64	13	7	89	2	0.3593043802537652
J65	14	12	58	6	1.8243015145268204
J66	15	1	27	17	0.9706115909878871
J67	15	2	19	9	0.6432716124626155
J68	14	5	45	17	1.0339436471051644
J69	14	2	67	4	1.4316557750173609
J70	17	4	24	7	1.0977829307273883
J71	14	6	65	6	1.2691527897211585
J72	16	7	25	11	1.757209712428116
J73	16	7	87	7	1.3136440558464948
J74	15	1	29	7	1.6379437691156684
J75	15	11	99	16	1.3393674210536357
\\ Dependencies 
175
1	5
1	7
1	8
1	9
1	10
2	3
2	4
2	5
2	6
2	7
2	8
3	5
3	6
3	8
3	9
3	10
4	5
4	8
4	9
4	10
5	6
6	7
6	8
7	9
8	10
9	10
11	12
11	16
11	17
11	18
11	20
12	15
12	16
12	18
13	14
13	15
13	16
13	17
13	19
14	17
15	17
15	19
15	20
16	19
17	18
18	20
19	20
21	25
21	28
22	23
22	25
22	27
22	28
22	29
22	30
23	24
23	25
23	26
23	27
23	28
23	29
23	30
24	25
24	26
24	27
24	29
25	28
25	30
26	27
27	29
28	30
31	34
31	35
31	40
32	34
32	35
32	38
32	40
32	41
33	38
33	39
33	41
34	35
34	36
34	37
34	38
34	39
34	40
35	36
35	37
35	41
36	39
37	40
37	41
39	40
39	41
42	43
42	48
42	49
43	44
43	45
43	47
44	45
44	46
44	49
44	51
44	52
45	48
45	49
45	50
45	51
45	52
46	47
46	48
46	50
46	51
47	48
47	50
47	51
48	49
49	50
50	52
53	56
53	57
53	59
53	60
53	61
53	62
55	56
55	60
56	57
56	58
56	59
56	61
56	62
56	63
57	59
57	60
59	60
59	61
60	61
60	62
60	63
61	62
61	63
64	65
64	66
64	70
64	72
64	74
64	75
65	67
65	68
65	70
65	71
66	68
66	72
66	73
66	74
66	75
67	71
67	73
67	74
68	69
68	70
68	71
68	72
69	70
70	71
70	72
70	73
70	75
71	74
73	74
73	75
