\\ machines
12
\\ max power
120
\\ Jobs in machine 1
12
J1	14	3	39	27	1.3189723304337921
J2	15	1	70	27	1.283845450629597
J3	16	14	110	30	2.102197696244211
J4	15	4	76	9	0.5247632540152802
J5	14	13	78	30	1.237556541903691
J6	16	8	93	22	1.7717496012619047
J7	17	11	91	25	1.0871520364760021
J8	14	1	106	24	0.9221271215869712
J9	13	1	99	18	0.3006633315185262
J10	15	9	34	10	1.98023113927982
J11	15	3	59	11	1.5444488793562374
J12	15	6	2	16	1.3638620759947904
\\ Jobs in machine 2
12
J13	15	2	100	11	1.481899949357459
J14	15	14	3	21	1.6627201195430328
J15	14	1	102	1	0.9870559186690618
J16	16	6	100	14	0.40336660458599716
J17	15	4	69	17	1.2272830669701482
J18	15	5	67	30	0.8585353534719847
J19	16	6	96	15	1.4068841096375047
J20	14	6	99	6	1.2979391741833055
J21	15	7	105	13	1.0085019808295037
J22	14	10	34	6	1.362416359873804
J23	15	1	71	3	1.0848569423472836
J24	15	4	81	18	2.2925251755927496
\\ Jobs in machine 3
12
J25	13	11	96	1	1.5719273842026444
J26	13	12	22	27	1.5743686094801466
J27	14	3	21	20	1.7518766249652902
J28	15	7	69	23	1.043459042907765
J29	14	4	38	8	1.8459962353814916
J30	14	6	69	16	2.223259907204077
J31	14	8	12	14	0.32719533328178274
J32	14	1	78	11	1.4557711287445823
J33	15	11	99	8	1.7880782533438226
J34	14	4	54	18	1.2060062070747597
J35	15	13	77	30	1.1419838542486918
J36	15	10	65	20	1.8318479246741473
\\ Jobs in machine 4
9
J37	14	14	29	2	1.5283129787269267
J38	14	4	6	11	0.9551269153753463
J39	15	1	109	7	1.6167211017684158
J40	16	4	24	24	1.3349851900008827
J41	15	9	106	13	0.995697807101875
J42	13	12	49	16	2.4452244675373445
J43	15	9	6	18	1.1548215553416645
J44	14	2	83	5	1.0719366968091535
J45	13	13	25	5	0.5126823332469465
\\ Jobs in machine 5
11
J46	16	11	52	1	0.4921559484565289
J47	16	14	12	11	1.2980235052220581
J48	16	1	12	29	1.533661037726432
J49	12	4	81	15	1.0905071496764112
J50	15	2	50	5	0.6763625454593912
J51	14	5	33	22	0.7875109496308517
J52	15	2	45	12	0.8916714638079706
J53	14	14	29	10	1.8120916331976789
J54	14	12	110	7	1.4834312998738794
J55	15	8	22	5	1.480356748041535
J56	13	3	94	5	1.634891432478134
\\ Jobs in machine 6
11
J57	15	8	65	19	1.7048748177632111
J58	14	14	3	25	1.114178838817958
J59	15	10	89	1	2.2056458357590873
J60	14	4	64	8	0.5540208302005645
J61	15	6	34	7	1.3377148873844185
J62	16	4	40	6	1.9624134896435548
J63	14	1	51	20	1.0544973369700357
J64	15	13	50	18	0.6012247164733906
J65	14	7	44	15	2.5140886156190803
J66	17	3	49	24	0.9632502226847827
J67	13	12	82	2	1.694836871904735
\\ Jobs in machine 7
13
J68	13	9	100	13	1.0881213867315005
J69	14	12	64	12	0.5797492104344907
J70	16	4	26	9	1.667030401576074
J71	13	8	76	8	0.8411176829766225
J72	15	2	72	18	1.3896636471835064
J73	14	12	32	11	1.5613505390502742
J74	14	13	9	17	0.9854311385101999
J75	15	10	42	4	2.255104930686727
J76	16	8	78	14	1.3156157236911863
J77	16	5	53	30	1.5985550453224495
J78	14	14	76	26	1.7190480247645903
J79	17	4	44	17	1.0940171208990446
J80	16	10	52	15	1.8962738258831342
\\ Jobs in machine 8
12
J81	15	12	25	25	0.9873681126511361
J82	15	4	72	1	1.664058922612553
J83	14	7	48	22	1.8850623395269672
J84	15	2	57	3	1.3386514630356572
J85	13	13	73	20	1.2217276478125543
J86	14	8	19	21	2.0290072236848102
J87	16	3	95	30	1.046246149555594
J88	16	13	90	8	2.062556177273114
J89	14	7	32	21	1.0690685408212202
J90	13	4	72	19	1.1015161200299408
J91	16	12	45	22	1.328786625961968
J92	14	10	9	20	1.170211386322832
\\ Jobs in machine 9
11
J93	15	9	16	21	0.8092484398655237
J94	15	8	99	14	0.5997817302311684
J95	15	6	23	25	1.2997057868773705
J96	15	3	72	8	1.1407137679635178
J97	14	7	86	10	1.093154471075707
J98	15	6	48	23	1.4612043722928307
J99	14	5	102	10	1.4158848669498143
J100	15	1	51	20	2.030234263394653
J101	14	9	109	11	1.3525410018592452
J102	15	10	25	2	0.19814530158357324
J103	16	4	85	7	1.3730173031251627
\\ Jobs in machine 10
10
J104	15	2	58	19	0.6864535081025325
J105	14	2	108	22	0.8005043180942046
J106	14	13	31	21	1.7558453013009474
J107	14	5	105	24	0.35431216383378017
J108	13	3	69	7	1.2857725857780125
J109	14	12	77	4	1.6293926028962242
J110	14	2	31	19	1.1498674017355441
J111	14	9	97	24	1.108609371759901
J112	15	3	73	6	0.44156977129319386
J113	16	1	84	16	1.3102315021034305
\\ Jobs in machine 11
12
J114	13	2	106	29	1.9643656553620585
J115	15	13	23	20	1.598830939740863
J116	15	2	44	17	1.1001561104283741
J117	14	1	108	22	0.9526005604557871
J118	15	8	69	27	1.3553694334040787
J119	14	9	71	18	1.2315831879229782
J120	13	6	29	25	1.49918215960191
J121	16	6	5	22	0.8707992265820833
J122	16	8	2	13	1.300024960818248
J123	16	4	67	11	1.4413508938640591
J124	15	11	59	8	1.3054826477591328
J125	14	12	91	26	0.8694362586905373
\\ Jobs in machine 12
10
J126	16	12	62	10	1.2080134086201753
J127	15	3	13	4	1.6263805470346622
J128	15	11	72	11	0.5025543931724505
J129	13	7	105	5	1.7722238798476626
J130	15	6	106	30	2.0367227357707884
J131	15	7	20	8	1.1312380825894368
J132	14	14	49	19	0.7004164753438824
J133	14	12	94	26	1.4017850988176292
J134	15	7	99	22	1.2571319193117731
J135	15	14	104	12	2.250918405251425
\\ Dependencies 
562
1	2
1	3
1	4
1	5
1	6
1	7
1	8
1	9
1	11
1	12
2	6
2	7
2	8
2	9
2	10
2	11
2	12
3	4
3	5
3	6
3	8
3	11
3	12
4	5
4	6
4	7
4	8
4	9
4	10
4	11
4	12
5	6
5	7
5	9
5	10
5	11
5	12
6	7
6	8
6	9
6	10
6	11
6	12
7	8
7	9
7	10
7	11
8	9
8	11
8	12
9	12
10	11
10	12
11	12
13	14
13	15
13	16
13	18
13	19
13	21
13	22
13	24
14	15
14	16
14	17
14	18
14	19
14	20
14	22
14	23
14	24
15	16
15	17
15	18
15	19
15	20
15	21
15	22
15	23
15	24
16	17
16	19
16	20
16	21
16	22
16	23
16	24
17	18
17	19
17	20
17	22
17	24
18	19
18	20
18	22
18	24
19	20
19	21
19	22
19	23
19	24
20	21
20	22
20	23
20	24
21	22
21	23
21	24
22	23
22	24
23	24
25	26
25	27
25	28
25	29
25	30
25	31
25	32
25	33
25	34
25	35
25	36
26	27
26	28
26	29
26	30
26	32
26	35
26	36
27	28
27	29
27	30
27	32
27	33
27	34
27	35
27	36
28	29
28	30
28	31
28	32
28	33
29	31
29	35
29	36
30	31
30	32
30	34
30	35
30	36
31	33
31	34
31	35
31	36
32	34
32	35
32	36
33	34
33	35
33	36
34	35
34	36
35	36
37	39
37	40
37	41
37	42
37	43
37	45
38	39
38	40
38	41
38	42
38	43
38	44
38	45
39	40
39	41
39	43
39	44
39	45
40	41
40	42
40	43
40	44
41	42
41	43
41	44
41	45
42	43
42	44
43	44
43	45
44	45
46	47
46	48
46	51
46	54
46	56
47	48
47	49
47	50
47	51
47	53
47	54
47	55
47	56
48	49
48	50
48	51
48	52
48	53
48	54
48	55
49	50
49	51
49	54
49	55
50	53
50	54
50	55
50	56
51	52
51	53
51	55
52	53
52	56
53	54
53	56
55	56
57	58
57	59
57	60
57	62
57	63
57	64
57	65
57	66
57	67
58	59
58	60
58	61
58	62
58	63
58	64
58	66
58	67
59	60
59	61
59	62
59	63
59	64
59	65
59	67
60	62
60	63
60	64
60	65
60	66
60	67
61	62
61	63
61	64
61	65
61	66
61	67
62	66
62	67
63	64
63	65
63	67
64	65
64	66
64	67
65	66
66	67
68	69
68	71
68	73
68	76
68	77
68	78
68	79
68	80
69	70
69	73
69	74
69	76
69	77
69	80
70	71
70	72
70	73
70	74
70	76
70	77
70	79
70	80
71	72
71	73
71	74
71	76
71	77
71	78
71	79
71	80
72	73
72	74
72	75
72	76
72	78
72	79
72	80
73	75
73	78
73	80
74	75
74	77
74	79
74	80
75	76
75	77
75	80
76	78
76	79
76	80
77	78
77	79
77	80
78	79
78	80
79	80
81	83
81	84
81	85
81	86
81	87
81	88
81	89
81	91
81	92
82	83
82	84
82	85
82	86
82	87
82	88
82	89
82	91
82	92
83	84
83	85
83	86
83	88
83	89
83	90
83	92
84	85
84	86
84	87
84	88
84	90
84	91
84	92
85	86
85	87
85	88
85	90
85	91
85	92
86	87
86	88
86	89
86	90
86	92
87	90
87	91
87	92
88	89
88	90
88	92
89	90
89	91
89	92
90	92
93	94
93	95
93	96
93	97
93	98
93	99
93	100
93	101
93	102
94	95
94	96
94	98
94	99
94	100
94	101
94	103
95	97
95	98
95	99
95	100
95	102
95	103
96	97
96	99
96	100
96	101
96	102
96	103
97	99
97	100
97	101
97	102
97	103
98	99
98	100
98	101
99	100
99	101
99	102
99	103
100	101
100	103
101	103
102	103
104	105
104	106
104	107
104	108
104	109
104	110
104	111
104	112
104	113
105	106
105	107
105	109
105	110
105	111
105	112
105	113
106	107
106	108
106	109
106	110
106	111
106	112
106	113
107	109
107	110
107	111
107	112
107	113
108	110
108	111
108	113
109	110
109	111
109	112
109	113
110	111
110	112
110	113
111	112
114	115
114	116
114	118
114	119
114	120
114	121
114	122
114	123
114	124
115	116
115	118
115	119
115	121
115	122
115	123
115	124
115	125
116	117
116	118
116	119
116	120
116	121
116	122
116	123
116	125
117	118
117	119
117	120
117	121
117	122
117	123
117	124
117	125
118	119
118	120
118	121
118	123
118	124
118	125
119	120
119	121
119	122
119	123
119	124
119	125
120	122
120	123
120	124
120	125
121	122
121	123
121	124
121	125
122	123
122	124
122	125
123	125
124	125
126	127
126	128
126	129
126	130
126	131
126	133
126	135
127	128
127	130
127	131
127	132
127	133
127	134
128	130
128	131
128	132
128	133
128	134
128	135
129	130
129	131
129	132
129	134
129	135
130	131
130	132
130	135
131	132
131	134
131	135
132	133
132	134
132	135
133	134
133	135
134	135
