\\ machines
9
\\ max power
90
\\ Jobs in machine 1
10
J1	14	1	15	58	0.6289046091069243
J2	15	2	90	5	0.8617541760541043
J3	15	5	91	17	0.5820681192239822
J4	15	8	84	45	0.9322935624167232
J5	16	8	100	3	1.519558574391716
J6	15	7	108	66	0.9313742061998609
J7	15	4	23	24	0.5015201781561694
J8	13	4	99	7	0.5261195949804198
J9	14	3	108	37	0.5830394164228233
J10	16	6	73	36	1.4345980521146315
\\ Jobs in machine 2
11
J11	12	7	51	44	1.737725907424244
J12	14	2	46	16	0.6924118189576572
J13	15	6	77	21	0.6073371520947305
J14	14	11	48	13	0.3982435099560987
J15	15	9	64	39	1.5208792725305327
J16	14	14	5	49	1.104543986765357
J17	14	11	67	67	1.349574155400018
J18	14	5	12	12	1.238172529699156
J19	15	10	19	50	0.7477968143966103
J20	15	1	107	50	1.3748595845972449
J21	16	14	61	44	1.0246079640001793
\\ Jobs in machine 3
10
J22	15	5	60	24	1.3162427059849902
J23	14	2	4	24	2.0565069582571094
J24	14	8	48	62	2.040597149378494
J25	14	8	68	43	1.3582075460120606
J26	14	11	68	12	1.7849203382813048
J27	15	12	38	60	0.5968927606669827
J28	16	5	72	63	1.2189756571376866
J29	14	1	73	63	0.6931551152554212
J30	16	4	104	46	0.7236275921878979
J31	15	8	70	18	1.2176368940168112
\\ Jobs in machine 4
10
J32	15	14	89	40	0.9729066313497758
J33	13	2	54	24	0.7989790150676014
J34	13	12	84	16	1.083029499975527
J35	16	11	69	34	1.803217221735019
J36	16	4	44	11	1.0764277617342952
J37	14	14	13	42	2.388980049362013
J38	14	6	95	32	1.3984430371282464
J39	16	3	41	2	0.9491424015968107
J40	14	7	76	28	0.9820053054409651
J41	15	14	88	37	0.902481711934854
\\ Jobs in machine 5
11
J42	12	6	96	28	0.804453879982336
J43	15	14	83	39	1.1310947442667882
J44	12	10	43	58	1.8554564822817345
J45	16	2	36	23	1.852322148611698
J46	13	4	58	2	0.8537677484234504
J47	14	9	69	29	0.774249121715382
J48	16	5	13	66	1.037942171527811
J49	15	7	27	21	1.37645568337581
J50	13	4	3	3	0.6612145548777629
J51	15	6	21	1	1.3849855407870022
J52	14	11	37	60	1.439339096332342
\\ Jobs in machine 6
12
J53	15	3	99	67	0.4620939257373089
J54	15	3	28	20	1.4245685443387521
J55	14	1	36	9	1.0250272668355005
J56	15	7	44	4	0.8353012169357354
J57	14	1	86	20	1.4662105605028364
J58	14	8	75	5	0.994941377333149
J59	15	12	36	35	0.9850711383168897
J60	15	3	110	35	1.3768699919111038
J61	15	3	104	61	0.6394213064304851
J62	15	8	4	17	2.0106501717215854
J63	15	3	102	5	1.0646183018917879
J64	14	12	57	1	1.3456031619847573
\\ Jobs in machine 7
10
J65	14	9	29	2	1.0203020853873885
J66	13	4	17	62	1.0571907160861318
J67	16	10	84	39	0.8678733210882268
J68	14	9	2	28	1.1049848143075507
J69	14	1	103	45	1.556507637214804
J70	13	6	70	18	0.3645341872860782
J71	14	11	11	36	1.068961705373645
J72	15	3	10	17	1.4654913193405426
J73	16	7	3	40	1.5545564389306348
J74	17	14	107	18	0.6306762601380034
\\ Jobs in machine 8
12
J75	16	3	37	32	1.4088845724314103
J76	14	14	32	48	1.3046111572768875
J77	13	5	25	31	1.744163337601559
J78	13	1	54	1	1.7767602008167387
J79	14	2	58	32	1.1590313737521047
J80	16	3	89	30	0.8998594356544658
J81	15	1	73	41	1.7435813967961573
J82	14	1	19	30	2.037329739189317
J83	14	2	20	38	1.9823228463150038
J84	16	8	45	48	0.798776778692144
J85	13	2	92	35	1.2696664736026775
J86	14	7	6	26	0.9138978877191202
\\ Jobs in machine 9
11
J87	14	5	4	12	0.9411227348056547
J88	14	5	110	49	1.0459454179133418
J89	15	5	22	6	0.5907525934481855
J90	13	5	105	45	1.0355235844361088
J91	14	13	15	29	1.7526712527918402
J92	15	11	10	46	0.8442969925496656
J93	15	11	51	38	2.0622105996647746
J94	12	4	84	64	1.058905158987658
J95	15	6	50	19	1.6503844266536685
J96	12	4	71	27	0.7567091589014885
J97	14	4	50	6	1.5347459802503804
\\ Dependencies 
250
1	2
1	3
1	4
1	6
1	8
1	10
2	3
2	4
2	5
2	6
2	7
2	8
2	9
2	10
3	6
3	7
3	10
4	5
4	8
5	8
5	9
6	7
9	10
11	12
11	19
11	20
11	21
12	14
12	15
12	16
12	17
12	18
12	19
12	21
13	14
13	15
13	18
13	19
13	20
14	16
14	17
14	18
14	19
14	20
14	21
15	16
15	17
15	18
15	19
15	20
15	21
16	19
16	21
17	19
18	19
18	20
18	21
19	21
22	27
22	29
22	30
22	31
23	24
23	30
24	26
24	28
24	29
25	27
25	28
26	29
26	31
27	28
27	29
27	31
28	30
29	30
30	31
32	33
32	34
32	35
32	36
32	40
33	34
33	38
33	39
33	40
34	35
34	36
34	37
34	38
34	40
34	41
35	36
35	37
35	38
36	38
36	39
36	40
37	38
37	39
37	41
39	40
39	41
40	41
42	51
43	45
43	46
43	47
43	50
43	52
44	46
44	47
44	48
44	50
45	46
45	47
45	49
45	50
45	51
45	52
46	47
46	49
46	50
46	52
47	48
47	49
47	50
47	51
47	52
48	49
48	50
48	51
49	50
49	51
49	52
50	51
50	52
53	54
53	55
53	57
53	58
53	59
53	60
53	62
53	64
54	55
54	56
54	57
54	59
54	62
55	57
55	58
55	60
55	61
55	62
55	63
56	59
56	60
56	61
57	58
57	59
57	60
57	61
57	64
58	59
58	61
58	63
59	60
60	61
60	62
61	62
62	63
65	66
65	67
65	69
65	70
65	71
65	73
65	74
66	67
66	69
66	71
66	73
66	74
67	69
67	72
68	69
68	71
69	70
69	71
71	73
71	74
72	73
75	80
75	82
76	78
76	81
76	86
77	80
77	82
77	84
78	80
78	81
78	84
78	85
79	81
79	82
79	84
79	85
80	82
80	83
80	86
81	83
81	84
82	83
83	84
85	86
87	89
87	90
87	91
87	92
87	97
88	89
88	90
88	91
88	92
88	94
88	96
89	92
89	93
89	95
89	96
90	91
90	95
90	97
91	92
91	95
92	93
92	94
92	95
92	96
92	97
93	94
93	95
93	97
94	95
94	96
94	97
95	97
96	97
