\\ machines
18
\\ max power
180
\\ Jobs in machine 1
11
J1	14	9	41	24	2.0614713297444247
J2	16	2	44	39	0.1
J3	14	1	53	73	0.47850435765328425
J4	14	11	50	62	0.8790982152016321
J5	15	7	82	29	1.1866209265551793
J6	14	1	53	111	1.4430479504173097
J7	15	3	17	114	0.8886330025244529
J8	14	7	24	82	1.303934381315423
J9	14	6	59	50	2.1160079007720904
J10	13	8	45	13	0.5717733033641302
J11	13	12	14	11	1.463412531212016
\\ Jobs in machine 2
9
J12	16	13	66	49	0.9242810385825225
J13	16	9	4	81	1.2055804531337386
J14	15	4	106	111	2.0435390267412448
J15	13	13	86	134	0.6620118981743478
J16	14	14	103	113	0.19917682008412996
J17	15	14	23	78	1.012312194592196
J18	13	1	81	77	2.2356867382137935
J19	16	7	107	131	0.784676752612734
J20	17	4	94	44	1.3358825392420155
\\ Jobs in machine 3
12
J21	14	6	72	2	0.7542718972983654
J22	13	6	87	48	1.326020011290546
J23	15	7	79	26	1.2275731187144259
J24	14	12	73	67	1.5698389032955267
J25	14	14	103	41	1.8606905581745652
J26	14	10	105	127	1.7432459224410533
J27	15	2	12	3	1.4319861334028225
J28	14	11	42	4	1.5986464444467374
J29	14	9	52	74	1.8017353092650523
J30	14	7	33	18	1.0093145043065557
J31	15	11	13	101	1.7746666896504606
J32	13	6	6	36	1.1701469985835327
\\ Jobs in machine 4
11
J33	14	1	65	13	1.1074015195223894
J34	13	1	71	112	1.467362629105541
J35	16	14	77	99	0.757574786931227
J36	16	8	100	84	1.165611929536013
J37	16	3	61	7	0.8616981454398562
J38	14	2	85	114	1.487908768391725
J39	16	4	69	36	0.6442934081068853
J40	15	4	70	96	1.1582631937496168
J41	13	5	59	119	1.1208252033691688
J42	14	4	18	107	1.540103218832865
J43	15	11	28	126	1.1376827372670073
\\ Jobs in machine 5
11
J44	15	13	43	31	1.5296664437770284
J45	15	8	96	105	1.577933320358257
J46	14	4	31	22	1.0128135510971488
J47	16	12	80	128	0.5182121288997342
J48	15	13	71	28	1.7162590254193342
J49	14	4	23	75	1.2359308687717823
J50	12	10	98	95	1.0394760972692219
J51	16	13	67	135	0.9184630085240519
J52	14	1	86	71	1.2297759040474645
J53	13	13	62	26	1.4214542394060419
J54	14	13	94	92	0.6422312497724371
\\ Jobs in machine 6
12
J55	16	10	48	94	1.9329594037821476
J56	15	9	19	36	1.9397783638566086
J57	14	14	93	115	0.7747076880173585
J58	15	12	43	71	1.3621297240029844
J59	14	14	73	8	2.018937934879457
J60	14	14	90	95	1.1009513321952644
J61	14	9	31	66	1.7879012282031015
J62	14	1	90	36	1.0833138378780491
J63	13	14	90	91	1.0286235436540356
J64	15	4	67	73	1.3128137608995276
J65	13	2	41	32	0.32585511253395716
J66	14	2	65	13	1.0095602023933397
\\ Jobs in machine 7
11
J67	14	13	16	7	0.7289569277553182
J68	15	12	40	22	0.43982090446915534
J69	14	2	41	19	1.3477334438322228
J70	15	10	46	76	0.2956839713671954
J71	14	3	21	85	0.6861988496950906
J72	14	14	67	117	0.7992608956844802
J73	14	10	109	70	1.9002725503917992
J74	13	8	31	79	1.404167240638648
J75	13	3	88	45	1.1176025680919994
J76	16	3	96	83	2.4577479357250565
J77	14	3	39	55	1.271936503234499
\\ Jobs in machine 8
13
J78	12	13	97	21	1.4600891508924443
J79	13	10	10	44	1.0651537322961178
J80	16	1	24	4	0.9466320876166179
J81	14	4	107	110	1.43283959704375
J82	14	2	54	47	1.3392791803323707
J83	16	14	60	16	1.2938729032509162
J84	15	14	103	55	1.2703857918769033
J85	14	13	68	28	1.5392367509878004
J86	15	7	110	47	1.465865798256844
J87	14	10	100	113	1.2823107468691572
J88	16	4	109	2	1.7263922555567488
J89	14	2	29	10	0.6788208785245464
J90	15	11	24	45	1.3083914128406764
\\ Jobs in machine 9
12
J91	14	10	83	128	0.1
J92	13	13	32	38	3.098373397682338
J93	14	5	84	12	1.4168095576192294
J94	15	14	21	74	1.2841194923077768
J95	15	4	94	85	0.6000819177799054
J96	15	3	49	122	1.4080003352739836
J97	15	7	14	64	1.1843554125023024
J98	14	7	102	8	0.8371650751179152
J99	15	9	106	111	0.6939375439672404
J100	14	3	6	96	1.6064839915207263
J101	15	4	79	109	1.5120327086651308
J102	16	9	21	107	1.625300030999958
\\ Jobs in machine 10
9
J103	15	7	8	133	1.4643776478938344
J104	14	5	8	68	1.2134220741614308
J105	14	3	6	110	0.1
J106	13	10	55	135	1.500210115437801
J107	14	3	7	103	1.2568294440844288
J108	16	13	46	100	2.2080046829831055
J109	15	4	11	119	1.469958731292885
J110	16	4	95	113	0.5858095129300809
J111	14	14	85	39	1.3105399396109298
\\ Jobs in machine 11
11
J112	13	10	71	100	0.6958915122659647
J113	15	12	50	103	1.3889579677776631
J114	12	14	68	42	1.5044518821285613
J115	14	9	25	91	1.4854138782840054
J116	16	5	54	47	1.0295025177795794
J117	16	5	104	38	1.1910097208573815
J118	15	14	28	135	1.2016518621076406
J119	13	8	59	44	1.0642860960220468
J120	14	10	43	127	0.4368762569603569
J121	14	3	10	38	1.5935090008912933
J122	14	8	30	57	1.7628417479538478
\\ Jobs in machine 12
10
J123	14	13	63	92	0.5840588477083879
J124	15	2	86	117	0.597114587257005
J125	15	3	10	48	0.7862992702693841
J126	16	3	88	48	1.1867595569186793
J127	13	4	102	38	1.2606558290676264
J128	15	2	48	75	2.2474331073244413
J129	13	8	34	71	0.5712103642218646
J130	13	9	3	38	0.7581725603168012
J131	14	11	72	123	1.2524619633052807
J132	13	10	67	46	0.7015644606147795
\\ Jobs in machine 13
13
J133	14	11	75	70	1.454853729228315
J134	15	11	10	39	2.1512592240578177
J135	16	12	22	70	1.648878485872004
J136	14	1	18	71	1.821514129638081
J137	13	2	42	113	0.13099510204330778
J138	13	13	71	129	1.4732080859372891
J139	13	7	61	101	1.3941784125970254
J140	14	9	102	130	1.6001263158548154
J141	15	8	85	53	1.4666931942022776
J142	16	12	57	111	0.9940333009058352
J143	15	11	59	127	0.4393693790207094
J144	15	7	103	10	0.7370224389130292
J145	15	6	15	19	0.7655237583154522
\\ Jobs in machine 14
11
J146	15	9	84	16	0.6688558106846695
J147	15	6	20	21	0.7482117317064373
J148	13	5	71	83	1.8331618820399127
J149	15	6	28	32	1.328140066540992
J150	14	12	93	22	1.7278110217627378
J151	15	5	26	53	0.9797556980965362
J152	15	12	86	46	1.4872295326602054
J153	13	4	91	40	1.3629296119363774
J154	14	12	79	132	1.2318639781868814
J155	15	4	67	52	0.1
J156	15	5	45	89	0.856517127966667
\\ Jobs in machine 15
12
J157	14	8	28	128	1.7619665833161906
J158	14	13	92	75	1.689673283589507
J159	15	4	107	48	0.7764791664977303
J160	14	4	46	11	0.8372682061684269
J161	16	14	24	43	1.2874788065119502
J162	15	12	59	80	1.5076535223571637
J163	14	14	11	35	0.8618556858669706
J164	12	3	109	34	0.27814756554940523
J165	15	3	105	87	1.1102202639015233
J166	13	7	19	98	1.5903055209605206
J167	14	5	107	82	1.8243393468845746
J168	13	2	62	75	1.3717873847942164
\\ Jobs in machine 16
12
J169	14	13	19	46	1.6521375338676016
J170	15	7	71	73	1.3480255446659304
J171	15	10	28	27	2.2640052488851676
J172	15	4	9	108	0.8681184530163903
J173	14	5	43	66	1.6445760293153449
J174	15	8	3	45	2.039032498870834
J175	13	9	53	61	0.7778181440842376
J176	15	8	83	6	1.8242693343112548
J177	13	5	2	34	0.8230654461328999
J178	12	12	29	88	1.0640390240332949
J179	16	8	73	130	1.2523299976808682
J180	15	1	17	103	1.4220184698330818
\\ Jobs in machine 17
10
J181	14	1	21	102	1.5482343307564437
J182	14	7	33	25	1.0936374379243765
J183	14	1	89	80	1.1109437750504645
J184	16	8	94	85	1.5973430057270313
J185	13	3	5	108	1.382381681952392
J186	15	1	32	61	2.2854025945224796
J187	15	1	4	38	0.9953722302933596
J188	14	6	19	2	1.9870663790796732
J189	16	13	47	29	1.029425645669291
J190	13	6	104	131	0.9279911469625134
\\ Jobs in machine 18
10
J191	13	1	84	114	0.9310171484062343
J192	15	2	92	24	1.5655805388477944
J193	15	9	15	60	1.3471258424558727
J194	13	1	61	17	1.723599916330673
J195	15	6	48	120	1.1688576844906007
J196	15	2	23	106	0.7750038956038225
J197	14	2	85	57	0.8084316186802911
J198	14	10	85	134	1.3626240525118445
J199	13	4	70	54	1.2906062145436612
J200	12	4	12	97	0.8618397238379045
\\ Dependencies 
205
1	7
2	5
2	10
3	4
3	9
4	5
4	6
4	8
5	7
6	10
12	13
12	18
15	16
15	17
16	19
16	20
17	18
19	20
21	27
21	32
22	24
22	28
22	31
23	31
24	25
24	28
24	30
25	28
25	29
25	30
25	31
26	27
26	28
30	31
33	39
33	41
34	35
35	42
40	43
41	42
44	51
44	52
46	48
47	52
48	51
49	54
55	63
56	61
56	62
57	58
57	60
57	61
57	64
57	66
58	63
59	61
59	66
61	66
63	64
63	66
65	66
67	72
67	73
68	71
68	77
69	74
69	76
69	77
71	74
72	75
73	75
74	75
74	76
78	84
79	80
79	82
79	85
79	88
80	83
81	88
83	84
83	86
83	88
85	88
86	87
87	89
87	90
91	92
91	96
91	100
92	94
93	94
93	102
95	100
95	101
95	102
97	102
98	100
101	102
103	105
103	108
104	107
106	107
107	110
107	111
110	111
112	116
112	119
113	119
113	122
114	115
114	116
114	122
115	118
115	119
116	119
117	119
117	120
117	122
118	121
119	122
123	124
124	131
125	127
125	128
125	129
126	128
126	131
127	130
131	132
133	134
133	136
133	139
134	135
135	138
135	140
137	142
138	140
138	141
138	145
139	141
139	142
140	142
140	145
141	142
141	143
142	143
142	144
144	145
146	155
147	156
148	149
148	155
149	151
149	155
150	155
150	156
154	155
154	156
155	156
157	161
157	166
157	168
158	159
158	163
158	164
160	168
161	165
161	166
161	167
162	164
162	166
165	168
169	173
170	171
170	172
171	176
172	174
172	175
172	177
174	175
175	178
175	180
176	180
177	179
178	179
179	180
181	182
181	190
182	184
182	188
183	185
183	189
184	186
185	190
191	194
192	194
192	198
193	196
193	199
193	200
194	195
194	198
195	198
195	200
