\\ machines
9
\\ max power
90
\\ Jobs in machine 1
11
J1	16	10	96	67	2.138883056567247
J2	15	6	35	13	1.0332993665420451
J3	14	10	35	43	0.8852748839810111
J4	14	12	17	17	1.4022525151177279
J5	13	13	91	68	1.9802245295432188
J6	16	4	105	23	0.927332078361175
J7	15	1	75	44	2.07604253163696
J8	16	6	52	9	0.7566360731223227
J9	13	7	73	26	2.0893827975645274
J10	14	4	22	16	1.6128904306598262
J11	15	11	28	67	0.8901779095416054
\\ Jobs in machine 2
11
J12	15	9	59	29	1.309787577710512
J13	15	11	44	23	1.3414030535590207
J14	14	6	2	8	1.1656671134807053
J15	14	9	69	35	1.9225514222579738
J16	16	6	23	30	0.1
J17	16	12	32	66	1.1081455009136305
J18	16	6	74	41	0.9284084750137911
J19	14	3	25	34	1.0676378915561928
J20	16	2	90	20	1.9894777232294518
J21	14	5	19	27	1.2487188377572154
J22	13	11	102	10	2.9548606099719974
\\ Jobs in machine 3
11
J23	16	12	73	2	1.7303278170738585
J24	14	11	106	36	2.004445403728607
J25	15	11	85	65	1.5948174335720258
J26	14	1	98	48	1.7235916747871434
J27	15	9	44	7	1.188025272009663
J28	13	1	45	41	1.2680807425608815
J29	14	5	105	20	0.44730238695133984
J30	12	10	47	25	1.4865350507822328
J31	14	6	82	59	1.702774412354921
J32	17	8	10	26	1.2928815492626897
J33	13	11	86	23	1.5209142573007022
\\ Jobs in machine 4
11
J34	15	13	56	40	0.8771643959090205
J35	12	4	76	24	0.8727341325234235
J36	14	11	57	18	1.211293019580521
J37	14	8	30	20	1.2689179756952933
J38	15	9	100	35	2.3507327981962165
J39	15	4	58	57	1.0831564119138843
J40	15	8	68	17	0.9262262487030233
J41	15	1	35	18	0.9133789053993399
J42	13	4	68	26	1.0003541775846863
J43	16	5	61	63	1.3976291450632303
J44	16	8	13	55	1.5329822122397598
\\ Jobs in machine 5
10
J45	14	5	97	30	1.3754454520189852
J46	14	1	49	1	0.5039442472936367
J47	15	12	79	7	2.0383820447807963
J48	14	1	56	59	1.37353334660081
J49	14	2	5	12	0.9927029491408789
J50	15	8	106	15	0.9261142405773377
J51	14	11	91	34	1.3762133349400112
J52	14	14	95	35	1.667234824209126
J53	15	11	62	11	1.3679993053898163
J54	13	8	105	9	2.051985905777938
\\ Jobs in machine 6
10
J55	15	1	83	10	0.3209767633206482
J56	14	14	85	45	1.1668933387293823
J57	16	6	15	45	1.8702615709039025
J58	16	1	15	56	1.340001494259815
J59	14	7	108	46	1.5894876310291646
J60	14	8	60	60	0.7877982318899031
J61	17	13	54	41	0.6202970794924132
J62	14	3	49	44	0.8242516016191828
J63	14	7	110	9	1.690484934545797
J64	15	13	21	4	2.1007600292102526
\\ Jobs in machine 7
10
J65	15	5	71	48	1.648183147363762
J66	16	1	78	55	0.432415932791568
J67	17	10	19	7	1.5680554742073576
J68	15	2	80	48	0.9372355954323601
J69	14	11	87	12	0.2732546109899818
J70	13	8	52	18	0.8562894908990917
J71	16	13	36	64	1.022635095707749
J72	15	6	21	51	0.7369143928702975
J73	13	11	4	32	0.7198539702880487
J74	15	7	87	42	1.281909253812625
\\ Jobs in machine 8
11
J75	15	6	56	23	0.862251080415795
J76	16	9	65	44	0.8988153390727605
J77	15	3	10	37	1.6493327200122314
J78	14	13	99	20	2.156260749137773
J79	16	1	102	5	0.9098378279007477
J80	16	1	3	55	1.1765085388849135
J81	15	13	61	56	2.321959345951872
J82	15	5	4	54	0.789439454984256
J83	16	10	104	6	1.0788045832883764
J84	14	6	49	64	1.2051014811088856
J85	15	8	78	28	0.5646026847051816
\\ Jobs in machine 9
12
J86	13	11	33	7	1.6925596699404275
J87	15	7	14	35	1.0718355377116688
J88	13	3	7	9	1.2660656277690445
J89	14	9	74	59	1.218462182698998
J90	16	4	15	36	0.8845498833998786
J91	13	2	106	45	0.8341422831814898
J92	16	12	110	66	1.2727670811898797
J93	15	13	72	42	1.2979098539361547
J94	13	8	97	64	1.3305686960455105
J95	15	3	98	56	0.9530265993977247
J96	16	13	108	2	1.6381588667585787
J97	14	9	23	22	1.0231024947474465
\\ Dependencies 
288
1	3
1	5
1	6
1	7
1	8
1	9
1	10
1	11
2	5
2	11
3	4
3	5
3	6
3	7
3	8
3	10
3	11
4	5
4	6
4	7
4	8
4	9
4	10
4	11
5	9
5	10
5	11
6	7
7	8
7	9
8	9
9	11
10	11
12	13
12	15
12	16
12	18
12	19
12	21
12	22
13	14
13	15
13	17
13	19
13	20
13	21
14	15
14	17
14	18
14	22
15	19
15	21
15	22
16	17
16	18
16	19
16	20
16	21
16	22
17	18
17	19
17	21
17	22
18	19
18	20
18	22
19	21
19	22
20	21
23	24
23	25
23	26
23	27
23	30
23	31
23	32
23	33
24	25
24	27
24	30
24	31
24	32
24	33
25	27
25	28
25	30
25	33
26	28
26	30
27	29
27	31
27	33
28	30
28	31
28	33
29	30
29	33
30	31
31	32
31	33
34	36
34	39
34	41
34	42
34	43
34	44
35	36
35	37
35	39
35	41
35	42
35	43
35	44
36	39
36	40
36	41
36	42
36	43
37	38
37	39
37	43
37	44
38	39
38	40
38	42
38	43
39	40
39	41
39	42
39	43
39	44
40	44
41	42
42	43
43	44
45	46
45	47
45	48
45	50
45	52
45	53
46	48
46	51
46	52
46	54
47	48
47	50
47	51
47	54
48	50
48	51
48	52
48	53
48	54
49	51
49	52
49	53
49	54
50	51
50	52
50	53
50	54
52	53
52	54
53	54
55	56
55	58
55	60
55	61
55	62
55	63
55	64
56	58
56	60
56	63
57	59
57	60
57	62
57	63
57	64
58	59
58	64
59	60
59	61
59	62
59	63
59	64
60	64
61	63
61	64
62	63
63	64
65	67
65	68
65	69
65	73
66	68
66	69
66	71
66	72
66	73
67	68
67	71
67	72
68	69
68	71
68	73
68	74
69	70
69	71
69	74
70	71
70	73
71	72
71	73
71	74
72	73
75	76
75	78
75	80
75	82
75	83
75	84
75	85
76	77
76	78
76	79
76	82
76	83
76	84
77	78
77	80
77	82
77	83
77	84
78	80
78	83
78	85
79	80
79	82
79	83
79	85
80	81
80	82
80	85
81	82
81	83
81	84
82	84
82	85
83	85
86	87
86	89
86	92
86	94
86	95
86	96
87	88
87	91
87	92
87	93
87	94
88	91
88	92
88	93
88	94
88	95
88	96
89	90
89	91
89	93
89	94
90	91
90	94
90	95
90	97
91	93
91	95
91	97
92	93
92	94
92	95
92	96
92	97
93	97
94	96
95	96
95	97
