\\ machines
10
\\ max power
100
\\ Jobs in machine 1
10
J1	14	8	34	50	0.45108241355935896
J2	13	7	88	31	1.0160032805559622
J3	16	10	6	13	0.9539718034569915
J4	12	4	77	28	1.1615428285671
J5	15	8	76	46	0.9180657106228405
J6	18	8	106	32	1.7823055551369757
J7	15	8	62	39	1.6913340837488224
J8	13	1	89	44	0.8673656396820522
J9	16	9	88	10	1.2506870861781156
J10	13	4	57	6	1.7145236866180187
\\ Jobs in machine 2
10
J11	14	5	7	32	0.6510858510030992
J12	14	9	25	29	0.7381689006773746
J13	15	14	37	31	1.3930685303343118
J14	14	3	67	4	1.2802512266105526
J15	15	4	54	42	1.3514981791841527
J16	16	9	27	12	1.7624901695786739
J17	16	3	103	49	0.6984376369840272
J18	16	11	42	26	0.736707223317713
J19	15	9	61	4	1.0596256934732027
J20	14	7	54	29	1.1611136293097724
\\ Jobs in machine 3
10
J21	15	8	57	18	0.866570354701002
J22	16	11	35	6	1.6024868263673262
J23	14	5	106	18	1.726128001464343
J24	13	11	69	2	0.4686259419407617
J25	13	6	11	20	1.4602681864518656
J26	15	5	32	14	0.7967680765105127
J27	16	13	3	26	1.2001877110306525
J28	17	14	79	46	1.138533223557556
J29	14	7	5	42	0.8554244393983036
J30	15	14	44	17	1.4843557397369096
\\ Jobs in machine 4
10
J31	15	4	86	40	0.9022747882958603
J32	16	10	21	2	1.6925783642680643
J33	13	11	97	46	1.027621828921871
J34	15	2	29	23	2.416078676096829
J35	14	10	74	43	1.140591847095464
J36	16	8	108	43	1.293224776948295
J37	15	5	39	2	0.7124588225431949
J38	15	3	83	7	1.1931195560211811
J39	14	10	29	39	0.6222996029269797
J40	15	3	2	36	1.3377253128241215
\\ Jobs in machine 5
12
J41	14	5	66	22	1.6234683073916267
J42	14	8	107	17	0.9532528871308584
J43	15	8	27	8	0.6383927710946475
J44	15	1	41	10	1.1871403755631804
J45	13	7	40	9	1.1127550465919325
J46	14	4	80	31	1.1480944507444988
J47	15	8	8	3	0.8711754406705653
J48	15	8	15	33	1.2860807880675968
J49	16	2	75	16	1.3707326316932995
J50	15	14	79	44	2.0503888054343147
J51	17	2	84	9	1.3497934965506453
J52	15	11	29	45	1.0222774111896153
\\ Jobs in machine 6
12
J53	12	8	53	11	0.862209535881733
J54	13	4	2	20	1.1160095219116102
J55	14	5	73	41	1.116384984163889
J56	15	1	69	10	1.0817209554235914
J57	13	13	52	10	0.9277702663791119
J58	13	13	13	28	1.5581272770490269
J59	14	11	19	39	0.3941085332039852
J60	12	2	89	19	0.46723546324948995
J61	15	5	23	25	1.871031541099231
J62	14	4	7	46	0.8297376433084084
J63	15	3	80	15	0.6305085744440907
J64	16	14	59	38	0.4074955159527194
\\ Jobs in machine 7
12
J65	14	9	36	41	1.0456751575075924
J66	16	9	65	22	1.2727371513322705
J67	16	10	71	48	1.0352356393688331
J68	13	6	4	34	1.4720316403002986
J69	15	7	43	17	0.961056911868875
J70	15	7	30	24	0.5703877943624515
J71	14	14	45	27	0.826980697171902
J72	15	14	48	25	0.9188383129326435
J73	15	4	53	38	1.225887226008112
J74	15	3	18	44	1.8244307815540792
J75	14	1	43	33	1.1169837027385752
J76	14	11	40	24	1.4282313703737695
\\ Jobs in machine 8
11
J77	15	9	84	3	1.2725547515230216
J78	15	7	61	28	1.172808099032754
J79	15	2	25	5	1.651614495042033
J80	15	14	51	29	1.6457518404825071
J81	14	3	71	27	2.256289247707807
J82	13	12	64	13	0.1
J83	14	14	46	3	0.8061297267602792
J84	15	9	65	48	0.1
J85	13	2	82	14	1.6807063982493906
J86	17	9	22	4	2.2355286021917466
J87	15	12	70	26	1.2659109447397312
\\ Jobs in machine 9
12
J88	16	8	74	23	1.135770300118594
J89	15	9	62	39	1.2805525363322874
J90	14	5	74	26	1.0102089665369154
J91	14	5	65	11	0.8774483048615132
J92	14	5	34	46	0.9718534912532828
J93	15	12	109	41	1.477316919019675
J94	16	12	43	25	0.7425315455115985
J95	13	1	102	46	2.0003314443563154
J96	14	2	42	10	1.1011046058730287
J97	15	4	46	6	0.9840082682490131
J98	14	9	94	3	1.1914819474601253
J99	14	5	52	19	1.3366000603718193
\\ Jobs in machine 10
14
J100	14	2	5	37	0.7797995073238182
J101	15	10	66	43	0.5904466668514924
J102	13	14	47	17	0.43130907689517517
J103	15	1	40	7	1.9983858536818166
J104	14	4	50	49	1.1549975088930666
J105	12	3	104	22	1.2701015596528964
J106	14	8	101	21	1.6211998055881875
J107	14	5	24	31	0.6621376271397089
J108	11	14	38	34	1.0258795020860665
J109	16	6	14	21	0.8054661931169433
J110	15	9	106	18	1.7821005489388022
J111	14	9	48	35	0.8709816148086718
J112	14	5	30	39	1.1282861146835357
J113	15	4	71	2	0.9768082594197627
\\ Dependencies 
470
1	2
1	4
1	5
1	6
1	7
1	8
1	9
1	10
2	3
2	4
2	6
2	7
2	9
3	4
3	5
3	6
3	7
3	8
3	9
3	10
4	5
4	6
4	7
4	10
5	9
5	10
6	7
6	8
6	9
6	10
7	8
7	9
7	10
8	9
8	10
9	10
11	12
11	13
11	14
11	16
11	18
11	19
11	20
12	13
12	15
12	16
12	17
12	19
12	20
13	15
13	17
13	18
13	19
14	15
14	16
14	17
14	18
14	19
14	20
15	16
15	17
15	18
15	19
15	20
16	17
16	18
16	19
16	20
17	18
17	19
17	20
18	19
18	20
19	20
21	23
21	27
21	28
21	29
21	30
22	23
22	26
22	27
22	28
22	29
22	30
23	24
23	25
23	26
23	27
23	29
24	25
24	26
24	27
24	28
24	29
24	30
25	26
25	27
25	28
25	30
26	28
26	29
26	30
27	28
27	30
28	29
28	30
31	32
31	33
31	34
31	36
31	38
31	39
31	40
32	33
32	34
32	38
32	39
32	40
33	35
33	36
33	37
33	38
33	39
33	40
34	35
34	37
34	38
34	40
35	36
35	37
35	38
35	39
35	40
36	38
36	39
36	40
37	38
37	40
38	39
38	40
39	40
41	42
41	43
41	45
41	46
41	47
41	48
41	49
41	50
41	51
41	52
42	43
42	45
42	46
42	47
42	48
42	49
42	50
42	51
42	52
43	44
43	45
43	46
43	48
43	51
43	52
44	46
44	47
44	48
44	49
44	50
44	52
45	46
45	47
45	48
45	49
45	51
45	52
46	47
46	48
46	49
46	50
46	51
46	52
47	48
47	49
47	50
47	51
47	52
48	49
48	50
48	51
48	52
49	50
49	51
50	51
51	52
53	54
53	57
53	58
53	59
53	61
53	63
54	55
54	56
54	57
54	58
54	60
54	61
54	62
54	63
54	64
55	56
55	57
55	59
55	60
55	61
55	62
55	63
55	64
56	57
56	60
56	61
56	62
56	64
57	60
57	62
57	63
57	64
58	59
58	60
58	61
58	62
58	63
58	64
59	60
59	61
59	62
59	63
59	64
60	61
60	62
60	63
61	62
61	63
61	64
62	63
62	64
63	64
65	66
65	67
65	68
65	69
65	70
65	71
65	72
65	74
65	75
65	76
66	67
66	68
66	70
66	72
66	73
66	74
66	75
66	76
67	68
67	69
67	70
67	71
67	72
67	73
67	74
67	75
67	76
68	69
68	70
68	71
68	72
68	73
68	75
68	76
69	70
69	71
69	72
69	73
69	74
69	75
70	71
70	72
70	74
70	75
71	73
71	74
71	75
71	76
72	74
72	76
73	74
73	76
74	75
75	76
77	78
77	79
77	80
77	81
77	84
77	85
77	86
77	87
78	79
78	81
78	82
78	85
78	86
78	87
79	80
79	81
79	82
79	84
79	87
80	81
80	82
80	83
80	84
80	85
80	86
80	87
81	82
81	83
81	84
81	85
82	83
82	85
82	86
82	87
83	84
83	86
84	85
84	86
85	86
85	87
86	87
88	89
88	92
88	93
88	94
88	95
88	96
88	97
88	99
89	90
89	91
89	92
89	93
89	94
89	95
89	96
89	97
89	98
89	99
90	93
90	94
90	95
90	97
90	98
90	99
91	92
91	93
91	94
91	95
91	96
91	97
91	98
91	99
92	93
92	95
92	98
92	99
93	94
93	96
93	97
93	98
93	99
94	97
94	98
94	99
95	96
95	97
95	98
95	99
96	97
96	99
97	98
97	99
98	99
100	101
100	102
100	103
100	104
100	105
100	106
100	108
100	109
100	110
100	111
100	112
101	102
101	103
101	104
101	105
101	106
101	107
101	110
101	111
101	112
102	103
102	104
102	105
102	106
102	108
102	109
102	110
102	112
102	113
103	104
103	105
103	106
103	107
103	109
103	110
103	111
103	112
103	113
104	105
104	108
104	109
104	110
104	111
104	112
104	113
105	107
105	108
105	109
105	110
105	111
105	113
106	107
106	108
106	109
106	110
106	111
106	112
106	113
107	108
107	111
108	109
108	110
108	111
108	112
108	113
109	110
109	112
110	111
110	112
110	113
111	112
111	113
