\\ machines
25
\\ max power
250
\\ Jobs in machine 1
12
J1	14	4	57	53	1.0416828836080922
J2	14	7	100	73	0.49608161189713296
J3	15	9	90	69	1.3592825234204249
J4	14	5	53	63	1.4043015724270833
J5	15	11	97	51	0.48649345733323446
J6	14	6	110	102	0.9486267172287445
J7	15	10	22	29	0.5260445069028881
J8	16	4	30	42	0.34412291779700066
J9	16	14	65	34	1.4919886098692476
J10	14	12	26	118	1.3684848270422536
J11	16	3	18	23	1.1317983059785588
J12	15	7	5	99	0.4936542371220827
\\ Jobs in machine 2
10
J13	15	3	96	72	1.2454165996928952
J14	14	7	90	84	0.4140956905038088
J15	15	2	36	105	0.31332552964028504
J16	14	9	82	33	1.4522491734335947
J17	13	7	102	82	1.2298696039606494
J18	15	13	96	73	0.2490373781416686
J19	15	9	93	31	1.424024932825198
J20	14	12	28	102	0.907890342581386
J21	14	2	71	57	0.8755277905446861
J22	13	13	57	84	1.4942388016658004
\\ Jobs in machine 3
10
J23	13	3	14	35	1.394898205798636
J24	12	8	54	20	0.9546620676170074
J25	14	4	54	111	1.4765120492576524
J26	15	10	23	112	1.4177080621621165
J27	15	7	13	62	0.8206904284849598
J28	15	12	27	74	0.7836208482258998
J29	14	5	92	98	1.6609787140501422
J30	13	1	42	75	0.8825010359928835
J31	15	7	9	39	0.4084366152299961
J32	16	12	22	99	1.891673248504536
\\ Jobs in machine 4
12
J33	14	7	55	115	0.8587958314265145
J34	16	5	54	97	1.4048639146389803
J35	16	7	5	42	1.1467358651017858
J36	13	4	21	119	1.0624458879047602
J37	14	2	70	10	1.1995882726316367
J38	14	7	64	22	1.0462547828342177
J39	16	11	31	90	0.9442261039058495
J40	13	7	6	82	1.9872480866347548
J41	15	5	18	15	1.0897189427189378
J42	16	6	22	105	0.37378972689035816
J43	15	2	102	60	1.380037449100368
J44	14	12	64	88	1.4463864693922224
\\ Jobs in machine 5
10
J45	13	3	65	121	0.4453232004396177
J46	14	14	97	96	0.9217964619956691
J47	14	13	69	96	0.7963178693187725
J48	15	4	58	2	2.006706787693198
J49	14	9	92	79	0.7008365793200245
J50	15	1	26	14	0.7076202067368311
J51	14	8	20	4	1.4077979108387357
J52	16	3	35	19	1.0988969812765688
J53	14	4	92	57	0.5988186444342073
J54	15	5	24	60	1.1130513266408126
\\ Jobs in machine 6
11
J55	14	10	22	25	1.1915204878618904
J56	13	2	2	16	1.0657877592598268
J57	15	8	40	113	1.8742485114256495
J58	17	1	17	6	1.9325022179588671
J59	14	13	8	57	1.1142450622886246
J60	14	8	26	124	1.2254126031529085
J61	14	14	36	12	1.0441126776153498
J62	14	9	99	12	1.7029298546777534
J63	14	9	108	30	0.1434545529886524
J64	14	13	35	21	1.2432976273926246
J65	14	12	103	62	0.8936314333072102
\\ Jobs in machine 7
11
J66	14	5	7	96	0.45764190793829207
J67	13	3	100	74	1.2385381627132475
J68	15	11	20	24	0.6764390648391594
J69	15	11	94	10	1.5653635428252157
J70	14	11	25	41	1.0884084419572146
J71	15	12	94	81	1.9431907734351719
J72	17	7	23	32	1.6511876767237863
J73	15	5	23	28	0.8470401625450424
J74	15	6	11	56	2.087016445912255
J75	16	8	92	111	0.3957394151879231
J76	15	10	5	104	2.0380056550412844
\\ Jobs in machine 8
11
J77	12	7	2	23	1.0497788454317074
J78	15	12	74	20	0.48062159334597965
J79	14	6	24	54	1.3706732337184473
J80	15	2	108	98	1.311468233083046
J81	16	4	64	105	0.950792787724639
J82	14	4	85	23	1.3845013661691847
J83	17	8	103	34	0.6323353414515235
J84	15	7	99	80	0.7733309419069256
J85	13	6	39	5	0.6119855002643839
J86	15	1	110	33	1.565170484032124
J87	14	10	26	61	0.507140555552718
\\ Jobs in machine 9
11
J88	15	5	6	64	2.101384029425991
J89	16	14	32	116	0.6321611485931041
J90	15	7	4	37	1.3544280511796312
J91	14	4	56	43	1.907850602490063
J92	13	11	23	1	0.7299578581345094
J93	15	1	55	123	0.7065133708984356
J94	17	11	2	113	0.45666063792599343
J95	14	3	44	86	0.8103034335016865
J96	15	3	96	83	1.1580712302621232
J97	15	13	79	4	1.6626373439521251
J98	15	3	98	13	1.3361755348000133
\\ Jobs in machine 10
11
J99	14	12	5	125	1.282325611028163
J100	14	2	28	57	1.3532681028334492
J101	15	10	91	87	1.2144299064772448
J102	15	7	74	33	0.9685686203758077
J103	14	13	95	94	1.49366471582208
J104	15	11	64	56	1.3480065189549817
J105	17	14	9	21	1.073124343131208
J106	15	7	79	92	0.7659903219771296
J107	16	10	88	32	1.0810909498554309
J108	14	5	93	27	1.6307782964646231
J109	13	2	33	73	0.4554757866429331
\\ Jobs in machine 11
10
J110	14	4	89	124	1.851804948879534
J111	16	11	52	92	0.7488260220193634
J112	14	5	84	120	1.5627504737021294
J113	12	10	84	40	1.8523173164242461
J114	15	14	72	84	1.5123189716061467
J115	13	14	27	73	0.3729590303203171
J116	15	14	88	33	1.0253289675723198
J117	15	3	43	97	0.808383860724003
J118	14	7	28	23	1.7918245104958008
J119	15	5	23	109	0.3826714402204421
\\ Jobs in machine 12
13
J120	15	13	110	103	1.6205590625272115
J121	16	1	42	67	0.9818200752743853
J122	16	13	37	9	1.9422123692158189
J123	14	8	30	24	2.031692351501024
J124	14	7	106	84	1.5514845773845427
J125	17	10	16	74	1.6573690438532171
J126	14	3	101	14	0.5561335987505338
J127	15	13	17	85	0.8675261781292445
J128	14	14	86	51	1.661744873985596
J129	14	5	63	118	1.3856558972973816
J130	14	14	100	71	0.9471660524951764
J131	16	7	40	109	1.7244238085035517
J132	15	4	24	16	1.673848374433076
\\ Jobs in machine 13
13
J133	15	14	57	36	0.3716997765054767
J134	14	5	95	91	0.393700452624258
J135	14	10	74	37	0.2914815908265329
J136	15	11	9	19	1.0989389662493088
J137	14	10	100	18	1.473219008217657
J138	17	7	16	123	1.1627510563073225
J139	15	5	37	62	1.5882533739052698
J140	16	10	7	75	0.47541855612419526
J141	15	14	81	110	1.889510087585295
J142	14	14	13	91	1.7183606235915512
J143	15	14	26	25	0.1
J144	14	8	38	92	0.5987436920517726
J145	13	4	96	124	1.2526636720306352
\\ Jobs in machine 14
10
J146	15	5	94	24	0.8819630729932724
J147	14	14	71	33	0.46074758309334884
J148	14	1	22	46	1.535407783554431
J149	17	9	83	26	2.2349279772424415
J150	15	6	91	40	1.792031304051025
J151	15	13	91	5	0.8159242259768118
J152	15	14	36	123	1.2885498555087604
J153	13	5	101	56	0.3587988500671
J154	14	5	93	51	1.3488313922971917
J155	12	2	108	20	0.6737817356477767
\\ Jobs in machine 15
12
J156	14	5	9	107	0.40697084144258633
J157	14	5	54	79	1.1348927462041538
J158	14	1	8	13	1.5293787698047299
J159	14	11	12	92	0.7470747940719904
J160	13	4	82	110	0.9694090191063516
J161	16	3	43	51	1.1438621508154083
J162	16	14	45	15	0.48348779281025445
J163	14	7	21	3	1.0784416604258495
J164	14	5	96	85	0.8296376636141962
J165	15	5	56	8	0.9068871204758053
J166	15	2	102	20	1.2663275231904592
J167	14	9	94	88	1.0546061135808842
\\ Jobs in machine 16
13
J168	14	10	54	102	0.5338762494491405
J169	15	8	78	19	0.523614611102127
J170	14	3	70	55	2.5524656673122443
J171	15	11	65	8	2.022002966309366
J172	16	8	10	71	1.8556158353623196
J173	13	2	65	8	1.4462545202583783
J174	16	7	25	119	0.898138297430219
J175	14	6	93	20	0.9379942339262567
J176	14	4	60	45	1.6505704219931383
J177	15	14	97	97	0.49362578272119706
J178	16	7	32	59	1.3891598373079996
J179	13	13	63	119	1.3200875303885116
J180	14	7	27	35	1.2598198820125888
\\ Jobs in machine 17
11
J181	16	7	46	95	1.9889744562544527
J182	14	3	43	5	1.6149473402472958
J183	14	1	83	17	1.9899838786413186
J184	15	6	10	110	0.8995281953851118
J185	15	1	11	50	2.1007905126052906
J186	15	1	96	78	1.6868200903957864
J187	17	2	72	28	1.8425980910903021
J188	14	12	84	38	2.212567712495286
J189	15	12	94	67	1.0610099507453288
J190	14	2	21	46	1.1052040194936439
J191	16	14	98	93	1.2218162570010216
\\ Jobs in machine 18
10
J192	14	6	20	18	1.8728117055221025
J193	14	7	46	93	0.6015176470079624
J194	14	1	101	50	0.6323430172725722
J195	15	11	56	50	0.11217553175598205
J196	15	1	66	57	1.0911909802090454
J197	15	13	3	86	0.7942030436142921
J198	16	7	28	24	1.7408043631079877
J199	14	3	109	110	1.184075584481607
J200	15	11	38	63	0.41691033970840996
J201	17	5	96	78	1.775350812823147
\\ Jobs in machine 19
10
J202	15	1	98	52	0.604484226432906
J203	15	10	71	55	1.742386165356895
J204	14	10	25	92	1.1421912321814787
J205	13	2	59	19	1.4690581319134077
J206	14	5	77	37	0.9958665691071517
J207	15	3	21	106	1.2519892667655632
J208	13	7	14	5	1.427433069486491
J209	13	8	16	107	1.0646604215667037
J210	15	4	46	90	0.5307464127005375
J211	14	1	81	120	1.6487889272910516
\\ Jobs in machine 20
13
J212	14	7	44	35	1.0916406448432492
J213	12	4	69	66	0.904745241045005
J214	15	9	9	33	1.208967364406969
J215	14	4	69	69	1.8660810929272247
J216	15	13	73	60	1.1962446119609258
J217	14	2	101	94	0.7771274118005547
J218	15	11	44	41	1.3099940265959733
J219	14	9	78	36	1.3541936016381575
J220	15	5	69	5	1.3412947327666227
J221	15	1	74	28	0.9749792144656946
J222	15	11	38	51	0.1
J223	15	11	74	37	1.7879128855003281
J224	14	2	68	19	0.8030259636120887
\\ Jobs in machine 21
11
J225	16	12	66	7	0.6397160942668932
J226	17	13	99	81	1.2888851541638338
J227	13	10	26	103	0.9054699309557604
J228	14	8	52	8	1.972299844685177
J229	15	11	80	70	1.5654511869824455
J230	13	13	104	80	1.373022305195504
J231	16	11	93	31	0.6133124453708406
J232	15	5	28	111	0.9177523077122833
J233	15	3	87	64	1.2596033761705114
J234	13	4	64	29	1.1581210997254445
J235	15	11	106	100	1.5941429646469647
\\ Jobs in machine 22
10
J236	14	14	105	72	0.9417369551242882
J237	13	9	20	96	0.9060850815457676
J238	14	2	42	118	1.141699878556402
J239	16	3	85	17	0.9216975242702794
J240	15	6	77	111	0.261626145236587
J241	14	8	55	11	1.9461619236121874
J242	14	10	53	49	1.6191641505702217
J243	14	1	18	40	2.155531537763082
J244	16	2	5	56	1.1469990293418562
J245	13	13	38	3	1.7214880555797356
\\ Jobs in machine 23
11
J246	15	9	77	117	1.600154692961303
J247	14	7	18	107	1.4924024329869576
J248	15	14	11	115	1.119955833289355
J249	15	10	47	96	1.7036840671006876
J250	13	3	95	30	1.2147317174592152
J251	16	7	108	125	1.928790766254416
J252	14	10	70	78	1.1864972080138405
J253	13	12	106	115	1.1203906826201506
J254	14	4	43	109	0.3213351567475281
J255	14	12	57	108	1.2657991687505363
J256	14	7	55	116	1.346549396538389
\\ Jobs in machine 24
11
J257	16	4	93	18	1.261985466269076
J258	14	9	99	84	1.3255567160840211
J259	14	9	97	120	1.2797551486692873
J260	12	3	72	7	0.8503138920979523
J261	13	12	16	8	0.9445546186137477
J262	16	8	26	66	0.12785963546734647
J263	15	4	65	27	1.4428586587531085
J264	14	3	103	50	1.2706761730924983
J265	13	4	12	50	0.949748693571753
J266	14	14	85	107	0.7041424123659594
J267	14	8	107	61	1.6420801381920531
\\ Jobs in machine 25
10
J268	14	12	109	1	0.6622260705523367
J269	16	12	49	25	0.45476425368932405
J270	14	12	110	125	0.6110479014402808
J271	13	14	15	26	0.8048768736382276
J272	14	8	13	121	1.3544213281108914
J273	15	13	24	61	1.806607101926057
J274	14	7	73	94	1.9325067630305042
J275	15	10	108	53	1.1035223174126318
J276	14	6	103	60	1.8219789431475348
J277	13	4	98	23	1.318389797195743
\\ Dependencies 
1140
1	2
1	3
1	4
1	5
1	6
1	7
1	8
1	9
1	10
1	11
2	3
2	4
2	5
2	6
2	7
2	8
2	9
2	10
2	11
2	12
3	4
3	5
3	6
3	8
3	10
3	11
3	12
4	5
4	6
4	7
4	8
4	9
4	11
4	12
5	6
5	9
5	11
5	12
6	8
6	9
6	11
6	12
7	8
7	9
7	10
7	12
8	9
8	10
8	11
9	10
9	11
10	11
10	12
11	12
13	14
13	15
13	17
13	18
13	19
13	22
14	15
14	17
14	18
14	19
14	20
14	21
14	22
15	16
15	17
15	18
15	19
15	20
15	21
15	22
16	17
16	18
16	21
17	18
17	20
17	21
17	22
18	19
18	20
18	21
19	20
19	21
19	22
20	21
20	22
21	22
23	24
23	25
23	27
23	28
23	29
23	30
23	31
23	32
24	25
24	27
24	31
25	26
25	28
25	29
25	30
25	31
25	32
26	29
26	30
26	31
26	32
27	28
27	29
27	30
27	31
28	29
28	30
28	32
29	30
29	31
29	32
30	31
33	34
33	35
33	37
33	38
33	39
33	40
33	41
33	42
33	43
33	44
34	36
34	37
34	38
34	39
34	40
34	41
34	42
34	43
34	44
35	36
35	37
35	38
35	39
35	40
35	43
36	37
36	38
36	39
36	40
36	41
36	42
37	38
37	39
37	40
37	41
37	43
37	44
38	39
38	40
38	41
38	42
38	43
38	44
39	41
39	42
39	43
39	44
40	41
40	42
40	43
40	44
41	42
41	43
41	44
42	44
43	44
45	46
45	47
45	49
45	50
45	51
45	54
46	47
46	48
46	49
46	50
46	51
46	53
46	54
47	49
47	50
47	51
47	52
47	54
48	49
48	50
48	52
48	53
48	54
49	50
49	51
49	52
49	54
50	51
50	52
50	53
50	54
51	52
51	53
51	54
52	53
52	54
53	54
55	56
55	57
55	58
55	59
55	60
55	61
55	62
55	64
55	65
56	58
56	59
56	60
56	61
56	62
56	63
56	64
56	65
57	58
57	59
57	60
57	61
57	62
57	63
57	64
57	65
58	59
58	60
58	62
58	63
58	64
58	65
59	60
59	62
59	64
59	65
60	61
60	62
60	64
60	65
61	62
61	63
61	64
61	65
62	63
62	64
62	65
63	64
63	65
64	65
66	67
66	68
66	71
66	72
66	73
66	74
66	76
67	70
67	71
67	73
67	74
67	75
68	69
68	70
68	71
68	72
68	73
68	75
68	76
69	70
69	71
69	73
69	74
69	76
70	71
70	72
70	73
70	74
70	76
71	74
71	75
72	73
72	74
72	75
72	76
73	74
73	75
73	76
74	76
75	76
77	78
77	80
77	81
77	82
77	83
77	85
77	86
77	87
78	79
78	80
78	81
78	82
78	83
78	84
78	85
78	86
79	80
79	81
79	82
79	83
79	84
79	85
79	86
79	87
80	82
80	83
80	84
80	85
80	87
81	82
81	83
81	84
81	85
81	86
81	87
82	83
82	84
82	86
82	87
83	84
83	85
83	87
84	85
84	87
85	86
85	87
86	87
88	89
88	90
88	91
88	93
88	94
88	95
88	97
89	91
89	92
89	93
89	94
89	95
89	96
89	97
89	98
90	92
90	93
90	94
90	96
90	97
90	98
91	92
91	95
91	96
91	97
91	98
92	93
92	94
92	95
92	97
92	98
93	94
93	95
93	96
93	97
93	98
94	95
94	96
94	97
94	98
95	96
95	97
95	98
96	97
96	98
97	98
99	100
99	101
99	103
99	105
99	106
99	107
99	108
100	101
100	103
100	104
100	105
100	106
100	107
100	108
100	109
101	102
101	103
101	105
101	106
101	108
101	109
102	103
102	104
102	105
102	106
102	107
102	108
102	109
103	105
103	106
103	107
103	108
103	109
104	106
104	107
104	108
104	109
105	106
105	107
105	109
106	107
106	108
106	109
107	108
107	109
108	109
110	111
110	112
110	113
110	114
110	115
110	117
110	118
110	119
111	112
111	113
111	116
111	117
111	118
111	119
112	114
112	115
112	116
112	117
112	119
113	115
113	116
113	117
113	118
113	119
114	115
114	116
114	117
114	119
115	116
115	117
116	117
117	118
117	119
120	121
120	122
120	123
120	124
120	125
120	126
120	127
120	128
120	129
120	130
120	132
121	122
121	123
121	124
121	125
121	126
121	127
121	128
121	129
121	130
121	132
122	124
122	125
122	126
122	128
122	129
122	132
123	124
123	125
123	126
123	128
123	129
123	130
123	132
124	125
124	127
124	128
124	129
124	130
124	131
125	126
125	128
125	130
125	131
125	132
126	127
126	129
126	130
126	131
126	132
127	128
127	129
127	130
127	131
127	132
128	129
128	132
129	132
130	131
130	132
131	132
133	134
133	135
133	136
133	137
133	138
133	140
133	141
133	142
133	143
133	144
133	145
134	135
134	136
134	139
134	140
134	141
134	142
134	143
134	144
134	145
135	137
135	138
135	139
135	140
135	141
135	142
135	143
135	144
135	145
136	137
136	138
136	139
136	140
136	141
136	142
136	144
137	139
137	140
137	142
137	143
137	144
137	145
138	139
138	140
138	142
138	144
138	145
139	140
139	141
139	142
139	143
139	145
140	141
140	142
140	143
140	144
140	145
141	142
141	143
141	144
141	145
142	143
142	144
142	145
143	144
143	145
144	145
146	148
146	149
146	150
146	152
146	153
146	154
146	155
147	148
147	150
147	151
147	153
147	154
147	155
148	151
148	152
148	153
148	154
148	155
149	151
149	152
149	153
149	155
150	151
150	152
150	153
150	154
150	155
151	152
151	153
151	154
151	155
152	155
153	154
153	155
154	155
156	157
156	158
156	159
156	160
156	161
156	162
156	163
156	164
156	166
156	167
157	158
157	160
157	161
157	163
157	164
157	165
157	166
157	167
158	159
158	160
158	161
158	162
158	163
158	164
158	165
158	166
158	167
159	162
159	163
159	164
159	165
159	166
160	161
160	162
160	163
160	164
160	165
160	166
160	167
161	162
161	164
161	166
161	167
162	164
162	165
162	166
162	167
163	164
163	165
163	166
163	167
164	165
164	166
164	167
165	167
166	167
168	171
168	172
168	173
168	174
168	175
168	176
168	177
168	178
168	179
169	170
169	171
169	172
169	173
169	174
169	175
169	176
169	177
169	178
169	179
169	180
170	171
170	173
170	174
170	175
170	177
170	178
170	179
170	180
171	172
171	173
171	174
171	175
171	176
171	177
171	178
171	180
172	173
172	174
172	175
172	176
172	177
172	178
172	180
173	175
173	176
173	177
173	179
173	180
174	176
174	177
174	178
174	179
174	180
175	176
175	177
175	178
175	179
175	180
176	177
176	180
177	178
178	179
178	180
179	180
181	182
181	185
181	186
181	187
181	188
181	190
181	191
182	183
182	185
182	186
182	187
182	188
182	189
182	191
183	184
183	186
183	187
183	188
183	190
183	191
184	186
184	188
184	189
184	190
184	191
185	187
185	188
185	189
185	190
186	187
186	188
186	189
186	190
187	188
187	189
187	191
188	189
188	190
188	191
189	191
192	194
192	195
192	196
192	197
192	198
192	199
192	200
192	201
193	194
193	195
193	197
193	198
193	199
193	200
193	201
194	195
194	196
194	198
194	200
194	201
195	197
195	198
195	199
195	200
195	201
196	197
196	198
196	199
196	201
197	198
197	199
197	200
198	199
198	200
198	201
199	200
199	201
200	201
202	203
202	204
202	205
202	206
202	207
202	208
202	209
202	210
202	211
203	204
203	206
203	207
203	209
203	210
203	211
204	205
204	206
204	207
204	208
204	209
204	211
205	208
205	209
205	210
205	211
206	207
206	211
207	208
207	209
207	210
207	211
208	209
208	211
209	210
209	211
210	211
212	213
212	214
212	215
212	217
212	218
212	220
212	221
212	223
213	214
213	217
213	218
213	219
213	220
213	221
213	222
213	223
213	224
214	215
214	216
214	217
214	218
214	219
214	220
214	221
214	222
214	223
214	224
215	216
215	217
215	218
215	219
215	220
215	221
215	222
215	223
215	224
216	217
216	218
216	219
216	220
216	221
216	222
216	223
216	224
217	219
217	220
217	222
217	223
217	224
218	219
218	220
218	221
218	222
218	224
219	220
219	222
219	223
219	224
220	221
220	222
220	223
220	224
221	222
221	223
221	224
223	224
225	226
225	228
225	229
225	230
225	231
225	232
225	234
226	227
226	228
226	230
226	232
226	233
226	234
227	229
227	230
227	231
227	232
227	233
227	234
227	235
228	229
228	230
228	232
228	233
228	234
228	235
229	230
229	234
229	235
230	231
230	232
230	233
230	234
230	235
231	232
231	233
231	234
231	235
232	233
232	234
232	235
233	234
233	235
234	235
236	237
236	240
236	241
236	242
236	243
236	244
236	245
237	238
237	239
237	241
237	244
238	239
238	240
238	241
238	242
238	243
238	244
239	240
239	241
239	242
239	244
240	241
240	242
240	243
240	244
240	245
241	242
241	243
241	244
241	245
242	244
242	245
243	244
243	245
244	245
246	247
246	248
246	250
246	251
246	252
246	253
246	254
246	255
246	256
247	248
247	249
247	250
247	251
247	252
247	253
247	255
247	256
248	249
248	250
248	251
248	252
248	254
249	250
249	251
249	252
249	253
249	254
249	256
250	251
250	253
250	254
250	255
250	256
251	253
251	254
251	256
252	253
252	254
252	255
253	255
254	255
254	256
255	256
257	258
257	259
257	260
257	261
257	262
257	264
257	265
257	266
257	267
258	259
258	260
258	261
258	263
258	264
258	265
258	267
259	260
259	261
259	263
259	265
259	266
260	261
260	262
260	263
260	264
260	265
260	266
261	262
261	264
261	265
261	267
262	263
262	266
262	267
263	264
263	265
263	266
263	267
264	265
264	266
264	267
265	266
265	267
266	267
268	270
268	271
268	272
268	275
268	276
268	277
269	270
269	271
269	272
269	273
269	274
269	275
269	277
270	271
270	272
270	274
270	275
270	276
270	277
271	272
271	273
271	275
271	276
271	277
272	273
272	274
272	276
272	277
273	274
273	275
273	276
273	277
274	275
274	277
275	276
