\\ machines
7
\\ max power
70
\\ Jobs in machine 1
11
J1	14	7	15	10	0.790762476488148
J2	14	5	90	41	1.6031677123628916
J3	13	5	61	30	1.384759077710783
J4	16	6	69	11	0.1
J5	13	2	101	14	2.0076534748736727
J6	15	6	67	39	1.5907266953914172
J7	14	8	88	47	0.810522484717373
J8	14	1	73	23	2.7822677462507444
J9	16	3	92	51	1.4187644119640388
J10	15	9	90	20	1.520156463061327
J11	13	3	52	18	1.6449030334732473
\\ Jobs in machine 2
11
J12	15	4	56	49	1.3163901278498744
J13	16	1	108	51	1.0591652836410612
J14	15	9	10	9	1.21728641564837
J15	14	14	38	3	1.7137143325114654
J16	15	4	102	19	1.4175849833043337
J17	13	9	62	26	1.2161808025950187
J18	14	12	104	34	1.6241072099675167
J19	13	9	11	28	0.3800486654213776
J20	16	11	103	43	1.2414717704047253
J21	16	9	45	15	1.307827818456606
J22	15	1	38	2	0.9585485937081661
\\ Jobs in machine 3
11
J23	14	1	15	40	0.9591766847977512
J24	14	14	58	17	1.3320236120781284
J25	14	5	108	51	0.5814610559846505
J26	14	12	18	26	1.0337059871386094
J27	15	4	89	25	1.0563787938239926
J28	13	14	23	45	1.019976329722844
J29	15	3	58	15	0.5626693892942854
J30	16	2	70	13	2.016236217364117
J31	15	8	58	2	1.8617945459579348
J32	13	8	76	43	0.7088469016116509
J33	15	12	4	24	1.072777099282656
\\ Jobs in machine 4
9
J34	14	7	53	23	1.4768087228374422
J35	15	7	42	35	0.8735483241801649
J36	13	13	38	22	0.609524492382469
J37	15	1	24	35	1.9298288195937734
J38	16	9	51	45	1.8132450352875533
J39	13	12	29	2	0.7692453895407647
J40	14	13	18	41	0.7164227657301498
J41	14	10	28	21	2.432222543214678
J42	13	12	77	38	1.2267884661074064
\\ Jobs in machine 5
11
J43	14	14	47	3	0.7800454891931865
J44	14	7	101	44	0.7546791612021518
J45	14	2	18	22	1.8197353381345769
J46	14	6	89	36	1.1014872031376037
J47	16	11	42	13	1.151133252908094
J48	15	5	67	26	0.7252369164635526
J49	15	13	33	44	1.3514642939838408
J50	14	10	38	31	1.3157155845422015
J51	13	7	88	9	0.6307435213648384
J52	14	9	19	19	0.8121950939950064
J53	15	12	3	23	1.2652247767971667
\\ Jobs in machine 6
11
J54	16	11	106	11	0.6417082457566236
J55	14	10	36	45	0.6685808144221321
J56	16	9	107	40	1.237421972608613
J57	14	11	38	29	1.5985143002678532
J58	14	7	12	9	2.015712368520412
J59	12	9	26	4	1.547109423409197
J60	15	4	60	22	1.110902600187378
J61	15	1	30	26	0.8129908322998409
J62	15	4	39	20	1.2410860144802751
J63	15	10	7	6	1.137830033671319
J64	16	1	5	40	1.112348705940275
\\ Jobs in machine 7
10
J65	15	13	38	16	1.3027071753824544
J66	14	13	72	3	1.305226216246881
J67	14	3	68	29	2.3103522509467274
J68	14	8	64	17	1.6662875579008354
J69	15	5	57	5	0.5649553375026571
J70	14	10	36	16	1.3650423169251602
J71	16	10	63	52	2.174015310542025
J72	15	9	62	27	1.7060790009498241
J73	16	1	5	20	1.0321694152932692
J74	14	14	54	32	0.8188967623186554
\\ Dependencies 
145
1	5
1	6
1	7
1	10
1	11
2	4
2	6
2	7
2	8
3	4
3	6
3	9
4	6
4	11
5	8
5	11
6	8
6	10
6	11
7	11
8	9
8	11
12	14
12	15
12	18
12	19
12	22
13	19
13	20
15	18
15	19
15	20
16	18
16	19
16	21
16	22
17	18
17	19
17	22
19	20
20	21
20	22
21	22
23	25
23	27
23	29
23	30
23	31
23	32
24	25
24	26
24	31
25	28
25	30
25	31
26	27
26	28
26	30
26	32
27	32
29	31
29	32
30	32
31	32
31	33
35	40
35	41
35	42
36	38
36	39
36	40
37	40
37	41
37	42
38	39
38	40
41	42
43	47
43	50
44	47
44	49
44	50
44	53
45	46
45	49
45	50
45	52
46	47
46	49
46	52
47	52
48	49
48	50
48	52
50	51
51	53
54	55
54	56
54	57
54	59
54	63
54	64
55	59
55	60
55	62
55	63
55	64
56	58
56	63
57	59
57	61
57	62
57	63
58	63
59	60
59	63
59	64
60	62
60	64
61	63
61	64
63	64
65	67
65	68
65	69
65	71
65	73
65	74
66	68
66	69
66	71
66	73
66	74
67	71
67	72
67	74
68	69
68	72
69	70
69	71
69	72
69	73
70	74
71	73
72	74
