\\ machines
25
\\ max power
250
\\ Jobs in machine 1
11
J1	14	6	23	24	1.1462307387951813
J2	14	8	90	13	1.0700154038765275
J3	15	10	49	57	0.7693169979581684
J4	15	12	36	21	0.32466956841341676
J5	15	6	32	16	0.6894529743908371
J6	14	9	19	38	0.5397990236507743
J7	13	3	96	21	0.5210755795288111
J8	14	9	52	2	1.0813731805009072
J9	16	10	31	46	1.6796656091534148
J10	16	13	62	32	0.41924605419163896
J11	14	7	67	39	1.9673763697829738
\\ Jobs in machine 2
10
J12	14	9	44	45	1.1615299240690267
J13	15	10	65	41	1.9324548757199365
J14	13	12	39	35	0.6020352282859748
J15	15	6	86	45	0.9106824937558369
J16	12	11	59	20	1.7360875792609995
J17	15	11	110	2	0.1
J18	14	2	45	38	1.053754714949493
J19	14	6	57	3	0.9922028084160106
J20	15	10	74	17	2.094830730719318
J21	15	1	108	1	1.6268677034437977
\\ Jobs in machine 3
10
J22	13	14	108	16	1.3402401068697958
J23	15	3	63	55	0.8951624463800639
J24	14	10	35	3	1.7747977639697219
J25	13	9	80	32	0.8616516522844067
J26	15	3	77	39	1.71218584661217
J27	13	5	110	37	1.7482049578057244
J28	16	9	85	20	0.8467626636557783
J29	17	3	12	61	0.5967650173361644
J30	15	9	80	47	1.2818303406360936
J31	15	7	35	54	1.007968888091144
\\ Jobs in machine 4
10
J32	16	1	81	6	0.7195025480556296
J33	15	1	10	54	1.486668064439501
J34	14	12	68	59	1.8020243293111105
J35	14	13	20	41	1.512987701916353
J36	14	14	75	11	1.1133546144430984
J37	15	11	45	55	1.1152070777932959
J38	14	6	65	52	1.6766118792366451
J39	15	8	77	6	1.300865420882359
J40	16	11	57	3	1.6847056401379294
J41	15	4	76	57	0.7067022045468293
\\ Jobs in machine 5
10
J42	14	8	3	21	0.2935888561433295
J43	13	13	106	45	0.8846767593624245
J44	15	2	38	5	1.9112222045279061
J45	15	11	5	12	0.6434927323538914
J46	15	3	12	36	1.7580507341344176
J47	16	11	110	48	2.0021375408417463
J48	14	3	15	20	2.0722876867223885
J49	14	13	9	49	0.9600683904937324
J50	14	11	61	44	0.6419330463710597
J51	15	8	70	37	1.5375154772501265
\\ Jobs in machine 6
11
J52	15	7	18	43	1.2267522009380198
J53	14	3	64	18	0.9058145668670283
J54	15	7	92	7	1.1669504622032987
J55	15	14	107	30	1.6778636513181446
J56	15	1	7	6	1.1638509985683556
J57	15	5	95	59	1.9463489212757112
J58	15	4	44	58	0.7951037863814621
J59	15	10	86	34	1.5735318351777448
J60	15	10	40	33	1.049940719076595
J61	13	4	82	27	1.1671033441511969
J62	13	4	94	51	0.7354258133321198
\\ Jobs in machine 7
11
J63	14	10	18	53	0.9245789335224541
J64	15	1	66	21	2.1209264947911213
J65	14	4	108	12	1.849595728305022
J66	13	5	102	49	0.9816362073538939
J67	15	8	4	49	1.7272313118073641
J68	14	12	47	28	0.7744413581427045
J69	15	11	81	13	0.8797475977431979
J70	14	9	29	58	1.482721718424052
J71	15	11	68	27	1.5591078091614468
J72	16	5	60	20	1.2092103251840098
J73	15	7	80	52	2.1866038472592657
\\ Jobs in machine 8
11
J74	15	2	39	21	1.5449288291222638
J75	15	8	41	55	1.1852524623517267
J76	15	1	51	48	1.1821012594790554
J77	15	4	15	57	1.4000563480585002
J78	15	12	20	44	0.919134861048315
J79	15	14	74	16	0.5435630479009164
J80	14	13	5	9	1.653074695007089
J81	14	11	35	41	1.8229530677088468
J82	15	12	19	10	0.5306575562642232
J83	15	11	30	18	0.4230647470658263
J84	13	6	21	48	0.4417469526575397
\\ Jobs in machine 9
10
J85	14	5	66	15	0.5583492455825148
J86	14	13	107	48	0.9451037886534318
J87	15	14	13	50	0.4029528192848719
J88	15	13	89	2	0.8706591460176178
J89	15	9	38	38	0.6592780582979357
J90	14	8	21	42	1.0472395567564636
J91	15	9	106	7	1.348792572746043
J92	15	5	79	52	1.6141251008318571
J93	16	12	101	22	1.7413007833862615
J94	14	6	63	44	2.022330545287124
\\ Jobs in machine 10
11
J95	15	10	6	63	1.0203173821536222
J96	16	10	68	33	0.309006916228193
J97	14	3	29	6	1.0552385559264323
J98	14	11	91	24	1.192148587474673
J99	14	12	101	3	0.6117703669520129
J100	15	6	10	41	1.0019014962572736
J101	12	3	102	52	1.8155163391672082
J102	15	14	73	1	1.2858738308480988
J103	14	9	31	60	0.9386373276665256
J104	15	4	92	16	1.8509414175334755
J105	14	11	12	57	2.166570380491918
\\ Jobs in machine 11
9
J106	14	9	65	20	0.8305308026530572
J107	14	12	33	62	1.4541315636004133
J108	15	4	69	24	1.0841012514243005
J109	15	14	41	44	0.38885854716424617
J110	15	11	8	24	1.2263438865275935
J111	15	12	38	48	1.0181590685197732
J112	16	6	99	18	1.158222650127728
J113	15	5	100	24	1.7579191949947104
J114	16	1	47	7	0.9500767879526784
\\ Jobs in machine 12
9
J115	15	4	33	61	1.3030804478567113
J116	14	5	58	16	1.0002790702404902
J117	14	10	64	4	1.595532338159257
J118	14	1	101	58	2.4079270604787473
J119	15	4	5	13	1.5245284003626547
J120	15	9	104	25	1.9855539171131626
J121	15	6	36	60	1.42929216382135
J122	14	3	15	51	0.6256773290656296
J123	14	11	34	30	1.605145067885067
\\ Jobs in machine 13
11
J124	14	1	65	47	0.968098854619147
J125	14	7	107	16	1.1838436741030776
J126	15	1	75	1	0.9968165277013703
J127	15	1	22	20	0.8609405631687079
J128	15	9	109	25	1.4705362954740526
J129	15	7	85	20	1.0670767446389635
J130	16	4	43	61	1.1459482837095645
J131	14	12	14	41	0.733773719575251
J132	14	8	72	54	2.0599277257466593
J133	14	10	96	17	1.30291846093041
J134	15	7	52	63	2.0733182581649032
\\ Jobs in machine 14
12
J135	14	12	55	44	1.8778428370908369
J136	14	10	85	54	1.775286726710342
J137	15	8	73	12	0.8992240268250287
J138	16	11	27	6	0.7074643327235882
J139	15	7	33	1	0.9014994541992193
J140	13	1	77	15	1.911381190112909
J141	16	11	61	30	0.9854859988830432
J142	15	5	11	6	1.4282709631451038
J143	15	2	102	36	0.28026238742260634
J144	17	8	27	34	1.5125784237871658
J145	13	12	39	10	1.0221178897653818
J146	13	9	74	40	0.9056953265987313
\\ Jobs in machine 15
11
J147	14	7	67	48	1.0438583021944854
J148	14	1	5	39	1.1833976949580223
J149	16	9	64	13	1.1595362791701145
J150	15	2	28	55	1.2446931184102932
J151	13	1	105	2	1.055485918766382
J152	15	8	60	1	1.1341091565302237
J153	14	5	28	33	2.1581105663220463
J154	15	4	93	20	2.252971826056314
J155	14	6	71	7	1.028169025275327
J156	14	9	22	56	0.8652076409054199
J157	14	12	100	47	0.7954088548139482
\\ Jobs in machine 16
11
J158	15	13	91	16	1.9298726486037547
J159	16	5	38	47	0.3275222498501592
J160	15	4	99	32	1.3639125917789978
J161	15	1	74	53	2.1679383354047834
J162	15	11	83	12	1.1422269562607987
J163	14	5	99	53	2.277269386804557
J164	15	8	27	25	1.4393298828332244
J165	12	1	65	55	1.5000796006065547
J166	16	3	95	46	2.314789049795174
J167	16	10	89	52	0.9884248219123782
J168	15	13	26	56	1.8381542390633259
\\ Jobs in machine 17
13
J169	14	4	108	13	1.7135433719795372
J170	15	6	55	33	1.1815700602890225
J171	14	1	95	61	1.5355284926422328
J172	15	13	47	14	1.0651247227109784
J173	16	6	63	17	1.0919615214617517
J174	15	5	40	2	1.5065712850423012
J175	14	7	16	8	1.195980100348034
J176	15	14	70	11	0.9117139816718839
J177	15	14	85	13	1.57927228712109
J178	15	3	47	20	1.411467203812549
J179	14	7	26	49	0.3474119881501446
J180	14	6	91	21	1.4646003883639664
J181	14	13	64	4	1.0046223458511818
\\ Jobs in machine 18
12
J182	15	12	81	26	0.8880276970987104
J183	13	5	56	60	1.6764002813002108
J184	13	9	53	49	1.3451162296353665
J185	15	10	4	4	1.2806948500706963
J186	14	10	75	1	1.7414232443642745
J187	13	1	4	54	1.640107815434745
J188	14	3	20	28	0.9566411023479927
J189	13	11	8	48	1.067362872470358
J190	16	12	32	52	2.4543819253591543
J191	15	12	58	52	1.2800649936637596
J192	14	8	70	9	1.302738990339891
J193	14	1	103	62	0.9071950071929159
\\ Jobs in machine 19
10
J194	14	2	44	6	2.111854599597627
J195	15	9	7	23	1.715845668711234
J196	15	6	60	42	0.5963669877645055
J197	15	8	70	44	1.0714455789935753
J198	14	3	106	45	1.1912067760815348
J199	14	7	109	6	1.7520455434041353
J200	15	11	78	48	1.0092855531880538
J201	15	12	78	37	1.258959981624706
J202	15	8	108	60	0.1
J203	16	1	18	40	1.0884367013691276
\\ Jobs in machine 20
10
J204	16	4	67	21	0.7827966720565113
J205	13	8	15	54	1.025950967415389
J206	15	11	94	14	0.5688533173392917
J207	15	5	45	41	1.8429779251265317
J208	14	13	4	34	0.19458123493381652
J209	14	7	83	47	0.7232575417319276
J210	15	2	46	32	1.779920310700601
J211	13	5	9	12	1.2133230641663102
J212	14	12	86	12	0.9328841258399098
J213	15	8	85	6	1.3742189320061096
\\ Jobs in machine 21
11
J214	13	3	29	4	2.100890768116325
J215	16	4	38	35	0.7929827564764877
J216	15	10	22	21	2.1372286881788263
J217	15	2	101	28	1.52579473538052
J218	15	2	93	4	0.39683833765083665
J219	16	14	76	15	0.8775197571524107
J220	15	11	62	8	2.026561122203808
J221	15	3	93	55	1.7441344976194728
J222	14	3	74	48	1.8712503208496853
J223	15	1	104	61	1.5213955667114316
J224	13	10	12	60	1.4385904082411396
\\ Jobs in machine 22
10
J225	14	3	8	27	1.3770170121775083
J226	16	5	86	36	0.5960485009957885
J227	14	7	26	4	0.980507386370538
J228	15	1	22	61	1.515520302871884
J229	15	10	25	14	1.1464948624908353
J230	14	14	67	3	1.8665834813351014
J231	15	6	12	57	2.309434841862238
J232	14	12	30	2	1.0484682701539976
J233	15	9	53	56	1.4585277382143098
J234	14	7	11	43	0.1
\\ Jobs in machine 23
10
J235	15	2	2	45	0.5325300069378348
J236	15	8	20	44	1.6234793342791536
J237	13	2	54	31	0.9942919715081677
J238	15	11	29	9	1.183585006486867
J239	15	2	53	19	1.4360904716803076
J240	14	11	63	13	1.8522622331010414
J241	16	14	27	38	1.7396163173197141
J242	15	2	83	47	1.2848310637634337
J243	12	3	85	25	2.1921262435535067
J244	14	4	62	3	1.1108496711484581
\\ Jobs in machine 24
10
J245	16	1	47	38	0.2162779675913702
J246	12	5	53	28	1.2885494301160334
J247	14	1	11	45	2.030943962850893
J248	13	12	37	41	1.0385273899649916
J249	15	7	31	35	0.916818531436807
J250	16	9	62	18	1.3333060916016906
J251	14	9	97	53	1.2150184399347717
J252	15	5	81	4	1.6410182719005284
J253	15	7	72	62	1.7763665812458456
J254	15	4	17	13	1.6734971735610187
\\ Jobs in machine 25
12
J255	16	10	41	38	1.443510040371716
J256	15	13	30	46	1.49250497388296
J257	14	4	60	4	0.46099575057360587
J258	14	14	79	13	1.0607138198262678
J259	13	1	67	13	1.200265721517613
J260	14	2	73	29	1.3753425914950232
J261	16	11	25	48	1.2666729179931686
J262	14	2	80	12	1.1949911502210653
J263	14	9	97	22	0.23829681806508518
J264	15	14	52	40	0.6472338617290191
J265	13	3	13	54	1.5719635130712875
J266	15	13	64	11	1.2649213346496866
\\ Dependencies 
141
1	4
4	9
14	16
20	21
23	24
23	25
23	29
25	27
26	29
28	30
30	31
32	36
32	40
33	36
39	41
42	51
46	47
46	49
52	61
54	60
56	57
56	59
57	59
58	59
58	61
59	62
63	66
63	67
65	66
65	67
65	71
67	71
68	72
68	73
69	71
74	76
74	80
75	77
75	79
75	83
76	80
76	84
77	83
78	83
82	84
86	92
91	93
95	101
96	100
97	99
98	103
99	100
100	102
104	105
106	114
115	120
119	122
120	122
121	122
122	123
124	133
125	132
125	133
125	134
126	132
126	133
128	131
128	134
129	130
130	134
135	140
135	141
136	138
136	140
136	141
138	141
140	146
144	146
147	153
148	153
150	156
151	157
152	157
153	155
153	157
155	156
158	162
158	163
158	165
158	167
159	167
159	168
160	166
161	167
161	168
165	168
169	180
170	171
171	176
172	180
173	176
174	176
176	178
176	179
178	179
179	180
182	183
184	189
185	189
187	189
187	192
195	202
197	200
197	201
199	201
200	201
206	210
210	212
214	216
219	220
221	224
222	223
222	224
226	232
229	234
230	234
236	237
236	243
238	241
239	241
241	243
242	244
245	250
245	251
247	248
248	253
251	252
258	263
261	265
263	265
264	265
