\\ machines
18
\\ max power
180
\\ Jobs in machine 1
12
J1	15	2	71	13	1.083228850703489
J2	17	11	91	86	1.0908602149317754
J3	17	12	72	22	0.9272749763366572
J4	13	5	100	57	2.0195172619630526
J5	15	6	48	44	1.1485902536432397
J6	14	2	60	47	1.7940935930951643
J7	15	7	104	43	1.0094444730880991
J8	13	7	90	47	1.5852373076259805
J9	12	12	4	18	0.6605539942350191
J10	14	10	19	59	0.1
J11	14	7	62	56	1.0609833026763993
J12	13	2	34	71	0.4490452850223011
\\ Jobs in machine 2
10
J13	16	11	5	71	1.3455206167508391
J14	14	11	49	78	1.83509797082725
J15	14	2	71	87	2.5740021622859794
J16	15	11	86	31	0.8505604410950364
J17	15	11	18	11	0.36967762057892817
J18	14	7	3	55	2.309708759723351
J19	14	11	80	2	1.77457998771518
J20	13	13	20	18	1.2624609788972758
J21	15	14	28	42	1.1778431548200439
J22	14	7	8	51	0.9909297431779265
\\ Jobs in machine 3
10
J23	17	12	54	84	0.5455830566389152
J24	12	5	108	19	1.2796126678295054
J25	14	5	87	87	1.4362405375343812
J26	13	8	44	42	0.8268993475493573
J27	16	3	63	61	0.8008861082600706
J28	14	5	84	52	1.3965189644371125
J29	17	4	42	69	0.6503788630192584
J30	16	5	47	77	1.0898134019104622
J31	14	13	34	7	0.6750671802557571
J32	15	12	74	86	1.1556703456040927
\\ Jobs in machine 4
12
J33	13	13	71	52	0.9023386179066317
J34	15	5	85	76	1.570100898568497
J35	14	2	104	61	1.1300401647329998
J36	15	6	18	68	1.209710197281152
J37	13	6	91	37	1.6257707717643557
J38	15	11	72	6	0.4698275217279282
J39	16	11	107	85	0.5264246870501431
J40	16	2	33	50	1.2562934217027877
J41	14	11	57	40	1.0994088935779986
J42	14	10	12	87	0.9955205418264623
J43	13	9	70	45	0.7687935412656222
J44	13	3	12	41	0.760321622733397
\\ Jobs in machine 5
10
J45	14	9	15	70	0.44101132541594756
J46	13	9	92	24	0.8218408385030851
J47	15	7	4	41	1.3742177489430665
J48	15	12	9	30	2.144290678299386
J49	13	11	31	27	0.9036654552130885
J50	15	5	102	77	0.6580609230069494
J51	14	14	17	78	1.3911835280901101
J52	14	11	96	57	2.2054113083324927
J53	16	1	44	76	2.369389322687238
J54	12	6	81	22	1.1444623233689568
\\ Jobs in machine 6
12
J55	15	12	83	44	0.9805832271515729
J56	14	2	44	37	1.3067858201415308
J57	17	2	78	23	1.214541497171708
J58	15	6	45	31	0.7437395167234384
J59	15	10	63	19	1.0771346736059781
J60	15	10	54	56	1.1686381008964415
J61	12	4	67	62	0.8842286489283847
J62	16	10	13	10	1.2714809349031555
J63	15	1	34	43	1.6987778053058453
J64	17	14	9	27	1.037924695240792
J65	14	8	102	55	1.2607450178018842
J66	14	5	77	55	2.0656910715451424
\\ Jobs in machine 7
12
J67	14	9	54	38	1.073592216036267
J68	15	14	16	83	1.2047966863106105
J69	14	5	31	30	1.170469018923599
J70	14	12	95	44	1.4371560714205074
J71	14	6	109	14	1.247038030636259
J72	15	9	91	71	1.0243962921743865
J73	15	2	42	81	1.2326974885666624
J74	14	7	6	46	1.700055157452205
J75	13	10	73	65	1.348687854948376
J76	15	14	39	25	1.3056067258589628
J77	13	6	13	74	0.1
J78	14	7	104	64	1.4430468068900932
\\ Jobs in machine 8
11
J79	13	3	67	36	1.2940994036326674
J80	16	13	57	36	1.0267037976632436
J81	14	3	77	34	1.7384473817795354
J82	14	1	63	42	1.4411876399518442
J83	16	8	4	23	1.5298519066921288
J84	14	6	90	75	1.5281436015039427
J85	16	13	58	54	0.14210048009325615
J86	14	3	75	67	0.1617416774833622
J87	14	7	77	89	1.7621894643923801
J88	15	1	5	26	1.5912623539383168
J89	14	10	40	65	1.154857208801878
\\ Jobs in machine 9
11
J90	12	9	39	24	1.9396789312943552
J91	13	14	57	34	0.6804770815946194
J92	14	2	21	70	1.6342732400817652
J93	15	8	79	23	1.409274318540917
J94	16	2	7	56	0.8563624317986975
J95	13	4	96	85	0.9713429413060369
J96	12	11	66	62	1.105047580055625
J97	14	1	101	64	1.1902451919208985
J98	16	11	81	80	0.38091372140295565
J99	14	1	77	3	0.4444330272340098
J100	16	14	9	60	0.702300723201899
\\ Jobs in machine 10
11
J101	14	8	58	82	0.9398625646466671
J102	14	12	48	32	1.001934396657689
J103	15	8	52	16	1.939701308281585
J104	14	13	102	38	1.6008226219303143
J105	14	6	105	50	0.732131633522279
J106	13	11	108	37	0.5941644654129742
J107	16	13	57	64	0.8057155322115213
J108	13	5	15	75	0.7298951048149632
J109	14	3	49	29	0.9955037265391647
J110	15	2	29	86	2.6707552949566242
J111	14	9	48	55	1.6060682189887552
\\ Jobs in machine 11
13
J112	13	6	20	35	1.2669492635588313
J113	14	9	24	45	0.639636369369924
J114	14	13	46	56	1.1265959239473062
J115	15	7	16	84	1.6467170164995562
J116	13	3	42	84	0.84143893847652
J117	16	8	107	30	0.752684328694365
J118	13	2	3	51	2.0087489907746217
J119	15	5	85	76	1.484924329093892
J120	11	5	46	79	1.9942419111502085
J121	14	1	46	13	0.1
J122	16	13	81	73	0.9127158421825143
J123	14	7	9	72	1.470173378699954
J124	14	14	56	88	0.87495643419943
\\ Jobs in machine 12
11
J125	15	1	75	38	2.1145024081124504
J126	16	14	11	88	1.6001125552438968
J127	14	11	26	67	1.2132064776556715
J128	16	10	12	15	1.4600878584289783
J129	17	4	106	31	1.0623639733725265
J130	12	13	14	50	2.231836733831072
J131	14	8	61	68	0.9705588788205712
J132	15	1	5	3	0.7580055185727537
J133	13	10	94	54	0.1
J134	13	5	62	26	0.4255007879064756
J135	14	5	10	44	1.460724769181621
\\ Jobs in machine 13
13
J136	14	2	72	75	0.15891853269564793
J137	14	5	23	7	1.1367053674158623
J138	14	11	32	49	0.9601548657020424
J139	13	5	94	67	1.567874087101517
J140	15	11	109	90	1.2922714557665178
J141	15	13	34	45	1.1558738689412167
J142	13	10	64	77	0.4040394130649462
J143	15	8	109	16	1.1526271343068708
J144	15	6	75	74	0.6851572012151363
J145	16	6	64	67	1.4734867136537788
J146	14	3	94	30	0.5832847428165112
J147	16	1	87	30	1.5545282480741718
J148	14	11	46	56	0.9102374731910412
\\ Jobs in machine 14
11
J149	14	5	44	47	1.1853864695430838
J150	15	10	51	25	0.3906530749134739
J151	12	13	61	16	0.53155166539575
J152	14	2	47	27	1.0021681564774645
J153	14	10	37	83	1.7091509205623427
J154	16	13	66	59	1.934497025205277
J155	13	10	43	68	0.6751143630059159
J156	14	4	106	39	1.2360793186173369
J157	15	8	36	44	1.3895914080464267
J158	15	5	95	64	1.7633757720707106
J159	14	6	82	31	0.8221993663218017
\\ Jobs in machine 15
12
J160	15	9	66	45	2.595546236649466
J161	13	6	12	55	1.8719325721941882
J162	14	1	47	64	0.8412681059522861
J163	14	8	14	60	0.6310634295362921
J164	11	6	30	46	0.8617462973830833
J165	12	4	109	49	1.098116688474403
J166	15	5	105	75	0.16945246876183728
J167	17	1	104	80	1.4622240472523316
J168	15	10	76	8	0.4288980786936559
J169	15	8	67	35	0.36689278852747775
J170	15	10	81	38	0.7269373019514382
J171	14	7	75	70	0.7684854242940066
\\ Jobs in machine 16
11
J172	15	1	95	90	1.4391684889422576
J173	15	7	65	26	1.6882017596838819
J174	16	12	48	26	1.3558149605988241
J175	15	10	25	4	0.8013581853136643
J176	14	4	18	35	0.711387306893465
J177	15	12	82	44	0.8308862911609243
J178	16	4	7	84	1.5408738093418337
J179	16	2	37	77	0.6676808123548874
J180	16	7	56	43	0.2964010295986439
J181	14	4	25	17	0.9233182566683867
J182	15	13	105	2	1.0459454401018062
\\ Jobs in machine 17
10
J183	15	14	65	6	1.37444760230137
J184	14	3	22	36	2.249752662007883
J185	13	13	37	76	0.4145718687950315
J186	14	4	40	12	0.7342399375111246
J187	14	11	92	19	1.6429492189373072
J188	15	1	65	36	1.4670994092996383
J189	16	7	35	59	1.892793200232266
J190	13	12	74	28	1.3394160490905136
J191	13	12	53	71	1.3438547486757655
J192	15	13	109	76	1.5256528615407545
\\ Jobs in machine 18
9
J193	16	4	74	51	1.4884325998975916
J194	13	3	32	35	2.125898701556238
J195	14	2	107	66	1.578889590922243
J196	15	6	24	42	0.9905176402607776
J197	13	1	35	45	1.251206708189563
J198	16	4	53	52	1.0187292707348934
J199	14	6	18	6	0.49732039437307407
J200	14	9	72	32	1.235210079148936
J201	14	3	86	87	1.6034423178640422
\\ Dependencies 
629
1	2
1	6
1	8
1	9
1	10
1	11
1	12
2	3
2	5
2	6
2	8
2	9
2	11
2	12
3	5
3	6
3	7
3	8
3	9
3	11
3	12
4	5
4	9
4	10
4	11
5	6
5	7
5	9
5	10
5	11
6	8
6	10
6	11
6	12
7	9
7	10
7	11
7	12
8	10
8	12
9	12
10	12
13	14
13	16
13	18
13	19
13	20
13	21
14	15
14	17
14	18
14	20
14	22
15	16
15	17
15	18
15	19
15	20
15	21
15	22
16	18
16	19
16	21
16	22
17	18
17	20
17	21
17	22
18	19
18	20
19	20
20	22
21	22
23	24
23	25
23	26
23	28
23	29
23	32
24	26
24	28
24	31
25	26
25	27
25	28
25	29
25	30
25	32
26	27
26	30
26	31
27	29
27	32
28	29
28	31
28	32
29	31
29	32
30	31
30	32
33	34
33	37
33	38
33	39
33	40
33	41
33	42
33	43
33	44
34	38
34	39
34	41
34	42
34	44
35	39
35	40
35	41
35	43
35	44
36	37
36	38
36	40
36	42
36	43
36	44
37	38
37	39
38	40
38	41
38	43
38	44
39	40
39	43
39	44
40	41
40	42
40	43
41	43
41	44
43	44
45	46
45	47
45	48
45	49
45	50
45	51
45	52
45	53
45	54
46	47
46	48
46	49
46	51
46	52
46	53
46	54
47	48
47	51
47	52
47	54
48	50
48	52
48	53
48	54
49	50
49	51
49	52
49	53
49	54
50	51
50	52
50	53
50	54
51	52
51	53
52	53
52	54
53	54
55	56
55	58
55	60
55	61
55	63
55	64
55	65
56	57
56	59
56	60
56	61
56	62
56	63
57	58
57	59
57	60
57	61
57	62
57	63
57	64
57	66
58	60
58	61
58	63
58	64
58	65
59	60
59	62
59	63
59	66
60	63
60	65
60	66
61	62
61	64
61	65
62	63
62	66
63	64
64	65
64	66
65	66
67	69
67	70
67	71
67	72
67	74
67	75
67	77
68	69
68	70
68	71
68	73
68	74
68	77
69	70
69	73
69	74
69	75
69	76
69	78
70	71
70	72
70	73
70	74
70	75
70	77
71	72
71	73
71	74
71	75
71	77
71	78
72	73
72	75
72	76
72	77
73	74
73	75
73	76
74	75
74	76
74	78
75	78
77	78
79	80
79	82
79	84
79	86
79	87
79	89
80	82
80	84
80	86
80	89
81	84
81	86
81	88
82	84
82	85
82	88
82	89
83	86
83	87
84	85
84	86
84	87
84	89
85	86
85	87
85	89
86	89
87	89
88	89
90	92
90	93
90	94
90	96
90	97
90	98
90	100
91	92
91	95
91	97
91	99
91	100
92	93
92	94
92	99
92	100
93	94
93	95
93	96
94	95
94	96
94	97
94	98
94	99
94	100
95	97
95	98
95	99
96	97
96	98
96	100
97	99
97	100
98	99
101	103
101	107
101	108
101	109
102	107
102	108
103	104
103	105
103	106
103	107
103	108
103	109
103	111
104	106
104	108
104	110
105	106
105	107
105	109
106	107
106	108
106	110
106	111
107	109
107	111
108	109
109	110
110	111
112	114
112	115
112	116
112	117
112	118
112	124
113	116
113	117
113	118
113	120
113	121
113	122
114	115
114	116
114	118
114	119
114	122
114	124
115	116
115	117
115	118
115	119
115	121
115	123
115	124
116	118
116	119
116	120
116	121
116	122
116	124
117	118
117	120
118	120
119	120
119	121
119	122
119	123
120	124
121	122
121	124
122	123
123	124
125	127
125	128
125	129
125	130
125	131
125	134
126	128
126	130
126	131
126	134
127	128
127	130
127	132
127	133
127	134
128	129
128	130
128	132
128	134
128	135
129	130
129	132
129	133
129	134
129	135
130	131
130	132
131	132
131	135
132	134
132	135
133	134
133	135
134	135
136	138
136	140
136	143
136	144
136	146
136	147
136	148
137	138
137	140
137	144
137	145
138	139
138	140
138	141
138	142
138	143
138	144
138	145
138	147
138	148
139	140
139	142
139	144
139	145
139	146
139	147
140	142
140	144
140	146
140	147
140	148
141	142
141	144
141	145
141	146
141	147
141	148
142	143
142	144
142	145
142	146
142	147
142	148
143	144
143	146
144	148
145	146
145	148
146	147
146	148
147	148
149	150
149	151
149	152
149	153
149	155
149	156
149	157
149	158
149	159
150	152
150	153
150	154
150	155
150	159
151	152
151	154
151	155
151	156
151	157
151	158
151	159
152	153
152	156
152	157
152	158
153	155
153	156
153	159
154	155
154	157
154	158
154	159
155	157
155	158
156	157
156	158
157	158
160	163
160	164
160	165
160	166
160	169
161	162
161	167
161	170
161	171
162	165
162	167
162	168
162	171
163	164
163	166
163	167
163	169
163	171
164	166
164	168
164	171
165	167
165	168
165	171
166	167
166	168
166	170
166	171
167	169
167	171
168	169
168	170
169	170
169	171
172	173
172	174
172	175
172	179
172	180
172	181
173	174
173	177
173	178
173	180
173	181
173	182
174	175
174	176
174	177
174	178
174	179
174	182
175	178
175	181
175	182
176	177
176	178
176	179
176	180
176	182
177	178
177	179
177	180
177	182
178	179
178	182
179	180
179	181
180	182
181	182
183	184
183	187
183	188
183	191
183	192
184	185
184	186
184	190
184	192
185	186
185	187
185	189
185	190
185	191
186	191
186	192
187	188
187	189
188	190
189	190
190	191
190	192
193	195
193	197
193	198
193	199
193	200
193	201
194	196
194	197
194	198
194	200
194	201
195	196
195	198
196	197
196	198
196	199
198	200
198	201
