\\ machines
7
\\ max power
70
\\ Jobs in machine 1
12
J1	14	9	18	2	0.6384454510539991
J2	15	8	20	17	1.019397813647262
J3	14	12	36	13	0.5719561745810924
J4	13	2	6	24	1.5255441944066979
J5	16	7	51	1	1.364846827178621
J6	16	2	108	7	0.9952294100776606
J7	14	12	105	48	0.9039521094286654
J8	15	12	84	46	1.3401932486476158
J9	15	14	62	26	1.7743909430408031
J10	15	1	80	52	0.600215047001675
J11	13	6	89	28	0.9284905781211342
J12	15	14	3	26	1.326886223402977
\\ Jobs in machine 2
11
J13	13	2	53	37	0.9168112142112064
J14	14	5	99	4	1.2042870513581647
J15	15	10	48	37	1.0156264325348339
J16	15	4	91	14	1.5446598459689267
J17	17	6	110	5	0.9365327140627211
J18	14	8	48	28	1.8914237841381865
J19	16	8	73	8	0.8841930359184591
J20	14	11	31	1	0.8075112179709147
J21	16	10	46	23	1.8941322978049908
J22	15	1	13	32	0.9757261588011106
J23	15	14	93	4	1.5244501991413806
\\ Jobs in machine 3
12
J24	15	2	26	7	1.217121353405121
J25	13	12	103	38	1.1419929707743754
J26	15	14	99	50	1.4817051012591649
J27	16	4	59	35	0.8805931516149568
J28	15	13	84	34	0.7512348450798663
J29	15	7	103	19	1.0532250771687584
J30	14	2	53	41	2.178311840577625
J31	15	13	60	23	1.1835304655785182
J32	12	14	32	46	0.5112138885071337
J33	15	6	58	49	0.5660765489432241
J34	14	4	49	34	1.179862922859687
J35	15	4	7	29	0.718720369340585
\\ Jobs in machine 4
13
J36	15	12	38	11	0.7017455523984584
J37	14	3	46	14	0.9458469374766623
J38	16	11	78	48	1.0240298541501534
J39	15	4	7	38	0.6729035223574443
J40	15	9	90	52	1.016387228881694
J41	15	9	74	40	1.7173075124230723
J42	13	3	46	21	0.7280345872217402
J43	14	5	83	20	1.1055065524462646
J44	15	12	41	17	0.8203798393149955
J45	14	12	106	34	1.0593935918577744
J46	15	2	38	5	1.0610245226991468
J47	15	11	80	16	0.6230762530176535
J48	15	3	21	7	0.5502598020719998
\\ Jobs in machine 5
11
J49	14	3	93	29	1.0729307220529887
J50	14	11	10	35	2.1897570032770513
J51	13	12	25	34	0.5061177187081166
J52	14	4	30	38	1.3572166168343949
J53	17	2	71	17	2.028115584376269
J54	15	10	64	33	0.512487169609512
J55	14	1	56	2	1.0676636534611752
J56	16	10	9	40	0.9105264072601842
J57	14	8	102	49	0.7456792787796647
J58	15	9	80	39	0.8175641424319879
J59	13	9	95	37	0.8377667009884979
\\ Jobs in machine 6
10
J60	13	1	79	10	1.9035257594846589
J61	15	5	49	15	1.4201772592693158
J62	13	12	95	36	1.6574323599100875
J63	15	4	67	7	0.9553654786321535
J64	16	7	104	15	1.004441270990191
J65	14	11	32	24	0.34503682015622084
J66	15	7	67	39	0.10734851732119544
J67	14	4	76	14	0.359140559367236
J68	14	5	77	32	0.80504332451459
J69	15	8	38	11	0.7644008859164633
\\ Jobs in machine 7
11
J70	14	10	107	6	1.646052378189522
J71	14	9	32	14	1.042958583251907
J72	14	11	85	46	1.4220466830092588
J73	14	13	104	37	1.426325166941699
J74	12	12	29	32	1.2307250828642367
J75	13	8	74	26	1.6618789479866543
J76	14	11	47	23	1.1341744050006437
J77	17	5	8	25	1.069858463942078
J78	14	3	23	13	1.4657742054562908
J79	16	12	46	39	1.6179081055615347
J80	13	2	44	31	1.3632281154436852
\\ Dependencies 
69
1	8
3	8
4	8
4	11
5	9
5	10
6	8
6	9
8	10
14	15
14	20
14	22
15	16
16	22
17	21
18	20
18	22
20	21
20	22
21	23
25	33
26	29
26	30
27	32
28	30
28	33
29	35
31	33
31	35
32	33
34	35
36	43
36	44
36	45
36	46
37	39
37	44
37	45
37	47
39	44
40	43
40	46
40	47
41	45
41	47
42	48
43	48
44	45
44	46
44	48
45	48
51	53
52	56
52	58
53	55
54	56
58	59
60	67
61	68
62	65
67	68
70	71
70	77
71	72
71	73
73	76
75	76
76	78
76	79
