\\ machines
9
\\ max power
90
\\ Jobs in machine 1
9
J1	14	10	35	16	0.39129353747294904
J2	15	8	98	5	0.6569374385794599
J3	13	8	59	15	0.3255580323908135
J4	14	7	29	8	1.2677266158081844
J5	16	3	34	16	1.7540267625066037
J6	14	13	17	14	1.3627237496947218
J7	14	3	74	2	1.8180945350023046
J8	12	7	25	18	1.5490885807270856
J9	14	14	103	14	2.14852617951973
\\ Jobs in machine 2
12
J10	14	2	13	22	0.9575114394171294
J11	15	5	78	19	1.4635400500213767
J12	14	9	110	21	1.0782043497273066
J13	14	5	49	12	1.6336986072077373
J14	16	13	109	19	1.2301666661545727
J15	16	5	50	8	0.9136298859443402
J16	15	13	54	22	1.1820025494632174
J17	14	6	8	15	0.35154902239279506
J18	13	1	28	22	0.5489799995253378
J19	14	9	84	11	0.7482865836921042
J20	16	7	37	3	1.2110630780013334
J21	13	12	107	11	0.9172095380438741
\\ Jobs in machine 3
12
J22	16	8	15	11	0.7038409884254435
J23	15	1	53	1	0.6811150256196687
J24	14	8	24	18	1.2777111967107646
J25	14	3	84	1	1.9475331729881782
J26	14	2	85	1	0.8108106454849822
J27	14	10	19	6	2.263251262246912
J28	12	6	33	15	1.3279776613111784
J29	15	2	6	19	0.8525478593464526
J30	16	14	76	15	0.4291491050603713
J31	14	10	108	21	1.7719192175046277
J32	15	9	72	5	1.0817325065658527
J33	15	7	41	19	0.2621978777923005
\\ Jobs in machine 4
10
J34	17	5	26	23	1.0099998951859357
J35	14	14	2	4	0.9770881003112762
J36	15	14	27	5	1.5497623365372817
J37	13	1	91	6	1.1676358209039517
J38	14	7	25	12	0.8001059597107196
J39	15	3	37	10	2.0195915948464576
J40	14	9	19	8	1.127401669288445
J41	14	9	53	20	0.5211041925817896
J42	17	3	9	3	0.6834525346496523
J43	14	13	8	3	0.9176855132821016
\\ Jobs in machine 5
10
J44	15	10	50	20	1.8449526252594748
J45	13	7	90	19	0.5497241627042134
J46	15	3	100	16	1.150278389379283
J47	15	4	103	13	0.588793956462296
J48	16	4	25	3	0.9034289831217266
J49	16	6	68	19	0.642380973244398
J50	17	12	85	9	1.1272843872167997
J51	13	1	64	1	1.036954954257113
J52	12	3	53	20	0.38442173564037574
J53	16	13	106	3	1.0835218261249793
\\ Jobs in machine 6
12
J54	15	12	107	12	0.9917948747903131
J55	14	11	106	16	0.8714629566559461
J56	15	6	78	7	1.0520337327370444
J57	15	5	92	5	0.6355014050461246
J58	14	9	36	19	1.5649531215364991
J59	13	8	98	8	1.3668042432379053
J60	15	4	56	10	1.2510707848095626
J61	16	12	26	16	0.7330024561051249
J62	15	1	25	5	1.2910598388704775
J63	16	12	79	5	0.6984586840419503
J64	15	6	102	3	1.122365857640412
J65	13	13	38	23	1.575126997324026
\\ Jobs in machine 7
11
J66	14	13	56	16	0.9252057146650926
J67	14	4	13	9	1.6405963018581782
J68	16	3	3	11	1.0483575520957025
J69	14	12	73	22	1.3314383648043473
J70	14	2	87	17	2.399176630973982
J71	14	4	107	16	2.374781527902724
J72	15	8	63	3	1.2034698247076137
J73	14	4	72	3	0.31744634445109676
J74	13	10	21	8	2.33305927749361
J75	13	10	6	7	1.2252049391429214
J76	14	10	21	22	1.5494261871272434
\\ Jobs in machine 8
9
J77	13	6	33	10	1.6217172541156373
J78	13	5	80	6	1.259958965086414
J79	14	11	17	22	1.0526276517361597
J80	15	8	48	14	1.7060167856771875
J81	15	11	99	3	0.6498793392634171
J82	15	2	104	14	1.1986683381351229
J83	15	13	50	14	1.6800947584688433
J84	14	6	75	8	0.1
J85	15	12	4	11	1.6878477324468628
\\ Jobs in machine 9
11
J86	15	1	44	16	0.4876222089862946
J87	12	10	85	5	2.2384427533235467
J88	13	11	77	6	1.47633753126799
J89	14	3	44	15	1.1941357396363428
J90	14	11	39	21	1.0044924373542736
J91	15	7	106	11	1.6523758065173777
J92	13	14	67	1	1.338965661812257
J93	14	5	61	1	1.4961221432175413
J94	14	3	35	11	0.7017022437150553
J95	14	9	14	19	0.9932172883012049
J96	15	6	16	23	0.7861217570551411
\\ Dependencies 
418
1	2
1	3
1	4
1	5
1	6
1	7
1	8
1	9
2	3
2	4
2	6
2	8
2	9
3	4
3	5
3	6
3	7
3	8
3	9
4	5
4	6
4	7
4	8
4	9
5	6
5	7
5	8
5	9
6	7
6	8
6	9
7	9
8	9
10	11
10	12
10	13
10	14
10	15
10	16
10	17
10	18
10	19
10	20
10	21
11	12
11	14
11	15
11	16
11	18
11	19
11	20
11	21
12	13
12	14
12	15
12	16
12	17
12	18
12	19
12	20
12	21
13	14
13	15
13	16
13	17
13	18
13	19
13	20
13	21
14	15
14	17
14	18
14	19
14	20
14	21
15	16
15	17
15	18
15	19
15	21
16	17
16	18
16	19
16	20
17	18
17	19
17	20
17	21
18	20
18	21
19	20
20	21
22	23
22	24
22	25
22	26
22	27
22	28
22	29
22	30
22	31
22	32
22	33
23	24
23	25
23	26
23	27
23	28
23	29
23	30
23	31
23	32
24	25
24	27
24	28
24	29
24	30
24	31
24	32
24	33
25	27
25	29
25	30
25	31
25	32
25	33
26	27
26	28
26	29
26	30
26	31
26	32
26	33
27	28
27	29
27	30
27	31
27	32
27	33
28	29
28	31
28	32
28	33
29	30
29	31
29	32
29	33
30	31
30	33
31	32
31	33
32	33
34	35
34	36
34	37
34	38
34	39
34	40
34	42
35	36
35	37
35	38
35	39
35	40
35	41
35	42
36	37
36	38
36	39
36	40
36	41
36	42
36	43
37	38
37	39
37	40
37	43
38	39
38	40
38	41
38	42
38	43
39	40
39	41
39	42
39	43
40	41
40	42
40	43
41	42
41	43
42	43
44	46
44	47
44	48
44	49
44	50
44	51
45	46
45	47
45	48
45	49
45	50
45	51
45	52
45	53
46	47
46	48
46	51
46	52
46	53
47	48
47	49
47	50
47	51
47	52
47	53
48	49
48	50
48	51
48	52
48	53
49	50
49	51
49	53
50	52
50	53
51	52
51	53
52	53
54	55
54	56
54	58
54	59
54	60
54	61
54	62
54	63
54	65
55	56
55	57
55	58
55	59
55	60
55	61
55	62
55	63
55	64
55	65
56	57
56	58
56	59
56	60
56	61
56	62
56	63
56	65
57	58
57	59
57	60
57	61
57	62
57	63
57	64
57	65
58	59
58	60
58	61
58	63
58	64
58	65
59	60
59	61
59	62
59	63
59	64
59	65
60	61
60	62
60	63
60	64
60	65
61	62
61	63
61	65
62	63
62	64
62	65
63	64
63	65
64	65
66	68
66	69
66	70
66	72
66	73
66	74
66	76
67	68
67	69
67	70
67	71
67	72
67	73
67	74
67	75
67	76
68	69
68	70
68	71
68	73
68	74
68	75
68	76
69	70
69	71
69	72
69	73
69	74
69	75
69	76
70	71
70	72
70	73
70	74
70	75
71	72
71	73
71	74
71	75
72	73
72	74
72	75
72	76
73	74
73	75
74	75
74	76
75	76
77	79
77	80
77	81
77	82
77	83
77	85
78	79
78	80
78	81
78	82
78	84
78	85
79	80
79	81
79	82
79	83
79	84
79	85
80	81
80	82
80	83
80	84
80	85
81	82
81	83
81	84
81	85
82	83
82	84
82	85
83	84
83	85
84	85
86	87
86	88
86	89
86	90
86	91
86	92
86	94
86	95
86	96
87	88
87	89
87	90
87	91
87	92
87	95
87	96
88	89
88	90
88	91
88	93
88	94
88	95
88	96
89	90
89	91
89	93
89	94
89	95
89	96
90	91
90	92
90	93
90	95
90	96
91	92
91	93
91	94
91	95
91	96
92	93
92	94
92	95
92	96
93	94
94	96
95	96
