\\ machines
9
\\ max power
90
\\ Jobs in machine 1
11
J1	15	7	102	13	1.1525710101933644
J2	14	1	26	42	0.925799016340539
J3	15	13	103	4	1.1389863443818005
J4	13	12	45	36	0.5550602179082829
J5	15	8	48	45	0.42874367523530066
J6	15	7	63	33	1.3668107922160737
J7	15	13	33	9	0.9887742335242933
J8	15	8	41	9	1.2966179945913345
J9	15	11	10	35	2.21459817095068
J10	14	10	71	6	1.6431802470048673
J11	14	4	58	9	1.065489460301875
\\ Jobs in machine 2
13
J12	13	7	81	14	0.7067144370960237
J13	15	8	55	43	1.4301256414090646
J14	15	5	14	31	1.7966815091294772
J15	14	6	66	42	1.5187599851908475
J16	15	12	32	43	1.4162525152274332
J17	15	3	106	10	1.508964549926801
J18	15	8	9	15	2.0239746006768695
J19	15	2	86	28	2.1562680319047667
J20	15	7	95	6	0.5657412684634581
J21	15	11	70	2	0.9756310904667636
J22	15	12	9	38	1.2804354095101635
J23	15	10	64	17	1.4074278772026043
J24	14	4	81	16	1.0662326315563935
\\ Jobs in machine 3
14
J25	14	11	73	43	1.356623089399856
J26	13	7	13	23	1.0675314117460957
J27	12	13	91	4	0.580553614506898
J28	14	8	99	14	1.5235679425670445
J29	15	11	84	35	1.7183430517931095
J30	14	4	5	29	1.2423860717595376
J31	14	8	98	22	1.297391488124767
J32	14	14	52	35	1.1708700029708143
J33	15	6	2	27	1.5982451284639962
J34	13	10	14	28	1.4353676721779611
J35	14	13	62	20	1.5089066941733065
J36	14	4	56	28	1.3946821130882088
J37	16	4	64	45	2.1161668954597497
J38	13	2	67	42	0.7475021782477103
\\ Jobs in machine 4
12
J39	17	9	87	1	0.48604022383361123
J40	15	6	81	4	1.154116938351543
J41	15	2	41	18	1.1260249440208385
J42	15	5	107	11	2.1473266177439765
J43	16	13	69	12	1.38665586340411
J44	15	3	52	16	2.130553714181393
J45	16	7	89	9	0.8801334434872441
J46	16	3	49	14	1.0398046964160566
J47	15	8	59	6	1.082861597365203
J48	14	3	82	4	0.6621888175568247
J49	13	9	94	2	1.6010797945139383
J50	14	4	84	1	1.962490760678422
\\ Jobs in machine 5
11
J51	15	7	23	28	0.6752691726250556
J52	14	3	101	27	0.2026164727254175
J53	16	5	30	39	1.3722454165774347
J54	16	5	82	6	1.280098713533941
J55	16	9	63	23	0.37588248042719186
J56	16	13	3	23	1.3817276829855034
J57	13	9	90	12	1.1048270737376207
J58	15	1	78	36	1.1637229174696004
J59	15	10	96	34	0.22940758280459417
J60	14	5	72	42	1.37064103743311
J61	14	10	73	35	0.10699533597189848
\\ Jobs in machine 6
12
J62	13	12	56	25	1.0098174049594864
J63	14	4	6	5	0.9967725386216468
J64	14	10	87	31	0.9031631177787456
J65	15	6	85	2	1.328114711972552
J66	15	3	69	33	0.701815547825231
J67	14	3	56	36	1.3720584317142563
J68	14	10	30	1	0.7712865883400655
J69	14	8	48	25	1.4713624855240957
J70	15	12	7	6	1.1927512121011288
J71	14	5	109	44	0.9832527469282261
J72	13	13	81	26	0.24400725508255483
J73	14	4	100	15	1.6042009569834612
\\ Jobs in machine 7
13
J74	15	11	78	28	1.0196238083828486
J75	13	8	65	37	1.5323437819360328
J76	14	5	74	29	1.5346375568871462
J77	15	6	90	45	1.3278009714065269
J78	14	13	46	19	1.3294094989989453
J79	16	2	82	41	1.1713519821800216
J80	14	3	2	39	1.883067921370631
J81	16	5	3	18	1.049665439522152
J82	15	11	34	37	0.983549083872846
J83	15	9	58	27	1.2651861674079379
J84	15	4	32	9	1.8779669377430395
J85	15	8	90	9	1.1259217066997584
J86	14	7	92	12	0.5456265322410336
\\ Jobs in machine 8
10
J87	15	3	110	31	1.3903662139959456
J88	13	3	105	42	2.0084453002627853
J89	12	12	60	5	1.6557241729254992
J90	14	14	103	17	1.1998462559016598
J91	15	14	52	38	1.3049807595556946
J92	14	5	56	20	1.7879955425992127
J93	14	13	90	32	2.352370612705824
J94	13	14	7	31	0.1
J95	13	9	39	7	0.3723377197882132
J96	17	5	97	38	1.3657034183662662
\\ Jobs in machine 9
12
J97	15	4	67	18	2.3938195580452613
J98	14	9	108	39	1.1658507915354734
J99	14	9	49	17	1.2983723401944058
J100	16	4	14	2	0.9917479464615507
J101	15	9	28	11	1.655976753415466
J102	16	10	48	27	1.4534010610134174
J103	16	5	22	14	1.400955524385699
J104	14	9	81	32	0.3468401127383469
J105	13	8	93	39	1.9283462583507156
J106	13	7	11	26	1.407144218681101
J107	15	5	66	2	1.731742737647464
J108	15	1	108	4	1.183906976689376
\\ Dependencies 
335
1	3
1	4
1	5
1	6
1	7
1	11
2	3
2	5
2	6
2	9
2	10
2	11
3	5
3	6
3	7
3	8
3	9
3	10
3	11
4	7
4	8
4	9
4	10
4	11
5	7
5	8
5	9
5	10
5	11
6	9
6	11
7	11
8	9
9	10
10	11
12	14
12	15
12	16
12	20
12	22
12	24
13	14
13	17
13	20
13	21
13	23
14	15
14	16
14	17
14	19
14	21
14	22
14	24
15	16
15	18
15	19
15	20
15	22
16	17
16	18
16	19
16	20
16	23
16	24
17	18
17	19
17	20
17	21
17	22
17	23
17	24
18	20
18	21
18	22
18	24
19	20
19	21
19	22
19	23
20	21
20	22
20	23
20	24
21	23
22	23
23	24
25	26
25	30
25	31
25	32
25	34
25	35
25	36
26	28
26	29
26	32
26	33
26	36
26	38
27	29
27	30
27	31
27	33
28	29
28	32
28	33
28	34
28	36
28	37
28	38
29	30
29	31
29	34
29	36
29	38
30	32
30	33
30	34
30	38
31	33
31	34
31	38
32	35
32	38
33	35
33	36
33	37
33	38
34	35
34	36
35	37
35	38
36	37
36	38
37	38
39	41
39	42
39	43
39	44
39	46
39	49
39	50
40	41
40	42
40	45
40	47
40	50
41	42
41	45
41	47
41	50
42	43
42	45
42	49
43	45
43	46
43	48
43	50
44	45
44	46
44	47
44	48
44	50
46	48
46	49
46	50
47	48
47	50
48	50
51	52
51	53
51	54
51	57
51	61
52	54
52	55
52	57
53	54
53	55
53	58
53	59
53	60
54	55
54	56
54	57
54	58
54	60
56	57
56	61
57	60
57	61
58	60
58	61
59	60
59	61
62	63
62	64
62	66
62	67
62	68
62	69
62	70
62	73
63	69
63	70
63	73
64	65
64	66
64	67
64	68
64	69
64	73
65	67
65	69
65	72
66	67
66	68
66	69
66	72
66	73
67	68
67	71
67	73
68	71
68	73
69	70
69	71
69	73
74	77
74	78
74	79
74	80
74	86
75	76
75	77
75	80
75	82
75	84
75	86
76	77
76	78
76	80
76	82
77	78
77	79
77	81
77	84
77	85
77	86
78	80
78	82
78	84
78	85
78	86
79	80
79	81
79	83
79	84
79	85
80	81
80	83
80	84
80	85
80	86
81	82
81	84
81	85
81	86
82	83
82	85
82	86
83	84
84	85
84	86
87	88
87	89
87	91
87	92
87	93
87	94
87	96
88	89
88	93
88	94
88	95
88	96
89	92
89	94
89	96
90	92
90	93
90	94
91	92
91	94
91	96
92	94
92	95
94	96
95	96
97	98
97	99
97	100
97	101
97	106
97	107
97	108
98	102
98	103
98	108
99	100
99	101
99	103
99	104
99	105
99	106
99	107
100	103
100	104
100	106
100	107
101	105
101	106
101	107
102	104
102	106
103	105
103	106
103	107
104	105
104	106
104	107
105	106
105	108
106	108
107	108
