\\ machines
15
\\ max power
150
\\ Jobs in machine 1
12
J1	15	13	72	31	0.713984503560169
J2	14	4	61	69	0.6461621636553119
J3	17	9	27	58	0.999720127136962
J4	14	12	92	72	0.5549579036513846
J5	14	9	79	44	0.9520033435550601
J6	14	6	40	68	0.453227353672191
J7	14	3	33	69	1.099316412852529
J8	15	3	67	43	0.3466046343990322
J9	15	14	32	72	0.8751926635810822
J10	14	9	21	43	1.0035157146211218
J11	14	13	50	62	2.1433347170076114
J12	16	3	62	55	0.9893818675859046
\\ Jobs in machine 2
10
J13	14	12	106	21	0.6467002978581515
J14	14	14	73	39	0.1
J15	15	10	37	17	1.0202797999099986
J16	14	6	73	14	1.1037511144948566
J17	16	13	67	22	0.36197163489537043
J18	14	14	35	17	1.1101997702620483
J19	16	7	67	4	1.9229632835076376
J20	14	7	66	69	1.5307066627302972
J21	15	5	29	29	1.7210852922633015
J22	15	6	97	67	0.2564932225404931
\\ Jobs in machine 3
11
J23	16	8	5	65	1.4828167114434392
J24	14	2	75	51	1.6817868596456007
J25	14	5	108	67	0.8988749359161012
J26	15	6	48	35	1.0456667724325306
J27	14	6	30	56	1.0342879892329662
J28	16	14	105	13	1.2001840751014174
J29	14	11	95	7	1.8038652833873954
J30	16	6	45	15	1.1666198387936844
J31	14	8	75	75	0.1
J32	13	3	97	16	1.4588638309657052
J33	14	13	65	57	0.7566309284512325
\\ Jobs in machine 4
9
J34	14	14	56	23	0.9463798901349034
J35	13	12	12	68	0.9100654709742051
J36	15	14	80	17	1.462131317057208
J37	14	4	57	74	0.4545638677474353
J38	15	11	110	12	0.7508496689203312
J39	15	2	101	32	0.8841449811629258
J40	15	4	108	45	0.8039508795461388
J41	14	8	75	22	1.5404599920429374
J42	14	4	25	59	1.6246502927191957
\\ Jobs in machine 5
10
J43	15	11	6	39	1.027093225566033
J44	13	4	31	4	0.5146003126937976
J45	16	8	109	13	1.1933096145128466
J46	16	12	104	35	1.0302650454801663
J47	15	6	59	54	1.4345991175863317
J48	14	11	83	65	1.173253876178071
J49	16	1	63	20	0.5784604348735309
J50	15	13	49	23	0.9892097160508958
J51	13	7	21	16	1.7134511867850488
J52	14	6	20	51	1.6217133287805254
\\ Jobs in machine 6
12
J53	13	14	36	42	1.4734890918601655
J54	14	2	46	69	1.89621254349745
J55	14	9	67	26	0.7666765198479837
J56	15	12	32	55	0.4406645722612318
J57	14	11	109	21	1.1689470941667457
J58	14	6	42	56	1.8652485450907865
J59	15	14	8	2	1.1674418920276075
J60	14	9	89	67	1.4482692217778292
J61	16	2	108	19	1.27892535356161
J62	13	13	43	45	0.6301268134292285
J63	14	10	23	11	1.495701919144024
J64	15	12	24	68	0.94522563783437
\\ Jobs in machine 7
13
J65	15	8	18	36	1.1462392681766662
J66	14	11	79	64	1.1077516480075442
J67	14	5	83	9	0.7794087272751022
J68	14	2	95	58	1.4419960574365422
J69	13	9	52	40	1.5577780580906513
J70	14	4	40	66	1.3292514284411676
J71	14	7	50	64	1.1288124373986708
J72	15	7	55	13	1.0237252376492223
J73	17	3	65	2	0.7214157829854487
J74	14	2	99	40	1.785323270678115
J75	13	1	2	42	0.6102121499222359
J76	14	12	50	4	1.5361558970692943
J77	14	4	8	16	1.0140963535160983
\\ Jobs in machine 8
12
J78	14	7	4	55	1.3515301567531772
J79	15	12	5	59	1.1536030661741559
J80	15	11	86	65	1.0193693300865498
J81	15	13	91	3	0.8759046484925108
J82	15	3	28	50	1.39498029742914
J83	15	12	91	43	1.66199393590663
J84	14	13	89	44	1.5881159307976214
J85	15	14	44	29	1.210428028438119
J86	16	13	31	19	1.3047900651254836
J87	15	12	104	59	1.2460004872096235
J88	14	2	56	60	1.24301989510563
J89	15	10	89	4	1.0390279468809223
\\ Jobs in machine 9
11
J90	15	14	71	29	1.0501481545290938
J91	16	13	15	65	0.454681759012173
J92	15	14	37	38	1.3659775196267665
J93	13	14	53	46	0.6319256445006765
J94	15	13	81	18	0.572535625819817
J95	14	1	21	10	0.6253957495421588
J96	12	12	99	1	0.1
J97	13	11	48	34	0.9451161191467952
J98	16	6	81	64	1.645779916543482
J99	16	5	98	53	1.7123977686181011
J100	15	5	57	55	0.39283425534943717
\\ Jobs in machine 10
12
J101	14	3	98	25	1.412817258633031
J102	15	3	107	21	1.5650146253478732
J103	14	7	94	48	1.693526878129597
J104	12	12	88	37	1.4292872722946497
J105	15	13	5	3	0.8319155272029704
J106	14	10	72	13	0.8868049469850531
J107	15	7	31	65	1.0653432710899953
J108	14	3	9	66	1.9245305944406974
J109	15	10	25	32	1.606381891500548
J110	15	13	81	6	1.0826040767074265
J111	16	8	110	44	1.174285487293192
J112	13	10	13	28	0.7293680513238443
\\ Jobs in machine 11
11
J113	14	7	57	44	1.491891708275303
J114	16	12	74	26	1.1854092068694098
J115	14	1	37	33	0.7282190713000875
J116	16	13	31	7	0.8290188840631029
J117	16	7	93	63	2.00969574535491
J118	16	12	97	28	0.912531204891261
J119	15	7	70	73	1.4117817139365523
J120	15	6	42	61	1.9327003976728423
J121	15	8	45	20	0.40714769173629994
J122	13	3	55	1	1.3414414279506077
J123	14	4	49	60	0.6998182872296393
\\ Jobs in machine 12
12
J124	13	1	66	10	1.6522530488416018
J125	15	9	90	24	1.0511069683915057
J126	14	8	69	25	1.102479120938396
J127	15	9	30	65	0.9437735181400367
J128	15	5	65	29	0.7529789885497954
J129	13	12	78	10	1.7289938414478059
J130	14	2	81	8	2.219588205525577
J131	14	3	23	12	1.6328108939619081
J132	14	4	5	25	1.4752875348978254
J133	14	7	55	45	1.6058484299091464
J134	15	7	84	31	1.3041853851879768
J135	14	10	67	12	1.5425706939224706
\\ Jobs in machine 13
11
J136	13	14	99	56	0.7521044875178892
J137	13	12	91	70	1.7096361808406813
J138	14	1	79	42	0.6649874816317903
J139	15	3	106	50	1.2506087145334859
J140	13	10	27	49	0.9076790226554178
J141	15	8	6	7	0.7303349783058821
J142	15	6	58	30	1.7919634359451106
J143	14	14	12	43	1.142444141847468
J144	15	4	29	72	1.8501253199942715
J145	15	12	8	13	1.940299613858473
J146	14	1	40	62	1.3648297349017156
\\ Jobs in machine 14
12
J147	15	6	55	1	0.6826934138226419
J148	14	8	99	15	1.5144577898815572
J149	15	5	52	19	1.7450178664135345
J150	14	14	95	30	0.7490936178546301
J151	12	2	72	32	1.3762876800756385
J152	14	12	60	70	1.439793628005713
J153	12	13	17	62	1.4512947242497476
J154	15	5	91	45	1.710746149869101
J155	13	6	48	30	1.5837832866116015
J156	16	14	38	47	1.1972566964895361
J157	15	6	89	8	0.638038896415236
J158	15	11	22	23	1.0049695979930569
\\ Jobs in machine 15
11
J159	16	8	95	1	1.7389428419958768
J160	16	4	27	9	1.6251956622374883
J161	15	1	7	58	1.2464696136432867
J162	14	8	41	27	0.4277939407881679
J163	15	14	19	59	2.067405938136311
J164	14	8	10	75	1.0951778943746442
J165	15	2	23	53	0.6589064313814799
J166	15	14	82	49	0.7005581853650835
J167	15	6	68	20	1.0876446685220902
J168	15	13	103	16	2.55561921999403
J169	15	10	56	61	0.4236837377219327
\\ Dependencies 
180
1	2
1	7
1	11
1	12
2	7
3	4
3	6
3	9
4	9
5	8
6	11
8	11
14	18
15	16
17	18
18	21
24	26
24	28
24	33
25	28
26	28
27	30
29	30
29	33
30	33
31	33
34	37
34	40
35	36
36	38
36	42
37	38
37	41
39	40
43	48
43	50
44	47
44	48
45	48
45	49
45	50
46	51
46	52
47	52
50	51
53	64
54	60
54	61
56	58
56	61
58	59
58	60
58	62
60	62
60	63
61	64
62	64
65	66
65	70
65	74
65	76
66	68
66	69
66	70
66	71
67	71
67	72
67	76
68	71
68	74
69	71
69	76
70	74
70	77
72	77
74	75
78	85
79	84
80	84
80	89
81	82
81	83
81	84
81	87
82	83
82	89
83	84
83	88
83	89
84	86
84	88
85	86
86	88
86	89
87	88
88	89
90	94
90	99
91	95
91	99
92	96
92	98
93	98
94	100
96	98
96	99
97	98
98	100
101	103
101	106
101	112
102	103
103	104
103	105
103	109
104	111
105	107
105	108
105	111
105	112
107	112
108	111
109	112
111	112
114	118
114	120
114	122
115	116
115	117
115	119
115	123
116	119
117	120
118	120
118	123
119	120
119	122
120	123
122	123
124	132
125	126
125	129
125	135
126	129
126	131
126	132
127	133
127	134
128	131
129	132
131	134
132	134
133	134
136	138
136	141
137	142
137	143
137	145
137	146
138	139
138	145
141	143
142	145
144	145
145	146
148	151
148	154
148	156
148	157
150	152
152	155
154	155
154	157
156	157
157	158
159	162
161	162
161	166
164	166
166	169
