\\ machines
20
\\ max power
200
\\ Jobs in machine 1
11
J1	14	10	42	96	1.6143703817988113
J2	16	2	87	128	1.7758155948901724
J3	15	14	107	9	1.0034880122732777
J4	14	5	25	43	1.4951526100072743
J5	14	2	8	5	0.8428395849209251
J6	14	9	25	114	1.3529433011019996
J7	17	2	44	134	1.2108647003401183
J8	14	9	76	61	2.123238789088944
J9	15	8	76	32	1.1188237135050672
J10	14	9	99	65	0.7092107967544226
J11	14	14	17	37	1.0933931813276723
\\ Jobs in machine 2
11
J12	16	7	50	84	1.4786693915821105
J13	14	2	105	86	1.337154363093817
J14	15	9	72	134	0.3997933006312526
J15	15	8	77	4	1.6449509912714637
J16	14	12	50	101	1.2332761149312208
J17	14	5	58	57	1.4617599931759369
J18	14	11	63	126	0.909149711562377
J19	14	8	35	141	1.3108333346370167
J20	14	13	24	32	0.6923057275327776
J21	14	10	81	44	1.1486852279968718
J22	13	11	13	116	0.8108159795603962
\\ Jobs in machine 3
12
J23	14	5	50	8	1.8962192104572526
J24	13	2	47	86	1.0461031267469383
J25	13	3	60	27	0.35524898210590805
J26	15	10	40	83	1.6999265012254499
J27	14	6	98	46	0.7049033621180448
J28	17	14	30	26	1.8877053120932845
J29	15	1	94	115	1.2153665574398407
J30	15	14	109	134	0.9380484737210175
J31	14	7	27	14	0.583105227884884
J32	14	10	9	115	0.8991318619234892
J33	16	9	64	102	1.1740567255018515
J34	15	11	67	58	0.2867620144201629
\\ Jobs in machine 4
10
J35	15	5	104	112	0.1
J36	15	1	34	96	1.9390469050722698
J37	14	10	37	118	1.591702718224836
J38	15	9	12	72	1.268570196452829
J39	13	12	18	60	1.4763388676355973
J40	15	3	7	65	1.1511947272500722
J41	14	1	20	7	1.633908426532684
J42	13	4	16	35	2.3470052414334717
J43	15	7	47	146	0.6811356579805931
J44	15	6	54	13	1.4795741583384976
\\ Jobs in machine 5
12
J45	12	11	61	106	0.8846287626560727
J46	16	6	37	14	1.2242955552312909
J47	15	7	72	105	1.3283355288174503
J48	14	9	29	143	1.2194864608135079
J49	14	10	3	2	1.1534934278928346
J50	14	9	106	35	1.5115298710271066
J51	15	6	37	118	1.4930867420605956
J52	15	1	35	127	0.6118425599935553
J53	14	11	3	106	0.6510742222792565
J54	15	2	54	85	1.4884708050932585
J55	14	5	106	5	1.9586078603858779
J56	14	14	41	37	0.8353575238216826
\\ Jobs in machine 6
12
J57	15	10	45	92	0.7953962331421176
J58	15	4	9	113	1.0046399018851675
J59	16	6	67	92	0.8406592542105031
J60	15	2	48	57	1.0216743733321498
J61	16	12	10	95	0.6653726415395264
J62	15	4	29	115	1.0646580124217349
J63	14	8	3	115	1.7093444910559534
J64	15	6	101	75	0.8019445003474287
J65	14	14	94	110	1.8096946209115339
J66	16	4	68	138	0.9501882233044017
J67	14	7	27	4	0.24797230830654693
J68	14	9	87	35	1.0287696352787834
\\ Jobs in machine 7
10
J69	15	5	42	8	1.2231326703509788
J70	16	11	22	34	1.0682859727542746
J71	14	11	75	29	0.6092250933148362
J72	16	6	58	123	0.22124710071868914
J73	15	13	101	89	1.4478486241232924
J74	15	7	92	70	1.0063278289648687
J75	15	9	110	55	0.9356647531340602
J76	16	13	10	17	0.2696223228786233
J77	17	3	44	92	1.840487661853442
J78	13	8	110	127	0.9496896502809047
\\ Jobs in machine 8
9
J79	14	10	46	9	1.599584365194049
J80	14	9	46	59	0.4294665688660141
J81	15	2	85	28	1.6962575348621005
J82	14	8	93	137	0.5725687738648547
J83	14	11	49	29	1.6793300162490528
J84	17	7	50	51	1.4323693140513742
J85	14	5	56	54	0.9120616527283176
J86	16	4	52	51	1.6468262210259081
J87	13	4	100	42	1.5260435338174574
\\ Jobs in machine 9
9
J88	14	6	110	5	1.6716227353448287
J89	14	14	12	79	0.23593636707737475
J90	15	2	43	125	1.501249169294483
J91	15	9	21	18	0.581850260125587
J92	16	5	49	105	1.6912477354229363
J93	15	9	26	76	2.4737776565082887
J94	15	9	13	135	1.6389233838171702
J95	14	14	2	113	1.565392314448204
J96	14	1	58	39	0.9237660680479918
\\ Jobs in machine 10
12
J97	13	4	83	97	1.4765722730239177
J98	15	7	106	20	1.4559112327291688
J99	15	1	15	20	0.3925115919068589
J100	14	8	54	9	2.3010174709737115
J101	14	14	91	82	1.1136082878935338
J102	15	9	21	24	1.1141386096585015
J103	14	5	104	73	1.6424257864533631
J104	14	14	35	30	1.528383596428915
J105	15	13	31	81	0.7602235158017301
J106	14	1	87	110	1.4932622935328874
J107	14	10	101	115	1.7269661706749764
J108	13	14	62	139	2.165357092474593
\\ Jobs in machine 11
12
J109	15	8	108	37	1.9309135435265778
J110	14	2	63	142	0.24539669337090952
J111	15	5	21	127	1.9520130450756523
J112	15	10	12	41	1.6256943971398883
J113	16	1	35	45	1.2930717693130027
J114	15	6	16	53	1.1863630770882438
J115	16	13	67	96	1.6976882024725126
J116	14	12	27	117	0.6118223172319073
J117	15	14	26	33	0.7131960408186049
J118	17	10	4	45	0.8699604277764905
J119	13	11	27	111	2.172238032909095
J120	13	6	58	11	1.638699853088132
\\ Jobs in machine 12
12
J121	14	5	105	36	0.7314491686435981
J122	14	12	21	129	1.2569009483937248
J123	15	6	60	48	0.9555768363201586
J124	15	8	43	62	1.011462438061742
J125	14	8	76	22	1.3887037318478457
J126	14	9	25	87	1.6586984034421437
J127	13	12	89	92	1.3842627640905338
J128	15	1	106	45	1.0412013752651053
J129	15	10	100	139	1.176290170137614
J130	14	12	5	11	1.797757080625848
J131	14	10	45	107	1.601112220456538
J132	16	10	40	64	0.7738045564678546
\\ Jobs in machine 13
11
J133	15	1	109	128	1.545811775367606
J134	15	5	51	12	1.1101158936994633
J135	14	9	45	3	1.5316900340022324
J136	16	8	27	44	0.8280958329993304
J137	14	13	6	135	0.8929418698250594
J138	16	9	36	138	1.949049505967698
J139	14	8	42	24	1.6078282712256071
J140	15	10	25	55	1.1715402633295529
J141	15	13	66	121	0.5599201895557117
J142	15	2	3	147	1.365100829990874
J143	12	11	61	132	1.8304775869479757
\\ Jobs in machine 14
11
J144	15	14	79	141	1.6309550673605981
J145	14	8	94	122	1.3815350995133726
J146	14	7	26	7	1.132164760605062
J147	15	1	93	58	2.010995709292496
J148	14	9	25	80	1.6016590960169006
J149	13	6	87	43	1.3183104446110336
J150	13	9	56	85	0.35098085038064397
J151	13	6	37	57	1.1073033785970159
J152	15	7	37	134	1.2876484920658695
J153	14	8	105	54	1.4395768568164504
J154	14	11	75	23	1.8055866306807753
\\ Jobs in machine 15
12
J155	15	5	88	81	1.2425151270923738
J156	16	12	81	9	0.9979412824101052
J157	14	12	92	84	1.5548871184981206
J158	14	6	25	109	0.5984062380169776
J159	14	3	88	122	2.7868910940516507
J160	16	13	13	86	0.6992970879760636
J161	14	11	56	121	1.0819401005643834
J162	14	2	91	58	2.537194203744849
J163	16	7	108	15	0.770948634706743
J164	14	8	6	3	0.7662215767139028
J165	14	4	78	146	1.561347286424034
J166	14	14	54	17	1.769666791838436
\\ Jobs in machine 16
11
J167	13	12	29	35	1.3019265231852275
J168	15	2	4	96	1.2309079624685215
J169	15	14	107	147	0.8622702976121677
J170	16	7	58	132	0.2693529892436598
J171	13	1	68	101	1.3623903655025995
J172	14	8	27	80	0.900287108251145
J173	16	8	110	81	1.0027424332080346
J174	17	4	39	34	1.2526775793600766
J175	13	7	46	75	1.4930990974293181
J176	14	8	110	83	1.1049354516723835
J177	15	5	65	72	1.1804145292123587
\\ Jobs in machine 17
11
J178	15	3	39	65	0.7213880107696646
J179	14	5	75	2	0.9930089420527608
J180	17	10	53	43	1.8389913796917756
J181	12	8	76	76	1.0138792837510704
J182	14	4	70	68	0.7943398609191756
J183	16	12	99	6	0.872069792808996
J184	15	4	38	78	0.8209492477967315
J185	15	11	15	38	1.3330029583352854
J186	15	8	62	44	1.699921613539796
J187	15	5	69	5	1.8734807182451267
J188	13	4	109	28	0.1
\\ Jobs in machine 18
11
J189	14	6	57	81	2.0719989087289346
J190	15	6	14	11	1.2293957458588574
J191	17	8	81	131	0.8468517209369094
J192	15	12	84	138	1.2433692948180552
J193	15	3	37	144	0.797133337512265
J194	15	7	101	98	1.3494038344865122
J195	14	1	60	90	1.8161044915586213
J196	15	2	93	128	1.5887772972286227
J197	14	5	85	13	1.649341304222886
J198	14	11	31	98	1.3096715828157108
J199	17	2	28	102	2.1711827421664727
\\ Jobs in machine 19
11
J200	13	1	55	66	1.0673612892220046
J201	16	1	20	49	0.7428958820019085
J202	14	10	31	7	1.2013133786084815
J203	16	12	96	94	1.6821524776123165
J204	15	3	65	55	1.6839950143169826
J205	14	12	103	126	1.498548989484306
J206	14	7	81	144	0.5558924720943621
J207	15	3	104	145	1.8668770842574423
J208	15	1	57	20	0.84401048392585
J209	15	5	50	101	0.24150435588573427
J210	15	4	81	16	0.35558623987952176
\\ Jobs in machine 20
12
J211	15	4	86	69	2.3929219071183954
J212	14	9	40	56	0.7741733771376678
J213	16	11	83	131	1.991279668678392
J214	14	5	92	87	1.8450496737173747
J215	14	14	63	116	2.2752102310310875
J216	12	4	103	144	0.5567885701912165
J217	14	6	97	137	2.1262968086941454
J218	14	9	34	88	1.17403513963304
J219	14	10	11	67	0.6038017930504873
J220	14	12	48	51	0.4599439667426052
J221	14	10	110	133	1.1360931214882606
J222	15	10	26	147	1.8792106288937451
\\ Dependencies 
1010
1	2
1	3
1	4
1	5
1	6
1	7
1	8
1	9
1	10
1	11
2	3
2	4
2	5
2	6
2	7
2	8
2	9
2	10
2	11
3	4
3	5
3	7
3	8
3	9
3	10
3	11
4	5
4	6
4	7
4	8
4	9
4	10
4	11
5	6
5	7
5	8
5	9
5	10
5	11
6	7
6	8
6	10
6	11
7	8
7	9
7	10
7	11
8	9
8	10
8	11
9	10
9	11
10	11
12	13
12	14
12	15
12	17
12	18
12	19
12	20
12	21
12	22
13	14
13	15
13	16
13	17
13	18
13	19
13	20
13	21
13	22
14	15
14	17
14	18
14	19
14	20
14	21
14	22
15	16
15	17
15	18
15	19
15	20
15	22
16	17
16	18
16	19
16	20
16	21
16	22
17	18
17	19
17	20
17	21
17	22
18	20
18	21
18	22
19	21
19	22
20	21
20	22
21	22
23	24
23	25
23	26
23	27
23	28
23	29
23	30
23	31
23	32
23	33
23	34
24	25
24	26
24	27
24	28
24	29
24	30
24	31
24	32
24	34
25	26
25	27
25	28
25	29
25	30
25	31
25	32
25	33
25	34
26	27
26	28
26	29
26	30
26	31
26	32
26	33
26	34
27	28
27	29
27	31
27	32
27	33
27	34
28	29
28	30
28	31
28	32
28	33
28	34
29	31
29	32
29	33
29	34
30	31
30	32
30	33
30	34
31	32
31	33
31	34
32	33
32	34
35	36
35	37
35	38
35	39
35	40
35	41
35	42
35	43
36	37
36	38
36	39
36	40
36	41
36	42
36	43
36	44
37	38
37	39
37	40
37	41
37	42
37	43
37	44
38	40
38	41
38	42
38	43
38	44
39	40
39	41
39	42
39	43
40	41
40	42
40	44
41	42
41	43
41	44
42	43
42	44
43	44
45	46
45	47
45	48
45	49
45	50
45	51
45	52
45	53
45	54
46	47
46	48
46	49
46	50
46	51
46	52
46	53
46	54
46	55
46	56
47	48
47	49
47	52
47	53
47	54
47	55
47	56
48	49
48	50
48	51
48	52
48	53
48	54
48	55
48	56
49	50
49	52
49	53
49	54
49	55
49	56
50	51
50	52
50	53
50	55
50	56
51	52
51	53
51	54
51	55
51	56
52	53
52	54
52	55
53	55
54	55
54	56
55	56
57	58
57	59
57	60
57	61
57	63
57	64
57	65
57	66
57	67
58	59
58	60
58	61
58	62
58	63
58	65
58	67
58	68
59	60
59	61
59	62
59	63
59	64
59	66
59	67
59	68
60	61
60	62
60	63
60	64
60	65
60	66
60	67
60	68
61	62
61	63
61	64
61	66
61	67
61	68
62	63
62	64
62	65
62	66
62	68
63	64
63	65
63	66
63	67
63	68
64	66
64	67
64	68
65	66
66	67
66	68
69	70
69	71
69	72
69	73
69	74
69	75
69	76
69	77
69	78
70	71
70	72
70	73
70	74
70	75
70	76
70	77
70	78
71	72
71	73
71	74
71	75
71	76
71	77
71	78
72	73
72	74
72	75
72	76
72	78
73	74
73	75
73	76
73	77
73	78
74	75
74	76
74	78
75	77
75	78
77	78
79	80
79	81
79	82
79	83
79	85
79	86
79	87
80	82
80	83
80	84
80	85
80	86
81	82
81	83
81	85
81	86
81	87
82	83
82	84
82	87
83	84
83	85
83	86
83	87
84	85
84	86
84	87
85	86
85	87
86	87
88	89
88	90
88	91
88	92
88	93
88	94
88	95
88	96
89	90
89	91
89	92
89	93
89	94
89	96
90	91
90	92
90	93
90	94
90	95
90	96
91	92
91	93
91	94
91	95
91	96
92	93
92	94
92	95
92	96
93	94
93	95
94	95
94	96
95	96
97	98
97	99
97	101
97	102
97	103
97	105
97	106
97	107
97	108
98	99
98	100
98	101
98	102
98	103
98	104
98	105
98	106
98	107
98	108
99	100
99	101
99	103
99	104
99	105
99	106
99	107
99	108
100	101
100	102
100	103
100	104
100	105
100	106
100	107
100	108
101	102
101	103
101	104
101	105
101	106
101	107
101	108
102	103
102	104
102	105
102	106
102	107
103	104
103	105
103	106
103	107
103	108
104	105
104	106
104	107
104	108
105	106
105	107
105	108
106	107
106	108
107	108
109	110
109	111
109	112
109	113
109	114
109	115
109	116
109	117
109	118
109	119
109	120
110	111
110	112
110	114
110	117
110	118
110	119
111	112
111	113
111	114
111	115
111	116
111	117
111	118
111	119
111	120
112	113
112	115
112	116
112	117
112	118
112	120
113	114
113	115
113	116
113	117
113	118
113	119
113	120
114	115
114	116
114	117
114	118
114	119
114	120
115	116
115	118
115	119
116	117
116	118
116	119
116	120
117	118
117	119
117	120
118	119
118	120
121	122
121	124
121	125
121	127
121	128
121	129
121	130
121	131
122	123
122	125
122	126
122	127
122	128
122	129
122	131
122	132
123	124
123	125
123	126
123	127
123	128
123	129
123	130
123	131
123	132
124	125
124	126
124	127
124	128
124	129
124	130
124	131
124	132
125	127
125	128
125	129
125	130
125	131
125	132
126	128
126	129
126	130
126	132
127	128
127	129
127	130
127	131
127	132
128	129
128	131
129	131
130	131
131	132
133	134
133	135
133	136
133	137
133	138
133	139
133	140
133	141
133	142
133	143
134	135
134	136
134	137
134	138
134	140
134	141
134	142
134	143
135	137
135	138
135	139
135	140
135	141
135	143
136	137
136	138
136	139
136	140
136	141
136	142
136	143
137	138
137	139
137	140
137	141
137	142
137	143
138	139
138	140
138	142
138	143
139	140
139	141
139	142
139	143
140	141
140	142
140	143
141	142
141	143
142	143
144	146
144	147
144	148
144	149
144	150
144	151
144	152
144	153
144	154
145	146
145	147
145	148
145	149
145	150
145	151
145	152
145	153
145	154
146	147
146	148
146	149
146	150
146	151
146	152
146	153
146	154
147	148
147	150
147	151
147	152
147	153
147	154
148	149
148	150
148	152
148	153
148	154
149	150
149	152
149	153
149	154
150	151
150	152
150	153
150	154
151	152
151	153
151	154
152	153
152	154
155	156
155	157
155	158
155	159
155	160
155	161
155	162
155	163
155	164
155	165
155	166
156	157
156	158
156	159
156	160
156	161
156	162
156	163
156	164
156	165
156	166
157	158
157	159
157	160
157	161
157	162
157	163
157	164
157	165
157	166
158	159
158	160
158	161
158	162
158	163
158	165
158	166
159	160
159	161
159	162
159	163
159	164
159	165
159	166
160	161
160	162
160	163
160	164
160	165
160	166
161	162
161	163
161	164
161	165
161	166
162	163
162	164
162	165
162	166
163	164
163	165
163	166
164	165
164	166
165	166
167	168
167	170
167	171
167	172
167	173
167	174
167	175
167	176
167	177
168	169
168	170
168	171
168	172
168	173
168	174
168	175
168	176
168	177
169	171
169	172
169	174
169	175
169	176
169	177
170	171
170	172
170	173
170	174
170	175
170	176
171	172
171	173
171	177
172	173
172	174
172	175
172	176
173	174
173	175
173	176
173	177
174	175
174	176
174	177
175	176
175	177
176	177
178	180
178	181
178	182
178	183
178	184
178	185
178	186
178	187
179	180
179	181
179	182
179	183
179	184
179	186
179	187
179	188
180	181
180	182
180	183
180	184
180	185
180	186
180	187
180	188
181	182
181	183
181	184
181	185
181	186
181	187
181	188
182	183
182	184
182	185
182	187
183	184
183	185
183	186
183	187
183	188
184	185
184	186
184	187
184	188
185	186
185	187
185	188
186	187
186	188
187	188
189	190
189	191
189	192
189	194
189	195
189	196
189	197
189	198
189	199
190	191
190	192
190	193
190	194
190	195
190	196
190	197
190	198
190	199
191	194
191	195
191	197
191	198
192	193
192	194
192	195
192	196
192	197
192	198
192	199
193	195
193	196
193	197
193	199
194	195
194	196
194	197
194	198
194	199
195	196
195	197
195	198
195	199
196	197
196	198
196	199
197	198
197	199
198	199
200	201
200	202
200	203
200	205
200	206
200	207
200	208
200	209
200	210
201	202
201	204
201	205
201	206
201	207
201	208
201	210
202	203
202	204
202	205
202	206
202	207
202	208
202	210
203	204
203	206
203	207
203	208
203	209
203	210
204	206
204	207
204	208
204	209
204	210
205	206
205	207
205	208
205	209
205	210
206	207
206	208
206	210
207	208
207	209
207	210
208	209
208	210
211	214
211	215
211	216
211	217
211	218
211	219
211	220
211	221
211	222
212	213
212	215
212	216
212	217
212	218
212	219
212	221
212	222
213	214
213	215
213	216
213	217
213	220
213	221
213	222
214	215
214	216
214	217
214	218
214	219
214	220
214	221
214	222
215	216
215	217
215	218
215	219
215	221
215	222
216	217
216	218
216	219
216	220
216	221
216	222
217	218
217	220
217	221
217	222
218	219
218	220
218	221
218	222
219	220
219	221
219	222
220	221
220	222
221	222
