\\ machines
5
\\ max power
50
\\ Jobs in machine 1
12
J1	15	1	7	3	1.2005234919813148
J2	14	6	71	8	1.2782094951221366
J3	16	12	103	16	1.3689708051402496
J4	15	2	109	25	0.8333836282330108
J5	15	8	8	4	1.7583210404001832
J6	14	13	13	15	0.7657355410526967
J7	14	6	34	2	1.2673734930378142
J8	15	10	11	25	0.35726251057499014
J9	14	5	52	19	0.4173775007293272
J10	14	2	40	8	1.6126916419418684
J11	15	11	28	10	1.024755320554081
J12	14	14	25	7	1.353973658863658
\\ Jobs in machine 2
12
J13	15	2	93	23	1.240731031662064
J14	14	14	3	19	0.25564372673452573
J15	15	2	13	14	0.5990195093441698
J16	16	7	90	23	1.885843303770543
J17	14	5	69	12	1.1290467737429435
J18	17	5	33	13	1.4799021049694292
J19	16	1	4	18	1.5366222458308396
J20	15	14	6	19	1.0825317932841032
J21	15	8	13	18	2.0090982704580362
J22	14	6	58	23	1.1373440815368399
J23	15	11	102	4	0.9990852804658039
J24	16	14	109	2	1.1813899486830834
\\ Jobs in machine 3
11
J25	13	3	88	5	1.2253006548758578
J26	15	12	24	5	1.483734123772782
J27	14	11	63	17	1.5412326082805414
J28	16	3	65	23	0.46262430558027423
J29	14	5	57	14	0.7284061556887427
J30	14	12	25	20	1.7170124245194378
J31	14	11	41	12	1.1159668350497383
J32	15	9	42	13	1.3447671500676732
J33	14	8	28	11	1.0525638332847265
J34	16	5	66	1	0.5007552391765554
J35	14	8	66	22	1.5745385199307083
\\ Jobs in machine 4
12
J36	14	1	10	7	0.6105206005777978
J37	15	2	98	1	1.5247322921087125
J38	13	8	96	13	1.7269515186628004
J39	13	8	39	25	1.9818040910875072
J40	16	3	60	23	1.1484164079084025
J41	14	12	49	12	0.9762258522873155
J42	15	6	49	24	1.4188256416789742
J43	14	13	71	15	0.7344238693228348
J44	14	10	60	2	0.7898696410240356
J45	15	11	101	10	1.7042093691236913
J46	13	8	28	22	2.085986457208132
J47	14	13	13	21	1.1305230669293425
\\ Jobs in machine 5
11
J48	15	13	93	11	0.8770154383371036
J49	14	3	87	10	1.3096076236398557
J50	14	13	74	9	1.1113733826022563
J51	14	4	13	24	0.7883591380757503
J52	14	12	36	1	0.8087551319925113
J53	14	5	56	18	1.400878678757326
J54	14	14	53	17	1.2850513204574998
J55	14	11	77	1	1.4267300429106444
J56	13	8	86	23	1.3142392466379782
J57	14	8	87	18	0.9327347843387865
J58	14	6	33	18	1.2842671738363949
\\ Dependencies 
60
1	7
1	10
2	4
2	7
2	10
3	4
3	10
3	11
4	5
4	8
4	10
6	12
7	9
7	10
7	12
9	10
11	12
14	18
14	23
16	23
17	20
17	24
18	21
18	22
23	24
25	27
25	33
25	34
26	30
27	30
28	31
28	35
30	34
31	32
31	34
31	35
32	34
32	35
33	35
36	38
36	46
37	38
37	41
38	39
38	45
39	46
40	41
40	43
41	43
43	45
44	45
48	52
49	51
49	58
50	52
50	57
51	53
52	56
54	57
54	58
