\\ machines
15
\\ max power
150
\\ Jobs in machine 1
11
J1	13	12	24	58	0.548583174261927
J2	15	5	98	49	1.945752580015954
J3	15	4	110	48	0.7330808344900431
J4	13	6	101	73	1.251475343012694
J5	13	6	9	46	0.8911712020742519
J6	16	14	103	33	1.427171914585211
J7	15	13	48	53	1.9319646802907975
J8	14	9	77	38	1.2211042566960257
J9	14	2	44	57	0.8066344523904234
J10	15	9	45	69	1.2095858373256037
J11	14	7	95	24	0.2320441087732571
\\ Jobs in machine 2
8
J12	16	1	76	42	0.42719323350352556
J13	12	1	47	11	1.897752675605826
J14	14	1	16	73	1.0139075932294705
J15	14	4	14	11	1.2744515424521463
J16	14	2	14	67	1.958853860572813
J17	15	3	70	69	0.2856483976836679
J18	15	5	77	56	0.9884340353955219
J19	14	2	52	32	2.017026294833008
\\ Jobs in machine 3
12
J20	13	11	57	71	0.7838652536937283
J21	13	5	76	35	0.47883211888717114
J22	13	10	78	13	2.0592620142719165
J23	15	11	75	39	1.8571337008446778
J24	14	8	30	8	0.9252150646244186
J25	14	13	77	65	0.6217585966563297
J26	12	10	49	11	1.0174258810161299
J27	15	10	42	3	0.8571772829615498
J28	14	11	27	18	1.131955023094062
J29	15	3	20	44	1.6888432789801904
J30	14	1	49	46	1.1028146270515435
J31	15	7	26	28	0.19969359249027585
\\ Jobs in machine 4
11
J32	13	1	29	69	1.2411617540746898
J33	15	14	27	69	1.7007665952587905
J34	15	4	11	10	1.400943478757772
J35	15	6	43	65	0.24519029798265624
J36	14	2	80	5	0.15096337923537462
J37	14	5	55	48	1.0151170444324762
J38	15	14	6	37	1.4077082723789982
J39	15	7	48	65	1.3525918801675225
J40	16	13	46	47	1.4927151094716402
J41	15	11	21	5	0.1
J42	13	11	36	14	1.4181473688607558
\\ Jobs in machine 5
10
J43	16	11	79	58	0.715639709148307
J44	15	9	71	36	1.0184774135261387
J45	15	2	109	68	0.9941133995452751
J46	14	13	60	70	1.10207622717167
J47	15	11	6	10	1.0341669114712138
J48	14	1	21	33	1.1031196895222906
J49	15	5	3	17	1.1838727068585304
J50	15	4	50	39	0.872924152653176
J51	15	3	39	29	0.6191701511115908
J52	15	9	52	22	0.7787365085656146
\\ Jobs in machine 6
11
J53	15	5	51	48	1.5072277298640764
J54	15	2	63	6	1.4201925115396241
J55	15	10	73	44	1.1361734887408328
J56	13	10	48	74	1.3939031802572246
J57	16	4	88	11	1.4854866792095138
J58	15	5	103	31	1.1151908183788415
J59	14	3	49	38	0.45808821325800153
J60	16	7	89	3	1.4679063291470493
J61	15	1	70	74	0.6658100632168976
J62	13	5	97	34	1.8490976602554325
J63	15	1	99	15	0.5167754237678123
\\ Jobs in machine 7
10
J64	15	8	70	42	0.9877362461314542
J65	15	6	98	75	1.0382807914680692
J66	14	11	24	68	1.1040559766249005
J67	15	1	86	3	1.7506299317894563
J68	14	9	37	29	1.0744342975659684
J69	13	4	79	67	1.146201467399373
J70	15	7	12	14	0.5097463227742515
J71	14	8	85	5	0.9313404239320102
J72	12	3	48	21	1.1660825000886281
J73	14	9	73	44	1.4710494167894828
\\ Jobs in machine 8
11
J74	14	13	91	36	2.1243900825585897
J75	15	6	103	44	0.7815879402868381
J76	14	6	74	39	0.5630945157816786
J77	13	8	30	51	2.0999868928572596
J78	12	5	32	49	1.155121169085666
J79	15	2	38	40	1.154789161863633
J80	15	9	6	23	1.4701001908115787
J81	17	12	108	52	1.622436509953858
J82	16	11	94	42	0.1
J83	17	5	48	58	1.3678265915404084
J84	13	2	69	15	0.6593404393752875
\\ Jobs in machine 9
11
J85	14	2	12	40	1.4649250668054767
J86	14	5	36	53	0.5922348395702173
J87	14	13	53	70	1.8118993231285874
J88	15	13	20	49	1.557351235365588
J89	16	1	93	19	0.5701772777368652
J90	16	5	58	66	1.1642768413575055
J91	15	2	99	44	1.1985311582784193
J92	16	7	67	23	0.9738072407614271
J93	14	7	2	43	1.5092573573290762
J94	14	3	73	57	1.409124262333112
J95	14	8	98	43	1.4331506737371307
\\ Jobs in machine 10
11
J96	14	11	24	58	1.16985370837078
J97	14	5	58	8	0.3987010020173587
J98	16	4	11	20	1.4381611510311973
J99	15	5	58	14	1.3995649511214983
J100	14	1	78	33	1.000103378638404
J101	17	2	70	20	0.7776901793620631
J102	14	4	82	3	0.9665556920339899
J103	14	7	5	69	1.2139749827194841
J104	14	8	30	45	1.0811584566737555
J105	15	4	73	11	1.624471876891213
J106	14	8	50	41	0.9420503687206231
\\ Jobs in machine 11
13
J107	14	2	105	15	1.3179079717381057
J108	14	6	19	55	2.475011946606628
J109	14	12	108	14	0.8455508423654412
J110	15	5	71	3	1.4870390200854637
J111	14	2	62	63	0.8630324950289461
J112	14	13	9	57	1.074241258938965
J113	15	8	77	17	0.16627153250044557
J114	16	4	105	43	0.6390546297419393
J115	15	11	12	46	0.9386574338874165
J116	15	10	45	74	2.101470701394783
J117	15	14	51	37	1.7036806298293898
J118	16	4	53	29	1.142462927776805
J119	15	13	103	68	0.5622922632641695
\\ Jobs in machine 12
11
J120	14	3	108	3	1.3376648660396013
J121	14	14	80	58	1.1097077288043575
J122	13	10	31	15	2.4575766366838847
J123	14	10	66	30	1.891144372931157
J124	16	8	45	57	1.5846960320399615
J125	13	12	34	45	1.326962508392574
J126	15	1	60	38	0.3258775741178638
J127	16	12	46	31	1.1300213550353315
J128	14	10	85	63	1.3451893315542138
J129	15	9	89	2	0.3842760709131844
J130	15	1	25	44	1.2135839603836753
\\ Jobs in machine 13
12
J131	15	4	92	57	0.9554911965535842
J132	16	3	88	62	0.9748632622589765
J133	14	6	63	3	1.2184822024819355
J134	14	4	10	20	1.3073898209777195
J135	16	7	42	63	1.1767171848740299
J136	14	7	24	65	0.1
J137	14	7	81	75	1.204731989193461
J138	17	14	69	39	1.0226580569177737
J139	13	12	7	58	0.7969971715325436
J140	14	11	15	7	0.24476798848966563
J141	14	7	93	34	1.0464809153214918
J142	14	13	5	1	1.987663835976278
\\ Jobs in machine 14
12
J143	15	5	65	51	1.1192701427426468
J144	14	5	40	38	0.1
J145	16	2	72	46	1.0506864934537763
J146	14	9	103	5	1.00960264024207
J147	15	5	34	20	1.0463463503843788
J148	15	7	9	54	0.9147076451950903
J149	15	14	70	35	1.224149190551136
J150	15	2	72	39	1.0003370155205447
J151	14	5	68	56	1.9417951253575239
J152	12	4	70	72	2.363346012386456
J153	13	5	74	55	1.3387764722201316
J154	15	1	16	46	1.5435335010237783
\\ Jobs in machine 15
12
J155	13	1	89	32	1.7037397755430337
J156	14	9	4	62	0.7743188413858355
J157	15	12	88	10	1.3525893601615717
J158	13	7	59	67	1.175391620381863
J159	14	10	13	45	0.7767297798958083
J160	15	9	7	43	0.44855573964143625
J161	15	12	57	3	1.3579773019788464
J162	15	13	44	52	1.3720708553585335
J163	14	9	24	4	0.5934604541005867
J164	14	9	70	43	1.3652835380689075
J165	15	3	98	59	2.469370903087452
J166	16	5	78	68	0.7781189154815161
\\ Dependencies 
664
1	3
1	4
1	5
1	6
1	7
1	8
1	9
1	10
1	11
2	3
2	4
2	5
2	6
2	7
2	8
2	9
2	10
2	11
3	4
3	5
3	7
3	8
3	9
3	11
4	5
4	6
4	7
4	8
4	10
4	11
5	6
5	7
5	9
5	11
6	7
6	8
6	9
6	10
6	11
7	8
7	11
8	9
8	10
9	10
9	11
10	11
12	13
12	14
12	15
12	17
12	18
13	14
13	15
13	16
13	17
13	19
14	16
14	18
15	17
15	18
15	19
16	17
16	19
17	18
20	21
20	22
20	23
20	24
20	25
20	30
20	31
21	22
21	24
21	25
21	26
21	27
21	28
21	29
21	30
21	31
22	23
22	25
22	26
22	27
22	28
22	29
22	30
22	31
23	25
23	26
23	28
23	29
23	31
24	27
24	28
24	29
24	30
24	31
25	26
25	27
25	28
25	30
25	31
26	27
26	28
26	29
26	30
26	31
27	29
27	30
27	31
28	30
28	31
29	31
30	31
32	35
32	36
32	37
32	38
32	39
32	40
32	41
32	42
33	34
33	36
33	37
33	38
33	39
33	41
33	42
34	36
34	37
34	39
34	40
34	41
34	42
35	36
35	38
35	39
35	41
35	42
36	38
36	39
36	41
36	42
37	38
37	39
37	41
37	42
38	39
38	40
38	41
38	42
39	42
40	41
41	42
43	44
43	46
43	47
43	48
43	51
43	52
44	45
44	46
44	47
44	48
44	49
44	50
44	51
44	52
45	46
45	47
45	48
45	50
45	52
46	47
46	48
46	49
46	52
47	48
47	49
47	50
47	51
47	52
48	49
48	50
48	51
48	52
49	50
49	51
49	52
50	51
50	52
51	52
53	54
53	55
53	56
53	58
53	59
53	61
53	62
53	63
54	56
54	60
54	61
54	62
54	63
55	56
55	57
55	58
55	59
55	60
55	62
55	63
56	57
56	58
56	59
56	60
56	61
56	63
57	58
57	59
57	61
57	63
58	59
58	60
58	61
58	62
58	63
59	60
59	61
59	62
59	63
60	61
60	63
61	62
61	63
62	63
64	67
64	68
64	70
64	71
64	72
64	73
65	66
65	67
65	68
65	70
65	71
65	72
66	67
66	68
66	69
66	70
66	72
66	73
67	68
67	69
67	70
67	71
67	72
67	73
68	70
68	71
68	73
69	70
69	71
69	72
70	71
70	72
70	73
71	72
72	73
74	75
74	78
74	79
74	80
74	81
74	82
74	83
74	84
75	76
75	77
75	78
75	80
75	82
75	84
76	77
76	78
76	79
76	80
76	81
76	82
76	83
76	84
77	78
77	79
77	80
77	81
77	82
77	83
78	79
78	80
78	81
78	83
79	80
79	81
79	82
79	83
80	81
80	82
81	82
81	84
82	83
82	84
83	84
85	86
85	87
85	88
85	89
85	90
85	91
85	92
85	93
85	94
85	95
86	89
86	91
86	92
86	93
86	94
86	95
87	88
87	89
87	90
87	91
87	92
87	93
87	94
87	95
88	90
88	91
88	92
88	93
88	95
89	90
89	91
89	92
89	93
90	91
90	92
90	93
90	95
91	92
91	94
91	95
92	93
92	94
92	95
93	94
93	95
94	95
96	97
96	98
96	99
96	100
96	106
97	98
97	99
97	101
97	102
97	103
97	104
97	105
98	99
98	100
98	101
98	102
98	103
98	104
98	105
98	106
99	100
99	101
99	103
99	104
99	105
99	106
100	101
100	102
100	103
100	104
100	105
100	106
101	102
101	103
101	104
101	105
101	106
102	103
102	104
102	105
102	106
103	104
103	106
104	106
105	106
107	108
107	109
107	110
107	112
107	113
107	114
107	115
107	117
107	118
107	119
108	110
108	111
108	113
108	114
108	116
108	117
108	118
108	119
109	110
109	111
109	112
109	113
109	114
109	117
109	118
109	119
110	111
110	112
110	113
110	114
110	115
110	116
110	117
110	118
110	119
111	113
111	114
111	115
111	116
111	119
112	114
112	115
112	116
112	117
112	118
112	119
113	114
113	115
113	116
113	117
113	118
113	119
114	116
114	117
114	118
114	119
115	116
115	117
115	118
115	119
116	117
116	119
117	118
117	119
118	119
120	122
120	123
120	124
120	125
120	128
120	130
121	123
121	125
121	126
121	127
121	128
121	129
121	130
122	123
122	124
122	125
122	127
122	128
122	129
122	130
123	126
123	128
123	129
123	130
124	125
124	126
124	127
124	128
124	129
124	130
125	126
125	127
125	128
125	129
125	130
126	127
126	128
126	129
126	130
127	128
127	129
129	130
131	132
131	134
131	137
131	138
131	139
131	140
131	141
132	133
132	134
132	135
132	136
132	138
132	141
132	142
133	134
133	135
133	136
133	137
133	138
133	140
133	141
133	142
134	136
134	137
134	138
135	136
135	137
135	138
135	139
135	141
135	142
136	137
136	139
136	142
137	138
137	139
137	140
137	141
137	142
138	140
138	142
139	141
139	142
143	144
143	145
143	147
143	148
143	150
143	151
143	152
143	153
143	154
144	146
144	147
144	148
144	151
144	153
144	154
145	146
145	147
145	148
145	150
145	151
145	153
145	154
146	148
146	149
146	150
146	151
146	152
147	148
147	149
147	150
147	151
147	152
147	154
148	149
148	153
148	154
149	150
149	151
149	152
149	153
149	154
150	151
150	152
150	153
150	154
151	153
151	154
152	153
152	154
153	154
155	156
155	157
155	158
155	159
155	160
155	161
155	163
155	165
155	166
156	157
156	158
156	159
156	160
156	161
156	162
156	163
156	164
157	158
157	159
157	160
157	161
157	162
157	163
157	164
157	165
157	166
158	159
158	160
158	161
158	162
158	164
158	165
159	160
159	161
159	162
159	163
159	164
159	165
159	166
160	161
160	162
160	163
160	164
160	165
160	166
161	162
161	164
161	165
161	166
162	163
162	164
162	165
162	166
163	164
163	166
164	165
165	166
