\\ machines
6
\\ max power
60
\\ Jobs in machine 1
11
J1	15	11	95	38	0.9927713792350085
J2	15	11	96	36	0.7882422708061363
J3	14	13	63	41	1.9947693879256154
J4	13	6	18	23	1.8656537157311452
J5	15	13	50	40	1.5871108484562115
J6	16	10	84	32	1.4342209121292808
J7	15	1	7	28	0.9278925923083117
J8	14	10	45	32	0.6491280914314482
J9	14	2	43	39	1.826982627059385
J10	14	10	7	44	1.3237358735663676
J11	14	10	89	11	1.1495979848901585
\\ Jobs in machine 2
11
J12	14	3	40	23	1.7976748610525126
J13	15	14	53	6	0.9280692660026286
J14	13	13	104	32	1.2617413517373393
J15	15	14	63	21	0.9712934163121587
J16	15	5	82	16	1.6075823659607331
J17	15	1	28	35	1.3745217319424519
J18	15	14	20	33	1.277082034163764
J19	13	12	29	20	1.5103437498970664
J20	15	10	83	6	1.6841836671487107
J21	15	10	87	30	1.3402763888172584
J22	14	7	48	28	0.8741844684422586
\\ Jobs in machine 3
11
J23	13	8	65	45	1.1225386572316585
J24	14	14	57	32	0.4290129054591355
J25	15	11	40	9	1.1203857065406957
J26	15	13	109	11	1.1529806604839856
J27	13	9	12	1	0.8747274195661237
J28	14	12	98	25	1.892420659455349
J29	16	2	104	21	1.0161005631250815
J30	13	1	64	15	1.766157678813606
J31	15	12	81	45	1.0264355228407795
J32	15	9	8	14	1.2703580244386579
J33	16	1	75	31	0.67640231887908
\\ Jobs in machine 4
11
J34	15	4	12	35	0.8834935997702157
J35	15	4	61	4	1.7058284705276578
J36	16	12	89	21	2.0618022628447052
J37	15	6	99	19	1.3669665872212668
J38	14	2	32	42	1.3649674964844993
J39	16	5	63	27	0.792700324738699
J40	15	7	84	32	1.4656019915236467
J41	15	10	21	28	2.2524064346761588
J42	15	10	45	32	0.3331075202684881
J43	13	10	63	34	1.9866866830105339
J44	13	6	85	35	1.8128025061252693
\\ Jobs in machine 5
11
J45	15	3	23	43	1.8813290498630253
J46	14	9	75	42	1.5740077399299797
J47	15	11	43	11	2.19543755941075
J48	16	1	79	9	1.5566774743167577
J49	15	4	109	39	0.9209260950031972
J50	14	4	41	23	1.7109785784044274
J51	14	6	54	33	0.9299221440827123
J52	16	2	54	22	1.051543044897926
J53	14	8	39	6	1.7488642629034814
J54	15	9	43	19	1.00917604505408
J55	14	1	30	18	1.580327958689691
\\ Jobs in machine 6
11
J56	16	2	109	23	0.42738476113863477
J57	15	1	9	27	1.0560651319849867
J58	14	7	79	9	1.8506667060432584
J59	15	11	99	38	0.7819439082218609
J60	16	3	59	10	1.3818842937210758
J61	14	8	51	24	1.4071308084227296
J62	15	9	82	22	0.5913708643604141
J63	15	4	45	38	1.1870706287068025
J64	16	11	8	40	1.7232783712879365
J65	15	9	8	40	0.9325537579437997
J66	15	4	54	5	0.9960099620612936
\\ Dependencies 
59
1	11
2	9
2	10
2	11
3	4
3	5
3	7
4	8
7	8
7	11
12	18
14	15
14	21
15	20
15	21
16	18
16	19
16	21
17	18
17	20
20	22
23	30
24	26
24	32
25	30
25	32
26	29
26	31
28	29
28	31
28	32
29	31
32	33
34	40
34	43
35	41
36	40
36	42
36	44
37	44
45	48
46	48
46	53
47	55
48	49
49	53
50	53
56	66
57	58
57	62
57	64
58	62
59	63
61	62
62	63
62	64
62	65
63	64
63	65
